1.4227e-14,1.058,0.60719,0.66718,4.7938,0.56265,0.43518,0.76446,5.5757,0.5094,0.24108,0.16987,0.13489,0.11376,0.098992,0.088074,0.079625,0.072903,0.067373,0.062743,0.058853,0.055394,0.052434,0.049827,0.047522,0.04546,0.043611,0.041939,0.040428,0.03905,0.037793,0.036642,0.035614,0.034617,0.033721,0.032892,0.032121,0.031419,0.03076,0.030149,0.029585,0.029059,0.02857,0.028117,0.027697,0.027305,0.026942,0.026607,0.026298,0.026012,0.025749,0.025508,0.025281,0.025091,0.02491,0.024749,0.024607,0.024481,0.024372,0.02428,0.024208,0.024148,0.024107,0.024082
3.067e-14,1.5457,0.78879,0.82736,7.0888,0.89935,0.53949,0.73577,4.7666,0.47083,0.2415,0.1828,0.15411,0.13493,0.12131,0.11069,0.10209,0.094973,0.088933,0.083737,0.079274,0.075218,0.071701,0.068552,0.065726,0.063175,0.060865,0.058749,0.056841,0.055065,0.053444,0.051949,0.050645,0.049305,0.048123,0.047028,0.046008,0.045072,0.044192,0.043375,0.042618,0.04191,0.041252,0.040642,0.040064,0.039544,0.039052,0.038598,0.03818,0.03779,0.037434,0.037106,0.036807,0.03654,0.036295,0.036076,0.035881,0.035713,0.035566,0.035445,0.035344,0.035267,0.035212,0.035179
2.6037e-14,0.94275,0.6302,0.74194,6.358,0.80413,0.60205,0.63522,4.8859,0.45643,0.22624,0.16018,0.13048,0.11096,0.097748,0.087879,0.08008,0.073788,0.068543,0.064105,0.060297,0.056971,0.054076,0.051509,0.04923,0.047182,0.045338,0.043662,0.042162,0.040767,0.039502,0.038339,0.037371,0.03629,0.035379,0.034537,0.033758,0.033038,0.032367,0.031743,0.03117,0.030628,0.030128,0.029665,0.029225,0.028833,0.028461,0.028117,0.0278,0.027505,0.027236,0.026988,0.026765,0.02656,0.026375,0.026209,0.026059,0.025934,0.025823,0.025731,0.025654,0.025596,0.025554,0.025529
3.4717e-14,0.97724,0.58241,0.64072,4.5114,0.59136,0.41258,0.39737,3.1459,0.27146,0.14994,0.11393,0.095027,0.082769,0.073874,0.067023,0.061539,0.05703,0.053236,0.049992,0.047214,0.044732,0.042578,0.04066,0.038948,0.037398,0.036,0.034727,0.033575,0.032509,0.031536,0.03064,0.029817,0.029055,0.028349,0.027695,0.027087,0.026528,0.026005,0.025519,0.025071,0.024647,0.024256,0.023893,0.023551,0.023241,0.02295,0.022681,0.022432,0.022202,0.02199,0.021797,0.021619,0.021461,0.021316,0.021187,0.02107,0.020972,0.020886,0.020813,0.020754,0.020709,0.020676,0.020656
2.3126e-14,0.66985,0.43225,0.48436,3.3217,0.34634,0.29196,0.27114,1.899,0.19758,0.10642,0.080415,0.066611,0.057741,0.051387,0.046529,0.042666,0.039492,0.036835,0.03457,0.032625,0.030901,0.029397,0.02806,0.026867,0.025796,0.024829,0.023948,0.023155,0.022416,0.021743,0.021124,0.020574,0.02003,0.019541,0.01909,0.018671,0.018284,0.017922,0.017587,0.017276,0.016983,0.016713,0.016463,0.016223,0.016012,0.015811,0.015624,0.015453,0.015293,0.015147,0.015014,0.014893,0.014781,0.014681,0.014591,0.01451,0.014442,0.014383,0.014333,0.01429,0.01426,0.014237,0.014224
1.5921e-14,0.52867,0.40857,0.46286,2.9074,0.3587,0.23303,0.28338,1.9598,0.19586,0.093551,0.070384,0.058504,0.050735,0.045137,0.040869,0.037457,0.034685,0.032344,0.030351,0.028625,0.027106,0.025777,0.024593,0.023528,0.022583,0.021722,0.020938,0.02023,0.019574,0.018976,0.018426,0.017945,0.017454,0.017021,0.016621,0.01625,0.015906,0.015585,0.015288,0.015008,0.014754,0.014514,0.014291,0.01408,0.013892,0.013713,0.013547,0.013395,0.013253,0.013124,0.013004,0.012898,0.012797,0.012708,0.012627,0.012559,0.012494,0.01244,0.012395,0.012358,0.01233,0.01231,0.012298
1.5094e-14,0.55055,0.34726,0.42941,2.8174,0.3496,0.22969,0.27004,1.8313,0.19752,0.09376,0.07006,0.058046,0.050471,0.044993,0.040813,0.037474,0.03475,0.032451,0.030491,0.028796,0.027299,0.025988,0.02482,0.023775,0.022834,0.021982,0.021205,0.020504,0.019854,0.01926,0.018715,0.018225,0.017748,0.017317,0.016919,0.016549,0.016206,0.015887,0.01559,0.015316,0.015058,0.014819,0.014598,0.014388,0.014199,0.014021,0.013856,0.013704,0.013563,0.013435,0.013316,0.013209,0.01311,0.013022,0.012943,0.012871,0.012811,0.012758,0.012714,0.012677,0.01265,0.01263,0.012618
5.6808e-14,1.4031,0.73075,0.70635,5.3524,0.67263,0.43586,0.59465,3.7462,0.37611,0.19439,0.15112,0.12856,0.11331,0.1022,0.093486,0.086404,0.0805,0.075473,0.071145,0.06744,0.064012,0.061056,0.058409,0.056024,0.053878,0.051924,0.050139,0.048523,0.047021,0.045647,0.044381,0.043219,0.042133,0.041128,0.040198,0.039324,0.038534,0.037787,0.037092,0.036443,0.035842,0.035281,0.03476,0.034272,0.033823,0.033404,0.033016,0.032657,0.032325,0.032021,0.031741,0.031473,0.031256,0.031046,0.030858,0.030693,0.030546,0.030421,0.030315,0.030232,0.030163,0.030115,0.030086
5.7935e-14,1.4195,0.83987,0.80165,5.6239,0.75622,0.5329,0.61254,4.1949,0.42795,0.21132,0.15793,0.13141,0.1149,0.10299,0.09386,0.086517,0.080438,0.075293,0.070872,0.067035,0.063628,0.060641,0.057971,0.055564,0.05341,0.05145,0.049659,0.04805,0.046535,0.045161,0.043892,0.042755,0.041646,0.040642,0.039713,0.038847,0.038054,0.037307,0.036615,0.035967,0.035369,0.03481,0.034292,0.033794,0.033358,0.032942,0.032555,0.032199,0.031868,0.031565,0.031288,0.03103,0.030806,0.030597,0.030411,0.030247,0.030101,0.029977,0.029873,0.029787,0.029722,0.029675,0.029647
2.3224e-14,0.83924,0.52471,0.5952,4.1351,0.60864,0.37854,0.40421,3.2261,0.33074,0.15837,0.11171,0.090504,0.077558,0.068419,0.061576,0.056199,0.051861,0.048251,0.045201,0.042592,0.040304,0.038316,0.036552,0.034969,0.03357,0.032298,0.031139,0.0301,0.029128,0.028248,0.027437,0.026741,0.026007,0.025369,0.024781,0.024235,0.023729,0.023257,0.022821,0.022409,0.022035,0.021683,0.021356,0.021042,0.02077,0.020508,0.020265,0.020042,0.019834,0.019644,0.01947,0.019316,0.019168,0.019037,0.018921,0.01882,0.018727,0.018649,0.018584,0.018529,0.01849,0.018461,0.018443
2.4282e-14,0.7147,0.48991,0.50578,3.674,0.454,0.29334,0.36596,2.5121,0.2501,0.11786,0.084512,0.069442,0.059676,0.052886,0.047754,0.043702,0.040405,0.037652,0.03531,0.033304,0.031525,0.02998,0.028603,0.027377,0.02627,0.025271,0.024362,0.023543,0.022784,0.022092,0.021456,0.020896,0.020333,0.019832,0.019368,0.018939,0.018543,0.018172,0.017828,0.017512,0.017212,0.016936,0.01668,0.016437,0.016219,0.016013,0.015823,0.015648,0.015485,0.015336,0.0152,0.015075,0.014963,0.014861,0.014769,0.014686,0.014617,0.014557,0.014506,0.014464,0.014432,0.014409,0.014395
2.4816e-14,0.96876,0.56603,0.58825,5.2869,0.479,0.30045,0.32284,2.4272,0.21804,0.12323,0.096267,0.082276,0.072632,0.065564,0.060006,0.055459,0.051689,0.048464,0.045678,0.043297,0.041097,0.039194,0.037489,0.035949,0.034571,0.033315,0.032167,0.031126,0.03016,0.029276,0.028462,0.027744,0.027016,0.026371,0.025774,0.025214,0.024704,0.024224,0.023778,0.023358,0.022976,0.022617,0.022282,0.021969,0.021681,0.021413,0.021164,0.020935,0.020722,0.020527,0.020348,0.020179,0.020037,0.019903,0.019784,0.019681,0.019585,0.019504,0.019437,0.019384,0.019341,0.01931,0.019292
3.064e-14,1.0073,0.50313,0.53414,4.8798,0.4316,0.2619,0.25747,1.9402,0.21125,0.12898,0.10234,0.088062,0.077946,0.070428,0.06448,0.059617,0.055548,0.052079,0.049082,0.046498,0.044156,0.042108,0.040274,0.038625,0.037135,0.035784,0.034547,0.033427,0.032389,0.031438,0.030561,0.029778,0.029007,0.028312,0.027668,0.027068,0.026517,0.026,0.02552,0.025074,0.024657,0.024269,0.023909,0.023572,0.023261,0.022971,0.022703,0.022455,0.022226,0.022015,0.021822,0.021641,0.021486,0.021341,0.021211,0.021095,0.020995,0.020909,0.020836,0.020776,0.020729,0.020696,0.020676
4.4296e-14,1.2238,0.7017,0.64489,5.1159,0.43828,0.29769,0.33402,2.1674,0.21632,0.13022,0.10529,0.092086,0.082472,0.075213,0.069381,0.064516,0.060408,0.056849,0.05375,0.05105,0.048576,0.046412,0.044463,0.042704,0.041103,0.039649,0.038315,0.037099,0.035975,0.034942,0.033986,0.033133,0.032291,0.03153,0.030826,0.030168,0.029564,0.028996,0.028469,0.02798,0.027518,0.027091,0.026694,0.026323,0.02598,0.025661,0.025365,0.025091,0.024838,0.024606,0.024392,0.024196,0.024022,0.023862,0.023718,0.023589,0.02348,0.023384,0.023304,0.02324,0.023188,0.023152,0.02313
4.647e-14,1.358,0.75502,0.79162,4.5345,0.61476,0.42746,0.43278,2.8484,0.32376,0.1768,0.1344,0.11313,0.099295,0.089252,0.081453,0.075135,0.069912,0.06547,0.061657,0.058368,0.055398,0.052812,0.050498,0.048419,0.046542,0.044842,0.043287,0.041879,0.040574,0.039381,0.03828,0.037304,0.03633,0.035458,0.034652,0.033901,0.033211,0.032563,0.031962,0.031401,0.030879,0.030394,0.029943,0.029516,0.029133,0.028771,0.028435,0.028125,0.027837,0.027574,0.027332,0.027112,0.026913,0.026732,0.02657,0.026426,0.0263,0.026192,0.026101,0.026026,0.02597,0.025929,0.025904
2.6227e-14,1.0842,0.6119,0.72928,4.7762,0.65286,0.43729,0.47245,3.0565,0.34287,0.17939,0.13281,0.10977,0.095436,0.08511,0.077207,0.070898,0.065727,0.061376,0.057658,0.054465,0.051619,0.049134,0.046921,0.044938,0.043157,0.041545,0.040075,0.038744,0.037515,0.036392,0.035359,0.034451,0.033527,0.032713,0.031959,0.031258,0.030611,0.030008,0.029446,0.028926,0.028439,0.027988,0.027568,0.027172,0.026815,0.026479,0.026168,0.02588,0.025614,0.02537,0.025147,0.024942,0.024757,0.02459,0.024441,0.024307,0.024192,0.024092,0.024009,0.023939,0.023887,0.02385,0.023827
3.2025e-14,1.0007,0.58258,0.56458,5.2019,0.36575,0.25523,0.2526,1.7456,0.17274,0.11005,0.090138,0.079042,0.070939,0.064785,0.059806,0.055626,0.052115,0.049061,0.046398,0.0441,0.041949,0.040085,0.038405,0.036892,0.03551,0.034256,0.033105,0.032059,0.031084,0.030192,0.029367,0.02864,0.027901,0.027245,0.026636,0.026066,0.025545,0.025054,0.024597,0.024177,0.023775,0.023406,0.023062,0.022737,0.022445,0.022168,0.021911,0.021675,0.021455,0.021253,0.021067,0.020896,0.020747,0.020607,0.020483,0.020368,0.020275,0.020192,0.020122,0.020064,0.02002,0.019988,0.019969
3.0865e-14,1.1347,0.61451,0.69697,5.247,0.72059,0.47831,0.48838,4.2699,0.40936,0.18751,0.13617,0.10979,0.09363,0.082385,0.073963,0.067359,0.062029,0.057602,0.053861,0.050663,0.047863,0.045427,0.043271,0.041341,0.039631,0.038081,0.036675,0.035405,0.034237,0.033173,0.032196,0.031334,0.030474,0.029707,0.028999,0.028345,0.027738,0.027173,0.02665,0.026162,0.025711,0.02529,0.024899,0.02453,0.024199,0.023887,0.023597,0.02333,0.023082,0.022855,0.022647,0.022463,0.022285,0.022128,0.021988,0.021863,0.021754,0.021659,0.02158,0.021513,0.021464,0.021427,0.021403
1.9302e-14,0.87152,0.64007,0.74518,5.1435,0.60882,0.39418,0.49621,3.5673,0.32525,0.17196,0.12475,0.10137,0.087249,0.077269,0.069737,0.063782,0.058934,0.054886,0.051442,0.048536,0.045881,0.043608,0.041586,0.039775,0.038162,0.036701,0.035371,0.034171,0.033056,0.032044,0.031112,0.030279,0.029466,0.028736,0.028058,0.027425,0.02685,0.026308,0.025805,0.025335,0.024904,0.024499,0.024123,0.023768,0.02345,0.023148,0.022869,0.022612,0.022374,0.022154,0.021954,0.021765,0.021605,0.021454,0.021319,0.021201,0.021094,0.021003,0.020927,0.020865,0.020816,0.020782,0.020761
2.9522e-14,1.0361,0.69253,0.85982,6.0734,0.72181,0.43773,0.50276,3.2263,0.41894,0.2043,0.15248,0.12585,0.1084,0.096051,0.086656,0.079207,0.073126,0.068045,0.063729,0.06006,0.056761,0.053918,0.051392,0.049145,0.04712,0.045297,0.043638,0.042148,0.040762,0.039504,0.038348,0.037341,0.036306,0.035398,0.034559,0.033778,0.033063,0.032393,0.03177,0.031199,0.030657,0.030157,0.029694,0.029252,0.028863,0.028491,0.028147,0.02783,0.027536,0.027267,0.02702,0.026793,0.026591,0.026407,0.026242,0.026091,0.025967,0.025856,0.025764,0.025686,0.025629,0.025587,0.025561
4.321e-14,1.1405,0.64498,0.5758,4.9268,0.42374,0.29953,0.29003,2.0951,0.21526,0.12911,0.10361,0.089644,0.080016,0.072732,0.066918,0.062104,0.058057,0.054574,0.051553,0.048954,0.046531,0.044439,0.042557,0.040863,0.039322,0.037923,0.036641,0.035473,0.034394,0.033404,0.032488,0.031679,0.030863,0.030136,0.029462,0.02883,0.028256,0.027713,0.027208,0.02674,0.0263,0.025892,0.025512,0.025158,0.024833,0.024528,0.024244,0.023984,0.023742,0.02352,0.023316,0.023126,0.022965,0.022811,0.022675,0.022551,0.022447,0.022356,0.022279,0.022219,0.02217,0.022135,0.022114
4.9252e-14,1.2976,0.67705,0.70677,5.411,0.83152,0.42928,0.50672,4.4424,0.43025,0.19041,0.14037,0.11533,0.09949,0.08851,0.080195,0.073551,0.068158,0.063609,0.059731,0.056407,0.053429,0.05085,0.048549,0.046476,0.044638,0.042963,0.041434,0.040049,0.038778,0.037612,0.036538,0.035618,0.034641,0.033794,0.033012,0.032283,0.031615,0.030988,0.030406,0.029859,0.029361,0.028892,0.028458,0.028052,0.027677,0.027328,0.027005,0.026707,0.02643,0.026178,0.025946,0.025731,0.025544,0.02537,0.025214,0.02508,0.024957,0.024853,0.024766,0.024697,0.024641,0.024602,0.024578
3.3495e-14,1.3961,0.80227,0.92453,7.4627,1.1274,0.57049,0.74411,6.593,0.64088,0.30337,0.21737,0.17647,0.15112,0.13348,0.12024,0.10983,0.1014,0.094376,0.08843,0.083362,0.078839,0.074929,0.071457,0.06835,0.065575,0.063063,0.060779,0.058711,0.056811,0.055074,0.053478,0.052027,0.050658,0.049403,0.048243,0.047163,0.046173,0.045245,0.044384,0.043582,0.04284,0.042147,0.041504,0.040903,0.040352,0.039837,0.03936,0.03892,0.038513,0.03814,0.037796,0.037481,0.037203,0.036946,0.036716,0.036514,0.036335,0.036181,0.036053,0.035949,0.035868,0.03581,0.035775
2.8841e-14,1.1062,0.80532,0.83252,6.756,0.86418,0.55325,0.70407,3.9649,0.43536,0.2287,0.16769,0.13853,0.11971,0.10653,0.096469,0.088462,0.081935,0.076452,0.071773,0.067766,0.064189,0.061082,0.058314,0.055849,0.05361,0.051601,0.049764,0.048111,0.046576,0.045177,0.04389,0.042777,0.041612,0.040598,0.039659,0.038787,0.037983,0.037231,0.036533,0.035897,0.03528,0.034718,0.034197,0.033701,0.033259,0.032841,0.032453,0.032096,0.031764,0.03146,0.031182,0.03093,0.030697,0.030488,0.030302,0.030124,0.029992,0.029866,0.029763,0.029674,0.02961,0.029563,0.029535
5.2558e-14,1.279,0.69538,0.7572,5.0885,0.65981,0.46129,0.53942,3.6565,0.37693,0.19374,0.14514,0.12057,0.1048,0.093557,0.084937,0.078023,0.072351,0.067562,0.063462,0.059956,0.056792,0.054057,0.051613,0.049422,0.047458,0.045676,0.044048,0.042581,0.041226,0.039985,0.038844,0.037881,0.036826,0.035924,0.035091,0.034313,0.033606,0.032939,0.032319,0.031743,0.031208,0.030709,0.030247,0.029819,0.029416,0.029044,0.028701,0.028384,0.028089,0.027819,0.027573,0.027337,0.027144,0.026958,0.026793,0.026645,0.026517,0.026406,0.026314,0.026241,0.026179,0.026136,0.02611
4.9048e-14,1.4549,0.84381,0.99835,6.943,0.87587,0.62499,0.82035,4.6499,0.47155,0.24534,0.17889,0.14693,0.1264,0.11214,0.10135,0.092791,0.085808,0.079971,0.075003,0.070791,0.066964,0.063681,0.060756,0.058146,0.055798,0.053681,0.051748,0.050017,0.048396,0.046926,0.045574,0.044366,0.043185,0.042122,0.041138,0.04022,0.039384,0.038595,0.037864,0.037188,0.036555,0.035967,0.035423,0.034903,0.034442,0.034005,0.033599,0.033227,0.032881,0.032563,0.032272,0.032001,0.031767,0.031549,0.031355,0.031182,0.031031,0.0309,0.030792,0.030703,0.030634,0.030585,0.030556
2.2714e-14,1.019,0.69068,0.77109,6.8788,0.88023,0.62263,0.6847,4.772,0.47995,0.22282,0.15775,0.12845,0.11053,0.098024,0.088551,0.08105,0.074945,0.069837,0.065494,0.061775,0.058469,0.055598,0.053046,0.05078,0.048715,0.046866,0.045182,0.043659,0.042252,0.040969,0.039789,0.03875,0.037701,0.036773,0.035914,0.035118,0.034381,0.033695,0.033055,0.032472,0.03191,0.031397,0.03092,0.030468,0.030065,0.029683,0.029328,0.029002,0.028699,0.028421,0.028167,0.027938,0.027726,0.027535,0.027364,0.027206,0.027081,0.026966,0.02687,0.026791,0.026733,0.026689,0.026664
2.8481e-14,1.0079,0.67451,0.8553,5.9813,0.80288,0.44502,0.62114,3.6766,0.4847,0.24549,0.17909,0.14642,0.12577,0.11131,0.10042,0.091815,0.084847,0.07902,0.074073,0.069857,0.066089,0.06283,0.059933,0.057362,0.05503,0.052934,0.051029,0.049305,0.047718,0.046268,0.044935,0.043717,0.042579,0.041532,0.040563,0.039662,0.038833,0.038058,0.03734,0.036681,0.03605,0.035472,0.034935,0.034426,0.033971,0.03354,0.033142,0.032774,0.032434,0.032122,0.031835,0.031576,0.031338,0.031124,0.030932,0.030755,0.030613,0.030486,0.030378,0.030288,0.030222,0.030174,0.030145
2.6595e-14,1.0323,0.70457,0.77143,5.7738,0.71052,0.42685,0.41853,3.3992,0.36752,0.19023,0.14022,0.11648,0.10107,0.090201,0.081868,0.075132,0.069718,0.065106,0.06117,0.057773,0.054752,0.05212,0.049773,0.047685,0.045782,0.044073,0.042515,0.0411,0.039803,0.038613,0.037518,0.036523,0.03558,0.034717,0.033918,0.033176,0.032492,0.031851,0.031257,0.030711,0.030192,0.029714,0.02927,0.028855,0.028472,0.028116,0.027787,0.027483,0.027202,0.026944,0.026707,0.02649,0.026296,0.026119,0.025961,0.025817,0.025698,0.025592,0.025504,0.025432,0.025376,0.025336,0.025312
1.4103e-14,0.60259,0.37,0.49442,3.7437,0.38268,0.19913,0.24712,1.727,0.20752,0.10879,0.083439,0.070263,0.061567,0.055278,0.050394,0.046454,0.043195,0.040438,0.038072,0.036024,0.034197,0.032598,0.031167,0.029882,0.028727,0.027679,0.026719,0.025855,0.025047,0.024312,0.023635,0.023056,0.022433,0.021898,0.021402,0.020941,0.020514,0.020116,0.019745,0.019401,0.019081,0.018782,0.018505,0.01824,0.018007,0.017784,0.017578,0.017389,0.017212,0.01705,0.016902,0.016769,0.016644,0.016534,0.016435,0.016347,0.01627,0.016203,0.016148,0.016101,0.016068,0.016043,0.016028
1.3652e-14,0.53527,0.33848,0.39432,3.4323,0.36227,0.22578,0.27,1.7204,0.1621,0.083442,0.06212,0.051371,0.044574,0.039799,0.036157,0.033236,0.030855,0.028836,0.027108,0.025611,0.024288,0.023128,0.022092,0.021167,0.020331,0.019576,0.018887,0.018267,0.017689,0.017162,0.016678,0.016249,0.01582,0.015437,0.015082,0.014754,0.014449,0.014165,0.013901,0.013656,0.013427,0.013214,0.013017,0.01283,0.012662,0.012503,0.012356,0.012221,0.012095,0.01198,0.011874,0.01178,0.011691,0.011612,0.011541,0.011479,0.011423,0.011376,0.011336,0.011303,0.011278,0.01126,0.011249
3.6965e-14,1.1651,0.61187,0.78374,4.5069,0.61086,0.40441,0.48721,3.1367,0.33424,0.17706,0.13535,0.11415,0.10039,0.090177,0.08223,0.075799,0.070477,0.065959,0.062081,0.058717,0.055723,0.0531,0.050755,0.048654,0.046751,0.045031,0.043459,0.04204,0.040721,0.039517,0.038407,0.037421,0.036442,0.035564,0.034753,0.034,0.033303,0.032651,0.032047,0.031487,0.03096,0.030473,0.03002,0.029591,0.029207,0.028844,0.028507,0.028197,0.027909,0.027646,0.027404,0.027187,0.026984,0.026803,0.026641,0.026496,0.026372,0.026264,0.026175,0.026099,0.026044,0.026003,0.025978
2.169e-14,0.76218,0.50509,0.73747,4.5238,0.58554,0.32738,0.48189,3.5638,0.32962,0.16383,0.1187,0.097094,0.082764,0.073009,0.06569,0.059921,0.055279,0.051404,0.048127,0.045326,0.042846,0.040696,0.038791,0.03709,0.03557,0.034196,0.03295,0.031815,0.030783,0.029835,0.028965,0.028186,0.027427,0.026743,0.026112,0.025525,0.024985,0.02448,0.024011,0.023577,0.023172,0.022795,0.022445,0.022122,0.021818,0.021538,0.021279,0.021039,0.020818,0.020615,0.020427,0.020257,0.020104,0.019965,0.01984,0.019728,0.019632,0.019549,0.019478,0.019421,0.019377,0.019345,0.019326
2.6943e-14,0.88657,0.54119,0.68417,4.5048,0.62132,0.42058,0.41087,3.2212,0.31397,0.15503,0.11649,0.096501,0.083779,0.074606,0.067572,0.06192,0.057334,0.053462,0.050157,0.047318,0.04479,0.042589,0.040631,0.038878,0.037306,0.035883,0.034589,0.033417,0.032333,0.031345,0.030436,0.029642,0.02883,0.028115,0.027453,0.026838,0.026272,0.025742,0.02525,0.024796,0.024368,0.023972,0.023604,0.023257,0.022945,0.02265,0.022376,0.022125,0.021891,0.021676,0.021479,0.021299,0.021138,0.02099,0.020858,0.020737,0.020639,0.02055,0.020475,0.020415,0.020368,0.020335,0.020315
2.8205e-14,1.035,0.69226,0.78155,5.8607,0.67525,0.44023,0.4089,3.0635,0.35118,0.1836,0.13773,0.11506,0.10023,0.089641,0.081497,0.074925,0.069574,0.065036,0.061158,0.057811,0.054827,0.052222,0.049899,0.047823,0.045942,0.044244,0.042696,0.041295,0.039998,0.038812,0.037721,0.03674,0.035787,0.034925,0.034128,0.033388,0.032701,0.032062,0.031468,0.030917,0.030401,0.029922,0.029477,0.029056,0.028678,0.028321,0.027991,0.027686,0.027404,0.027145,0.026907,0.026695,0.026494,0.026317,0.026158,0.026016,0.025893,0.025787,0.025698,0.025624,0.025569,0.025529,0.025505
1.3441e-14,0.45834,0.29141,0.35639,2.4667,0.31947,0.19917,0.2453,1.3,0.18836,0.094902,0.070252,0.057745,0.049697,0.044054,0.039774,0.036367,0.033608,0.031291,0.029326,0.027652,0.026145,0.024847,0.023694,0.022665,0.021741,0.020908,0.020149,0.019463,0.018832,0.018256,0.017726,0.01727,0.01679,0.016373,0.015989,0.01563,0.015302,0.014995,0.014709,0.014446,0.014197,0.013968,0.013755,0.013555,0.013372,0.013202,0.013043,0.012898,0.012762,0.012638,0.012524,0.012419,0.012327,0.012242,0.012165,0.012095,0.012038,0.011987,0.011944,0.011909,0.011881,0.011861,0.011849
1.9267e-14,0.75592,0.43217,0.56979,4.3517,0.47659,0.2763,0.29287,1.8626,0.22174,0.11692,0.090067,0.075833,0.066389,0.05954,0.054226,0.049917,0.046392,0.043395,0.040823,0.038615,0.036617,0.034882,0.033332,0.031945,0.030691,0.029556,0.028519,0.027583,0.026711,0.025917,0.025185,0.024555,0.023888,0.023311,0.022776,0.022277,0.021819,0.021389,0.02099,0.020621,0.020273,0.019951,0.019652,0.019366,0.019115,0.018875,0.018652,0.018447,0.018256,0.018081,0.01792,0.017774,0.017642,0.017521,0.017413,0.017316,0.017234,0.017161,0.017101,0.017049,0.017013,0.016985,0.016969
2.8894e-14,1.1694,0.68951,0.86704,6.0409,0.51281,0.35583,0.42865,3.5504,0.30341,0.15157,0.11421,0.09447,0.082001,0.073103,0.066366,0.06096,0.056562,0.052835,0.049646,0.04688,0.044451,0.042324,0.040433,0.038743,0.037213,0.03583,0.034566,0.033423,0.032367,0.0314,0.030509,0.029761,0.028931,0.028229,0.027579,0.026975,0.026415,0.025893,0.025409,0.024964,0.024538,0.024147,0.023785,0.023442,0.023132,0.02284,0.02257,0.022322,0.022091,0.021879,0.021685,0.021508,0.021346,0.021201,0.02107,0.020949,0.020852,0.020765,0.020692,0.020629,0.020583,0.02055,0.020529
2.4849e-14,0.9058,0.63999,1.0285,5.8371,0.85018,0.65765,0.62629,4.237,0.47457,0.22773,0.16508,0.1344,0.1142,0.10052,0.090231,0.082163,0.075648,0.070244,0.065679,0.061777,0.058358,0.055383,0.052752,0.050414,0.048314,0.046427,0.044717,0.043172,0.041746,0.04045,0.03926,0.038187,0.037161,0.036231,0.03537,0.034574,0.033836,0.03315,0.032514,0.03193,0.031375,0.030864,0.03039,0.02994,0.029541,0.029162,0.028812,0.028489,0.02819,0.027916,0.027664,0.027439,0.027228,0.02704,0.026873,0.026718,0.026595,0.026483,0.026388,0.02631,0.026253,0.026211,0.026186
9.1512e-15,0.33133,0.21919,0.28682,2.0505,0.29254,0.19767,0.19777,1.5436,0.15794,0.084619,0.064229,0.053346,0.046123,0.040994,0.037072,0.033963,0.031395,0.029254,0.027433,0.025872,0.024484,0.023276,0.022203,0.021247,0.020385,0.019608,0.018903,0.01826,0.017673,0.017136,0.016642,0.016186,0.015767,0.015379,0.01502,0.014686,0.014379,0.014092,0.013825,0.013579,0.013347,0.013133,0.012934,0.01275,0.012577,0.012418,0.01227,0.012134,0.012008,0.011893,0.011787,0.011689,0.011603,0.011524,0.011453,0.011388,0.011335,0.011288,0.011248,0.011216,0.011191,0.011173,0.011162
1.2217e-14,0.43158,0.24394,0.24097,2.0542,0.22734,0.156,0.18054,1.3071,0.12463,0.067826,0.051579,0.043249,0.037914,0.034017,0.030986,0.02853,0.026518,0.024808,0.023339,0.022071,0.020942,0.019952,0.019068,0.018274,0.017561,0.016913,0.016324,0.015789,0.015293,0.01484,0.014423,0.014053,0.013685,0.013355,0.01305,0.012767,0.012505,0.01226,0.012032,0.011822,0.011625,0.011441,0.011271,0.01111,0.010966,0.010829,0.010702,0.010585,0.010477,0.010378,0.010287,0.010204,0.010129,0.01006,0.0099993,0.0099444,0.0098978,0.0098568,0.0098223,0.0097944,0.0097728,0.0097573,0.0097479
1.768e-14,0.75899,0.4869,0.6653,4.5945,0.43402,0.26174,0.26591,2.0008,0.23189,0.13242,0.10259,0.086308,0.07553,0.067655,0.06155,0.056605,0.052599,0.049181,0.046248,0.043742,0.041457,0.039481,0.037716,0.036137,0.03471,0.033419,0.03224,0.031174,0.030187,0.029285,0.028454,0.027736,0.026981,0.026327,0.02572,0.025154,0.024635,0.024148,0.023695,0.023276,0.022883,0.022518,0.02218,0.02186,0.021572,0.0213,0.021048,0.020816,0.020601,0.020403,0.020221,0.020056,0.019907,0.019771,0.019649,0.01954,0.019447,0.019364,0.019296,0.01924,0.019197,0.019166,0.019148
4.5628e-14,1.8922,1.0682,1.2247,11.532,0.7659,0.48085,0.55468,3.6795,0.37688,0.21357,0.16938,0.14641,0.13042,0.11866,0.10934,0.10169,0.095242,0.089676,0.08482,0.080649,0.076739,0.073348,0.070293,0.067543,0.065034,0.062751,0.060659,0.05877,0.056986,0.055364,0.053865,0.05251,0.051196,0.050004,0.048896,0.047863,0.046911,0.046018,0.045186,0.044424,0.043693,0.043021,0.042395,0.041789,0.041274,0.04077,0.040304,0.039874,0.039475,0.039109,0.038774,0.038474,0.038191,0.03794,0.037715,0.037507,0.037341,0.037191,0.037065,0.036957,0.036883,0.036827,0.036793
5.3339e-14,1.9103,1.2266,1.7319,10.749,1.198,0.69422,0.8319,5.3242,0.53709,0.29217,0.22703,0.19406,0.17195,0.15552,0.14259,0.13202,0.12317,0.11562,0.10909,0.10341,0.098286,0.093805,0.089778,0.08616,0.082876,0.079896,0.077172,0.074689,0.072404,0.070301,0.068363,0.066574,0.064924,0.063383,0.061957,0.06063,0.059406,0.058255,0.057187,0.056202,0.055272,0.054411,0.05361,0.05286,0.052173,0.051529,0.050933,0.050382,0.049872,0.049405,0.048973,0.048586,0.048232,0.047909,0.047622,0.047362,0.047144,0.046951,0.046789,0.046657,0.046556,0.046484,0.046439
1.8779e-14,0.64979,0.36516,0.58365,3.2192,0.44385,0.30516,0.32657,2.294,0.23431,0.12827,0.10002,0.084641,0.074104,0.06637,0.060361,0.055499,0.051504,0.048119,0.045223,0.042719,0.040486,0.038537,0.036798,0.03524,0.033839,0.032568,0.031412,0.03036,0.029395,0.02851,0.027696,0.026958,0.026253,0.025611,0.025017,0.024462,0.023954,0.023478,0.023034,0.022624,0.022241,0.021885,0.021553,0.021245,0.020959,0.020694,0.020448,0.020221,0.020011,0.019819,0.019641,0.019477,0.019335,0.019203,0.019085,0.018979,0.018888,0.018809,0.018743,0.01869,0.018647,0.018618,0.018599
1.7304e-14,0.63022,0.36525,0.46011,3.4348,0.39857,0.22884,0.25063,1.8731,0.17993,0.098971,0.07687,0.065412,0.057738,0.052102,0.047662,0.044032,0.04102,0.038448,0.036229,0.034296,0.032576,0.031061,0.029705,0.02848,0.027384,0.026385,0.025474,0.024637,0.023876,0.023173,0.022526,0.021935,0.021377,0.020865,0.02039,0.019949,0.019541,0.019159,0.018804,0.018471,0.018167,0.017881,0.017614,0.017369,0.017138,0.016924,0.016726,0.016543,0.016375,0.016219,0.016077,0.015947,0.01583,0.015723,0.015628,0.015546,0.015469,0.015405,0.015351,0.015308,0.015275,0.015251,0.015236
1.2826e-14,0.56417,0.28398,0.36368,3.4093,0.2893,0.18919,0.19724,1.4591,0.15818,0.087632,0.068227,0.05817,0.051347,0.046373,0.042453,0.039259,0.036594,0.034323,0.032361,0.030681,0.029135,0.027795,0.026595,0.025518,0.02454,0.023654,0.022845,0.022108,0.021429,0.020806,0.020232,0.019727,0.019211,0.018756,0.018334,0.017939,0.017578,0.01724,0.016923,0.016631,0.016357,0.016102,0.015866,0.015645,0.015441,0.015251,0.015075,0.014913,0.014762,0.014624,0.014498,0.01438,0.014278,0.014183,0.014098,0.014023,0.013958,0.013901,0.013853,0.013815,0.013785,0.013764,0.013751
4.6723e-14,1.5389,0.88129,0.88502,7.0573,0.56156,0.33687,0.38072,2.9872,0.31613,0.16632,0.13032,0.1101,0.096352,0.086438,0.078731,0.072469,0.067321,0.062943,0.059184,0.055993,0.053042,0.050503,0.048239,0.046202,0.044382,0.042725,0.041213,0.039854,0.038583,0.037427,0.036363,0.035424,0.034476,0.033637,0.032861,0.032132,0.03147,0.030849,0.030271,0.029729,0.029233,0.028767,0.028335,0.027923,0.027557,0.027209,0.026888,0.026592,0.026318,0.026066,0.025835,0.025618,0.025433,0.025261,0.025106,0.024971,0.024849,0.024746,0.024661,0.024589,0.024535,0.024496,0.024472
3.7698e-14,1.2202,0.75787,0.87892,6.9753,0.59807,0.34234,0.43239,2.5785,0.2692,0.14261,0.10896,0.092831,0.082134,0.074349,0.068235,0.063231,0.05903,0.055437,0.05233,0.049648,0.047187,0.045047,0.043126,0.041401,0.03983,0.038403,0.037101,0.035916,0.034819,0.033812,0.032883,0.032028,0.031232,0.030493,0.029809,0.029172,0.028584,0.028034,0.027521,0.027052,0.026601,0.026187,0.025802,0.025438,0.025111,0.024802,0.024515,0.02425,0.024004,0.02378,0.023573,0.023387,0.023215,0.023061,0.022922,0.022793,0.022692,0.0226,0.022523,0.022458,0.022411,0.022376,0.022354
2.6848e-14,1.0866,0.65574,0.82963,5.9425,0.69813,0.39404,0.43066,2.8904,0.30721,0.15643,0.11976,0.10046,0.087739,0.078563,0.071469,0.065733,0.061044,0.05707,0.053664,0.050773,0.048106,0.045818,0.043775,0.041953,0.040297,0.038804,0.037441,0.036214,0.035068,0.034026,0.033066,0.032258,0.031369,0.030612,0.029911,0.029254,0.028658,0.028095,0.027573,0.02709,0.026635,0.026214,0.025823,0.025452,0.025122,0.024808,0.024518,0.02425,0.024002,0.023774,0.023565,0.023367,0.023201,0.023045,0.022905,0.02278,0.022672,0.022579,0.0225,0.022436,0.022387,0.022352,0.022331
1.4137e-14,0.67853,0.47411,0.61308,5.2209,0.4596,0.31408,0.28922,1.9954,0.19945,0.11102,0.085588,0.071928,0.062906,0.056289,0.051151,0.046915,0.043588,0.0407,0.038227,0.0361,0.034185,0.032525,0.031045,0.02972,0.028525,0.027447,0.026463,0.025576,0.02475,0.023999,0.023308,0.022704,0.022084,0.02154,0.021036,0.020567,0.020137,0.019733,0.019358,0.019013,0.018686,0.018385,0.018105,0.017837,0.017603,0.017378,0.01717,0.016979,0.016801,0.016638,0.016488,0.016353,0.016229,0.016117,0.016017,0.015927,0.015851,0.015783,0.015728,0.015681,0.015647,0.015621,0.015606
1.6824e-14,0.6511,0.43875,0.56166,3.5797,0.41911,0.2697,0.29204,2.1004,0.20006,0.11354,0.087043,0.073098,0.063832,0.057104,0.0519,0.047672,0.044244,0.041323,0.038824,0.036665,0.034742,0.033066,0.031568,0.030232,0.029019,0.027927,0.026929,0.026028,0.025194,0.024432,0.02373,0.023145,0.022492,0.021938,0.021426,0.02095,0.020512,0.020101,0.019721,0.019369,0.019036,0.01873,0.018445,0.018176,0.017933,0.017704,0.017491,0.017297,0.017114,0.016948,0.016795,0.016655,0.01653,0.016415,0.016312,0.016219,0.016141,0.016072,0.016015,0.015967,0.015931,0.015904,0.015889
2.8099e-14,1.0608,0.77584,0.97745,6.9513,0.70261,0.43268,0.47115,3.2831,0.29113,0.16167,0.12353,0.10444,0.091332,0.081847,0.074466,0.068482,0.063557,0.059381,0.055799,0.052717,0.049943,0.047534,0.045382,0.043462,0.041716,0.040145,0.03871,0.037415,0.036212,0.035115,0.034104,0.033267,0.03232,0.031523,0.030786,0.030099,0.029469,0.028878,0.028329,0.027826,0.027343,0.026901,0.02649,0.026099,0.025753,0.025423,0.025117,0.024837,0.024574,0.024334,0.024114,0.023913,0.023732,0.023566,0.023418,0.02328,0.023172,0.023072,0.022989,0.022919,0.022868,0.022831,0.022808
1.6569e-14,0.74901,0.44134,0.53973,4.857,0.41959,0.24948,0.28845,1.7456,0.14844,0.096797,0.079493,0.0698,0.062753,0.057335,0.052946,0.049281,0.046173,0.043484,0.041135,0.039106,0.037214,0.035569,0.034086,0.03275,0.03153,0.030422,0.029409,0.028477,0.027624,0.026837,0.026109,0.02545,0.024815,0.024236,0.023699,0.023194,0.022735,0.022302,0.021898,0.021526,0.021173,0.020847,0.020543,0.020264,0.019998,0.019754,0.019528,0.01932,0.019127,0.018949,0.018786,0.018631,0.018503,0.018381,0.018272,0.018172,0.018091,0.018018,0.017956,0.017909,0.017868,0.017841,0.017824
1.9865e-14,0.75954,0.53093,0.65566,4.7252,0.4381,0.28143,0.32914,2.4812,0.24259,0.12407,0.092672,0.076706,0.066378,0.058998,0.053365,0.048895,0.04521,0.04214,0.039525,0.037275,0.035289,0.033555,0.032013,0.03064,0.029401,0.028284,0.027265,0.026351,0.025499,0.024725,0.024013,0.02342,0.022755,0.022197,0.02168,0.021201,0.020756,0.020342,0.019958,0.019606,0.019271,0.018962,0.018676,0.018401,0.018162,0.017932,0.01772,0.017525,0.017343,0.017176,0.017024,0.016889,0.016759,0.016646,0.016544,0.016451,0.016375,0.016307,0.01625,0.016201,0.016168,0.016142,0.016127
3.4496e-14,1.1689,0.87825,1.0195,6.5354,0.86662,0.49519,0.53649,3.9299,0.38222,0.19774,0.15034,0.12457,0.10784,0.095883,0.086784,0.079502,0.073624,0.068668,0.064452,0.060859,0.057611,0.054813,0.052319,0.050098,0.048084,0.046272,0.044623,0.043131,0.041748,0.04049,0.039328,0.038329,0.037283,0.03637,0.035525,0.034735,0.034017,0.033339,0.032712,0.032133,0.031584,0.031079,0.030609,0.030168,0.029768,0.029392,0.029042,0.028722,0.028424,0.028151,0.0279,0.027665,0.027467,0.027279,0.027112,0.026958,0.026834,0.026723,0.026628,0.026554,0.026494,0.026451,0.026427
2.084e-14,0.84138,0.56122,0.69993,4.6738,0.61191,0.34679,0.3765,2.5991,0.26694,0.13738,0.10506,0.087537,0.076217,0.068088,0.061856,0.056849,0.052768,0.049316,0.046364,0.043836,0.04155,0.039569,0.037802,0.03622,0.034792,0.0335,0.032325,0.031263,0.03027,0.029368,0.028538,0.027796,0.02707,0.026415,0.025808,0.025243,0.024724,0.024238,0.023786,0.023367,0.022975,0.022611,0.022272,0.021949,0.021666,0.021395,0.021143,0.020912,0.020697,0.020499,0.020318,0.020154,0.020005,0.019869,0.019748,0.019639,0.019546,0.019465,0.019396,0.01934,0.019298,0.019267,0.019249
1.4614e-14,0.60143,0.34801,0.47039,3.5546,0.31244,0.21012,0.25317,1.6073,0.14421,0.079686,0.060698,0.050708,0.044468,0.039939,0.03642,0.033572,0.031236,0.029246,0.027535,0.026077,0.024727,0.023572,0.022542,0.021619,0.02078,0.020022,0.019329,0.018697,0.018116,0.017583,0.017091,0.016656,0.016217,0.015828,0.015467,0.015129,0.01482,0.01453,0.01426,0.014011,0.013775,0.013557,0.013354,0.013165,0.01299,0.012827,0.012676,0.012537,0.012408,0.012289,0.01218,0.01208,0.011991,0.011909,0.011835,0.011768,0.011713,0.011664,0.011622,0.011588,0.011561,0.011542,0.01153
1.2146e-14,0.63961,0.3542,0.43635,3.8742,0.34741,0.18935,0.2233,1.4761,0.15857,0.095476,0.077976,0.067894,0.060734,0.055256,0.050854,0.047229,0.044138,0.041497,0.039199,0.037217,0.035389,0.033797,0.032366,0.031075,0.029905,0.028842,0.027868,0.026982,0.02616,0.025407,0.024711,0.024098,0.023476,0.022924,0.022412,0.021933,0.021495,0.021082,0.020698,0.020341,0.020008,0.019699,0.01941,0.01914,0.018893,0.018661,0.018447,0.018249,0.018065,0.017897,0.017742,0.017599,0.017474,0.017358,0.017255,0.017163,0.017083,0.017014,0.016956,0.016909,0.016872,0.016846,0.016831
1.5496e-14,0.66177,0.40176,0.53712,4.0021,0.38514,0.22238,0.26366,1.7935,0.1568,0.089339,0.068888,0.058407,0.051368,0.046202,0.042176,0.038905,0.036193,0.03389,0.031905,0.030191,0.028648,0.027302,0.026098,0.025018,0.02404,0.023155,0.022347,0.021608,0.020936,0.020316,0.019744,0.01926,0.018733,0.018281,0.017863,0.017473,0.017115,0.016779,0.016467,0.01618,0.015907,0.015656,0.015422,0.015209,0.015004,0.014816,0.014643,0.014483,0.014334,0.014198,0.014073,0.013957,0.013857,0.013763,0.01368,0.013604,0.013541,0.013485,0.013439,0.013402,0.013371,0.01335,0.013337
1.5636e-14,0.77439,0.36264,0.47204,4.3532,0.33609,0.19585,0.24506,1.3548,0.15965,0.09517,0.075788,0.065132,0.057824,0.052391,0.048081,0.044555,0.041606,0.039085,0.036896,0.03502,0.033282,0.031774,0.030421,0.029207,0.028099,0.027096,0.026178,0.025339,0.02457,0.023861,0.023207,0.022631,0.022044,0.021526,0.021044,0.020592,0.020182,0.019795,0.019434,0.019102,0.018786,0.018495,0.018224,0.017976,0.017739,0.017521,0.01732,0.017134,0.016962,0.016804,0.016659,0.016518,0.016407,0.016298,0.016201,0.016112,0.01604,0.015975,0.015921,0.015879,0.015842,0.015818,0.015804
1.7663e-14,0.78825,0.4884,0.60175,4.136,0.42826,0.23875,0.28676,1.9798,0.20934,0.11267,0.087249,0.074772,0.066251,0.059971,0.055018,0.050949,0.047569,0.044668,0.042156,0.040002,0.038002,0.036276,0.034723,0.033334,0.032059,0.030908,0.029856,0.028898,0.028011,0.027199,0.026447,0.025783,0.025119,0.024523,0.023971,0.023453,0.022983,0.022538,0.022124,0.021744,0.021382,0.021048,0.020737,0.020447,0.020181,0.019931,0.0197,0.019487,0.019289,0.019107,0.018941,0.018784,0.018652,0.018527,0.018415,0.018313,0.018229,0.018153,0.01809,0.01804,0.017999,0.017971,0.017953
3.0807e-14,0.94235,0.79134,0.79219,5.8238,0.66041,0.40242,0.43708,2.9306,0.27824,0.15533,0.12067,0.10236,0.09016,0.081146,0.074096,0.068333,0.063588,0.059534,0.056047,0.053056,0.050323,0.047955,0.045836,0.043936,0.042216,0.040658,0.039237,0.037953,0.036754,0.035663,0.034656,0.033783,0.032877,0.032081,0.031345,0.030656,0.030029,0.029437,0.028889,0.028382,0.027902,0.02746,0.027048,0.026659,0.026311,0.025981,0.025675,0.025394,0.025132,0.024892,0.024673,0.024467,0.024292,0.024127,0.023979,0.023845,0.023735,0.023637,0.023555,0.023488,0.023436,0.023399,0.023377
1.1748e-14,0.4838,0.28968,0.36293,3.1519,0.24988,0.162,0.1951,1.1067,0.12854,0.074288,0.058229,0.049729,0.044077,0.039884,0.036586,0.033904,0.031639,0.029714,0.028049,0.026615,0.025294,0.024147,0.023118,0.022192,0.021352,0.020589,0.019892,0.019256,0.018669,0.01813,0.017633,0.017175,0.01675,0.016355,0.01599,0.015647,0.015334,0.01504,0.014765,0.014512,0.014273,0.014052,0.013846,0.013654,0.013477,0.013312,0.013159,0.013017,0.012887,0.012766,0.012656,0.012554,0.012465,0.012382,0.012309,0.012242,0.012186,0.012137,0.012095,0.012062,0.012036,0.012017,0.012006
1.4334e-14,1.1404,0.64546,0.83171,8.3231,0.57746,0.35956,0.38819,2.1662,0.23072,0.15285,0.12871,0.11437,0.1037,0.09531,0.088373,0.082533,0.077487,0.073113,0.069265,0.065958,0.062807,0.060083,0.057621,0.05539,0.053363,0.051515,0.049817,0.048266,0.046829,0.045507,0.044285,0.043174,0.042107,0.041134,0.040228,0.039376,0.038604,0.037873,0.037191,0.036559,0.035967,0.035417,0.034905,0.034429,0.033983,0.033571,0.033189,0.032836,0.032509,0.032208,0.031933,0.031669,0.031454,0.031247,0.031063,0.030898,0.030756,0.030632,0.030528,0.030447,0.030378,0.030332,0.030304
7.2805e-15,0.39023,0.24528,0.30945,2.2646,0.26384,0.1462,0.17594,1.0747,0.10745,0.059852,0.046481,0.039414,0.034785,0.0313,0.028568,0.026345,0.024495,0.022923,0.021573,0.020404,0.019352,0.018436,0.017616,0.016885,0.016217,0.015616,0.015067,0.014571,0.01411,0.01369,0.013302,0.012965,0.012618,0.012312,0.012029,0.011765,0.011523,0.011296,0.011085,0.010891,0.010707,0.010537,0.010379,0.01023,0.010097,0.0099701,0.0098531,0.0097453,0.0096451,0.0095535,0.0094691,0.0093935,0.0093235,0.0092605,0.0092043,0.0091531,0.009111,0.0090735,0.009042,0.0090156,0.0089965,0.0089824,0.0089738
1.8128e-14,0.94072,0.52945,0.76106,5.6871,0.48444,0.28766,0.32479,2.1962,0.21526,0.12796,0.099192,0.08493,0.075126,0.067935,0.062263,0.057617,0.05374,0.050429,0.047562,0.045124,0.042835,0.040871,0.039109,0.037532,0.036091,0.034787,0.033597,0.032511,0.03151,0.030592,0.029744,0.029003,0.028243,0.027572,0.02695,0.026365,0.025837,0.025336,0.02487,0.024443,0.024036,0.02366,0.02331,0.022989,0.022686,0.022406,0.022146,0.021907,0.021685,0.021481,0.021294,0.021115,0.020972,0.020831,0.020706,0.020592,0.020498,0.020415,0.020344,0.020291,0.020244,0.020213,0.020194
2.5119e-14,0.86103,0.46732,0.47208,4.6273,0.34741,0.20809,0.23942,1.5745,0.17215,0.097299,0.078098,0.067149,0.059628,0.053977,0.049506,0.045837,0.042758,0.040127,0.037848,0.035897,0.034089,0.032523,0.03112,0.02986,0.028714,0.027674,0.026727,0.02586,0.025064,0.024332,0.023656,0.023053,0.022458,0.021922,0.021426,0.02096,0.020537,0.020139,0.019767,0.019423,0.019099,0.018799,0.01852,0.018263,0.01802,0.017796,0.017588,0.017396,0.017218,0.017055,0.016905,0.016762,0.016645,0.016533,0.016432,0.016341,0.016264,0.016197,0.01614,0.016096,0.016058,0.016032,0.016017
1.0573e-14,0.49741,0.27803,0.34155,2.8516,0.25723,0.15271,0.16401,1.2735,0.13636,0.075641,0.059673,0.051011,0.04501,0.040666,0.037259,0.034465,0.032174,0.030205,0.0285,0.027045,0.025691,0.024522,0.023473,0.022525,0.021674,0.020898,0.020188,0.019543,0.018945,0.018397,0.017892,0.017446,0.016993,0.016593,0.016221,0.015872,0.015555,0.015256,0.014977,0.014716,0.014477,0.014252,0.014043,0.013847,0.013667,0.0135,0.013344,0.013201,0.013068,0.012946,0.012834,0.012729,0.012639,0.012555,0.01248,0.012415,0.012356,0.012305,0.012263,0.012229,0.012203,0.012184,0.012173
1.1487e-14,0.56376,0.37271,0.50207,3.8427,0.35868,0.22552,0.24596,1.5821,0.16486,0.090547,0.07055,0.060051,0.052872,0.047638,0.043531,0.040181,0.037397,0.035028,0.032985,0.031236,0.029628,0.028239,0.026995,0.025885,0.024869,0.023955,0.023121,0.022362,0.021661,0.02102,0.020428,0.019912,0.019381,0.018914,0.018481,0.018076,0.017707,0.017359,0.017036,0.016741,0.016456,0.016196,0.015954,0.015728,0.01552,0.015326,0.015146,0.01498,0.014827,0.014685,0.014556,0.014434,0.014332,0.014235,0.014148,0.014068,0.014005,0.013946,0.013898,0.01386,0.013828,0.013806,0.013794
9.9849e-15,0.54242,0.3345,0.47829,3.6456,0.29698,0.18886,0.21437,1.4125,0.14072,0.081662,0.062497,0.052894,0.046433,0.04174,0.038083,0.035106,0.032677,0.030609,0.028827,0.027298,0.025901,0.024689,0.023604,0.022635,0.021748,0.020949,0.02022,0.019555,0.018944,0.018383,0.017865,0.017419,0.01695,0.01654,0.016161,0.015806,0.015483,0.015178,0.014895,0.014634,0.014386,0.014157,0.013945,0.013747,0.013563,0.013393,0.013235,0.013089,0.012953,0.012829,0.012715,0.012607,0.012517,0.01243,0.012354,0.012283,0.012226,0.012174,0.01213,0.012095,0.012067,0.012046,0.012034
1.7595e-14,0.65077,0.44709,0.56976,3.8299,0.3968,0.2464,0.28791,1.9032,0.2124,0.11871,0.091123,0.076821,0.067091,0.060081,0.054681,0.050333,0.046767,0.043748,0.04116,0.038941,0.03693,0.035187,0.033629,0.032238,0.030972,0.02983,0.028789,0.02784,0.026972,0.026173,0.025437,0.024805,0.024136,0.023555,0.023017,0.022513,0.022055,0.021623,0.021222,0.020854,0.020502,0.020178,0.019878,0.0196,0.019339,0.019098,0.018875,0.01867,0.018478,0.018303,0.018143,0.017991,0.017865,0.017744,0.017637,0.017537,0.017458,0.017386,0.017326,0.017279,0.01724,0.017212,0.017196
2.671e-14,0.93366,0.51638,0.50062,3.7911,0.37261,0.22223,0.26558,1.7765,0.18668,0.099984,0.07683,0.06513,0.057322,0.051681,0.047274,0.043672,0.040693,0.038149,0.035955,0.034074,0.032341,0.030845,0.029503,0.028304,0.027208,0.026219,0.025313,0.024493,0.023732,0.023036,0.022393,0.021862,0.021256,0.020748,0.020277,0.019836,0.019435,0.019056,0.018704,0.018383,0.018073,0.017789,0.017525,0.017278,0.017053,0.01684,0.016644,0.016464,0.016296,0.016141,0.016,0.015868,0.015756,0.01565,0.015556,0.015468,0.015399,0.015335,0.015283,0.015241,0.015207,0.015183,0.015169
1.4172e-14,0.62804,0.37701,0.46276,3.9796,0.29269,0.19062,0.21151,1.4306,0.13205,0.082321,0.066771,0.058368,0.052448,0.047918,0.044255,0.041202,0.038603,0.036359,0.034398,0.032713,0.031126,0.029752,0.028513,0.027397,0.026378,0.025452,0.024603,0.023828,0.02311,0.022451,0.021841,0.021295,0.020759,0.020274,0.019823,0.019401,0.019016,0.018653,0.018315,0.018002,0.017707,0.017434,0.017179,0.016942,0.016724,0.016519,0.016329,0.016154,0.015992,0.015843,0.015707,0.015578,0.01547,0.015367,0.015276,0.015194,0.015123,0.015062,0.015011,0.01497,0.014937,0.014914,0.014901
1.4951e-14,0.64121,0.39643,0.51185,5.0193,0.34918,0.17386,0.21424,1.5957,0.15085,0.086579,0.067828,0.057598,0.050622,0.045605,0.041679,0.03848,0.035815,0.033549,0.031598,0.029935,0.0284,0.027081,0.025899,0.024838,0.023877,0.023007,0.022212,0.021489,0.02082,0.020208,0.019644,0.019143,0.018644,0.018198,0.017785,0.017397,0.017045,0.016713,0.016404,0.016118,0.015849,0.0156,0.015368,0.015153,0.014954,0.014768,0.014596,0.014437,0.01429,0.014155,0.014031,0.013914,0.013817,0.013724,0.013641,0.013567,0.013503,0.013447,0.013401,0.013365,0.013334,0.013313,0.013301
2.4186e-14,1.5376,0.69035,0.89321,8.6203,0.71847,0.38608,0.42031,2.8074,0.25808,0.17113,0.13825,0.12071,0.10855,0.099235,0.091696,0.085392,0.080104,0.07551,0.071493,0.068066,0.064788,0.061972,0.059431,0.057141,0.055046,0.053144,0.051395,0.04981,0.048325,0.046965,0.045709,0.044599,0.04347,0.04247,0.041539,0.040664,0.03987,0.039118,0.038417,0.037776,0.03716,0.036593,0.036067,0.035568,0.035119,0.034695,0.034302,0.03394,0.033603,0.033294,0.033011,0.032743,0.032518,0.032306,0.032116,0.03194,0.031801,0.031673,0.031567,0.03148,0.031413,0.031365,0.031337
9.2533e-15,0.58171,0.26316,0.3358,3.4374,0.23801,0.14797,0.15413,1.0058,0.10584,0.059333,0.047575,0.040799,0.036222,0.032838,0.030167,0.027973,0.026162,0.0246,0.023243,0.022087,0.020995,0.020055,0.01921,0.018448,0.017756,0.017128,0.016552,0.016028,0.015541,0.015095,0.014683,0.014314,0.013951,0.013624,0.01332,0.013035,0.012776,0.012531,0.012303,0.012092,0.011894,0.011709,0.011538,0.011377,0.011231,0.011093,0.010966,0.010848,0.010739,0.010638,0.010547,0.01046,0.010387,0.010318,0.010257,0.010201,0.010155,0.010113,0.010079,0.010051,0.010029,0.010013,0.010004
1.839e-14,1.1743,0.53393,0.59536,8.0192,0.44124,0.29642,0.29202,1.9687,0.20807,0.13451,0.11258,0.09953,0.089934,0.082395,0.076218,0.071074,0.066614,0.062784,0.05943,0.056541,0.05382,0.051458,0.04933,0.0474,0.045658,0.044065,0.042605,0.041277,0.040035,0.038898,0.037849,0.0369,0.035979,0.035145,0.034369,0.033642,0.032975,0.032349,0.031765,0.031223,0.030717,0.030246,0.029806,0.029389,0.029017,0.028664,0.028337,0.028035,0.027755,0.027498,0.027261,0.027044,0.026851,0.026674,0.026516,0.026374,0.026253,0.026146,0.026058,0.025984,0.025929,0.025889,0.025865
1.7435e-14,0.7931,0.49128,0.53851,6.4183,0.40154,0.27237,0.28131,2.0215,0.18087,0.11726,0.095214,0.082787,0.0739,0.067194,0.061823,0.057361,0.053638,0.050422,0.047631,0.0452,0.043003,0.041076,0.039342,0.037788,0.03636,0.035071,0.033889,0.032818,0.031818,0.030904,0.030061,0.02933,0.02856,0.02789,0.027268,0.02669,0.026153,0.025652,0.025186,0.02476,0.024348,0.023971,0.023621,0.023284,0.022991,0.022709,0.022449,0.022208,0.021984,0.021779,0.021591,0.021424,0.021264,0.021124,0.020998,0.02088,0.020789,0.020704,0.020634,0.020573,0.020531,0.0205,0.020481
2.0194e-14,0.79592,0.5736,0.71648,5.9223,0.47291,0.32642,0.37378,2.5288,0.23045,0.12701,0.098814,0.084014,0.074056,0.066759,0.061043,0.05636,0.05252,0.049227,0.046387,0.043902,0.04171,0.039773,0.038038,0.03649,0.03507,0.033793,0.032623,0.031569,0.030583,0.029686,0.028858,0.028184,0.02739,0.026736,0.026129,0.025569,0.025043,0.024556,0.024103,0.023692,0.02329,0.022925,0.022586,0.022257,0.021977,0.021704,0.021452,0.02122,0.021004,0.020806,0.020624,0.020469,0.020309,0.020174,0.020053,0.019936,0.019851,0.019769,0.019702,0.019642,0.019604,0.019573,0.019555
2.5898e-14,0.87696,0.4856,0.51016,3.8271,0.34478,0.2164,0.2412,1.6624,0.16245,0.093276,0.074342,0.06428,0.057111,0.05181,0.047593,0.044102,0.041204,0.038707,0.036543,0.034684,0.03296,0.031468,0.030126,0.028925,0.027825,0.026831,0.02592,0.02509,0.024324,0.023621,0.02297,0.022409,0.02182,0.021305,0.020827,0.020379,0.019972,0.019586,0.019228,0.018901,0.018586,0.018297,0.018028,0.017778,0.017548,0.017331,0.01713,0.016947,0.016776,0.016618,0.016474,0.016339,0.016225,0.016117,0.016021,0.015932,0.01586,0.015796,0.015742,0.015699,0.015664,0.01564,0.015626
1.1586e-14,0.56186,0.30816,0.35202,3.3616,0.25959,0.16583,0.19453,1.3436,0.12568,0.0747,0.060108,0.05242,0.047055,0.043023,0.039771,0.037053,0.034749,0.032753,0.031006,0.029511,0.028088,0.026861,0.025754,0.024755,0.023844,0.023014,0.022254,0.021562,0.020915,0.020324,0.019776,0.019281,0.018804,0.018368,0.017963,0.017583,0.017238,0.016911,0.016607,0.016325,0.01606,0.015814,0.015585,0.015368,0.015175,0.01499,0.014819,0.014662,0.014516,0.014382,0.014259,0.014143,0.014045,0.013953,0.013871,0.013797,0.013733,0.013678,0.013632,0.013595,0.013566,0.013545,0.013532
6.4972e-15,0.32645,0.17297,0.23151,2.1756,0.159,0.095504,0.12754,0.80481,0.084009,0.047128,0.036525,0.031143,0.027452,0.024788,0.022702,0.021002,0.019596,0.018394,0.017357,0.016477,0.015649,0.01494,0.014303,0.013731,0.013214,0.012744,0.012313,0.011924,0.011558,0.011226,0.010919,0.010644,0.010373,0.01013,0.0099038,0.0096917,0.0094987,0.0093168,0.0091473,0.0089903,0.0088435,0.0087068,0.0085796,0.0084578,0.0083515,0.0082491,0.0081544,0.0080671,0.0079862,0.0079118,0.0078435,0.0077804,0.0077252,0.0076743,0.0076287,0.0075881,0.0075529,0.0075222,0.0074968,0.0074756,0.0074598,0.0074483,0.0074416
7.5514e-15,0.40575,0.22614,0.27517,2.3891,0.22539,0.13284,0.14468,1.0887,0.10978,0.06616,0.052231,0.044661,0.03954,0.035764,0.032786,0.030345,0.028317,0.026581,0.025081,0.023791,0.022605,0.021575,0.020651,0.019818,0.019069,0.018385,0.01776,0.017193,0.016666,0.016183,0.015738,0.01535,0.014948,0.014595,0.014268,0.013962,0.013682,0.013418,0.013173,0.012945,0.012733,0.012535,0.012352,0.012177,0.012021,0.011873,0.011737,0.011611,0.011493,0.011386,0.011287,0.011197,0.011116,0.011043,0.010977,0.010919,0.010867,0.010823,0.010786,0.010756,0.010733,0.010716,0.010706
1.5096e-14,0.92996,0.44454,0.49162,6.295,0.37746,0.24747,0.27332,1.8127,0.18788,0.11363,0.092068,0.079852,0.071304,0.064871,0.059727,0.055493,0.051892,0.04881,0.046127,0.043825,0.041672,0.039807,0.038129,0.036612,0.035243,0.033994,0.032852,0.031815,0.030845,0.029959,0.029142,0.028395,0.027686,0.027037,0.026434,0.02587,0.025353,0.024867,0.024415,0.023993,0.023602,0.023237,0.022897,0.022574,0.022286,0.022013,0.02176,0.021527,0.021311,0.021112,0.02093,0.020762,0.020612,0.020476,0.020354,0.020247,0.020151,0.020069,0.020001,0.019944,0.019902,0.019871,0.019853
2.0268e-14,1.4368,0.64297,0.69898,9.9751,0.52558,0.35951,0.33593,2.4165,0.25734,0.16309,0.13596,0.11957,0.10773,0.098571,0.091123,0.084939,0.079612,0.075035,0.071029,0.067595,0.064335,0.061518,0.058978,0.056677,0.054596,0.052694,0.050949,0.049366,0.047881,0.046524,0.045272,0.044148,0.043038,0.042041,0.041114,0.040245,0.03945,0.038703,0.038005,0.037358,0.036753,0.03619,0.035666,0.035165,0.034723,0.034301,0.033911,0.033551,0.033217,0.03291,0.032628,0.032367,0.032138,0.031927,0.031739,0.031571,0.031426,0.031299,0.031193,0.031105,0.03104,0.030993,0.030965
1.3091e-14,0.6256,0.35089,0.40642,3.3948,0.30142,0.20115,0.2563,1.4388,0.15406,0.084855,0.064223,0.054036,0.047314,0.042511,0.038814,0.03582,0.033357,0.031257,0.029446,0.027898,0.026475,0.025244,0.024142,0.023156,0.022258,0.021447,0.020706,0.020034,0.019411,0.018841,0.018316,0.01786,0.017385,0.01697,0.016585,0.016224,0.015896,0.015587,0.015299,0.015035,0.014783,0.014551,0.014335,0.014134,0.013949,0.013776,0.013615,0.013468,0.01333,0.013205,0.013089,0.012981,0.012889,0.012802,0.012725,0.012654,0.012597,0.012545,0.012502,0.012467,0.012439,0.012419,0.012408
2.4548e-14,0.72344,0.43126,0.43015,3.8966,0.25957,0.19691,0.20686,1.4487,0.13046,0.076184,0.062368,0.055076,0.049626,0.045534,0.042204,0.039396,0.037008,0.03492,0.033088,0.031503,0.030007,0.028708,0.027533,0.026475,0.0255,0.024618,0.023806,0.023071,0.022378,0.021746,0.021161,0.020632,0.02012,0.019653,0.019219,0.018813,0.018442,0.018091,0.017765,0.017468,0.017179,0.016915,0.016669,0.016433,0.016228,0.01603,0.015846,0.015677,0.01552,0.015375,0.015243,0.015122,0.015013,0.014913,0.014824,0.01474,0.014677,0.014617,0.014567,0.014525,0.014494,0.014471,0.014458
7.7204e-15,0.39586,0.18947,0.26095,2.5664,0.15973,0.115,0.13162,0.82439,0.07165,0.043147,0.035495,0.030892,0.027721,0.025278,0.023308,0.021669,0.020285,0.019092,0.018052,0.017177,0.016324,0.015599,0.014947,0.014359,0.013827,0.013342,0.012897,0.012496,0.012116,0.011771,0.011452,0.011165,0.010884,0.010631,0.010395,0.010173,0.0099722,0.0097821,0.0096047,0.0094406,0.0092869,0.0091438,0.0090105,0.0088825,0.008772,0.0086646,0.0085652,0.0084737,0.008389,0.0083108,0.0082393,0.0081719,0.0081153,0.0080617,0.0080139,0.0079712,0.0079343,0.0079021,0.0078753,0.0078534,0.0078367,0.0078246,0.0078175
9.2436e-15,0.44569,0.22069,0.32083,2.7676,0.23015,0.12911,0.1589,0.997,0.082638,0.047181,0.037947,0.033095,0.029546,0.026891,0.024748,0.022969,0.021471,0.020182,0.01906,0.018108,0.017196,0.016418,0.015719,0.015091,0.014516,0.013996,0.01352,0.013088,0.012685,0.012317,0.011977,0.01168,0.011373,0.011103,0.010852,0.010616,0.010404,0.010202,0.010014,0.0098427,0.0096764,0.0095247,0.0093836,0.009251,0.0091298,0.0090163,0.008911,0.0088139,0.0087236,0.0086406,0.0085645,0.0084908,0.0084322,0.0083749,0.0083237,0.0082751,0.0082381,0.0082031,0.008174,0.0081505,0.008131,0.0081172,0.0081086
1.2644e-14,0.97072,0.40508,0.52815,6.1229,0.34999,0.20475,0.21733,1.4421,0.13686,0.093508,0.078201,0.069622,0.063198,0.058198,0.054133,0.050709,0.04773,0.045133,0.042833,0.040877,0.038956,0.037308,0.035816,0.034465,0.033227,0.032099,0.031061,0.030119,0.029229,0.028418,0.027667,0.027003,0.026324,0.025726,0.025167,0.02464,0.024163,0.023711,0.023289,0.022903,0.022532,0.022191,0.021874,0.021569,0.021303,0.021047,0.02081,0.020591,0.020388,0.020201,0.02003,0.019869,0.019732,0.019604,0.01949,0.019384,0.0193,0.019222,0.019158,0.019105,0.019065,0.019036,0.019019
8.6475e-15,0.38912,0.22906,0.28715,2.5142,0.22713,0.14618,0.16427,1.1139,0.1207,0.068262,0.053381,0.045249,0.039941,0.036043,0.032982,0.030473,0.0284,0.026625,0.025093,0.023768,0.022573,0.021528,0.020591,0.019759,0.018993,0.018302,0.017671,0.0171,0.01657,0.016085,0.015638,0.015261,0.014846,0.014492,0.014164,0.01386,0.013578,0.013314,0.01307,0.012847,0.012631,0.012433,0.01225,0.012076,0.011921,0.011773,0.011637,0.011511,0.011394,0.011287,0.011189,0.011101,0.011018,0.010945,0.010879,0.010818,0.01077,0.010726,0.01069,0.010659,0.010637,0.01062,0.01061
1.2517e-14,0.51677,0.31669,0.33091,3.6982,0.26128,0.18335,0.18678,1.3599,0.13519,0.082459,0.065548,0.055954,0.049546,0.044764,0.04099,0.037884,0.035332,0.033138,0.031242,0.029597,0.028122,0.026826,0.025666,0.024628,0.02368,0.022824,0.022042,0.021334,0.020673,0.020071,0.019515,0.019023,0.018529,0.018089,0.01768,0.017302,0.016949,0.016621,0.016316,0.016037,0.015768,0.015521,0.015292,0.015073,0.014882,0.014697,0.014527,0.01437,0.014224,0.01409,0.013967,0.013859,0.013755,0.013663,0.013581,0.013504,0.013444,0.01339,0.013343,0.013305,0.013277,0.013256,0.013244
2.8559e-14,0.81836,0.50195,0.46957,4.7301,0.30237,0.21752,0.23707,1.4505,0.15542,0.097768,0.081348,0.071788,0.06483,0.059436,0.055021,0.051292,0.048136,0.045383,0.042973,0.040885,0.038938,0.037242,0.03571,0.034334,0.033065,0.031918,0.030862,0.02991,0.029011,0.028192,0.027434,0.026773,0.026087,0.025482,0.024921,0.024398,0.023916,0.023464,0.023043,0.022658,0.022285,0.021944,0.021628,0.021323,0.021058,0.020803,0.020566,0.020348,0.020145,0.01996,0.019789,0.019635,0.019494,0.019366,0.019252,0.019145,0.019062,0.018986,0.018922,0.018868,0.01883,0.018801,0.018783
1.0881e-14,0.33268,0.17473,0.16899,1.3888,0.13293,0.089543,0.099014,0.85746,0.080909,0.048162,0.03707,0.03128,0.027405,0.024603,0.022446,0.020696,0.019252,0.018025,0.016969,0.016058,0.01524,0.014525,0.013886,0.013313,0.012795,0.012326,0.011897,0.01151,0.011149,0.01082,0.010517,0.010248,0.0099795,0.0097398,0.0095178,0.0093114,0.0091208,0.0089425,0.008777,0.008624,0.0084797,0.0083462,0.0082221,0.0081044,0.0079993,0.0078997,0.0078074,0.0077224,0.0076436,0.0075713,0.0075049,0.0074449,0.0073898,0.0073402,0.0072958,0.0072557,0.0072221,0.0071924,0.0071676,0.0071469,0.0071317,0.0071205,0.0071139
5.7912e-15,0.23697,0.1718,0.21337,1.5338,0.16487,0.10256,0.11204,0.86196,0.088689,0.04878,0.036574,0.030415,0.026199,0.023258,0.021003,0.019188,0.017739,0.01651,0.015465,0.014572,0.013775,0.013085,0.012471,0.011928,0.011434,0.010991,0.010588,0.010224,0.0098895,0.0095836,0.0093027,0.0090569,0.0088066,0.008586,0.0083823,0.0081931,0.0080186,0.0078559,0.0077049,0.0075668,0.0074344,0.007313,0.0072004,0.007094,0.0069982,0.0069079,0.0068244,0.0067475,0.006676,0.0066107,0.0065506,0.0064966,0.0064464,0.0064015,0.0063614,0.0063241,0.0062946,0.0062678,0.0062453,0.0062264,0.0062127,0.0062026,0.0061964
1.3659e-14,0.8877,0.39375,0.46752,5.9036,0.30665,0.20787,0.22759,1.6473,0.1367,0.090779,0.076742,0.067829,0.06136,0.056218,0.052005,0.048461,0.045455,0.042842,0.040554,0.038587,0.036726,0.035115,0.033663,0.032347,0.031156,0.030069,0.02907,0.028166,0.027316,0.02654,0.025824,0.025189,0.024546,0.023976,0.023446,0.02295,0.022494,0.022067,0.021668,0.021298,0.020953,0.020631,0.020331,0.020043,0.019793,0.019551,0.019328,0.019122,0.018931,0.018756,0.018594,0.018448,0.018315,0.018194,0.018087,0.017991,0.017908,0.017835,0.017775,0.017724,0.017688,0.01766,0.017644
1.2225e-14,0.70975,0.34176,0.3726,4.8898,0.29875,0.21473,0.22703,1.5602,0.16588,0.099819,0.078673,0.067035,0.059162,0.053386,0.048843,0.045138,0.04206,0.039435,0.037168,0.035228,0.033439,0.03189,0.030503,0.029259,0.02813,0.027107,0.026171,0.025325,0.024535,0.023815,0.023151,0.022572,0.021971,0.021446,0.020959,0.020504,0.020085,0.019694,0.019328,0.018993,0.018675,0.01838,0.018106,0.017844,0.017616,0.017396,0.017192,0.017004,0.01683,0.01667,0.016523,0.016392,0.016269,0.016159,0.016061,0.015971,0.015897,0.015831,0.015776,0.015729,0.015696,0.015671,0.015656
2.3757e-14,0.7284,0.3985,0.41131,3.2794,0.31199,0.21168,0.21444,1.3377,0.1581,0.0907,0.07235,0.062078,0.055243,0.050007,0.045854,0.042439,0.039592,0.037153,0.035045,0.033202,0.031565,0.030118,0.028821,0.027653,0.026597,0.025637,0.024761,0.023957,0.023226,0.02255,0.021926,0.02139,0.02082,0.020325,0.019867,0.019441,0.019047,0.018679,0.018336,0.018018,0.017721,0.017444,0.017187,0.016952,0.016727,0.01652,0.016329,0.016153,0.015989,0.015839,0.015701,0.015574,0.015463,0.01536,0.015268,0.015185,0.015114,0.015053,0.015002,0.014961,0.014927,0.014904,0.01489
1.0602e-14,0.38405,0.26892,0.27974,2.0827,0.24254,0.16156,0.18371,1.2625,0.13238,0.068839,0.052414,0.043919,0.038243,0.034244,0.031191,0.028739,0.026735,0.025028,0.023564,0.0223,0.02116,0.020169,0.019282,0.018484,0.017767,0.017116,0.01652,0.015982,0.015484,0.015029,0.014609,0.014255,0.013866,0.013534,0.013227,0.012941,0.012678,0.012432,0.012203,0.01199,0.011791,0.011606,0.011434,0.011274,0.011126,0.010988,0.01086,0.010743,0.010633,0.010533,0.010441,0.010356,0.010282,0.010213,0.010151,0.010096,0.010049,0.010008,0.0099738,0.0099461,0.009924,0.0099085,0.009899
9.7332e-15,0.36732,0.19673,0.25005,2.0393,0.18527,0.12537,0.14775,1.0252,0.10001,0.055613,0.041899,0.034769,0.030217,0.026928,0.024403,0.022386,0.020731,0.01934,0.018152,0.017137,0.016225,0.015432,0.014726,0.014095,0.013528,0.013015,0.012548,0.012125,0.011735,0.011379,0.011051,0.010772,0.010471,0.010214,0.0099756,0.0097541,0.0095495,0.0093589,0.0091818,0.009018,0.0088643,0.0087218,0.0085897,0.0084647,0.0083526,0.0082465,0.0081484,0.0080582,0.0079744,0.0078975,0.0078271,0.0077632,0.0077046,0.0076522,0.0076052,0.0075628,0.0075271,0.0074957,0.0074696,0.0074476,0.0074314,0.0074196,0.0074125
1.0742e-14,0.42084,0.30733,0.37471,2.3864,0.30453,0.21071,0.24035,1.5861,0.20175,0.10084,0.074233,0.060888,0.051936,0.045862,0.041271,0.037654,0.034718,0.032275,0.030204,0.028432,0.026878,0.025522,0.02432,0.023247,0.022292,0.021425,0.020639,0.019932,0.019276,0.01868,0.018133,0.017651,0.017167,0.016737,0.01634,0.015973,0.015633,0.015316,0.015021,0.014749,0.014495,0.014259,0.014039,0.013831,0.013647,0.01347,0.013308,0.013158,0.013019,0.012891,0.012774,0.012669,0.012571,0.012483,0.012405,0.012336,0.012274,0.012222,0.012178,0.012141,0.012114,0.012094,0.012081
8.7864e-15,0.45715,0.23469,0.31582,2.7357,0.29272,0.21713,0.31995,2.1568,0.21677,0.10919,0.077179,0.061405,0.052152,0.045711,0.040942,0.037236,0.034273,0.031822,0.029755,0.028001,0.026453,0.025113,0.023926,0.022874,0.021929,0.021077,0.020305,0.019609,0.018966,0.018382,0.017846,0.017373,0.016898,0.016478,0.016089,0.015729,0.015396,0.015086,0.014798,0.014534,0.014283,0.014052,0.013838,0.013635,0.013454,0.013282,0.013124,0.012977,0.012842,0.012718,0.012604,0.012502,0.012406,0.012322,0.012246,0.012176,0.012119,0.012069,0.012026,0.011991,0.011965,0.011946,0.011934
1.285e-14,0.61447,0.32316,0.39575,4.2626,0.27917,0.21385,0.25115,1.7276,0.16368,0.091815,0.071854,0.061052,0.053952,0.048714,0.044598,0.041192,0.038482,0.036117,0.034073,0.032302,0.030699,0.029297,0.028039,0.026907,0.025883,0.024953,0.024101,0.023333,0.022611,0.021955,0.021349,0.020825,0.020275,0.019795,0.019349,0.018936,0.018552,0.018194,0.01786,0.017553,0.017262,0.016994,0.016744,0.016502,0.016295,0.016094,0.015908,0.015737,0.015577,0.015431,0.015297,0.015178,0.015064,0.014964,0.014875,0.014793,0.014726,0.014665,0.014615,0.014572,0.014543,0.01452,0.014506
8.7581e-15,0.37131,0.25398,0.28349,2.0888,0.28417,0.17039,0.22109,1.5676,0.14197,0.072428,0.052579,0.043063,0.03737,0.033258,0.030133,0.02763,0.025615,0.02391,0.022454,0.021219,0.020092,0.019121,0.018257,0.017483,0.016787,0.016158,0.015586,0.015064,0.014586,0.014148,0.013745,0.013383,0.013031,0.012713,0.012419,0.012143,0.011893,0.011657,0.011438,0.011234,0.011045,0.010868,0.010704,0.010553,0.01041,0.010278,0.010156,0.010044,0.0099398,0.009844,0.0097563,0.0096722,0.0096036,0.0095377,0.0094789,0.0094264,0.0093809,0.0093411,0.0093077,0.0092814,0.0092592,0.0092439,0.0092347
3.2793e-14,1.2661,0.58436,0.75236,7.283,0.50759,0.32401,0.35092,2.5656,0.23804,0.13941,0.11384,0.099106,0.088577,0.080703,0.074392,0.069059,0.064718,0.060898,0.057569,0.054678,0.052029,0.049707,0.047619,0.045724,0.044024,0.04247,0.041042,0.039755,0.038541,0.037436,0.036415,0.035532,0.0346,0.03379,0.033037,0.032336,0.031688,0.031081,0.030517,0.029986,0.029503,0.029047,0.028623,0.028213,0.02786,0.027518,0.027202,0.026911,0.02664,0.026392,0.026164,0.02596,0.025768,0.025598,0.025446,0.025315,0.025192,0.02509,0.025005,0.024932,0.024881,0.024842,0.02482
3.7406e-14,1.0709,0.5279,0.49788,3.8264,0.41892,0.28004,0.30205,2.1042,0.19241,0.11752,0.095178,0.082363,0.073728,0.06704,0.061683,0.05723,0.053518,0.050308,0.047518,0.045062,0.042889,0.040961,0.039224,0.03766,0.036237,0.034948,0.033762,0.03268,0.031694,0.03078,0.029934,0.029253,0.028439,0.027768,0.027146,0.02657,0.026034,0.025532,0.025068,0.024637,0.024231,0.023855,0.023506,0.023184,0.022876,0.022596,0.022335,0.022097,0.021872,0.021668,0.021481,0.021311,0.021155,0.021015,0.020889,0.020776,0.02068,0.020596,0.020527,0.02047,0.020425,0.020393,0.020374
1.4501e-14,0.47835,0.33284,0.33339,2.6633,0.26717,0.18736,0.20137,1.4113,0.15873,0.085788,0.064493,0.053535,0.046449,0.041565,0.037827,0.034814,0.03235,0.030257,0.028464,0.026921,0.025528,0.024319,0.023238,0.022265,0.021394,0.020603,0.019878,0.019224,0.018619,0.018065,0.017555,0.017119,0.016652,0.016248,0.015875,0.015527,0.015209,0.014909,0.014632,0.014371,0.014132,0.013908,0.0137,0.013506,0.013327,0.01316,0.013005,0.012863,0.01273,0.012609,0.012497,0.012394,0.012305,0.012222,0.012147,0.012082,0.012024,0.011974,0.011933,0.011899,0.011872,0.011854,0.011842
1.164e-14,0.63455,0.35951,0.47713,4.1994,0.4591,0.2773,0.40244,3.1164,0.2673,0.12643,0.093452,0.076047,0.06537,0.057817,0.052109,0.047587,0.043929,0.040869,0.038271,0.036052,0.034085,0.032377,0.030861,0.029513,0.028303,0.027215,0.026228,0.025338,0.024514,0.023764,0.023075,0.022476,0.021856,0.021315,0.020814,0.020348,0.019919,0.019518,0.019145,0.018804,0.018479,0.01818,0.017903,0.017639,0.017405,0.017182,0.016976,0.016787,0.01661,0.016449,0.016301,0.016168,0.016044,0.015933,0.015834,0.015744,0.01567,0.015603,0.015548,0.015501,0.015467,0.015442,0.015427
7.5633e-15,0.39967,0.22753,0.29748,2.3664,0.31348,0.22624,0.34126,2.6145,0.22327,0.10809,0.074174,0.05823,0.048398,0.041799,0.036972,0.033255,0.03035,0.027967,0.025983,0.024324,0.022864,0.021616,0.020522,0.019555,0.018697,0.017927,0.017232,0.016606,0.016034,0.015514,0.015039,0.014616,0.014202,0.013833,0.013492,0.013175,0.012886,0.012615,0.012364,0.012132,0.011917,0.011716,0.01153,0.011358,0.011198,0.01105,0.010913,0.010786,0.010669,0.010562,0.010464,0.010372,0.010293,0.010219,0.010154,0.010095,0.010044,0.0099999,0.0099627,0.0099328,0.0099087,0.0098915,0.0098809
1.2249e-14,0.46012,0.25318,0.31464,2.6725,0.21879,0.18014,0.22164,1.4399,0.13943,0.070096,0.051381,0.042067,0.036285,0.032193,0.029104,0.026665,0.024677,0.023013,0.0216,0.020383,0.019307,0.018368,0.017533,0.016788,0.016114,0.015506,0.014953,0.014454,0.01399,0.013568,0.013179,0.01282,0.012492,0.012185,0.011902,0.011639,0.011395,0.011168,0.010957,0.010763,0.010579,0.010409,0.010251,0.010099,0.0099679,0.0098409,0.0097234,0.0096147,0.0095143,0.0094221,0.0093371,0.0092623,0.0091901,0.0091262,0.0090691,0.0090167,0.0089738,0.0089353,0.0089025,0.0088746,0.008855,0.0088399,0.0088305
1.2573e-14,0.54416,0.27148,0.33234,3.2388,0.27275,0.19857,0.20065,1.46,0.14144,0.077755,0.060572,0.051455,0.045194,0.04071,0.037211,0.034393,0.032068,0.030084,0.028371,0.026887,0.025544,0.024368,0.023315,0.022367,0.021511,0.020734,0.020023,0.01938,0.018779,0.018231,0.017726,0.017266,0.016829,0.016429,0.016059,0.015714,0.015395,0.015097,0.014819,0.014561,0.014321,0.014098,0.01389,0.013692,0.013517,0.01335,0.013195,0.013052,0.01292,0.012799,0.012688,0.012588,0.012494,0.012411,0.012337,0.012272,0.012213,0.012164,0.012122,0.012087,0.012062,0.012043,0.012032
2.9753e-14,1.148,0.67467,0.70769,6.4095,0.51225,0.33394,0.3763,2.5136,0.2236,0.12667,0.1023,0.089597,0.080682,0.073839,0.068289,0.063619,0.059686,0.056257,0.053258,0.050685,0.048234,0.04613,0.044227,0.04251,0.04094,0.039517,0.038204,0.037013,0.035905,0.034888,0.033946,0.033147,0.032275,0.031524,0.030828,0.030173,0.029582,0.029019,0.028497,0.028015,0.027556,0.027133,0.026739,0.026372,0.026033,0.025716,0.025422,0.025153,0.024901,0.02467,0.024459,0.024258,0.024093,0.023934,0.023792,0.023661,0.023556,0.023461,0.023382,0.02332,0.023268,0.023232,0.023211
4.2529e-14,1.302,0.93425,0.88165,8.0286,0.72558,0.47438,0.52189,3.7589,0.38199,0.21532,0.16834,0.14329,0.12616,0.11373,0.10401,0.096079,0.089541,0.083961,0.079157,0.074987,0.071258,0.067994,0.065065,0.062446,0.060042,0.05788,0.055897,0.054104,0.052434,0.050909,0.049498,0.048277,0.047004,0.045885,0.04485,0.043889,0.043,0.042166,0.041392,0.040682,0.04,0.039376,0.038795,0.038243,0.037754,0.037287,0.036854,0.036456,0.036086,0.035747,0.035435,0.035158,0.034898,0.034664,0.034456,0.034263,0.03411,0.03397,0.033854,0.033757,0.033686,0.033634,0.033602
1.9223e-14,0.68711,0.40255,0.55633,3.6075,0.48372,0.37035,0.37694,2.8264,0.3025,0.15253,0.1127,0.09237,0.079488,0.070335,0.063382,0.057847,0.053407,0.049672,0.0465,0.04378,0.041388,0.039303,0.037451,0.035805,0.034323,0.032987,0.031771,0.03067,0.029666,0.028744,0.027898,0.027197,0.026403,0.025739,0.025125,0.024554,0.024029,0.023538,0.023082,0.022665,0.022267,0.0219,0.021561,0.021247,0.02095,0.020677,0.020425,0.020193,0.019976,0.019778,0.019596,0.019428,0.01928,0.019143,0.019021,0.018908,0.018817,0.018735,0.018666,0.018611,0.018566,0.018534,0.018515
1.5109e-14,0.52517,0.29682,0.39706,3.871,0.4078,0.24621,0.32237,2.0573,0.23125,0.11107,0.083047,0.0686,0.059318,0.052821,0.047904,0.044011,0.04086,0.038209,0.035947,0.034,0.032257,0.030738,0.029382,0.028172,0.027071,0.026079,0.025172,0.024353,0.023593,0.022899,0.02226,0.021697,0.021127,0.020622,0.020154,0.019718,0.019317,0.018941,0.018592,0.018271,0.017966,0.017684,0.017423,0.017176,0.016954,0.016744,0.01655,0.016371,0.016205,0.016053,0.015913,0.015786,0.015671,0.015566,0.015473,0.015388,0.015318,0.015255,0.015203,0.01516,0.015128,0.015104,0.01509
2.042e-14,0.61227,0.40641,0.45887,3.3738,0.53193,0.35552,0.44643,3.2183,0.3371,0.16143,0.11531,0.092822,0.078475,0.068645,0.061311,0.055586,0.051009,0.047226,0.044046,0.041344,0.038982,0.036937,0.035132,0.033532,0.032106,0.030822,0.029659,0.028611,0.027651,0.026776,0.025975,0.025257,0.024563,0.023938,0.023361,0.022825,0.022333,0.021874,0.021448,0.021055,0.020688,0.020348,0.020032,0.019738,0.019466,0.019213,0.01898,0.018765,0.018566,0.018383,0.018216,0.018062,0.017926,0.017802,0.01769,0.017592,0.017505,0.017431,0.017369,0.017319,0.017279,0.017251,0.017234
2.5041e-14,0.73587,0.51108,0.62847,4.0533,0.5552,0.37204,0.37604,3.1394,0.32097,0.15886,0.11906,0.097852,0.084382,0.074729,0.067391,0.061588,0.056859,0.05292,0.049576,0.046734,0.044191,0.04199,0.040037,0.038296,0.036733,0.035323,0.034044,0.032886,0.031819,0.030846,0.029952,0.029139,0.028372,0.027671,0.027022,0.026417,0.025864,0.025346,0.024864,0.02442,0.024003,0.023617,0.023259,0.022923,0.022616,0.022329,0.022064,0.021818,0.021592,0.021384,0.021194,0.021017,0.020863,0.020721,0.020594,0.02048,0.020383,0.020298,0.020227,0.020169,0.020124,0.020092,0.020072
5.1047e-14,1.9716,1.1606,1.2484,10.782,0.87714,0.59561,0.61043,3.9762,0.30238,0.20097,0.16462,0.14615,0.13231,0.12167,0.11291,0.1055,0.099163,0.093623,0.088744,0.084551,0.080533,0.07707,0.073935,0.071118,0.068508,0.066151,0.063978,0.062012,0.06016,0.05847,0.056904,0.055551,0.054119,0.052872,0.051712,0.050623,0.049633,0.048696,0.047823,0.047031,0.046254,0.045548,0.044891,0.044264,0.04371,0.043181,0.04269,0.042239,0.041819,0.041433,0.041079,0.040751,0.040466,0.0402,0.039963,0.039737,0.039569,0.039409,0.039277,0.039168,0.039086,0.039026,0.038991
4.7234e-14,1.621,1.0056,0.95251,9.2891,0.71548,0.46621,0.54342,3.5515,0.34835,0.20095,0.15737,0.13448,0.11921,0.10798,0.09913,0.091864,0.085872,0.080738,0.076282,0.072431,0.068897,0.065821,0.063051,0.06057,0.05829,0.05623,0.054337,0.052628,0.05103,0.049568,0.048217,0.04706,0.045822,0.044746,0.04375,0.042822,0.041967,0.041164,0.040418,0.039733,0.039076,0.038472,0.037912,0.037375,0.036904,0.036453,0.036034,0.035649,0.03529,0.034962,0.034661,0.034391,0.034139,0.033913,0.033711,0.033525,0.033376,0.033241,0.033128,0.033033,0.032965,0.032914,0.032883
3.4543e-14,0.99867,0.61318,0.5921,4.5912,0.50773,0.31815,0.36852,2.4874,0.2853,0.15236,0.11602,0.096838,0.084396,0.075513,0.068682,0.063186,0.058689,0.054875,0.051607,0.048793,0.04627,0.04407,0.042107,0.040348,0.038759,0.03732,0.036007,0.03481,0.03372,0.032715,0.03179,0.030979,0.030151,0.029418,0.028741,0.028109,0.027531,0.026988,0.026483,0.026016,0.025577,0.025171,0.024793,0.024447,0.024115,0.023812,0.023531,0.023272,0.023031,0.022812,0.022609,0.022419,0.022259,0.022108,0.021972,0.021851,0.021747,0.021657,0.021581,0.021522,0.021471,0.021437,0.021416
2.0788e-14,0.63158,0.36318,0.4806,3.9425,0.44833,0.28364,0.34098,2.495,0.23098,0.123,0.093589,0.077453,0.067734,0.060445,0.054853,0.05036,0.046689,0.043589,0.040939,0.038661,0.036623,0.03485,0.033269,0.031854,0.030581,0.029429,0.028379,0.027429,0.026551,0.02575,0.025012,0.024384,0.023706,0.023124,0.022586,0.022087,0.021625,0.021194,0.020794,0.020423,0.020076,0.019754,0.019455,0.019172,0.018918,0.018678,0.018456,0.018251,0.018061,0.017886,0.017726,0.017583,0.017449,0.01733,0.017223,0.017127,0.017045,0.016973,0.016914,0.016864,0.016827,0.0168,0.016784
1.3882e-14,0.63787,0.41947,0.52187,4.3251,0.57758,0.3712,0.45127,3.5062,0.33994,0.16787,0.12076,0.097364,0.082932,0.072895,0.06541,0.059562,0.054852,0.050947,0.047656,0.044836,0.042373,0.04023,0.038332,0.036636,0.035133,0.03377,0.032532,0.031408,0.030387,0.02945,0.02859,0.027825,0.027071,0.026397,0.025774,0.025196,0.024663,0.024166,0.023703,0.023274,0.022877,0.022506,0.022162,0.021844,0.021546,0.021269,0.021014,0.020779,0.020562,0.020362,0.020178,0.02001,0.01986,0.019723,0.0196,0.019492,0.019396,0.019313,0.019244,0.019188,0.019143,0.019112,0.019092
2.6369e-14,0.81974,0.53215,0.56182,4.098,0.56448,0.38057,0.44371,3.2968,0.31212,0.1547,0.11616,0.095942,0.082857,0.0736,0.066545,0.060941,0.056355,0.052517,0.049252,0.046455,0.043966,0.041804,0.039881,0.038169,0.036622,0.035229,0.03396,0.032812,0.031758,0.030793,0.029905,0.0291,0.028337,0.027639,0.026994,0.026393,0.025842,0.025326,0.024847,0.024403,0.023988,0.023603,0.023245,0.022911,0.022603,0.022317,0.022051,0.021807,0.02158,0.021373,0.021182,0.021006,0.020851,0.020709,0.020581,0.020468,0.020369,0.020284,0.020213,0.020155,0.02011,0.020078,0.020059
3.6814e-14,1.0684,0.66986,0.65286,5.1697,0.52097,0.32158,0.37149,2.4891,0.27384,0.14617,0.11329,0.096081,0.084966,0.076618,0.07007,0.06474,0.060302,0.05652,0.053262,0.050425,0.047895,0.045671,0.043679,0.041889,0.040271,0.038803,0.037459,0.036233,0.035116,0.034083,0.033131,0.032254,0.031443,0.030687,0.029989,0.029339,0.028738,0.028176,0.027655,0.027172,0.026717,0.026295,0.025904,0.02554,0.025199,0.024884,0.024592,0.024322,0.024072,0.023844,0.023632,0.02344,0.023266,0.023108,0.022966,0.022838,0.02273,0.022634,0.022554,0.022488,0.022436,0.022398,0.022374
7.4169e-14,1.8038,1.1427,0.95052,8.4901,0.64971,0.48041,0.50971,4.1099,0.3307,0.19105,0.15055,0.12892,0.11461,0.10398,0.09561,0.08871,0.082925,0.077951,0.073643,0.069883,0.066471,0.06349,0.060804,0.058363,0.056183,0.054187,0.052353,0.050686,0.04915,0.047737,0.046428,0.045289,0.044113,0.043073,0.04211,0.041214,0.040389,0.039612,0.038892,0.038209,0.037594,0.037011,0.036471,0.035963,0.0355,0.035064,0.03466,0.034289,0.033942,0.033626,0.033335,0.033072,0.032833,0.032615,0.03242,0.032256,0.032097,0.031967,0.031859,0.03177,0.031702,0.031652,0.031623
6.211e-14,1.8393,0.99113,0.99608,8.9849,0.76698,0.4904,0.67121,4.5752,0.39082,0.22849,0.18388,0.15825,0.14112,0.12804,0.11765,0.10907,0.10191,0.095755,0.090418,0.085825,0.081587,0.077907,0.074602,0.07163,0.068927,0.066475,0.064227,0.062191,0.060295,0.05856,0.056958,0.055546,0.054114,0.052841,0.051661,0.050558,0.04955,0.048601,0.047718,0.046904,0.04613,0.045417,0.044754,0.044129,0.043564,0.04303,0.042536,0.04208,0.041657,0.04127,0.040914,0.040585,0.040298,0.040032,0.039793,0.039575,0.039398,0.039238,0.039106,0.038997,0.038913,0.038853,0.038817
3.4361e-14,1.3975,0.85981,1.0848,7.7046,0.70513,0.48718,0.56309,3.388,0.33993,0.18063,0.14058,0.11915,0.1049,0.094539,0.086487,0.079906,0.074489,0.069848,0.065852,0.062391,0.059271,0.056545,0.054102,0.051909,0.049916,0.04811,0.046454,0.044958,0.043564,0.04229,0.041114,0.040135,0.039027,0.038094,0.037229,0.036425,0.035682,0.034987,0.034339,0.033742,0.033176,0.032653,0.032167,0.031706,0.031294,0.030903,0.03054,0.030206,0.029895,0.02961,0.029348,0.029111,0.028894,0.028697,0.028521,0.02836,0.028227,0.028107,0.028009,0.027926,0.027864,0.027819,0.027792
2.7292e-14,1.0026,0.56093,0.76255,6.3875,0.50865,0.33446,0.35252,2.8291,0.27774,0.15138,0.11672,0.098546,0.086613,0.077768,0.070869,0.06532,0.060656,0.056736,0.05337,0.050465,0.047858,0.045582,0.043549,0.041726,0.040083,0.038597,0.037237,0.036013,0.03487,0.033829,0.032872,0.032054,0.031173,0.030418,0.029718,0.029068,0.028465,0.027904,0.027382,0.0269,0.026446,0.026026,0.025636,0.025261,0.024935,0.024621,0.024331,0.024064,0.023816,0.023588,0.023379,0.023193,0.023016,0.02286,0.02272,0.022593,0.022487,0.022392,0.022314,0.022246,0.022199,0.022162,0.02214
