2.4078e-14,1.4762,0.81585,0.93081,5.8247,0.77961,0.51789,0.67728,4.1882,0.43962,0.22449,0.16588,0.13586,0.11735,0.10399,0.093868,0.085842,0.079344,0.073906,0.06929,0.06534,0.061833,0.058788,0.056083,0.053661,0.051502,0.049547,0.047765,0.046153,0.044677,0.043323,0.042078,0.041011,0.039881,0.038903,0.037998,0.037158,0.036383,0.03566,0.034989,0.034362,0.033785,0.033246,0.032746,0.032277,0.031845,0.031444,0.031073,0.030731,0.030413,0.030122,0.029856,0.029613,0.029392,0.029193,0.029015,0.028859,0.028719,0.0286,0.028501,0.028418,0.028356,0.028311,0.028284
1.6214e-14,0.88305,0.6123,0.53761,3.9361,0.45987,0.30815,0.41532,2.4657,0.26194,0.13062,0.096053,0.078379,0.066931,0.059023,0.053073,0.048358,0.044591,0.04143,0.038754,0.036477,0.034462,0.03271,0.031159,0.029782,0.028545,0.027429,0.026419,0.025505,0.024665,0.023899,0.023196,0.022583,0.021955,0.021404,0.020895,0.020423,0.019987,0.019582,0.019205,0.01886,0.018531,0.018229,0.017948,0.017685,0.017446,0.017222,0.017014,0.016823,0.016645,0.016483,0.016334,0.016199,0.016075,0.015964,0.015864,0.015773,0.015699,0.015632,0.015577,0.01553,0.015496,0.01547,0.015455
2.6625e-14,1.1065,0.86254,0.87824,6.1532,1.0202,0.62732,0.76589,5.6392,0.54201,0.24787,0.17916,0.14449,0.12305,0.10809,0.096887,0.088083,0.081043,0.075186,0.070241,0.066033,0.062345,0.059141,0.056308,0.05379,0.051544,0.049516,0.047678,0.046014,0.044497,0.043109,0.041837,0.040756,0.039594,0.038599,0.037679,0.036828,0.036041,0.035308,0.03463,0.034,0.033414,0.032869,0.032364,0.031895,0.031459,0.031054,0.030681,0.030338,0.030018,0.029726,0.029459,0.029213,0.028993,0.028793,0.028614,0.028455,0.028316,0.028198,0.028098,0.028017,0.027953,0.027908,0.027881
2.5428e-14,0.93451,0.6797,0.67903,5.5519,0.84447,0.56802,0.72777,4.9864,0.46902,0.2256,0.1635,0.13262,0.11292,0.099319,0.089103,0.081106,0.07465,0.069297,0.064778,0.060935,0.057547,0.054611,0.052012,0.049695,0.047634,0.04577,0.044076,0.042557,0.041148,0.039867,0.038693,0.037698,0.036617,0.035697,0.034847,0.034059,0.03333,0.032651,0.032022,0.031437,0.030894,0.030388,0.02992,0.029474,0.029076,0.0287,0.028352,0.028032,0.027734,0.027461,0.027211,0.026984,0.026774,0.026587,0.02642,0.02627,0.02614,0.026027,0.025934,0.025854,0.025796,0.025753,0.025727
2.5073e-14,1.0144,0.85309,0.973,6.7001,1.0469,0.64464,0.80099,5.1912,0.47926,0.24903,0.18357,0.14989,0.12838,0.11332,0.10194,0.09303,0.085739,0.079703,0.074592,0.070258,0.066381,0.063044,0.060083,0.057445,0.055086,0.052955,0.051018,0.049267,0.047663,0.046195,0.044849,0.043635,0.042468,0.041412,0.040435,0.039524,0.038693,0.037913,0.037189,0.036521,0.035893,0.035312,0.034773,0.034274,0.033804,0.033372,0.032973,0.032604,0.032263,0.03195,0.031663,0.031391,0.031164,0.030949,0.030757,0.030583,0.030437,0.030308,0.030202,0.030116,0.030045,0.029996,0.029967
3.2401e-14,1.4359,1.4067,1.4236,9.7245,1.3914,0.7974,0.66382,3.9457,0.39131,0.25284,0.20843,0.1814,0.16195,0.14707,0.13512,0.12515,0.1169,0.10976,0.10358,0.098211,0.093348,0.089089,0.085262,0.081829,0.0787,0.075866,0.07327,0.070905,0.068735,0.066736,0.064893,0.063336,0.061617,0.060155,0.0588,0.057537,0.056374,0.055284,0.054271,0.053334,0.052451,0.051633,0.050874,0.050168,0.049508,0.048897,0.048332,0.047811,0.047326,0.046883,0.046477,0.046098,0.045769,0.045465,0.045192,0.044947,0.044739,0.044558,0.044407,0.044284,0.044186,0.044117,0.044076
3.3013e-14,1.0256,0.86897,0.82269,5.178,0.6816,0.40097,0.42184,2.8267,0.24763,0.13898,0.10917,0.093185,0.082385,0.074431,0.068137,0.062923,0.058698,0.055035,0.05187,0.049128,0.046657,0.044495,0.042554,0.04081,0.039238,0.037806,0.036492,0.035302,0.034208,0.033201,0.032273,0.031537,0.030626,0.029891,0.02921,0.028576,0.027991,0.027443,0.026935,0.026464,0.026021,0.02561,0.025229,0.024874,0.024543,0.024236,0.023952,0.023691,0.023447,0.023224,0.023019,0.02283,0.022663,0.02251,0.022372,0.022249,0.022143,0.022051,0.021976,0.021912,0.021863,0.021828,0.021807
4.8793e-14,1.0468,0.65157,0.6075,3.6062,0.46102,0.27878,0.36589,2.4312,0.24321,0.12605,0.095318,0.079056,0.068449,0.060832,0.055014,0.050384,0.046601,0.043443,0.040761,0.038464,0.036423,0.034645,0.033061,0.031646,0.030373,0.029223,0.028175,0.027227,0.026352,0.025553,0.024816,0.024182,0.023518,0.02294,0.022404,0.021906,0.021448,0.021019,0.020622,0.020253,0.019908,0.019588,0.019291,0.019013,0.018758,0.018519,0.018298,0.018096,0.017907,0.017734,0.017575,0.017429,0.0173,0.017181,0.017075,0.01698,0.016898,0.016827,0.016768,0.01672,0.016682,0.016655,0.01664
5.4331e-14,1.4606,0.80156,0.85649,6.7566,1.3059,0.96274,1.2654,8.9761,0.80445,0.3936,0.27914,0.2222,0.18726,0.16305,0.14511,0.13119,0.1201,0.11098,0.10333,0.096856,0.091202,0.086323,0.082023,0.078224,0.074827,0.071777,0.069018,0.066548,0.064262,0.062193,0.060298,0.058686,0.056962,0.055488,0.054127,0.052865,0.051704,0.050623,0.04962,0.048697,0.047826,0.047023,0.046278,0.045573,0.044943,0.044347,0.043797,0.04329,0.042819,0.042388,0.041992,0.04163,0.041304,0.041007,0.040741,0.0405,0.040298,0.040119,0.039969,0.039843,0.039748,0.039678,0.039634
3.724e-14,1.6458,1.0776,1.2374,9.0675,1.799,1.2857,1.6998,11.989,1.0949,0.53052,0.37775,0.30073,0.25308,0.22015,0.1958,0.17698,0.16203,0.14972,0.1394,0.13067,0.12303,0.11644,0.11064,0.1055,0.10093,0.096809,0.093086,0.089745,0.086662,0.083868,0.08131,0.079095,0.076806,0.074815,0.072975,0.071268,0.069704,0.068242,0.066885,0.065641,0.064462,0.063376,0.062369,0.061423,0.060567,0.059761,0.059016,0.05833,0.057693,0.057109,0.056573,0.05608,0.055644,0.055242,0.054882,0.054552,0.054282,0.054039,0.053837,0.053671,0.053541,0.053447,0.053389
5.4654e-14,1.2222,0.78912,0.82037,5.9771,0.76528,0.53211,0.64755,3.9286,0.41149,0.20146,0.1497,0.12278,0.10577,0.093626,0.0844,0.077063,0.071154,0.06619,0.061973,0.058376,0.055181,0.052408,0.049948,0.047762,0.045789,0.044014,0.042401,0.040939,0.039602,0.038378,0.037253,0.036331,0.035267,0.034385,0.03357,0.032811,0.032115,0.031465,0.03086,0.030304,0.029777,0.029291,0.02884,0.028425,0.028032,0.027671,0.027336,0.027029,0.026743,0.026481,0.02624,0.026016,0.025823,0.025643,0.025482,0.025335,0.025213,0.025105,0.025015,0.024943,0.024883,0.024842,0.024817
3.1487e-14,1.1117,0.91612,1.0663,7.7697,1.021,0.65469,0.71649,4.2369,0.41608,0.23651,0.18086,0.15242,0.13363,0.11986,0.10913,0.10044,0.093274,0.087202,0.081993,0.077511,0.07348,0.069975,0.066844,0.06403,0.06151,0.059221,0.057132,0.055231,0.053493,0.051895,0.050424,0.04912,0.047818,0.046658,0.045584,0.044583,0.043665,0.042804,0.042004,0.041259,0.040569,0.039925,0.039326,0.038773,0.038252,0.037772,0.037328,0.036919,0.036539,0.036191,0.035871,0.035573,0.035316,0.035077,0.034863,0.034674,0.034508,0.034364,0.034245,0.034149,0.034072,0.034018,0.033986
2.5434e-14,1.1324,0.93269,0.99365,7.1872,0.95963,0.51974,0.53097,3.5579,0.35447,0.19852,0.15305,0.12915,0.11328,0.10174,0.092799,0.085578,0.079599,0.074528,0.07017,0.066409,0.063019,0.060062,0.057417,0.05505,0.052901,0.050961,0.049185,0.047577,0.04609,0.04473,0.043475,0.042378,0.041251,0.040261,0.039343,0.03849,0.037701,0.036964,0.03628,0.035647,0.035051,0.034499,0.033987,0.033502,0.033067,0.032655,0.032274,0.031923,0.031598,0.031299,0.031025,0.030777,0.030549,0.030345,0.030162,0.029997,0.029857,0.029735,0.029633,0.029548,0.029485,0.029439,0.029411
1.1369e-13,1.9893,0.83831,0.77123,5.3497,0.66758,0.49249,0.66277,4.292,0.37852,0.20248,0.15439,0.12927,0.11201,0.1001,0.090929,0.083523,0.077482,0.072363,0.067988,0.064214,0.06086,0.057931,0.055317,0.052983,0.050877,0.04897,0.047232,0.04566,0.04421,0.042884,0.04166,0.040664,0.039506,0.038542,0.037653,0.036823,0.036063,0.035349,0.034688,0.034076,0.0335,0.032966,0.032471,0.032012,0.031584,0.031187,0.030819,0.030482,0.030166,0.029879,0.029614,0.029369,0.029158,0.028959,0.028783,0.028623,0.028488,0.028371,0.028272,0.028194,0.02813,0.028085,0.028059
8.5863e-14,1.9543,1.0125,1.1212,9.0137,1.4195,0.97375,1.4224,9.3597,0.78655,0.40416,0.28948,0.23287,0.19675,0.1722,0.15389,0.13956,0.12813,0.11865,0.11068,0.10395,0.097979,0.092843,0.08831,0.084299,0.080697,0.077469,0.074542,0.071922,0.06948,0.067275,0.065253,0.063521,0.061689,0.060114,0.058658,0.057302,0.056063,0.054904,0.05383,0.052844,0.051906,0.051045,0.050245,0.049484,0.048814,0.048175,0.047583,0.04704,0.046536,0.046073,0.045649,0.045257,0.044912,0.044595,0.044311,0.04405,0.043839,0.043649,0.043491,0.043358,0.043258,0.043186,0.043143
4.1985e-14,1.5712,0.96834,1.1595,8.2756,1.517,0.98831,1.4221,9.319,0.83686,0.4148,0.29882,0.24091,0.20345,0.17806,0.15913,0.14432,0.13248,0.12269,0.11446,0.10748,0.10134,0.09604,0.091366,0.087225,0.083511,0.080182,0.077163,0.074453,0.071939,0.069665,0.06758,0.065778,0.063899,0.062276,0.060772,0.059376,0.058096,0.056901,0.055788,0.054771,0.053805,0.052915,0.05209,0.05131,0.050616,0.049956,0.049345,0.048784,0.048264,0.047786,0.047348,0.046948,0.046591,0.046264,0.045971,0.045704,0.045486,0.045287,0.045125,0.04499,0.044887,0.044813,0.044769
1.3161e-13,2.4019,1.0963,0.90886,6.019,0.86206,0.53181,0.79162,5.963,0.53621,0.2697,0.20162,0.16601,0.14317,0.127,0.11471,0.10496,0.097041,0.090408,0.084773,0.079907,0.075658,0.071934,0.068621,0.065668,0.063018,0.060615,0.058433,0.056447,0.054638,0.052975,0.051446,0.050131,0.048755,0.04755,0.046438,0.045407,0.044455,0.043563,0.042736,0.041972,0.041258,0.040593,0.039975,0.039405,0.038872,0.038374,0.037917,0.037496,0.037102,0.036743,0.036412,0.036112,0.035842,0.035593,0.035373,0.035176,0.035004,0.034857,0.034732,0.034631,0.034552,0.034496,0.034461
3.791e-14,1.4904,0.92737,1.0861,7.7247,1.124,0.70574,0.91373,5.7714,0.54753,0.27888,0.20634,0.16939,0.14578,0.12912,0.11647,0.10645,0.098294,0.091481,0.0857,0.080753,0.076355,0.07254,0.069153,0.066106,0.063421,0.060973,0.058749,0.056739,0.054881,0.053188,0.051633,0.050221,0.048884,0.047664,0.046535,0.045486,0.044519,0.043616,0.042776,0.041992,0.041273,0.040599,0.039971,0.039378,0.038848,0.038345,0.03788,0.037451,0.037054,0.036689,0.036354,0.036051,0.035772,0.03552,0.035295,0.035097,0.03492,0.034768,0.03464,0.034534,0.034456,0.034399,0.034364
3.4514e-14,1.0971,0.67323,0.81019,6.1793,0.95893,0.65372,0.67651,4.9958,0.49592,0.2523,0.18422,0.14967,0.12778,0.11268,0.10135,0.092448,0.085252,0.079275,0.074215,0.069923,0.066086,0.062778,0.059844,0.057221,0.054893,0.052783,0.050864,0.049141,0.047536,0.046082,0.044745,0.043556,0.042386,0.04134,0.040371,0.039471,0.038642,0.037868,0.037149,0.036481,0.035863,0.035286,0.03475,0.034238,0.03379,0.03336,0.032964,0.032598,0.032259,0.031948,0.031663,0.031405,0.031168,0.030955,0.030764,0.030596,0.030448,0.03032,0.030214,0.030124,0.030059,0.030012,0.029983
4.0309e-14,1.327,0.89669,1.0374,8.5669,1.1998,0.72957,0.79789,5.3447,0.50741,0.2707,0.20665,0.1737,0.15087,0.13484,0.12246,0.11255,0.10439,0.097536,0.091678,0.086701,0.082149,0.078222,0.074721,0.071584,0.068764,0.066208,0.063878,0.061778,0.059816,0.058033,0.056392,0.054891,0.05348,0.052188,0.050989,0.049868,0.048845,0.047884,0.046991,0.046164,0.04539,0.044671,0.044004,0.043369,0.042805,0.042268,0.041773,0.041315,0.040892,0.040503,0.040147,0.039815,0.039527,0.039261,0.039023,0.03881,0.038628,0.038468,0.038335,0.038225,0.038142,0.038082,0.038046
1.56e-13,2.62,1.1257,0.98462,6.8321,0.98638,0.63283,0.86247,6.1385,0.51455,0.2679,0.20793,0.17611,0.1544,0.13881,0.12667,0.11683,0.10871,0.10181,0.095874,0.090718,0.086156,0.08213,0.078531,0.075304,0.072392,0.069746,0.067335,0.065142,0.063118,0.061264,0.059553,0.058066,0.056531,0.055179,0.053928,0.052766,0.051689,0.050683,0.04975,0.048885,0.048074,0.047321,0.04662,0.045964,0.045366,0.044803,0.044283,0.043805,0.04336,0.042952,0.042577,0.042239,0.041929,0.041648,0.041398,0.041174,0.040982,0.040816,0.040675,0.040561,0.040473,0.040411,0.040373
1.1187e-13,2.1342,1.0135,1.0204,7.2236,1.0717,0.72871,0.88936,6.3483,0.5452,0.27402,0.20485,0.17014,0.14769,0.13169,0.11942,0.10959,0.10155,0.094781,0.089005,0.084039,0.079612,0.075755,0.072319,0.069234,0.066486,0.063987,0.061711,0.059643,0.057746,0.056009,0.054408,0.053022,0.051579,0.050322,0.049157,0.048074,0.047075,0.046142,0.045275,0.044467,0.043722,0.043024,0.042376,0.041771,0.041215,0.040694,0.040213,0.039771,0.03936,0.038983,0.038636,0.03832,0.038036,0.037777,0.037545,0.037341,0.03716,0.037004,0.036875,0.036769,0.036686,0.036627,0.036593
5.4795e-14,1.9686,1.1431,1.3735,10.685,1.6301,1.0766,1.2827,7.3296,0.74224,0.36955,0.27452,0.22754,0.1964,0.17476,0.15825,0.14515,0.13435,0.12532,0.11762,0.11101,0.10512,0.099998,0.095438,0.091355,0.087696,0.084381,0.081367,0.078628,0.076119,0.07382,0.071707,0.069804,0.067957,0.066295,0.064756,0.063326,0.062003,0.060773,0.059629,0.058566,0.057576,0.056655,0.0558,0.055002,0.054265,0.05358,0.052947,0.052361,0.05182,0.051324,0.050868,0.050453,0.050075,0.049736,0.049431,0.04916,0.048925,0.048722,0.048553,0.048412,0.048305,0.048229,0.048183
3.679e-14,1.4943,0.91834,1.1098,9.33,1.3829,0.85263,0.90951,6.2531,0.60719,0.30165,0.2252,0.18549,0.15945,0.14116,0.12728,0.11628,0.10735,0.099908,0.093582,0.088193,0.083388,0.079225,0.07553,0.072245,0.069279,0.066611,0.064186,0.062007,0.059977,0.058135,0.056443,0.054944,0.053455,0.052126,0.050898,0.049758,0.048705,0.047725,0.046814,0.045973,0.045182,0.04445,0.043772,0.043122,0.042551,0.042008,0.041505,0.04104,0.04061,0.040216,0.039855,0.039528,0.039225,0.038955,0.038713,0.038496,0.038312,0.03815,0.038015,0.0379,0.037818,0.037757,0.03772
1.0434e-13,1.8984,0.86478,0.77024,5.2184,0.76539,0.52796,0.57671,4.0468,0.36275,0.20296,0.15674,0.13179,0.11499,0.10288,0.093546,0.086014,0.079855,0.074641,0.070182,0.066351,0.062912,0.059914,0.057242,0.054852,0.052695,0.050742,0.048965,0.04735,0.04586,0.044496,0.043239,0.042103,0.041018,0.040028,0.039111,0.038256,0.037471,0.036736,0.036053,0.035425,0.034828,0.034278,0.033766,0.033289,0.03285,0.03244,0.03206,0.03171,0.031387,0.03109,0.030817,0.030564,0.030345,0.030141,0.029959,0.029791,0.029656,0.029534,0.029431,0.02935,0.029284,0.029239,0.029212
1.0897e-13,2.4009,1.1333,1.1554,9.0445,1.2137,0.9151,0.99793,6.4434,0.65377,0.34746,0.26486,0.22131,0.19177,0.17115,0.15527,0.14256,0.1321,0.12331,0.1158,0.10939,0.1036,0.098589,0.094124,0.090131,0.086538,0.083287,0.080326,0.077646,0.075171,0.072909,0.070827,0.069009,0.067148,0.065508,0.063991,0.062576,0.061282,0.060067,0.058939,0.057894,0.056915,0.056007,0.055164,0.054375,0.053649,0.052974,0.052348,0.051772,0.051236,0.050747,0.050297,0.049876,0.049516,0.049179,0.048878,0.048609,0.048378,0.048177,0.04801,0.047874,0.047766,0.047691,0.047645
3.7712e-14,1.3182,0.86347,1.1196,7.4379,1.3695,0.90439,1.0019,6.351,0.63233,0.31601,0.22865,0.18579,0.15868,0.13989,0.12575,0.11465,0.10563,0.09815,0.091824,0.086406,0.08166,0.077526,0.073862,0.070608,0.067675,0.065037,0.062643,0.060481,0.05849,0.056676,0.05501,0.053539,0.052069,0.050764,0.049557,0.048439,0.047404,0.046441,0.045547,0.044726,0.043945,0.043227,0.042561,0.041931,0.041365,0.040832,0.040338,0.039883,0.039461,0.039074,0.038719,0.0384,0.038103,0.037837,0.037599,0.03738,0.037204,0.037045,0.036911,0.036799,0.036717,0.036656,0.036619
3.7999e-14,1.128,0.76302,0.98691,6.8358,0.99185,0.61133,0.72067,4.6087,0.43495,0.22416,0.16931,0.14121,0.12238,0.10893,0.098597,0.090316,0.08357,0.077893,0.073049,0.068946,0.0652,0.061984,0.059125,0.056569,0.054277,0.052205,0.050317,0.048618,0.047038,0.045602,0.044282,0.043158,0.041947,0.040911,0.039951,0.039052,0.038237,0.037471,0.036757,0.036097,0.03548,0.034907,0.034376,0.033874,0.033421,0.032995,0.032601,0.032238,0.031901,0.031592,0.031309,0.031041,0.030817,0.030605,0.030416,0.030247,0.030102,0.029974,0.029869,0.029783,0.029716,0.029668,0.02964
3.2634e-14,1.3743,0.97435,1.0485,7.9308,1.0466,0.63043,0.66964,4.6015,0.46118,0.24884,0.19011,0.15902,0.13829,0.12352,0.11215,0.10306,0.095543,0.089231,0.083832,0.079196,0.075047,0.071448,0.068242,0.065374,0.062788,0.06045,0.058315,0.056385,0.0546,0.052969,0.051468,0.050174,0.048807,0.047624,0.046528,0.04551,0.04457,0.043692,0.042875,0.042122,0.041412,0.040755,0.040146,0.039568,0.039051,0.038561,0.038108,0.037691,0.037304,0.036949,0.036623,0.036329,0.036058,0.035815,0.035597,0.0354,0.035236,0.03509,0.034969,0.034867,0.034793,0.034738,0.034705
2.3528e-14,0.92863,0.86426,1.0009,6.3594,0.76295,0.44632,0.44665,2.8086,0.2778,0.16412,0.12967,0.11083,0.097874,0.088217,0.080613,0.074402,0.069226,0.064819,0.061022,0.057731,0.054776,0.052193,0.04988,0.047803,0.045929,0.044229,0.042673,0.041268,0.039964,0.038772,0.037674,0.036723,0.035728,0.034859,0.034055,0.033308,0.032617,0.031971,0.031371,0.030814,0.030294,0.029809,0.02936,0.028934,0.028552,0.028191,0.027856,0.027548,0.027261,0.026998,0.026756,0.026538,0.026338,0.026157,0.025994,0.025851,0.025724,0.025615,0.025525,0.025448,0.025392,0.02535,0.025324
5.0587e-14,2.1357,1.5398,1.1907,7.8818,1.0226,0.55327,0.6077,3.7939,0.42771,0.25124,0.2011,0.17202,0.15232,0.13759,0.12594,0.11607,0.10845,0.10166,0.095794,0.090762,0.086147,0.082148,0.078561,0.075351,0.072431,0.06979,0.067364,0.065175,0.06315,0.061294,0.059581,0.058269,0.056548,0.055194,0.053939,0.052764,0.051694,0.050686,0.04975,0.048891,0.048068,0.047312,0.046612,0.045956,0.045351,0.044786,0.044265,0.043787,0.043338,0.042929,0.042554,0.042199,0.041901,0.041621,0.041369,0.041136,0.04095,0.040783,0.040645,0.040532,0.040441,0.040378,0.04034
4.8341e-14,1.361,0.89566,1.0388,6.7843,0.83346,0.61366,0.66283,4.498,0.45803,0.23727,0.17907,0.1493,0.13014,0.11615,0.1054,0.09677,0.089698,0.083738,0.078648,0.074264,0.070364,0.066963,0.063933,0.061222,0.058779,0.056574,0.054567,0.052735,0.051064,0.049528,0.048114,0.046855,0.045617,0.044504,0.043473,0.042516,0.041633,0.040808,0.040041,0.03933,0.038666,0.03805,0.037476,0.036944,0.036449,0.035989,0.035564,0.035172,0.034808,0.034474,0.034169,0.033888,0.033637,0.033407,0.033203,0.03302,0.032862,0.032724,0.032608,0.032515,0.032442,0.03239,0.032358
3.8787e-14,1.5563,1.0155,1.1405,8.0617,1.0837,0.68664,0.8039,4.6968,0.46519,0.22993,0.17446,0.14594,0.12681,0.11319,0.10269,0.094271,0.087376,0.081557,0.076585,0.07233,0.068499,0.065179,0.062219,0.059579,0.057192,0.055038,0.053071,0.051296,0.04966,0.048162,0.046785,0.045599,0.044346,0.04326,0.042257,0.041321,0.040463,0.039659,0.038913,0.038221,0.037574,0.036973,0.036416,0.035896,0.035413,0.034965,0.034552,0.03417,0.033815,0.033491,0.033193,0.032916,0.032675,0.032452,0.032252,0.032074,0.031919,0.031784,0.031674,0.031582,0.031509,0.031458,0.031426
6.4825e-14,2.4624,1.3897,1.5967,11.676,1.217,0.84904,1.0338,6.2672,0.61693,0.31353,0.23407,0.19327,0.16696,0.14847,0.13438,0.12324,0.11412,0.10648,0.099944,0.094373,0.089351,0.085002,0.081132,0.077672,0.074552,0.071734,0.069179,0.066864,0.064708,0.062751,0.060948,0.059267,0.057763,0.056345,0.055031,0.05381,0.052687,0.051635,0.050657,0.049756,0.048905,0.048119,0.047387,0.046689,0.046079,0.045493,0.04495,0.044448,0.043985,0.043559,0.043169,0.042816,0.042492,0.042198,0.041936,0.041698,0.0415,0.041324,0.041174,0.041051,0.040961,0.040893,0.040852
2.6869e-14,1.0629,0.78052,0.73974,6.5746,0.73654,0.48784,0.55407,3.0065,0.32625,0.17638,0.13521,0.11345,0.099138,0.088845,0.08088,0.074504,0.06919,0.064722,0.060888,0.057594,0.054627,0.052044,0.049738,0.047673,0.045806,0.044116,0.042577,0.041185,0.039889,0.038708,0.037622,0.036622,0.035691,0.034833,0.034037,0.033296,0.032614,0.031976,0.031382,0.030836,0.030317,0.02984,0.029395,0.028973,0.028598,0.028242,0.027912,0.027607,0.027325,0.027067,0.02683,0.026614,0.026417,0.02624,0.026081,0.025935,0.025818,0.025711,0.025623,0.025548,0.025494,0.025454,0.02543
2.6904e-14,1.1612,0.90806,0.9378,6.535,0.68739,0.41453,0.4785,3.1741,0.32093,0.18171,0.14076,0.11905,0.10435,0.093633,0.085267,0.078519,0.072891,0.068147,0.06407,0.060575,0.057411,0.054664,0.052211,0.050017,0.048034,0.046239,0.0446,0.043121,0.041749,0.040497,0.039345,0.038387,0.037303,0.036394,0.035552,0.034768,0.034047,0.033373,0.032746,0.032168,0.031621,0.031116,0.030648,0.030206,0.029806,0.029429,0.029081,0.028761,0.028462,0.028189,0.027939,0.027709,0.027503,0.027316,0.027148,0.026996,0.026869,0.026757,0.026664,0.026587,0.026528,0.026486,0.026461
2.603e-14,1.1474,0.81544,0.75489,4.8776,0.5512,0.32617,0.36351,2.3218,0.22672,0.1293,0.10218,0.087005,0.076716,0.069161,0.063218,0.058248,0.054361,0.050938,0.04798,0.045457,0.043131,0.04112,0.039318,0.037701,0.036239,0.034912,0.033695,0.032602,0.031582,0.03065,0.029793,0.029109,0.02827,0.027591,0.026962,0.026374,0.025837,0.025332,0.024863,0.024429,0.024019,0.02364,0.02329,0.022956,0.022656,0.022374,0.022113,0.021873,0.021648,0.021443,0.021255,0.021078,0.020926,0.020786,0.020659,0.020544,0.020449,0.020365,0.020295,0.020237,0.020192,0.02016,0.02014
5.4702e-14,1.4422,0.94113,0.96541,6.009,0.69173,0.43038,0.56895,3.3854,0.338,0.1747,0.12948,0.10659,0.092246,0.082052,0.074287,0.068089,0.063059,0.058823,0.055214,0.052139,0.049355,0.046958,0.04482,0.042915,0.04119,0.039639,0.038224,0.036941,0.035764,0.034685,0.033691,0.032824,0.031939,0.031158,0.030435,0.02976,0.029145,0.028564,0.028028,0.027532,0.027064,0.026632,0.02623,0.025856,0.02551,0.025189,0.024891,0.024617,0.024362,0.024128,0.023915,0.023716,0.023543,0.023383,0.02324,0.02311,0.023002,0.022906,0.022826,0.022761,0.022711,0.022675,0.022653
5.8431e-14,2.0639,1.6782,1.5537,11.035,1.2542,0.73748,0.89614,5.8823,0.58042,0.30362,0.23338,0.19554,0.17122,0.15344,0.13969,0.12865,0.11948,0.11175,0.10512,0.099395,0.094287,0.08983,0.085844,0.082288,0.07905,0.076136,0.073473,0.071055,0.068835,0.066797,0.064918,0.063275,0.061598,0.060114,0.05874,0.057463,0.056286,0.055182,0.054161,0.053226,0.052323,0.051499,0.050733,0.050018,0.049357,0.048743,0.048174,0.04765,0.047163,0.046716,0.046308,0.045932,0.045597,0.04529,0.045017,0.044759,0.044562,0.04438,0.044227,0.044102,0.044005,0.043936,0.043895
3.2007e-14,1.2657,1.067,1.0014,8.0124,0.85356,0.55094,0.56157,3.2903,0.35618,0.19835,0.15505,0.132,0.11665,0.10521,0.096226,0.088934,0.082814,0.077624,0.073147,0.069283,0.065796,0.06275,0.060023,0.057598,0.055359,0.05335,0.051518,0.049853,0.048307,0.046894,0.045592,0.044385,0.043279,0.042248,0.041291,0.040401,0.039579,0.038811,0.038097,0.03745,0.036813,0.036237,0.035701,0.035194,0.03474,0.03431,0.033911,0.033543,0.033203,0.03289,0.032603,0.032343,0.032105,0.031891,0.031699,0.031515,0.03138,0.031252,0.031145,0.031055,0.030989,0.030941,0.030912
2.2487e-14,0.94253,0.71604,0.74621,5.7093,0.57223,0.35379,0.39921,2.6676,0.26247,0.1453,0.11331,0.095873,0.084228,0.075634,0.068905,0.063438,0.058941,0.05512,0.051836,0.049022,0.046475,0.04426,0.042282,0.040513,0.038914,0.037466,0.036146,0.034948,0.033844,0.032833,0.031902,0.031087,0.030252,0.029518,0.028838,0.028204,0.027621,0.027075,0.026569,0.0261,0.025659,0.02525,0.024871,0.024513,0.024189,0.023885,0.023603,0.023342,0.023101,0.02288,0.022677,0.02249,0.022324,0.022172,0.022036,0.021913,0.021809,0.021718,0.021642,0.021578,0.02153,0.021496,0.021475
2.5162e-14,1.1574,0.96996,0.94813,6.1989,0.67713,0.4262,0.45929,2.8487,0.28782,0.16022,0.12487,0.10576,0.092875,0.08344,0.076075,0.070133,0.065185,0.061003,0.057409,0.054318,0.051527,0.049096,0.046925,0.044984,0.043221,0.041628,0.040179,0.038862,0.037642,0.036528,0.035503,0.034549,0.033682,0.032872,0.032121,0.031421,0.030778,0.030176,0.029615,0.029101,0.028611,0.02816,0.02774,0.027345,0.026988,0.026652,0.026341,0.026053,0.025787,0.025543,0.025319,0.025113,0.02493,0.024762,0.024613,0.024475,0.024364,0.024264,0.02418,0.024111,0.024059,0.024021,0.023998
5.7721e-14,1.8436,1.4993,1.4357,8.2773,1.0082,0.55981,0.64479,4.1544,0.37612,0.21174,0.16457,0.13982,0.12329,0.11112,0.10156,0.09377,0.087332,0.081837,0.077092,0.073031,0.069312,0.066087,0.0632,0.060627,0.05826,0.056138,0.054193,0.052428,0.050802,0.049308,0.047932,0.046714,0.045492,0.044403,0.043392,0.042448,0.041585,0.040773,0.04002,0.039335,0.038665,0.038057,0.037492,0.036965,0.036475,0.036021,0.0356,0.035211,0.034851,0.03452,0.034219,0.033933,0.03369,0.033462,0.033259,0.033066,0.032921,0.032784,0.03267,0.032578,0.032503,0.032451,0.03242
4.6901e-14,1.7492,1.3573,1.36,7.8735,0.96984,0.59289,0.63687,4.3064,0.41593,0.22437,0.17143,0.1441,0.12624,0.11336,0.10341,0.095374,0.088748,0.083126,0.078297,0.074153,0.070378,0.067105,0.064178,0.061584,0.059174,0.057023,0.055061,0.053275,0.051627,0.050117,0.048725,0.047445,0.046258,0.045155,0.044133,0.043178,0.042306,0.041486,0.040724,0.040043,0.039354,0.03874,0.038168,0.037635,0.037142,0.036683,0.036258,0.035865,0.035502,0.035168,0.034863,0.034576,0.034331,0.034103,0.033898,0.033694,0.033559,0.033422,0.033307,0.033215,0.033141,0.03309,0.033058
4.5989e-14,1.8133,1.6262,1.6782,11.074,1.1727,0.7055,0.65452,4.2111,0.42585,0.25095,0.19977,0.17084,0.15119,0.13647,0.12484,0.1154,0.10745,0.10071,0.094891,0.089839,0.085323,0.081355,0.077799,0.074638,0.071718,0.069098,0.066706,0.064527,0.062525,0.060685,0.058991,0.057463,0.05598,0.054638,0.053395,0.05224,0.051169,0.050169,0.049241,0.048403,0.047574,0.046825,0.04613,0.045479,0.044878,0.044319,0.043803,0.043325,0.042883,0.042477,0.042105,0.041767,0.041456,0.041177,0.040928,0.040686,0.040513,0.040346,0.040207,0.04009,0.040003,0.03994,0.039901
3.4008e-14,1.5132,1.3866,1.3776,9.1777,0.96843,0.56482,0.593,3.7445,0.3885,0.22524,0.17936,0.15323,0.13532,0.12199,0.11149,0.10296,0.095778,0.089704,0.084466,0.079945,0.075866,0.072306,0.069122,0.066259,0.063683,0.061342,0.059206,0.057268,0.055476,0.053836,0.052326,0.05097,0.049646,0.048452,0.047346,0.046317,0.045368,0.044481,0.043656,0.042884,0.042175,0.04151,0.040892,0.040309,0.039783,0.039287,0.038829,0.038406,0.038014,0.037655,0.037325,0.037023,0.036751,0.036504,0.036283,0.036093,0.035916,0.035769,0.035646,0.035544,0.035468,0.035412,0.035379
1.8861e-14,0.78727,0.59036,0.59111,4.2016,0.47168,0.27254,0.28045,1.9403,0.21803,0.115,0.088799,0.074831,0.065552,0.058855,0.053663,0.049398,0.046002,0.043063,0.040538,0.038357,0.036403,0.034696,0.033168,0.0318,0.030562,0.029441,0.028415,0.027491,0.02663,0.025845,0.025121,0.024515,0.023837,0.023265,0.022735,0.022242,0.021786,0.021361,0.020966,0.0206,0.020256,0.019937,0.019641,0.019358,0.019108,0.01887,0.01865,0.018448,0.018259,0.018086,0.017928,0.017785,0.017652,0.017534,0.017428,0.017332,0.017252,0.017181,0.017123,0.017072,0.017036,0.017009,0.016993
6.8915e-14,2.2372,1.9255,1.8789,10.868,1.1248,0.65235,0.72401,4.0812,0.41244,0.24659,0.20155,0.17465,0.1559,0.14167,0.13025,0.12074,0.11282,0.10598,0.10002,0.094915,0.090186,0.086088,0.082402,0.079103,0.076079,0.073347,0.070841,0.068554,0.066465,0.064536,0.062755,0.06125,0.059596,0.058183,0.056872,0.055644,0.054529,0.053473,0.052493,0.051596,0.050733,0.049941,0.049207,0.048533,0.047887,0.047296,0.046748,0.046244,0.045774,0.045345,0.044952,0.044575,0.044268,0.043973,0.043709,0.043465,0.04327,0.043094,0.042947,0.042832,0.042734,0.042667,0.042627
3.6297e-14,1.2521,0.98905,0.88202,5.3168,0.62447,0.34955,0.38509,2.6261,0.22676,0.13503,0.10648,0.091699,0.081638,0.074099,0.068093,0.063133,0.058981,0.055413,0.052314,0.049646,0.047188,0.045049,0.043127,0.0414,0.039824,0.038398,0.037092,0.035897,0.034804,0.033795,0.032863,0.032037,0.031211,0.03047,0.029784,0.029142,0.028556,0.028003,0.02749,0.027018,0.026566,0.026152,0.025766,0.025411,0.025073,0.024763,0.024475,0.024211,0.023964,0.023739,0.023532,0.023336,0.023172,0.023016,0.022878,0.02275,0.022647,0.022554,0.022476,0.022415,0.022364,0.022329,0.022307
1.8266e-14,0.76805,0.51358,0.5575,3.2056,0.34304,0.23034,0.27525,1.8282,0.1791,0.095024,0.072135,0.060297,0.052445,0.046811,0.042469,0.039033,0.036135,0.033728,0.03167,0.029903,0.028321,0.026946,0.02572,0.024625,0.023638,0.022745,0.021931,0.021194,0.020514,0.019894,0.019322,0.01882,0.018311,0.01786,0.017443,0.017055,0.016699,0.016365,0.016055,0.015767,0.015498,0.015248,0.015017,0.014798,0.014601,0.014415,0.014242,0.014083,0.013936,0.0138,0.013676,0.013563,0.013461,0.013368,0.013284,0.01321,0.013146,0.01309,0.013043,0.013004,0.012975,0.012953,0.012941
2.6537e-14,1.0055,0.95871,1.1044,5.9135,0.71331,0.40192,0.37647,2.5705,0.26837,0.15369,0.12212,0.10492,0.093234,0.084403,0.077396,0.071595,0.066802,0.06267,0.059092,0.055972,0.053187,0.050732,0.04853,0.046565,0.044758,0.043132,0.041644,0.040286,0.039043,0.037899,0.036842,0.035925,0.034966,0.034129,0.033354,0.032634,0.031965,0.031341,0.030762,0.030232,0.02972,0.029252,0.028817,0.028412,0.028035,0.027686,0.027361,0.027062,0.026785,0.02653,0.026296,0.026085,0.02589,0.025715,0.025558,0.025411,0.025296,0.02519,0.025102,0.025029,0.024973,0.024932,0.024908
2.6187e-14,1.1206,0.9679,0.9472,6.6596,0.72992,0.40866,0.41489,2.9583,0.29979,0.16962,0.13391,0.11375,0.099995,0.089855,0.081906,0.07541,0.070131,0.065608,0.061715,0.058352,0.055356,0.052724,0.050376,0.048279,0.046375,0.044653,0.043086,0.041661,0.040349,0.039146,0.03804,0.037035,0.036077,0.035203,0.034394,0.033642,0.032946,0.032297,0.031694,0.031141,0.030613,0.030127,0.029675,0.02925,0.028864,0.028501,0.028167,0.027856,0.02757,0.027307,0.027067,0.026845,0.026646,0.026466,0.026305,0.026156,0.026036,0.025928,0.025837,0.025762,0.025706,0.025665,0.025641
2.8855e-14,1.3384,1.2598,1.2522,7.3634,0.82275,0.44297,0.47647,2.8747,0.31608,0.18314,0.14644,0.12507,0.11028,0.099317,0.090713,0.08386,0.077885,0.072933,0.068659,0.064946,0.061657,0.058763,0.05617,0.053844,0.051754,0.049851,0.048111,0.046537,0.045083,0.043752,0.042525,0.041471,0.040349,0.039381,0.038482,0.037651,0.036877,0.036156,0.035485,0.034867,0.034286,0.033746,0.033245,0.03277,0.032347,0.031943,0.03157,0.031228,0.030908,0.030616,0.030349,0.030112,0.029884,0.029683,0.029504,0.029342,0.029206,0.029086,0.028987,0.028902,0.028841,0.028796,0.028768
3.8606e-14,1.4351,1.1192,1.1615,6.473,0.78047,0.42506,0.45751,2.6735,0.32018,0.17959,0.14157,0.12049,0.10594,0.095345,0.087027,0.079918,0.074624,0.069846,0.06572,0.06219,0.058966,0.056177,0.053678,0.051462,0.049423,0.047589,0.04591,0.04439,0.042993,0.04171,0.040529,0.039563,0.038435,0.037503,0.036638,0.035829,0.035094,0.0344,0.033755,0.033174,0.0326,0.03208,0.031599,0.031154,0.030732,0.030344,0.029986,0.029658,0.02935,0.029069,0.028812,0.028565,0.028363,0.02817,0.027997,0.027831,0.027709,0.027594,0.027499,0.027423,0.027359,0.027316,0.02729
5.4933e-14,2.2305,1.7488,1.4303,8.6283,1.082,0.57132,0.62039,3.6888,0.4152,0.24962,0.19764,0.16822,0.14834,0.13354,0.12193,0.1121,0.10463,0.097971,0.092245,0.087309,0.082843,0.078968,0.07549,0.072369,0.069562,0.067011,0.064665,0.062548,0.060602,0.058813,0.057163,0.055896,0.054242,0.052939,0.051732,0.050604,0.049575,0.048604,0.047703,0.04687,0.046088,0.045361,0.044689,0.044066,0.043478,0.042935,0.042434,0.041976,0.041544,0.041152,0.04079,0.040451,0.040165,0.039895,0.039653,0.039437,0.039251,0.03909,0.038958,0.03885,0.038762,0.038701,0.038665
3.1053e-14,1.2624,0.93233,1.0945,5.4915,0.6654,0.39614,0.45842,3.1046,0.30002,0.16636,0.12832,0.10818,0.094431,0.084633,0.077015,0.070842,0.065813,0.061535,0.057861,0.054702,0.05188,0.049414,0.047212,0.045245,0.04347,0.04186,0.040393,0.039064,0.037835,0.036712,0.035679,0.034757,0.033845,0.03303,0.032274,0.031571,0.030922,0.030316,0.029753,0.029235,0.028744,0.02829,0.027868,0.027472,0.027112,0.026773,0.026461,0.026172,0.025904,0.025659,0.025435,0.025229,0.025043,0.024875,0.024724,0.024586,0.024474,0.024373,0.024289,0.02422,0.024167,0.024129,0.024106
2.3776e-14,0.89901,0.65694,0.66936,3.5722,0.42966,0.27901,0.30941,2.0587,0.22387,0.12035,0.092032,0.077213,0.067158,0.060031,0.054527,0.050108,0.046476,0.043412,0.040786,0.038533,0.036516,0.034761,0.033193,0.031791,0.030533,0.029389,0.028344,0.027401,0.026531,0.025735,0.025003,0.02439,0.023705,0.023127,0.022591,0.022094,0.021636,0.021206,0.020808,0.020441,0.020094,0.019773,0.019475,0.019195,0.01894,0.0187,0.018479,0.018275,0.018085,0.017912,0.017752,0.017606,0.017475,0.017356,0.017249,0.01715,0.01707,0.016998,0.016939,0.01689,0.016852,0.016825,0.016808
2.7099e-14,1.215,1.1685,1.1091,6.7667,0.77302,0.43388,0.44321,2.7695,0.28723,0.16598,0.13299,0.11386,0.10058,0.090682,0.08284,0.076476,0.0711,0.066558,0.062637,0.059245,0.056206,0.053547,0.051166,0.049035,0.047105,0.045355,0.043759,0.042308,0.040975,0.039749,0.038623,0.037621,0.036622,0.035731,0.034905,0.034137,0.033428,0.032764,0.032148,0.031578,0.031043,0.030546,0.030085,0.029653,0.029254,0.028883,0.02854,0.028223,0.027928,0.027659,0.027411,0.027184,0.026979,0.026793,0.026626,0.026478,0.026348,0.026235,0.026142,0.026063,0.026003,0.02596,0.025933
1.4405e-14,0.58187,0.44595,0.51023,3.4204,0.31226,0.20241,0.25922,1.7403,0.17836,0.088073,0.065988,0.054517,0.047186,0.041911,0.037877,0.034651,0.03204,0.029842,0.027971,0.026368,0.024941,0.023703,0.022602,0.021623,0.020739,0.019941,0.019216,0.018558,0.017957,0.017406,0.016899,0.016456,0.016003,0.015606,0.015238,0.014895,0.014581,0.014286,0.014013,0.013763,0.013524,0.013304,0.0131,0.012911,0.012734,0.012571,0.01242,0.01228,0.012151,0.012032,0.011923,0.011822,0.011734,0.011652,0.011579,0.011512,0.011458,0.011409,0.011368,0.011335,0.011309,0.01129,0.011279
2.2414e-14,1.0752,0.79251,0.96228,6.5882,0.61037,0.33811,0.37259,2.0983,0.25593,0.1398,0.11307,0.097596,0.08667,0.078593,0.072169,0.066918,0.062437,0.058632,0.055328,0.052475,0.04987,0.047595,0.045552,0.043718,0.04205,0.040537,0.039152,0.037895,0.036729,0.035662,0.034677,0.033816,0.032926,0.032146,0.031422,0.030746,0.030124,0.029542,0.028999,0.028497,0.028026,0.027588,0.027182,0.026799,0.026451,0.026124,0.025821,0.025542,0.025282,0.025044,0.024826,0.024624,0.024446,0.024283,0.024137,0.024007,0.023893,0.023795,0.023713,0.023646,0.023594,0.023557,0.023534
2.918e-14,1.1539,1.0261,1.1483,5.768,0.68131,0.41316,0.39258,2.1509,0.26017,0.15223,0.12292,0.10623,0.094675,0.085964,0.078971,0.073131,0.068307,0.064121,0.060488,0.057308,0.054478,0.051974,0.049726,0.047713,0.045872,0.044207,0.042684,0.041296,0.040022,0.03885,0.037768,0.03682,0.035846,0.034989,0.034194,0.033457,0.032771,0.032132,0.03154,0.030992,0.030472,0.029992,0.029547,0.029129,0.028746,0.028388,0.028057,0.027751,0.027468,0.027208,0.02697,0.026754,0.026554,0.026376,0.026216,0.026071,0.02595,0.025844,0.025755,0.02568,0.025625,0.025585,0.02556
3.4783e-14,1.6217,1.503,1.6834,11.325,0.87965,0.60154,0.6618,4.4802,0.40637,0.22346,0.17302,0.14654,0.12882,0.11604,0.10603,0.097951,0.091115,0.085348,0.080371,0.076118,0.072204,0.068818,0.065788,0.063049,0.060605,0.058375,0.056339,0.054483,0.052782,0.051218,0.049778,0.048462,0.047218,0.04608,0.045024,0.044037,0.043136,0.042288,0.041501,0.04076,0.040086,0.039451,0.038861,0.038316,0.0378,0.037327,0.036889,0.036484,0.03611,0.035766,0.035452,0.035153,0.034902,0.034666,0.034455,0.034273,0.034104,0.033963,0.033846,0.033752,0.033675,0.033622,0.033589
3.7362e-14,1.3551,1.0585,0.95347,6.4522,0.68221,0.39346,0.45941,2.8224,0.32171,0.17184,0.13288,0.11234,0.098185,0.088083,0.080224,0.073906,0.068727,0.06432,0.060528,0.057249,0.054316,0.051748,0.049453,0.0474,0.045538,0.043856,0.042321,0.040926,0.039641,0.038463,0.037378,0.036421,0.035456,0.0346,0.033807,0.033069,0.032389,0.031752,0.031162,0.030612,0.0301,0.029624,0.029181,0.028767,0.028386,0.028031,0.027702,0.027399,0.027119,0.026861,0.026624,0.026406,0.026213,0.026036,0.025878,0.025739,0.025614,0.025509,0.02542,0.025348,0.025292,0.025252,0.025228
3.4608e-14,1.4208,1.3028,1.2499,7.3732,0.8068,0.49251,0.533,3.4209,0.34508,0.19277,0.14952,0.12618,0.11065,0.099281,0.090407,0.083254,0.077333,0.072337,0.068046,0.064339,0.061037,0.058147,0.055563,0.053255,0.051161,0.049267,0.047533,0.045957,0.044519,0.043194,0.041973,0.040986,0.039808,0.038844,0.037951,0.037121,0.036354,0.035637,0.034972,0.034357,0.033778,0.033241,0.032743,0.032282,0.031848,0.031447,0.031077,0.030737,0.030419,0.030128,0.029862,0.029616,0.029398,0.029199,0.02902,0.028859,0.028722,0.028603,0.028503,0.028422,0.028357,0.028311,0.028283
2.2092e-14,0.80279,0.82919,0.88967,4.7976,0.55082,0.32192,0.3318,2.1653,0.20956,0.1241,0.099476,0.085896,0.076454,0.069398,0.063753,0.059112,0.055165,0.0518,0.048876,0.046345,0.044036,0.042023,0.040213,0.038592,0.037111,0.035772,0.034543,0.033429,0.032399,0.031454,0.030582,0.02983,0.029032,0.028341,0.0277,0.027103,0.026553,0.026038,0.025558,0.025117,0.024698,0.02431,0.023951,0.023614,0.023306,0.023016,0.022749,0.022502,0.022273,0.022063,0.02187,0.021694,0.021536,0.021392,0.021263,0.021146,0.021048,0.020961,0.02089,0.020831,0.020786,0.020753,0.020734
1.5831e-14,0.72011,0.56911,0.65412,5.3757,0.40391,0.2287,0.24056,1.631,0.18001,0.10264,0.082779,0.071689,0.063773,0.057873,0.053162,0.049287,0.046026,0.043238,0.040818,0.038751,0.036823,0.035159,0.033664,0.032328,0.0311,0.029992,0.028977,0.028054,0.027201,0.026417,0.025694,0.025059,0.024408,0.023835,0.023302,0.022803,0.022348,0.02192,0.021521,0.021156,0.020805,0.020483,0.020184,0.019905,0.019645,0.019405,0.019182,0.018976,0.018785,0.01861,0.01845,0.018297,0.01817,0.01805,0.017943,0.017843,0.017764,0.017692,0.017632,0.017584,0.017545,0.017518,0.017501
2.1046e-14,0.83528,0.88873,1.1009,4.387,0.50177,0.33214,0.37276,2.482,0.2476,0.12807,0.09683,0.080475,0.069964,0.062382,0.056547,0.051939,0.04807,0.044857,0.042107,0.039735,0.03764,0.035808,0.034171,0.032716,0.031391,0.030201,0.029113,0.02813,0.027227,0.026398,0.025637,0.024951,0.02429,0.023689,0.023134,0.02262,0.022143,0.021697,0.021286,0.020908,0.020545,0.020213,0.019905,0.019617,0.019349,0.019102,0.018873,0.018662,0.018465,0.018286,0.018122,0.017971,0.017833,0.017709,0.017598,0.017495,0.017413,0.017338,0.017276,0.017224,0.017184,0.017156,0.017137
4.4796e-14,1.121,1.0426,0.97721,5.5718,0.63302,0.34765,0.3689,2.2446,0.245,0.13172,0.10281,0.087445,0.07708,0.069479,0.063506,0.058659,0.05458,0.051132,0.048154,0.045577,0.043264,0.041239,0.039428,0.037807,0.03633,0.035,0.033783,0.032675,0.031657,0.030722,0.029859,0.029119,0.028334,0.027655,0.027023,0.026436,0.025895,0.025389,0.024917,0.024486,0.024072,0.023693,0.02334,0.023011,0.022708,0.022425,0.022162,0.021921,0.021697,0.02149,0.021302,0.02113,0.020976,0.020834,0.020708,0.020591,0.020498,0.020413,0.020342,0.020285,0.02024,0.020208,0.02019
1.4758e-14,0.58176,0.37228,0.46092,3.4785,0.33807,0.21369,0.25311,1.6126,0.17207,0.093667,0.071824,0.060337,0.052771,0.047327,0.043121,0.03973,0.036934,0.034566,0.032531,0.030788,0.029203,0.02783,0.0266,0.025504,0.024508,0.023611,0.022789,0.022047,0.021358,0.020728,0.020147,0.019643,0.019118,0.018659,0.018233,0.017835,0.017472,0.01713,0.016812,0.01652,0.016241,0.015985,0.015747,0.015523,0.015319,0.015128,0.014951,0.014787,0.014635,0.014496,0.014368,0.014249,0.014146,0.01405,0.013965,0.013887,0.013822,0.013764,0.013717,0.013677,0.013646,0.013624,0.013611
1.7481e-14,0.63695,0.53,0.72471,3.4212,0.44179,0.30247,0.38359,2.6652,0.26512,0.12648,0.094001,0.076973,0.0661,0.058432,0.052619,0.048009,0.044299,0.041193,0.038559,0.036309,0.034322,0.032597,0.031065,0.029706,0.028478,0.027375,0.02637,0.025461,0.024632,0.023871,0.023172,0.022588,0.021938,0.021391,0.020884,0.020412,0.01998,0.019574,0.019199,0.018851,0.018526,0.018224,0.017945,0.017686,0.017442,0.017217,0.017009,0.016818,0.01664,0.016478,0.016328,0.016188,0.016068,0.015956,0.015856,0.015768,0.015689,0.015621,0.015565,0.015519,0.015482,0.015456,0.015439
1.7235e-14,0.6307,0.63009,0.8652,3.7593,0.42221,0.2676,0.34861,2.3286,0.23519,0.11635,0.085786,0.069913,0.059898,0.052921,0.047678,0.043533,0.040178,0.037376,0.035003,0.032968,0.031176,0.02962,0.028238,0.026997,0.025901,0.024906,0.024,0.023181,0.022431,0.021744,0.021113,0.020567,0.020001,0.019506,0.019048,0.018623,0.018233,0.017867,0.017529,0.017206,0.016921,0.016649,0.016397,0.016162,0.015944,0.015742,0.015555,0.015383,0.015223,0.015077,0.014943,0.014818,0.01471,0.014609,0.01452,0.014447,0.014371,0.014311,0.014261,0.014221,0.014189,0.014166,0.014153
3.6051e-14,1.5964,1.5693,1.6467,11.603,0.84746,0.52858,0.55316,3.7862,0.35599,0.20288,0.15894,0.13545,0.11965,0.108,0.098818,0.091331,0.085071,0.079741,0.075138,0.071206,0.067563,0.064419,0.061604,0.059051,0.056784,0.05471,0.052818,0.051093,0.049505,0.048048,0.046706,0.045487,0.044318,0.043256,0.042271,0.041347,0.040506,0.039714,0.038977,0.038276,0.037653,0.037059,0.036506,0.035992,0.035513,0.035069,0.034659,0.034278,0.033927,0.033605,0.033308,0.033027,0.032792,0.03257,0.032372,0.032208,0.032041,0.031908,0.031797,0.031708,0.031636,0.031586,0.031555
3.4347e-14,1.1237,0.84209,1.0674,7.121,0.71772,0.44275,0.52978,3.2542,0.31938,0.17429,0.13732,0.11733,0.10359,0.093517,0.085603,0.079149,0.073775,0.069191,0.065227,0.061816,0.058699,0.055992,0.053562,0.051389,0.049402,0.047612,0.045969,0.044487,0.043107,0.041845,0.040682,0.039687,0.03862,0.037698,0.036845,0.036047,0.035317,0.03463,0.033993,0.033405,0.032847,0.032332,0.031855,0.031402,0.030995,0.030611,0.030255,0.029928,0.029623,0.029344,0.029089,0.028851,0.028643,0.028452,0.028281,0.028125,0.027996,0.027882,0.027787,0.027707,0.027647,0.027604,0.027578
1.7877e-14,0.76731,0.62109,0.87541,4.7444,0.50487,0.30318,0.38402,2.7092,0.24613,0.132,0.10136,0.085442,0.074814,0.067119,0.061142,0.056319,0.052343,0.048981,0.046094,0.043604,0.041369,0.039417,0.037671,0.036103,0.034693,0.033414,0.032245,0.031182,0.030206,0.02931,0.028484,0.027751,0.027021,0.026369,0.025765,0.025202,0.024684,0.024199,0.023749,0.023328,0.022941,0.022578,0.022241,0.021927,0.021635,0.021364,0.021114,0.020883,0.020668,0.020472,0.020291,0.020125,0.019978,0.019843,0.019723,0.019618,0.019522,0.019441,0.019374,0.019319,0.019276,0.019245,0.019227
1.5058e-14,0.8549,0.63556,0.79056,7.6877,0.55486,0.36335,0.45209,3.3636,0.30417,0.15561,0.11853,0.098859,0.086007,0.076831,0.069785,0.064142,0.059516,0.055619,0.052292,0.049476,0.046869,0.044638,0.042648,0.040864,0.039261,0.037808,0.036482,0.035278,0.034171,0.033156,0.032222,0.031387,0.030565,0.029829,0.029147,0.028506,0.027925,0.027378,0.026869,0.026397,0.025956,0.025546,0.025165,0.024813,0.024481,0.024175,0.023893,0.023632,0.023391,0.023169,0.022964,0.02277,0.022611,0.022459,0.022323,0.022201,0.022097,0.022005,0.02193,0.02187,0.021819,0.021785,0.021765
1.8868e-14,1.036,0.74898,0.96475,9.413,0.58194,0.32836,0.32892,2.1442,0.20405,0.13206,0.11164,0.099241,0.089927,0.082658,0.076673,0.071603,0.067252,0.063461,0.060132,0.057284,0.054534,0.052171,0.050037,0.048112,0.046342,0.04474,0.043266,0.041925,0.040675,0.039528,0.038468,0.037522,0.036576,0.035731,0.034946,0.034205,0.033535,0.032901,0.032311,0.031764,0.031247,0.030769,0.030325,0.029909,0.029524,0.029167,0.028835,0.028529,0.028245,0.027985,0.027745,0.027514,0.027329,0.02715,0.02699,0.026846,0.026724,0.026616,0.026527,0.026456,0.026397,0.026356,0.026332
2.7253e-14,1.3755,1.1302,1.5013,11.277,0.78947,0.45641,0.43779,2.8213,0.24904,0.1682,0.14135,0.12516,0.11318,0.10379,0.096078,0.089635,0.084049,0.079237,0.075023,0.07142,0.067968,0.064999,0.06232,0.059906,0.05769,0.055684,0.053842,0.052162,0.050604,0.049172,0.047851,0.046663,0.045491,0.044438,0.043459,0.042537,0.041702,0.040913,0.040178,0.039498,0.038854,0.038259,0.037707,0.037192,0.03671,0.036265,0.035853,0.035472,0.035119,0.034796,0.034499,0.03421,0.03398,0.033757,0.033558,0.033377,0.033227,0.033094,0.032983,0.032895,0.032821,0.032771,0.03274
3.1501e-14,1.1171,1.4528,1.7093,5.5754,0.752,0.42366,0.37569,1.879,0.23914,0.1605,0.13399,0.11771,0.10589,0.096604,0.089006,0.082598,0.077283,0.072649,0.068594,0.065081,0.061883,0.059079,0.056555,0.054324,0.052231,0.050359,0.048643,0.04707,0.045643,0.044319,0.043099,0.042039,0.040928,0.039961,0.039061,0.038222,0.037453,0.03673,0.036056,0.035457,0.034853,0.03431,0.033806,0.033347,0.032901,0.032494,0.032119,0.031773,0.031452,0.031157,0.030888,0.030632,0.030419,0.030217,0.030037,0.02986,0.029736,0.029615,0.029515,0.029436,0.029368,0.029322,0.029295
3.49e-14,1.5014,1.707,1.7332,7.5851,0.87888,0.48589,0.43909,2.4898,0.30509,0.19241,0.15791,0.13738,0.12307,0.11205,0.10311,0.095659,0.089441,0.084063,0.079363,0.075302,0.071611,0.068376,0.065465,0.062859,0.06047,0.058311,0.056327,0.054528,0.052868,0.051341,0.049933,0.048763,0.047428,0.04631,0.045272,0.044307,0.043415,0.042581,0.041804,0.041084,0.04041,0.039783,0.039201,0.038655,0.038155,0.037686,0.037252,0.036853,0.03648,0.03614,0.03583,0.035543,0.035286,0.035053,0.034844,0.034659,0.034496,0.034356,0.034241,0.034144,0.034071,0.034018,0.033986
3.1148e-14,1.2689,1.1586,1.2913,7.3562,0.80927,0.44437,0.48794,2.6738,0.28926,0.17785,0.14395,0.12427,0.11036,0.099891,0.09155,0.0846,0.078952,0.074043,0.069793,0.066134,0.062794,0.059889,0.057282,0.054957,0.052822,0.050899,0.049135,0.047538,0.046066,0.044713,0.043467,0.042441,0.04125,0.040263,0.039348,0.038494,0.037711,0.036975,0.036292,0.035668,0.035064,0.034511,0.034,0.03352,0.033078,0.032666,0.032285,0.031934,0.031606,0.031307,0.031033,0.030778,0.030555,0.030349,0.030165,0.029993,0.029858,0.029735,0.029634,0.029549,0.029484,0.029437,0.029409
3.2796e-14,1.1997,0.86521,1.0274,7.7632,0.67122,0.42211,0.46161,2.867,0.27607,0.16648,0.13333,0.11556,0.10295,0.093492,0.085934,0.079681,0.074443,0.069941,0.066029,0.062648,0.059557,0.056862,0.05444,0.052276,0.050283,0.04849,0.046843,0.045352,0.043967,0.042697,0.041524,0.040538,0.039442,0.038511,0.037646,0.03684,0.036099,0.035402,0.034756,0.034165,0.033592,0.03307,0.032585,0.032125,0.031709,0.031319,0.030956,0.030623,0.030312,0.030027,0.029767,0.029524,0.029311,0.029116,0.028941,0.028778,0.028649,0.028532,0.028434,0.028352,0.02829,0.028245,0.028218
1.9325e-14,0.67913,0.45511,0.54483,4.9524,0.38996,0.26255,0.30676,2.1219,0.18561,0.10166,0.079931,0.068805,0.060986,0.055255,0.050707,0.046957,0.043835,0.041153,0.03883,0.036842,0.034987,0.033389,0.031953,0.030662,0.029488,0.028426,0.027452,0.026566,0.025749,0.024998,0.024305,0.023716,0.023074,0.022525,0.022016,0.021537,0.021103,0.020692,0.020311,0.019958,0.019624,0.019316,0.01903,0.018765,0.018514,0.018283,0.018069,0.017873,0.017689,0.017521,0.017367,0.017219,0.017098,0.016982,0.016878,0.016784,0.016705,0.016635,0.016577,0.01653,0.016491,0.016464,0.016448
1.5901e-14,0.93766,0.71167,0.87642,7.485,0.53937,0.32765,0.38038,2.7669,0.22549,0.13126,0.1061,0.092358,0.082536,0.075243,0.069367,0.064455,0.06034,0.056771,0.053661,0.050987,0.048485,0.046316,0.044365,0.042618,0.041007,0.039555,0.038222,0.037011,0.035885,0.034854,0.033901,0.033083,0.032206,0.03145,0.030748,0.030089,0.029488,0.028923,0.028396,0.027915,0.027449,0.027023,0.026627,0.026256,0.025916,0.025598,0.025302,0.025031,0.024778,0.024546,0.024333,0.024133,0.023964,0.023805,0.023662,0.023528,0.023425,0.023329,0.02325,0.023186,0.023134,0.023098,0.023077
2.0117e-14,0.84284,0.97795,1.1764,5.1476,0.65114,0.38523,0.41552,2.6682,0.28613,0.16324,0.12641,0.10647,0.093109,0.083357,0.075778,0.069655,0.064613,0.060351,0.056694,0.053527,0.05074,0.048293,0.046109,0.044183,0.042394,0.040803,0.039349,0.038033,0.036825,0.035717,0.034697,0.033837,0.032893,0.032089,0.031346,0.030657,0.030018,0.029423,0.02887,0.028373,0.027878,0.027433,0.02702,0.026632,0.026278,0.025947,0.02564,0.025358,0.025095,0.024854,0.024635,0.024435,0.024251,0.024086,0.023938,0.023797,0.023693,0.023593,0.023511,0.023443,0.023391,0.023353,0.02333
2.8296e-14,1.1547,1.4736,1.6476,6.685,0.80462,0.44835,0.42593,2.5378,0.2907,0.18229,0.14856,0.12871,0.11462,0.10389,0.095289,0.088153,0.082223,0.077121,0.072682,0.068829,0.065388,0.062356,0.059636,0.057236,0.054985,0.05298,0.051141,0.049472,0.04794,0.04653,0.045231,0.044159,0.042923,0.041895,0.040941,0.040056,0.039236,0.038471,0.037759,0.037124,0.036483,0.035909,0.035377,0.034881,0.034419,0.033991,0.033595,0.03323,0.03289,0.032579,0.032296,0.032034,0.0318,0.031587,0.031397,0.031208,0.031079,0.030952,0.030847,0.03076,0.030692,0.030644,0.030615
2.9823e-14,1.0767,1.4535,1.693,6.1785,0.83575,0.43778,0.39202,2.3063,0.26004,0.17326,0.1446,0.12697,0.11385,0.1037,0.095453,0.088376,0.082756,0.077751,0.073381,0.069583,0.066152,0.063141,0.060431,0.058034,0.055784,0.053776,0.051932,0.050253,0.048717,0.047299,0.04599,0.044908,0.043666,0.042629,0.041665,0.040768,0.039944,0.03917,0.038449,0.037806,0.037158,0.036576,0.036038,0.03554,0.035069,0.034634,0.034231,0.033862,0.033516,0.0332,0.032912,0.032641,0.032409,0.032192,0.031998,0.031808,0.031674,0.031544,0.031436,0.031349,0.031277,0.031227,0.031197
2.3859e-14,0.82367,0.72485,1.0118,4.7056,0.54803,0.30869,0.3261,1.862,0.19654,0.11948,0.098284,0.085659,0.076362,0.069332,0.063685,0.058955,0.055066,0.051685,0.048751,0.046194,0.043889,0.041867,0.040051,0.038433,0.036939,0.035597,0.034367,0.033246,0.032218,0.031271,0.030398,0.029665,0.028848,0.028157,0.027516,0.026918,0.026368,0.025853,0.025373,0.024939,0.024513,0.024126,0.023767,0.023434,0.023121,0.022832,0.022565,0.022319,0.022089,0.021879,0.021686,0.021506,0.021351,0.021207,0.021078,0.020955,0.020863,0.020776,0.020703,0.020645,0.020598,0.020565,0.020545
4.5781e-14,1.3976,1.0798,1.0562,6.3619,0.78458,0.41689,0.49542,3.2844,0.34523,0.21023,0.16412,0.13936,0.12252,0.11019,0.10055,0.092713,0.086261,0.080774,0.076044,0.071972,0.068295,0.06509,0.062222,0.059647,0.05732,0.055216,0.053292,0.051544,0.049934,0.048458,0.047097,0.045904,0.044685,0.043611,0.042614,0.041685,0.040833,0.040032,0.03929,0.038602,0.037955,0.037356,0.0368,0.036282,0.0358,0.035354,0.03494,0.034559,0.034205,0.03388,0.033583,0.033305,0.033066,0.032843,0.032644,0.032464,0.032313,0.032179,0.032068,0.031979,0.031907,0.031856,0.031827
2.4744e-14,1.0211,0.86586,1.0521,5.0492,0.66025,0.39793,0.48756,3.4831,0.32953,0.16288,0.12239,0.10181,0.088065,0.078415,0.071062,0.065165,0.060377,0.056336,0.052891,0.049915,0.047289,0.04499,0.042942,0.041106,0.039462,0.037974,0.036618,0.035383,0.034256,0.033221,0.032269,0.031452,0.030585,0.029836,0.029143,0.028498,0.027904,0.027349,0.026833,0.026346,0.025907,0.025493,0.025107,0.02475,0.024415,0.024107,0.02382,0.023557,0.023312,0.023088,0.022882,0.022692,0.022524,0.02237,0.022232,0.022116,0.022002,0.021909,0.021831,0.021769,0.021718,0.021683,0.021662
3.2361e-14,1.363,1.4139,1.4936,6.5838,0.85174,0.52669,0.56734,3.8333,0.41393,0.21262,0.16141,0.13405,0.11613,0.10337,0.093605,0.085786,0.079398,0.074029,0.069444,0.065518,0.06201,0.058968,0.056257,0.053867,0.051664,0.049698,0.047907,0.046287,0.044795,0.043432,0.042178,0.041067,0.039961,0.038976,0.038063,0.037215,0.036435,0.035704,0.035027,0.034423,0.033814,0.033268,0.032762,0.032287,0.031855,0.031448,0.031073,0.030727,0.030406,0.030111,0.029841,0.029593,0.029372,0.029171,0.02899,0.028809,0.028689,0.028568,0.028468,0.028385,0.028321,0.028275,0.028248
3.5638e-14,1.446,1.7685,1.535,9.5399,0.93736,0.53575,0.47601,3.3325,0.31177,0.19286,0.15943,0.14004,0.12602,0.11514,0.1063,0.098886,0.092603,0.087169,0.082406,0.078265,0.074484,0.071167,0.068175,0.065508,0.063027,0.060799,0.05875,0.056883,0.055166,0.053582,0.052119,0.050861,0.049519,0.048357,0.047278,0.046272,0.045347,0.044477,0.043669,0.042938,0.042217,0.041564,0.040957,0.040393,0.039865,0.039377,0.038925,0.038509,0.038121,0.037766,0.037442,0.037139,0.036875,0.036631,0.036413,0.036205,0.036051,0.035904,0.035784,0.035685,0.035607,0.035552,0.035519
2.8252e-14,1.1904,1.4166,1.4707,7.0132,0.88476,0.46776,0.46295,3.0399,0.28013,0.18364,0.14944,0.12964,0.11532,0.10454,0.095888,0.08873,0.082761,0.077635,0.073174,0.069318,0.065841,0.062796,0.06006,0.057631,0.055385,0.053367,0.051515,0.049841,0.048294,0.046874,0.045565,0.044499,0.043242,0.042206,0.041244,0.040351,0.039527,0.038754,0.038036,0.037384,0.03675,0.036171,0.035634,0.03513,0.034667,0.034235,0.033835,0.033467,0.033123,0.032809,0.032522,0.032257,0.032021,0.031805,0.031612,0.031432,0.031291,0.031161,0.031055,0.030966,0.030898,0.030849,0.030819
2.2475e-14,0.93182,0.98253,1.2512,5.8228,0.80525,0.42532,0.44466,2.7322,0.28112,0.17647,0.14102,0.12096,0.10685,0.096396,0.088118,0.081336,0.075704,0.0709,0.066746,0.063153,0.059933,0.057114,0.05459,0.052349,0.050284,0.04843,0.046737,0.045201,0.043784,0.042486,0.04129,0.040239,0.039167,0.038222,0.037346,0.036532,0.03578,0.035077,0.034423,0.03383,0.033252,0.032726,0.032237,0.031777,0.03136,0.030966,0.030603,0.030267,0.029956,0.029671,0.02941,0.029171,0.028956,0.02876,0.028585,0.02842,0.028294,0.028176,0.028079,0.027997,0.027936,0.027891,0.027864
5.9615e-14,1.8148,1.641,1.6706,8.2672,0.99984,0.61511,0.71569,4.802,0.46613,0.24275,0.182,0.15336,0.13457,0.12109,0.11063,0.10212,0.095112,0.089133,0.083979,0.079559,0.075546,0.072049,0.068915,0.066067,0.063551,0.061243,0.059132,0.05721,0.055439,0.053814,0.052314,0.050998,0.049655,0.048469,0.047368,0.046341,0.045398,0.044513,0.043691,0.042915,0.042214,0.04155,0.040933,0.040361,0.039825,0.039329,0.038869,0.038446,0.038053,0.037691,0.03736,0.037052,0.036785,0.036537,0.036315,0.036125,0.035946,0.035796,0.035672,0.035572,0.035491,0.035434,0.035402
2.7118e-14,1.1245,1.1032,1.0421,5.5352,0.70588,0.43211,0.42877,2.6849,0.2841,0.16268,0.12836,0.10999,0.097201,0.087791,0.080367,0.074285,0.069218,0.064893,0.061156,0.057919,0.054999,0.052444,0.050156,0.048111,0.046239,0.044554,0.043016,0.041613,0.04032,0.039135,0.038041,0.037031,0.036103,0.035238,0.034436,0.033688,0.033001,0.032357,0.031758,0.03121,0.030683,0.0302,0.02975,0.029332,0.028945,0.028585,0.02825,0.027942,0.027657,0.027395,0.027154,0.026931,0.026737,0.026557,0.026396,0.026248,0.026129,0.026021,0.02593,0.025858,0.0258,0.025759,0.025735
3.5307e-14,1.5613,1.7823,1.5421,7.1184,0.90033,0.52652,0.486,3.1616,0.32069,0.18481,0.14627,0.1248,0.11021,0.099428,0.090938,0.084034,0.078221,0.073305,0.069057,0.065403,0.062072,0.059177,0.056587,0.054281,0.052158,0.050253,0.048518,0.046933,0.045473,0.044138,0.042908,0.041722,0.040728,0.039758,0.038857,0.038016,0.037244,0.036521,0.035847,0.03523,0.03464,0.034098,0.033592,0.033119,0.032689,0.032284,0.031908,0.031561,0.031242,0.030946,0.030677,0.030429,0.030209,0.030007,0.029827,0.029662,0.029527,0.029406,0.029304,0.029222,0.029159,0.029113,0.029086
1.9324e-14,0.87639,0.95035,0.78486,4.763,0.56214,0.31035,0.34949,2.4611,0.18494,0.11028,0.086261,0.073906,0.065308,0.058986,0.053978,0.049869,0.046448,0.043528,0.040999,0.038828,0.036842,0.03512,0.033576,0.032199,0.030938,0.029803,0.028763,0.027823,0.02695,0.026151,0.025416,0.024774,0.02411,0.023529,0.02299,0.022485,0.022025,0.021592,0.021189,0.020822,0.020467,0.020142,0.019841,0.019558,0.019299,0.019056,0.018832,0.018625,0.018433,0.018257,0.018096,0.017943,0.017815,0.017694,0.017586,0.017486,0.017406,0.017333,0.017273,0.017223,0.017184,0.017157,0.017141
3.0882e-14,1.2418,1.0692,1.2427,6.5173,0.8029,0.48604,0.49647,3.5326,0.34275,0.19202,0.14758,0.12523,0.10986,0.09889,0.090325,0.08337,0.077614,0.072723,0.068506,0.064868,0.061591,0.058729,0.056165,0.053874,0.05179,0.049904,0.048181,0.046614,0.045173,0.043849,0.042628,0.041525,0.040466,0.039499,0.038604,0.037771,0.037003,0.036284,0.035615,0.035003,0.034418,0.033879,0.033378,0.032911,0.032479,0.032076,0.031704,0.03136,0.031042,0.03075,0.030482,0.030235,0.030017,0.029817,0.029638,0.029473,0.029339,0.029219,0.029119,0.029038,0.028974,0.028929,0.028901
5.5852e-14,2.2829,1.7219,1.7123,9.4428,1.1021,0.68697,0.76693,4.6895,0.44843,0.2644,0.20714,0.17641,0.15525,0.13974,0.12754,0.11762,0.10935,0.10234,0.096281,0.091125,0.086363,0.08226,0.078593,0.075321,0.072331,0.069642,0.06719,0.064963,0.062905,0.061023,0.059291,0.057722,0.056218,0.054853,0.053585,0.052398,0.05132,0.050305,0.04936,0.048497,0.047666,0.046906,0.046199,0.045539,0.04493,0.044364,0.04384,0.043355,0.042907,0.042495,0.042119,0.041762,0.041462,0.041179,0.040927,0.04069,0.040507,0.040337,0.040195,0.040081,0.039991,0.039927,0.039889
6.111e-14,2.5948,2.2138,2.4144,12.491,1.6007,1.005,1.0892,6.8845,0.63787,0.31748,0.24847,0.21104,0.18544,0.16685,0.15235,0.14055,0.13077,0.12245,0.1153,0.10913,0.10355,0.098692,0.094343,0.090457,0.086919,0.083722,0.080808,0.078158,0.075713,0.073475,0.071409,0.069567,0.067757,0.066125,0.064615,0.063205,0.061913,0.060699,0.059574,0.05853,0.057551,0.056643,0.055799,0.05501,0.054286,0.053608,0.052981,0.052403,0.051866,0.051375,0.050923,0.050504,0.05014,0.049802,0.049501,0.049231,0.048998,0.048797,0.048628,0.048491,0.048383,0.048307,0.048261
2.9654e-14,1.3926,1.1739,1.2453,6.967,0.87758,0.52013,0.60573,4.34,0.39493,0.19954,0.15064,0.12588,0.10946,0.097825,0.088883,0.081754,0.075796,0.070811,0.066555,0.062894,0.059596,0.056738,0.054186,0.051905,0.049848,0.047983,0.046283,0.044744,0.043324,0.042025,0.040829,0.039808,0.038714,0.03777,0.036897,0.036082,0.035338,0.034638,0.033988,0.033381,0.032822,0.032298,0.031812,0.03136,0.03094,0.030549,0.030189,0.029856,0.029547,0.029265,0.029003,0.028761,0.028554,0.028359,0.028185,0.028035,0.027896,0.02778,0.027683,0.027605,0.027542,0.027498,0.027471
3.7583e-14,1.551,1.6955,1.5926,8.8295,0.98138,0.59259,0.62193,3.9459,0.39381,0.23277,0.18669,0.16048,0.14211,0.1284,0.11751,0.10861,0.10114,0.094789,0.089283,0.084542,0.080246,0.076501,0.073142,0.070174,0.067403,0.064933,0.062668,0.06062,0.058728,0.056991,0.055394,0.054059,0.052553,0.05129,0.050116,0.049023,0.04802,0.047079,0.046203,0.045415,0.044634,0.043928,0.043275,0.042662,0.042094,0.041568,0.041082,0.040634,0.040216,0.039834,0.039486,0.039156,0.038874,0.038612,0.038378,0.038153,0.037988,0.03783,0.037701,0.037594,0.03751,0.037451,0.037415
1.9883e-14,0.76091,0.81662,0.86943,4.6113,0.50525,0.32822,0.37006,2.282,0.22455,0.12643,0.09818,0.083349,0.073265,0.065914,0.060143,0.055452,0.051567,0.048268,0.045421,0.042977,0.040772,0.038848,0.037129,0.035608,0.034196,0.032936,0.031785,0.03074,0.029776,0.028892,0.028079,0.02736,0.026635,0.025994,0.025398,0.024843,0.024333,0.023855,0.023411,0.023013,0.022614,0.022256,0.021923,0.021612,0.021325,0.021058,0.020811,0.020582,0.020371,0.020177,0.019999,0.019833,0.019688,0.019555,0.019436,0.019319,0.019237,0.019157,0.01909,0.019035,0.018992,0.018962,0.018944
1.8448e-14,0.63356,0.51916,0.59223,3.2883,0.43221,0.25936,0.30845,1.9099,0.21381,0.10703,0.080314,0.066576,0.057608,0.051244,0.046376,0.042507,0.039385,0.036747,0.034495,0.032569,0.030839,0.02934,0.028005,0.02682,0.025737,0.024766,0.023881,0.023085,0.022344,0.021669,0.021049,0.020502,0.019952,0.019464,0.019012,0.018591,0.018205,0.017843,0.017507,0.017203,0.016905,0.016635,0.016384,0.016146,0.015933,0.015732,0.015546,0.015375,0.015216,0.01507,0.014937,0.014813,0.014704,0.014604,0.014515,0.014429,0.014366,0.014306,0.014256,0.014215,0.014184,0.014161,0.014147
2.1025e-14,0.8459,0.67687,0.83563,5.631,0.73456,0.38258,0.39566,2.3149,0.20574,0.12523,0.1008,0.086903,0.076877,0.069434,0.063524,0.0587,0.054629,0.051178,0.048197,0.045641,0.043304,0.041274,0.039457,0.037835,0.036353,0.035015,0.033796,0.032683,0.031662,0.030725,0.029861,0.02907,0.028327,0.027645,0.027012,0.026421,0.02588,0.025372,0.0249,0.024468,0.024053,0.023673,0.023319,0.022989,0.022685,0.022401,0.022138,0.021895,0.021671,0.021465,0.021276,0.0211,0.020948,0.020806,0.02068,0.020564,0.02047,0.020386,0.020315,0.020258,0.020212,0.020181,0.020162
4.4041e-14,1.5875,1.2939,1.4062,9.2366,1.2349,0.68038,0.64781,3.8623,0.38772,0.23577,0.18958,0.16298,0.14469,0.13085,0.11987,0.11052,0.10329,0.096828,0.091237,0.086434,0.082037,0.078216,0.07479,0.07172,0.068932,0.066404,0.064091,0.061989,0.060058,0.058283,0.056647,0.055315,0.053739,0.052445,0.051245,0.050124,0.049097,0.048133,0.047237,0.046406,0.045627,0.044902,0.044231,0.043606,0.043023,0.042483,0.041982,0.041522,0.041092,0.0407,0.040339,0.040002,0.03971,0.03944,0.039198,0.038982,0.038793,0.038631,0.038496,0.038385,0.038297,0.038235,0.038198
5.495e-14,1.9873,1.5328,1.5941,8.7761,1.1166,0.71147,0.69252,4.5631,0.42939,0.23752,0.18488,0.15631,0.13733,0.12336,0.11248,0.10365,0.096345,0.090146,0.084816,0.080216,0.076099,0.0725,0.069286,0.066415,0.063803,0.06145,0.059296,0.057353,0.055553,0.053906,0.05239,0.051136,0.049699,0.048502,0.047393,0.046364,0.045411,0.044524,0.043697,0.042937,0.042213,0.041548,0.04093,0.040344,0.039819,0.039323,0.038864,0.038442,0.038048,0.037689,0.037359,0.037062,0.036786,0.036539,0.036318,0.036116,0.035951,0.035803,0.035682,0.035578,0.035503,0.035447,0.035413
3.983e-14,1.4924,1.3295,1.2175,6.9294,0.8134,0.54237,0.54191,3.5339,0.32487,0.17196,0.13058,0.10935,0.095692,0.08582,0.0782,0.072123,0.06697,0.062667,0.058978,0.0558,0.052926,0.050422,0.048187,0.0462,0.04437,0.042727,0.041239,0.039869,0.038621,0.037473,0.036414,0.03538,0.034543,0.033705,0.032931,0.032208,0.031546,0.030923,0.030348,0.029827,0.029311,0.028846,0.028412,0.028015,0.027637,0.02729,0.026969,0.026671,0.026397,0.026145,0.025913,0.025696,0.025512,0.025338,0.025183,0.025032,0.024925,0.024823,0.024733,0.024666,0.024608,0.024568,0.024544
3.2332e-14,1.3639,1.2593,1.2727,8.4501,0.98125,0.55592,0.67493,4.3555,0.41184,0.22803,0.17532,0.14726,0.12856,0.11505,0.10457,0.096132,0.089177,0.083309,0.078274,0.073979,0.07009,0.066718,0.063711,0.061049,0.058598,0.056405,0.054406,0.05259,0.050924,0.049396,0.047992,0.046768,0.045501,0.044395,0.04337,0.042413,0.041537,0.040716,0.039954,0.039263,0.038586,0.037971,0.037401,0.036873,0.036377,0.03592,0.035497,0.035107,0.034746,0.034414,0.034111,0.033823,0.03358,0.033353,0.03315,0.032957,0.032812,0.032676,0.032563,0.032472,0.032397,0.032346,0.032315
1.5705e-14,0.67687,0.45838,0.54134,3.7606,0.45265,0.30893,0.41146,2.5832,0.25717,0.12711,0.093035,0.07568,0.064783,0.057281,0.051628,0.047166,0.043528,0.040496,0.03792,0.035736,0.033771,0.032078,0.030575,0.029231,0.028032,0.026948,0.025963,0.025074,0.024253,0.023505,0.022819,0.022204,0.021606,0.021068,0.02057,0.020106,0.019682,0.019284,0.018915,0.018571,0.018254,0.017958,0.017683,0.017425,0.017191,0.016971,0.016768,0.01658,0.016407,0.016247,0.016101,0.015966,0.015848,0.015739,0.015642,0.015556,0.01548,0.015415,0.01536,0.015316,0.015282,0.015257,0.015243
2.488e-14,0.96684,0.75375,0.879,5.4012,0.8163,0.46747,0.52601,3.1702,0.34232,0.18102,0.13974,0.1173,0.10244,0.0916,0.083213,0.076442,0.070907,0.066219,0.062206,0.058749,0.055671,0.052983,0.050587,0.048457,0.046512,0.044766,0.043174,0.04173,0.040404,0.039189,0.03807,0.037088,0.036092,0.035212,0.034397,0.033639,0.032941,0.032288,0.031683,0.031129,0.030597,0.030109,0.029657,0.029235,0.028845,0.028482,0.028146,0.027837,0.02755,0.027287,0.027046,0.026825,0.026627,0.026447,0.026286,0.026138,0.026019,0.025911,0.025822,0.025748,0.025691,0.02565,0.025626
1.6442e-14,0.84277,0.74607,0.85206,5.944,0.86913,0.49114,0.45253,2.7548,0.30006,0.17406,0.13836,0.11805,0.10414,0.09388,0.085801,0.079232,0.073748,0.06909,0.065073,0.061637,0.058483,0.055751,0.053308,0.051125,0.049135,0.047336,0.045698,0.044206,0.042831,0.041571,0.040411,0.039329,0.038349,0.037431,0.03658,0.035784,0.035057,0.034374,0.033738,0.033157,0.032598,0.032086,0.03161,0.031167,0.030756,0.030373,0.03002,0.029692,0.029391,0.029113,0.028859,0.02862,0.028416,0.028225,0.028055,0.027897,0.027772,0.027658,0.027562,0.027485,0.027424,0.027381,0.027354
1.1549e-13,4.6034,3.3095,3.8819,20.195,2.458,1.5799,1.5925,10.041,0.92525,0.51783,0.40512,0.34611,0.30584,0.27581,0.2521,0.23261,0.21649,0.20269,0.19081,0.18059,0.17124,0.16315,0.15591,0.14943,0.14355,0.13823,0.13338,0.12896,0.1249,0.12118,0.11775,0.1149,0.11167,0.10895,0.10645,0.1041,0.10196,0.099947,0.098076,0.096347,0.094716,0.093208,0.091806,0.090502,0.089291,0.088167,0.087126,0.08617,0.085277,0.084462,0.083711,0.08301,0.082412,0.081851,0.081348,0.080896,0.080512,0.080175,0.079894,0.079669,0.079486,0.079357,0.079279
8.1798e-14,2.7928,2.0439,2.3789,14.341,1.7774,1.0584,1.1297,7.1063,0.69479,0.397,0.30729,0.2597,0.22762,0.20441,0.18624,0.1715,0.15929,0.14892,0.14002,0.13233,0.12545,0.11944,0.11407,0.10927,0.10491,0.10098,0.097382,0.09412,0.091125,0.088374,0.08584,0.083684,0.081354,0.079352,0.077499,0.075776,0.074187,0.072699,0.07132,0.07004,0.068837,0.067723,0.06669,0.065727,0.064828,0.063997,0.063227,0.062518,0.061856,0.061251,0.060695,0.060184,0.059728,0.05931,0.058936,0.058601,0.058313,0.058061,0.057852,0.057679,0.057544,0.057449,0.057391
6.8492e-14,2.3761,1.8913,2.2738,12.288,1.6389,1.0698,1.2993,7.3262,0.79497,0.42033,0.30755,0.25194,0.21587,0.19099,0.1723,0.15747,0.14555,0.13553,0.127,0.11973,0.11323,0.1076,0.1026,0.098174,0.094144,0.090521,0.087236,0.084259,0.081509,0.079002,0.076698,0.074636,0.072624,0.070811,0.069134,0.067569,0.066138,0.064797,0.063552,0.062415,0.06132,0.060317,0.059384,0.05851,0.057715,0.056966,0.056275,0.055635,0.055044,0.0545,0.054002,0.053532,0.053132,0.052758,0.052422,0.052112,0.051861,0.051636,0.051445,0.051291,0.051168,0.051081,0.051029
3.7921e-14,1.1506,0.82632,0.93919,5.5796,0.72339,0.44109,0.69307,4.0914,0.4542,0.22349,0.16374,0.13317,0.11363,0.10037,0.090355,0.082405,0.07603,0.070687,0.066161,0.062322,0.058881,0.055919,0.053291,0.050965,0.048857,0.046963,0.045243,0.04369,0.04226,0.040956,0.039758,0.038749,0.037645,0.036706,0.035838,0.035029,0.03429,0.033597,0.032952,0.032364,0.031801,0.031284,0.030804,0.030354,0.029946,0.02956,0.029205,0.028878,0.028574,0.028295,0.028039,0.027804,0.027597,0.027406,0.027235,0.027077,0.02695,0.026836,0.026741,0.026663,0.026603,0.02656,0.026534
3.3957e-14,0.86297,0.57161,0.6887,3.7999,0.64008,0.39403,0.57511,3.5712,0.35084,0.17602,0.12638,0.1017,0.086496,0.075988,0.068106,0.061907,0.056949,0.052824,0.04934,0.046386,0.043772,0.041513,0.039514,0.037739,0.036154,0.034722,0.033422,0.032253,0.031178,0.030198,0.029299,0.028542,0.027714,0.027012,0.026363,0.025759,0.025206,0.024688,0.024208,0.023764,0.02335,0.022965,0.022608,0.022274,0.021968,0.021682,0.021418,0.021175,0.020949,0.020743,0.020553,0.020378,0.020224,0.020082,0.019956,0.019843,0.019745,0.01966,0.01959,0.019532,0.019487,0.019456,0.019436
2.2908e-14,0.93799,0.72384,0.82695,5.3361,0.96529,0.61944,0.8772,5.5159,0.49718,0.25867,0.18899,0.15411,0.13204,0.11658,0.10489,0.095622,0.088192,0.081968,0.076694,0.072212,0.068229,0.064783,0.061728,0.059,0.056576,0.054378,0.052382,0.050583,0.048925,0.047414,0.046028,0.044834,0.043579,0.042493,0.041488,0.040555,0.039698,0.038897,0.038153,0.037461,0.036823,0.036226,0.035673,0.035152,0.034681,0.034238,0.033829,0.033452,0.033102,0.032782,0.032488,0.03222,0.031979,0.03176,0.031563,0.031391,0.031238,0.031107,0.030998,0.030908,0.03084,0.030791,0.030761
9.3036e-14,2.9404,2.3779,2.1185,15.272,1.7028,0.99179,1.0964,6.9297,0.6821,0.38688,0.31078,0.26797,0.23731,0.21483,0.19698,0.18235,0.17004,0.15955,0.15046,0.14257,0.13547,0.12923,0.12364,0.11859,0.11406,0.10994,0.10618,0.10275,0.099562,0.096655,0.09397,0.091381,0.089217,0.087095,0.085123,0.083292,0.081597,0.080011,0.07854,0.077174,0.0759,0.074713,0.073606,0.072557,0.071628,0.070741,0.069918,0.069158,0.068459,0.067813,0.067222,0.066691,0.066197,0.065753,0.065359,0.065004,0.064702,0.064437,0.064211,0.064027,0.063892,0.063792,0.063733
6.9734e-14,1.8583,1.4861,1.57,8.0483,1.1266,0.67212,0.75735,4.3991,0.44711,0.24173,0.18528,0.15573,0.13623,0.12217,0.11127,0.10249,0.095215,0.089085,0.083823,0.079306,0.075253,0.071719,0.068555,0.065731,0.063158,0.060842,0.058723,0.056792,0.055028,0.053404,0.051904,0.050579,0.049256,0.048074,0.046976,0.045956,0.045018,0.044136,0.04332,0.042574,0.041853,0.041194,0.040582,0.040017,0.039484,0.038993,0.038536,0.038118,0.037729,0.037371,0.037046,0.036743,0.036478,0.036233,0.036014,0.035806,0.035651,0.035504,0.035382,0.035284,0.035205,0.03515,0.035118
4.9076e-14,1.7045,1.1087,1.3008,8.8452,0.98685,0.60109,0.76687,3.9591,0.4606,0.24332,0.18199,0.15179,0.13276,0.11892,0.10821,0.099534,0.092441,0.086409,0.081235,0.076782,0.07279,0.069314,0.066207,0.063418,0.06091,0.058639,0.056563,0.054683,0.052952,0.051366,0.049905,0.04864,0.047317,0.046163,0.045095,0.044101,0.043187,0.042329,0.041534,0.040791,0.040104,0.039462,0.038867,0.038308,0.037796,0.037317,0.036873,0.036464,0.036084,0.035735,0.035417,0.035122,0.03486,0.03462,0.034405,0.034216,0.034047,0.033902,0.033783,0.033683,0.033607,0.033552,0.033518
3.914e-14,1.4602,1.1517,1.257,8.5671,1.1225,0.75142,0.98144,5.5908,0.58712,0.29109,0.20801,0.16814,0.14274,0.12547,0.1126,0.10249,0.094406,0.087659,0.081954,0.077135,0.072831,0.069114,0.065827,0.062923,0.060287,0.057925,0.055786,0.053862,0.052073,0.050454,0.048966,0.047688,0.046345,0.045181,0.044105,0.043104,0.042187,0.04133,0.040536,0.039804,0.039111,0.038472,0.037879,0.037317,0.03682,0.036345,0.035906,0.035503,0.035128,0.034785,0.034471,0.03418,0.033924,0.033689,0.033479,0.03329,0.033129,0.03299,0.032871,0.032775,0.032701,0.032648,0.032616
2.9626e-14,1.2003,0.92574,0.97641,7.8095,1.0772,0.82646,1.2574,8.0304,0.72125,0.3665,0.26436,0.21237,0.17988,0.15725,0.14037,0.12722,0.11667,0.10797,0.10066,0.09446,0.089023,0.084325,0.080181,0.076498,0.073227,0.07028,0.06761,0.065215,0.063001,0.060992,0.059153,0.057522,0.055912,0.054479,0.053155,0.051924,0.050796,0.049743,0.048768,0.047861,0.047021,0.046239,0.045515,0.044832,0.044214,0.043634,0.043099,0.042605,0.042148,0.041729,0.041344,0.040987,0.040676,0.040389,0.040132,0.039904,0.039704,0.039531,0.039388,0.03927,0.039178,0.039113,0.039074
2.1799e-14,1.0259,0.70469,0.74928,6.1947,1.0577,0.79696,1.2138,7.9252,0.70764,0.35362,0.25219,0.20126,0.16934,0.14742,0.13117,0.1186,0.10854,0.10028,0.093364,0.087517,0.082396,0.07798,0.074092,0.070646,0.067586,0.064832,0.062342,0.060115,0.058047,0.056179,0.054471,0.052942,0.051459,0.05013,0.048903,0.047763,0.046718,0.045743,0.04484,0.044006,0.043226,0.042503,0.041833,0.041197,0.040632,0.040097,0.039602,0.039146,0.038725,0.038338,0.037984,0.037657,0.037368,0.037104,0.036867,0.036654,0.036474,0.036316,0.036184,0.036075,0.035992,0.035933,0.035897
4.7694e-14,1.8559,1.0387,1.1694,8.9826,0.98593,0.6115,0.79693,4.4519,0.49038,0.25119,0.18705,0.15492,0.13493,0.12048,0.10938,0.10044,0.093165,0.087008,0.081733,0.077241,0.07317,0.069649,0.066506,0.063688,0.061165,0.058875,0.056783,0.054897,0.05315,0.051555,0.050085,0.048836,0.04749,0.046333,0.045261,0.044261,0.043347,0.042486,0.04169,0.040945,0.040259,0.039616,0.039021,0.03846,0.03795,0.037471,0.037028,0.036621,0.036241,0.035894,0.035576,0.03528,0.035022,0.034784,0.03457,0.034384,0.034216,0.034073,0.033955,0.033857,0.033781,0.033727,0.033695
1.0287e-13,2.0385,1.2318,1.2492,6.9602,0.89963,0.58734,0.68069,4.7163,0.4411,0.24519,0.19423,0.16581,0.14635,0.13194,0.12063,0.1114,0.10376,0.097232,0.091602,0.086742,0.082336,0.078497,0.07506,0.071991,0.069179,0.066648,0.06434,0.06223,0.060295,0.058517,0.056875,0.0554,0.053973,0.052675,0.051474,0.050353,0.049326,0.04836,0.047463,0.046638,0.045851,0.045128,0.044453,0.043829,0.043247,0.042707,0.042206,0.041745,0.041318,0.040925,0.040564,0.04023,0.03994,0.039669,0.039427,0.039206,0.039026,0.038863,0.038727,0.038619,0.038532,0.038471,0.038435
1.1969e-13,2.4187,1.5373,1.4165,9.4166,1.1852,0.67821,0.82845,5.7556,0.55517,0.28297,0.21427,0.17829,0.15502,0.13838,0.12564,0.11546,0.1071,0.10007,0.094072,0.088941,0.08428,0.080259,0.076665,0.073448,0.070547,0.067925,0.065531,0.063363,0.061361,0.059529,0.057841,0.05636,0.054862,0.053532,0.052301,0.051151,0.050101,0.049109,0.048194,0.047344,0.046549,0.04581,0.045125,0.044482,0.043892,0.043341,0.042832,0.042363,0.041927,0.041527,0.04116,0.040819,0.040523,0.040248,0.040003,0.039784,0.039595,0.03943,0.039292,0.039179,0.039091,0.039029,0.03899
6.5406e-14,1.5649,0.85254,0.86817,5.7324,0.73226,0.4533,0.54937,3.2678,0.3574,0.19093,0.1444,0.12061,0.10513,0.093966,0.085362,0.078433,0.072758,0.067958,0.063849,0.060309,0.057151,0.054398,0.05194,0.049745,0.047762,0.045969,0.044334,0.042849,0.041487,0.040238,0.039087,0.038097,0.037055,0.036149,0.03531,0.034529,0.033812,0.033139,0.032514,0.031936,0.031395,0.030891,0.030424,0.029989,0.029588,0.029212,0.028865,0.028546,0.028248,0.027976,0.027725,0.027494,0.027292,0.027104,0.026936,0.026786,0.026656,0.026543,0.026448,0.026371,0.026309,0.026265,0.026237
3.1443e-14,1.291,1.2713,1.2423,7.0145,0.8884,0.48568,0.48961,2.813,0.30496,0.19091,0.15263,0.13041,0.11507,0.10358,0.094523,0.087151,0.081105,0.075922,0.071452,0.067586,0.06412,0.061088,0.058374,0.055962,0.053745,0.051754,0.049933,0.048279,0.046764,0.045371,0.044088,0.043009,0.041812,0.040798,0.039859,0.038986,0.03818,0.037427,0.036728,0.036095,0.035471,0.034907,0.034384,0.033896,0.033442,0.033021,0.032632,0.032274,0.031939,0.031634,0.031354,0.031095,0.030865,0.030656,0.030468,0.030286,0.030155,0.030029,0.029925,0.029839,0.029771,0.029723,0.029694
