1.4792e-14,1.4757,0.91913,0.9654,5.4977,0.69283,0.46281,0.63186,5.351,0.46076,0.22494,0.16547,0.1353,0.11646,0.10314,0.093026,0.084988,0.078498,0.073052,0.068422,0.064484,0.060961,0.057911,0.055204,0.05278,0.050624,0.048669,0.046888,0.045287,0.043805,0.042455,0.041215,0.04019,0.039026,0.038053,0.037154,0.036315,0.035548,0.034829,0.034164,0.033542,0.032968,0.032433,0.031936,0.031469,0.031043,0.030645,0.030277,0.029939,0.029623,0.029334,0.02907,0.028821,0.028609,0.028412,0.028234,0.028079,0.02794,0.027821,0.027723,0.027642,0.027578,0.027534,0.027507
1.3155e-14,1.1245,0.64989,0.81302,5.2676,0.77527,0.59741,0.84386,6.1353,0.50562,0.23922,0.16851,0.1346,0.11299,0.09849,0.087767,0.079462,0.072853,0.067406,0.06284,0.05897,0.055584,0.052661,0.05008,0.047794,0.045755,0.043921,0.042258,0.040762,0.039394,0.038146,0.037002,0.036025,0.034988,0.034096,0.033274,0.032511,0.031809,0.031154,0.030547,0.029987,0.029462,0.028976,0.028526,0.028104,0.027718,0.027357,0.027024,0.026718,0.026433,0.026173,0.025934,0.025715,0.025519,0.025341,0.025181,0.025038,0.024916,0.02481,0.024722,0.024648,0.024592,0.024552,0.024528
2.5388e-14,1.1974,0.67033,0.89111,5.8051,0.98329,0.70631,0.93542,5.656,0.56206,0.2726,0.19394,0.15661,0.13297,0.11661,0.10437,0.094824,0.087208,0.080887,0.075553,0.071025,0.06702,0.063555,0.060491,0.057763,0.055332,0.053138,0.051147,0.049355,0.047708,0.046206,0.044829,0.043628,0.042399,0.041322,0.040326,0.039401,0.03855,0.037757,0.037021,0.03634,0.035701,0.03511,0.034562,0.034047,0.033577,0.033137,0.032732,0.032357,0.03201,0.031692,0.0314,0.031131,0.030891,0.030673,0.030478,0.030301,0.030153,0.030022,0.029914,0.029823,0.029754,0.029705,0.029676
1.9253e-14,0.92026,0.56965,0.74449,4.6449,0.70028,0.48825,0.66225,4.19,0.39411,0.20067,0.14378,0.11533,0.097972,0.085777,0.076714,0.069665,0.064011,0.059341,0.055411,0.052081,0.049137,0.046593,0.044343,0.042345,0.040559,0.038949,0.037486,0.036172,0.034961,0.033857,0.032845,0.03197,0.031057,0.030266,0.029535,0.028854,0.028229,0.027645,0.027104,0.026602,0.026134,0.025699,0.025296,0.024916,0.02457,0.024246,0.023946,0.02367,0.023414,0.023179,0.022962,0.022763,0.022586,0.022425,0.022279,0.022149,0.022037,0.021939,0.021858,0.02179,0.021737,0.0217,0.021677
2.0978e-14,0.76333,0.56139,0.72448,4.1024,0.59437,0.31231,0.43705,2.5666,0.28059,0.15377,0.11624,0.097309,0.084445,0.075396,0.068435,0.062851,0.058266,0.054401,0.051092,0.048261,0.045718,0.043506,0.041536,0.039773,0.038188,0.036752,0.035445,0.034264,0.033169,0.032171,0.031253,0.030436,0.029627,0.028904,0.028234,0.027611,0.027038,0.026501,0.026003,0.02554,0.02511,0.024709,0.024336,0.023984,0.023668,0.023369,0.023092,0.022837,0.022601,0.022384,0.022185,0.022002,0.021838,0.021689,0.021555,0.021437,0.021333,0.021243,0.021168,0.021106,0.021059,0.021024,0.021003
1.9972e-14,0.86636,0.52747,0.69442,3.7705,0.48953,0.28877,0.356,2.1691,0.22507,0.12063,0.091538,0.076326,0.066343,0.059143,0.053606,0.049176,0.045547,0.042494,0.039887,0.037654,0.035659,0.033922,0.032377,0.030992,0.029754,0.02863,0.027609,0.026684,0.025829,0.025049,0.024333,0.02369,0.023064,0.022499,0.021977,0.021493,0.021043,0.020626,0.020237,0.019874,0.019541,0.019229,0.018939,0.018662,0.018418,0.018186,0.017971,0.017772,0.017588,0.017419,0.017264,0.017128,0.016996,0.01688,0.016777,0.016687,0.016605,0.016536,0.016477,0.016428,0.016394,0.016368,0.016352
1.4673e-14,0.68936,0.41347,0.46248,3.1316,0.40198,0.25527,0.29215,1.8419,0.18512,0.096787,0.071667,0.05967,0.051957,0.046432,0.042213,0.03879,0.036034,0.033679,0.031663,0.029941,0.028372,0.027029,0.025831,0.024755,0.023783,0.022903,0.022101,0.021368,0.020698,0.020082,0.019513,0.01901,0.018508,0.018059,0.017643,0.017253,0.0169,0.016566,0.016255,0.015968,0.015698,0.015448,0.015215,0.015002,0.014798,0.014611,0.014438,0.014278,0.01413,0.013995,0.01387,0.01375,0.013654,0.01356,0.013476,0.013401,0.013337,0.013281,0.013233,0.013197,0.013166,0.013144,0.013132
3.4077e-14,1.253,0.7249,0.81956,6.0848,0.76576,0.65316,0.85794,6.379,0.5854,0.25721,0.18123,0.14412,0.12124,0.10564,0.094105,0.085186,0.078147,0.072356,0.067485,0.063377,0.059741,0.056603,0.053834,0.05137,0.049184,0.047207,0.045417,0.043814,0.042322,0.040972,0.039735,0.038665,0.037556,0.03659,0.035698,0.034868,0.034107,0.033397,0.032738,0.032127,0.03156,0.031031,0.030541,0.030074,0.029661,0.029268,0.028905,0.028571,0.02826,0.027975,0.027714,0.027474,0.027258,0.027062,0.026886,0.026731,0.026593,0.026474,0.026375,0.026291,0.026228,0.026182,0.026154
2.7575e-14,1.083,0.76344,0.8543,6.0215,1.0301,0.82948,1.0277,6.5967,0.62475,0.29883,0.21304,0.16898,0.14298,0.12463,0.11104,0.10052,0.092188,0.085323,0.079565,0.074664,0.070418,0.066728,0.063471,0.060591,0.05801,0.055695,0.053595,0.051711,0.049975,0.048398,0.046952,0.045728,0.044406,0.043278,0.042237,0.041275,0.040384,0.039555,0.038788,0.038082,0.037415,0.036799,0.03623,0.035692,0.035207,0.034751,0.034329,0.033942,0.033581,0.033251,0.032949,0.032675,0.032424,0.032198,0.031996,0.031812,0.03166,0.031525,0.031413,0.031318,0.031248,0.031196,0.031165
2.914e-14,1.2477,0.75209,0.86715,5.7366,0.77639,0.60601,0.84428,5.2529,0.52254,0.2506,0.17897,0.14502,0.12298,0.10789,0.096584,0.087722,0.080606,0.074696,0.069716,0.065459,0.061751,0.058526,0.055677,0.05314,0.050882,0.048848,0.046998,0.045333,0.043808,0.042416,0.04114,0.040043,0.03889,0.037892,0.036972,0.036121,0.035331,0.034598,0.033918,0.033287,0.0327,0.032154,0.031648,0.03117,0.030738,0.030333,0.029958,0.029612,0.029291,0.028996,0.028725,0.028485,0.028255,0.028053,0.02787,0.027708,0.027566,0.027442,0.02734,0.027252,0.027188,0.027139,0.027109
2.252e-14,1.1304,0.74514,0.75762,5.85,0.6632,0.543,0.81462,5.1311,0.49439,0.24316,0.17308,0.13913,0.11787,0.10328,0.092433,0.083955,0.07719,0.071581,0.066856,0.062859,0.059324,0.056271,0.053572,0.05117,0.049037,0.047106,0.045355,0.043783,0.042327,0.041006,0.039792,0.038744,0.037657,0.036708,0.035832,0.03502,0.03427,0.033571,0.032923,0.032323,0.031764,0.031244,0.030762,0.030302,0.029897,0.029511,0.029154,0.028825,0.02852,0.02824,0.027984,0.027753,0.027539,0.027347,0.027176,0.027023,0.02689,0.026776,0.02668,0.026599,0.02654,0.026497,0.026471
2.0214e-14,0.85466,0.56538,0.76245,4.0672,0.63473,0.36661,0.44923,2.7546,0.25762,0.1407,0.10335,0.085722,0.074375,0.066374,0.060219,0.055272,0.051228,0.047809,0.044879,0.042367,0.040116,0.038157,0.036411,0.034855,0.033444,0.032173,0.031014,0.029969,0.028997,0.028113,0.0273,0.026603,0.025859,0.02522,0.024626,0.024076,0.023567,0.023093,0.022651,0.022247,0.021861,0.021506,0.021177,0.02086,0.020585,0.02032,0.020075,0.019849,0.019639,0.019446,0.019269,0.019111,0.018961,0.018828,0.018709,0.0186,0.01851,0.018428,0.018361,0.018302,0.018262,0.01823,0.01821
1.4215e-14,0.68337,0.4013,0.53488,3.0014,0.37666,0.25406,0.2984,1.7337,0.18261,0.09738,0.074339,0.061831,0.053738,0.047867,0.043345,0.03972,0.036761,0.034266,0.032138,0.03031,0.028687,0.027271,0.026012,0.024891,0.023875,0.022961,0.02213,0.021377,0.020684,0.02005,0.019468,0.018971,0.018438,0.01798,0.017557,0.017163,0.016799,0.016461,0.016146,0.015855,0.015581,0.015327,0.015092,0.01487,0.01467,0.014481,0.014307,0.014145,0.013996,0.013858,0.013732,0.013618,0.013513,0.013419,0.013334,0.013258,0.013194,0.013137,0.013089,0.01305,0.01302,0.012999,0.012986
2.5017e-14,1.1938,0.69163,0.77258,5.9116,0.93569,0.7977,1.2844,7.5181,0.81612,0.37475,0.25922,0.20432,0.1706,0.14779,0.13108,0.11821,0.10808,0.09976,0.092825,0.086995,0.081906,0.07752,0.073664,0.070239,0.067219,0.064489,0.06202,0.059802,0.057766,0.055915,0.054221,0.052768,0.051235,0.049916,0.048698,0.04757,0.04653,0.045563,0.044666,0.043833,0.043064,0.042346,0.041681,0.041056,0.040489,0.039957,0.039466,0.039014,0.038594,0.03821,0.037858,0.037536,0.037246,0.036984,0.036749,0.036541,0.036358,0.0362,0.03607,0.035961,0.035879,0.03582,0.035784
2.7161e-14,1.1102,0.78059,0.85315,5.5344,0.8708,0.69313,0.98237,6.9438,0.61819,0.28043,0.19453,0.15322,0.12791,0.11079,0.09826,0.088607,0.080995,0.07475,0.06954,0.065132,0.061299,0.057993,0.055082,0.052497,0.050217,0.048156,0.046293,0.044614,0.043085,0.041691,0.040414,0.039331,0.038168,0.037174,0.036258,0.035408,0.034629,0.033901,0.033226,0.032599,0.03202,0.031479,0.030978,0.030514,0.030082,0.029681,0.029311,0.02897,0.028653,0.028363,0.028096,0.027851,0.027634,0.027435,0.027256,0.027098,0.026957,0.026837,0.026737,0.026654,0.026589,0.026543,0.026514
2.8665e-14,1.2022,0.82216,0.8941,5.7268,0.70547,0.48444,0.6999,4.2259,0.4781,0.24516,0.17741,0.14436,0.12312,0.10838,0.097306,0.088599,0.081595,0.075764,0.070835,0.066624,0.062929,0.059718,0.056872,0.054343,0.052078,0.050035,0.048179,0.046508,0.044967,0.043564,0.042276,0.041181,0.040004,0.038995,0.038063,0.037199,0.0364,0.035655,0.034964,0.034327,0.033728,0.033174,0.032659,0.03217,0.031736,0.031323,0.030941,0.03059,0.030263,0.029963,0.029688,0.029442,0.02921,0.029004,0.028819,0.028653,0.028511,0.028386,0.028281,0.028191,0.028127,0.028078,0.028047
2.9786e-14,0.95287,0.60111,0.69462,4.9058,0.65089,0.6109,0.87764,6.6321,0.63965,0.29425,0.20526,0.16277,0.13626,0.11823,0.10495,0.094704,0.08658,0.079923,0.074371,0.069651,0.065595,0.062066,0.058961,0.056206,0.053775,0.051575,0.049594,0.047806,0.046173,0.044686,0.043326,0.042109,0.040932,0.039871,0.038895,0.037992,0.037156,0.03638,0.035662,0.034995,0.034379,0.033804,0.033271,0.032772,0.032317,0.031891,0.031498,0.031135,0.030799,0.030493,0.030211,0.029956,0.029722,0.029512,0.029324,0.029158,0.029011,0.028887,0.028782,0.028694,0.028629,0.028582,0.028552
2.7079e-14,1.1267,0.72647,0.8333,5.4609,0.7232,0.5076,0.72667,5.4465,0.49675,0.25282,0.18259,0.14752,0.12558,0.11034,0.098904,0.089938,0.082785,0.07685,0.07183,0.067551,0.063795,0.060529,0.057637,0.055073,0.052767,0.050694,0.04881,0.047115,0.045551,0.044128,0.042822,0.041716,0.040518,0.039497,0.038552,0.037677,0.036867,0.036114,0.035415,0.034769,0.034165,0.033604,0.033084,0.032591,0.032152,0.031735,0.03135,0.030996,0.030666,0.030364,0.030088,0.029839,0.029607,0.029401,0.029216,0.029052,0.028909,0.028785,0.028682,0.028595,0.028532,0.028485,0.028458
1.612e-14,0.63809,0.40654,0.48515,3.6552,0.47662,0.38415,0.52929,3.6073,0.33822,0.16364,0.11461,0.090672,0.076206,0.066162,0.058825,0.053193,0.048677,0.044978,0.041883,0.039272,0.036976,0.035003,0.033264,0.031723,0.030352,0.029118,0.028003,0.027001,0.026079,0.025241,0.024474,0.023794,0.023124,0.022527,0.021976,0.021464,0.020995,0.020556,0.02015,0.019774,0.019425,0.0191,0.018798,0.018515,0.018258,0.018017,0.017794,0.017589,0.017399,0.017225,0.017065,0.016918,0.016788,0.016668,0.016561,0.016467,0.016384,0.016312,0.016253,0.016203,0.016166,0.016139,0.016122
1.3485e-14,0.57208,0.40266,0.49889,3.0998,0.4627,0.30663,0.38216,2.7194,0.24144,0.11931,0.086865,0.070364,0.059955,0.052832,0.047505,0.043308,0.039923,0.037107,0.034724,0.032695,0.030896,0.02934,0.027959,0.026737,0.025627,0.024634,0.023731,0.022916,0.022165,0.021481,0.020852,0.020296,0.019742,0.019249,0.018793,0.01837,0.017981,0.017617,0.017279,0.01697,0.016675,0.016404,0.016152,0.015915,0.015702,0.0155,0.015314,0.015142,0.014983,0.014836,0.014703,0.014581,0.014471,0.014371,0.014281,0.0142,0.014133,0.014072,0.014022,0.013981,0.01395,0.013927,0.013914
2.4847e-14,1.1422,0.68586,0.75924,5.7677,0.90843,0.77017,1.2106,9.3263,0.87281,0.39617,0.2705,0.21011,0.17323,0.14885,0.13112,0.11756,0.10695,0.098297,0.09112,0.085067,0.079879,0.075398,0.071475,0.068011,0.064964,0.062221,0.059748,0.057533,0.05551,0.053674,0.051998,0.050605,0.049056,0.047759,0.046565,0.045461,0.044442,0.043496,0.042622,0.041809,0.041061,0.040362,0.039715,0.039111,0.038559,0.038041,0.037565,0.037127,0.036719,0.036347,0.036004,0.035696,0.035412,0.035157,0.034929,0.034727,0.034548,0.034395,0.034268,0.034162,0.03408,0.034021,0.033986
3.0605e-14,1.2086,0.80867,0.91231,6.094,0.84227,0.72946,1.2483,9.0824,0.84772,0.37715,0.25858,0.20147,0.16697,0.14379,0.12692,0.11406,0.10389,0.095602,0.088714,0.082903,0.077897,0.073569,0.069776,0.066413,0.063464,0.0608,0.058401,0.056245,0.054273,0.052483,0.050849,0.049426,0.047972,0.046706,0.045537,0.044457,0.043459,0.042534,0.041677,0.04088,0.040146,0.039461,0.038826,0.038227,0.037689,0.037181,0.036714,0.036282,0.035882,0.035516,0.03518,0.034874,0.034594,0.034343,0.034118,0.033918,0.033742,0.033591,0.033464,0.033356,0.033277,0.033217,0.03318
2.0492e-14,0.91427,0.60466,0.7017,4.7725,0.68762,0.47969,0.6714,5.7021,0.49856,0.22632,0.15906,0.1249,0.10449,0.090502,0.08021,0.07229,0.065983,0.060826,0.056515,0.052866,0.049721,0.046994,0.044599,0.042486,0.040604,0.038915,0.037392,0.036025,0.034769,0.03363,0.03259,0.031673,0.030757,0.029948,0.029202,0.028514,0.027875,0.027283,0.026735,0.026228,0.025756,0.025317,0.02491,0.024524,0.024182,0.023856,0.023557,0.02328,0.023024,0.022789,0.022574,0.022382,0.022198,0.022038,0.021894,0.021766,0.021653,0.021557,0.021477,0.021407,0.021358,0.021322,0.021299
1.5214e-14,0.70783,0.47979,0.59512,3.945,0.53694,0.42408,0.57844,3.9388,0.38893,0.18283,0.12828,0.10135,0.085193,0.074057,0.065857,0.059532,0.054482,0.050342,0.046873,0.043934,0.041379,0.03917,0.037223,0.035504,0.033962,0.032582,0.031332,0.030208,0.029178,0.02824,0.027382,0.026624,0.025868,0.0252,0.024582,0.024011,0.023483,0.022991,0.022536,0.022116,0.021722,0.021357,0.02102,0.0207,0.020412,0.020142,0.019892,0.019661,0.019447,0.019252,0.019072,0.018909,0.018758,0.018624,0.018503,0.018395,0.018302,0.018221,0.018154,0.018096,0.018054,0.018023,0.018004
4.0704e-14,1.5088,0.89021,0.99063,6.3333,0.78437,0.56344,0.69826,5.5152,0.53048,0.25468,0.18619,0.15174,0.12982,0.11463,0.10319,0.094153,0.086906,0.080838,0.075695,0.071278,0.067407,0.064033,0.061038,0.058368,0.055972,0.053811,0.051843,0.050065,0.048437,0.046946,0.045577,0.044444,0.043158,0.042084,0.04109,0.040171,0.039319,0.038526,0.037789,0.03711,0.03647,0.035879,0.035331,0.034817,0.034347,0.033907,0.033501,0.033127,0.032779,0.032461,0.032169,0.031906,0.031663,0.031445,0.03125,0.031074,0.030926,0.030795,0.030688,0.030598,0.03053,0.030481,0.030452
2.1615e-14,0.87972,0.58589,0.70203,4.8797,0.62882,0.537,0.75027,5.1669,0.46031,0.22225,0.15751,0.12516,0.10473,0.090811,0.08053,0.072578,0.066277,0.061105,0.05679,0.053146,0.049968,0.047236,0.044835,0.042712,0.040827,0.039137,0.037607,0.036236,0.034979,0.033836,0.032792,0.031919,0.030954,0.030144,0.029397,0.028703,0.028067,0.027475,0.026926,0.026417,0.025945,0.025506,0.0251,0.024719,0.024372,0.024047,0.023747,0.023472,0.023216,0.022982,0.022767,0.022568,0.022395,0.022235,0.022092,0.021966,0.021855,0.021759,0.02168,0.021615,0.021564,0.021528,0.021507
2.081e-14,0.77928,0.54173,0.6627,4.4639,0.60061,0.41948,0.60512,4.1391,0.4175,0.20351,0.14487,0.11571,0.097698,0.085283,0.076095,0.068985,0.063325,0.058675,0.054776,0.051478,0.048574,0.046063,0.043845,0.041878,0.040113,0.038529,0.037091,0.035799,0.034603,0.033518,0.032524,0.031633,0.030766,0.029988,0.029269,0.028603,0.027987,0.027415,0.026883,0.02639,0.025931,0.025505,0.02511,0.024732,0.024399,0.024083,0.02379,0.02352,0.02327,0.023041,0.022831,0.022642,0.022464,0.022308,0.022167,0.022042,0.021933,0.021838,0.02176,0.021693,0.021645,0.02161,0.021588
1.5474e-14,0.70493,0.53133,0.66119,3.8033,0.58049,0.37209,0.44799,3.3383,0.29338,0.1537,0.11376,0.094027,0.080823,0.071715,0.064785,0.059293,0.054831,0.051097,0.047917,0.04519,0.04278,0.040679,0.03881,0.03715,0.035645,0.034291,0.03306,0.031948,0.03092,0.029983,0.029122,0.028353,0.027599,0.026922,0.026296,0.025715,0.025178,0.024676,0.024211,0.023785,0.023378,0.023005,0.022658,0.022328,0.022035,0.021757,0.0215,0.021263,0.021043,0.020842,0.020657,0.020492,0.020337,0.020199,0.020076,0.019963,0.019871,0.019788,0.019719,0.019661,0.01962,0.019589,0.01957
1.7414e-14,0.80248,0.49877,0.62857,3.8616,0.49442,0.29732,0.34904,2.1954,0.22098,0.11872,0.090152,0.074713,0.06469,0.0575,0.051988,0.047584,0.043998,0.040982,0.038414,0.036215,0.034253,0.032551,0.031038,0.029693,0.028475,0.02738,0.026385,0.025481,0.024654,0.023896,0.023201,0.022607,0.021971,0.021424,0.020918,0.020447,0.020016,0.019611,0.019236,0.018889,0.018563,0.018261,0.017981,0.017721,0.01748,0.017255,0.017047,0.016856,0.016678,0.016515,0.016365,0.016227,0.016106,0.015995,0.015895,0.015805,0.015729,0.015662,0.015606,0.015561,0.015525,0.0155,0.015484
1.6007e-14,0.77042,0.50148,0.678,4.0094,0.41269,0.2973,0.30514,2.0908,0.19528,0.10863,0.0833,0.069313,0.060155,0.053559,0.048498,0.044449,0.041134,0.038349,0.035978,0.033948,0.032131,0.030555,0.029151,0.027902,0.026771,0.025751,0.024824,0.023985,0.023213,0.022507,0.021858,0.021286,0.02071,0.020199,0.019727,0.019287,0.018884,0.018506,0.018156,0.017831,0.017527,0.017246,0.016984,0.016739,0.016514,0.016305,0.016111,0.015932,0.015766,0.015615,0.015475,0.015346,0.015233,0.015129,0.015036,0.014953,0.014881,0.014819,0.014767,0.014724,0.014691,0.014668,0.014653
1.1714e-14,0.56195,0.30165,0.41847,2.7146,0.2961,0.18191,0.2302,1.2686,0.14768,0.081077,0.063148,0.053303,0.046714,0.041889,0.038136,0.035112,0.032607,0.030492,0.028679,0.027115,0.025714,0.024491,0.023399,0.022423,0.021539,0.020739,0.020011,0.01935,0.01874,0.018182,0.017668,0.017203,0.016757,0.016351,0.015975,0.015626,0.015303,0.015002,0.014722,0.014464,0.014219,0.013993,0.013784,0.013586,0.013407,0.013239,0.013083,0.012939,0.012805,0.012683,0.012571,0.012469,0.012376,0.012291,0.012216,0.012147,0.01209,0.01204,0.011998,0.011962,0.011936,0.011916,0.011904
2.2131e-14,0.89367,0.62053,0.689,4.6899,0.6639,0.49624,0.72044,4.7094,0.51811,0.25552,0.18263,0.1454,0.12209,0.10618,0.094434,0.08534,0.078112,0.07217,0.067195,0.062997,0.059321,0.056156,0.053368,0.050907,0.048704,0.04673,0.044942,0.043332,0.041865,0.040525,0.039299,0.038254,0.03714,0.036185,0.035304,0.034486,0.033736,0.033035,0.032386,0.031788,0.031226,0.030706,0.030225,0.029777,0.029361,0.028976,0.02862,0.028293,0.027988,0.02771,0.027455,0.027218,0.027011,0.02682,0.026649,0.026494,0.026364,0.026248,0.026153,0.026074,0.026011,0.025966,0.025938
1.7397e-14,0.65694,0.4774,0.52329,3.317,0.43323,0.32114,0.42812,2.8835,0.31101,0.15599,0.11346,0.09196,0.077977,0.068407,0.061242,0.055629,0.051141,0.047416,0.044278,0.041616,0.039272,0.037247,0.035455,0.03387,0.032443,0.031162,0.029998,0.028951,0.027991,0.027113,0.02631,0.02563,0.02489,0.024261,0.02368,0.02314,0.022645,0.022182,0.021752,0.021358,0.020984,0.02064,0.020321,0.020023,0.019747,0.019491,0.019256,0.019038,0.018836,0.018651,0.018481,0.018323,0.018187,0.01806,0.017947,0.017844,0.017759,0.017683,0.01762,0.017569,0.017528,0.0175,0.017482
2.4694e-14,0.88273,0.67057,0.86091,4.5847,0.59237,0.37112,0.41601,2.6986,0.261,0.14354,0.11106,0.093756,0.082184,0.073745,0.067164,0.061836,0.057441,0.053718,0.050532,0.047789,0.045328,0.04318,0.041259,0.039537,0.037981,0.036572,0.035286,0.034122,0.033042,0.032056,0.031147,0.030344,0.029539,0.028821,0.028156,0.027538,0.026968,0.026434,0.025938,0.025478,0.025048,0.024648,0.024277,0.023924,0.02361,0.023311,0.023035,0.02278,0.022543,0.022326,0.022127,0.021947,0.02178,0.02163,0.021495,0.021377,0.021271,0.021181,0.021105,0.02104,0.020994,0.020958,0.020937
1.7317e-14,0.70833,0.52888,0.68488,3.7877,0.43866,0.29043,0.29863,2.2355,0.22522,0.12146,0.092157,0.076966,0.066944,0.059784,0.054274,0.049868,0.046224,0.043165,0.040548,0.038309,0.036288,0.034535,0.032972,0.031567,0.030315,0.029175,0.028139,0.027198,0.02633,0.025536,0.024806,0.024134,0.023515,0.02294,0.022407,0.021909,0.021455,0.021028,0.020631,0.020259,0.01992,0.019601,0.019304,0.019026,0.018771,0.018533,0.018313,0.018109,0.017921,0.017748,0.01759,0.017441,0.017313,0.017194,0.017088,0.016996,0.016911,0.016839,0.016779,0.01673,0.016692,0.016664,0.016648
1.2357e-14,0.58891,0.38783,0.50452,2.9407,0.33614,0.2298,0.23958,1.664,0.15375,0.085044,0.065344,0.0547,0.047697,0.04261,0.038676,0.035523,0.032916,0.030725,0.028852,0.027242,0.025802,0.02455,0.023434,0.02244,0.021537,0.020725,0.019985,0.019317,0.018697,0.018132,0.017613,0.017143,0.016693,0.016285,0.015906,0.015554,0.01523,0.014927,0.014645,0.014386,0.01414,0.013914,0.013704,0.013505,0.013326,0.013158,0.013002,0.012858,0.012724,0.012602,0.01249,0.012387,0.012295,0.012211,0.012136,0.012068,0.012011,0.011961,0.011919,0.011884,0.011858,0.011839,0.011827
1.4147e-14,0.78854,0.50839,0.7123,4.4392,0.43933,0.28076,0.31966,2.1524,0.2004,0.1111,0.08587,0.072384,0.063616,0.057144,0.052087,0.048093,0.044593,0.041714,0.039243,0.037137,0.035195,0.033523,0.03203,0.030698,0.029482,0.028389,0.027391,0.026485,0.02565,0.024885,0.024181,0.023544,0.022932,0.022376,0.021861,0.02138,0.02094,0.020527,0.020144,0.019791,0.019455,0.019145,0.018858,0.01859,0.018342,0.018111,0.017898,0.017701,0.017518,0.017351,0.017197,0.017053,0.01693,0.016815,0.016712,0.016617,0.01654,0.016472,0.016414,0.016368,0.01633,0.016305,0.016289
2.3867e-14,0.90846,0.65659,0.69044,4.4472,0.52853,0.38602,0.43984,3.1605,0.33324,0.16571,0.12228,0.10044,0.08622,0.076297,0.068772,0.0628,0.057968,0.053921,0.050485,0.047536,0.044947,0.042685,0.040679,0.038882,0.037287,0.035838,0.034524,0.033334,0.032241,0.031242,0.030325,0.029527,0.028706,0.027986,0.02732,0.026704,0.026132,0.025601,0.025108,0.024646,0.024223,0.023827,0.023458,0.023112,0.022797,0.022502,0.022229,0.021977,0.021742,0.021528,0.021331,0.021153,0.020988,0.02084,0.020708,0.020592,0.020487,0.020398,0.020322,0.02026,0.020212,0.020177,0.020156
2.5405e-14,1.102,0.72331,1.2,6.127,0.77945,0.53854,0.61709,4.4549,0.43607,0.21524,0.15837,0.12954,0.11174,0.098967,0.089302,0.081669,0.075409,0.070201,0.065778,0.062002,0.058644,0.055736,0.053153,0.050848,0.048781,0.046913,0.045217,0.043676,0.042266,0.040974,0.039788,0.038695,0.03769,0.036756,0.035893,0.035088,0.034352,0.033661,0.03302,0.032424,0.031872,0.031357,0.030878,0.030435,0.03002,0.029636,0.029282,0.028954,0.02865,0.028372,0.028117,0.027879,0.027674,0.027482,0.027311,0.027161,0.027027,0.026913,0.026816,0.02674,0.026677,0.026634,0.026608
2.3782e-14,0.8828,0.63832,0.87451,4.8754,0.55241,0.39228,0.35176,2.4249,0.26439,0.1438,0.11035,0.092751,0.081041,0.072546,0.06597,0.06071,0.056298,0.052607,0.049446,0.046729,0.044282,0.042154,0.040257,0.038551,0.037027,0.035642,0.034382,0.03324,0.032182,0.031216,0.030327,0.029507,0.028756,0.028055,0.027407,0.026802,0.026247,0.025728,0.025246,0.024793,0.024381,0.023993,0.023632,0.023292,0.022986,0.022697,0.022429,0.022182,0.021954,0.021744,0.021551,0.021374,0.021218,0.021075,0.020947,0.020837,0.020734,0.020648,0.020576,0.020517,0.020472,0.020439,0.02042
1.9449e-14,0.79059,0.55918,0.70327,4.4644,0.48023,0.28215,0.33651,2.5835,0.21183,0.12035,0.095147,0.080969,0.071359,0.064214,0.058611,0.054059,0.050253,0.047029,0.044259,0.041854,0.039706,0.037826,0.036145,0.034634,0.033274,0.032042,0.030917,0.029896,0.028954,0.028092,0.027297,0.026595,0.025889,0.025261,0.02468,0.02414,0.023641,0.023174,0.022742,0.022337,0.021964,0.021615,0.021291,0.020985,0.020708,0.020448,0.020207,0.019985,0.019779,0.019591,0.019417,0.019261,0.019116,0.018987,0.018871,0.01877,0.018678,0.018601,0.018536,0.018482,0.018442,0.018413,0.018395
2.4595e-14,1.0122,0.71448,1.1818,5.37,0.71237,0.43651,0.39619,2.6523,0.26526,0.1516,0.11788,0.099438,0.086897,0.077705,0.070554,0.064804,0.060012,0.055988,0.052545,0.049563,0.046921,0.044614,0.042558,0.040716,0.039061,0.037569,0.036208,0.034971,0.033837,0.032799,0.031844,0.030993,0.030159,0.029408,0.028713,0.028068,0.027474,0.026918,0.026403,0.025922,0.025478,0.025064,0.024679,0.024322,0.023989,0.023681,0.023395,0.023132,0.022889,0.022665,0.02246,0.02227,0.022104,0.02195,0.021813,0.021693,0.021586,0.021494,0.021417,0.021355,0.021306,0.021272,0.021251
4.1483e-14,1.7525,1.1485,1.2438,8.4325,0.8707,0.57501,0.69593,4.3086,0.43542,0.22096,0.16874,0.14135,0.1236,0.1106,0.10055,0.092451,0.0858,0.080183,0.075377,0.071226,0.06754,0.064311,0.061429,0.058841,0.05652,0.05441,0.052487,0.050735,0.049135,0.047664,0.046309,0.04517,0.043908,0.042839,0.04185,0.04093,0.04008,0.039286,0.038549,0.037861,0.037226,0.036632,0.03608,0.035567,0.03509,0.034647,0.034237,0.033861,0.033509,0.033188,0.032893,0.032622,0.03238,0.032159,0.031962,0.031788,0.031632,0.031501,0.031391,0.0313,0.03123,0.03118,0.03115
3.1613e-14,1.2761,0.97979,0.98008,6.2707,0.72187,0.49464,0.54585,4.0283,0.39815,0.19818,0.1475,0.12069,0.10371,0.091767,0.082719,0.075566,0.069715,0.064845,0.060712,0.057161,0.054048,0.051329,0.048917,0.04676,0.044837,0.043095,0.041514,0.040077,0.03877,0.037571,0.036468,0.035502,0.034523,0.033658,0.032859,0.032119,0.031433,0.030795,0.030203,0.029646,0.029142,0.028666,0.028225,0.027816,0.027433,0.02708,0.026753,0.026452,0.026172,0.025916,0.025681,0.025467,0.025273,0.025098,0.024941,0.024808,0.024679,0.024575,0.024488,0.024416,0.02436,0.024321,0.024297
3.0166e-14,1.2233,0.81552,1.1373,6.6844,0.71073,0.46641,0.45924,3.1026,0.30379,0.16857,0.13024,0.10948,0.095561,0.085419,0.077558,0.071213,0.066007,0.061599,0.057829,0.05457,0.051675,0.049142,0.046885,0.044873,0.043052,0.041407,0.03991,0.038559,0.037305,0.036163,0.035112,0.034208,0.033256,0.032428,0.031664,0.030955,0.030299,0.029688,0.029121,0.028595,0.028103,0.027647,0.027223,0.02682,0.026462,0.026122,0.025808,0.025518,0.025248,0.025002,0.024775,0.024571,0.024382,0.024213,0.024062,0.023928,0.02381,0.023709,0.023624,0.023553,0.023501,0.023463,0.023439
1.9706e-14,0.91465,0.56544,0.83653,4.8467,0.4874,0.35065,0.39437,2.4514,0.24926,0.13589,0.1038,0.087169,0.076104,0.0681,0.061933,0.056971,0.052902,0.049458,0.046508,0.043966,0.041692,0.039708,0.037934,0.036339,0.034912,0.033617,0.03243,0.031355,0.03037,0.029464,0.02863,0.027942,0.027153,0.026495,0.025885,0.025317,0.024795,0.024305,0.023852,0.023424,0.023036,0.02267,0.022331,0.022016,0.02172,0.021447,0.021195,0.020963,0.020746,0.020548,0.020366,0.020197,0.020049,0.019914,0.019792,0.019689,0.01959,0.019508,0.019441,0.019385,0.019341,0.019309,0.019291
2.2124e-14,0.90195,0.67192,1.0049,5.19,0.65044,0.39634,0.36265,2.6962,0.257,0.15063,0.11596,0.097773,0.08524,0.076193,0.069163,0.063476,0.058823,0.054881,0.051509,0.048604,0.046015,0.04376,0.041751,0.039949,0.038338,0.036878,0.035547,0.034343,0.033233,0.032218,0.031286,0.030469,0.029636,0.028901,0.028222,0.027591,0.027009,0.026466,0.02596,0.02549,0.025056,0.02465,0.024274,0.023919,0.023597,0.023295,0.023015,0.022757,0.022518,0.022299,0.022097,0.021913,0.021748,0.021597,0.021463,0.021345,0.021239,0.021148,0.021073,0.02101,0.020963,0.020929,0.020908
4.9833e-14,1.9305,1.1248,1.4088,8.8764,0.86384,0.60891,0.77842,5.1746,0.52127,0.25804,0.18892,0.15475,0.13255,0.11726,0.1057,0.096549,0.089101,0.08289,0.077622,0.073114,0.069113,0.065643,0.06256,0.059795,0.057348,0.055123,0.053097,0.051278,0.049586,0.04805,0.046638,0.045431,0.044146,0.043037,0.042013,0.04106,0.040185,0.039365,0.038605,0.037894,0.037246,0.036635,0.036069,0.035527,0.035054,0.034598,0.034178,0.033791,0.033431,0.033102,0.032798,0.032525,0.032274,0.032048,0.031846,0.031671,0.031508,0.031372,0.031259,0.031162,0.031092,0.03104,0.031008
3.4656e-14,1.3533,0.88082,1.0499,6.4102,0.63704,0.44272,0.55761,3.3492,0.31456,0.15488,0.11818,0.099399,0.087256,0.078381,0.071505,0.06596,0.061335,0.057418,0.054047,0.051126,0.048504,0.046214,0.044164,0.04232,0.040662,0.039156,0.03778,0.036527,0.035379,0.034322,0.033349,0.032489,0.031625,0.030855,0.030143,0.029479,0.028869,0.028297,0.027766,0.027273,0.026813,0.026385,0.025987,0.025619,0.025272,0.024953,0.024657,0.024385,0.024132,0.0239,0.023687,0.023489,0.023318,0.023159,0.023017,0.022889,0.02278,0.022685,0.022605,0.022542,0.02249,0.022454,0.022432
1.6905e-14,0.84472,0.55348,0.80567,4.9685,0.598,0.32072,0.39994,3.1703,0.28628,0.1527,0.11369,0.095023,0.082515,0.0737,0.066922,0.061494,0.057032,0.053275,0.050063,0.047316,0.044829,0.042676,0.040756,0.03903,0.03749,0.036089,0.034812,0.033657,0.032588,0.031611,0.030713,0.029912,0.029121,0.028413,0.027757,0.027146,0.026584,0.026058,0.025569,0.025113,0.024692,0.024299,0.023933,0.023587,0.023276,0.022982,0.022711,0.02246,0.022228,0.022014,0.021818,0.021639,0.021477,0.021331,0.0212,0.021084,0.020981,0.020892,0.020818,0.020756,0.020709,0.020676,0.020655
1.9949e-14,0.91855,0.64691,0.81038,5.0836,0.48693,0.35407,0.3367,2.1001,0.22367,0.13431,0.10676,0.092336,0.082333,0.074796,0.068776,0.063794,0.059627,0.056039,0.052925,0.050253,0.04776,0.045604,0.043667,0.041918,0.040339,0.038902,0.037585,0.036386,0.035277,0.03426,0.03332,0.03248,0.031652,0.030907,0.030215,0.029566,0.028976,0.028419,0.027902,0.027417,0.026971,0.026552,0.026163,0.025801,0.025464,0.025152,0.024862,0.024595,0.024348,0.02412,0.023911,0.023712,0.023549,0.023393,0.023253,0.023131,0.023021,0.022927,0.022849,0.022787,0.022736,0.022701,0.02268
2.375e-14,1.049,0.73096,1.098,6.1982,0.73647,0.50064,0.4406,2.9022,0.2911,0.16872,0.13297,0.11381,0.10062,0.090825,0.083079,0.076773,0.071483,0.066992,0.063111,0.05976,0.056729,0.054084,0.051715,0.049589,0.047664,0.04592,0.044326,0.042881,0.041542,0.040317,0.039189,0.03822,0.037186,0.036294,0.035467,0.034695,0.033987,0.033323,0.032705,0.032133,0.031597,0.031099,0.030637,0.030202,0.029807,0.029435,0.029092,0.028775,0.028481,0.028211,0.027965,0.027736,0.027535,0.027351,0.027185,0.027037,0.026911,0.0268,0.026708,0.026633,0.026574,0.026533,0.026508
2.0791e-14,0.90194,0.6456,0.67886,5.2898,0.4716,0.3059,0.33123,2.396,0.20837,0.12849,0.10332,0.089267,0.079411,0.071999,0.066076,0.061258,0.057094,0.053583,0.050542,0.047925,0.045515,0.043421,0.041543,0.039852,0.038325,0.036936,0.035667,0.034513,0.033444,0.032465,0.031562,0.030752,0.02996,0.029245,0.028581,0.027961,0.027393,0.02686,0.026364,0.025904,0.025473,0.025072,0.0247,0.02435,0.024032,0.023732,0.023455,0.023199,0.022962,0.022744,0.022544,0.022359,0.022197,0.022047,0.021914,0.021793,0.021691,0.021601,0.021526,0.021465,0.021417,0.021383,0.021363
1.5848e-14,0.73641,0.51097,0.66629,4.4279,0.45798,0.30956,0.34571,2.2223,0.22728,0.11988,0.091753,0.077276,0.067978,0.061095,0.055739,0.051409,0.047809,0.044758,0.042137,0.039883,0.037838,0.03606,0.03447,0.033047,0.031757,0.03059,0.029526,0.028558,0.027665,0.026847,0.026094,0.025392,0.024757,0.024161,0.02361,0.023094,0.022622,0.022179,0.021767,0.021385,0.021028,0.020696,0.020387,0.020097,0.019833,0.019585,0.019355,0.019142,0.018946,0.018766,0.0186,0.018447,0.018313,0.018189,0.018078,0.017979,0.017893,0.017818,0.017756,0.017705,0.017665,0.017637,0.01762
2.3255e-14,1.0499,0.70941,0.91068,5.8943,0.54992,0.38,0.38171,2.4813,0.24198,0.14065,0.10954,0.092565,0.081336,0.073008,0.066508,0.061306,0.056872,0.053174,0.05,0.047261,0.044806,0.042666,0.040754,0.039043,0.037497,0.036098,0.034824,0.033668,0.032602,0.031626,0.030727,0.029919,0.029137,0.028428,0.027772,0.027161,0.026599,0.026073,0.025585,0.025133,0.024709,0.024315,0.02395,0.023607,0.023294,0.023001,0.02273,0.022479,0.022247,0.022035,0.021839,0.021661,0.021501,0.021355,0.021224,0.021107,0.021008,0.02092,0.020847,0.020787,0.020741,0.020709,0.020689
3.0218e-14,1.09,0.73932,0.89157,6.1176,0.66538,0.39332,0.46143,3.5938,0.30392,0.17046,0.13107,0.11084,0.096745,0.086635,0.078798,0.072472,0.067259,0.062855,0.059087,0.055856,0.052934,0.0504,0.048139,0.046117,0.04429,0.042636,0.041134,0.039775,0.038508,0.037357,0.036296,0.035371,0.034422,0.033585,0.032812,0.032091,0.031429,0.030808,0.030233,0.029697,0.029199,0.028735,0.028303,0.027891,0.027531,0.027186,0.026866,0.026572,0.026298,0.026048,0.025818,0.02561,0.025419,0.025246,0.025092,0.024957,0.024836,0.024735,0.024648,0.024575,0.024524,0.024485,0.024462
2.0675e-14,0.97271,0.60791,0.84428,5.6223,0.64222,0.36049,0.44456,3.3297,0.29178,0.15845,0.11926,0.099714,0.086885,0.077664,0.070538,0.064823,0.060112,0.056147,0.052752,0.049844,0.047225,0.044949,0.042921,0.041102,0.039471,0.037991,0.036642,0.035421,0.034293,0.033262,0.032313,0.031474,0.030632,0.029885,0.029192,0.028547,0.027953,0.027398,0.026882,0.026404,0.025957,0.025542,0.025156,0.024793,0.024463,0.024154,0.023867,0.023602,0.023357,0.023132,0.022925,0.022736,0.022566,0.022411,0.022273,0.02215,0.022043,0.021949,0.021871,0.021807,0.021757,0.021721,0.021699
2.4912e-14,1.1722,0.75592,0.99997,6.8299,0.66744,0.43945,0.48128,3.4282,0.29697,0.15971,0.1247,0.10653,0.093779,0.084651,0.077476,0.071579,0.066726,0.06256,0.058963,0.05586,0.053038,0.050578,0.048374,0.04639,0.044599,0.042975,0.041487,0.040143,0.038889,0.037746,0.03669,0.035802,0.034821,0.033986,0.033212,0.03249,0.031826,0.031203,0.030625,0.030085,0.029585,0.029118,0.028685,0.028273,0.027905,0.027556,0.027232,0.026935,0.026658,0.026404,0.026171,0.025957,0.025766,0.025591,0.025434,0.025298,0.025174,0.025069,0.024981,0.024908,0.024853,0.024813,0.024789
2.2002e-14,1.1871,0.7289,0.89573,7.2443,0.56693,0.36368,0.42067,2.6732,0.24791,0.13615,0.10917,0.09428,0.083805,0.075997,0.069767,0.064624,0.06032,0.056624,0.053423,0.050678,0.048133,0.045931,0.043956,0.04217,0.040567,0.039105,0.037768,0.03655,0.035426,0.034394,0.033443,0.032587,0.031751,0.030997,0.030297,0.02964,0.029043,0.02848,0.027957,0.027465,0.027016,0.026593,0.026201,0.025837,0.025495,0.025179,0.024887,0.024617,0.024367,0.024138,0.023927,0.023724,0.023561,0.023403,0.023262,0.023141,0.023028,0.022933,0.022854,0.022792,0.022739,0.022703,0.022682
2.4483e-14,1.3047,0.80963,0.95375,8.0419,0.65668,0.40958,0.41053,2.8599,0.28051,0.18242,0.15062,0.13138,0.11764,0.1071,0.098597,0.0915,0.085595,0.080475,0.076023,0.072207,0.068632,0.06554,0.062762,0.060257,0.057986,0.05592,0.054031,0.052306,0.050714,0.049252,0.047903,0.046671,0.0455,0.044429,0.043434,0.0425,0.041651,0.04085,0.040105,0.039411,0.038765,0.038163,0.037603,0.037083,0.036596,0.036146,0.03573,0.035344,0.034988,0.03466,0.03436,0.034072,0.033836,0.033612,0.03341,0.033232,0.033075,0.032941,0.032828,0.032739,0.032665,0.032614,0.032583
1.9594e-14,0.83179,0.52651,0.75803,4.5344,0.487,0.30736,0.32136,2.1013,0.22512,0.12507,0.098122,0.082901,0.072717,0.06523,0.059424,0.054775,0.050844,0.047547,0.044718,0.042279,0.040082,0.03817,0.036462,0.03493,0.033548,0.032301,0.031163,0.03013,0.029173,0.028301,0.027497,0.026759,0.026072,0.025439,0.024852,0.024304,0.023802,0.023331,0.022894,0.022486,0.022108,0.021757,0.021429,0.021121,0.020842,0.02058,0.020337,0.020112,0.019905,0.019714,0.01954,0.019378,0.019236,0.019106,0.018989,0.018886,0.018795,0.018717,0.018651,0.018598,0.018557,0.018527,0.01851
3.1065e-14,2.0125,1.2626,1.2801,13.032,0.70473,0.48124,0.47965,4.2848,0.32438,0.21335,0.17823,0.15744,0.14241,0.13064,0.12099,0.11311,0.10594,0.099918,0.094637,0.090117,0.085793,0.08206,0.078693,0.075626,0.072873,0.070346,0.068027,0.065914,0.063948,0.062143,0.060475,0.058978,0.0575,0.05617,0.054935,0.053772,0.052716,0.051719,0.050791,0.04992,0.049119,0.048368,0.047668,0.047013,0.046409,0.045846,0.045325,0.044843,0.044396,0.043987,0.04361,0.04325,0.042954,0.042673,0.04242,0.042199,0.042,0.041831,0.04169,0.041576,0.041484,0.04142,0.041381
2.6683e-14,1.2327,0.6697,0.93613,6.7944,0.55535,0.36636,0.41323,3.3374,0.28058,0.15554,0.12427,0.1073,0.09519,0.086348,0.079298,0.073487,0.068623,0.06445,0.06083,0.057734,0.054846,0.05235,0.05011,0.048086,0.046265,0.044607,0.04309,0.041711,0.040429,0.039257,0.038175,0.037209,0.036253,0.035397,0.034601,0.033856,0.033176,0.032536,0.031941,0.031385,0.03087,0.03039,0.029942,0.02952,0.029139,0.02878,0.028447,0.02814,0.027856,0.027594,0.027354,0.027129,0.026936,0.026757,0.026596,0.026453,0.026328,0.02622,0.026129,0.026055,0.025997,0.025955,0.02593
2.5717e-14,1.3432,0.7643,1.0952,7.624,0.67797,0.45781,0.5163,3.5893,0.3549,0.17902,0.13659,0.1152,0.10099,0.090653,0.08261,0.076115,0.070717,0.066155,0.062238,0.058889,0.055821,0.053169,0.050801,0.048659,0.04676,0.045024,0.043442,0.04201,0.040677,0.039463,0.038345,0.037347,0.036363,0.035481,0.034663,0.033899,0.033201,0.032545,0.031936,0.031363,0.030842,0.030351,0.029895,0.029462,0.029077,0.028711,0.028372,0.028059,0.02777,0.027504,0.02726,0.027034,0.026836,0.026654,0.026491,0.026351,0.02622,0.026111,0.026019,0.025944,0.025887,0.025846,0.025821
2.9702e-14,1.2748,0.81221,1.0659,7.7588,0.69303,0.42597,0.48259,3.1028,0.31877,0.16719,0.12597,0.10572,0.092057,0.082321,0.074798,0.068835,0.063771,0.059568,0.055964,0.052899,0.050083,0.047659,0.045496,0.043558,0.041812,0.040234,0.038791,0.037489,0.036281,0.035179,0.034164,0.033271,0.032367,0.031568,0.030828,0.030135,0.029504,0.02891,0.028358,0.027847,0.027367,0.026922,0.026509,0.02612,0.025766,0.025434,0.025126,0.024842,0.024579,0.024337,0.024114,0.023905,0.023726,0.023559,0.023409,0.023274,0.023158,0.023055,0.022971,0.022901,0.022846,0.022806,0.022783
1.9475e-14,0.96099,0.56372,1.1094,6.5958,0.53893,0.31145,0.32906,1.9409,0.21433,0.13231,0.1078,0.093428,0.083268,0.07553,0.069336,0.064233,0.059924,0.056243,0.053053,0.05028,0.047772,0.045578,0.043609,0.041843,0.040232,0.038777,0.037446,0.036235,0.035116,0.03409,0.033144,0.032312,0.031465,0.030715,0.03002,0.029373,0.028777,0.028218,0.027698,0.027219,0.026765,0.026346,0.025957,0.025591,0.025257,0.024944,0.024654,0.024387,0.024139,0.023912,0.023703,0.023512,0.023341,0.023185,0.023045,0.022919,0.022813,0.022719,0.022641,0.022577,0.022528,0.022493,0.022472
2.2435e-14,1.0223,0.80335,1.1166,6.4826,0.62875,0.38222,0.38628,2.362,0.26618,0.14548,0.11583,0.099646,0.088326,0.079844,0.073123,0.06768,0.062996,0.05906,0.055659,0.052707,0.050052,0.047726,0.045643,0.043769,0.042075,0.040541,0.039137,0.037863,0.036685,0.035606,0.034611,0.033745,0.032846,0.03206,0.031331,0.030651,0.030026,0.02944,0.028896,0.028391,0.027917,0.027478,0.02707,0.026689,0.026337,0.02601,0.025707,0.025427,0.025168,0.02493,0.024712,0.02451,0.024332,0.024169,0.024023,0.023892,0.023781,0.023683,0.023601,0.023535,0.023483,0.023447,0.023425
2.07e-14,0.92025,0.64385,0.88535,4.8749,0.57008,0.33919,0.3783,2.4641,0.27881,0.14695,0.11185,0.093728,0.081804,0.073106,0.066401,0.060986,0.05655,0.052792,0.049583,0.046809,0.044337,0.042184,0.040263,0.038549,0.036996,0.035597,0.034323,0.033167,0.032101,0.031128,0.030232,0.029436,0.028649,0.027942,0.02729,0.026683,0.026124,0.0256,0.025115,0.024666,0.024244,0.023853,0.02349,0.023148,0.022839,0.022548,0.022279,0.022031,0.0218,0.021589,0.021395,0.021219,0.021059,0.020914,0.020784,0.020668,0.020568,0.020482,0.020409,0.020349,0.020304,0.020272,0.020251
1.8188e-14,0.91385,0.5171,0.75361,4.9621,0.52448,0.33796,0.37536,3.6209,0.27608,0.14404,0.10991,0.092203,0.080371,0.071848,0.065272,0.059997,0.055637,0.051967,0.048828,0.046127,0.043712,0.041607,0.03973,0.038056,0.036535,0.035168,0.033921,0.03279,0.031748,0.030795,0.029917,0.029119,0.028363,0.027672,0.027032,0.026437,0.025888,0.025374,0.024898,0.024461,0.024042,0.023659,0.023302,0.022966,0.022662,0.022376,0.022111,0.021867,0.021641,0.021433,0.021242,0.021069,0.020911,0.020768,0.02064,0.020521,0.020428,0.020343,0.020271,0.020212,0.020168,0.020135,0.020116
6.0101e-14,2.7328,1.8931,2.0188,13.846,1.5214,0.95144,1.0519,7.2006,0.66596,0.35071,0.26919,0.22771,0.19992,0.17966,0.16386,0.15106,0.14045,0.13146,0.12375,0.11714,0.11109,0.10586,0.10118,0.096961,0.093174,0.089736,0.086596,0.083744,0.081108,0.078695,0.07647,0.074508,0.072529,0.070771,0.069141,0.067618,0.066226,0.064916,0.063702,0.062567,0.061515,0.060534,0.059622,0.058767,0.057982,0.057249,0.05657,0.055944,0.055362,0.054828,0.054338,0.053878,0.053484,0.053116,0.052786,0.052493,0.052237,0.052014,0.051827,0.051675,0.051554,0.051469,0.051417
2.0387e-14,1.5728,1.0435,1.2096,11.46,0.58498,0.37159,0.37733,3.1682,0.23693,0.16102,0.13892,0.12465,0.11384,0.1051,0.09778,0.091535,0.08615,0.081427,0.077263,0.073713,0.070232,0.067245,0.064545,0.062077,0.059856,0.057815,0.055943,0.05423,0.052633,0.051167,0.04981,0.048538,0.047388,0.046304,0.045297,0.044344,0.043485,0.04267,0.041912,0.041201,0.040544,0.039929,0.039356,0.038821,0.038325,0.037864,0.037437,0.037042,0.036677,0.036341,0.036033,0.035733,0.035495,0.035264,0.035057,0.034875,0.034714,0.034576,0.03446,0.034368,0.034292,0.03424,0.034209
2.4271e-14,1.7165,1.1046,1.1915,12.391,0.619,0.40197,0.40827,3.4241,0.2542,0.17232,0.14959,0.13465,0.12307,0.11374,0.1059,0.09923,0.093394,0.088305,0.083807,0.079961,0.076214,0.072987,0.070067,0.067404,0.064996,0.062787,0.060756,0.058903,0.057172,0.055583,0.054114,0.052783,0.051486,0.050312,0.049219,0.048188,0.047254,0.046371,0.045547,0.044778,0.044064,0.043396,0.042775,0.042191,0.041656,0.041156,0.040692,0.040264,0.039867,0.039502,0.039168,0.038846,0.038584,0.038333,0.038109,0.03791,0.037736,0.037586,0.037461,0.03736,0.037278,0.037222,0.037188
2.1643e-14,1.5973,1.0016,1.0003,11.174,0.60722,0.3982,0.4439,3.426,0.29521,0.18981,0.15941,0.1412,0.12799,0.11761,0.10908,0.10188,0.095743,0.090396,0.085701,0.081699,0.077815,0.074478,0.071464,0.06872,0.066243,0.063973,0.061887,0.059986,0.058213,0.056586,0.055081,0.05372,0.052396,0.051195,0.050078,0.049024,0.048072,0.047169,0.046329,0.045542,0.044815,0.044134,0.043501,0.042907,0.04236,0.04185,0.041377,0.04094,0.040536,0.040164,0.039823,0.039493,0.039229,0.038973,0.038745,0.038544,0.038365,0.038212,0.038084,0.037982,0.037898,0.037841,0.037807
2.0002e-14,1.7289,0.91858,0.96994,12.393,0.59479,0.39528,0.45585,3.507,0.29421,0.1773,0.14776,0.13119,0.11934,0.11,0.10228,0.095749,0.090109,0.08519,0.080848,0.077162,0.073535,0.070424,0.067611,0.065041,0.062726,0.060596,0.058642,0.05685,0.055186,0.053654,0.052238,0.050925,0.049704,0.048573,0.047519,0.04652,0.045623,0.044771,0.043976,0.043232,0.042544,0.0419,0.041299,0.040745,0.04022,0.039737,0.03929,0.038875,0.038492,0.03814,0.037817,0.037497,0.037252,0.03701,0.036793,0.036602,0.036433,0.036287,0.036165,0.036072,0.035989,0.035934,0.035902
2.469e-14,2.6432,1.339,1.2466,19.346,0.78445,0.55548,0.53717,4.8989,0.31955,0.25188,0.22804,0.20955,0.19417,0.18099,0.16953,0.15951,0.15073,0.14292,0.13595,0.13002,0.12407,0.11897,0.11434,0.11009,0.10626,0.10273,0.099474,0.096488,0.093708,0.091147,0.088777,0.086558,0.084527,0.082626,0.080854,0.079173,0.077665,0.076231,0.07489,0.073634,0.072477,0.071391,0.070377,0.06944,0.068555,0.067739,0.066984,0.066283,0.065637,0.065041,0.064495,0.063954,0.063541,0.063132,0.062766,0.062444,0.062157,0.061911,0.061705,0.061546,0.061407,0.061315,0.06126
1.8939e-14,1.362,0.7869,1.013,8.8955,0.55156,0.34696,0.34576,2.3986,0.21535,0.1434,0.12037,0.10671,0.096469,0.088485,0.081926,0.076383,0.071678,0.067575,0.063978,0.060894,0.057953,0.055412,0.053122,0.051041,0.049164,0.047447,0.045875,0.044443,0.043104,0.041879,0.040749,0.039696,0.038732,0.037831,0.036995,0.036207,0.035491,0.034816,0.034187,0.033596,0.033055,0.032546,0.032072,0.031623,0.031219,0.030838,0.030485,0.030158,0.029856,0.029578,0.029322,0.029081,0.028877,0.028686,0.028515,0.028368,0.028231,0.028116,0.02802,0.027941,0.02788,0.027837,0.027811
1.7901e-14,1.3608,0.82928,1.0126,9.9295,0.53645,0.34228,0.33657,2.5877,0.19061,0.13683,0.11849,0.10662,0.097257,0.089762,0.083487,0.078115,0.0735,0.069446,0.065867,0.062793,0.059836,0.057276,0.054961,0.052858,0.050946,0.0492,0.047595,0.046136,0.044765,0.043512,0.042353,0.041298,0.040282,0.039356,0.038495,0.037685,0.036947,0.036252,0.035604,0.034998,0.034436,0.033912,0.033423,0.032959,0.032542,0.032149,0.031785,0.031447,0.031135,0.030848,0.030585,0.030335,0.030125,0.029928,0.029752,0.029597,0.029459,0.02934,0.029242,0.029161,0.029098,0.029053,0.029026
1.6888e-14,1.2532,0.78319,0.90723,8.9629,0.56795,0.33956,0.30328,2.5578,0.20689,0.13925,0.11843,0.10571,0.096063,0.0884,0.082059,0.076682,0.072076,0.068051,0.064508,0.061483,0.058553,0.05603,0.053753,0.051679,0.049805,0.048089,0.046516,0.045079,0.043739,0.04251,0.041374,0.040311,0.039345,0.038438,0.037595,0.036799,0.03608,0.035399,0.034765,0.034169,0.033623,0.033109,0.032631,0.032182,0.03177,0.031386,0.031029,0.030699,0.030394,0.030114,0.029857,0.029608,0.029407,0.029215,0.029042,0.028893,0.028755,0.02864,0.028543,0.028465,0.028402,0.028358,0.028332
1.4872e-14,0.6063,0.41561,0.64598,3.7606,0.4006,0.23961,0.23305,1.5327,0.18563,0.10425,0.081119,0.068778,0.060578,0.054547,0.04982,0.045992,0.042771,0.04005,0.037708,0.03568,0.033859,0.032265,0.03084,0.029558,0.028407,0.027359,0.026404,0.025534,0.024734,0.024,0.023324,0.022732,0.022127,0.021592,0.021097,0.020636,0.020212,0.019814,0.019445,0.0191,0.018783,0.018485,0.018208,0.01795,0.017711,0.017489,0.017284,0.017094,0.016918,0.016757,0.016608,0.016471,0.01635,0.016239,0.01614,0.016053,0.015974,0.015907,0.015851,0.015805,0.015769,0.015743,0.015728
2.083e-14,0.79934,0.53097,0.76387,4.6254,0.45739,0.27947,0.31574,1.9266,0.18726,0.10958,0.088073,0.075702,0.067183,0.060725,0.055593,0.051382,0.047861,0.044855,0.04226,0.040015,0.037985,0.036212,0.034624,0.033196,0.031909,0.03074,0.029674,0.028702,0.027808,0.026987,0.026231,0.025545,0.024892,0.024293,0.02374,0.023224,0.022749,0.022304,0.021891,0.021508,0.021149,0.020816,0.020506,0.020216,0.019951,0.019702,0.019472,0.01926,0.019064,0.018883,0.018718,0.018566,0.018431,0.018307,0.018196,0.018096,0.018012,0.017938,0.017876,0.017826,0.017787,0.017759,0.017742
2.0476e-14,1.7327,0.89787,0.99819,12.021,0.59913,0.39848,0.46326,3.1321,0.27288,0.17611,0.1485,0.13263,0.12104,0.11178,0.10411,0.097553,0.091895,0.086927,0.082531,0.078799,0.075111,0.07195,0.06909,0.066484,0.064119,0.061951,0.05996,0.058136,0.056437,0.054876,0.053431,0.052099,0.050846,0.049692,0.048616,0.047597,0.04668,0.04581,0.044998,0.044242,0.043537,0.042879,0.042266,0.041695,0.041164,0.040671,0.040213,0.03979,0.039399,0.039039,0.038709,0.038386,0.038133,0.037885,0.037664,0.037467,0.037296,0.037147,0.037023,0.036926,0.036843,0.036787,0.036754
1.7311e-14,1.3622,0.65881,0.79642,9.0489,0.48632,0.35264,0.37614,2.8364,0.25504,0.15988,0.133,0.11753,0.10618,0.097392,0.090186,0.084135,0.078971,0.074487,0.070552,0.067204,0.063972,0.061192,0.058686,0.056409,0.054353,0.052471,0.050747,0.049171,0.047706,0.046362,0.045121,0.043977,0.042902,0.041913,0.040993,0.040125,0.039339,0.038597,0.037904,0.037261,0.036659,0.036099,0.035577,0.035091,0.03464,0.034221,0.033832,0.033473,0.033141,0.032835,0.032555,0.032284,0.032066,0.031857,0.031669,0.031501,0.031357,0.031231,0.031126,0.031043,0.030974,0.030926,0.030899
2.0524e-14,1.2497,0.7767,1.2209,8.329,0.8003,0.50013,0.48876,3.6548,0.3385,0.20512,0.16764,0.14576,0.13048,0.11875,0.10932,0.10149,0.094939,0.089275,0.084355,0.080089,0.076168,0.072746,0.069671,0.066889,0.064381,0.062093,0.059998,0.058094,0.056325,0.054705,0.05321,0.051908,0.050549,0.049361,0.048259,0.047229,0.046283,0.045396,0.04457,0.043801,0.043086,0.042419,0.041799,0.041215,0.040684,0.040186,0.039724,0.039298,0.038903,0.038541,0.038207,0.037899,0.03763,0.037381,0.037158,0.036961,0.036789,0.03664,0.036515,0.036414,0.036335,0.036279,0.036245
2.6927e-14,1.7301,1.0112,1.8169,12.476,1.0028,0.59758,0.50953,5.0993,0.34685,0.24011,0.20332,0.17975,0.16231,0.14861,0.13739,0.12794,0.11993,0.11296,0.10687,0.1016,0.096671,0.092391,0.088533,0.085024,0.081878,0.078994,0.07635,0.073935,0.071706,0.069655,0.067762,0.066079,0.064385,0.062879,0.06148,0.060165,0.05897,0.057842,0.056791,0.055809,0.054901,0.054052,0.053262,0.052529,0.051843,0.051207,0.050618,0.050075,0.04957,0.049107,0.048682,0.048278,0.047944,0.047625,0.04734,0.047089,0.046867,0.046675,0.046516,0.046389,0.046284,0.046211,0.046168
2.2419e-14,1.1323,0.72022,1.0309,6.8135,0.56154,0.34736,0.3781,3.3082,0.24126,0.1451,0.1172,0.10108,0.089926,0.081491,0.074776,0.069365,0.06464,0.060678,0.057248,0.054303,0.051569,0.049206,0.047086,0.045174,0.043449,0.041879,0.040446,0.039144,0.037936,0.036831,0.035812,0.034889,0.034001,0.033192,0.032444,0.031741,0.031102,0.0305,0.02994,0.029419,0.028933,0.028482,0.028062,0.027668,0.027307,0.02697,0.026658,0.02637,0.026103,0.025858,0.025633,0.025421,0.025242,0.025074,0.024924,0.02479,0.024674,0.024574,0.02449,0.024422,0.024368,0.02433,0.024307
1.9601e-14,1.0021,0.68994,0.92342,6.6594,0.50724,0.32943,0.35287,2.79,0.2247,0.14364,0.11609,0.10005,0.088848,0.080457,0.0738,0.068405,0.063756,0.059843,0.056459,0.053541,0.050865,0.048537,0.046449,0.044568,0.042869,0.041326,0.039915,0.038635,0.037443,0.036355,0.035351,0.034425,0.033566,0.032771,0.032033,0.031344,0.030711,0.030117,0.029565,0.029052,0.028573,0.028128,0.027714,0.027321,0.02697,0.026638,0.02633,0.026045,0.025782,0.02554,0.025319,0.025115,0.024933,0.024767,0.024619,0.024487,0.024373,0.024274,0.024191,0.024122,0.024071,0.024033,0.024011
1.532e-14,0.92681,0.56907,0.86493,6.11,0.46018,0.27348,0.32198,2.253,0.19312,0.11754,0.094911,0.082573,0.073847,0.067243,0.061947,0.057567,0.053877,0.050693,0.047922,0.045521,0.043306,0.041373,0.039635,0.038059,0.036639,0.035345,0.034159,0.033084,0.032078,0.031158,0.03031,0.029527,0.028798,0.028124,0.027498,0.026913,0.026375,0.025871,0.025402,0.024963,0.024557,0.024178,0.023825,0.023488,0.02319,0.022907,0.022644,0.022401,0.022176,0.02197,0.02178,0.021606,0.02145,0.021308,0.021182,0.021069,0.020971,0.020886,0.020815,0.020755,0.020711,0.020679,0.02066
2.6008e-14,1.2565,0.72928,1.1283,6.058,0.67649,0.43049,0.53685,3.6811,0.34534,0.18095,0.14282,0.12229,0.10794,0.097542,0.089365,0.082663,0.07711,0.072345,0.068224,0.064678,0.061424,0.058598,0.056063,0.053774,0.051721,0.04985,0.048134,0.046589,0.045143,0.043824,0.042609,0.041567,0.040446,0.039482,0.038589,0.037752,0.036988,0.03627,0.035602,0.034978,0.034402,0.033862,0.033363,0.032887,0.03246,0.032057,0.031684,0.03134,0.03102,0.030727,0.030458,0.030206,0.02999,0.029789,0.029609,0.02945,0.029309,0.029187,0.029087,0.029003,0.028939,0.028893,0.028865
3.2915e-14,1.3761,0.81648,1.2742,7.8024,0.71602,0.53061,0.61237,4.0987,0.39977,0.21246,0.16002,0.13344,0.11624,0.10403,0.094634,0.087089,0.080875,0.075624,0.071128,0.067278,0.06377,0.060734,0.058024,0.055597,0.053407,0.051419,0.049612,0.047972,0.04645,0.045062,0.043786,0.042615,0.041518,0.040508,0.039574,0.038699,0.037901,0.037152,0.036453,0.035806,0.035202,0.03464,0.034117,0.033625,0.033181,0.03276,0.032373,0.032013,0.031681,0.031376,0.031095,0.030834,0.03061,0.0304,0.030212,0.030046,0.029899,0.029773,0.029667,0.029581,0.029513,0.029465,0.029436
3.1471e-14,2.2418,1.0781,1.8463,15.082,1.0709,0.67778,0.62327,5.2768,0.39202,0.26516,0.22221,0.19602,0.1771,0.16232,0.15024,0.14008,0.13142,0.1239,0.11732,0.11162,0.10629,0.10164,0.09745,0.093649,0.090216,0.087074,0.084198,0.08156,0.079127,0.076887,0.074819,0.072968,0.071121,0.069475,0.067943,0.066504,0.065192,0.063959,0.062805,0.061735,0.060734,0.059803,0.058935,0.058132,0.057379,0.05668,0.056034,0.055437,0.054884,0.054375,0.053908,0.053465,0.053098,0.052749,0.052436,0.052156,0.051916,0.051706,0.051531,0.051393,0.051278,0.051199,0.051152
2.9687e-14,1.8601,1.0579,1.7022,13.208,0.96906,0.58685,0.53031,4.984,0.32197,0.22982,0.19627,0.17464,0.15828,0.14534,0.13464,0.12561,0.11787,0.11115,0.10526,0.10017,0.095376,0.091208,0.087449,0.084033,0.080956,0.078136,0.07555,0.073187,0.071,0.068989,0.067132,0.065496,0.063814,0.062336,0.06096,0.059669,0.05849,0.057382,0.056347,0.055382,0.054488,0.053651,0.052873,0.052148,0.051475,0.050848,0.050269,0.049733,0.049236,0.04878,0.048362,0.047964,0.047633,0.04732,0.047039,0.046791,0.046573,0.046385,0.046228,0.046102,0.046,0.045929,0.045886
1.6325e-14,0.90726,0.50596,0.67531,5.9426,0.42361,0.25528,0.27518,1.9838,0.15833,0.097832,0.080136,0.070066,0.063007,0.057592,0.053216,0.049555,0.046468,0.043786,0.041443,0.039439,0.037533,0.035888,0.034406,0.03306,0.031847,0.030737,0.029719,0.028793,0.027929,0.027138,0.026407,0.025752,0.025104,0.024522,0.023981,0.023472,0.023009,0.022573,0.022167,0.021786,0.021435,0.021106,0.0208,0.02051,0.020249,0.020003,0.019775,0.019564,0.019369,0.01919,0.019026,0.01887,0.018738,0.018615,0.018505,0.018408,0.018322,0.018248,0.018186,0.018136,0.018096,0.018069,0.018052
1.4541e-14,0.78129,0.45654,0.79885,5.327,0.45916,0.25034,0.31516,1.7049,0.20084,0.11359,0.090605,0.077766,0.069059,0.062546,0.057368,0.053125,0.049541,0.046494,0.043854,0.041575,0.039492,0.037673,0.036041,0.034571,0.033242,0.032036,0.030933,0.029931,0.028999,0.028147,0.027362,0.026654,0.025967,0.025345,0.024767,0.024229,0.023733,0.023269,0.022838,0.022437,0.022061,0.021713,0.021388,0.02108,0.020806,0.020545,0.020304,0.020081,0.019874,0.019684,0.01951,0.019351,0.019206,0.019076,0.018959,0.018854,0.018764,0.018686,0.018619,0.018564,0.018524,0.018494,0.018476
2.8893e-14,1.5028,0.8013,1.1815,7.9388,0.75356,0.4826,0.55656,3.5233,0.36919,0.20972,0.16083,0.13494,0.11819,0.10591,0.096399,0.088735,0.082413,0.077059,0.07247,0.068527,0.064965,0.061867,0.059103,0.05661,0.054392,0.052369,0.050526,0.048855,0.047311,0.045898,0.044599,0.043405,0.042293,0.041267,0.040318,0.039431,0.038618,0.037856,0.037149,0.036483,0.03588,0.03531,0.034781,0.034285,0.033829,0.033404,0.033012,0.032648,0.032313,0.032005,0.031722,0.031457,0.03123,0.031019,0.03083,0.03067,0.030516,0.03039,0.030284,0.030198,0.03013,0.030083,0.030054
1.6986e-14,0.86084,0.5523,0.80338,5.5862,0.5214,0.36716,0.4632,3.0856,0.26478,0.13563,0.10084,0.083179,0.07207,0.064339,0.058483,0.053813,0.049978,0.04674,0.04396,0.041593,0.039423,0.03755,0.035877,0.034373,0.033023,0.031797,0.03068,0.029661,0.028729,0.027872,0.027083,0.026383,0.025684,0.025061,0.024484,0.023943,0.023452,0.022989,0.022558,0.022156,0.021786,0.02144,0.021118,0.020821,0.020539,0.020281,0.020042,0.019822,0.019617,0.01943,0.019258,0.019094,0.018958,0.01883,0.018715,0.018615,0.018523,0.018446,0.018382,0.018331,0.018289,0.01826,0.018242
1.6095e-14,1.1059,0.65104,0.95707,7.2733,0.55029,0.32969,0.3086,2.3836,0.21295,0.1352,0.10948,0.095457,0.085421,0.07776,0.071586,0.06647,0.062137,0.058416,0.05518,0.052395,0.0498,0.047549,0.045528,0.043699,0.042052,0.040549,0.039178,0.037926,0.036764,0.0357,0.03472,0.033801,0.032971,0.032192,0.031469,0.03079,0.030171,0.02959,0.029047,0.02854,0.028073,0.027636,0.027228,0.026845,0.026497,0.02617,0.025867,0.025586,0.025327,0.025089,0.02487,0.024665,0.02449,0.024327,0.02418,0.024053,0.023937,0.023839,0.023757,0.02369,0.023638,0.023601,0.023579
1.3536e-14,0.66159,0.41918,0.62965,4.2472,0.41803,0.24496,0.25278,1.6946,0.17058,0.10122,0.080361,0.06831,0.060106,0.054024,0.049264,0.045447,0.042192,0.03947,0.037134,0.035116,0.033297,0.031713,0.030298,0.029023,0.027882,0.026846,0.0259,0.025036,0.024248,0.023523,0.022855,0.022262,0.021671,0.021144,0.020656,0.0202,0.019783,0.019391,0.019027,0.018685,0.018373,0.01808,0.017807,0.017556,0.017318,0.0171,0.016897,0.01671,0.016537,0.016378,0.016232,0.016096,0.015979,0.015869,0.015771,0.015687,0.015609,0.015543,0.015488,0.015444,0.015408,0.015383,0.015368
1.1933e-14,0.54697,0.35131,0.58712,3.5947,0.39832,0.21677,0.27603,1.7844,0.17401,0.098125,0.075702,0.063478,0.055471,0.049682,0.045201,0.041625,0.03864,0.036152,0.034018,0.032189,0.030524,0.029078,0.027788,0.026628,0.025583,0.024637,0.023774,0.02299,0.022266,0.021604,0.020994,0.02045,0.019912,0.019431,0.018985,0.018568,0.018186,0.017829,0.017497,0.017189,0.0169,0.016632,0.016383,0.016151,0.015937,0.015737,0.015553,0.015382,0.015224,0.01508,0.014947,0.014823,0.014716,0.014617,0.014528,0.014448,0.014381,0.014322,0.014272,0.014232,0.0142,0.014177,0.014164
2.4079e-14,1.3093,0.74149,1.1148,7.3587,0.7326,0.42038,0.54592,3.3928,0.30291,0.17776,0.13958,0.11943,0.10595,0.09582,0.087873,0.08137,0.075917,0.071251,0.067212,0.063737,0.060528,0.057747,0.055251,0.053009,0.050973,0.049127,0.047438,0.045908,0.044485,0.043184,0.041985,0.040918,0.039851,0.038901,0.038019,0.037195,0.036439,0.03573,0.035071,0.034461,0.033887,0.033355,0.032861,0.032392,0.031972,0.031574,0.031207,0.030867,0.030552,0.030263,0.029998,0.029752,0.029536,0.029338,0.02916,0.029002,0.028865,0.028746,0.028647,0.028564,0.028501,0.028456,0.028429
2.5871e-14,0.9094,0.60435,0.82727,5.0979,0.45233,0.32813,0.41649,2.3065,0.24508,0.13274,0.1006,0.084357,0.073596,0.06593,0.060034,0.055274,0.051356,0.04804,0.045193,0.04277,0.040547,0.038629,0.036916,0.035383,0.033999,0.032742,0.031599,0.030564,0.0296,0.028723,0.027913,0.027208,0.02648,0.025842,0.025249,0.024695,0.02419,0.023714,0.023273,0.022864,0.02248,0.022124,0.021793,0.021481,0.021199,0.020933,0.020686,0.020459,0.020248,0.020054,0.019877,0.01971,0.019568,0.019435,0.019316,0.019208,0.019117,0.019037,0.018969,0.018915,0.018871,0.01884,0.018821
1.5302e-14,0.66371,0.44145,0.77579,4.1151,0.42392,0.2991,0.28438,2.089,0.19987,0.11653,0.091059,0.077087,0.067778,0.06083,0.055395,0.050966,0.047322,0.044222,0.041562,0.039269,0.037202,0.035405,0.0338,0.032362,0.031067,0.029895,0.028826,0.027854,0.026962,0.026144,0.025391,0.024739,0.024058,0.023465,0.022916,0.022403,0.021933,0.021494,0.021085,0.020706,0.020351,0.020021,0.019715,0.01943,0.019166,0.018921,0.018693,0.018484,0.018289,0.01811,0.017946,0.017794,0.017662,0.017539,0.017429,0.017329,0.017246,0.017172,0.01711,0.01706,0.01702,0.016992,0.016975
1.244e-14,0.56501,0.37848,0.55572,3.3154,0.32758,0.21824,0.26314,1.8809,0.16042,0.086936,0.064863,0.053724,0.046641,0.041618,0.037759,0.034673,0.032149,0.030024,0.028206,0.026645,0.025243,0.024025,0.022938,0.021969,0.021091,0.0203,0.019577,0.018923,0.018319,0.017768,0.017259,0.016824,0.016362,0.015962,0.015591,0.015245,0.014929,0.014632,0.014356,0.014103,0.013862,0.01364,0.013434,0.013242,0.013065,0.012899,0.012746,0.012606,0.012475,0.012355,0.012245,0.012141,0.012054,0.011972,0.011898,0.01183,0.011776,0.011726,0.011685,0.011652,0.011626,0.011607,0.011596
1.5263e-14,0.63264,0.39663,0.63111,3.59,0.4133,0.25728,0.26503,1.8157,0.19461,0.10293,0.079344,0.066522,0.058395,0.052305,0.04757,0.043746,0.040592,0.037928,0.035649,0.033695,0.031921,0.030388,0.029019,0.02779,0.026687,0.025688,0.024775,0.023946,0.023187,0.02249,0.021848,0.021299,0.020711,0.020206,0.019738,0.0193,0.018901,0.018526,0.018178,0.017853,0.017552,0.017272,0.017011,0.016771,0.016544,0.016335,0.016141,0.015963,0.015797,0.015646,0.015506,0.015375,0.015265,0.015161,0.015068,0.014986,0.014913,0.01485,0.014799,0.014758,0.014723,0.0147,0.014686
1.9016e-14,0.72621,0.43339,0.78161,4.1769,0.4667,0.30288,0.31217,1.8311,0.2194,0.12342,0.098072,0.083582,0.073721,0.066424,0.060684,0.056025,0.052122,0.048815,0.045968,0.043515,0.041285,0.03935,0.037617,0.03606,0.034656,0.033383,0.032221,0.031166,0.030192,0.029299,0.028477,0.027753,0.02702,0.02637,0.025768,0.025206,0.024691,0.024208,0.023759,0.023341,0.022953,0.022591,0.022255,0.021939,0.02165,0.021381,0.021131,0.020901,0.020687,0.020491,0.020311,0.020145,0.019999,0.019865,0.019745,0.019638,0.019545,0.019465,0.019398,0.019342,0.0193,0.01927,0.019252
1.9377e-14,0.787,0.53922,0.73224,4.151,0.4753,0.32247,0.34306,2.1326,0.22282,0.12362,0.097661,0.083158,0.073335,0.066038,0.060302,0.055646,0.051747,0.048448,0.045606,0.043184,0.040942,0.039013,0.037287,0.035736,0.034342,0.033075,0.03192,0.03087,0.029901,0.029014,0.028196,0.027488,0.026749,0.026104,0.025506,0.024945,0.024437,0.023957,0.023511,0.023098,0.022711,0.022352,0.022018,0.021707,0.021419,0.021151,0.020903,0.020675,0.020463,0.020268,0.02009,0.019921,0.019781,0.019647,0.019528,0.01942,0.01933,0.01925,0.019183,0.01913,0.019086,0.019056,0.019038
2.6211e-14,1.2312,0.70235,0.91168,5.186,0.61501,0.40355,0.46222,2.5459,0.25751,0.1451,0.11249,0.095368,0.084072,0.075784,0.069308,0.06404,0.059655,0.055922,0.052706,0.049947,0.04741,0.045215,0.043248,0.041478,0.039883,0.038432,0.037107,0.035902,0.03479,0.03377,0.03283,0.032011,0.031164,0.030419,0.029729,0.029082,0.028495,0.027939,0.027425,0.026944,0.026499,0.026083,0.025696,0.025339,0.025002,0.024692,0.024404,0.024139,0.023892,0.023667,0.023459,0.023261,0.0231,0.022944,0.022806,0.022684,0.022575,0.022483,0.022404,0.022344,0.022292,0.022257,0.022236
4.035e-14,1.6356,0.92048,1.2121,7.4669,0.75193,0.49902,0.51139,3.6484,0.32594,0.18069,0.14046,0.11909,0.10518,0.094957,0.086961,0.080458,0.075036,0.070423,0.066438,0.062994,0.059861,0.05713,0.05468,0.05247,0.05048,0.048669,0.047011,0.045502,0.044108,0.042829,0.04165,0.040613,0.039555,0.03862,0.037752,0.036941,0.036198,0.0355,0.034851,0.034246,0.033685,0.03316,0.032673,0.03222,0.031798,0.031406,0.031044,0.03071,0.0304,0.030116,0.029855,0.02961,0.029401,0.029206,0.029032,0.028877,0.028741,0.028624,0.028527,0.028449,0.028386,0.028342,0.028316
1.8384e-14,0.70521,0.51458,0.72679,4.0666,0.45889,0.30128,0.3356,2.0109,0.19966,0.11374,0.091024,0.078784,0.070102,0.063621,0.058434,0.054139,0.050547,0.047459,0.044785,0.042453,0.040351,0.038508,0.036852,0.035362,0.034012,0.032787,0.031663,0.030641,0.029701,0.028836,0.028037,0.027365,0.026621,0.025989,0.025402,0.024856,0.024353,0.023881,0.023442,0.023037,0.022655,0.022301,0.021972,0.021666,0.021382,0.021117,0.020872,0.020647,0.020437,0.020245,0.020069,0.019907,0.019763,0.019632,0.019514,0.019407,0.019318,0.019239,0.019173,0.01912,0.019078,0.019048,0.019031
1.9217e-14,0.87335,0.62803,0.71374,5.1336,0.53913,0.39836,0.45067,2.5238,0.30219,0.14628,0.1099,0.090994,0.079277,0.070758,0.064209,0.058967,0.054661,0.051033,0.047931,0.045283,0.042892,0.040815,0.038967,0.037307,0.035823,0.034478,0.033253,0.032139,0.031115,0.030179,0.029317,0.028549,0.027791,0.027113,0.026485,0.0259,0.025361,0.024858,0.024392,0.023956,0.023553,0.023177,0.022828,0.022499,0.0222,0.021921,0.021661,0.021422,0.021201,0.020998,0.020812,0.020639,0.020486,0.020347,0.020222,0.020112,0.020015,0.019931,0.019861,0.019803,0.019759,0.019728,0.019709
1.685e-14,0.76279,0.49598,0.60206,4.2849,0.47133,0.30671,0.39312,2.4171,0.24817,0.1283,0.096314,0.079744,0.069125,0.061566,0.05579,0.051176,0.047409,0.044239,0.041532,0.03922,0.03714,0.035337,0.033733,0.032302,0.031007,0.029841,0.028777,0.02781,0.026926,0.026114,0.025367,0.024738,0.024047,0.023458,0.022914,0.022406,0.021941,0.021505,0.0211,0.020724,0.020374,0.020048,0.019746,0.019465,0.019202,0.01896,0.018735,0.018529,0.018336,0.01816,0.017999,0.017848,0.017718,0.017598,0.01749,0.017395,0.01731,0.017238,0.017177,0.017129,0.01709,0.017063,0.017046
2.1991e-14,0.9199,0.50929,0.68756,4.7729,0.51025,0.33873,0.40313,2.3553,0.23418,0.12989,0.09956,0.083277,0.072616,0.064906,0.058938,0.054133,0.050198,0.046871,0.044022,0.041593,0.03939,0.037485,0.035786,0.034272,0.032898,0.031662,0.030534,0.029512,0.028572,0.027711,0.026919,0.026231,0.025518,0.024893,0.024316,0.023777,0.023284,0.022821,0.022391,0.021996,0.021621,0.021275,0.020954,0.020653,0.020377,0.02012,0.019882,0.019662,0.019458,0.019271,0.0191,0.01894,0.018802,0.018674,0.018559,0.018455,0.018368,0.018291,0.018227,0.018175,0.018134,0.018105,0.018087
2.5138e-14,1.0856,0.59995,0.84203,4.8099,0.64695,0.35006,0.36578,2.5628,0.24352,0.13958,0.10809,0.091784,0.080897,0.072835,0.066529,0.061408,0.057139,0.053515,0.050399,0.047719,0.045277,0.043159,0.041263,0.039556,0.038029,0.036635,0.035364,0.034207,0.033144,0.032167,0.031268,0.030449,0.029674,0.028962,0.028304,0.027687,0.027126,0.026597,0.026105,0.025646,0.025224,0.024828,0.02446,0.02412,0.0238,0.023504,0.023231,0.022978,0.022745,0.022531,0.022333,0.022147,0.021992,0.021845,0.021714,0.0216,0.021495,0.021408,0.021334,0.021276,0.021228,0.021195,0.021175
5.4519e-14,2.1851,1.3848,1.6431,10.266,1.0579,0.72405,0.77957,5.2897,0.48699,0.26651,0.20594,0.17428,0.15301,0.13762,0.12564,0.11592,0.10782,0.10094,0.095021,0.089953,0.085291,0.081268,0.077668,0.074444,0.071517,0.068871,0.066456,0.064268,0.062241,0.060388,0.05868,0.057176,0.055661,0.054313,0.053066,0.0519,0.050836,0.049834,0.048903,0.048042,0.047232,0.046482,0.045785,0.04513,0.044534,0.043974,0.043455,0.042977,0.042533,0.042126,0.041751,0.041405,0.041105,0.040824,0.040574,0.040351,0.040159,0.039991,0.039851,0.039737,0.039648,0.039584,0.039546
6.0162e-14,2.2321,1.5546,1.7773,10.029,1.124,0.76154,0.89952,5.532,0.5003,0.27569,0.2162,0.1854,0.16457,0.14894,0.13658,0.12642,0.11798,0.11074,0.10446,0.099031,0.094111,0.089801,0.085933,0.082455,0.079317,0.076457,0.073841,0.071477,0.069269,0.067254,0.065395,0.063797,0.062098,0.060625,0.05926,0.05799,0.056813,0.055714,0.054694,0.053747,0.052863,0.052038,0.051273,0.05054,0.049897,0.04928,0.04871,0.048186,0.047697,0.04725,0.046839,0.046471,0.046125,0.045819,0.045545,0.045301,0.045088,0.044905,0.044751,0.04462,0.044528,0.044459,0.044417
2.9695e-14,1.2183,0.81352,1.1967,6.3463,0.76456,0.59144,0.65339,4.4654,0.42395,0.20797,0.15388,0.12633,0.10983,0.097804,0.088589,0.081168,0.075188,0.070119,0.065791,0.062073,0.058767,0.055891,0.053329,0.051045,0.048977,0.047118,0.045419,0.04388,0.042475,0.041184,0.039995,0.039047,0.037898,0.036964,0.036099,0.035295,0.034557,0.033865,0.033224,0.032633,0.032072,0.031555,0.031077,0.030634,0.030217,0.029832,0.029476,0.02915,0.028845,0.028566,0.028311,0.028073,0.027867,0.027676,0.027504,0.027348,0.02722,0.027105,0.02701,0.026933,0.026871,0.026827,0.026802
1.6541e-14,0.67868,0.49271,0.65868,3.6432,0.45052,0.29199,0.34303,2.723,0.25233,0.13193,0.096672,0.079325,0.068159,0.060403,0.054525,0.0499,0.046126,0.042977,0.040298,0.038003,0.035961,0.034186,0.032607,0.031199,0.029932,0.028787,0.027745,0.026805,0.025934,0.025141,0.024412,0.023751,0.023123,0.02255,0.02202,0.021527,0.021073,0.020649,0.020255,0.019892,0.01955,0.019233,0.018939,0.01866,0.018411,0.018175,0.017957,0.017756,0.017569,0.017398,0.017241,0.017098,0.016968,0.01685,0.016745,0.01665,0.016569,0.016498,0.016439,0.016389,0.016352,0.016324,0.016307
2.3372e-14,0.96911,0.67666,0.86298,5.203,0.7133,0.49458,0.58505,3.8333,0.3635,0.18893,0.14312,0.11972,0.10415,0.093026,0.08445,0.077593,0.07191,0.067142,0.063062,0.059577,0.056428,0.053696,0.051264,0.049095,0.047125,0.045354,0.043744,0.042281,0.040929,0.039696,0.038561,0.037491,0.036552,0.035659,0.034832,0.03406,0.033353,0.03269,0.032074,0.031508,0.03097,0.030475,0.030014,0.029581,0.02919,0.028821,0.028478,0.028163,0.027871,0.027603,0.027357,0.027131,0.02693,0.026746,0.026582,0.026431,0.026308,0.026197,0.026104,0.026029,0.025971,0.025929,0.025904
1.8866e-14,0.85806,0.54929,0.69714,4.5359,0.60361,0.39658,0.48604,2.8976,0.31112,0.15802,0.11867,0.098147,0.084517,0.075049,0.067865,0.062153,0.057485,0.053574,0.05024,0.047406,0.044851,0.042643,0.04068,0.038934,0.037356,0.035933,0.03464,0.033476,0.03239,0.031404,0.030499,0.029693,0.028896,0.028185,0.027525,0.026912,0.026348,0.025821,0.02533,0.024878,0.024452,0.024058,0.023691,0.02334,0.023035,0.022742,0.02247,0.022219,0.021987,0.021774,0.021578,0.021401,0.021238,0.021091,0.02096,0.020842,0.020741,0.020653,0.020579,0.020517,0.020472,0.020438,0.020418
3.7931e-14,1.6247,0.9347,1.2464,7.5499,0.7216,0.46721,0.53177,3.0429,0.30031,0.1754,0.14193,0.12273,0.10929,0.099059,0.090891,0.084144,0.078501,0.073664,0.06947,0.065868,0.062553,0.059671,0.057087,0.054753,0.052664,0.050753,0.04901,0.047428,0.045955,0.04461,0.043369,0.042267,0.041173,0.040191,0.039281,0.038428,0.03765,0.036918,0.036238,0.035603,0.035017,0.034468,0.033957,0.033479,0.03304,0.03263,0.032251,0.031902,0.031577,0.031279,0.031006,0.030748,0.03053,0.030326,0.030143,0.029982,0.029839,0.029717,0.029614,0.029532,0.029466,0.02942,0.029392
5.5086e-14,1.8759,1.2538,1.4999,8.2095,0.84541,0.62095,0.70609,4.4085,0.41099,0.22427,0.17616,0.15016,0.13249,0.1194,0.10909,0.10066,0.093693,0.087746,0.082615,0.078165,0.074195,0.07071,0.06759,0.064795,0.062266,0.059976,0.05788,0.055981,0.054227,0.052621,0.051139,0.049906,0.048519,0.04735,0.046266,0.04526,0.044328,0.043458,0.042649,0.041902,0.0412,0.040548,0.039943,0.039372,0.038858,0.038371,0.037921,0.037508,0.037122,0.036769,0.036445,0.036153,0.035883,0.035641,0.035425,0.035231,0.035064,0.034919,0.034799,0.034698,0.034623,0.034569,0.034537
4.4725e-14,1.6657,1.1843,1.2616,7.2409,0.77911,0.56604,0.5756,4.0595,0.33813,0.19661,0.15483,0.1318,0.11631,0.10479,0.095738,0.088333,0.082218,0.076999,0.072496,0.068602,0.065117,0.062061,0.059325,0.056875,0.054658,0.052653,0.050817,0.049151,0.047626,0.046223,0.044929,0.043835,0.042641,0.04162,0.040674,0.039793,0.038979,0.038218,0.037513,0.036859,0.036246,0.035676,0.035148,0.034657,0.034195,0.03377,0.033377,0.033015,0.032678,0.03237,0.032086,0.031824,0.031592,0.031381,0.031191,0.031022,0.030876,0.030749,0.030643,0.030556,0.030487,0.030439,0.030411
3.1482e-14,1.3781,0.83151,1.1134,5.8916,0.85325,0.54362,0.72334,4.5482,0.41751,0.21997,0.16489,0.13575,0.1173,0.10409,0.094036,0.086035,0.079522,0.07406,0.06941,0.065438,0.061897,0.058825,0.056094,0.053648,0.05147,0.049495,0.047693,0.046062,0.044574,0.043207,0.041951,0.040883,0.039729,0.038743,0.03783,0.036981,0.036201,0.035471,0.034794,0.034159,0.03358,0.033036,0.032532,0.032063,0.031622,0.031217,0.030842,0.030497,0.030176,0.029883,0.029614,0.029361,0.029143,0.028942,0.028762,0.028608,0.028461,0.02834,0.028241,0.028159,0.028093,0.028048,0.02802
1.9831e-14,0.80725,0.51844,0.60413,4.634,0.62816,0.46837,0.60983,4.2373,0.41527,0.20091,0.14391,0.11576,0.09831,0.086228,0.077239,0.070238,0.064585,0.059923,0.055991,0.052662,0.049707,0.04716,0.044907,0.042916,0.041117,0.039505,0.038044,0.036723,0.035512,0.034407,0.033394,0.032463,0.031607,0.030815,0.030082,0.0294,0.028776,0.028193,0.02765,0.027158,0.026682,0.026248,0.025845,0.025469,0.025123,0.0248,0.024502,0.024227,0.023974,0.023741,0.023527,0.023328,0.023156,0.022997,0.022854,0.022721,0.022618,0.022522,0.022442,0.022378,0.022327,0.022292,0.02227
2.4059e-14,0.99004,0.61417,0.81864,5.3496,0.77937,0.54596,0.70871,4.4825,0.43814,0.21331,0.15604,0.1264,0.10813,0.095218,0.085517,0.077911,0.071757,0.066657,0.062346,0.058683,0.055442,0.052635,0.05015,0.047945,0.04596,0.044176,0.042554,0.041087,0.039746,0.038519,0.037392,0.036394,0.035403,0.03452,0.033704,0.032946,0.032248,0.031596,0.030992,0.030435,0.029909,0.029424,0.028974,0.028554,0.028166,0.027805,0.027471,0.027164,0.026879,0.026617,0.026378,0.026158,0.025962,0.025783,0.025623,0.025478,0.025357,0.02525,0.025161,0.025088,0.025031,0.024991,0.024967
4.4248e-14,1.7186,1.1383,1.2874,7.2762,0.79585,0.56071,0.60074,4.7585,0.40268,0.2178,0.16973,0.1429,0.12497,0.11183,0.10163,0.093418,0.086607,0.080871,0.075957,0.071727,0.067951,0.064654,0.061714,0.059092,0.056718,0.054576,0.052624,0.050852,0.049225,0.047734,0.046361,0.045133,0.043936,0.042856,0.041856,0.040925,0.040069,0.039267,0.038524,0.037839,0.037191,0.036592,0.036036,0.03552,0.035038,0.034592,0.03418,0.0338,0.033447,0.033124,0.032826,0.032549,0.03231,0.032087,0.031889,0.031709,0.031558,0.031425,0.031314,0.031224,0.031151,0.031101,0.031071
1.3668e-14,0.51397,0.34643,0.43551,2.6277,0.30926,0.21097,0.25987,1.9446,0.16233,0.080303,0.059323,0.048667,0.042037,0.037307,0.033727,0.030883,0.028575,0.02664,0.024992,0.023574,0.022326,0.021233,0.020261,0.019388,0.018614,0.017909,0.017265,0.016685,0.016149,0.01566,0.01521,0.01483,0.014413,0.014059,0.013731,0.013428,0.013145,0.012883,0.012639,0.01241,0.012202,0.012006,0.011824,0.011651,0.011496,0.011349,0.011214,0.011089,0.010973,0.010867,0.010769,0.010681,0.010599,0.010525,0.01046,0.010403,0.01035,0.010306,0.010269,0.010237,0.010214,0.010197,0.010186
1.2024e-14,0.52385,0.34562,0.44306,2.7269,0.32914,0.23163,0.30292,1.9712,0.18634,0.092856,0.069682,0.058051,0.050344,0.044964,0.040826,0.037536,0.034852,0.032586,0.030641,0.028971,0.02747,0.026162,0.024994,0.023947,0.023004,0.02215,0.021371,0.020666,0.020011,0.019414,0.018864,0.018368,0.017891,0.017457,0.017055,0.016681,0.016336,0.016013,0.015713,0.015438,0.015176,0.014935,0.01471,0.014497,0.014308,0.014128,0.013961,0.013807,0.013664,0.013534,0.013414,0.013305,0.013205,0.013115,0.013035,0.012961,0.012901,0.012847,0.012802,0.012764,0.012736,0.012716,0.012703
2.5252e-14,0.89381,0.61711,0.70461,4.6749,0.58861,0.39336,0.50079,3.438,0.35447,0.18827,0.13884,0.11384,0.097717,0.086451,0.077921,0.071167,0.065726,0.06117,0.0573,0.054007,0.051074,0.04853,0.046272,0.044254,0.042455,0.040823,0.03934,0.038002,0.036767,0.035641,0.034607,0.033722,0.032779,0.031966,0.031215,0.030516,0.029873,0.029273,0.028716,0.028198,0.027717,0.027269,0.026853,0.026462,0.026107,0.025773,0.025465,0.025181,0.024917,0.024676,0.024454,0.02425,0.024069,0.023903,0.023755,0.023623,0.023508,0.02341,0.023327,0.023259,0.023207,0.023169,0.023147
2.0805e-14,0.88812,0.56749,0.7344,4.6834,0.49651,0.28994,0.34146,2.1382,0.21898,0.12376,0.098571,0.084577,0.075,0.067818,0.062128,0.057461,0.053561,0.050227,0.047347,0.044837,0.042592,0.04062,0.038853,0.037268,0.035824,0.03452,0.033328,0.032247,0.031243,0.030326,0.02948,0.028739,0.027979,0.027309,0.026688,0.026111,0.025578,0.025079,0.024615,0.024189,0.023782,0.023408,0.02306,0.022731,0.022436,0.022157,0.021898,0.02166,0.021438,0.021236,0.021049,0.020882,0.020727,0.020587,0.020462,0.020348,0.020255,0.020172,0.020102,0.020044,0.020002,0.01997,0.019951
