3.2315e-14,1.7208,0.87084,0.971,7.062,0.75233,0.54919,0.66797,4.6098,0.39208,0.20339,0.15482,0.12982,0.11333,0.1014,0.09217,0.084723,0.078598,0.073422,0.068991,0.065146,0.061762,0.058792,0.056139,0.053765,0.05163,0.049692,0.047931,0.046331,0.044857,0.043509,0.042266,0.041165,0.040075,0.039095,0.038189,0.037349,0.036572,0.035845,0.035171,0.034549,0.033963,0.033419,0.032914,0.03244,0.032012,0.031606,0.031231,0.030886,0.030564,0.03027,0.03,0.029756,0.029533,0.02933,0.029149,0.028984,0.028848,0.028727,0.028625,0.028541,0.028478,0.028432,0.028404
1.5681e-14,0.9807,0.68447,0.6757,3.766,0.59565,0.31849,0.41606,2.717,0.28382,0.14671,0.11283,0.095472,0.083771,0.075285,0.06867,0.063285,0.058861,0.05509,0.051852,0.049056,0.046541,0.04435,0.04239,0.04063,0.039047,0.037608,0.036294,0.035102,0.034003,0.032996,0.032067,0.031267,0.030427,0.029692,0.029014,0.028381,0.0278,0.027255,0.026749,0.026277,0.02584,0.025431,0.025052,0.024697,0.024371,0.024066,0.023784,0.023525,0.023283,0.023062,0.022858,0.02267,0.022506,0.022354,0.022217,0.022097,0.02199,0.021899,0.021822,0.02176,0.021711,0.021677,0.021656
2.7396e-14,1.214,0.90071,0.96852,6.5132,1.1107,0.64819,0.80229,5.3534,0.58708,0.28284,0.20414,0.16535,0.14071,0.12379,0.11116,0.10124,0.093271,0.086643,0.081035,0.076275,0.072041,0.068388,0.065148,0.062271,0.059683,0.057356,0.05524,0.053327,0.051574,0.049973,0.048501,0.047224,0.045906,0.044755,0.043689,0.0427,0.041791,0.04094,0.04015,0.039428,0.038739,0.038105,0.037517,0.036968,0.036464,0.035992,0.035556,0.035155,0.034783,0.034441,0.034128,0.033841,0.033585,0.03335,0.033141,0.032947,0.032792,0.03265,0.032533,0.032436,0.032361,0.032307,0.032275
2.7174e-14,1.0218,0.70818,0.82566,5.0679,0.84479,0.59167,0.69979,5.121,0.44737,0.20854,0.1491,0.11972,0.10086,0.088079,0.078614,0.071276,0.065397,0.060546,0.056464,0.053009,0.049948,0.047316,0.044991,0.04292,0.041085,0.039428,0.03793,0.036579,0.035334,0.034204,0.033168,0.032228,0.031344,0.030536,0.029789,0.029095,0.02846,0.027866,0.027313,0.026802,0.026328,0.025887,0.025476,0.02509,0.024743,0.024414,0.02411,0.02383,0.023571,0.023332,0.023113,0.022912,0.022734,0.02257,0.022423,0.022292,0.022178,0.022078,0.021994,0.021926,0.021873,0.021835,0.021812
2.8775e-14,1.2256,0.93595,1.096,6.7367,1.0001,0.60794,0.86588,5.1566,0.51444,0.25315,0.18433,0.14931,0.12788,0.11259,0.10106,0.091997,0.084661,0.07857,0.073422,0.069027,0.065166,0.061816,0.058851,0.05622,0.053858,0.051733,0.049805,0.048068,0.04647,0.045013,0.043678,0.042484,0.041324,0.040278,0.039313,0.038417,0.037593,0.036824,0.03611,0.035455,0.034835,0.034263,0.033732,0.033234,0.032781,0.032356,0.031964,0.031601,0.031266,0.030959,0.030677,0.030418,0.030188,0.029977,0.029789,0.029618,0.029477,0.02935,0.029245,0.029159,0.029092,0.029045,0.029016
3.3261e-14,1.6653,1.3293,1.5198,9.2538,1.2671,0.62775,0.60657,3.2751,0.42395,0.2459,0.19245,0.16361,0.14377,0.12921,0.1178,0.10857,0.10084,0.094306,0.088695,0.083824,0.079487,0.075691,0.072297,0.069281,0.066513,0.064026,0.061758,0.059697,0.057803,0.056066,0.054467,0.053047,0.051635,0.05037,0.049202,0.048116,0.047114,0.046176,0.045304,0.044516,0.043742,0.043041,0.042389,0.04178,0.04122,0.040696,0.040212,0.039764,0.039349,0.038969,0.038619,0.038301,0.038014,0.037752,0.037517,0.037294,0.037127,0.036968,0.036836,0.036728,0.036644,0.036583,0.036546
2.5264e-14,0.94976,0.88631,0.86594,5.9812,0.67586,0.38762,0.43437,2.7137,0.25132,0.1379,0.10816,0.092363,0.081862,0.073965,0.067717,0.062585,0.058347,0.054707,0.051555,0.048856,0.046377,0.044225,0.042295,0.040557,0.038996,0.037572,0.036269,0.035096,0.033999,0.032998,0.032077,0.031294,0.030439,0.029709,0.029032,0.0284,0.02782,0.027276,0.026771,0.026298,0.025864,0.025456,0.025078,0.024717,0.024395,0.024091,0.02381,0.02355,0.023308,0.023087,0.022884,0.022695,0.02253,0.022379,0.022243,0.022124,0.022016,0.021926,0.02185,0.021787,0.021739,0.021705,0.021684
4.8075e-14,1.2354,0.74345,0.76344,4.396,0.46207,0.35367,0.41484,2.6825,0.25331,0.13413,0.10355,0.087303,0.076693,0.068972,0.062976,0.058094,0.054084,0.050668,0.04773,0.045186,0.042906,0.040914,0.039129,0.037526,0.036078,0.034764,0.033564,0.032469,0.031468,0.030545,0.029692,0.028966,0.028191,0.027516,0.026893,0.026312,0.025779,0.025276,0.024812,0.024377,0.023975,0.0236,0.023251,0.022929,0.022624,0.022344,0.022085,0.021847,0.021624,0.021421,0.021234,0.021061,0.020911,0.020771,0.020646,0.020537,0.020438,0.020355,0.020285,0.02023,0.020185,0.020153,0.020134
5.2375e-14,1.5308,0.94641,1.0287,7.6895,1.3202,0.94125,1.3916,8.1968,0.84766,0.41592,0.29528,0.23526,0.19838,0.17283,0.15391,0.13921,0.12751,0.11788,0.10982,0.10296,0.097031,0.09188,0.087338,0.083309,0.079725,0.076498,0.073578,0.070929,0.068537,0.066342,0.06433,0.062539,0.060795,0.059226,0.057779,0.056441,0.055204,0.054053,0.052986,0.051997,0.051079,0.050224,0.049431,0.048702,0.048013,0.047378,0.046792,0.046252,0.045751,0.045292,0.044871,0.044488,0.044141,0.043825,0.043544,0.043293,0.043074,0.042886,0.042727,0.042599,0.042497,0.042425,0.042381
4.0796e-14,1.5776,1.12,1.3117,10.198,1.8217,1.2475,1.8363,10.713,1.1204,0.52612,0.37067,0.29373,0.24689,0.21439,0.19043,0.1719,0.15721,0.14514,0.13506,0.12652,0.11911,0.1127,0.10707,0.10208,0.097642,0.093653,0.090049,0.086784,0.083831,0.081129,0.078654,0.076493,0.074299,0.072374,0.070598,0.068951,0.067437,0.066026,0.064717,0.063504,0.06238,0.061332,0.060361,0.059468,0.058625,0.057849,0.057131,0.05647,0.055858,0.055297,0.054781,0.054308,0.05389,0.053505,0.053161,0.052856,0.052588,0.052357,0.052165,0.05201,0.051885,0.051798,0.051746
5.0125e-14,1.3228,0.92701,0.89581,6.1241,0.86234,0.5638,0.60967,4.0242,0.36927,0.19112,0.14583,0.12129,0.10549,0.094076,0.08531,0.078283,0.072552,0.067715,0.063585,0.06005,0.056862,0.054106,0.051649,0.049451,0.047471,0.045685,0.044052,0.042578,0.041217,0.039973,0.038828,0.037834,0.036805,0.035904,0.03507,0.034292,0.033582,0.032914,0.032293,0.03172,0.031181,0.030682,0.030219,0.029786,0.029388,0.029016,0.028672,0.028356,0.028062,0.027792,0.027545,0.027315,0.027117,0.026932,0.026766,0.026617,0.026492,0.02638,0.026288,0.026214,0.026154,0.026113,0.026088
2.8587e-14,1.2797,1.0119,1.2055,7.4599,1.0511,0.5923,0.71852,4.453,0.46622,0.24875,0.18774,0.15581,0.13539,0.12052,0.10908,0.099941,0.092448,0.086158,0.0808,0.076202,0.072103,0.068544,0.065379,0.062552,0.060014,0.057721,0.055632,0.053741,0.052007,0.050419,0.048959,0.047689,0.04638,0.045233,0.044172,0.043183,0.042279,0.041431,0.040644,0.039914,0.039233,0.0386,0.038013,0.037468,0.03696,0.036489,0.036053,0.035653,0.035281,0.03494,0.034627,0.034334,0.034085,0.033851,0.033643,0.033457,0.033296,0.033156,0.03304,0.032947,0.032871,0.032819,0.032787
2.6914e-14,1.0301,0.81474,0.97744,6.4272,0.87664,0.50763,0.56993,3.3928,0.34455,0.18865,0.14675,0.12333,0.10746,0.095891,0.086935,0.0798,0.073821,0.068831,0.064566,0.060898,0.057625,0.054782,0.05225,0.04999,0.047949,0.046111,0.044436,0.042919,0.041526,0.040251,0.039078,0.038066,0.037008,0.036085,0.035233,0.034441,0.033712,0.03303,0.032398,0.031813,0.031263,0.030754,0.030282,0.029839,0.029434,0.029056,0.028705,0.028383,0.028082,0.027808,0.027556,0.027326,0.027118,0.026929,0.02676,0.026609,0.026478,0.026364,0.026269,0.02619,0.02613,0.026086,0.026059
1.033e-13,2.1411,1.0104,0.86327,5.3407,0.74676,0.59085,0.69561,4.9985,0.42027,0.21915,0.1693,0.14351,0.12577,0.11314,0.10329,0.095285,0.088687,0.083068,0.078234,0.074032,0.070315,0.067041,0.064105,0.061457,0.059088,0.056929,0.054953,0.053153,0.051505,0.049988,0.048585,0.047376,0.046118,0.045008,0.043982,0.04303,0.042148,0.041321,0.040557,0.039843,0.03918,0.038562,0.037988,0.037453,0.036957,0.036496,0.036068,0.035675,0.035308,0.034973,0.034665,0.034385,0.03413,0.033898,0.033692,0.033508,0.033347,0.033209,0.033093,0.032998,0.032925,0.032872,0.032841
8.7816e-14,1.9161,1.0943,1.1562,8.7001,1.3518,1.0664,1.5406,9.0355,0.83732,0.41961,0.30432,0.24669,0.21065,0.18549,0.16663,0.15181,0.13981,0.12984,0.12141,0.1142,0.10787,0.10236,0.097481,0.093132,0.089256,0.085751,0.082574,0.079691,0.077064,0.074658,0.072448,0.07045,0.068561,0.066831,0.065233,0.06375,0.062385,0.06111,0.05993,0.05883,0.057815,0.056867,0.055986,0.055171,0.05441,0.053705,0.053054,0.052454,0.051898,0.051388,0.050921,0.050489,0.050109,0.04976,0.049448,0.049173,0.048929,0.048722,0.048546,0.048405,0.048293,0.048215,0.048167
4.1832e-14,1.5768,1.0671,1.1491,9.0076,1.4807,1.0294,1.55,8.7727,0.89134,0.42665,0.30247,0.2415,0.20506,0.1794,0.16041,0.14563,0.13375,0.12394,0.11569,0.10868,0.10252,0.097189,0.092484,0.088306,0.084579,0.08122,0.078182,0.075435,0.07292,0.070627,0.068525,0.066609,0.064823,0.063181,0.061666,0.060258,0.058966,0.057759,0.05664,0.055602,0.054639,0.053742,0.05291,0.052131,0.051422,0.050756,0.050142,0.049575,0.049051,0.04857,0.048129,0.047724,0.047365,0.047036,0.046742,0.046481,0.046253,0.046057,0.045892,0.045757,0.045654,0.04558,0.045536
1.2731e-13,2.528,1.1433,1.0684,6.3912,0.8715,0.63799,0.90035,6.3659,0.55811,0.27078,0.19791,0.16179,0.1393,0.12356,0.11167,0.1022,0.094565,0.088138,0.082669,0.077967,0.073832,0.07022,0.067002,0.064117,0.061549,0.059212,0.057082,0.055151,0.053389,0.051768,0.050276,0.049038,0.04765,0.046473,0.045387,0.04438,0.043449,0.042576,0.041769,0.041015,0.04032,0.039669,0.039065,0.038507,0.037981,0.037496,0.037047,0.036634,0.036247,0.035895,0.035571,0.035276,0.035009,0.034765,0.034547,0.034355,0.034183,0.034038,0.033915,0.033816,0.033736,0.03368,0.033645
3.8786e-14,1.482,1.0347,1.1024,8.4744,1.1991,0.77857,0.91004,6.4974,0.63508,0.3133,0.23123,0.1897,0.16358,0.14496,0.13086,0.11969,0.11057,0.10295,0.096485,0.09093,0.08603,0.081762,0.077968,0.074582,0.071548,0.068803,0.066312,0.064055,0.061979,0.060083,0.05834,0.056708,0.055265,0.053895,0.05263,0.051455,0.050372,0.04936,0.048423,0.04755,0.046741,0.045987,0.045287,0.044629,0.044033,0.043472,0.042953,0.042474,0.042032,0.041626,0.041253,0.040914,0.040608,0.04033,0.040081,0.039863,0.039668,0.039503,0.039363,0.039249,0.039163,0.0391,0.039063
3.2075e-14,1.0514,0.74435,0.88683,6.626,0.98961,0.65095,0.78558,4.5805,0.51399,0.24656,0.18025,0.1461,0.12482,0.10984,0.098583,0.089711,0.082606,0.076682,0.071679,0.067428,0.063655,0.060404,0.057522,0.054954,0.052666,0.050601,0.048719,0.047031,0.045473,0.044054,0.04275,0.041677,0.040458,0.039437,0.038495,0.037619,0.036817,0.036064,0.035367,0.034722,0.034119,0.033559,0.033042,0.032553,0.03211,0.031695,0.03131,0.030958,0.030628,0.030328,0.030052,0.029798,0.029573,0.029367,0.029182,0.029016,0.028875,0.028752,0.02865,0.028565,0.0285,0.028453,0.028425
3.1552e-14,1.5141,1.0374,1.1836,8.2978,1.2689,0.71553,0.8317,5.2965,0.53539,0.26232,0.19387,0.16008,0.13887,0.1237,0.1121,0.10286,0.095256,0.088874,0.08343,0.078775,0.074572,0.070942,0.067707,0.064821,0.062215,0.059863,0.057718,0.055783,0.053993,0.052359,0.050857,0.049543,0.048197,0.047015,0.04592,0.044901,0.043966,0.043089,0.042276,0.041523,0.040817,0.040162,0.039555,0.03898,0.038463,0.037975,0.037524,0.037108,0.036722,0.036368,0.036043,0.035746,0.03548,0.035237,0.035019,0.034824,0.034657,0.034511,0.03439,0.034289,0.034213,0.034158,0.034124
1.4395e-13,2.7512,1.2453,1.1453,6.8748,1.0182,0.77342,0.87967,6.3431,0.57404,0.28222,0.21723,0.18518,0.16244,0.14637,0.13383,0.12359,0.11515,0.10794,0.10172,0.096351,0.091504,0.087283,0.083492,0.080073,0.077005,0.074212,0.071647,0.06933,0.067189,0.065224,0.063407,0.061878,0.060209,0.058768,0.057437,0.056197,0.055063,0.053989,0.052997,0.05207,0.051211,0.050408,0.049664,0.04897,0.048327,0.047728,0.047173,0.046664,0.046187,0.045753,0.045354,0.044985,0.044663,0.044362,0.044094,0.043857,0.043648,0.043469,0.04332,0.0432,0.043104,0.043035,0.042995
1.1142e-13,2.2544,1.0856,1.1919,8.3866,1.2673,0.85299,0.96093,6.4831,0.64586,0.32503,0.24138,0.19918,0.17217,0.153,0.13844,0.12686,0.1174,0.10948,0.10274,0.096926,0.091809,0.087342,0.083361,0.07982,0.076602,0.073711,0.071073,0.068691,0.066493,0.064484,0.062632,0.061004,0.059373,0.057917,0.05657,0.055319,0.054167,0.053088,0.052088,0.051167,0.050293,0.049487,0.04874,0.048039,0.047397,0.046799,0.046244,0.045733,0.045258,0.044823,0.044425,0.044058,0.043732,0.043433,0.043166,0.042923,0.042722,0.042543,0.042394,0.042272,0.042177,0.04211,0.042069
5.7877e-14,1.9339,1.2214,1.581,11.839,1.7837,1.1714,1.4171,8.5563,0.93273,0.45846,0.33733,0.27511,0.2355,0.2078,0.18698,0.17059,0.15736,0.14636,0.13704,0.12914,0.12205,0.11595,0.11054,0.10571,0.10138,0.097478,0.093932,0.090726,0.08778,0.085089,0.082618,0.080405,0.078252,0.076314,0.074522,0.07285,0.071325,0.069894,0.068567,0.067335,0.066185,0.065119,0.064129,0.063207,0.062353,0.061561,0.060828,0.060151,0.059525,0.058952,0.058425,0.057931,0.057511,0.057118,0.056766,0.056452,0.056182,0.055947,0.055751,0.055593,0.055466,0.055378,0.055324
3.314e-14,1.4835,1.0487,1.2655,8.933,1.2927,0.85395,1.0168,5.8443,0.68848,0.32373,0.23739,0.19311,0.16531,0.14575,0.13099,0.11933,0.10997,0.10214,0.095518,0.08991,0.084887,0.080572,0.076749,0.073337,0.0703,0.06755,0.065051,0.0628,0.060726,0.058836,0.057101,0.055661,0.054042,0.052683,0.051428,0.05026,0.049192,0.048191,0.047264,0.046403,0.045601,0.044855,0.044165,0.043515,0.042925,0.04237,0.041858,0.041388,0.040949,0.040549,0.040181,0.03984,0.039542,0.039267,0.039021,0.038801,0.038612,0.038448,0.038311,0.038199,0.038112,0.03805,0.038013
1.0114e-13,1.8707,0.91896,0.76062,5.3036,0.86587,0.64251,0.65507,4.6105,0.43027,0.20989,0.15775,0.13094,0.1135,0.10119,0.091863,0.08437,0.078316,0.073173,0.068775,0.064992,0.061606,0.058665,0.056038,0.053667,0.051562,0.049645,0.047892,0.046313,0.044844,0.043506,0.042269,0.041275,0.040098,0.039122,0.03822,0.037381,0.036613,0.035889,0.03522,0.034591,0.034016,0.033476,0.032974,0.032501,0.032074,0.031672,0.031299,0.030958,0.030637,0.030345,0.030078,0.029831,0.029614,0.029413,0.029233,0.029078,0.028936,0.028817,0.028716,0.028634,0.028571,0.028526,0.028499
1.0049e-13,2.274,1.1937,1.0769,8.483,1.3089,0.98849,1.0007,7.1011,0.68628,0.33388,0.24836,0.2042,0.17603,0.15624,0.14122,0.12925,0.11952,0.11135,0.1044,0.098422,0.093121,0.088515,0.084416,0.08075,0.077463,0.074494,0.071787,0.069364,0.06709,0.065033,0.063139,0.061529,0.059805,0.058317,0.056941,0.055663,0.054487,0.053385,0.052366,0.051416,0.050533,0.049712,0.04895,0.048219,0.047582,0.04697,0.046403,0.045883,0.045396,0.044952,0.044544,0.044176,0.043836,0.04353,0.043256,0.043013,0.0428,0.042615,0.042461,0.042331,0.042237,0.042166,0.042124
3.2698e-14,1.5274,1.0209,1.1643,8.224,1.2434,0.81574,1.0024,5.949,0.69661,0.3369,0.24135,0.1935,0.16403,0.14363,0.12845,0.11661,0.1071,0.09923,0.092603,0.086997,0.082023,0.077741,0.073956,0.070594,0.067599,0.064899,0.062446,0.060251,0.058216,0.056371,0.054681,0.053221,0.051697,0.050378,0.049158,0.048023,0.046984,0.046013,0.045113,0.04428,0.043502,0.04278,0.042112,0.041477,0.04091,0.040373,0.039878,0.039422,0.038998,0.03861,0.038253,0.037921,0.037633,0.037367,0.037129,0.036916,0.036732,0.036571,0.03644,0.036328,0.036244,0.036183,0.036147
2.8618e-14,1.3131,0.82466,1.018,6.8619,1.0534,0.64409,0.75848,4.6729,0.44946,0.22339,0.16711,0.13822,0.11985,0.10666,0.096562,0.088504,0.081899,0.076357,0.071638,0.067606,0.063974,0.060838,0.058045,0.05554,0.053307,0.051278,0.04943,0.047765,0.046221,0.044814,0.043521,0.042401,0.041235,0.040216,0.039275,0.038398,0.037594,0.036839,0.036141,0.035485,0.034886,0.034323,0.033801,0.033306,0.032862,0.032442,0.032055,0.031698,0.031365,0.031061,0.030781,0.030525,0.030296,0.030086,0.029899,0.029737,0.029586,0.029461,0.029355,0.029267,0.0292,0.029152,0.029121
3.392e-14,1.295,0.95761,1.125,7.8041,1.0662,0.56878,0.64909,4.1193,0.46441,0.23462,0.17167,0.14015,0.12026,0.10624,0.095626,0.087312,0.080427,0.074751,0.069935,0.065827,0.062172,0.059013,0.056209,0.053703,0.051476,0.049457,0.047623,0.045969,0.044441,0.04305,0.041774,0.040621,0.039519,0.038519,0.037593,0.036733,0.035943,0.035204,0.034517,0.033878,0.03329,0.032739,0.032226,0.031742,0.031309,0.030898,0.030518,0.030167,0.029843,0.029544,0.029269,0.029019,0.028793,0.028586,0.028402,0.028238,0.028092,0.027966,0.02786,0.027771,0.027703,0.027653,0.027621
2.1902e-14,1.0034,0.84732,0.92849,6.0333,0.80018,0.43929,0.48517,2.8575,0.26515,0.136,0.10284,0.08565,0.074692,0.066747,0.060608,0.055673,0.051614,0.048193,0.045265,0.042755,0.040493,0.038536,0.036788,0.03523,0.033815,0.032539,0.031376,0.030321,0.029352,0.028465,0.027648,0.026954,0.026204,0.02556,0.024965,0.02441,0.023903,0.023425,0.022982,0.022576,0.022189,0.021832,0.021501,0.021194,0.020909,0.020643,0.020398,0.020172,0.019962,0.01977,0.019594,0.01943,0.019288,0.019156,0.019038,0.01893,0.018842,0.018763,0.018697,0.018645,0.018602,0.018573,0.018555
5.2758e-14,2.0043,1.6059,1.3775,7.5942,0.88772,0.555,0.55333,3.9482,0.3844,0.23314,0.18327,0.15653,0.13834,0.1249,0.11432,0.10574,0.098452,0.0923,0.086987,0.082365,0.078242,0.074615,0.071365,0.068434,0.065806,0.063411,0.061218,0.059229,0.057395,0.055712,0.054158,0.052855,0.051407,0.050178,0.04904,0.047982,0.047003,0.046089,0.04524,0.044445,0.043714,0.043028,0.042392,0.041796,0.041247,0.040736,0.040262,0.039826,0.03942,0.039049,0.038708,0.038397,0.038117,0.037862,0.037634,0.037436,0.037255,0.037103,0.036976,0.036872,0.036791,0.036734,0.0367
4.9843e-14,1.5622,0.8705,1.0189,5.835,0.92639,0.56475,0.73667,4.3779,0.41597,0.20195,0.15119,0.12524,0.10845,0.096574,0.08751,0.080285,0.074353,0.069377,0.065135,0.061524,0.058254,0.055432,0.052916,0.050664,0.048639,0.046804,0.045137,0.04363,0.042229,0.040955,0.039781,0.038703,0.037706,0.036781,0.035926,0.035127,0.0344,0.033714,0.033078,0.032491,0.031938,0.031426,0.03095,0.030502,0.030099,0.029718,0.029365,0.029039,0.028738,0.028461,0.028208,0.027971,0.02777,0.027579,0.027409,0.027256,0.027127,0.027013,0.026918,0.026842,0.026781,0.026738,0.026712
3.6886e-14,1.589,0.9861,1.0608,6.6456,0.98287,0.6626,0.75437,4.6777,0.46978,0.23496,0.17462,0.14513,0.12539,0.11147,0.10083,0.092307,0.085417,0.079603,0.074648,0.070384,0.066631,0.063352,0.060435,0.057836,0.055496,0.053384,0.051459,0.049721,0.048126,0.046665,0.045321,0.044229,0.042948,0.04189,0.040913,0.040007,0.03917,0.038388,0.037663,0.036995,0.036363,0.035779,0.035239,0.034732,0.034267,0.033834,0.033432,0.033064,0.032719,0.032405,0.032117,0.031855,0.031617,0.031402,0.031209,0.031034,0.030889,0.030761,0.030654,0.030566,0.030498,0.03045,0.03042
5.4815e-14,1.8138,1.2261,1.1711,8.5315,1.0816,0.64195,0.7728,5.7739,0.52086,0.27269,0.20437,0.16803,0.14491,0.12843,0.11587,0.10594,0.097828,0.091065,0.08532,0.080429,0.076051,0.072271,0.068913,0.065915,0.063237,0.060811,0.058609,0.056619,0.054781,0.053106,0.05157,0.050161,0.048848,0.047642,0.046525,0.045483,0.04453,0.043637,0.042807,0.042043,0.041323,0.040656,0.040038,0.039458,0.038928,0.038432,0.037973,0.03755,0.037158,0.036799,0.036469,0.03616,0.035896,0.035649,0.035428,0.035228,0.035062,0.034912,0.034789,0.034688,0.034608,0.034552,0.034517
2.8431e-14,1.0912,0.80388,0.89873,5.7121,0.75539,0.4309,0.49264,3.0787,0.32764,0.17107,0.1286,0.10666,0.092482,0.082422,0.074698,0.068535,0.063459,0.059203,0.05557,0.052438,0.049665,0.04724,0.045083,0.043156,0.041418,0.039848,0.038423,0.037126,0.035934,0.034844,0.033841,0.032908,0.032065,0.031275,0.030543,0.029865,0.029237,0.028652,0.028107,0.0276,0.027131,0.026693,0.026285,0.025905,0.025556,0.025229,0.024926,0.024646,0.024388,0.024149,0.023931,0.023734,0.023553,0.023389,0.023242,0.023115,0.022997,0.022898,0.022814,0.022746,0.022693,0.022655,0.022631
2.793e-14,1.0683,0.96325,0.97915,5.4207,0.75169,0.42609,0.42431,3.0165,0.28318,0.15424,0.11942,0.10074,0.088079,0.078984,0.071911,0.066297,0.061475,0.057482,0.054051,0.051093,0.048451,0.046142,0.04408,0.042235,0.040571,0.039062,0.037688,0.036437,0.035289,0.034236,0.033266,0.032406,0.03155,0.030785,0.030076,0.029416,0.028811,0.028243,0.027714,0.027227,0.026768,0.026343,0.025947,0.025581,0.02524,0.024922,0.024629,0.024358,0.024108,0.023877,0.023666,0.023471,0.023301,0.023143,0.023002,0.022875,0.022767,0.022672,0.022593,0.022531,0.02248,0.022444,0.022423
2.6598e-14,0.98632,0.85927,0.79009,4.7464,0.55368,0.31603,0.34473,2.0926,0.21585,0.12695,0.10151,0.0877,0.078106,0.070908,0.065151,0.060507,0.056385,0.05295,0.049966,0.04738,0.045032,0.042975,0.041129,0.039472,0.037959,0.036593,0.035341,0.034203,0.033151,0.032186,0.031294,0.030516,0.029714,0.029007,0.028352,0.027741,0.02718,0.026653,0.026164,0.025712,0.025283,0.024888,0.02452,0.024177,0.02386,0.023565,0.023291,0.023039,0.022805,0.02259,0.022394,0.022211,0.022051,0.021904,0.021772,0.021653,0.021553,0.021465,0.021391,0.021332,0.021285,0.021251,0.021231
5.2425e-14,1.2775,0.90564,1.0298,5.074,0.75029,0.48549,0.56633,3.5173,0.31792,0.17644,0.13659,0.11602,0.10231,0.092141,0.084151,0.077622,0.072233,0.067634,0.063671,0.060236,0.057164,0.054477,0.05207,0.049904,0.047958,0.04619,0.044576,0.043113,0.041757,0.040518,0.039375,0.038401,0.037355,0.036451,0.035615,0.034837,0.034121,0.033449,0.032825,0.032245,0.031705,0.031202,0.030735,0.030294,0.029897,0.029522,0.029175,0.028855,0.028557,0.028284,0.028035,0.027807,0.027602,0.027414,0.027246,0.027097,0.026968,0.026856,0.026761,0.026685,0.026626,0.026584,0.026558
4.7521e-14,2.2504,1.5916,1.6445,10.294,1.3468,0.73878,0.82938,5.1737,0.56307,0.29585,0.23062,0.19584,0.17258,0.15519,0.14156,0.13045,0.12128,0.11347,0.10675,0.10094,0.095749,0.091207,0.087146,0.083489,0.080214,0.077239,0.07452,0.072049,0.069779,0.067697,0.065777,0.064128,0.062383,0.060868,0.059465,0.058161,0.05696,0.055834,0.05479,0.053817,0.052912,0.05207,0.051287,0.050556,0.049883,0.049256,0.048673,0.048139,0.04764,0.047183,0.046765,0.046379,0.046038,0.045724,0.045443,0.045193,0.044976,0.044787,0.04463,0.044502,0.044402,0.044331,0.044289
3.1122e-14,1.2998,1.0739,1.2616,7.1422,0.98325,0.48321,0.52235,3.3479,0.36537,0.20909,0.16265,0.13737,0.12031,0.10782,0.098091,0.090267,0.083736,0.078242,0.073529,0.069454,0.065838,0.062669,0.059842,0.057326,0.055034,0.052968,0.05109,0.049374,0.04781,0.046371,0.045048,0.043849,0.042704,0.04166,0.040693,0.039796,0.038967,0.038193,0.037472,0.036811,0.036183,0.035603,0.035064,0.034566,0.0341,0.033667,0.033267,0.032898,0.032556,0.032242,0.031954,0.03169,0.031454,0.031237,0.031044,0.030869,0.030721,0.030591,0.030482,0.030394,0.030323,0.030273,0.030243
2.1191e-14,0.84389,0.65124,0.7535,4.5785,0.57284,0.31692,0.33419,2.3599,0.23805,0.12604,0.097505,0.081915,0.071678,0.06424,0.058453,0.053763,0.049935,0.046683,0.043892,0.041484,0.039344,0.037469,0.035794,0.034301,0.032944,0.031717,0.030601,0.029582,0.028653,0.027797,0.02701,0.026305,0.025614,0.024992,0.024415,0.02388,0.023386,0.022925,0.022495,0.022104,0.021726,0.02138,0.021058,0.020762,0.020483,0.020224,0.019986,0.019765,0.019561,0.019374,0.019203,0.019044,0.018904,0.018775,0.018661,0.018553,0.018469,0.018392,0.018327,0.018276,0.018234,0.018205,0.018187
2.9283e-14,1.0639,0.99062,1.0693,5.9952,0.75543,0.41076,0.42721,2.8798,0.29065,0.17275,0.13449,0.11461,0.10102,0.091044,0.0832,0.076783,0.071473,0.066934,0.063019,0.059622,0.056583,0.053917,0.051532,0.049396,0.047458,0.045703,0.044102,0.042643,0.041304,0.040075,0.038942,0.037932,0.036933,0.036037,0.035207,0.034434,0.033723,0.033057,0.032436,0.031863,0.031326,0.030826,0.030362,0.029932,0.029529,0.029156,0.028811,0.028492,0.028196,0.027925,0.027675,0.027445,0.027243,0.027056,0.026889,0.026739,0.02661,0.026498,0.026403,0.026328,0.026267,0.026224,0.026198
5.6047e-14,1.8665,1.5014,1.6839,8.5829,0.89087,0.5654,0.66121,3.9744,0.38701,0.21888,0.17182,0.14651,0.1296,0.1171,0.10723,0.099114,0.09239,0.086628,0.081648,0.077328,0.073438,0.07004,0.066988,0.064244,0.061769,0.059518,0.057456,0.055593,0.053862,0.052279,0.050816,0.049617,0.048233,0.047074,0.046003,0.045006,0.044088,0.043225,0.042425,0.041682,0.040988,0.040341,0.039742,0.039173,0.038664,0.038181,0.037734,0.037325,0.03694,0.03659,0.036268,0.035977,0.035711,0.03547,0.035254,0.035061,0.034895,0.034751,0.03463,0.03453,0.034456,0.034402,0.034369
4.7451e-14,1.8318,1.4103,1.3953,8.3011,0.99362,0.56196,0.68676,3.7178,0.39782,0.23902,0.18855,0.16146,0.14329,0.12959,0.11877,0.10991,0.10253,0.096204,0.090733,0.085957,0.081701,0.077951,0.074583,0.071561,0.068813,0.066324,0.064044,0.061973,0.060065,0.058311,0.056693,0.05531,0.053823,0.052539,0.051351,0.050248,0.049225,0.048268,0.047379,0.046567,0.045784,0.045067,0.044401,0.043776,0.043203,0.042668,0.042173,0.041716,0.04129,0.040902,0.040545,0.040222,0.039925,0.039658,0.039418,0.039194,0.039021,0.03886,0.038727,0.038617,0.038533,0.038473,0.038436
4.5044e-14,1.7788,1.7695,1.7946,9.9422,1.2553,0.65937,0.6455,4.0108,0.45933,0.2788,0.22206,0.1902,0.16823,0.15191,0.13898,0.12841,0.1195,0.11193,0.1054,0.099714,0.094636,0.090175,0.086181,0.082615,0.079365,0.076423,0.073746,0.071293,0.069057,0.066998,0.0651,0.063388,0.061736,0.060235,0.058846,0.057553,0.056361,0.055246,0.054205,0.053252,0.052347,0.051511,0.050732,0.050013,0.049341,0.048714,0.048136,0.047602,0.047107,0.046653,0.046234,0.045852,0.045512,0.045198,0.044917,0.044664,0.044449,0.044259,0.0441,0.043972,0.04387,0.043797,0.043752
3.3339e-14,1.3889,1.2838,1.3781,8.1176,0.99581,0.53917,0.53227,3.2092,0.36968,0.21538,0.17046,0.14574,0.12901,0.11652,0.10663,0.09854,0.091754,0.085977,0.080984,0.076661,0.072771,0.069362,0.066311,0.063581,0.061097,0.058849,0.056802,0.054928,0.053215,0.051639,0.050187,0.048896,0.047611,0.046462,0.045398,0.044408,0.043493,0.042639,0.041844,0.041107,0.040419,0.039778,0.039182,0.038629,0.038114,0.037636,0.037194,0.036785,0.036407,0.036059,0.03574,0.03545,0.035187,0.034948,0.034734,0.034546,0.034379,0.034236,0.034115,0.034018,0.033942,0.033888,0.033855
2.2269e-14,0.72299,0.63551,0.66606,3.9875,0.49848,0.27076,0.3066,2.0458,0.21157,0.12395,0.095913,0.081334,0.071448,0.064268,0.058644,0.054161,0.050285,0.047066,0.044292,0.041908,0.039751,0.037874,0.036196,0.034696,0.033332,0.032101,0.030976,0.029956,0.029016,0.028154,0.02736,0.026667,0.025953,0.025326,0.024745,0.024203,0.023707,0.023241,0.022807,0.022408,0.022031,0.021682,0.021358,0.021056,0.020776,0.020516,0.020275,0.020053,0.019847,0.019658,0.019486,0.019323,0.019185,0.019055,0.018939,0.018835,0.018747,0.018669,0.018604,0.018553,0.018511,0.018482,0.018464
5.4556e-14,2.3366,1.7778,2.0405,10.299,1.1756,0.67364,0.67969,3.907,0.41498,0.25314,0.20951,0.18452,0.16619,0.15197,0.14038,0.13061,0.12239,0.11525,0.10899,0.10353,0.098549,0.094176,0.090232,0.086649,0.083434,0.080491,0.077787,0.075342,0.07305,0.070956,0.069021,0.067365,0.065587,0.064049,0.062621,0.061292,0.060064,0.058913,0.057845,0.056833,0.05592,0.055055,0.054252,0.053482,0.052804,0.052159,0.05156,0.051009,0.050495,0.050025,0.049595,0.049204,0.048844,0.048521,0.048232,0.047989,0.047752,0.047559,0.047398,0.047261,0.047164,0.047091,0.047047
3.2317e-14,1.2312,1.0027,1.0735,5.5892,0.59657,0.38682,0.36853,2.4553,0.26431,0.15,0.11983,0.10331,0.091986,0.083453,0.076677,0.071071,0.066415,0.062401,0.058918,0.055874,0.053149,0.050747,0.048589,0.046642,0.044882,0.043282,0.041813,0.040483,0.039248,0.038115,0.03707,0.036185,0.035216,0.034385,0.033615,0.032901,0.032239,0.031619,0.031043,0.030508,0.030008,0.029543,0.029112,0.028702,0.028334,0.027987,0.027666,0.027369,0.027093,0.026841,0.026609,0.026402,0.026207,0.026034,0.025879,0.02574,0.025621,0.025517,0.025431,0.025358,0.025305,0.025266,0.025242
1.5771e-14,0.7005,0.51026,0.50351,3.1065,0.43476,0.22707,0.29593,1.8267,0.18271,0.10266,0.07988,0.067496,0.059323,0.053423,0.048814,0.045028,0.04197,0.039328,0.037051,0.035087,0.03331,0.031763,0.030377,0.029121,0.028006,0.026987,0.026054,0.025205,0.024426,0.02371,0.02305,0.022481,0.021879,0.021357,0.020873,0.020421,0.020007,0.019618,0.019257,0.018916,0.018607,0.018316,0.018045,0.017795,0.017559,0.017342,0.01714,0.016955,0.016783,0.016625,0.01648,0.016346,0.016229,0.01612,0.016023,0.01594,0.015863,0.015798,0.015744,0.0157,0.015665,0.015641,0.015626
2.0547e-14,0.87607,0.84279,1.0007,5.8559,0.70228,0.3913,0.41199,2.7645,0.28178,0.14616,0.1126,0.094317,0.082328,0.07357,0.066788,0.061334,0.056841,0.05305,0.049806,0.047026,0.044526,0.042357,0.040424,0.038703,0.037139,0.035732,0.034449,0.033284,0.032219,0.031242,0.030343,0.029587,0.028752,0.028044,0.027389,0.026779,0.02622,0.025695,0.025208,0.024761,0.024336,0.023944,0.023581,0.023243,0.022928,0.022637,0.022367,0.022119,0.021888,0.021677,0.021483,0.021303,0.021146,0.021001,0.020872,0.020754,0.020656,0.020569,0.020497,0.020438,0.020392,0.020359,0.02034
2.5974e-14,1.0191,1.0135,1.04,6.0904,0.75861,0.41471,0.46926,2.6231,0.29939,0.17541,0.13788,0.11748,0.10355,0.093256,0.085164,0.078572,0.073083,0.068417,0.0644,0.060942,0.057808,0.05508,0.052641,0.050458,0.048482,0.046689,0.045056,0.043571,0.042205,0.040951,0.039797,0.038815,0.037751,0.036839,0.035994,0.035207,0.034484,0.033806,0.033175,0.032593,0.032045,0.031537,0.031065,0.030626,0.030219,0.02984,0.029489,0.029166,0.028865,0.02859,0.028336,0.028103,0.027898,0.027708,0.027539,0.027386,0.027256,0.027142,0.027046,0.026969,0.026907,0.026864,0.026837
3.0871e-14,1.224,1.1803,1.1729,6.9438,0.79669,0.46567,0.49798,2.9504,0.29936,0.17701,0.14126,0.12171,0.10815,0.097992,0.089904,0.083117,0.077668,0.072888,0.06875,0.065156,0.061903,0.059054,0.056501,0.054215,0.052123,0.050236,0.04851,0.046937,0.045491,0.044161,0.042936,0.041877,0.040758,0.039787,0.038886,0.038047,0.037273,0.036551,0.035876,0.035259,0.034666,0.034123,0.033617,0.033145,0.03271,0.032304,0.031928,0.031581,0.031259,0.030964,0.030692,0.030444,0.030222,0.030019,0.029838,0.02967,0.029537,0.029414,0.029312,0.02923,0.029165,0.029119,0.029092
3.5984e-14,1.3055,1.1379,1.2692,6.2705,0.73905,0.42097,0.4623,3.0316,0.27416,0.16088,0.12705,0.10862,0.095806,0.086383,0.078943,0.072845,0.067851,0.063579,0.059885,0.056705,0.053817,0.051298,0.049042,0.047012,0.04518,0.04352,0.041998,0.040627,0.039348,0.038182,0.037107,0.036232,0.035199,0.034349,0.033561,0.032827,0.03215,0.031517,0.030931,0.030383,0.029873,0.029399,0.028959,0.028541,0.028165,0.027812,0.027485,0.027183,0.026901,0.026644,0.026409,0.026194,0.025996,0.02582,0.025662,0.025521,0.025399,0.025293,0.025205,0.02513,0.025076,0.025036,0.025011
4.5872e-14,2.0111,1.7194,1.4547,8.2707,1.0104,0.54199,0.57183,3.8949,0.35892,0.22533,0.17834,0.15311,0.13547,0.12243,0.1121,0.10346,0.096561,0.090533,0.085317,0.080818,0.076736,0.073183,0.069996,0.067154,0.064547,0.062201,0.060048,0.05811,0.056303,0.054652,0.05313,0.051902,0.050432,0.049228,0.04811,0.04707,0.046114,0.045217,0.044382,0.043622,0.042886,0.042214,0.04159,0.041,0.040466,0.039965,0.0395,0.039073,0.038673,0.038309,0.037975,0.037666,0.037394,0.037143,0.036919,0.036711,0.036547,0.036396,0.036273,0.03617,0.036091,0.036034,0.036
3.4396e-14,1.2146,0.98663,1.1054,5.8369,0.67646,0.38145,0.45426,2.7548,0.2976,0.16428,0.12603,0.10699,0.094093,0.084777,0.077468,0.071512,0.066585,0.062384,0.058756,0.05563,0.052816,0.050355,0.048149,0.046148,0.044385,0.042763,0.041279,0.039941,0.038696,0.037558,0.03651,0.035649,0.034653,0.033824,0.033056,0.032342,0.031681,0.031063,0.030491,0.029943,0.029461,0.028997,0.028569,0.028161,0.027795,0.02745,0.02713,0.026837,0.026562,0.026312,0.026082,0.025873,0.025681,0.025509,0.025354,0.025228,0.025097,0.024995,0.02491,0.024837,0.024784,0.024745,0.024721
2.0886e-14,0.85994,0.7176,0.68758,4.1437,0.49218,0.26887,0.33567,1.8858,0.20891,0.12239,0.097124,0.083465,0.073973,0.066983,0.061435,0.056888,0.053068,0.049807,0.046977,0.044531,0.042316,0.040379,0.038637,0.037061,0.035654,0.034367,0.033186,0.032117,0.031127,0.030219,0.029382,0.028671,0.027897,0.027233,0.026618,0.026045,0.025517,0.025021,0.024562,0.024132,0.023736,0.023365,0.023021,0.022697,0.0224,0.022123,0.021867,0.021631,0.021411,0.02121,0.021026,0.020855,0.020704,0.020566,0.020442,0.020334,0.020236,0.020154,0.020085,0.020028,0.019985,0.019954,0.019935
2.5983e-14,1.1006,1.1576,1.1213,6.213,0.72233,0.44792,0.4543,2.7225,0.29601,0.16837,0.13113,0.11142,0.097882,0.087986,0.080225,0.07389,0.06867,0.064216,0.060385,0.057069,0.054101,0.051506,0.049187,0.047114,0.045233,0.043534,0.041983,0.040576,0.039282,0.038094,0.037002,0.03608,0.035065,0.034203,0.033404,0.032661,0.031977,0.031337,0.030741,0.030189,0.029673,0.029194,0.028749,0.028331,0.027948,0.02759,0.02726,0.026954,0.02667,0.02641,0.02617,0.025951,0.025754,0.025575,0.025414,0.025272,0.025145,0.025036,0.024946,0.02487,0.024812,0.02477,0.024744
1.2079e-14,0.54814,0.45782,0.52875,3.7265,0.34125,0.20989,0.25145,1.9189,0.18996,0.097191,0.072161,0.05996,0.052053,0.046459,0.042177,0.038769,0.03594,0.033571,0.031544,0.02981,0.028244,0.026886,0.025677,0.02459,0.023621,0.02274,0.021937,0.021207,0.020536,0.019922,0.019357,0.018865,0.018354,0.017909,0.017496,0.01711,0.016758,0.016427,0.016119,0.015831,0.015568,0.015321,0.015091,0.014877,0.014678,0.014494,0.014323,0.014166,0.01402,0.013886,0.013764,0.013648,0.01355,0.013459,0.013377,0.013306,0.013241,0.013186,0.01314,0.013103,0.013074,0.013053,0.013041
2.457e-14,1.0418,0.77354,0.93879,6.6465,0.53067,0.32856,0.3344,2.331,0.2136,0.1295,0.10534,0.092196,0.082908,0.075828,0.070073,0.065179,0.061173,0.057633,0.05453,0.051852,0.049361,0.047188,0.045228,0.043452,0.041848,0.040383,0.039037,0.037812,0.036675,0.035631,0.034666,0.033819,0.032949,0.032181,0.031468,0.030801,0.030189,0.029613,0.029078,0.028575,0.028115,0.027682,0.02728,0.026901,0.026555,0.026231,0.025931,0.025654,0.025397,0.025161,0.024946,0.024746,0.024569,0.024407,0.024262,0.024138,0.024021,0.023924,0.023844,0.023777,0.023726,0.023689,0.023668
2.6975e-14,1.11,0.95188,1.1101,5.7529,0.63455,0.3932,0.36881,2.3904,0.23148,0.1465,0.119,0.10326,0.092301,0.083858,0.077094,0.071427,0.066763,0.062703,0.059172,0.056093,0.053324,0.050884,0.048693,0.046715,0.044927,0.043303,0.041818,0.040456,0.039213,0.038065,0.037006,0.03603,0.035123,0.034284,0.033504,0.032779,0.032109,0.031482,0.0309,0.030355,0.029851,0.02938,0.028942,0.028538,0.028154,0.027802,0.027476,0.027174,0.026895,0.026638,0.026403,0.026185,0.025993,0.025816,0.025657,0.025517,0.025393,0.025286,0.025196,0.025123,0.025064,0.025023,0.024997
3.0909e-14,1.7766,1.6056,1.7362,12.271,0.99978,0.56628,0.605,5.1309,0.42006,0.23674,0.18908,0.16287,0.14451,0.13099,0.12027,0.1115,0.10408,0.097755,0.092266,0.087557,0.083205,0.07942,0.076027,0.072985,0.070194,0.067681,0.065381,0.063297,0.061347,0.05957,0.05793,0.056412,0.055013,0.053713,0.052505,0.051379,0.050341,0.049371,0.048468,0.047637,0.046842,0.046113,0.045434,0.044781,0.044214,0.04367,0.043164,0.042697,0.042266,0.041868,0.041506,0.041176,0.040871,0.040599,0.040355,0.040131,0.039951,0.039787,0.03965,0.039532,0.039452,0.039389,0.039353
3.8411e-14,1.2577,0.96884,1.0388,6.4207,0.68325,0.42015,0.43025,2.8281,0.30277,0.16963,0.13097,0.11086,0.097535,0.08772,0.080055,0.073794,0.068652,0.064264,0.060486,0.057228,0.0543,0.051737,0.049449,0.047396,0.045544,0.043864,0.042336,0.040941,0.039659,0.038484,0.0374,0.036438,0.035483,0.034627,0.033835,0.033096,0.032417,0.031781,0.03119,0.030641,0.03013,0.029654,0.02921,0.028798,0.028418,0.028063,0.027734,0.02743,0.027149,0.026891,0.026655,0.026437,0.026245,0.026068,0.025909,0.025769,0.025647,0.025541,0.025451,0.02538,0.025324,0.025284,0.02526
3.0168e-14,1.2964,1.2143,1.2209,7.3921,0.71232,0.42849,0.51786,2.9613,0.32709,0.17641,0.13543,0.11466,0.10073,0.090633,0.082747,0.076336,0.071028,0.066514,0.062626,0.059259,0.056249,0.053607,0.051246,0.049133,0.047211,0.045477,0.043896,0.042455,0.041128,0.039911,0.038789,0.037793,0.036801,0.035914,0.035092,0.034327,0.033621,0.032961,0.032348,0.031785,0.031246,0.030752,0.030292,0.029862,0.029467,0.029098,0.028756,0.028441,0.028149,0.027881,0.027635,0.02741,0.027209,0.027024,0.02686,0.026707,0.026588,0.026477,0.026384,0.02631,0.026252,0.02621,0.026185
2.2418e-14,0.83972,0.81185,0.79325,4.722,0.52699,0.31806,0.34075,2.1284,0.23664,0.12872,0.097593,0.081297,0.071001,0.063518,0.057746,0.053122,0.049317,0.046109,0.043349,0.040997,0.038858,0.037001,0.035343,0.033867,0.032518,0.031305,0.0302,0.029193,0.028268,0.02742,0.02664,0.025957,0.025256,0.02464,0.024069,0.023536,0.023048,0.02259,0.022164,0.021776,0.021401,0.021058,0.020739,0.020441,0.020166,0.019911,0.019674,0.019455,0.019252,0.019066,0.018896,0.018736,0.018598,0.01847,0.018355,0.018248,0.018164,0.018087,0.018023,0.01797,0.017929,0.0179,0.017883
1.4319e-14,0.75646,0.55185,0.7613,5.114,0.40534,0.23835,0.24169,1.7368,0.16997,0.10246,0.082982,0.071972,0.06422,0.058477,0.053856,0.050032,0.046803,0.044026,0.041602,0.03953,0.037588,0.035907,0.034394,0.033034,0.031797,0.030672,0.029639,0.028704,0.02783,0.027032,0.026295,0.025666,0.024983,0.024398,0.023854,0.023344,0.022879,0.02244,0.022032,0.021653,0.0213,0.02097,0.020663,0.020373,0.020113,0.019866,0.019637,0.019427,0.019231,0.019052,0.018888,0.018734,0.018601,0.018478,0.018368,0.018271,0.018184,0.01811,0.018049,0.017998,0.01796,0.017932,0.017915
1.6561e-14,0.86023,0.91516,1.0167,4.5185,0.57199,0.30321,0.34622,2.4793,0.25743,0.1312,0.098028,0.081292,0.070476,0.062778,0.056883,0.052195,0.048292,0.045039,0.042256,0.039873,0.037746,0.035897,0.034251,0.0328,0.031456,0.030261,0.029171,0.028187,0.027279,0.026451,0.025689,0.025045,0.024339,0.023741,0.023186,0.022669,0.022195,0.021752,0.021339,0.020967,0.020601,0.020269,0.019962,0.019673,0.01941,0.019164,0.018936,0.018726,0.018531,0.018352,0.018188,0.018037,0.017904,0.017781,0.017672,0.017568,0.01749,0.017416,0.017356,0.017306,0.017267,0.017239,0.017223
3.6819e-14,1.2683,0.98984,0.99883,5.9925,0.59836,0.35633,0.38313,2.3225,0.26952,0.15004,0.11814,0.10098,0.089311,0.080733,0.073976,0.068459,0.063851,0.05992,0.056523,0.053585,0.050935,0.048613,0.04653,0.044652,0.042956,0.041415,0.040003,0.038721,0.037534,0.036446,0.03544,0.034584,0.033662,0.032865,0.032126,0.031439,0.030805,0.03021,0.029658,0.029146,0.028665,0.02822,0.027805,0.027415,0.027061,0.026728,0.026419,0.026136,0.025871,0.025629,0.025408,0.025206,0.025023,0.024856,0.024708,0.024574,0.024461,0.024361,0.024278,0.02421,0.024158,0.024121,0.024099
1.2803e-14,0.62402,0.40092,0.50814,3.7094,0.31711,0.18595,0.23869,1.7502,0.16788,0.094708,0.072548,0.060992,0.053479,0.04804,0.043816,0.040398,0.037583,0.035192,0.033133,0.031368,0.029763,0.02837,0.027123,0.026007,0.024995,0.024079,0.023241,0.022482,0.021782,0.02114,0.020548,0.020038,0.019499,0.019031,0.018597,0.018193,0.017822,0.017473,0.017149,0.016854,0.016568,0.016307,0.016065,0.015838,0.015629,0.015434,0.015253,0.015087,0.014933,0.014791,0.014661,0.01454,0.014435,0.014337,0.01425,0.014168,0.014105,0.014047,0.013998,0.013958,0.013927,0.013905,0.013891
1.3829e-14,0.61404,0.49151,0.69394,3.1044,0.41619,0.27551,0.37552,2.2605,0.26038,0.12269,0.086139,0.068544,0.057675,0.05031,0.044864,0.040646,0.037268,0.034487,0.032149,0.030174,0.028435,0.026936,0.025612,0.024447,0.023394,0.022452,0.021599,0.020831,0.020127,0.019486,0.018898,0.01839,0.017863,0.017406,0.016982,0.01659,0.016229,0.015892,0.01558,0.015295,0.015023,0.014772,0.014541,0.014323,0.014125,0.01394,0.013769,0.013611,0.013465,0.01333,0.013207,0.013094,0.012994,0.012902,0.01282,0.012744,0.012683,0.012628,0.012582,0.012544,0.012514,0.012493,0.01248
1.3379e-14,0.66108,0.64479,0.80902,3.9243,0.45589,0.26339,0.34402,2.1636,0.23113,0.11747,0.08774,0.072598,0.06285,0.055926,0.050631,0.04639,0.042952,0.040051,0.037574,0.035453,0.03356,0.031916,0.030452,0.029154,0.027969,0.026907,0.025938,0.025064,0.024257,0.02352,0.022842,0.022271,0.021643,0.021111,0.020618,0.02016,0.019738,0.019343,0.018977,0.018639,0.018321,0.018026,0.017754,0.017496,0.017263,0.017044,0.016841,0.016655,0.016481,0.016322,0.016177,0.016044,0.015924,0.015815,0.015718,0.015631,0.015556,0.01549,0.015436,0.015391,0.015357,0.015332,0.015317
2.9279e-14,1.8059,1.629,1.7856,12.845,0.96488,0.54097,0.54366,4.5035,0.37372,0.22434,0.18394,0.16065,0.14405,0.13141,0.12119,0.11271,0.10549,0.099277,0.09385,0.089202,0.08484,0.081059,0.07766,0.074609,0.0718,0.069268,0.066946,0.064843,0.062865,0.061063,0.059399,0.057898,0.056433,0.055111,0.05388,0.052729,0.051673,0.050682,0.049759,0.048908,0.048098,0.047351,0.046656,0.045986,0.045406,0.044848,0.044329,0.043849,0.043406,0.042997,0.042625,0.042281,0.041971,0.041691,0.041439,0.041209,0.041021,0.040851,0.040709,0.040589,0.040503,0.040438,0.040399
3.1094e-14,1.2801,0.95227,1.1164,7.9039,0.69297,0.3799,0.49659,3.1839,0.30323,0.17781,0.14137,0.12175,0.10823,0.098218,0.090254,0.083707,0.078205,0.073494,0.069394,0.065836,0.062626,0.0598,0.057261,0.054979,0.0529,0.051016,0.049292,0.047721,0.046268,0.044935,0.043704,0.042565,0.041517,0.04054,0.039632,0.038789,0.038008,0.037277,0.036598,0.035973,0.035378,0.034829,0.034319,0.033839,0.033402,0.032992,0.032612,0.032261,0.031936,0.031638,0.031365,0.031117,0.030889,0.030684,0.030501,0.030332,0.030197,0.030074,0.029971,0.029886,0.029823,0.029776,0.029749
1.9664e-14,0.91832,0.69911,0.80115,5.8577,0.4522,0.27365,0.36233,2.3463,0.22609,0.12123,0.094593,0.080421,0.07085,0.063952,0.058537,0.054127,0.05046,0.047332,0.044625,0.042305,0.04018,0.03833,0.036674,0.035196,0.033834,0.032613,0.031495,0.030483,0.02954,0.028678,0.027884,0.027185,0.026474,0.025845,0.025261,0.024717,0.024217,0.023748,0.023312,0.022914,0.022528,0.022176,0.021849,0.021539,0.021261,0.020999,0.020756,0.020531,0.020323,0.020132,0.019958,0.019796,0.019652,0.019521,0.019404,0.019294,0.01921,0.019131,0.019065,0.019011,0.01897,0.018941,0.018923
1.9443e-14,1.2322,0.83562,0.96779,9.1615,0.57545,0.38522,0.49212,3.376,0.28179,0.16093,0.12855,0.11046,0.098004,0.088949,0.081762,0.075875,0.070911,0.066666,0.062972,0.059837,0.056864,0.054306,0.052007,0.049954,0.048053,0.046343,0.044777,0.043365,0.042028,0.040815,0.039696,0.038683,0.037702,0.036814,0.035988,0.035213,0.034507,0.033841,0.033222,0.032659,0.032109,0.031608,0.031143,0.030691,0.030306,0.029932,0.029584,0.029264,0.028967,0.028694,0.028445,0.028213,0.028008,0.02782,0.027653,0.027493,0.027373,0.02726,0.027166,0.027086,0.027029,0.026986,0.026961
2.0823e-14,1.3677,0.89861,1.1008,10.304,0.59081,0.36209,0.34287,2.5044,0.22494,0.15885,0.13615,0.12129,0.1101,0.10122,0.093882,0.087663,0.082338,0.077696,0.073605,0.070096,0.06675,0.063851,0.061234,0.058882,0.056705,0.054739,0.052933,0.051296,0.049754,0.048348,0.047048,0.045864,0.044729,0.043694,0.042731,0.041829,0.041002,0.040225,0.039502,0.038841,0.038199,0.037614,0.037069,0.036545,0.036089,0.035651,0.035245,0.034869,0.034522,0.034202,0.03391,0.033641,0.0334,0.033181,0.032985,0.032801,0.032659,0.032527,0.032418,0.032325,0.032259,0.032209,0.03218
2.8629e-14,1.625,1.2175,1.5712,11.829,0.82109,0.4579,0.41462,3.2964,0.28945,0.19784,0.16809,0.14901,0.1347,0.12348,0.11425,0.10652,0.099869,0.094126,0.089087,0.084756,0.080681,0.077142,0.073953,0.071085,0.06844,0.066053,0.063864,0.061874,0.06001,0.058308,0.056734,0.055277,0.05393,0.052678,0.051513,0.050424,0.049424,0.048486,0.047612,0.046809,0.046038,0.045331,0.044673,0.044044,0.04349,0.042962,0.042471,0.042017,0.041598,0.041212,0.040859,0.040533,0.040243,0.039978,0.039741,0.039522,0.039347,0.039188,0.039054,0.038943,0.038862,0.038801,0.038765
2.9656e-14,1.34,1.6436,1.6178,6.5481,0.82802,0.42875,0.40855,1.9634,0.23291,0.16435,0.13902,0.12284,0.11054,0.10093,0.093045,0.086323,0.080805,0.075952,0.071697,0.068015,0.064658,0.061717,0.059066,0.056697,0.054519,0.052553,0.050744,0.049115,0.047595,0.046204,0.044922,0.043864,0.042644,0.041627,0.040682,0.039805,0.038993,0.038233,0.037528,0.036881,0.036262,0.035691,0.035164,0.034657,0.03421,0.033784,0.033391,0.033029,0.032689,0.03238,0.032098,0.03184,0.031602,0.03139,0.0312,0.031027,0.030882,0.030756,0.030651,0.03056,0.030495,0.030447,0.030418
2.5609e-14,1.4537,1.8233,1.671,8.3053,0.89095,0.44579,0.42474,2.8343,0.28164,0.1756,0.14324,0.12426,0.11067,0.10041,0.092208,0.08539,0.079722,0.074833,0.070574,0.066903,0.063553,0.060631,0.058007,0.055685,0.053506,0.051569,0.049791,0.048179,0.046691,0.045325,0.044065,0.043001,0.041826,0.04083,0.039903,0.03904,0.038248,0.037504,0.036813,0.036193,0.035571,0.035013,0.034496,0.034012,0.033564,0.033149,0.032763,0.032409,0.032078,0.031775,0.0315,0.031242,0.031016,0.030809,0.030624,0.030442,0.030316,0.030191,0.030089,0.030004,0.029938,0.029891,0.029863
2.6801e-14,1.2033,1.1819,1.1164,7.2017,0.86009,0.46213,0.44561,3.0465,0.27646,0.16256,0.12644,0.10681,0.093763,0.084097,0.07657,0.070598,0.065443,0.061189,0.057529,0.054387,0.051541,0.04907,0.046862,0.044893,0.043096,0.041481,0.040007,0.038663,0.037437,0.036309,0.03527,0.034333,0.033429,0.032609,0.031849,0.031142,0.030493,0.029883,0.029318,0.028794,0.028303,0.027848,0.027425,0.027035,0.026664,0.026325,0.026011,0.02572,0.025451,0.025203,0.024977,0.024765,0.024583,0.024412,0.02426,0.024126,0.024007,0.023903,0.023818,0.023748,0.023691,0.023651,0.023627
3.1948e-14,1.3302,0.91312,1.1072,8.3705,0.67494,0.36604,0.43411,2.9778,0.28098,0.17589,0.141,0.12215,0.10892,0.098968,0.091002,0.084405,0.078884,0.074129,0.069995,0.066408,0.063154,0.060296,0.05773,0.055413,0.053321,0.051417,0.049675,0.048091,0.046619,0.045272,0.044028,0.042887,0.041818,0.040831,0.039915,0.039063,0.038274,0.037537,0.036851,0.036212,0.035619,0.035065,0.03455,0.034061,0.033624,0.033211,0.032827,0.032472,0.032144,0.031843,0.031567,0.031319,0.031086,0.030879,0.030694,0.030531,0.030386,0.030261,0.030157,0.03007,0.030006,0.029959,0.02993
1.4637e-14,0.76033,0.50528,0.60596,5.2275,0.42132,0.252,0.32211,2.1484,0.20787,0.11474,0.087755,0.074133,0.065104,0.0586,0.053524,0.049407,0.045997,0.043098,0.040596,0.038474,0.036496,0.034794,0.033272,0.031909,0.030669,0.029548,0.028526,0.027602,0.026736,0.025949,0.025223,0.024564,0.023936,0.023362,0.02283,0.022332,0.021877,0.02145,0.021052,0.020689,0.020339,0.020019,0.01972,0.019434,0.019185,0.018946,0.018724,0.018519,0.01833,0.018156,0.017997,0.01785,0.017719,0.0176,0.017493,0.017393,0.017315,0.017244,0.017184,0.017133,0.017097,0.01707,0.017054
1.8681e-14,1.0952,0.84026,0.91585,7.9493,0.57378,0.3299,0.37956,3.0696,0.23102,0.1346,0.11023,0.096137,0.086067,0.078477,0.072358,0.067257,0.062959,0.059245,0.056004,0.053224,0.050616,0.048359,0.046327,0.044512,0.042829,0.041315,0.039927,0.038672,0.037492,0.036417,0.035425,0.034548,0.033658,0.032869,0.032137,0.031451,0.030824,0.030233,0.029684,0.029192,0.028697,0.028253,0.027841,0.027445,0.027099,0.026767,0.026459,0.026176,0.025912,0.025671,0.02545,0.025246,0.025064,0.024899,0.02475,0.024603,0.024504,0.024404,0.024321,0.024252,0.024201,0.024164,0.024141
2.0305e-14,0.8884,0.91519,1.1712,6.0616,0.63499,0.37063,0.41862,2.7376,0.2695,0.15417,0.12445,0.10762,0.095705,0.086824,0.079736,0.073866,0.068987,0.064781,0.061128,0.05797,0.055092,0.05258,0.050321,0.048301,0.046451,0.044781,0.043243,0.041862,0.040569,0.039388,0.038299,0.037429,0.036364,0.0355,0.034699,0.033953,0.033265,0.03262,0.032021,0.031472,0.030945,0.030461,0.030013,0.029582,0.029204,0.028841,0.028507,0.028199,0.027911,0.027648,0.027407,0.027189,0.026987,0.026807,0.026646,0.026497,0.026376,0.026268,0.026179,0.026102,0.026047,0.026006,0.025981
2.8368e-14,1.2325,1.3323,1.6673,7.4425,0.88564,0.48431,0.4459,2.6526,0.29733,0.18484,0.1518,0.13233,0.11842,0.10781,0.099264,0.092145,0.086194,0.081036,0.076533,0.072622,0.069062,0.065951,0.063142,0.06063,0.058323,0.05624,0.054315,0.052586,0.050976,0.049499,0.048138,0.047088,0.045715,0.044633,0.04363,0.042695,0.041834,0.041025,0.040274,0.039591,0.038926,0.038319,0.037758,0.037225,0.036742,0.036288,0.035869,0.035485,0.035123,0.034794,0.034492,0.034214,0.033965,0.033739,0.033537,0.033346,0.033199,0.033063,0.032954,0.032858,0.032787,0.032737,0.032706
2.6891e-14,1.2918,1.3464,1.5605,7.073,0.84216,0.49482,0.43352,2.4734,0.27396,0.17802,0.14708,0.1286,0.11532,0.10506,0.096735,0.089606,0.083924,0.078867,0.074455,0.07065,0.06715,0.064104,0.06136,0.05893,0.056653,0.05462,0.052746,0.051056,0.049485,0.048045,0.046717,0.045696,0.044357,0.043304,0.042326,0.041413,0.040576,0.039789,0.039058,0.038404,0.037744,0.037152,0.036605,0.036087,0.035617,0.035175,0.034767,0.034392,0.03404,0.033719,0.033425,0.033152,0.032912,0.032691,0.032494,0.032299,0.032165,0.032032,0.031924,0.031832,0.031763,0.031713,0.031683
2.081e-14,0.87775,0.75108,0.89058,4.7409,0.602,0.29721,0.30687,2.0681,0.20719,0.11988,0.094357,0.080284,0.070746,0.063707,0.058178,0.053715,0.049922,0.046733,0.04398,0.041611,0.039463,0.037595,0.035923,0.03443,0.033066,0.03184,0.030719,0.029702,0.028765,0.027906,0.027115,0.026433,0.025712,0.025088,0.024508,0.023968,0.023473,0.023008,0.022576,0.022179,0.021801,0.021454,0.021131,0.02083,0.02055,0.020291,0.020051,0.019829,0.019623,0.019435,0.019262,0.019101,0.018961,0.018831,0.018716,0.01861,0.018523,0.018444,0.018379,0.018326,0.018283,0.018253,0.018235
4.144e-14,1.4595,0.97933,1.2582,6.5777,0.69426,0.41662,0.48695,3.1757,0.32746,0.17497,0.1351,0.11376,0.099642,0.089453,0.081583,0.0752,0.069929,0.065448,0.061605,0.058266,0.055289,0.052682,0.050352,0.048255,0.046369,0.044661,0.043098,0.041684,0.040374,0.039177,0.038072,0.037114,0.036119,0.035246,0.034439,0.033687,0.032995,0.032347,0.031747,0.031185,0.030665,0.03018,0.02973,0.029304,0.028921,0.02856,0.028225,0.027916,0.02763,0.027367,0.027126,0.026907,0.026709,0.026529,0.026368,0.026226,0.026101,0.025993,0.025903,0.025829,0.025773,0.025732,0.025708
2.593e-14,1.0755,0.87683,1.0867,6.2969,0.62162,0.38794,0.46749,3.3025,0.31007,0.16002,0.11986,0.099034,0.08543,0.075911,0.068656,0.062873,0.058176,0.054225,0.050857,0.047967,0.045409,0.043175,0.041189,0.039419,0.037817,0.036376,0.035066,0.033881,0.032785,0.031787,0.030868,0.030071,0.029244,0.028523,0.027854,0.027234,0.026661,0.026126,0.02563,0.025174,0.02474,0.02434,0.023969,0.023619,0.023305,0.023008,0.022733,0.022479,0.022244,0.022028,0.021831,0.021652,0.021487,0.021339,0.021207,0.021085,0.020987,0.020898,0.020824,0.020762,0.020717,0.020683,0.020664
2.9575e-14,1.4187,1.5247,1.5447,8.5674,0.84718,0.47859,0.54821,3.8742,0.36184,0.19525,0.15253,0.1296,0.11408,0.10275,0.093864,0.086654,0.080647,0.075553,0.071156,0.067374,0.063963,0.06099,0.058325,0.055934,0.053773,0.051812,0.050015,0.048386,0.046886,0.045509,0.04424,0.043232,0.041988,0.040984,0.040053,0.039186,0.038388,0.03764,0.036945,0.036297,0.035697,0.035136,0.034616,0.034128,0.033681,0.033262,0.032874,0.032519,0.032186,0.031882,0.031604,0.031347,0.031119,0.03091,0.030723,0.030559,0.030411,0.030287,0.030184,0.030098,0.030032,0.029985,0.029956
3.572e-14,1.853,1.8371,1.6121,12.46,1.0209,0.54893,0.51426,3.4909,0.33354,0.22103,0.18939,0.16805,0.1519,0.13923,0.12877,0.11998,0.11245,0.10593,0.1002,0.095258,0.090655,0.086645,0.083022,0.07978,0.076803,0.074101,0.071613,0.06936,0.067264,0.06534,0.063564,0.062058,0.060401,0.058988,0.057674,0.056447,0.055321,0.054261,0.053274,0.052374,0.051508,0.05071,0.049971,0.049272,0.048639,0.048041,0.04749,0.046982,0.046508,0.046074,0.045677,0.045308,0.044984,0.044686,0.04442,0.044174,0.043976,0.043797,0.04365,0.043527,0.043432,0.043366,0.043325
2.9027e-14,1.2805,1.3911,1.4527,6.9868,0.92454,0.47112,0.47322,2.5492,0.28042,0.18041,0.1489,0.13023,0.1166,0.10613,0.097653,0.090601,0.084642,0.079519,0.075057,0.071173,0.06767,0.064589,0.061819,0.059357,0.057065,0.055012,0.053129,0.051417,0.049839,0.048388,0.04705,0.045889,0.044669,0.04361,0.042624,0.041709,0.040862,0.040071,0.039333,0.038672,0.038011,0.037417,0.036865,0.036348,0.035872,0.035428,0.035017,0.034638,0.034286,0.033962,0.033667,0.033396,0.033152,0.03293,0.032732,0.032538,0.032402,0.032268,0.032158,0.032066,0.031995,0.031945,0.031914
2.1101e-14,1.1042,1.0644,1.2577,6.1166,0.79868,0.39011,0.45845,2.3013,0.25766,0.15641,0.12605,0.10859,0.09626,0.087065,0.079782,0.073798,0.068807,0.064528,0.060817,0.057616,0.0547,0.05216,0.049881,0.047864,0.04598,0.0443,0.042762,0.041365,0.040076,0.038893,0.037803,0.036864,0.035867,0.035005,0.034204,0.033458,0.032773,0.03213,0.031532,0.030998,0.030459,0.029977,0.029529,0.02911,0.028724,0.028364,0.02803,0.027723,0.027437,0.027175,0.026935,0.026712,0.026516,0.026336,0.026175,0.026015,0.025907,0.025798,0.025708,0.025634,0.025576,0.025535,0.025511
5.4162e-14,2.0006,1.6073,1.7096,8.9949,0.97748,0.59854,0.70491,4.2648,0.42087,0.23242,0.18195,0.15467,0.13562,0.12186,0.1111,0.10231,0.095121,0.088977,0.083702,0.079152,0.075057,0.071494,0.068308,0.065438,0.062868,0.060537,0.058405,0.056482,0.054692,0.053061,0.051558,0.050253,0.048899,0.047713,0.046616,0.045593,0.044655,0.043775,0.042959,0.042198,0.041491,0.040833,0.040222,0.039646,0.039125,0.038636,0.038182,0.037764,0.037376,0.03702,0.036695,0.036393,0.036129,0.035885,0.035667,0.035473,0.035306,0.03516,0.035039,0.034939,0.034862,0.034807,0.034775
2.6342e-14,1.1546,1.0736,1.0436,6.6331,0.64452,0.36659,0.39848,2.8955,0.26504,0.14778,0.12025,0.10429,0.093275,0.08476,0.07791,0.072279,0.067473,0.063381,0.059819,0.056737,0.053933,0.051484,0.04928,0.047306,0.045506,0.043873,0.042375,0.041019,0.039763,0.03861,0.037547,0.036647,0.03566,0.034816,0.034034,0.033305,0.032635,0.032004,0.031419,0.030883,0.03037,0.029897,0.02946,0.029047,0.02867,0.028317,0.027991,0.027691,0.02741,0.027154,0.02692,0.026702,0.02651,0.026335,0.026177,0.026032,0.025915,0.02581,0.025723,0.025651,0.025595,0.025556,0.025532
3.1137e-14,1.5715,1.7479,1.6151,8.4164,0.84425,0.41767,0.46673,3.0121,0.31439,0.18898,0.15043,0.12971,0.11543,0.10455,0.095849,0.088691,0.08268,0.077545,0.073088,0.069231,0.065745,0.062696,0.059959,0.057516,0.055279,0.05326,0.051411,0.049727,0.048184,0.046763,0.045453,0.044332,0.043129,0.042093,0.04113,0.040235,0.039411,0.038638,0.037919,0.037262,0.036631,0.036051,0.035512,0.035013,0.034546,0.034112,0.033711,0.033342,0.032998,0.032683,0.032394,0.032127,0.031892,0.031676,0.031482,0.031303,0.031159,0.031029,0.030921,0.030833,0.030763,0.030714,0.030685
2.0136e-14,0.865,0.97995,0.83858,4.9561,0.63975,0.31215,0.34107,2.2078,0.20835,0.12614,0.10336,0.090145,0.080545,0.073247,0.067352,0.062463,0.058345,0.054807,0.051723,0.049058,0.046628,0.044506,0.042598,0.040895,0.039327,0.037916,0.03662,0.035445,0.034362,0.033365,0.032446,0.031686,0.030811,0.030081,0.029404,0.028773,0.028193,0.027649,0.027141,0.026679,0.026232,0.025823,0.025444,0.025089,0.02476,0.024455,0.024172,0.023912,0.023669,0.023447,0.023244,0.023055,0.02289,0.022737,0.022601,0.022475,0.022374,0.022282,0.022207,0.022145,0.022097,0.022062,0.022042
3.0305e-14,1.2356,1.0727,1.2293,6.4141,0.94596,0.44617,0.55472,3.4511,0.313,0.18211,0.14426,0.12277,0.10826,0.097407,0.088879,0.08191,0.076157,0.071252,0.067031,0.063363,0.060103,0.05725,0.054693,0.052421,0.050337,0.048468,0.046754,0.045204,0.043776,0.042467,0.04126,0.04023,0.039125,0.038173,0.037291,0.036474,0.035716,0.035008,0.034351,0.033751,0.033174,0.032644,0.032153,0.031691,0.03127,0.030875,0.03051,0.030174,0.02986,0.029574,0.02931,0.029074,0.028854,0.028657,0.02848,0.028318,0.028187,0.028068,0.027971,0.027888,0.027827,0.027782,0.027755
6.0596e-14,2.1257,1.7226,1.8142,10.55,1.1956,0.75289,0.80222,4.7701,0.49606,0.27732,0.22421,0.19317,0.17196,0.1558,0.14293,0.1323,0.12343,0.11581,0.10921,0.10348,0.098316,0.093785,0.089717,0.086065,0.082759,0.079754,0.077005,0.074505,0.0722,0.070085,0.068135,0.066443,0.064671,0.063128,0.061696,0.060362,0.059132,0.05798,0.056909,0.055916,0.054989,0.054124,0.053322,0.052571,0.051881,0.051235,0.050638,0.050089,0.049577,0.049109,0.048678,0.048283,0.04793,0.047608,0.047321,0.047066,0.046841,0.046648,0.046488,0.046356,0.046254,0.046181,0.046138
6.2854e-14,2.6335,2.1488,2.5458,14.604,1.5846,0.89528,1.1064,7.283,0.7293,0.40527,0.3085,0.25817,0.22617,0.20284,0.18474,0.17016,0.15805,0.14782,0.13903,0.13142,0.12468,0.11874,0.11345,0.10869,0.10442,0.10054,0.097001,0.093793,0.090825,0.088114,0.085616,0.083441,0.081194,0.079225,0.077398,0.075703,0.074134,0.07267,0.07131,0.070047,0.068869,0.067773,0.066754,0.065791,0.064929,0.064112,0.063355,0.062658,0.06201,0.061416,0.060874,0.060379,0.059927,0.059519,0.059155,0.058831,0.058548,0.058305,0.0581,0.057929,0.057803,0.05771,0.057656
3.7614e-14,1.3443,1.0767,1.2493,7.935,0.90091,0.53583,0.59898,4.1252,0.40774,0.21507,0.16688,0.14045,0.12297,0.11027,0.10034,0.092387,0.08567,0.080051,0.075221,0.071056,0.067349,0.064102,0.061203,0.058608,0.056275,0.054158,0.052225,0.050478,0.048864,0.047388,0.046031,0.04489,0.043629,0.04256,0.041568,0.04065,0.039797,0.039003,0.038265,0.037582,0.036944,0.03635,0.035799,0.035273,0.034809,0.034366,0.033956,0.03358,0.033228,0.032907,0.032612,0.032348,0.032099,0.031878,0.031681,0.031505,0.031351,0.031219,0.031109,0.031014,0.030947,0.030897,0.030867
3.792e-14,1.6232,1.6879,1.5292,8.6603,1.0067,0.54374,0.61492,3.8725,0.41609,0.23872,0.18762,0.1598,0.14106,0.12703,0.11604,0.10713,0.099655,0.093321,0.087846,0.083079,0.07887,0.075157,0.071829,0.068854,0.066162,0.06372,0.061486,0.059451,0.057595,0.055884,0.054309,0.052915,0.051512,0.050268,0.049113,0.048045,0.047051,0.046124,0.045262,0.044472,0.043723,0.043029,0.042385,0.041784,0.04123,0.04071,0.040232,0.03979,0.039381,0.039005,0.03866,0.038352,0.038063,0.037805,0.037575,0.037366,0.037191,0.037035,0.036908,0.036801,0.03672,0.036662,0.036627
1.9992e-14,0.781,0.82342,0.77339,4.3626,0.54378,0.2949,0.3673,2.3847,0.25238,0.135,0.10448,0.088043,0.077002,0.069039,0.062858,0.057846,0.053713,0.050205,0.047186,0.044587,0.042265,0.040236,0.038423,0.036809,0.035343,0.034019,0.03281,0.031716,0.030708,0.029785,0.028937,0.028205,0.027434,0.026764,0.026144,0.025569,0.025037,0.02454,0.024079,0.023657,0.023254,0.022882,0.022538,0.022214,0.021919,0.021641,0.021386,0.02115,0.020931,0.020731,0.020547,0.020378,0.020226,0.020088,0.019965,0.019852,0.019759,0.019676,0.019607,0.01955,0.019506,0.019474,0.019454
1.3607e-14,0.62618,0.55099,0.59055,3.6869,0.45875,0.24768,0.34003,2.0122,0.19324,0.099804,0.075769,0.063156,0.054859,0.048895,0.044321,0.040663,0.037653,0.035123,0.032962,0.031116,0.029447,0.028004,0.026718,0.025574,0.024536,0.0236,0.02275,0.02198,0.021268,0.020619,0.020022,0.019486,0.018964,0.018494,0.018059,0.017654,0.017282,0.016934,0.016611,0.016312,0.016031,0.015771,0.015529,0.015301,0.015095,0.014901,0.014721,0.014556,0.014402,0.014261,0.014132,0.014013,0.013906,0.013809,0.013723,0.013645,0.013578,0.013519,0.01347,0.013429,0.013398,0.013375,0.013362
1.8878e-14,0.88472,0.76441,0.72616,5.9553,0.72109,0.34818,0.34328,2.2084,0.22635,0.1373,0.11011,0.094271,0.083265,0.075014,0.068496,0.063263,0.05874,0.054968,0.051717,0.048919,0.046381,0.044176,0.042204,0.040446,0.03884,0.037395,0.036076,0.034881,0.033775,0.032763,0.031832,0.030982,0.03018,0.029445,0.028764,0.028129,0.027546,0.027,0.026492,0.02603,0.025583,0.025174,0.024794,0.024435,0.024111,0.023806,0.023524,0.023263,0.023022,0.0228,0.022597,0.02241,0.022244,0.022091,0.021955,0.021828,0.021729,0.021637,0.021561,0.021498,0.02145,0.021415,0.021394
3.7118e-14,1.6537,1.2754,1.2573,9.1123,1.118,0.60407,0.58077,3.6795,0.38745,0.21641,0.16672,0.14085,0.12384,0.1113,0.10155,0.093901,0.08711,0.08156,0.076783,0.072638,0.068948,0.065712,0.062816,0.060221,0.057865,0.05574,0.053797,0.052032,0.050409,0.048918,0.047545,0.046332,0.045111,0.044024,0.043017,0.042083,0.041219,0.040411,0.039662,0.03897,0.038314,0.03771,0.037149,0.036623,0.036138,0.035688,0.035271,0.034886,0.034528,0.0342,0.033901,0.033627,0.033379,0.033154,0.032953,0.032769,0.03262,0.032485,0.032373,0.032281,0.03221,0.032159,0.032128
5.36e-14,1.9567,1.6143,1.5438,9.1802,1.2002,0.692,0.80633,4.5392,0.4902,0.27492,0.21532,0.18386,0.16195,0.14606,0.13355,0.12326,0.11477,0.1075,0.10123,0.095796,0.090916,0.086647,0.082825,0.079399,0.076296,0.073486,0.070921,0.068597,0.066437,0.064469,0.062651,0.061084,0.059436,0.058002,0.056673,0.055434,0.054297,0.053231,0.052238,0.051318,0.050459,0.04966,0.048916,0.048217,0.047587,0.04699,0.046438,0.04593,0.045458,0.045024,0.044627,0.044262,0.04394,0.043642,0.043376,0.043141,0.042934,0.042756,0.042607,0.042487,0.042393,0.042326,0.042286
3.7057e-14,1.6202,1.4085,1.3865,8.0831,0.93878,0.50505,0.56605,4.0295,0.35671,0.20088,0.1603,0.13761,0.12218,0.1106,0.10142,0.093854,0.087585,0.082195,0.077525,0.07346,0.069817,0.066619,0.063747,0.061158,0.058826,0.056704,0.054757,0.052984,0.051362,0.049866,0.048486,0.047394,0.046035,0.044942,0.043927,0.042983,0.042114,0.041299,0.040538,0.039834,0.039177,0.038565,0.037997,0.037474,0.036976,0.036519,0.036095,0.035707,0.035343,0.03501,0.034706,0.034424,0.034178,0.033949,0.033745,0.033563,0.033406,0.033268,0.033156,0.033065,0.032991,0.032939,0.032908
3.2657e-14,1.4753,1.3196,1.3082,8.0356,1.0022,0.58496,0.68303,4.4486,0.45732,0.25742,0.19978,0.16837,0.14791,0.13271,0.12087,0.1113,0.10338,0.096673,0.090912,0.085937,0.081497,0.077614,0.074147,0.071044,0.068239,0.065702,0.063389,0.061278,0.059353,0.057581,0.05595,0.054447,0.053056,0.051769,0.050576,0.049467,0.048444,0.047488,0.046598,0.045778,0.045004,0.044288,0.043623,0.043005,0.042431,0.041896,0.041401,0.040944,0.040522,0.040134,0.039778,0.039453,0.039161,0.038894,0.038656,0.03844,0.038259,0.038098,0.037965,0.037856,0.037771,0.03771,0.037673
1.6903e-14,0.63531,0.48242,0.50764,3.7594,0.48123,0.28081,0.387,2.8127,0.26773,0.13781,0.10296,0.08472,0.073252,0.065076,0.058852,0.053905,0.049868,0.046481,0.043594,0.041122,0.038914,0.037,0.035296,0.033775,0.032407,0.031171,0.030045,0.029026,0.028091,0.027234,0.026447,0.025764,0.025053,0.024434,0.023862,0.023329,0.02284,0.022382,0.021956,0.02156,0.021193,0.020851,0.020533,0.020236,0.019963,0.019708,0.019472,0.019255,0.019053,0.018868,0.018698,0.018541,0.018403,0.018276,0.018162,0.018062,0.017973,0.017896,0.017833,0.017781,0.01774,0.017711,0.017694
2.4542e-14,1.0315,0.85097,0.91904,5.9936,0.82922,0.42451,0.47198,2.927,0.31952,0.17254,0.13106,0.1094,0.095179,0.084888,0.076923,0.070499,0.065267,0.060845,0.057063,0.053818,0.050932,0.048421,0.046185,0.044188,0.042398,0.040777,0.039297,0.037961,0.036733,0.035609,0.034576,0.033731,0.03275,0.031938,0.031187,0.03049,0.029848,0.029248,0.028689,0.028175,0.027692,0.027243,0.026828,0.026437,0.026083,0.025748,0.02544,0.025157,0.024893,0.024651,0.02443,0.024229,0.024045,0.02388,0.023731,0.023598,0.023485,0.023385,0.023303,0.023235,0.023183,0.023146,0.023123
1.8169e-14,0.97753,0.77219,0.88716,6.4246,0.78739,0.39915,0.46653,2.7317,0.31969,0.17251,0.13166,0.11029,0.0963,0.086165,0.078322,0.072022,0.066797,0.062398,0.05863,0.055376,0.052483,0.049953,0.047696,0.04568,0.043856,0.042209,0.040708,0.039345,0.038093,0.036945,0.035888,0.034931,0.034019,0.033186,0.032415,0.031698,0.031037,0.030419,0.029844,0.029315,0.028815,0.028353,0.027923,0.027522,0.027152,0.026807,0.026488,0.026193,0.02592,0.025669,0.025439,0.025229,0.025039,0.024866,0.024712,0.024573,0.024455,0.02435,0.024263,0.024191,0.024136,0.024096,0.024071
1.3051e-13,4.573,3.1248,3.4125,22.651,2.6009,1.5057,1.8265,9.3839,1.0012,0.57434,0.46298,0.39906,0.35365,0.31971,0.29276,0.27048,0.25209,0.2363,0.22265,0.21078,0.20015,0.19083,0.18247,0.17498,0.16817,0.16201,0.15636,0.15126,0.14653,0.1422,0.13821,0.13498,0.13114,0.12798,0.12505,0.12233,0.11982,0.11747,0.11529,0.11326,0.11136,0.1096,0.10796,0.10642,0.10502,0.10371,0.10249,0.10137,0.10032,0.099366,0.098487,0.09769,0.096966,0.096307,0.095716,0.095189,0.094733,0.094337,0.09401,0.093738,0.093529,0.093379,0.09329
7.7221e-14,2.9364,2.1775,2.0701,12.954,1.6577,0.96532,1.1528,7.6213,0.87231,0.4456,0.33808,0.28104,0.24466,0.21814,0.19777,0.18146,0.16808,0.15683,0.14722,0.13897,0.13162,0.12523,0.11953,0.11442,0.10984,0.10569,0.10192,0.098484,0.095336,0.092453,0.089802,0.087424,0.085111,0.083019,0.081085,0.079286,0.07763,0.076082,0.074645,0.073302,0.072066,0.070909,0.069834,0.068827,0.067907,0.067045,0.066249,0.065512,0.064829,0.064205,0.063632,0.063105,0.062635,0.062205,0.061822,0.061488,0.061184,0.060927,0.060711,0.060534,0.060399,0.060302,0.060242
8.2147e-14,2.8242,1.7617,2.0772,11.999,1.5854,1.0711,1.2654,8.805,0.8744,0.41922,0.30453,0.24816,0.21232,0.18731,0.16854,0.1537,0.14177,0.13178,0.12331,0.11609,0.10967,0.10413,0.099209,0.094829,0.090904,0.087364,0.084146,0.081241,0.078571,0.076136,0.0739,0.071996,0.069945,0.068196,0.066576,0.065069,0.06369,0.062397,0.061197,0.060088,0.059052,0.058089,0.057197,0.056363,0.055598,0.054883,0.054221,0.053614,0.053049,0.052531,0.052056,0.051615,0.051234,0.05088,0.050563,0.050279,0.050036,0.049823,0.049648,0.049504,0.049391,0.04931,0.049263
3.7981e-14,1.2858,0.81064,0.97067,6.3041,0.73682,0.47389,0.67983,4.5367,0.45466,0.21906,0.16161,0.13237,0.11374,0.10064,0.090745,0.082925,0.076575,0.071272,0.066762,0.062926,0.0595,0.056533,0.053898,0.051552,0.049443,0.047539,0.045808,0.044245,0.042805,0.04149,0.040283,0.039226,0.038148,0.037201,0.036323,0.035507,0.034758,0.034057,0.033406,0.032803,0.032241,0.031718,0.031232,0.030777,0.030361,0.029971,0.029612,0.029279,0.028971,0.028689,0.02843,0.02819,0.027979,0.027785,0.027612,0.027458,0.027322,0.027206,0.027109,0.027029,0.026967,0.026923,0.026896
2.7458e-14,0.84245,0.63062,0.72716,4.5323,0.66142,0.4477,0.64331,3.57,0.36798,0.17914,0.1317,0.10766,0.092348,0.081821,0.073896,0.067596,0.062486,0.058192,0.054539,0.051415,0.04863,0.046214,0.044066,0.042155,0.04043,0.038875,0.037461,0.03618,0.035005,0.03393,0.032942,0.032064,0.031199,0.030423,0.029705,0.029036,0.028425,0.027851,0.027318,0.02683,0.026366,0.025938,0.025542,0.025172,0.024831,0.024513,0.024219,0.023948,0.023696,0.023466,0.023255,0.023058,0.022889,0.022731,0.02259,0.022462,0.022356,0.022261,0.022182,0.022119,0.022068,0.022032,0.022011
2.3869e-14,0.96646,0.73876,0.81704,5.8455,0.8733,0.60602,0.90376,5.1583,0.5175,0.25239,0.17992,0.14379,0.1221,0.10688,0.095567,0.086746,0.079722,0.073916,0.069029,0.064881,0.061198,0.058026,0.055221,0.052728,0.050502,0.048498,0.046679,0.045036,0.043534,0.042162,0.040903,0.039804,0.038686,0.037703,0.036795,0.03595,0.035177,0.034453,0.033782,0.033158,0.032582,0.032044,0.031545,0.031081,0.030654,0.030255,0.029886,0.029546,0.029231,0.028943,0.028678,0.028435,0.02822,0.028022,0.027846,0.027689,0.027552,0.027433,0.027334,0.027253,0.02719,0.027144,0.027116
8.8529e-14,3.3001,2.2744,2.6437,14.743,1.5993,1.0714,1.1359,7.5438,0.71006,0.38153,0.29463,0.24682,0.21507,0.19195,0.17405,0.15965,0.14777,0.13777,0.12922,0.1219,0.1153,0.10961,0.10453,0.09996,0.095903,0.09221,0.088847,0.085806,0.083005,0.080446,0.078092,0.076086,0.073935,0.072083,0.070372,0.068781,0.067319,0.065948,0.06468,0.06349,0.0624,0.061376,0.060428,0.059531,0.058724,0.057964,0.057259,0.056612,0.056007,0.055455,0.054947,0.054485,0.054065,0.053684,0.053343,0.053043,0.052773,0.052545,0.052353,0.052192,0.052072,0.051983,0.051929
5.9366e-14,2.2407,1.6041,1.5162,8.3654,1.0646,0.6687,0.79513,5.1603,0.51131,0.26415,0.20573,0.17301,0.15145,0.1356,0.12331,0.11336,0.10533,0.098472,0.092583,0.087513,0.082981,0.079022,0.075486,0.072317,0.069464,0.066875,0.064514,0.062361,0.060402,0.058595,0.056933,0.055557,0.053993,0.052679,0.051463,0.050332,0.049293,0.048319,0.047414,0.046571,0.045791,0.045061,0.044384,0.043762,0.043169,0.042626,0.042124,0.041662,0.04123,0.040836,0.040476,0.040137,0.039847,0.039576,0.039334,0.03912,0.038931,0.038769,0.038634,0.038527,0.038438,0.038377,0.03834
4.7054e-14,1.7103,1.2698,1.2207,7.5027,1.0385,0.64846,0.7745,4.7426,0.51691,0.27138,0.20902,0.17448,0.15226,0.13602,0.12349,0.1134,0.10512,0.098119,0.092135,0.086979,0.08237,0.078356,0.07478,0.071562,0.068693,0.066088,0.063716,0.061565,0.05958,0.057768,0.0561,0.054597,0.053147,0.051833,0.050618,0.049488,0.048445,0.047471,0.046567,0.045714,0.044943,0.044215,0.043538,0.042898,0.042323,0.041781,0.041277,0.040813,0.040383,0.039988,0.039625,0.039296,0.038994,0.038722,0.038478,0.038271,0.038071,0.037906,0.037768,0.037652,0.037566,0.037502,0.037464
3.8638e-14,1.4768,1.1578,1.2609,7.9847,1.0607,0.73274,0.89771,6.3353,0.65648,0.3177,0.2308,0.18595,0.15829,0.13865,0.12395,0.11247,0.10324,0.0956,0.08917,0.083675,0.078888,0.074727,0.07105,0.067798,0.064868,0.06224,0.059859,0.057705,0.055742,0.053948,0.052304,0.050842,0.0494,0.048116,0.046929,0.045829,0.044814,0.043868,0.04299,0.042186,0.041418,0.040713,0.040059,0.039448,0.038887,0.038362,0.037876,0.037427,0.037012,0.036629,0.036278,0.035958,0.035667,0.035402,0.035164,0.034943,0.034766,0.034603,0.034467,0.034352,0.034265,0.0342,0.03416
2.8441e-14,1.3528,0.93258,1.0825,7.8153,1.1355,0.7869,1.2029,7.7896,0.68516,0.33177,0.2337,0.1866,0.15685,0.13652,0.12144,0.10976,0.10045,0.092798,0.086386,0.080956,0.076227,0.072144,0.068548,0.065371,0.062536,0.059988,0.057684,0.055611,0.053715,0.051989,0.05041,0.049057,0.047627,0.046398,0.045263,0.044213,0.043245,0.042344,0.041507,0.040741,0.040016,0.039347,0.038727,0.038146,0.037618,0.037122,0.036665,0.036243,0.035852,0.035494,0.035165,0.034869,0.034596,0.03435,0.034131,0.03393,0.033765,0.033617,0.033495,0.033393,0.033316,0.033261,0.033227
2.364e-14,1.0129,0.70744,0.78906,6.6594,1.0345,0.75491,1.2094,7.5806,0.68226,0.32155,0.22238,0.17462,0.14559,0.12578,0.11125,0.10007,0.091228,0.083988,0.077957,0.072894,0.068447,0.064644,0.061305,0.058358,0.055744,0.053397,0.051278,0.049375,0.047637,0.046057,0.044613,0.043361,0.042076,0.040956,0.039924,0.038965,0.038089,0.037272,0.036513,0.035814,0.03516,0.034554,0.033992,0.033465,0.032989,0.032539,0.032125,0.031743,0.031389,0.031065,0.030767,0.030493,0.030251,0.030028,0.029829,0.029649,0.029497,0.029362,0.029249,0.029157,0.029085,0.029033,0.029002
5.2693e-14,1.6554,1.1755,1.2541,7.545,1.0169,0.66921,0.81278,5.5294,0.53224,0.26768,0.20359,0.16925,0.14715,0.13115,0.11885,0.10898,0.10089,0.094086,0.088281,0.083293,0.078843,0.074973,0.071528,0.068448,0.065678,0.063175,0.0609,0.058839,0.056936,0.055201,0.053604,0.052154,0.050784,0.049527,0.048366,0.047287,0.046291,0.045362,0.0445,0.0437,0.042952,0.042258,0.041614,0.041002,0.040459,0.039942,0.039464,0.039023,0.038615,0.03824,0.037896,0.037589,0.0373,0.037043,0.036813,0.036606,0.03643,0.036277,0.036148,0.03604,0.035961,0.035903,0.035868
9.5439e-14,2.315,1.4406,1.3834,8.1653,0.96675,0.56752,0.77204,4.4714,0.4618,0.25265,0.19717,0.16781,0.14789,0.13337,0.122,0.11269,0.10497,0.09839,0.092712,0.087802,0.083375,0.079506,0.076043,0.072925,0.070116,0.067567,0.065246,0.063126,0.061171,0.059381,0.057724,0.056201,0.054807,0.053498,0.052287,0.05116,0.050121,0.049146,0.048243,0.047399,0.046616,0.045886,0.045205,0.044566,0.04399,0.043445,0.042938,0.042473,0.042042,0.041645,0.041281,0.040952,0.040653,0.040379,0.040135,0.039921,0.039731,0.039568,0.039429,0.039317,0.039233,0.039171,0.039136
1.1432e-13,2.7139,1.5319,1.6305,8.7842,1.1945,0.76082,0.88483,5.5169,0.57391,0.30262,0.23882,0.20509,0.18207,0.16498,0.15145,0.14023,0.13102,0.12305,0.11614,0.11015,0.10471,0.099956,0.09568,0.091825,0.08835,0.085178,0.082274,0.079635,0.077197,0.074958,0.072889,0.071188,0.069234,0.067591,0.06607,0.064654,0.063353,0.062126,0.060988,0.059928,0.058946,0.058026,0.057172,0.056373,0.05564,0.054953,0.054317,0.053733,0.053186,0.052687,0.052229,0.051809,0.051435,0.051089,0.050782,0.050512,0.050269,0.050063,0.049891,0.04975,0.049641,0.049562,0.049514
5.8614e-14,1.398,0.93949,1.0678,5.3805,0.77957,0.49471,0.57137,3.4131,0.34648,0.19003,0.14642,0.12379,0.10894,0.098236,0.089863,0.083006,0.077359,0.072522,0.068346,0.064717,0.06147,0.058624,0.056074,0.053777,0.051707,0.049826,0.048109,0.046543,0.045104,0.043782,0.042561,0.041483,0.040408,0.03944,0.038545,0.037712,0.036947,0.036227,0.035559,0.034936,0.034359,0.033821,0.033319,0.032855,0.032421,0.032019,0.031647,0.031303,0.030984,0.030692,0.030424,0.030177,0.02996,0.029758,0.029578,0.029421,0.029279,0.029159,0.029057,0.028976,0.028911,0.028866,0.028837
2.8098e-14,1.2301,1.1851,1.1437,7.4663,0.90799,0.53109,0.47836,3.1103,0.28617,0.16503,0.12943,0.11039,0.097545,0.088023,0.080481,0.07435,0.069127,0.064717,0.060907,0.057648,0.054635,0.052038,0.049713,0.047628,0.04574,0.044031,0.042469,0.04105,0.039746,0.038549,0.037447,0.036477,0.035492,0.034622,0.033815,0.03306,0.032373,0.031725,0.031124,0.030568,0.030044,0.02956,0.02911,0.028691,0.0283,0.027938,0.027604,0.027295,0.027008,0.026745,0.026503,0.026275,0.026083,0.025901,0.025739,0.025593,0.025468,0.025358,0.025267,0.025193,0.025133,0.025091,0.025065
