1.8733e-14,1.1263,0.70102,0.80438,5.1469,0.68584,0.46336,0.59393,4.6102,0.46062,0.23065,0.17167,0.14127,0.12174,0.10808,0.097694,0.089481,0.082764,0.077148,0.072368,0.06829,0.064633,0.061467,0.058649,0.056131,0.053869,0.051823,0.049962,0.048278,0.046725,0.045306,0.044001,0.042827,0.041696,0.040667,0.039717,0.038831,0.03802,0.037259,0.036553,0.0359,0.035286,0.034718,0.03419,0.033696,0.033243,0.032819,0.032428,0.032066,0.031731,0.031424,0.031142,0.030878,0.030652,0.03044,0.030252,0.030081,0.029937,0.029811,0.029705,0.029619,0.029551,0.029503,0.029473
2.5901e-14,1.1405,0.61929,0.89568,6.0617,0.82477,0.52544,0.71397,5.1663,0.56342,0.25823,0.18573,0.1488,0.12591,0.1102,0.09856,0.089491,0.082215,0.076198,0.071135,0.066848,0.063058,0.05979,0.056903,0.054345,0.05205,0.049987,0.04812,0.046426,0.044888,0.043479,0.042187,0.041039,0.039911,0.0389,0.037968,0.037102,0.036308,0.035565,0.034876,0.034243,0.033645,0.033094,0.032581,0.032108,0.031665,0.031255,0.030877,0.030528,0.030205,0.029909,0.029638,0.029387,0.029167,0.028965,0.028784,0.02862,0.028483,0.028362,0.028261,0.028179,0.028114,0.028069,0.028041
5.2737e-14,1.576,1.0656,1.1781,7.9526,1.3235,1.1867,1.2831,7.8037,0.81117,0.41055,0.29953,0.24157,0.20557,0.18028,0.1614,0.14666,0.13483,0.12505,0.11681,0.1098,0.10365,0.098324,0.093614,0.089444,0.085701,0.082331,0.079283,0.076512,0.074,0.071697,0.069585,0.067783,0.065863,0.064212,0.062687,0.061272,0.059969,0.058754,0.057626,0.056591,0.055611,0.054707,0.053868,0.053098,0.052368,0.051697,0.051078,0.050508,0.049978,0.049494,0.049049,0.04864,0.048279,0.047947,0.047651,0.047381,0.047158,0.046961,0.046795,0.046663,0.046556,0.046482,0.046437
4.1507e-14,1.2455,0.76356,0.86286,6.5167,0.89649,0.6771,0.83735,5.468,0.48353,0.25916,0.19139,0.15697,0.13512,0.1195,0.10768,0.098314,0.090734,0.084396,0.079026,0.074442,0.070365,0.066836,0.063702,0.060904,0.058405,0.056145,0.05409,0.052241,0.050531,0.048973,0.047543,0.046302,0.045017,0.043896,0.042861,0.041898,0.041015,0.040189,0.039425,0.038712,0.038052,0.037437,0.036867,0.036331,0.035843,0.035386,0.034963,0.034574,0.034212,0.033881,0.033577,0.033296,0.033049,0.032822,0.032619,0.032439,0.032281,0.032145,0.032032,0.031939,0.031867,0.031816,0.031785
2.7381e-14,0.70788,0.48184,0.52519,3.7839,0.57098,0.3963,0.42106,2.462,0.24808,0.13576,0.09931,0.081394,0.069591,0.061372,0.055173,0.050275,0.04633,0.043042,0.040262,0.037885,0.035795,0.033977,0.032365,0.030932,0.029642,0.02848,0.027427,0.026471,0.025598,0.024798,0.024064,0.023418,0.022767,0.022191,0.021659,0.021165,0.020709,0.020284,0.019889,0.019526,0.019182,0.018865,0.01857,0.018296,0.018042,0.017805,0.017587,0.017385,0.017198,0.017026,0.016868,0.016723,0.016594,0.016475,0.016369,0.016271,0.016191,0.016119,0.016058,0.016008,0.015969,0.01594,0.015921
1.2259e-14,0.47635,0.32073,0.36818,2.593,0.39004,0.3082,0.34646,1.8261,0.18762,0.098611,0.07239,0.059214,0.050995,0.045165,0.040721,0.037191,0.034318,0.031916,0.029877,0.028126,0.026587,0.025246,0.024056,0.022995,0.022044,0.021186,0.020405,0.019706,0.019055,0.018463,0.017921,0.017454,0.016961,0.016536,0.016142,0.015777,0.01544,0.015125,0.014834,0.014564,0.014312,0.014077,0.013861,0.013653,0.01347,0.013295,0.013134,0.012986,0.012848,0.012721,0.012605,0.012499,0.012403,0.012316,0.012239,0.012169,0.012109,0.012056,0.012013,0.011976,0.011949,0.011929,0.011916
1.8901e-14,0.61768,0.44555,0.44056,3.3418,0.41998,0.26341,0.24504,1.8597,0.16585,0.087023,0.067468,0.057017,0.050154,0.045111,0.041179,0.038033,0.035351,0.033112,0.031186,0.029517,0.028027,0.026722,0.025552,0.024497,0.023553,0.022692,0.021904,0.021188,0.02053,0.019925,0.019367,0.018879,0.018379,0.017938,0.01753,0.01715,0.016799,0.01647,0.016164,0.015878,0.015617,0.01537,0.015142,0.014928,0.014731,0.014548,0.014378,0.014221,0.014075,0.013942,0.01382,0.013709,0.013607,0.013516,0.013434,0.013364,0.013298,0.013242,0.013197,0.01316,0.013131,0.01311,0.013098
1.0285e-13,1.3954,0.82323,0.83661,6.3051,0.76581,0.57353,0.7723,5.1516,0.47923,0.23371,0.17105,0.13883,0.11841,0.10429,0.093696,0.085421,0.07871,0.073154,0.068452,0.064481,0.060912,0.057847,0.055129,0.052723,0.050542,0.048585,0.046807,0.045202,0.043729,0.042382,0.041146,0.040053,0.03896,0.037991,0.037093,0.036258,0.035494,0.034777,0.034112,0.033505,0.032921,0.032386,0.031891,0.031426,0.031,0.030602,0.030235,0.029896,0.029581,0.029292,0.029028,0.028782,0.028567,0.028369,0.028191,0.028025,0.027895,0.027775,0.027676,0.027593,0.027529,0.027483,0.027455
8.7711e-14,1.4768,0.99378,1.263,7.5656,1.2308,1.2583,1.7474,13.318,1.139,0.55811,0.39558,0.31375,0.2622,0.2271,0.20125,0.18135,0.16554,0.15261,0.14183,0.13271,0.12481,0.11799,0.112,0.10671,0.102,0.097781,0.093979,0.09055,0.087417,0.08457,0.081965,0.079611,0.077391,0.07537,0.073506,0.071785,0.070192,0.068715,0.067348,0.066088,0.064906,0.063813,0.062798,0.061845,0.060988,0.060178,0.059431,0.058742,0.058107,0.057523,0.056988,0.056511,0.056062,0.055663,0.055307,0.054986,0.054715,0.054477,0.054277,0.054111,0.053989,0.053899,0.053846
4.3295e-14,1.442,0.91472,0.99362,7.1278,1.0213,0.80233,0.99841,6.2402,0.62168,0.30801,0.225,0.18474,0.15817,0.13997,0.12622,0.11534,0.10651,0.099142,0.092891,0.08753,0.082818,0.078706,0.075055,0.071796,0.068879,0.06624,0.063845,0.061667,0.059679,0.057856,0.056179,0.054715,0.053225,0.051908,0.050692,0.049564,0.048521,0.047547,0.046647,0.045804,0.045028,0.044303,0.043628,0.043002,0.042421,0.041881,0.041381,0.040922,0.040495,0.040104,0.039744,0.039418,0.039122,0.038853,0.038613,0.038404,0.038213,0.038053,0.037918,0.037809,0.037724,0.037663,0.037627
6.3905e-14,1.2692,0.78524,0.90504,5.7947,0.8709,0.71392,0.82516,5.4314,0.49963,0.25327,0.18663,0.15202,0.1298,0.11418,0.10242,0.093155,0.08569,0.079477,0.074229,0.069748,0.065818,0.062402,0.059382,0.056691,0.054294,0.052128,0.050167,0.048398,0.046772,0.045289,0.04393,0.042723,0.041532,0.040469,0.039486,0.038576,0.037736,0.036954,0.036229,0.035556,0.034929,0.034346,0.033806,0.033297,0.032837,0.032404,0.032003,0.031633,0.031291,0.030977,0.030689,0.030429,0.030189,0.029973,0.029779,0.029606,0.029457,0.029327,0.029217,0.029125,0.029057,0.029006,0.028975
3.4457e-14,0.90307,0.58509,0.64813,4.5437,0.68486,0.50434,0.53446,3.629,0.32883,0.17273,0.12622,0.10421,0.090305,0.080358,0.072761,0.066717,0.061776,0.057633,0.054098,0.051064,0.048375,0.046028,0.043939,0.042087,0.040393,0.038875,0.037491,0.036235,0.035087,0.034033,0.033064,0.032246,0.031346,0.030583,0.029876,0.02922,0.028614,0.028048,0.027522,0.027045,0.02658,0.026158,0.025766,0.025401,0.02506,0.024746,0.024455,0.024187,0.023937,0.023709,0.0235,0.023308,0.023136,0.02298,0.02284,0.022708,0.022608,0.022514,0.022437,0.022373,0.022323,0.022288,0.022267
1.1609e-14,0.43689,0.30065,0.29429,2.6067,0.29321,0.19946,0.23017,1.5864,0.14713,0.077945,0.059174,0.049466,0.042937,0.038265,0.03467,0.031788,0.029427,0.027438,0.025739,0.024292,0.022979,0.021846,0.020838,0.019939,0.019127,0.018394,0.017728,0.017124,0.016569,0.016062,0.015595,0.015182,0.014769,0.014402,0.014062,0.013744,0.013456,0.013184,0.012932,0.012699,0.01248,0.012277,0.012089,0.011916,0.01175,0.0116,0.01146,0.011331,0.011211,0.011102,0.011001,0.010904,0.010826,0.010751,0.010684,0.010622,0.010571,0.010526,0.010488,0.010459,0.010433,0.010416,0.010405
7.9727e-14,1.3634,0.69328,0.8527,5.6043,0.72465,0.62323,0.83557,6.6203,0.57239,0.3005,0.2162,0.17355,0.14671,0.12816,0.11432,0.10352,0.094909,0.087789,0.081811,0.076759,0.072308,0.068475,0.065093,0.062105,0.059429,0.057026,0.054853,0.052891,0.051101,0.049468,0.047972,0.046657,0.045341,0.044176,0.043101,0.042102,0.041188,0.040332,0.039541,0.038809,0.038126,0.037492,0.036905,0.03636,0.035854,0.035384,0.03495,0.034552,0.034182,0.033843,0.033532,0.033244,0.032995,0.032763,0.032556,0.032373,0.032212,0.032075,0.03196,0.031867,0.031793,0.031741,0.03171
6.0775e-14,1.7044,0.96612,1.0912,7.857,0.93593,0.85029,1.0786,7.4668,0.69636,0.34915,0.24997,0.20108,0.17188,0.15102,0.13542,0.12319,0.11343,0.10533,0.09849,0.092679,0.087544,0.083102,0.079165,0.075667,0.072535,0.069708,0.067138,0.064805,0.062695,0.060753,0.05897,0.057506,0.055827,0.05443,0.05314,0.05194,0.05084,0.049809,0.048853,0.047974,0.047143,0.046374,0.045663,0.045012,0.044386,0.043815,0.043287,0.042803,0.04235,0.041937,0.041557,0.041201,0.040898,0.040614,0.04036,0.040127,0.039936,0.039765,0.039624,0.039511,0.039416,0.039351,0.039312
4.5507e-14,1.4654,0.83432,0.90415,6.7384,0.88436,0.767,0.81813,5.4664,0.60693,0.28982,0.20758,0.16688,0.14146,0.12387,0.1108,0.10056,0.092405,0.085636,0.079944,0.07507,0.070859,0.067187,0.063941,0.061058,0.058486,0.056169,0.054063,0.052166,0.050434,0.048851,0.047398,0.046207,0.044836,0.043701,0.042653,0.041685,0.040786,0.03995,0.039177,0.03846,0.037789,0.037167,0.036592,0.036053,0.035558,0.035096,0.034669,0.034278,0.033911,0.033577,0.03327,0.032994,0.032737,0.032508,0.032301,0.032115,0.031958,0.03182,0.031706,0.031608,0.031535,0.031481,0.031449
6.4385e-14,1.3887,0.70007,0.78553,5.7372,0.77352,0.62663,0.94357,6.3699,0.54565,0.26393,0.18567,0.14825,0.12418,0.10792,0.095926,0.086648,0.079243,0.073169,0.06811,0.06381,0.060098,0.056878,0.054041,0.05153,0.049297,0.047287,0.045475,0.043843,0.042345,0.040986,0.039742,0.038595,0.037559,0.03659,0.035697,0.034873,0.034108,0.033396,0.03274,0.032129,0.031564,0.031038,0.030549,0.030085,0.029675,0.029284,0.028923,0.02859,0.028282,0.028,0.02774,0.027509,0.027291,0.027097,0.026924,0.026771,0.026636,0.026521,0.026422,0.02634,0.02628,0.026236,0.026209
5.1141e-14,1.5944,1.0869,1.1498,9.0141,1.3633,1.0184,1.2992,8.065,0.81027,0.41511,0.3021,0.24507,0.20843,0.18293,0.1638,0.14877,0.13676,0.12676,0.11834,0.11118,0.10489,0.099431,0.094613,0.090338,0.08651,0.083071,0.079946,0.077147,0.074557,0.072205,0.070049,0.068252,0.066245,0.064562,0.063008,0.061566,0.060236,0.059,0.057853,0.056793,0.055798,0.054878,0.054027,0.053221,0.052496,0.051814,0.051184,0.050604,0.050065,0.049572,0.049119,0.048706,0.048334,0.047998,0.047696,0.047424,0.047195,0.046994,0.046827,0.046687,0.046582,0.046506,0.046461
3.8921e-14,0.9362,0.73872,0.63193,4.753,0.70576,0.57091,0.78169,4.7484,0.45515,0.23289,0.17103,0.14089,0.12115,0.10739,0.096964,0.088672,0.081964,0.076333,0.071551,0.067465,0.063822,0.060663,0.057856,0.05535,0.053101,0.05107,0.049222,0.047558,0.046013,0.044607,0.043316,0.042202,0.041032,0.040016,0.039077,0.038204,0.037401,0.03665,0.035953,0.035308,0.034704,0.034143,0.033623,0.03313,0.032688,0.032272,0.031886,0.03153,0.0312,0.030897,0.030619,0.030365,0.030137,0.029929,0.029743,0.029575,0.029433,0.029308,0.029203,0.029115,0.029049,0.029001,0.028971
2.483e-14,0.86932,0.56235,0.69566,5.3777,0.76848,0.61426,0.82499,4.4431,0.46854,0.22329,0.15972,0.12772,0.10831,0.094794,0.084779,0.076988,0.070756,0.065607,0.061274,0.057599,0.054368,0.051571,0.0491,0.046908,0.044944,0.043177,0.041574,0.040128,0.038804,0.037594,0.036485,0.03555,0.034526,0.03366,0.032858,0.032114,0.031429,0.03079,0.030198,0.02965,0.029137,0.028661,0.02822,0.027808,0.027428,0.027075,0.026749,0.026449,0.02617,0.025914,0.02568,0.025465,0.025272,0.025098,0.024941,0.0248,0.024681,0.024576,0.024489,0.024417,0.024362,0.024322,0.024299
8.6714e-14,1.5835,0.8114,1.0191,7.3384,1.1267,1.111,1.9581,12.187,1.0013,0.49231,0.34279,0.26891,0.22243,0.19122,0.16848,0.15106,0.13736,0.1262,0.11695,0.10915,0.10245,0.09667,0.091615,0.087165,0.083223,0.079691,0.076515,0.073657,0.071056,0.068694,0.066534,0.064585,0.062752,0.061082,0.059545,0.058127,0.056815,0.055599,0.054475,0.053431,0.052468,0.05157,0.050738,0.049957,0.049253,0.048589,0.047976,0.047411,0.04689,0.046412,0.045973,0.045579,0.045214,0.044887,0.044595,0.04434,0.04411,0.043915,0.043752,0.043616,0.043515,0.043442,0.043398
8.8847e-14,1.6694,0.9948,1.0974,8.2229,1.1589,0.92204,1.3677,7.7265,0.79173,0.40042,0.28951,0.2348,0.19937,0.17487,0.15654,0.14215,0.13065,0.12109,0.11304,0.10619,0.10018,0.094974,0.090374,0.086281,0.082642,0.079357,0.076376,0.073676,0.071231,0.068987,0.066928,0.065205,0.063301,0.061695,0.060211,0.058832,0.057568,0.056386,0.05529,0.054278,0.053331,0.052452,0.051638,0.050893,0.050179,0.049527,0.048924,0.048371,0.047856,0.047384,0.046951,0.046548,0.046202,0.04588,0.045591,0.04533,0.04511,0.044916,0.044755,0.044627,0.044519,0.044446,0.044401
7.2123e-14,1.916,1.2181,1.2978,11.056,1.6549,1.4485,1.706,11.518,1.0664,0.51408,0.37181,0.30123,0.25602,0.22487,0.20147,0.18305,0.16831,0.15603,0.14566,0.13685,0.12908,0.12235,0.1164,0.11112,0.1064,0.10214,0.098277,0.09481,0.091614,0.088704,0.086036,0.083825,0.08133,0.079248,0.077324,0.075539,0.073895,0.072364,0.070944,0.069632,0.068402,0.067263,0.06621,0.065221,0.064315,0.063471,0.06269,0.061973,0.061306,0.060695,0.060134,0.059621,0.059162,0.058746,0.058372,0.058038,0.057752,0.057501,0.057296,0.057125,0.056992,0.056898,0.056842
2.6936e-14,0.94737,0.66651,0.68104,5.578,0.75093,0.5809,0.86247,5.8696,0.51721,0.24844,0.17794,0.14256,0.12046,0.10531,0.094059,0.085279,0.07827,0.072473,0.067602,0.063485,0.059841,0.056705,0.053939,0.05148,0.049295,0.047325,0.045543,0.043931,0.042458,0.041115,0.039883,0.03884,0.037717,0.036757,0.035871,0.035047,0.034292,0.033588,0.032933,0.032328,0.031764,0.03124,0.030754,0.030303,0.029885,0.029497,0.029137,0.028808,0.028501,0.02822,0.027963,0.027724,0.027517,0.027325,0.027154,0.027,0.026869,0.026754,0.026658,0.026581,0.026519,0.026476,0.026451
1.1397e-13,1.9368,1.2216,1.1383,8.3295,1.0344,0.77448,0.95171,6.0685,0.60704,0.28967,0.21235,0.17463,0.15006,0.13289,0.11992,0.10959,0.10128,0.094294,0.088363,0.083244,0.078784,0.074867,0.07139,0.068303,0.065502,0.062985,0.060695,0.058618,0.056722,0.05498,0.053378,0.052009,0.050556,0.049295,0.048131,0.047054,0.046053,0.045122,0.044257,0.043464,0.042708,0.042013,0.041367,0.040762,0.040205,0.039687,0.039207,0.038765,0.038352,0.037975,0.037628,0.037319,0.037026,0.036765,0.036532,0.036319,0.036142,0.035985,0.035851,0.03574,0.035657,0.035596,0.035557
6.8551e-14,1.5735,0.94404,0.93567,7.5429,0.98334,0.73312,1.0398,7.4618,0.6662,0.3118,0.2197,0.17515,0.14736,0.12876,0.11505,0.10438,0.095819,0.088756,0.08281,0.077771,0.073345,0.069521,0.066142,0.063136,0.060468,0.05806,0.055872,0.053912,0.052103,0.050459,0.048952,0.047668,0.046296,0.045121,0.044035,0.043029,0.042101,0.041236,0.040436,0.039689,0.039003,0.03836,0.037766,0.037203,0.036699,0.036223,0.035783,0.03538,0.035004,0.034659,0.034345,0.034059,0.033798,0.033563,0.033353,0.03317,0.033004,0.032863,0.032748,0.032649,0.032577,0.032525,0.032493
2.8101e-14,1.0866,0.63584,0.76471,5.6713,0.68344,0.60296,0.70087,5.3669,0.48902,0.23127,0.165,0.1328,0.11202,0.097897,0.087348,0.079105,0.072513,0.067063,0.062484,0.058605,0.055195,0.052255,0.049662,0.047372,0.045314,0.043471,0.0418,0.040307,0.038921,0.037667,0.036518,0.035554,0.034498,0.033602,0.032776,0.032011,0.031306,0.03065,0.03004,0.029482,0.028952,0.028464,0.028012,0.027581,0.027201,0.026839,0.026505,0.026198,0.025911,0.025649,0.025408,0.025191,0.02499,0.02481,0.024649,0.024501,0.02438,0.024272,0.024182,0.024105,0.02405,0.024009,0.023984
2.767e-14,0.74705,0.49846,0.54229,4.4976,0.59086,0.51822,0.7081,4.1043,0.40761,0.18973,0.13253,0.10444,0.086943,0.075075,0.066358,0.059655,0.054351,0.050016,0.046415,0.043394,0.040761,0.038503,0.036521,0.034777,0.033221,0.031831,0.030573,0.029448,0.02842,0.027484,0.026629,0.025921,0.025128,0.024466,0.023856,0.02329,0.022772,0.022288,0.02184,0.021428,0.021042,0.020685,0.020355,0.020047,0.019762,0.019498,0.019255,0.019031,0.018823,0.018632,0.018458,0.018297,0.018156,0.018026,0.01791,0.017806,0.017716,0.017638,0.017574,0.017522,0.01748,0.017451,0.017433
1.7261e-14,0.57504,0.39099,0.44974,3.0838,0.38569,0.25359,0.26481,2.1147,0.16608,0.081916,0.060071,0.049184,0.042213,0.037356,0.033714,0.030824,0.028473,0.026506,0.024829,0.023385,0.022123,0.021016,0.020031,0.019155,0.018365,0.017652,0.017003,0.016416,0.015878,0.015385,0.014932,0.01454,0.014133,0.013778,0.013449,0.013145,0.012862,0.012599,0.012356,0.012132,0.011918,0.011722,0.01154,0.011371,0.011213,0.011067,0.010932,0.010807,0.010692,0.010585,0.010488,0.0104,0.010319,0.010246,0.01018,0.01012,0.010071,0.010027,0.0099904,0.0099606,0.0099367,0.00992,0.0099099
3.17e-14,0.77897,0.52435,0.58649,4.2117,0.54022,0.33022,0.32794,2.4815,0.21457,0.11432,0.088388,0.074044,0.064577,0.057614,0.052221,0.047888,0.044315,0.041309,0.038741,0.036511,0.034566,0.032856,0.031332,0.029972,0.028744,0.027638,0.026631,0.025718,0.024881,0.024114,0.023408,0.022767,0.022163,0.021608,0.021095,0.020621,0.020179,0.019768,0.019388,0.019034,0.018704,0.018398,0.018113,0.017847,0.017602,0.017374,0.017162,0.016967,0.016786,0.01662,0.016468,0.016332,0.016203,0.016088,0.015986,0.015894,0.015814,0.015745,0.015687,0.015638,0.015602,0.015575,0.015558
1.694e-14,0.54778,0.40819,0.44051,2.886,0.38635,0.23549,0.23802,1.7107,0.15882,0.083729,0.065051,0.055228,0.048535,0.043667,0.039861,0.036714,0.034198,0.032017,0.03014,0.028504,0.027058,0.025787,0.024649,0.023626,0.022704,0.021869,0.021105,0.02041,0.019774,0.019189,0.018649,0.018173,0.017694,0.017268,0.016873,0.016507,0.016167,0.01585,0.015556,0.015281,0.015027,0.01479,0.01457,0.014365,0.014174,0.013997,0.013834,0.013683,0.013543,0.013414,0.013297,0.01319,0.013093,0.013004,0.012926,0.012856,0.012795,0.012742,0.012698,0.012663,0.012635,0.012615,0.012603
3.4136e-14,1.1681,0.88274,0.82854,5.8498,0.73225,0.56957,0.68218,4.4138,0.47316,0.22175,0.16147,0.13113,0.1116,0.098097,0.087993,0.080078,0.073689,0.068397,0.063931,0.060105,0.056776,0.053875,0.051323,0.049046,0.047022,0.045185,0.043521,0.042016,0.040632,0.03937,0.03821,0.037151,0.036166,0.035257,0.034417,0.03364,0.032919,0.032248,0.031627,0.031047,0.030513,0.030013,0.029548,0.029109,0.028716,0.028344,0.027999,0.027681,0.027387,0.027116,0.026868,0.026647,0.026436,0.02625,0.026083,0.025936,0.025802,0.02569,0.025594,0.025513,0.025454,0.025408,0.02538
5.3026e-14,1.3738,0.97461,0.99768,6.2425,0.84294,0.59386,0.74094,4.8747,0.50338,0.24981,0.18009,0.14639,0.12445,0.1094,0.098099,0.089221,0.08206,0.076113,0.071083,0.066799,0.063033,0.059768,0.056878,0.05432,0.052011,0.049942,0.048064,0.046384,0.044819,0.043402,0.042103,0.040971,0.039811,0.038796,0.037858,0.036986,0.036186,0.035439,0.034746,0.034112,0.033506,0.032951,0.032437,0.031948,0.031512,0.0311,0.03072,0.030369,0.030044,0.029746,0.029473,0.029221,0.028998,0.028795,0.028613,0.028445,0.02831,0.028188,0.028087,0.028003,0.027939,0.027893,0.027866
2.9483e-14,0.77567,0.48485,0.45719,3.4795,0.43656,0.3153,0.44617,3.4127,0.28845,0.13299,0.096704,0.078409,0.066263,0.058047,0.051899,0.047075,0.043218,0.040019,0.037314,0.035035,0.033008,0.031266,0.029727,0.028362,0.027144,0.026048,0.025053,0.024164,0.023338,0.02259,0.021904,0.02132,0.020699,0.020165,0.019671,0.019212,0.018793,0.0184,0.018036,0.0177,0.017386,0.017095,0.016825,0.01657,0.01634,0.016124,0.015924,0.015741,0.01557,0.015413,0.01527,0.015136,0.015021,0.014914,0.014818,0.014732,0.014658,0.014594,0.01454,0.014496,0.014462,0.014438,0.014423
9.0102e-15,0.46592,0.26211,0.30351,2.2337,0.28932,0.17256,0.24362,1.8103,0.14782,0.071429,0.053628,0.044598,0.038773,0.03458,0.03135,0.028778,0.026645,0.024859,0.02333,0.022033,0.020852,0.019833,0.018926,0.018116,0.017385,0.016725,0.016125,0.015583,0.01508,0.014622,0.014201,0.013825,0.013454,0.013123,0.012816,0.012529,0.012268,0.012022,0.011794,0.011583,0.011385,0.011202,0.011031,0.010872,0.010725,0.010588,0.010462,0.010345,0.010237,0.010138,0.010047,0.0099602,0.0098883,0.0098203,0.0097593,0.0097046,0.0096579,0.0096169,0.0095828,0.0095551,0.0095328,0.0095173,0.0095078
2.7781e-14,0.99161,0.64207,0.63532,5.0236,0.59206,0.39862,0.37932,2.9386,0.25414,0.13422,0.10341,0.086813,0.075781,0.06776,0.061547,0.056533,0.052411,0.048929,0.045945,0.043373,0.041083,0.039088,0.037307,0.035716,0.034278,0.032982,0.031798,0.030724,0.029742,0.02884,0.028011,0.027267,0.026543,0.025891,0.025286,0.024725,0.024208,0.023724,0.023274,0.022859,0.022468,0.022107,0.021772,0.021462,0.021169,0.0209,0.020651,0.020422,0.020209,0.020014,0.019835,0.019669,0.019524,0.01939,0.01927,0.019162,0.019071,0.01899,0.018923,0.018869,0.018825,0.018795,0.018776
2.758e-14,0.83088,0.54218,0.58941,4.4656,0.53355,0.33105,0.32924,2.2525,0.21059,0.11837,0.092985,0.079372,0.069943,0.063021,0.057584,0.053184,0.049463,0.046326,0.043624,0.041294,0.039182,0.037347,0.035703,0.034224,0.032894,0.031687,0.030582,0.02958,0.028657,0.02781,0.027029,0.026363,0.025646,0.02503,0.024458,0.023925,0.023437,0.022978,0.022551,0.022153,0.021786,0.021442,0.021123,0.020826,0.02055,0.020294,0.020057,0.019839,0.019635,0.019449,0.019279,0.01912,0.018983,0.018855,0.01874,0.018641,0.018551,0.018474,0.018411,0.018359,0.018318,0.018289,0.018272
5.0676e-14,1.4202,1.0557,1.0499,5.9429,0.88631,0.5391,0.55148,3.7486,0.4328,0.22748,0.17346,0.14544,0.12672,0.11318,0.10269,0.094146,0.087319,0.081481,0.076478,0.072168,0.068365,0.065031,0.06206,0.059424,0.057017,0.054857,0.052885,0.05111,0.049463,0.047963,0.046581,0.045434,0.044138,0.043052,0.042045,0.041113,0.040247,0.039442,0.038695,0.038014,0.037354,0.036751,0.036193,0.035662,0.03519,0.034741,0.034325,0.033943,0.033587,0.033261,0.032963,0.032696,0.032442,0.032219,0.032018,0.03183,0.031684,0.031549,0.031437,0.03134,0.03127,0.031218,0.031186
3.0514e-14,1.3922,0.99313,0.95827,8.5906,1.0734,0.72538,0.94758,6.9756,0.64861,0.29681,0.20826,0.16807,0.14279,0.12533,0.1123,0.10214,0.093986,0.08724,0.081547,0.076742,0.072445,0.068747,0.065477,0.062587,0.059957,0.057609,0.055476,0.053561,0.051782,0.050168,0.048686,0.047427,0.046068,0.044909,0.043835,0.042837,0.041921,0.041065,0.040269,0.039548,0.038844,0.038206,0.037613,0.037047,0.036547,0.036073,0.035632,0.035227,0.03485,0.034503,0.034187,0.033896,0.033633,0.033395,0.033181,0.032977,0.032823,0.032677,0.032555,0.032451,0.032373,0.032314,0.032277
1.0471e-14,0.47118,0.31487,0.30925,2.3308,0.286,0.19391,0.23599,1.6435,0.1438,0.073206,0.056435,0.047704,0.041848,0.037612,0.034316,0.031661,0.029448,0.027576,0.025964,0.024572,0.023323,0.02223,0.021253,0.020379,0.019584,0.018866,0.018211,0.017616,0.017066,0.016563,0.0161,0.015689,0.015278,0.014912,0.014572,0.014256,0.013965,0.013692,0.013439,0.013206,0.012985,0.01278,0.012591,0.012412,0.01225,0.012098,0.011957,0.011827,0.011707,0.011596,0.011495,0.011403,0.011319,0.011243,0.011176,0.011114,0.011063,0.011018,0.01098,0.010949,0.010925,0.010908,0.010898
2.2504e-14,0.69678,0.50174,0.54174,4.4292,0.53007,0.29206,0.32538,2.2946,0.23007,0.11641,0.088742,0.074828,0.065784,0.059104,0.053915,0.049717,0.046244,0.043293,0.040751,0.038568,0.036583,0.034858,0.033316,0.03193,0.030683,0.029549,0.028516,0.027577,0.02671,0.025916,0.025185,0.024525,0.023889,0.023311,0.022776,0.022276,0.021818,0.021388,0.020989,0.020617,0.020272,0.019951,0.019651,0.019371,0.019115,0.018875,0.018652,0.018447,0.018257,0.018082,0.017922,0.017774,0.017644,0.017524,0.017417,0.017324,0.017239,0.017168,0.017107,0.017059,0.017021,0.016993,0.016977
2.1469e-14,0.79392,0.57203,0.73031,4.7961,0.57439,0.37794,0.46344,3.303,0.26887,0.12416,0.091192,0.074858,0.064762,0.057532,0.052058,0.047809,0.044175,0.041201,0.038668,0.036493,0.034563,0.032878,0.031379,0.030037,0.028833,0.027742,0.026755,0.025854,0.025027,0.02427,0.023575,0.022908,0.022343,0.021795,0.021288,0.020817,0.020382,0.019976,0.0196,0.019249,0.018924,0.018621,0.018339,0.018076,0.017833,0.017608,0.0174,0.017206,0.017029,0.016865,0.016716,0.016578,0.016455,0.016343,0.016243,0.016154,0.016076,0.01601,0.015953,0.015907,0.015872,0.015847,0.015831
4.6973e-14,1.6088,1.2765,1.1824,8.952,1.0752,0.61353,0.62247,3.8075,0.4537,0.24718,0.19197,0.16319,0.14394,0.12975,0.11863,0.10954,0.10207,0.095679,0.090152,0.085383,0.081086,0.077324,0.073955,0.070949,0.068192,0.065711,0.063437,0.061393,0.059476,0.057731,0.056123,0.054796,0.053266,0.051994,0.050813,0.049718,0.048701,0.047753,0.046872,0.046066,0.045289,0.044578,0.043918,0.043282,0.042729,0.042199,0.041707,0.041255,0.040833,0.040447,0.040094,0.039779,0.039477,0.039213,0.038976,0.038755,0.038581,0.038421,0.03829,0.038175,0.038095,0.038035,0.037999
4.1854e-14,1.4985,1.1935,1.1286,7.8648,0.91299,0.52401,0.67434,4.4195,0.49839,0.25793,0.19307,0.16048,0.1393,0.12412,0.11244,0.10304,0.09545,0.089016,0.083515,0.07877,0.074605,0.070951,0.067697,0.064803,0.062175,0.059813,0.057657,0.055726,0.053921,0.052281,0.050775,0.049515,0.048108,0.046922,0.045824,0.044809,0.043864,0.042986,0.042172,0.04143,0.04071,0.040055,0.039448,0.038863,0.038353,0.037865,0.037414,0.036999,0.036611,0.036257,0.035934,0.035644,0.035369,0.035127,0.03491,0.034704,0.03455,0.034404,0.034284,0.03418,0.034107,0.034052,0.034019
1.73e-14,0.57312,0.39552,0.47504,3.7477,0.43518,0.24327,0.32335,2.0418,0.20932,0.10387,0.077263,0.063423,0.05477,0.048524,0.04379,0.040043,0.037014,0.034474,0.032308,0.030461,0.028807,0.027375,0.026102,0.024973,0.023947,0.023025,0.022186,0.021426,0.02073,0.020092,0.019507,0.019008,0.018471,0.018011,0.017585,0.017189,0.016826,0.016485,0.016169,0.01588,0.015604,0.01535,0.015114,0.014894,0.014691,0.014502,0.014327,0.014166,0.014017,0.01388,0.013754,0.013638,0.013536,0.013442,0.013358,0.013281,0.013219,0.013162,0.013115,0.013077,0.013048,0.013026,0.013014
1.5935e-14,0.57017,0.40541,0.42319,3.4913,0.42163,0.24767,0.29599,2.1199,0.20361,0.10175,0.076405,0.063295,0.054707,0.048635,0.044029,0.040341,0.037366,0.034851,0.032704,0.030872,0.029223,0.027794,0.026524,0.025399,0.024365,0.023442,0.022601,0.021838,0.021137,0.020495,0.019904,0.01939,0.01886,0.018396,0.017966,0.017564,0.017197,0.016852,0.016532,0.016241,0.015958,0.0157,0.015461,0.015237,0.015031,0.01484,0.014661,0.014498,0.014346,0.014206,0.014078,0.013958,0.013856,0.01376,0.013674,0.013593,0.013531,0.013473,0.013425,0.013387,0.013356,0.013334,0.013321
2.427e-14,0.66351,0.50788,0.61028,5.0662,0.5448,0.29764,0.31473,2.3361,0.20708,0.11219,0.087346,0.074198,0.065593,0.059228,0.054205,0.050089,0.046654,0.043721,0.041187,0.038984,0.037014,0.035285,0.033735,0.032347,0.031086,0.029946,0.028904,0.027957,0.027084,0.026284,0.025546,0.024894,0.024239,0.023655,0.023115,0.022613,0.022149,0.021715,0.021312,0.020938,0.020589,0.020264,0.019962,0.019679,0.019421,0.019179,0.018955,0.018748,0.018556,0.01838,0.018219,0.018072,0.017939,0.017819,0.017711,0.017616,0.017532,0.01746,0.017399,0.01735,0.017312,0.017285,0.017269
4.3121e-14,1.1898,0.83188,0.78723,6.0903,0.71902,0.39084,0.43405,2.8177,0.27045,0.14666,0.11324,0.095652,0.083986,0.075539,0.068927,0.063479,0.0591,0.055313,0.052047,0.049245,0.046697,0.044482,0.042502,0.040736,0.039122,0.03767,0.036342,0.035143,0.034029,0.033012,0.032075,0.03128,0.030413,0.029674,0.028988,0.02835,0.027762,0.027212,0.0267,0.026233,0.025783,0.025371,0.024989,0.024624,0.0243,0.023992,0.023708,0.023445,0.023201,0.022977,0.022772,0.022586,0.022415,0.022261,0.022124,0.021996,0.021895,0.021802,0.021725,0.021659,0.021612,0.021576,0.021555
5.0414e-14,1.6832,1.0686,1.1609,9.5785,1.0397,0.59131,0.62621,3.8121,0.37948,0.22165,0.17615,0.15072,0.13384,0.12104,0.11093,0.10248,0.095697,0.089772,0.084637,0.080171,0.076185,0.072671,0.069521,0.066714,0.064131,0.061805,0.059677,0.057738,0.055964,0.054326,0.052818,0.051549,0.050141,0.048945,0.047836,0.046808,0.045853,0.044962,0.044135,0.043381,0.042649,0.041981,0.041362,0.040784,0.040244,0.039745,0.039284,0.038859,0.038462,0.0381,0.037769,0.037465,0.037189,0.036941,0.036718,0.036511,0.036348,0.0362,0.036076,0.035973,0.035894,0.035838,0.035803
2.5763e-14,0.99569,0.66735,0.89614,5.9123,0.7316,0.42286,0.44007,2.8811,0.27076,0.15917,0.127,0.10838,0.095653,0.086075,0.078512,0.072346,0.067229,0.06288,0.059135,0.055913,0.053,0.05047,0.048209,0.046195,0.044354,0.0427,0.041187,0.039818,0.038557,0.0374,0.036338,0.035421,0.034451,0.033612,0.032834,0.032109,0.031446,0.030823,0.030243,0.029715,0.029205,0.028739,0.028306,0.027904,0.027528,0.02718,0.026859,0.026563,0.026287,0.026035,0.025803,0.025586,0.025401,0.025228,0.025073,0.024928,0.024815,0.02471,0.024624,0.024554,0.024498,0.024459,0.024434
2.0017e-14,0.89609,0.56482,0.72532,5.3496,0.57231,0.3436,0.38092,2.2651,0.24356,0.12328,0.094277,0.079347,0.069315,0.062116,0.056523,0.052005,0.048263,0.045101,0.042391,0.040048,0.037962,0.036139,0.034512,0.033057,0.031737,0.030547,0.029462,0.02848,0.027572,0.026742,0.025978,0.025302,0.024624,0.024022,0.023464,0.022944,0.022466,0.022019,0.021604,0.021221,0.020858,0.020523,0.020213,0.019921,0.019654,0.019405,0.019174,0.018961,0.018763,0.018582,0.018416,0.018262,0.018127,0.018002,0.01789,0.017788,0.017705,0.01763,0.017568,0.017516,0.017476,0.017448,0.01743
1.9095e-14,0.60778,0.44142,0.51656,3.4269,0.44219,0.27455,0.32033,2.4906,0.20139,0.096721,0.074613,0.062285,0.054597,0.048853,0.044407,0.040823,0.037865,0.035366,0.033225,0.031382,0.029734,0.028298,0.027018,0.025869,0.02484,0.023905,0.023054,0.022289,0.021572,0.020922,0.020324,0.019798,0.019265,0.018794,0.018358,0.017953,0.017578,0.017229,0.016905,0.0166,0.016323,0.016062,0.015819,0.015586,0.015384,0.01519,0.01501,0.014844,0.01469,0.014549,0.01442,0.014304,0.014195,0.014099,0.014012,0.013939,0.013869,0.013811,0.013763,0.013721,0.013693,0.013671,0.013658
2.5469e-14,1.0246,0.65467,0.78072,5.5203,0.57831,0.34894,0.39642,2.6283,0.26365,0.1295,0.096479,0.080128,0.069574,0.062057,0.056299,0.051858,0.047894,0.044698,0.041967,0.039631,0.037521,0.035696,0.034072,0.032613,0.031306,0.030124,0.029047,0.028071,0.027173,0.026351,0.025596,0.024901,0.024257,0.023662,0.023111,0.022598,0.022127,0.021687,0.021278,0.020895,0.020543,0.020214,0.019908,0.019622,0.019359,0.019114,0.018888,0.018678,0.018484,0.018307,0.018144,0.017993,0.017861,0.017739,0.017629,0.017534,0.017449,0.017376,0.017315,0.017265,0.017226,0.017199,0.017182
1.0946e-14,0.52424,0.33789,0.36328,2.7597,0.31876,0.20946,0.26816,1.9068,0.16351,0.075514,0.055744,0.046427,0.04029,0.036006,0.032714,0.030041,0.027901,0.026071,0.024505,0.02317,0.021951,0.020902,0.019966,0.01913,0.01837,0.017686,0.017062,0.016497,0.015974,0.015497,0.015057,0.014692,0.014279,0.013932,0.013611,0.01331,0.013037,0.01278,0.012541,0.012321,0.012111,0.011918,0.01174,0.011573,0.011418,0.011275,0.011142,0.01102,0.010906,0.010802,0.010706,0.010616,0.01054,0.010468,0.010404,0.010345,0.010297,0.010254,0.010218,0.01019,0.010166,0.01015,0.01014
3.9586e-14,1.2836,0.80666,0.92393,5.7821,0.78334,0.46082,0.4692,2.9224,0.24657,0.14223,0.11278,0.096428,0.08521,0.076862,0.070282,0.064923,0.060433,0.056616,0.053322,0.050443,0.047895,0.045655,0.043644,0.041826,0.040204,0.038726,0.03737,0.03614,0.035011,0.033972,0.033014,0.032184,0.031319,0.03056,0.029858,0.029209,0.028605,0.028039,0.027516,0.027024,0.026575,0.026153,0.025761,0.025394,0.025055,0.02474,0.024448,0.024179,0.023928,0.023699,0.023489,0.023302,0.023124,0.022966,0.022825,0.022703,0.02259,0.022496,0.022417,0.022351,0.022303,0.022267,0.022245
2.8713e-14,0.98158,0.60468,0.65875,5.4537,0.62241,0.36529,0.43734,2.9638,0.29633,0.14668,0.11052,0.092315,0.080363,0.071736,0.065082,0.059721,0.055352,0.051653,0.04849,0.045772,0.043346,0.041229,0.039345,0.037657,0.036145,0.034774,0.033529,0.032391,0.031355,0.030403,0.029527,0.028708,0.027978,0.027289,0.026652,0.026058,0.025513,0.025003,0.024529,0.02409,0.023681,0.0233,0.022946,0.022622,0.022313,0.02203,0.021767,0.021525,0.021302,0.021097,0.020908,0.020732,0.020582,0.020442,0.020316,0.020204,0.020108,0.020024,0.019953,0.019898,0.019852,0.01982,0.019801
1.7155e-14,0.72054,0.43786,0.55798,4.1203,0.50521,0.3126,0.3484,2.3342,0.21689,0.10848,0.081597,0.068264,0.059653,0.053372,0.048507,0.044521,0.041369,0.038647,0.036312,0.034305,0.032511,0.030944,0.029547,0.028306,0.027171,0.02615,0.02522,0.024377,0.023601,0.02289,0.022237,0.021674,0.021079,0.020563,0.020086,0.019642,0.019232,0.01885,0.018494,0.018175,0.017857,0.017571,0.017305,0.017054,0.016828,0.016615,0.016417,0.016235,0.016066,0.015911,0.015769,0.01564,0.015521,0.015415,0.015319,0.015226,0.01516,0.015096,0.015043,0.014998,0.014965,0.01494,0.014925
1.3737e-14,0.55879,0.34806,0.42182,3.9767,0.33561,0.22335,0.2538,1.8114,0.13561,0.076585,0.060713,0.05248,0.046664,0.042376,0.038953,0.036129,0.033755,0.031717,0.029947,0.028421,0.027013,0.02579,0.024691,0.023702,0.022803,0.021988,0.021242,0.020563,0.019935,0.019358,0.018826,0.018353,0.01788,0.017459,0.017067,0.0167,0.016366,0.016051,0.015758,0.015487,0.01523,0.014994,0.014774,0.014569,0.014378,0.014201,0.014038,0.013886,0.013746,0.013618,0.0135,0.013387,0.013294,0.013206,0.013127,0.013055,0.012996,0.012942,0.012898,0.012863,0.012834,0.012814,0.012802
1.371e-14,0.54109,0.39742,0.4742,3.9538,0.414,0.22857,0.25492,1.8459,0.15553,0.090394,0.071214,0.061074,0.053848,0.048606,0.044473,0.041089,0.038287,0.035892,0.033822,0.032045,0.03042,0.029007,0.027743,0.02662,0.025579,0.024647,0.023796,0.023023,0.022308,0.021653,0.021049,0.020513,0.019978,0.019501,0.019058,0.018644,0.018265,0.017909,0.017579,0.017279,0.016985,0.016719,0.016471,0.01624,0.016025,0.015827,0.015643,0.015472,0.015315,0.01517,0.015038,0.014913,0.014807,0.014708,0.014619,0.014536,0.014472,0.014413,0.014363,0.014323,0.014291,0.014268,0.014255
3.0713e-14,1.0116,0.72283,0.81991,6.4598,0.65174,0.38394,0.42722,2.5911,0.27424,0.15166,0.11643,0.098227,0.085756,0.076776,0.069815,0.064216,0.059571,0.055658,0.052304,0.049411,0.046833,0.044582,0.042573,0.040775,0.039153,0.037685,0.036348,0.035133,0.034018,0.032996,0.032055,0.031233,0.030388,0.029647,0.02896,0.028323,0.027734,0.027184,0.026673,0.026193,0.025756,0.025344,0.024962,0.024605,0.024277,0.023971,0.023688,0.023426,0.023184,0.022962,0.022758,0.022573,0.022404,0.022252,0.022115,0.022,0.021889,0.021797,0.021722,0.021659,0.021612,0.021577,0.021557
1.1107e-14,0.55466,0.38008,0.39353,3.2309,0.37039,0.21233,0.2742,2.1661,0.16582,0.082644,0.063133,0.053161,0.046636,0.041892,0.038195,0.035144,0.032723,0.030624,0.028819,0.027281,0.025863,0.024642,0.023551,0.022576,0.021687,0.020887,0.020157,0.019494,0.01888,0.01832,0.017803,0.017347,0.016887,0.01648,0.016101,0.015747,0.015425,0.015122,0.014839,0.01458,0.014333,0.014106,0.013894,0.013696,0.013515,0.013346,0.013189,0.013044,0.01291,0.012786,0.012673,0.012566,0.012477,0.012392,0.012316,0.012247,0.012191,0.01214,0.012097,0.012063,0.012036,0.012016,0.012005
2.225e-14,1.0096,0.59139,0.7651,5.0059,0.5637,0.33137,0.37361,2.3782,0.25371,0.12499,0.094577,0.078947,0.068618,0.061247,0.055562,0.051007,0.047249,0.044083,0.041375,0.039034,0.036971,0.035164,0.033553,0.03211,0.030819,0.029648,0.028577,0.027614,0.026724,0.025911,0.025164,0.024563,0.023839,0.023251,0.022707,0.022203,0.021735,0.021299,0.020894,0.020518,0.02017,0.019844,0.019543,0.019256,0.019001,0.018758,0.018534,0.018329,0.018136,0.017961,0.0178,0.017657,0.01752,0.0174,0.017292,0.017198,0.017113,0.01704,0.016982,0.01693,0.016894,0.016867,0.016851
2.6427e-14,0.98448,0.57891,0.76917,4.6681,0.71615,0.4318,0.4474,2.8374,0.25758,0.13765,0.10651,0.089716,0.078396,0.070299,0.064015,0.058853,0.054719,0.051164,0.048107,0.045496,0.043122,0.041063,0.039224,0.037589,0.036094,0.034749,0.033521,0.032404,0.031382,0.030443,0.029579,0.028851,0.028047,0.027366,0.026734,0.026143,0.025604,0.025098,0.024626,0.024199,0.023783,0.023403,0.023051,0.022726,0.02242,0.022136,0.021874,0.021634,0.021409,0.021204,0.021016,0.020837,0.020688,0.020547,0.020421,0.020303,0.020212,0.020127,0.020057,0.020001,0.019954,0.019922,0.019904
2.21e-14,0.86347,0.66717,0.66134,5.0761,0.68413,0.44461,0.55011,2.9443,0.31303,0.16674,0.12562,0.10457,0.090982,0.081111,0.073509,0.067387,0.062407,0.058197,0.054603,0.051508,0.048758,0.046361,0.044226,0.042313,0.040605,0.039052,0.037638,0.036357,0.035183,0.034106,0.033116,0.032258,0.031365,0.030587,0.029866,0.029197,0.028579,0.028003,0.027467,0.026967,0.026508,0.026077,0.025677,0.025305,0.024959,0.024637,0.02434,0.024066,0.023812,0.023578,0.023364,0.023168,0.022992,0.022831,0.022687,0.022562,0.022447,0.02235,0.022269,0.022203,0.02215,0.022113,0.02209
1.2247e-14,0.64487,0.39086,0.4578,7.2793,0.35175,0.23484,0.22261,1.677,0.16376,0.095073,0.076222,0.065631,0.05835,0.05289,0.048547,0.044977,0.041987,0.039424,0.037202,0.035283,0.033532,0.032006,0.030636,0.0294,0.028286,0.027271,0.026342,0.025496,0.024716,0.023999,0.023338,0.02275,0.022163,0.021639,0.021153,0.020699,0.020281,0.01989,0.019526,0.019186,0.018872,0.018578,0.018305,0.01805,0.017815,0.017595,0.017392,0.017205,0.017031,0.016871,0.016725,0.016589,0.016471,0.016361,0.016263,0.016178,0.016101,0.016035,0.015981,0.015936,0.015901,0.015876,0.015862
1.7357e-14,0.76797,0.45648,0.61828,7.0572,0.5294,0.32522,0.33533,2.4613,0.21953,0.1184,0.094155,0.08074,0.071583,0.064697,0.059249,0.054811,0.051067,0.047889,0.04514,0.042778,0.040617,0.038736,0.037053,0.035539,0.034172,0.03293,0.031796,0.030762,0.029812,0.028939,0.028135,0.027419,0.026705,0.026068,0.025478,0.024926,0.02442,0.023947,0.023505,0.023096,0.022713,0.022357,0.022027,0.02172,0.021433,0.021168,0.020922,0.020695,0.020485,0.020292,0.020115,0.019949,0.019808,0.019676,0.019558,0.019452,0.019361,0.019282,0.019216,0.019163,0.01912,0.01909,0.019072
1.442e-14,0.56689,0.42145,0.46223,3.5542,0.43501,0.24661,0.23479,1.9137,0.16024,0.089287,0.06906,0.058695,0.051718,0.046585,0.042573,0.039351,0.036587,0.034276,0.032286,0.030575,0.029012,0.027658,0.026445,0.025366,0.024373,0.02348,0.022665,0.021925,0.02124,0.020613,0.020035,0.019524,0.01901,0.018553,0.01813,0.017734,0.017372,0.017032,0.016715,0.016425,0.016147,0.015892,0.015655,0.015433,0.01523,0.015039,0.014863,0.0147,0.014549,0.014411,0.014284,0.014166,0.014064,0.013969,0.013884,0.013806,0.013743,0.013686,0.013639,0.0136,0.01357,0.013548,0.013536
3.7607e-14,1.4439,0.92387,1.1332,10.921,1.074,0.63702,0.69476,4.202,0.37831,0.21342,0.16991,0.14537,0.12842,0.11587,0.10595,0.097828,0.091083,0.085325,0.080376,0.076144,0.072271,0.068907,0.065895,0.063186,0.060735,0.058516,0.056487,0.054652,0.052941,0.051379,0.04994,0.04866,0.047383,0.046245,0.045188,0.0442,0.043296,0.042448,0.041659,0.040924,0.04024,0.039603,0.039011,0.038453,0.037946,0.037471,0.037031,0.036624,0.036247,0.035901,0.035583,0.035285,0.03503,0.034792,0.034579,0.03439,0.034225,0.034081,0.033961,0.033863,0.033786,0.033732,0.033699
2.2113e-14,0.93689,0.61495,0.65448,6.8056,0.61978,0.42059,0.49892,3.3037,0.31416,0.16411,0.12485,0.10473,0.091538,0.082093,0.074787,0.068888,0.064058,0.059955,0.056432,0.053418,0.050666,0.048288,0.046165,0.044265,0.042547,0.040993,0.039571,0.038282,0.037093,0.036002,0.034998,0.034136,0.033214,0.03242,0.031683,0.030994,0.030366,0.029774,0.029224,0.028716,0.028236,0.027793,0.027381,0.026999,0.026641,0.026311,0.026005,0.025722,0.02546,0.02522,0.025,0.024791,0.024617,0.024453,0.024305,0.024172,0.024061,0.023961,0.02388,0.023814,0.02376,0.023723,0.023701
1.6119e-14,0.84014,0.47464,0.59746,5.3197,0.57273,0.33323,0.38618,2.3039,0.23523,0.1258,0.098762,0.08409,0.073954,0.066681,0.061019,0.056368,0.052556,0.049277,0.046443,0.04401,0.041776,0.039839,0.038104,0.036545,0.035134,0.033856,0.032685,0.031629,0.030643,0.029743,0.028915,0.028208,0.027443,0.026788,0.02618,0.025612,0.025092,0.024604,0.02415,0.023729,0.023335,0.022969,0.02263,0.022307,0.022019,0.021746,0.021493,0.02126,0.021044,0.020845,0.020664,0.020495,0.020348,0.020212,0.02009,0.019982,0.019888,0.019807,0.019739,0.019683,0.019641,0.01961,0.019592
2.0274e-14,0.7172,0.52603,0.66172,4.9226,0.62222,0.33891,0.34805,2.1273,0.19403,0.11378,0.091094,0.07844,0.069563,0.063032,0.057863,0.053617,0.050071,0.047027,0.044384,0.042103,0.040007,0.038184,0.036545,0.035081,0.033732,0.032518,0.031406,0.030399,0.02946,0.028602,0.027811,0.027111,0.026406,0.025778,0.025195,0.024651,0.024152,0.023684,0.023248,0.022844,0.022465,0.022114,0.021787,0.021477,0.021199,0.020936,0.020693,0.020468,0.02026,0.020069,0.019894,0.019731,0.019589,0.019458,0.01934,0.019237,0.019145,0.019067,0.019001,0.018947,0.018906,0.018876,0.018858
1.4267e-14,0.78404,0.52485,0.60695,5.0077,0.51302,0.29226,0.33478,2.3067,0.23597,0.11842,0.08885,0.073717,0.063897,0.056937,0.051605,0.047227,0.043859,0.040925,0.038418,0.036281,0.034345,0.032674,0.031184,0.029858,0.028655,0.027572,0.026581,0.02569,0.024865,0.024112,0.02342,0.022859,0.022193,0.021647,0.021142,0.020671,0.020241,0.019837,0.019461,0.019114,0.018788,0.018485,0.018205,0.017942,0.017701,0.017476,0.017268,0.017077,0.016897,0.016734,0.016584,0.016444,0.016323,0.016211,0.01611,0.01602,0.015943,0.015874,0.015819,0.015772,0.015736,0.015709,0.015693
4.0433e-14,1.4439,0.92919,0.99706,11.308,1.0152,0.67147,0.70592,4.7476,0.45744,0.2294,0.17687,0.14885,0.13041,0.117,0.10657,0.098143,0.091182,0.085286,0.080223,0.075874,0.071941,0.068521,0.065467,0.062722,0.060261,0.058022,0.055982,0.054134,0.052422,0.050858,0.049419,0.048146,0.046867,0.045731,0.044679,0.043698,0.042796,0.041953,0.041168,0.040433,0.03976,0.039128,0.03854,0.037987,0.037487,0.037015,0.036579,0.036177,0.035803,0.035461,0.035147,0.034858,0.034601,0.034365,0.034155,0.033973,0.033804,0.033663,0.033545,0.033447,0.033372,0.033319,0.033286
1.716e-14,0.91733,0.5866,0.87543,7.2697,0.86687,0.53044,0.53762,3.1246,0.31566,0.17624,0.13778,0.11677,0.10228,0.091807,0.08361,0.076945,0.071443,0.06677,0.062757,0.059309,0.056187,0.053479,0.051063,0.048893,0.046948,0.045181,0.043572,0.042112,0.040766,0.039534,0.038401,0.037402,0.036392,0.035499,0.034672,0.033899,0.033193,0.03253,0.031913,0.031339,0.030807,0.030311,0.02985,0.02942,0.029023,0.028653,0.028311,0.027994,0.027702,0.027433,0.027186,0.026954,0.026758,0.026573,0.026407,0.026262,0.026132,0.026021,0.025928,0.025854,0.025793,0.025751,0.025726
2.3595e-14,1.7873,0.96491,0.95384,20.519,0.91456,0.58607,0.58353,6.6042,0.32344,0.21371,0.18034,0.16046,0.14548,0.13384,0.1242,0.11601,0.10902,0.1029,0.097525,0.092938,0.088488,0.084671,0.081223,0.078097,0.075251,0.072657,0.070272,0.068097,0.066078,0.064221,0.062506,0.060965,0.059443,0.058074,0.056802,0.055599,0.054518,0.053491,0.052533,0.051648,0.05081,0.050035,0.049315,0.048649,0.048017,0.047437,0.046901,0.046404,0.045944,0.045522,0.045134,0.044753,0.044459,0.044168,0.043908,0.043671,0.043477,0.043303,0.043158,0.043045,0.042947,0.042882,0.042842
2.1329e-14,0.76006,0.60029,0.7375,5.6809,0.64429,0.33102,0.32899,2.1236,0.17623,0.10638,0.085388,0.0742,0.066463,0.060518,0.055746,0.051765,0.048427,0.045543,0.043037,0.040862,0.038871,0.03713,0.035562,0.034153,0.032865,0.031698,0.030627,0.029653,0.028752,0.027924,0.027159,0.026493,0.025802,0.025194,0.02463,0.024104,0.02362,0.023165,0.022743,0.022352,0.021984,0.021643,0.021326,0.021029,0.020755,0.0205,0.020264,0.020046,0.019843,0.019657,0.019487,0.019328,0.019191,0.019063,0.018949,0.018848,0.018759,0.018683,0.018619,0.018568,0.018527,0.018498,0.01848
4.1729e-14,1.5721,1.2407,1.3624,15.015,1.4172,0.65103,0.61641,4.0099,0.36006,0.23787,0.19536,0.17025,0.15252,0.13885,0.12781,0.11856,0.11087,0.10419,0.09839,0.093368,0.088741,0.084721,0.081103,0.077851,0.074896,0.07221,0.06975,0.067508,0.065446,0.063547,0.061795,0.060249,0.058685,0.057294,0.056004,0.054796,0.053694,0.052655,0.051688,0.050792,0.049956,0.049176,0.048451,0.047781,0.047148,0.046564,0.046025,0.045527,0.045064,0.04464,0.04425,0.043884,0.043574,0.043282,0.043021,0.04279,0.042586,0.042411,0.042264,0.042148,0.04205,0.041984,0.041943
1.941e-14,0.69104,0.39477,0.5025,3.1365,0.35321,0.20382,0.25207,1.6295,0.15247,0.076995,0.059289,0.050101,0.044098,0.039729,0.036318,0.033517,0.03126,0.029309,0.027628,0.026163,0.024854,0.023703,0.022671,0.021742,0.020906,0.020145,0.019448,0.018818,0.018232,0.017697,0.017202,0.016799,0.016328,0.015936,0.015574,0.015238,0.014925,0.014634,0.014363,0.014111,0.013877,0.013659,0.013456,0.013261,0.013091,0.012928,0.012777,0.012638,0.012508,0.01239,0.012281,0.012186,0.012092,0.012011,0.011938,0.011874,0.011817,0.011769,0.011728,0.011693,0.011669,0.011651,0.01164
2.9303e-14,1.1667,0.75058,0.88051,7.1321,0.88652,0.44667,0.47318,2.7357,0.26455,0.15605,0.12428,0.10704,0.094912,0.085921,0.078764,0.072938,0.067936,0.063713,0.060056,0.056916,0.05402,0.051517,0.049271,0.047249,0.045425,0.043768,0.042251,0.040877,0.039603,0.038438,0.037362,0.036436,0.035456,0.034605,0.033816,0.033078,0.032406,0.031772,0.031182,0.030633,0.030124,0.029648,0.029207,0.028793,0.028414,0.028059,0.027731,0.027428,0.027146,0.026888,0.026651,0.026431,0.026241,0.026063,0.025904,0.025765,0.02564,0.025533,0.025445,0.025373,0.025315,0.025275,0.025251
1.7672e-14,0.54893,0.38528,0.42926,2.7069,0.38627,0.25141,0.26212,1.6507,0.14291,0.075061,0.056194,0.046879,0.040737,0.036348,0.03297,0.030209,0.028044,0.026175,0.02458,0.023195,0.021986,0.020924,0.019979,0.019131,0.018372,0.017684,0.017057,0.016486,0.015965,0.015486,0.015045,0.014659,0.014266,0.013917,0.013596,0.013297,0.013021,0.012763,0.012524,0.012299,0.012094,0.011901,0.011722,0.011557,0.011401,0.011257,0.011124,0.011002,0.010888,0.010784,0.010689,0.010601,0.010523,0.010451,0.010387,0.010332,0.010281,0.010239,0.010203,0.010174,0.010151,0.010135,0.010125
4.4848e-14,1.716,1.3369,1.7782,14.365,1.8324,1.0274,1.0121,5.58,0.59088,0.34557,0.2751,0.23545,0.20792,0.18746,0.17128,0.15797,0.14701,0.13762,0.12952,0.12254,0.11622,0.11072,0.1058,0.10137,0.097397,0.093785,0.090482,0.08749,0.084732,0.082205,0.079876,0.077908,0.075752,0.073915,0.072212,0.070625,0.06917,0.067805,0.066535,0.065347,0.06426,0.063237,0.062289,0.061402,0.060585,0.059823,0.059119,0.05847,0.057866,0.057313,0.056807,0.056338,0.055927,0.055548,0.055209,0.054917,0.054645,0.054417,0.05423,0.054076,0.053955,0.05387,0.053819
2.1119e-14,1.0559,0.62386,0.9434,6.6914,0.92924,0.59483,0.73469,4.305,0.39573,0.20402,0.15326,0.12751,0.111,0.0991,0.089921,0.082537,0.076491,0.071383,0.067014,0.063262,0.059901,0.05698,0.054376,0.05204,0.049949,0.048053,0.046327,0.044763,0.043322,0.042004,0.040792,0.039723,0.038647,0.037693,0.03681,0.035987,0.035233,0.034526,0.033869,0.03326,0.032692,0.032164,0.031674,0.031218,0.030794,0.030401,0.030037,0.029702,0.029391,0.029106,0.028844,0.0286,0.02839,0.028194,0.02802,0.027863,0.027729,0.027612,0.027515,0.027436,0.027373,0.027329,0.027303
2.1394e-14,1.145,0.65827,0.77546,9.9826,0.66939,0.44643,0.4772,4.9432,0.24587,0.1397,0.11317,0.099123,0.089193,0.081678,0.075593,0.070505,0.066173,0.06242,0.05913,0.056315,0.05361,0.051284,0.049183,0.047283,0.045546,0.043968,0.042518,0.041195,0.039965,0.038835,0.037791,0.036871,0.035929,0.035097,0.034323,0.033592,0.032934,0.03231,0.031727,0.031193,0.030679,0.030208,0.029769,0.029363,0.028981,0.028628,0.0283,0.027999,0.027718,0.027461,0.027225,0.026992,0.026813,0.026636,0.026477,0.026329,0.026214,0.026107,0.026018,0.025949,0.025889,0.025849,0.025825
3.1222e-14,1.3045,0.91839,1.131,13.139,0.92495,0.46941,0.45109,2.955,0.24617,0.16022,0.1314,0.11483,0.10282,0.0936,0.086157,0.080085,0.07473,0.070228,0.066308,0.062928,0.05979,0.057073,0.054628,0.05244,0.050429,0.048612,0.04695,0.045438,0.044036,0.042751,0.041566,0.040518,0.039461,0.03852,0.037647,0.03683,0.036085,0.035382,0.034728,0.034127,0.033554,0.033026,0.032535,0.032076,0.031654,0.031259,0.030894,0.030556,0.030243,0.029955,0.029691,0.029444,0.029233,0.029034,0.028857,0.028695,0.028561,0.028441,0.028341,0.02826,0.028195,0.02815,0.028122
3.2302e-14,1.1508,0.86201,0.99943,9.2683,0.90276,0.44362,0.42766,2.7129,0.27036,0.16325,0.13003,0.11163,0.098833,0.089339,0.081836,0.075739,0.070538,0.066145,0.062347,0.059056,0.05608,0.053479,0.051147,0.049054,0.047158,0.045438,0.043869,0.042442,0.041119,0.03991,0.038796,0.037813,0.036819,0.035936,0.035117,0.034354,0.033653,0.032996,0.032383,0.031816,0.031287,0.030793,0.030334,0.029902,0.029512,0.029143,0.028802,0.028487,0.028195,0.027927,0.027681,0.027456,0.027255,0.027071,0.026906,0.02676,0.026632,0.026522,0.026429,0.026354,0.026296,0.026255,0.026229
2.2541e-14,0.86535,0.6911,0.75988,6.8178,0.80183,0.44897,0.43866,3.1387,0.2467,0.1567,0.12744,0.11056,0.098738,0.089666,0.08239,0.076345,0.071336,0.067006,0.063249,0.059991,0.057022,0.05443,0.052099,0.049996,0.048102,0.046375,0.044793,0.043351,0.042027,0.040807,0.039682,0.038707,0.037684,0.036791,0.035964,0.035191,0.034482,0.033816,0.033197,0.032619,0.032085,0.031585,0.031121,0.030691,0.030287,0.029913,0.029567,0.029249,0.028953,0.028682,0.028432,0.028201,0.028,0.027814,0.027648,0.027502,0.027371,0.027259,0.027167,0.027092,0.027031,0.02699,0.026964
1.0986e-14,0.41934,0.28354,0.37286,2.2388,0.28938,0.17753,0.19567,1.4098,0.1248,0.061362,0.049011,0.042133,0.037531,0.034024,0.03124,0.029059,0.02707,0.025442,0.024028,0.022789,0.021676,0.020695,0.019813,0.019016,0.018296,0.01764,0.017039,0.016494,0.015988,0.015524,0.015095,0.014732,0.014335,0.013994,0.013679,0.013386,0.013115,0.012861,0.012625,0.012405,0.012201,0.01201,0.011833,0.011665,0.011514,0.011371,0.011239,0.011118,0.011004,0.010901,0.010805,0.01072,0.010639,0.010568,0.010504,0.010448,0.010397,0.010354,0.010318,0.010287,0.010265,0.010248,0.010238
3.7626e-14,1.4957,1.0551,1.3837,11.604,1.4161,0.74165,0.77176,4.6427,0.48027,0.28553,0.22716,0.19451,0.1722,0.15549,0.14226,0.13137,0.12237,0.11466,0.108,0.10228,0.097039,0.0925,0.088435,0.084773,0.081486,0.078495,0.075761,0.073278,0.07099,0.06889,0.066956,0.06525,0.063525,0.061996,0.060578,0.059252,0.058043,0.056906,0.055847,0.054856,0.053949,0.053096,0.052303,0.051566,0.05088,0.050243,0.049654,0.049109,0.048605,0.048142,0.047717,0.047318,0.04698,0.046661,0.046376,0.04613,0.045901,0.045709,0.045549,0.04542,0.045315,0.045242,0.045197
2.1778e-14,1.1353,0.7445,0.91254,7.6924,0.99887,0.80077,1.0278,8.3555,0.60312,0.29837,0.21171,0.17085,0.14415,0.12624,0.11299,0.10266,0.094391,0.087539,0.081778,0.076905,0.072567,0.068832,0.065533,0.062605,0.059984,0.057623,0.055486,0.053551,0.051783,0.050168,0.048686,0.047348,0.046074,0.044916,0.043846,0.04285,0.041939,0.041087,0.040297,0.039568,0.038883,0.038249,0.037661,0.037116,0.036607,0.036137,0.035702,0.035301,0.034931,0.034592,0.034279,0.033987,0.033739,0.033506,0.033299,0.033112,0.032954,0.032815,0.032699,0.032607,0.032531,0.032479,0.032448
1.7776e-14,0.67332,0.45839,0.60636,4.3731,0.44187,0.23605,0.30768,1.9111,0.17682,0.10551,0.08205,0.069614,0.061159,0.054993,0.05018,0.046251,0.043035,0.040284,0.03792,0.03589,0.03404,0.032438,0.031005,0.029719,0.028558,0.027507,0.026545,0.025672,0.024869,0.024133,0.023454,0.022876,0.022252,0.021716,0.021219,0.020755,0.020331,0.019932,0.019562,0.019218,0.018897,0.018599,0.018322,0.018063,0.017824,0.017601,0.017395,0.017206,0.017029,0.016868,0.016719,0.016581,0.016462,0.016351,0.016252,0.016165,0.016087,0.016021,0.015966,0.015921,0.015885,0.01586,0.015845
1.2984e-14,0.4988,0.37049,0.43476,4.5525,0.49393,0.2544,0.27551,1.8259,0.17289,0.095943,0.074472,0.06297,0.055259,0.049661,0.045301,0.041765,0.038851,0.036371,0.03424,0.032413,0.030741,0.029298,0.028006,0.026848,0.0258,0.024852,0.023985,0.0232,0.022475,0.02181,0.021199,0.020673,0.020113,0.01963,0.019182,0.018763,0.018381,0.018022,0.017687,0.017378,0.017088,0.016819,0.016569,0.016334,0.01612,0.015919,0.015733,0.015562,0.015403,0.015257,0.015124,0.014999,0.014892,0.014792,0.014702,0.014623,0.014554,0.014494,0.014445,0.014404,0.014372,0.01435,0.014336
1.8043e-14,0.78492,0.60944,0.72264,7.0157,0.76016,0.41151,0.4202,2.7204,0.27521,0.16616,0.13093,0.11153,0.09839,0.088562,0.08083,0.074505,0.069309,0.064869,0.061049,0.057752,0.054783,0.052195,0.04988,0.047807,0.045935,0.044237,0.042691,0.041285,0.039989,0.038802,0.037709,0.036712,0.035772,0.034909,0.03411,0.033364,0.03268,0.032039,0.031442,0.030888,0.030375,0.029895,0.029448,0.029033,0.028649,0.028291,0.02796,0.027654,0.027371,0.027112,0.026873,0.026653,0.026461,0.026283,0.026124,0.025985,0.02586,0.025753,0.025664,0.025592,0.025535,0.025495,0.025471
2.8713e-14,0.74633,0.62746,0.81406,4.8823,0.71315,0.40838,0.43284,2.4144,0.25141,0.13563,0.10403,0.087623,0.076899,0.069089,0.063022,0.058176,0.054031,0.050574,0.047601,0.045007,0.042722,0.040709,0.038907,0.037293,0.03583,0.034508,0.0333,0.032206,0.031194,0.030268,0.029414,0.02869,0.027902,0.027228,0.026603,0.026026,0.025487,0.024986,0.024521,0.02409,0.023685,0.02331,0.022961,0.02263,0.022336,0.022056,0.021797,0.021559,0.021337,0.021134,0.020948,0.020783,0.020625,0.020486,0.020361,0.020249,0.020154,0.020072,0.020002,0.019943,0.019901,0.01987,0.019851
3.0913e-14,1.1592,0.65464,0.76789,8.4701,0.85498,0.45407,0.51003,3.3436,0.30148,0.18483,0.14475,0.12386,0.10945,0.09871,0.090237,0.083322,0.077558,0.072647,0.068417,0.064778,0.061451,0.058569,0.055991,0.053664,0.051585,0.049687,0.047957,0.04638,0.044931,0.0436,0.042374,0.041254,0.0402,0.03923,0.038332,0.037491,0.036725,0.036004,0.035332,0.034697,0.034129,0.033589,0.033086,0.032622,0.032184,0.031781,0.031408,0.031062,0.030743,0.03045,0.03018,0.029926,0.029715,0.029513,0.029333,0.029185,0.029033,0.028912,0.028811,0.028732,0.028665,0.028619,0.028592
1.9118e-14,0.7974,0.65232,0.70298,5.655,0.69006,0.40733,0.4615,3.0254,0.25506,0.14219,0.10936,0.092109,0.080769,0.072394,0.065879,0.060633,0.056266,0.052583,0.049425,0.046715,0.044262,0.042136,0.040237,0.038535,0.037005,0.035618,0.034356,0.033212,0.032153,0.031186,0.030297,0.029469,0.028721,0.028019,0.02737,0.026764,0.02621,0.02569,0.025206,0.024756,0.02434,0.023952,0.02359,0.02325,0.022942,0.022652,0.022384,0.022136,0.021907,0.021697,0.021504,0.021324,0.02117,0.021025,0.020896,0.020784,0.020682,0.020596,0.020523,0.020464,0.020418,0.020386,0.020366
2.8977e-14,1.1505,0.85625,1.0309,7.8856,0.81051,0.44037,0.48514,3.1232,0.30267,0.17648,0.14116,0.12153,0.1082,0.098062,0.089999,0.083388,0.077826,0.073071,0.068952,0.065397,0.062134,0.059297,0.056749,0.054445,0.05238,0.050495,0.04877,0.047189,0.045751,0.04442,0.043194,0.042058,0.041011,0.040038,0.039136,0.03829,0.037519,0.036793,0.036117,0.035481,0.034904,0.034359,0.033852,0.033389,0.03294,0.032533,0.032156,0.031807,0.031484,0.031187,0.030915,0.030654,0.030441,0.030237,0.030055,0.029899,0.029751,0.029627,0.029525,0.029444,0.029375,0.029328,0.029299
2.7541e-14,0.88631,0.72886,0.81493,7.4609,0.81322,0.41176,0.41178,2.3438,0.22686,0.13783,0.11028,0.095475,0.084914,0.076999,0.070704,0.065515,0.061116,0.057362,0.054106,0.051285,0.048709,0.04647,0.044457,0.042661,0.041007,0.03952,0.038157,0.036918,0.035775,0.034726,0.033759,0.032909,0.032044,0.031277,0.030566,0.029903,0.029296,0.028724,0.028193,0.027707,0.02724,0.026812,0.026413,0.026041,0.025698,0.025379,0.025083,0.02481,0.024556,0.024324,0.02411,0.023914,0.023741,0.023581,0.023438,0.023307,0.023201,0.023105,0.023026,0.022961,0.02291,0.022875,0.022853
2.5608e-14,0.86524,0.72017,0.77735,6.6061,0.77309,0.39077,0.42085,2.8638,0.26612,0.14691,0.11487,0.097919,0.086224,0.077556,0.070745,0.0652,0.060607,0.056701,0.053339,0.050441,0.047829,0.045553,0.043519,0.041695,0.040051,0.03856,0.037202,0.035968,0.03483,0.033789,0.032831,0.031973,0.031131,0.030375,0.029675,0.029023,0.028422,0.027861,0.027339,0.02685,0.026403,0.025983,0.025593,0.025226,0.024893,0.02458,0.024291,0.024023,0.023776,0.023549,0.02334,0.02315,0.022979,0.022823,0.022684,0.022566,0.022453,0.02236,0.022282,0.022218,0.022169,0.022134,0.022113
3.69e-14,1.1772,0.787,0.9021,6.972,0.90264,0.46186,0.55471,3.4282,0.32312,0.18385,0.14466,0.12326,0.10854,0.097733,0.089253,0.082332,0.076599,0.071706,0.067493,0.063865,0.060557,0.05769,0.055123,0.052827,0.050739,0.048852,0.047128,0.045558,0.04412,0.042797,0.041579,0.04053,0.039417,0.038454,0.037562,0.036728,0.035966,0.03525,0.034584,0.033967,0.033387,0.03285,0.03235,0.031889,0.031454,0.031051,0.03068,0.030337,0.030018,0.029725,0.029456,0.029205,0.028989,0.028787,0.028606,0.028443,0.028304,0.028181,0.028079,0.027998,0.02793,0.027883,0.027855
2.949e-14,0.97859,0.67218,0.76286,5.5504,0.72714,0.40681,0.4315,2.5115,0.28649,0.15891,0.12317,0.10386,0.090747,0.081254,0.073881,0.067929,0.063041,0.058899,0.05535,0.052297,0.049559,0.047173,0.045045,0.043149,0.041423,0.039868,0.038452,0.037161,0.035984,0.0349,0.033904,0.033021,0.032139,0.031353,0.030625,0.029947,0.029325,0.028742,0.028201,0.027707,0.02723,0.026794,0.026389,0.026016,0.025662,0.025337,0.025037,0.024759,0.024502,0.024266,0.02405,0.023848,0.023674,0.023512,0.023367,0.023231,0.023126,0.023029,0.022948,0.022883,0.02283,0.022793,0.022771
2.253e-14,0.83035,0.56661,0.70012,5.5718,0.71294,0.37239,0.39027,2.5851,0.25554,0.14767,0.11711,0.1005,0.088992,0.080399,0.07361,0.068053,0.0634,0.059433,0.05601,0.053059,0.050361,0.04802,0.045921,0.044032,0.042332,0.040785,0.039369,0.038087,0.0369,0.035813,0.03481,0.033937,0.033032,0.032238,0.031503,0.030815,0.030188,0.029597,0.029048,0.028537,0.028062,0.027619,0.027207,0.026823,0.026468,0.026137,0.025831,0.025549,0.025286,0.025046,0.024825,0.024618,0.024442,0.024277,0.024129,0.023997,0.023882,0.023783,0.0237,0.023633,0.023579,0.023541,0.023519
2.8295e-14,1.1432,0.94729,0.95081,7.4272,0.92315,0.50559,0.57014,3.4396,0.34679,0.18431,0.14252,0.12003,0.10521,0.094368,0.085938,0.079185,0.073568,0.068825,0.064747,0.061258,0.058068,0.05531,0.052845,0.050626,0.048642,0.046835,0.045191,0.043693,0.042314,0.041052,0.03989,0.038796,0.03783,0.036913,0.036063,0.035269,0.034544,0.033861,0.033228,0.032634,0.032092,0.031582,0.031108,0.030667,0.030258,0.029878,0.029526,0.0292,0.0289,0.028624,0.02837,0.028132,0.027931,0.027741,0.027572,0.027426,0.02729,0.027177,0.027081,0.027006,0.026944,0.026901,0.026876
2.6009e-14,0.88233,0.67945,0.76761,4.9484,0.68434,0.40691,0.46565,3.3231,0.30121,0.14775,0.10968,0.090204,0.077813,0.068994,0.062283,0.05698,0.052612,0.048977,0.045885,0.043252,0.040901,0.038871,0.037072,0.035463,0.034022,0.032717,0.031536,0.030459,0.029473,0.028571,0.027742,0.026951,0.026276,0.025624,0.025021,0.024461,0.023945,0.023463,0.023016,0.022597,0.022214,0.021855,0.02152,0.021209,0.020922,0.020655,0.020407,0.020178,0.019968,0.019774,0.019596,0.019433,0.019288,0.019155,0.019036,0.018935,0.018839,0.01876,0.018693,0.018639,0.018597,0.018567,0.018549
3.6867e-14,1.1986,0.90794,1.0317,7.6939,0.98203,0.55005,0.58555,3.8461,0.33372,0.19912,0.15824,0.13539,0.11969,0.10788,0.098549,0.090889,0.084581,0.079181,0.07453,0.070502,0.066892,0.063736,0.060912,0.058375,0.056095,0.054022,0.052131,0.050413,0.048831,0.047382,0.046047,0.044873,0.043679,0.042624,0.041648,0.040739,0.039901,0.039118,0.038389,0.03771,0.037083,0.036496,0.035951,0.035441,0.034974,0.034536,0.034132,0.033758,0.033412,0.033095,0.032803,0.032538,0.032299,0.032081,0.031886,0.031716,0.031563,0.031433,0.031324,0.031235,0.031167,0.031118,0.031088
4.023e-14,1.2454,0.90231,0.96511,7.1293,0.98983,0.54783,0.54934,3.7175,0.29404,0.17792,0.14476,0.1254,0.11192,0.10153,0.093222,0.086418,0.080605,0.075666,0.071381,0.06763,0.06429,0.061342,0.058693,0.056308,0.05415,0.052193,0.050399,0.048767,0.047266,0.045885,0.044611,0.04348,0.042349,0.04134,0.040404,0.039536,0.038729,0.037976,0.037277,0.036624,0.03602,0.035456,0.034932,0.034438,0.033987,0.033566,0.033176,0.032816,0.032482,0.032175,0.031894,0.031643,0.031406,0.031195,0.031007,0.030842,0.030694,0.030568,0.030463,0.030375,0.03031,0.030262,0.030234
1.3677e-14,0.55037,0.37904,0.41899,3.4763,0.39379,0.22973,0.2301,1.5321,0.1629,0.090167,0.07069,0.060136,0.053188,0.047971,0.043856,0.040464,0.037699,0.035318,0.033263,0.03149,0.029888,0.02849,0.027239,0.026117,0.0251,0.024181,0.02334,0.022577,0.021873,0.021228,0.020634,0.020109,0.019579,0.019109,0.018674,0.018268,0.017895,0.017545,0.017221,0.01692,0.016638,0.016376,0.016133,0.015907,0.015696,0.015501,0.015321,0.015154,0.014999,0.014858,0.014728,0.014607,0.014502,0.014404,0.014317,0.014239,0.014173,0.014115,0.014066,0.014027,0.013996,0.013974,0.013961
4.8396e-14,1.5213,1.0021,1.1721,9.6725,1.0242,0.56964,0.56658,3.4387,0.39242,0.2336,0.18555,0.15814,0.13946,0.1256,0.1147,0.10583,0.098439,0.092161,0.086754,0.082082,0.077871,0.074201,0.070917,0.067987,0.065311,0.062899,0.060699,0.058701,0.056855,0.055166,0.05361,0.052218,0.050851,0.049621,0.048482,0.04742,0.046445,0.04553,0.044679,0.043894,0.043154,0.042469,0.041832,0.041232,0.040688,0.040176,0.039703,0.039266,0.038861,0.038489,0.038147,0.037834,0.037555,0.037298,0.037069,0.036865,0.036688,0.036533,0.036404,0.036297,0.036215,0.036156,0.036119
3.0669e-14,0.84825,0.62401,0.62706,4.5256,0.67247,0.37772,0.46057,2.6297,0.30856,0.15208,0.11518,0.096021,0.083536,0.074615,0.0678,0.062361,0.057899,0.054128,0.050899,0.048113,0.045615,0.043442,0.041501,0.03976,0.038194,0.036775,0.03548,0.034303,0.033223,0.032232,0.031319,0.030523,0.029703,0.028983,0.028317,0.027696,0.027126,0.026591,0.026095,0.025631,0.025204,0.024804,0.024432,0.024086,0.023765,0.023467,0.023191,0.022937,0.022701,0.022484,0.022285,0.022103,0.021941,0.021792,0.021659,0.021544,0.021438,0.021349,0.021274,0.021214,0.021167,0.021133,0.021113
2.7024e-14,1.1247,0.85839,0.93352,6.6344,0.86763,0.46988,0.51394,3.9024,0.35237,0.18315,0.13999,0.11781,0.10326,0.092586,0.084313,0.077679,0.072182,0.067522,0.063513,0.060066,0.056952,0.054241,0.05182,0.049652,0.047691,0.045917,0.044301,0.042839,0.041479,0.040241,0.0391,0.038082,0.037078,0.036178,0.035344,0.034567,0.033853,0.033185,0.032563,0.031991,0.031449,0.030948,0.030484,0.030043,0.02965,0.029277,0.028931,0.028612,0.028317,0.028046,0.027798,0.02757,0.027366,0.02718,0.027014,0.026862,0.026737,0.026626,0.026532,0.026455,0.026397,0.026355,0.026329
2.7499e-14,0.7283,0.53215,0.67332,4.0314,0.59002,0.36142,0.46994,2.9303,0.28756,0.13519,0.10227,0.085258,0.073909,0.065853,0.059633,0.054645,0.050553,0.047108,0.044164,0.041634,0.039391,0.037435,0.035693,0.034132,0.032739,0.031474,0.03032,0.029283,0.028323,0.027447,0.026642,0.025982,0.025219,0.024587,0.024002,0.023459,0.022958,0.022489,0.022056,0.021648,0.021277,0.020927,0.020604,0.020299,0.020022,0.019762,0.019521,0.0193,0.019094,0.018905,0.018732,0.018575,0.018431,0.018302,0.018186,0.018087,0.017993,0.017916,0.017852,0.017798,0.017758,0.017729,0.017711
3.2029e-14,0.79992,0.59,0.73693,4.4035,0.69424,0.38886,0.43301,2.6872,0.28839,0.1482,0.11097,0.091906,0.079403,0.070504,0.063677,0.058208,0.05376,0.050016,0.046831,0.044072,0.041668,0.039558,0.037684,0.036003,0.03451,0.033154,0.031924,0.030811,0.029784,0.028849,0.027989,0.027216,0.02647,0.025796,0.025172,0.024596,0.024059,0.023561,0.023098,0.022666,0.022269,0.021897,0.021551,0.021225,0.020932,0.020655,0.020398,0.020161,0.019942,0.01974,0.019554,0.01939,0.019232,0.019093,0.018968,0.018858,0.018759,0.018675,0.018603,0.018543,0.018499,0.018466,0.018446
2.2942e-14,0.59967,0.41563,0.44225,3.3443,0.4199,0.2521,0.2839,2.0164,0.16521,0.094136,0.072744,0.061703,0.05427,0.04879,0.044498,0.041019,0.038115,0.035658,0.033545,0.031705,0.030078,0.028647,0.027368,0.026221,0.025185,0.024247,0.023392,0.022615,0.0219,0.021244,0.02064,0.020097,0.019571,0.019095,0.018653,0.018244,0.017865,0.01751,0.017182,0.016877,0.016591,0.016326,0.016081,0.01585,0.015638,0.015441,0.015258,0.01509,0.014934,0.01479,0.014659,0.01454,0.014431,0.014332,0.014244,0.014166,0.014098,0.014039,0.01399,0.01395,0.013919,0.013897,0.013883
3.9921e-14,1.2673,0.90233,1.0327,8.4928,0.94643,0.49613,0.58238,3.5152,0.36922,0.20814,0.16424,0.13981,0.12359,0.11155,0.10209,0.094396,0.087966,0.082488,0.077767,0.073677,0.069972,0.066741,0.063843,0.061233,0.058882,0.056744,0.054791,0.053018,0.051374,0.04987,0.048483,0.047235,0.046021,0.044922,0.043904,0.042955,0.042081,0.041262,0.040501,0.039791,0.039135,0.038521,0.03795,0.03741,0.036925,0.036466,0.036042,0.035649,0.035286,0.034953,0.034646,0.034369,0.034116,0.033887,0.033682,0.033502,0.033342,0.033204,0.03309,0.032994,0.032923,0.032871,0.03284
5.0789e-14,1.5268,1.0983,1.1134,7.8921,1.0321,0.52147,0.64063,3.7492,0.4021,0.21326,0.16505,0.13983,0.12286,0.1105,0.10081,0.092939,0.08642,0.080882,0.076117,0.072007,0.068303,0.065075,0.062192,0.059617,0.057265,0.055148,0.053221,0.051471,0.04985,0.04837,0.047007,0.045773,0.044588,0.043511,0.042513,0.041585,0.04073,0.039931,0.039186,0.038508,0.037852,0.037253,0.036697,0.036171,0.035699,0.035253,0.03484,0.034458,0.034104,0.03378,0.033484,0.033214,0.032969,0.032747,0.032548,0.032361,0.032219,0.032086,0.031975,0.031883,0.031814,0.031764,0.031733
5.054e-14,1.7038,1.1821,1.308,8.4217,1.2629,0.86559,1.0054,7.3856,0.77424,0.34656,0.24583,0.19507,0.16419,0.14286,0.12724,0.11516,0.10549,0.097547,0.090907,0.085329,0.080394,0.076155,0.072417,0.069124,0.066157,0.063495,0.061091,0.058924,0.056934,0.055124,0.053466,0.052012,0.050544,0.049251,0.048057,0.046947,0.045932,0.044983,0.0441,0.043295,0.042529,0.041823,0.041168,0.040556,0.039999,0.039474,0.038991,0.038546,0.038134,0.037756,0.037407,0.037088,0.036809,0.03655,0.036319,0.036108,0.035934,0.035779,0.03565,0.035545,0.035463,0.035405,0.03537
3.3727e-14,1.3552,0.96937,1.4137,9.559,1.4762,0.8625,1.2234,8.2868,0.86215,0.3922,0.27359,0.21626,0.18157,0.15823,0.14102,0.12768,0.11698,0.10819,0.10081,0.094595,0.089057,0.084324,0.080146,0.076422,0.073142,0.070172,0.067489,0.065086,0.06285,0.060831,0.05898,0.057267,0.055727,0.054287,0.052956,0.051717,0.050591,0.049533,0.048552,0.047638,0.046804,0.04602,0.045293,0.044606,0.043994,0.043413,0.042876,0.042381,0.041924,0.041505,0.04112,0.040764,0.040456,0.040169,0.039913,0.039693,0.039489,0.039317,0.039173,0.039056,0.038966,0.038901,0.038863
2.6374e-14,0.86157,0.54409,0.64884,5.2422,0.75699,0.58626,0.73289,4.8472,0.5221,0.24029,0.16836,0.13376,0.11224,0.097455,0.086509,0.078062,0.07131,0.065774,0.061135,0.057237,0.053809,0.050858,0.048265,0.045967,0.043934,0.042099,0.040446,0.03896,0.037594,0.036355,0.035223,0.034191,0.033227,0.032347,0.031534,0.030781,0.030088,0.029444,0.028846,0.028291,0.027779,0.0273,0.026857,0.026438,0.026061,0.025707,0.025379,0.025076,0.024796,0.024539,0.024303,0.024088,0.023891,0.023714,0.023556,0.023415,0.02329,0.023183,0.023092,0.023016,0.022959,0.022917,0.02289
2.7113e-14,0.81889,0.51987,0.57383,4.7973,0.67519,0.54262,0.6392,4.083,0.40561,0.20203,0.14444,0.11584,0.097545,0.084961,0.07557,0.068297,0.062432,0.057624,0.053594,0.050196,0.047201,0.044628,0.042364,0.040356,0.038577,0.036975,0.03553,0.034237,0.033037,0.031954,0.030965,0.030084,0.029221,0.028453,0.027744,0.027085,0.026482,0.02592,0.025399,0.024915,0.024468,0.024052,0.023666,0.023298,0.022975,0.022667,0.022383,0.022121,0.021878,0.021656,0.021453,0.021266,0.021099,0.020947,0.020811,0.020692,0.020585,0.020495,0.020419,0.020355,0.020309,0.020275,0.020254
3.0765e-14,0.87054,0.58832,0.63867,4.8691,0.49539,0.32367,0.38444,2.5641,0.23931,0.13541,0.10327,0.086915,0.076175,0.06839,0.062364,0.057474,0.053476,0.050066,0.04714,0.04463,0.042341,0.04036,0.038585,0.036984,0.035555,0.034251,0.033057,0.031975,0.03098,0.030065,0.029221,0.028511,0.027728,0.02706,0.026442,0.025865,0.025337,0.02484,0.02438,0.023947,0.02355,0.023178,0.022833,0.022512,0.022212,0.021934,0.021676,0.02144,0.021219,0.021017,0.020832,0.020658,0.02051,0.020371,0.020247,0.020138,0.02004,0.019958,0.019888,0.019833,0.019787,0.019756,0.019737
3.8376e-14,1.3201,0.93527,1.0993,7.5575,0.87147,0.52771,0.68047,4.1145,0.38345,0.19375,0.14823,0.12499,0.10977,0.09855,0.089821,0.082722,0.07691,0.071958,0.067711,0.064046,0.060746,0.05787,0.0553,0.052988,0.050913,0.049028,0.047307,0.045747,0.044309,0.042991,0.041777,0.040721,0.039628,0.038668,0.037781,0.036953,0.036194,0.035482,0.034822,0.034208,0.033635,0.033102,0.032608,0.032146,0.031719,0.031322,0.030955,0.030616,0.030302,0.030014,0.02975,0.029504,0.029291,0.029093,0.028917,0.028757,0.028623,0.028505,0.028407,0.028326,0.028262,0.028218,0.02819
4.0197e-14,1.0258,0.76551,0.85247,4.9907,0.6699,0.41003,0.50895,3.2823,0.30962,0.14451,0.105,0.085032,0.073027,0.064357,0.057805,0.05261,0.048458,0.044977,0.042033,0.039515,0.037304,0.035384,0.033683,0.032177,0.030814,0.029593,0.028484,0.027484,0.026566,0.025727,0.024958,0.02432,0.023604,0.023001,0.022444,0.02193,0.021454,0.02101,0.020599,0.020222,0.019862,0.019532,0.019226,0.018937,0.018676,0.01843,0.018204,0.017995,0.0178,0.017622,0.017459,0.017314,0.017176,0.017054,0.016944,0.016843,0.016763,0.016689,0.016628,0.016576,0.016539,0.016511,0.016494
5.7091e-14,1.4226,1.016,1.1143,8.3388,0.92412,0.6168,0.73329,5.3487,0.63396,0.28983,0.21201,0.17325,0.14836,0.13086,0.11767,0.10729,0.098863,0.091861,0.085934,0.080915,0.076409,0.072538,0.069106,0.066052,0.06332,0.060852,0.05861,0.056592,0.05473,0.053032,0.051475,0.050116,0.048728,0.047507,0.046379,0.045328,0.044368,0.043466,0.04263,0.041851,0.041135,0.040464,0.039841,0.039257,0.038724,0.038225,0.037764,0.03734,0.036945,0.036584,0.036252,0.035945,0.035676,0.035428,0.035206,0.035015,0.034836,0.034687,0.034563,0.034461,0.034381,0.034325,0.034289
4.067e-14,1.0042,0.67294,0.92078,6.7724,0.90038,0.62539,0.82768,5.7544,0.60443,0.28936,0.20129,0.16107,0.13478,0.11724,0.10424,0.094189,0.086136,0.079526,0.073985,0.069306,0.065212,0.061678,0.05857,0.055805,0.053373,0.05117,0.049188,0.047402,0.045759,0.044269,0.042908,0.041643,0.040509,0.039451,0.038473,0.037568,0.036734,0.035959,0.035239,0.034567,0.033955,0.03338,0.032846,0.032344,0.031892,0.031465,0.031071,0.030707,0.030372,0.030063,0.02978,0.029522,0.029289,0.029077,0.028888,0.028724,0.028572,0.028445,0.028337,0.02825,0.028183,0.028134,0.028105
3.6965e-14,1.0008,0.72198,0.85962,7.2467,0.9226,0.64511,0.95511,5.905,0.60784,0.2929,0.20584,0.1633,0.13698,0.11899,0.10567,0.095374,0.087138,0.080387,0.074738,0.069998,0.065813,0.062225,0.05907,0.056271,0.053797,0.051566,0.049553,0.047744,0.046082,0.044574,0.043195,0.041964,0.040766,0.039694,0.038705,0.037786,0.036945,0.036159,0.035432,0.034752,0.034132,0.03355,0.033011,0.032503,0.032044,0.031612,0.031214,0.030846,0.030506,0.030194,0.029908,0.029642,0.029409,0.029195,0.029003,0.028839,0.028683,0.028554,0.028446,0.028357,0.028288,0.028239,0.028209
5.2762e-14,1.4241,0.81319,0.96937,6.5523,0.73792,0.54342,0.61937,4.2862,0.37942,0.16606,0.1199,0.098246,0.084655,0.07505,0.067764,0.061975,0.057299,0.053374,0.050039,0.047184,0.044648,0.042445,0.040488,0.038749,0.037174,0.035756,0.034469,0.033305,0.032229,0.031247,0.030346,0.02955,0.028753,0.028042,0.027386,0.026775,0.026214,0.025689,0.0252,0.024754,0.024327,0.023935,0.02357,0.023227,0.022917,0.022625,0.022355,0.022105,0.021874,0.021663,0.021468,0.021289,0.021131,0.020986,0.020856,0.020737,0.02064,0.020553,0.020479,0.02042,0.020374,0.020341,0.020321
6.0897e-14,1.639,1.0229,1.155,9.3822,0.9458,0.59653,0.73421,4.0427,0.44703,0.23311,0.17937,0.15129,0.1331,0.11948,0.10884,0.10025,0.093114,0.087068,0.081879,0.077382,0.07338,0.069874,0.066741,0.063942,0.061403,0.059107,0.057013,0.055107,0.053363,0.05176,0.050285,0.048979,0.047669,0.046504,0.045425,0.044423,0.043498,0.042632,0.041828,0.041085,0.040387,0.039739,0.039138,0.03858,0.03806,0.037576,0.037129,0.036717,0.036334,0.035984,0.035662,0.035368,0.035104,0.034863,0.034648,0.034456,0.034289,0.034144,0.034024,0.033926,0.033849,0.033794,0.033761
7.8659e-14,1.6595,0.99233,1.0757,8.9832,0.96119,0.63014,0.66432,4.9556,0.42646,0.22115,0.16575,0.13814,0.11996,0.10693,0.096887,0.088797,0.082234,0.07668,0.071929,0.067859,0.064204,0.061032,0.058208,0.055693,0.05341,0.051359,0.04949,0.0478,0.046238,0.044814,0.043504,0.042351,0.041183,0.040153,0.039199,0.03831,0.037494,0.03673,0.036022,0.035367,0.034749,0.034178,0.033648,0.033149,0.032694,0.032269,0.031874,0.03151,0.031172,0.030862,0.030577,0.030313,0.03008,0.029866,0.029674,0.0295,0.029353,0.029223,0.029113,0.029022,0.028949,0.028896,0.028862
5.9721e-14,1.7573,1.1917,1.2188,6.5828,1.0388,0.61806,0.63766,3.786,0.45441,0.24324,0.18751,0.15801,0.13827,0.12389,0.11271,0.10364,0.096267,0.089989,0.084598,0.079943,0.07582,0.072199,0.068968,0.066091,0.06347,0.061109,0.058954,0.057012,0.055203,0.053556,0.052039,0.050715,0.049352,0.048156,0.047048,0.046021,0.045067,0.044179,0.043354,0.042597,0.041875,0.04121,0.040593,0.040005,0.039486,0.03899,0.038531,0.038108,0.037716,0.037356,0.037027,0.036733,0.036453,0.036207,0.035986,0.035784,0.035619,0.035471,0.035348,0.035243,0.035168,0.035112,0.035079
3.7055e-14,0.99266,0.67908,0.7421,4.6936,0.70221,0.41939,0.39474,2.5091,0.21075,0.12138,0.096416,0.082287,0.072805,0.065633,0.059985,0.05534,0.051536,0.048269,0.045454,0.042988,0.040826,0.038915,0.037201,0.035658,0.034273,0.033015,0.031865,0.030816,0.029857,0.028974,0.02816,0.027429,0.026721,0.026077,0.025481,0.02493,0.024416,0.023937,0.023493,0.023077,0.022695,0.022337,0.022004,0.021693,0.021406,0.021139,0.020892,0.020664,0.020452,0.020258,0.02008,0.019922,0.019772,0.019638,0.019519,0.019415,0.019321,0.019241,0.019174,0.019119,0.019078,0.019048,0.01903
