1.4984e-14,0.99681,0.70261,0.71628,4.6462,0.60702,0.34574,0.50817,2.921,0.34322,0.1817,0.13866,0.11525,0.10008,0.089136,0.08072,0.073965,0.068481,0.063851,0.059904,0.056504,0.053505,0.050882,0.048549,0.046472,0.044591,0.042897,0.041355,0.039956,0.038676,0.037501,0.036421,0.035515,0.034513,0.033663,0.032877,0.032146,0.031473,0.030844,0.03026,0.029723,0.029213,0.028743,0.028306,0.027901,0.027523,0.027173,0.02685,0.026552,0.026274,0.02602,0.025787,0.025573,0.025383,0.025209,0.025053,0.02491,0.024793,0.024689,0.024601,0.024531,0.024475,0.024435,0.024411
3.0181e-14,1.7107,0.90432,1.0529,9.272,1.3245,0.96483,1.093,7.9055,0.75301,0.33257,0.24353,0.19933,0.17198,0.15267,0.1381,0.12657,0.11722,0.10938,0.1027,0.096987,0.091862,0.087411,0.083448,0.079893,0.076712,0.073831,0.0712,0.068816,0.066627,0.064621,0.062776,0.061202,0.059506,0.058054,0.056708,0.055457,0.054303,0.053226,0.052223,0.05129,0.050427,0.049622,0.048875,0.048171,0.04753,0.046931,0.046375,0.045864,0.045389,0.044953,0.044554,0.044191,0.043859,0.043562,0.043295,0.043061,0.042852,0.042672,0.042525,0.0424,0.042308,0.04224,0.0422
3.3705e-14,1.1386,0.78046,0.75581,6.4755,0.74021,0.52002,0.74732,4.6842,0.52234,0.25405,0.18166,0.14711,0.1257,0.11067,0.099374,0.090529,0.083365,0.077424,0.072408,0.068164,0.064371,0.061099,0.058205,0.05563,0.053326,0.051245,0.049362,0.047652,0.046091,0.044663,0.043352,0.042121,0.041034,0.040007,0.039058,0.038175,0.037363,0.036606,0.035904,0.035253,0.034646,0.034082,0.033558,0.03307,0.03262,0.0322,0.031813,0.031454,0.031124,0.03082,0.030542,0.030286,0.030057,0.02985,0.029664,0.029498,0.029353,0.029229,0.029124,0.029038,0.028971,0.028923,0.028893
3.6297e-14,1.2312,1.0103,0.95755,7.031,0.89284,0.59092,0.7397,4.8379,0.52799,0.24764,0.18242,0.15066,0.13036,0.11601,0.10507,0.096331,0.089192,0.083187,0.078062,0.073646,0.069745,0.066331,0.063292,0.060573,0.058135,0.055926,0.053916,0.052091,0.050417,0.048885,0.047474,0.046226,0.044983,0.043874,0.042848,0.041898,0.041016,0.040195,0.039434,0.038726,0.038068,0.037455,0.036886,0.036352,0.035866,0.03541,0.034988,0.0346,0.034239,0.033909,0.033606,0.033334,0.03308,0.032854,0.032651,0.032472,0.032315,0.03218,0.032067,0.031973,0.031903,0.031852,0.031822
1.897e-14,0.65835,0.48141,0.48139,3.0881,0.44716,0.28209,0.32821,2.0559,0.20905,0.1077,0.082449,0.069594,0.061006,0.054916,0.050177,0.04634,0.043151,0.040443,0.038112,0.036096,0.03428,0.032694,0.031273,0.029996,0.028844,0.027798,0.026842,0.025975,0.025171,0.024436,0.023758,0.023154,0.022557,0.022019,0.021522,0.021059,0.020631,0.020231,0.019859,0.019515,0.019192,0.018892,0.018613,0.01835,0.018113,0.017889,0.017681,0.01749,0.017312,0.01715,0.017,0.016865,0.016741,0.016629,0.016529,0.016439,0.016363,0.016296,0.016239,0.016193,0.016158,0.016133,0.016118
2.2449e-14,0.86944,0.5718,0.62489,3.9981,0.45913,0.28799,0.3642,2.0395,0.22269,0.1175,0.089475,0.074471,0.06456,0.057484,0.052062,0.047726,0.044188,0.041211,0.038675,0.036498,0.03456,0.032874,0.031373,0.030022,0.028827,0.027738,0.026744,0.025845,0.02502,0.024263,0.023568,0.022982,0.022338,0.02179,0.021284,0.020814,0.02038,0.019974,0.019598,0.019243,0.018923,0.01862,0.01834,0.018076,0.017835,0.017609,0.017401,0.017209,0.01703,0.016866,0.016716,0.016579,0.016456,0.016344,0.016243,0.016158,0.016077,0.016009,0.015954,0.015907,0.015872,0.015847,0.015831
2.5811e-14,0.90049,0.56699,0.74789,4.4393,0.50844,0.36944,0.3886,2.8361,0.25899,0.13455,0.10131,0.084969,0.073897,0.065946,0.059798,0.054855,0.050789,0.047361,0.044429,0.041907,0.039648,0.037686,0.035939,0.034371,0.032969,0.0317,0.030542,0.029497,0.028529,0.027647,0.026836,0.026106,0.0254,0.024763,0.024173,0.023624,0.023118,0.022645,0.022206,0.021801,0.02142,0.021067,0.020739,0.020429,0.02015,0.019887,0.019643,0.019419,0.019211,0.019019,0.018844,0.018684,0.018539,0.018407,0.018289,0.018182,0.018094,0.018014,0.017949,0.017893,0.017852,0.017822,0.017804
6.2769e-14,1.6454,0.97489,0.93853,6.8021,1.0427,0.74819,1.0678,6.9043,0.66574,0.34387,0.24607,0.2,0.17023,0.14969,0.13423,0.12213,0.11229,0.10417,0.097307,0.091487,0.086351,0.081899,0.077968,0.074474,0.071356,0.06854,0.066002,0.063706,0.061588,0.059665,0.057903,0.056227,0.054787,0.05341,0.052136,0.050955,0.049865,0.048852,0.04791,0.047039,0.046227,0.045473,0.044771,0.044106,0.043519,0.042959,0.04244,0.04196,0.041519,0.041113,0.040742,0.040407,0.040097,0.039819,0.039571,0.039349,0.039157,0.038992,0.038851,0.038734,0.038649,0.038586,0.038548
2.8808e-14,1.3313,0.80029,0.83219,6.8372,0.74696,0.54372,0.60788,5.6256,0.51463,0.23435,0.1728,0.14296,0.12372,0.11011,0.099732,0.09146,0.084703,0.079034,0.074213,0.070041,0.066385,0.063176,0.060317,0.057754,0.055458,0.053373,0.051475,0.049752,0.048171,0.046721,0.045388,0.044234,0.043028,0.041976,0.041003,0.040101,0.039265,0.038486,0.037763,0.037087,0.036464,0.035881,0.03534,0.034835,0.03437,0.033937,0.033536,0.033166,0.032822,0.032508,0.032219,0.031957,0.031719,0.031504,0.031311,0.031143,0.03099,0.030862,0.030755,0.030667,0.030599,0.030551,0.030521
2.7166e-14,1.0437,0.67022,0.72204,5.2759,0.63796,0.40042,0.61514,3.4829,0.3948,0.19934,0.14454,0.11727,0.099923,0.087858,0.078828,0.071763,0.066068,0.061345,0.057358,0.053977,0.050974,0.048377,0.046078,0.044034,0.042205,0.040553,0.039056,0.037709,0.036461,0.035327,0.034287,0.033351,0.032448,0.031633,0.03088,0.03018,0.029535,0.028934,0.028377,0.027859,0.027378,0.02693,0.026515,0.026118,0.025769,0.025435,0.025128,0.024843,0.024581,0.02434,0.024118,0.023918,0.023733,0.023568,0.02342,0.023289,0.023174,0.023075,0.022993,0.022922,0.022872,0.022835,0.022812
2.6485e-14,1.0339,0.57685,0.55447,4.977,0.56121,0.35999,0.42636,3.1317,0.3103,0.15943,0.12122,0.10128,0.088357,0.078942,0.071682,0.065862,0.061091,0.057067,0.053624,0.050694,0.048027,0.045721,0.043666,0.041825,0.040171,0.038672,0.037307,0.03607,0.034927,0.033883,0.032922,0.032053,0.03122,0.030464,0.029762,0.029107,0.028508,0.027947,0.027426,0.026941,0.026489,0.026069,0.025679,0.025312,0.024979,0.024666,0.024377,0.024109,0.023862,0.023635,0.023428,0.023233,0.023065,0.02291,0.022771,0.022648,0.022541,0.022448,0.02237,0.022307,0.022257,0.022222,0.022202
2.6169e-14,0.97633,0.67422,0.81812,4.366,0.6094,0.4217,0.44477,3.2117,0.26341,0.1442,0.10941,0.091771,0.079986,0.071466,0.064883,0.059569,0.055229,0.051552,0.048406,0.045698,0.043274,0.041167,0.039288,0.037601,0.036093,0.034727,0.033478,0.032348,0.03131,0.030359,0.029484,0.028735,0.027935,0.027247,0.02661,0.026017,0.025472,0.024962,0.024488,0.024052,0.023639,0.023259,0.022906,0.022573,0.022272,0.021988,0.021725,0.021484,0.021259,0.021053,0.020864,0.020694,0.020538,0.020397,0.02027,0.020154,0.020061,0.019975,0.019905,0.019846,0.019802,0.01977,0.01975
2.1362e-14,0.81414,0.48898,0.65778,3.9562,0.5182,0.3598,0.35877,2.3232,0.23422,0.13011,0.098044,0.082596,0.072022,0.064558,0.058771,0.054102,0.050241,0.046976,0.044171,0.041762,0.039585,0.037692,0.036002,0.034483,0.033123,0.031886,0.03076,0.029737,0.028791,0.027927,0.027132,0.026397,0.025723,0.025095,0.024514,0.023972,0.023474,0.023008,0.022575,0.022173,0.021798,0.021449,0.021125,0.020818,0.020543,0.020283,0.020042,0.019819,0.019614,0.019425,0.019251,0.019094,0.01895,0.01882,0.018704,0.0186,0.018511,0.018433,0.018368,0.018314,0.018274,0.018245,0.018227
3.8207e-14,1.2404,0.69222,0.74017,5.8909,0.64475,0.4595,0.57543,4.6207,0.41913,0.19556,0.13813,0.11208,0.09622,0.085051,0.076645,0.069979,0.064612,0.060112,0.056294,0.05303,0.05014,0.047629,0.045399,0.043422,0.041629,0.040018,0.038556,0.037222,0.036015,0.034904,0.033882,0.033021,0.032083,0.031282,0.030541,0.029852,0.02922,0.028627,0.028078,0.027576,0.027095,0.026653,0.026243,0.025867,0.025509,0.025181,0.024877,0.024598,0.024338,0.0241,0.023881,0.023678,0.023502,0.023339,0.023193,0.023058,0.022949,0.022852,0.02277,0.022706,0.022652,0.022616,0.022594
5.1674e-14,1.3366,0.64383,0.66557,4.6832,0.59419,0.37875,0.41728,3.2274,0.28895,0.14218,0.10398,0.085943,0.074184,0.065965,0.059707,0.054723,0.050644,0.047226,0.044315,0.041811,0.03959,0.037655,0.035932,0.034402,0.033006,0.031755,0.030618,0.029588,0.028637,0.027769,0.026968,0.026252,0.02556,0.02493,0.024348,0.023807,0.023308,0.02284,0.02241,0.022012,0.021633,0.021286,0.020962,0.020658,0.020382,0.020123,0.019882,0.019661,0.019456,0.019267,0.019095,0.018938,0.018795,0.018665,0.01855,0.018445,0.018358,0.018282,0.018216,0.018163,0.018122,0.018093,0.018076
4.0711e-14,1.0462,0.53374,0.63256,4.6863,0.56764,0.35203,0.39925,3.0569,0.3013,0.15487,0.1161,0.096599,0.083725,0.07456,0.067549,0.061944,0.057371,0.053526,0.050243,0.047456,0.044921,0.042736,0.040791,0.039049,0.037492,0.036079,0.034797,0.033633,0.032557,0.031576,0.030673,0.029827,0.02908,0.02837,0.027712,0.027097,0.026538,0.026011,0.025523,0.025067,0.024648,0.024255,0.023889,0.023547,0.023235,0.022942,0.022671,0.022421,0.02219,0.021977,0.021783,0.0216,0.021445,0.021299,0.021169,0.021055,0.020953,0.020866,0.020792,0.020733,0.020687,0.020654,0.020634
3.6106e-14,0.94799,0.58962,0.68571,4.4199,0.5591,0.41334,0.45113,3.6345,0.34217,0.16402,0.12322,0.10261,0.088972,0.079277,0.071869,0.065931,0.061102,0.05703,0.053556,0.050572,0.047907,0.045592,0.043529,0.041681,0.040025,0.038524,0.037158,0.035905,0.034777,0.033734,0.032772,0.031935,0.031077,0.030319,0.029619,0.028966,0.028369,0.027807,0.027286,0.0268,0.026352,0.025933,0.025543,0.025191,0.024846,0.024534,0.024245,0.023979,0.023731,0.023505,0.023297,0.023102,0.022938,0.022783,0.022644,0.022523,0.022414,0.022321,0.022243,0.022184,0.022131,0.022097,0.022075
3.1105e-14,0.89255,0.53663,0.54836,4.1882,0.55298,0.37862,0.41737,2.9677,0.29251,0.14572,0.11011,0.092397,0.081129,0.073055,0.066802,0.061714,0.057543,0.053974,0.050895,0.048254,0.045828,0.043727,0.041841,0.040139,0.038616,0.037224,0.03595,0.034795,0.033722,0.032742,0.031835,0.03107,0.030232,0.029515,0.02885,0.028228,0.02766,0.027125,0.026628,0.026161,0.025735,0.025333,0.02496,0.024609,0.024291,0.023991,0.023713,0.023458,0.02322,0.023002,0.022801,0.022615,0.022455,0.022305,0.022171,0.022056,0.021948,0.021859,0.021784,0.021724,0.021676,0.021642,0.021622
2.6277e-14,0.99291,0.58981,0.67591,4.3682,0.61435,0.38284,0.43442,3.1794,0.3022,0.14543,0.11,0.091736,0.080259,0.071878,0.0654,0.060145,0.055874,0.052233,0.049119,0.04642,0.044017,0.041922,0.040049,0.038362,0.03686,0.035491,0.034234,0.033107,0.032063,0.031107,0.030227,0.02954,0.028668,0.027972,0.027329,0.026731,0.02618,0.025665,0.025185,0.024736,0.024326,0.02394,0.023583,0.023244,0.022939,0.022651,0.022385,0.022141,0.021912,0.021704,0.021511,0.021338,0.02118,0.021037,0.020909,0.020799,0.020696,0.020611,0.020541,0.020481,0.020437,0.020404,0.020385
2.4846e-14,0.91155,0.61663,0.65604,3.8518,0.53003,0.34181,0.37276,2.6111,0.27733,0.14181,0.10706,0.089468,0.077881,0.069606,0.063224,0.058112,0.053935,0.050395,0.047361,0.044749,0.042403,0.040361,0.038537,0.036906,0.035434,0.034102,0.032886,0.031788,0.030772,0.029844,0.028988,0.028264,0.027477,0.026803,0.02618,0.025599,0.025066,0.024566,0.024103,0.023673,0.02327,0.022896,0.02255,0.022224,0.021927,0.021649,0.021391,0.021154,0.020933,0.020731,0.020546,0.020375,0.020224,0.020085,0.019961,0.01985,0.019754,0.019671,0.019602,0.019545,0.019501,0.019469,0.01945
4.5884e-14,1.0743,0.66646,0.67003,4.9486,0.57099,0.39151,0.45139,3.6005,0.36276,0.18026,0.132,0.10863,0.09373,0.083268,0.075345,0.069052,0.063948,0.05967,0.056034,0.052933,0.050144,0.047729,0.045579,0.043654,0.041926,0.040358,0.038937,0.037646,0.036451,0.035363,0.034359,0.033459,0.03259,0.031798,0.031067,0.030385,0.029761,0.029175,0.028632,0.028126,0.027656,0.027218,0.02681,0.026427,0.026082,0.025756,0.025453,0.025175,0.024917,0.02468,0.024463,0.024264,0.024088,0.023925,0.02378,0.023652,0.023539,0.023443,0.023361,0.023295,0.023244,0.023208,0.023186
3.2456e-14,1.2075,0.71703,0.70875,6.1494,0.69095,0.51883,0.55369,4.2544,0.43687,0.23033,0.16939,0.1385,0.11868,0.10486,0.094413,0.08616,0.079483,0.073918,0.06921,0.065174,0.061645,0.058564,0.05583,0.053394,0.051205,0.04923,0.047439,0.045812,0.044322,0.04296,0.041707,0.040597,0.039499,0.038516,0.037608,0.036767,0.035988,0.035261,0.034589,0.033967,0.033381,0.032839,0.032336,0.031865,0.031437,0.031035,0.030661,0.030318,0.03,0.029708,0.02944,0.029199,0.028976,0.028775,0.028595,0.028431,0.028296,0.028176,0.028075,0.027992,0.027929,0.027883,0.027856
4.6816e-14,1.27,0.70445,0.68943,4.8961,0.67479,0.42913,0.44059,3.506,0.31609,0.17519,0.13235,0.10975,0.095772,0.085489,0.077614,0.071308,0.066147,0.06179,0.058065,0.054849,0.051989,0.049495,0.047269,0.045279,0.043478,0.041853,0.040371,0.039027,0.03779,0.036658,0.035614,0.034705,0.03377,0.032947,0.032186,0.03148,0.030827,0.030216,0.02965,0.029128,0.028633,0.028176,0.027752,0.027354,0.026992,0.026652,0.026337,0.026047,0.025777,0.02553,0.025304,0.025101,0.024912,0.024742,0.02459,0.024451,0.024338,0.024236,0.024151,0.024081,0.024029,0.023991,0.023968
2.748e-14,0.97234,0.74495,0.71353,5.1201,0.71614,0.53809,0.53138,3.6524,0.34878,0.18882,0.14225,0.11859,0.10301,0.091907,0.083424,0.076623,0.071095,0.066419,0.062426,0.05899,0.055926,0.053255,0.050871,0.048731,0.046818,0.04508,0.04349,0.042052,0.040729,0.039516,0.038399,0.037469,0.036422,0.035541,0.034727,0.033968,0.03327,0.032616,0.032008,0.031443,0.030919,0.030429,0.029975,0.029552,0.02916,0.028795,0.028458,0.028148,0.027859,0.027595,0.027351,0.027127,0.026931,0.026749,0.026587,0.026444,0.026317,0.026208,0.026119,0.026046,0.025988,0.025947,0.025923
5.6009e-14,1.5363,0.83999,0.85168,6.3362,0.81891,0.65808,0.82086,6.1804,0.54555,0.26981,0.20081,0.16672,0.14356,0.12763,0.11554,0.1059,0.098061,0.091465,0.085852,0.081035,0.076812,0.073115,0.069822,0.066873,0.06422,0.061816,0.059629,0.057634,0.055813,0.05414,0.052598,0.051241,0.049871,0.048656,0.047532,0.046488,0.045523,0.044623,0.043787,0.043011,0.042284,0.041609,0.040983,0.040402,0.039861,0.039358,0.038892,0.038463,0.038065,0.037701,0.037366,0.037059,0.036785,0.036534,0.036309,0.036107,0.035935,0.035786,0.035659,0.035557,0.035477,0.03542,0.035386
4.7326e-14,1.5308,0.84117,0.94997,5.9809,1.1161,0.73657,0.85835,5.3769,0.53254,0.26829,0.20069,0.16633,0.14405,0.12802,0.11574,0.10593,0.09797,0.091268,0.085566,0.080649,0.076332,0.07256,0.069205,0.066212,0.063524,0.061094,0.058885,0.056873,0.055048,0.053369,0.051826,0.050489,0.049096,0.047882,0.046761,0.04572,0.04476,0.043864,0.043032,0.042263,0.041541,0.040873,0.040252,0.03968,0.039141,0.038643,0.038183,0.037758,0.037365,0.037005,0.036674,0.036371,0.036102,0.035855,0.035634,0.035436,0.035267,0.03512,0.034997,0.034897,0.034818,0.034762,0.034728
2.9481e-14,1.1233,0.67458,0.74672,5.9701,0.7659,0.49706,0.64105,3.9649,0.40744,0.20855,0.15351,0.12704,0.11001,0.097989,0.088827,0.08154,0.075557,0.070534,0.066244,0.062579,0.059274,0.056423,0.053877,0.05159,0.049545,0.047689,0.045992,0.044455,0.043041,0.041746,0.040553,0.039523,0.038441,0.037502,0.036631,0.035818,0.035077,0.034377,0.033729,0.033126,0.032565,0.032042,0.031558,0.031103,0.030687,0.030297,0.029935,0.029604,0.029295,0.029011,0.028751,0.028509,0.0283,0.028104,0.027929,0.027774,0.027638,0.02752,0.027422,0.027342,0.027279,0.027234,0.027208
2.121e-14,0.99011,0.66286,0.82941,5.1505,0.75493,0.50589,0.57112,3.506,0.29947,0.17043,0.13293,0.11335,0.099986,0.090106,0.082336,0.076006,0.070716,0.066224,0.062352,0.059002,0.055984,0.053346,0.050986,0.048865,0.046953,0.045218,0.043636,0.042193,0.040866,0.039649,0.038526,0.037484,0.036537,0.03565,0.034828,0.034062,0.033356,0.032696,0.032083,0.031513,0.03098,0.030485,0.030024,0.02959,0.029197,0.028827,0.028484,0.028167,0.027874,0.027605,0.027358,0.027132,0.026927,0.026742,0.026576,0.026427,0.026299,0.026188,0.026094,0.026016,0.025958,0.025916,0.02589
1.7729e-14,0.56639,0.42882,0.45826,2.9015,0.4223,0.2579,0.29062,1.9008,0.18067,0.099837,0.077008,0.064926,0.056997,0.051205,0.046694,0.043023,0.039999,0.037425,0.03521,0.033294,0.031582,0.030083,0.028743,0.027533,0.026454,0.025472,0.024573,0.023761,0.023006,0.022318,0.021682,0.021129,0.020558,0.020057,0.019592,0.019161,0.018761,0.018388,0.018042,0.017716,0.017419,0.017139,0.01688,0.016632,0.016413,0.016204,0.01601,0.015831,0.015665,0.015513,0.015373,0.015248,0.01513,0.015025,0.01493,0.014849,0.014773,0.01471,0.014657,0.014611,0.014579,0.014555,0.01454
1.0215e-14,0.51815,0.30923,0.38518,2.4822,0.30445,0.17853,0.23003,1.5597,0.13957,0.075281,0.056438,0.046587,0.040116,0.035522,0.032022,0.029235,0.026979,0.025089,0.023481,0.022109,0.020891,0.019836,0.018899,0.018067,0.017314,0.016638,0.016023,0.015464,0.014959,0.014493,0.014066,0.0137,0.013312,0.012976,0.012666,0.012377,0.012113,0.011865,0.011636,0.011425,0.011224,0.011039,0.010868,0.010713,0.01056,0.010423,0.010296,0.010179,0.01007,0.0099703,0.009879,0.0097914,0.009719,0.0096501,0.0095885,0.0095315,0.0094854,0.0094437,0.0094086,0.009381,0.0093568,0.0093403,0.0093301
1.3211e-14,0.51704,0.29826,0.34911,2.3366,0.2749,0.18522,0.2321,1.4534,0.13377,0.073209,0.054949,0.045759,0.039655,0.035408,0.032129,0.029488,0.027333,0.02551,0.023949,0.022596,0.021413,0.020373,0.019445,0.018615,0.01787,0.017194,0.016578,0.016027,0.015507,0.015038,0.014605,0.01424,0.013843,0.013502,0.013187,0.012897,0.012625,0.012372,0.012138,0.011921,0.011718,0.011529,0.011354,0.011183,0.011041,0.0109,0.01077,0.01065,0.010538,0.010436,0.010343,0.010264,0.010181,0.01011,0.010048,0.0099911,0.0099429,0.0099009,0.0098657,0.009834,0.0098143,0.0097982,0.0097883
3.0965e-14,1.0089,0.77134,0.68181,4.6488,0.47464,0.31792,0.37972,2.5114,0.23357,0.12436,0.096789,0.082199,0.072858,0.065755,0.060178,0.055625,0.051853,0.048633,0.045856,0.043423,0.041282,0.039385,0.037684,0.036149,0.034774,0.033519,0.032373,0.031326,0.030363,0.029479,0.02866,0.027922,0.027219,0.026571,0.025972,0.025417,0.0249,0.024417,0.023969,0.023553,0.023165,0.022803,0.022466,0.02215,0.021865,0.021594,0.021343,0.021113,0.020899,0.020703,0.020522,0.020364,0.020212,0.020076,0.019956,0.019849,0.019756,0.019676,0.019607,0.019551,0.019511,0.01948,0.019462
3.7709e-14,1.1385,0.75242,0.8171,5.4209,0.68621,0.42061,0.56951,3.2475,0.32871,0.18505,0.14304,0.12044,0.10537,0.094442,0.085972,0.079125,0.073502,0.068732,0.064648,0.061105,0.057972,0.055224,0.052769,0.050568,0.048586,0.046788,0.04515,0.043658,0.042294,0.04104,0.039884,0.038865,0.037842,0.036927,0.036083,0.035299,0.034574,0.033896,0.033268,0.032684,0.032138,0.031631,0.031161,0.030724,0.030315,0.029938,0.029588,0.029266,0.028966,0.028692,0.02844,0.02821,0.028004,0.027816,0.027647,0.027497,0.027367,0.027256,0.027161,0.027085,0.027025,0.026983,0.026956
2.2481e-14,0.8662,0.55045,0.56736,4.1843,0.54473,0.34604,0.39252,2.9437,0.24094,0.13062,0.10052,0.085099,0.07477,0.067214,0.061316,0.05652,0.052564,0.0492,0.046309,0.043799,0.041572,0.039613,0.037864,0.036291,0.034879,0.033593,0.032427,0.031357,0.03038,0.029482,0.028654,0.027894,0.027188,0.026534,0.025929,0.025367,0.024846,0.02436,0.023909,0.02349,0.023099,0.022735,0.022396,0.022082,0.021791,0.021519,0.021268,0.021036,0.020822,0.020626,0.020445,0.020282,0.020132,0.019997,0.019876,0.019769,0.019676,0.019596,0.019527,0.019472,0.01943,0.0194,0.019382
1.9707e-14,0.73771,0.52785,0.572,3.702,0.50243,0.30323,0.37114,2.4297,0.21926,0.11554,0.08749,0.073113,0.063693,0.057015,0.051908,0.047779,0.044388,0.041514,0.03905,0.036925,0.035011,0.033351,0.031867,0.030528,0.029335,0.028249,0.027256,0.026362,0.025527,0.024767,0.024066,0.023467,0.022828,0.022276,0.021764,0.021288,0.02085,0.020439,0.020058,0.019698,0.019373,0.019066,0.01878,0.018509,0.018268,0.018039,0.017827,0.017632,0.01745,0.017283,0.01713,0.016992,0.016866,0.016752,0.016649,0.016563,0.016479,0.01641,0.016353,0.016306,0.016271,0.016245,0.01623
1.4611e-14,0.6109,0.42552,0.49393,3.2341,0.353,0.21896,0.27533,1.7063,0.1775,0.092964,0.071659,0.060207,0.052636,0.047149,0.042876,0.039428,0.036586,0.034182,0.032119,0.030359,0.028758,0.027377,0.026141,0.025041,0.024041,0.02314,0.022314,0.021573,0.020884,0.020255,0.019677,0.019208,0.018652,0.018196,0.017775,0.017381,0.017021,0.016682,0.016368,0.016079,0.015804,0.015551,0.015317,0.015094,0.014894,0.014705,0.01453,0.01437,0.01422,0.014083,0.013958,0.013842,0.013738,0.013644,0.013559,0.013482,0.013418,0.013361,0.013315,0.013275,0.013245,0.013223,0.01321
9.5284e-15,0.44917,0.28919,0.38234,2.3576,0.32723,0.19046,0.19867,1.4029,0.1138,0.064771,0.051145,0.043782,0.038628,0.034827,0.031832,0.029389,0.02736,0.025634,0.024144,0.022856,0.021693,0.02068,0.019774,0.01896,0.018223,0.017557,0.016948,0.016399,0.015884,0.015416,0.014985,0.01459,0.01422,0.013879,0.013563,0.013269,0.012998,0.012745,0.012508,0.01229,0.012085,0.011895,0.011718,0.011549,0.011401,0.011259,0.011128,0.011007,0.010895,0.010792,0.010697,0.010612,0.010534,0.010463,0.0104,0.010342,0.010295,0.010252,0.010217,0.010187,0.010166,0.01015,0.01014
3.2379e-14,1.055,0.76481,0.77927,5.3772,0.61046,0.388,0.50422,3.4937,0.30276,0.14896,0.11282,0.094338,0.082467,0.073828,0.067129,0.061723,0.057297,0.053558,0.050344,0.047594,0.045107,0.042947,0.041018,0.039283,0.037729,0.036322,0.035033,0.033861,0.03279,0.031805,0.030897,0.030103,0.029293,0.028579,0.027915,0.027297,0.026732,0.026201,0.025707,0.025247,0.024822,0.024425,0.024056,0.023713,0.023394,0.023098,0.022823,0.022571,0.022336,0.02212,0.021924,0.021739,0.021581,0.021433,0.021301,0.021184,0.021082,0.020993,0.020919,0.020859,0.020812,0.020778,0.020759
2.5875e-14,0.91227,0.63229,0.59006,4.7955,0.47235,0.3215,0.42673,2.6464,0.24262,0.12427,0.093539,0.078092,0.067613,0.060362,0.054822,0.050391,0.046826,0.043807,0.041221,0.038977,0.037003,0.035262,0.033706,0.032302,0.031051,0.029908,0.028867,0.02793,0.02705,0.026251,0.025515,0.024892,0.024211,0.023629,0.023089,0.022592,0.022126,0.021693,0.021292,0.02091,0.02057,0.020246,0.019945,0.019652,0.019405,0.019163,0.018939,0.018734,0.018542,0.018366,0.018206,0.018068,0.017926,0.017806,0.017698,0.017609,0.017519,0.017447,0.017387,0.017334,0.0173,0.017273,0.017257
2.2761e-14,0.88954,0.65953,0.67618,4.6086,0.50776,0.30639,0.38332,2.8103,0.25458,0.13421,0.099348,0.081186,0.069852,0.061857,0.055793,0.050978,0.047106,0.043854,0.041089,0.038738,0.036641,0.034824,0.03321,0.031773,0.030481,0.029314,0.02825,0.027296,0.026411,0.025604,0.024863,0.024257,0.023556,0.022974,0.022436,0.021937,0.021476,0.021045,0.020647,0.020275,0.019932,0.019611,0.019314,0.019031,0.018779,0.018541,0.018321,0.018118,0.017929,0.017756,0.017598,0.017456,0.017322,0.017204,0.017098,0.017007,0.016922,0.016852,0.016793,0.016743,0.016707,0.01668,0.016664
1.8457e-14,0.75145,0.50157,0.5393,3.7966,0.4353,0.24431,0.29714,1.9465,0.21126,0.11011,0.085836,0.072583,0.0636,0.057171,0.052161,0.048101,0.04474,0.041885,0.039431,0.03731,0.035405,0.033742,0.032254,0.030914,0.029713,0.028622,0.027623,0.026722,0.025884,0.025118,0.024413,0.023801,0.023163,0.022605,0.022089,0.021609,0.021166,0.020751,0.020367,0.020007,0.019675,0.019365,0.019077,0.018802,0.018558,0.018327,0.018113,0.017916,0.017732,0.017564,0.01741,0.017272,0.017142,0.017027,0.016924,0.016834,0.016753,0.016684,0.016627,0.016578,0.016543,0.016518,0.016502
1.5053e-14,0.67478,0.415,0.54438,3.5356,0.41701,0.26407,0.29263,1.8307,0.21404,0.11596,0.088298,0.074051,0.064704,0.058096,0.052953,0.048791,0.045344,0.042424,0.039918,0.037754,0.035811,0.034119,0.032605,0.031245,0.030023,0.028914,0.027902,0.026984,0.026138,0.025362,0.024648,0.024019,0.023382,0.022817,0.022294,0.021806,0.021359,0.020939,0.020549,0.020185,0.019849,0.019535,0.019243,0.018971,0.018718,0.018484,0.018267,0.018066,0.01788,0.017709,0.017553,0.017407,0.01728,0.017163,0.017058,0.016966,0.016882,0.016812,0.016752,0.016703,0.016664,0.016637,0.016619
3.0227e-14,1.1499,0.79778,0.74112,5.2514,0.50474,0.32047,0.34621,2.4646,0.24392,0.13725,0.11161,0.09704,0.086501,0.07862,0.072323,0.067088,0.062721,0.05895,0.055679,0.052839,0.05025,0.047983,0.045948,0.04411,0.042445,0.040934,0.039549,0.038295,0.037123,0.036053,0.035064,0.034207,0.03331,0.032525,0.031797,0.031118,0.030493,0.029907,0.029364,0.028854,0.028382,0.027942,0.027533,0.027142,0.026797,0.026468,0.026163,0.025882,0.02562,0.025381,0.025161,0.024959,0.024779,0.024614,0.024466,0.024337,0.024221,0.024123,0.02404,0.02397,0.023919,0.023881,0.023858
3.2564e-14,1.2251,0.83466,0.86304,5.8609,0.65445,0.38937,0.44889,3.2894,0.29124,0.17578,0.13819,0.11775,0.10397,0.09366,0.085568,0.078962,0.07348,0.068813,0.064801,0.061287,0.058212,0.055483,0.053044,0.050845,0.048876,0.047085,0.045451,0.043957,0.042595,0.041341,0.040182,0.039143,0.038134,0.037219,0.036372,0.035588,0.034855,0.034174,0.033545,0.032947,0.032408,0.031898,0.031425,0.030984,0.030573,0.030193,0.029841,0.029516,0.029215,0.028939,0.028686,0.028459,0.028245,0.028055,0.027886,0.027742,0.027604,0.027492,0.027396,0.027318,0.027259,0.027216,0.02719
2.2582e-14,0.81828,0.68719,0.74065,3.7357,0.49484,0.27494,0.29478,2.0315,0.21967,0.118,0.090123,0.075491,0.065418,0.058308,0.052826,0.048412,0.044828,0.041798,0.039205,0.036955,0.035,0.03328,0.031747,0.030373,0.029145,0.028033,0.027015,0.026096,0.025254,0.024482,0.023772,0.023218,0.022517,0.021959,0.021442,0.020965,0.020521,0.020107,0.019723,0.019362,0.019035,0.018726,0.018441,0.018174,0.017926,0.017696,0.017484,0.017289,0.017106,0.01694,0.016788,0.01665,0.016521,0.016407,0.016304,0.016218,0.016134,0.016065,0.016008,0.015961,0.015925,0.015899,0.015883
2.6581e-14,0.94798,0.65827,0.67087,4.9575,0.60766,0.34034,0.3654,2.5019,0.2515,0.13694,0.10521,0.08837,0.077165,0.06909,0.062836,0.057806,0.053671,0.050178,0.047183,0.044601,0.042298,0.040286,0.03849,0.03688,0.035428,0.034113,0.032915,0.031826,0.030824,0.029905,0.029059,0.028311,0.027562,0.026894,0.026275,0.0257,0.02517,0.024673,0.024212,0.023781,0.023384,0.023012,0.022666,0.022342,0.022046,0.021768,0.021512,0.021275,0.021055,0.020853,0.020668,0.020498,0.020346,0.020207,0.020083,0.019975,0.019877,0.019793,0.019723,0.019666,0.019623,0.019591,0.019572
1.8316e-14,0.68117,0.38158,0.47463,3.3014,0.40626,0.24969,0.27732,1.8196,0.20109,0.10857,0.083385,0.069753,0.060965,0.054593,0.049656,0.045681,0.042408,0.039639,0.037267,0.035213,0.033396,0.0318,0.030378,0.029107,0.027954,0.026915,0.025969,0.025106,0.024318,0.023593,0.022927,0.022331,0.021746,0.02122,0.020733,0.020281,0.019862,0.019472,0.01911,0.018772,0.018458,0.018166,0.017894,0.017643,0.017407,0.017189,0.016988,0.016802,0.016629,0.016472,0.016327,0.016194,0.016075,0.015967,0.01587,0.015784,0.015709,0.015644,0.01559,0.015546,0.015512,0.015487,0.015472
7.7995e-14,2.6527,1.5704,1.66,12.449,1.2304,0.73652,0.82357,5.7604,0.54747,0.34204,0.2734,0.23484,0.20849,0.18875,0.17314,0.16033,0.14962,0.14045,0.13253,0.12565,0.11943,0.11398,0.1091,0.1047,0.10071,0.097091,0.09379,0.090768,0.087995,0.085445,0.08309,0.080952,0.078909,0.07704,0.075308,0.073696,0.072209,0.070815,0.069521,0.068314,0.067189,0.066144,0.06517,0.064264,0.063425,0.062644,0.061919,0.06125,0.06063,0.060062,0.05954,0.059065,0.058635,0.058243,0.057893,0.057583,0.057312,0.057079,0.056881,0.056722,0.056598,0.056509,0.056455
3.4304e-14,1.4091,0.94563,1.0035,7.2471,0.57679,0.38033,0.33888,2.5493,0.25566,0.16005,0.13108,0.11434,0.10227,0.093145,0.085794,0.079682,0.074508,0.070053,0.066176,0.062807,0.059737,0.057042,0.05462,0.052444,0.05045,0.048649,0.047,0.045509,0.044107,0.042832,0.041653,0.040587,0.039558,0.038622,0.037754,0.036945,0.036197,0.035499,0.034849,0.03425,0.033678,0.033152,0.032663,0.032192,0.031784,0.031391,0.031026,0.03069,0.030378,0.030091,0.029829,0.029591,0.029371,0.029174,0.028997,0.028835,0.028704,0.028586,0.028487,0.028403,0.028344,0.028299,0.028272
2.3271e-14,0.77852,0.6102,0.72324,3.5895,0.47724,0.27424,0.32378,1.9035,0.24523,0.1361,0.10574,0.089339,0.07854,0.070538,0.064308,0.059257,0.055083,0.051541,0.048499,0.045877,0.04352,0.041461,0.039623,0.037975,0.036484,0.035135,0.033907,0.032788,0.031757,0.030813,0.029942,0.029152,0.028403,0.027715,0.027079,0.026485,0.02594,0.025429,0.024955,0.024514,0.024101,0.023719,0.023362,0.023028,0.022724,0.022439,0.022174,0.02193,0.021704,0.021496,0.021305,0.02113,0.020975,0.020831,0.020704,0.020589,0.020491,0.020406,0.020333,0.020274,0.020229,0.020196,0.020177
2.7424e-14,1.0047,0.8147,0.87795,4.9986,0.51223,0.32507,0.42013,2.3597,0.22593,0.13157,0.10195,0.086169,0.075467,0.067844,0.061926,0.057137,0.053194,0.049837,0.046946,0.044441,0.042205,0.040246,0.038489,0.036924,0.03549,0.034199,0.033014,0.031951,0.030956,0.030048,0.029212,0.028525,0.02773,0.027068,0.026454,0.025886,0.025358,0.024864,0.024407,0.023994,0.023585,0.023216,0.022874,0.022547,0.022257,0.021981,0.021726,0.021492,0.021273,0.021073,0.020889,0.020725,0.02057,0.020433,0.020311,0.020191,0.020107,0.020024,0.019957,0.019898,0.019857,0.019826,0.019807
1.907e-14,0.69926,0.39485,0.51168,3.3213,0.3846,0.22291,0.26978,1.8626,0.18424,0.10468,0.080547,0.067376,0.058872,0.052628,0.047793,0.043906,0.040716,0.038023,0.035718,0.033745,0.031971,0.030427,0.029053,0.027824,0.026716,0.025714,0.024803,0.023975,0.023213,0.022516,0.021875,0.021296,0.020738,0.020233,0.019765,0.019329,0.018929,0.018555,0.018207,0.017882,0.017582,0.017302,0.017041,0.016798,0.016574,0.016365,0.016172,0.015993,0.015829,0.015677,0.015538,0.015408,0.015295,0.015191,0.015098,0.015016,0.014943,0.01488,0.014827,0.014785,0.014751,0.014726,0.014712
1.2247e-14,0.59527,0.31955,0.46907,3.0366,0.37806,0.23383,0.26791,1.6015,0.14948,0.085343,0.067493,0.057893,0.051393,0.0465,0.042616,0.039431,0.036759,0.034475,0.032502,0.030774,0.029245,0.027893,0.026682,0.025589,0.024606,0.023712,0.022894,0.022151,0.021466,0.020837,0.020258,0.01975,0.019228,0.018769,0.018344,0.017949,0.017582,0.01724,0.016923,0.016625,0.016352,0.016096,0.015858,0.015633,0.01543,0.015238,0.015061,0.014898,0.014746,0.014607,0.01448,0.014365,0.014258,0.014162,0.014077,0.014003,0.013935,0.013878,0.01383,0.01379,0.01376,0.013738,0.013725
1.2299e-14,0.56967,0.36663,0.48154,2.8105,0.34564,0.26135,0.26721,1.6038,0.16138,0.089964,0.070312,0.059757,0.052458,0.047168,0.043022,0.039643,0.036856,0.034485,0.032443,0.030678,0.029095,0.027715,0.02648,0.025372,0.024372,0.023469,0.022642,0.021897,0.021202,0.020569,0.019986,0.019488,0.018953,0.018493,0.018067,0.01767,0.017305,0.016963,0.016645,0.01635,0.016075,0.015819,0.015581,0.015356,0.015154,0.014963,0.014786,0.014624,0.014472,0.014333,0.014206,0.01409,0.013985,0.01389,0.013805,0.013728,0.013663,0.013605,0.013558,0.013518,0.013489,0.013467,0.013454
1.1884e-14,0.54218,0.38804,0.43735,2.6067,0.31769,0.23137,0.31154,1.9427,0.18196,0.1028,0.077169,0.063591,0.0548,0.048506,0.043712,0.039896,0.036811,0.034226,0.03203,0.030149,0.028493,0.027053,0.025774,0.024635,0.023614,0.022694,0.021856,0.021105,0.020407,0.019773,0.01919,0.018688,0.018163,0.017707,0.017284,0.016895,0.016532,0.016196,0.015883,0.015595,0.015324,0.015074,0.014841,0.014619,0.014424,0.014238,0.014065,0.013906,0.013759,0.013624,0.013501,0.013392,0.013286,0.013193,0.013111,0.013036,0.012973,0.012918,0.012872,0.012832,0.012804,0.012783,0.012771
3.911e-14,1.5303,0.95589,1.1051,8.4975,0.64022,0.45737,0.42632,2.8531,0.27218,0.16423,0.13031,0.11139,0.098575,0.089122,0.081688,0.075582,0.070536,0.066199,0.062443,0.059159,0.056256,0.05368,0.051368,0.049284,0.04741,0.0457,0.044133,0.042706,0.041399,0.040193,0.039081,0.038143,0.037109,0.036227,0.03541,0.034654,0.033948,0.03329,0.03268,0.032111,0.031583,0.031089,0.030632,0.030204,0.029808,0.029439,0.029099,0.028785,0.028493,0.028226,0.027981,0.027761,0.027554,0.02737,0.027206,0.027061,0.026932,0.026823,0.026732,0.026656,0.026599,0.026558,0.026533
2.5088e-14,0.85757,0.56607,0.74522,4.3205,0.50058,0.27368,0.31952,2.0836,0.18214,0.10528,0.082049,0.069514,0.061068,0.054938,0.050172,0.046294,0.043078,0.040339,0.037987,0.035936,0.034114,0.032513,0.03108,0.029778,0.028627,0.027574,0.026611,0.025742,0.024931,0.024192,0.02351,0.022934,0.022305,0.021765,0.021267,0.020803,0.020374,0.019973,0.019602,0.019248,0.018932,0.018633,0.018354,0.018088,0.017852,0.017629,0.017421,0.017231,0.017053,0.016891,0.016741,0.016607,0.016482,0.01637,0.01627,0.016186,0.016104,0.016037,0.015981,0.015934,0.0159,0.015875,0.01586
2.446e-14,0.91168,0.64779,0.8684,5.3436,0.58681,0.3124,0.36033,2.2408,0.26106,0.14603,0.11241,0.095578,0.084114,0.075697,0.069113,0.06374,0.059319,0.055545,0.052299,0.049526,0.046962,0.044759,0.042787,0.04102,0.03942,0.037973,0.036646,0.035446,0.03434,0.033325,0.03239,0.031601,0.030732,0.029993,0.029309,0.028665,0.028084,0.027534,0.027023,0.026551,0.026107,0.025695,0.025313,0.024962,0.024625,0.024318,0.024034,0.023773,0.023529,0.023306,0.023101,0.022902,0.022746,0.022593,0.022456,0.022334,0.022229,0.022136,0.022061,0.022002,0.021949,0.021915,0.021894
2.3281e-14,0.73611,0.52004,0.65111,3.7629,0.48148,0.29228,0.3399,2.4109,0.22771,0.11808,0.08713,0.071781,0.062029,0.055005,0.049658,0.045397,0.041957,0.039066,0.036608,0.034493,0.032634,0.03101,0.029565,0.028268,0.027119,0.026074,0.025122,0.024262,0.023471,0.022748,0.022083,0.021528,0.020909,0.020386,0.019904,0.019456,0.019041,0.018655,0.018296,0.017957,0.017654,0.017365,0.017098,0.016846,0.016617,0.016402,0.016204,0.016021,0.01585,0.015694,0.015551,0.015421,0.015302,0.015194,0.015098,0.015018,0.014938,0.014873,0.014819,0.014774,0.01474,0.014716,0.014701
1.8323e-14,0.80313,0.45409,0.65317,4.1851,0.48103,0.28817,0.32159,2.1681,0.22701,0.1241,0.098249,0.083968,0.074228,0.066967,0.06126,0.056605,0.052736,0.049436,0.046595,0.044132,0.041909,0.039969,0.038232,0.036673,0.035256,0.033978,0.032807,0.031741,0.030763,0.029863,0.029033,0.028293,0.027561,0.026904,0.026295,0.025728,0.025206,0.024717,0.024262,0.023841,0.023444,0.023077,0.022737,0.02242,0.022123,0.021849,0.021596,0.021362,0.021145,0.020946,0.020763,0.020594,0.020445,0.020309,0.020186,0.020075,0.019984,0.019901,0.019833,0.019778,0.019733,0.019703,0.019684
1.0505e-14,0.67608,0.38118,0.52421,3.3091,0.37714,0.24279,0.26886,1.6992,0.19387,0.10145,0.077049,0.06463,0.056419,0.050442,0.045821,0.042092,0.039037,0.036452,0.034241,0.032341,0.030635,0.029155,0.027835,0.026653,0.025589,0.024626,0.023749,0.022951,0.022224,0.021554,0.020938,0.020406,0.019847,0.019362,0.018913,0.018494,0.018111,0.017751,0.017417,0.017107,0.016818,0.016549,0.016299,0.01607,0.015851,0.015651,0.015466,0.015295,0.015137,0.014992,0.014859,0.014734,0.014627,0.014528,0.014439,0.01436,0.014291,0.014232,0.014182,0.014143,0.01411,0.014088,0.014074
1.541e-14,0.63328,0.45025,0.69246,3.8275,0.37786,0.22919,0.25021,1.7176,0.19539,0.10982,0.086538,0.073508,0.064575,0.058041,0.052958,0.048848,0.045443,0.042547,0.040059,0.0379,0.035975,0.034288,0.032779,0.031426,0.030204,0.029096,0.028084,0.027171,0.02632,0.025544,0.024829,0.02422,0.023564,0.022998,0.022475,0.02199,0.021539,0.021119,0.020729,0.02037,0.020029,0.019714,0.019422,0.019143,0.018897,0.018663,0.018446,0.018246,0.01806,0.01789,0.017733,0.017595,0.017463,0.017346,0.017242,0.017145,0.017068,0.016999,0.01694,0.016891,0.016856,0.016829,0.016813
4.3329e-14,1.4458,0.91519,1.0629,9.2524,0.67157,0.40682,0.40072,2.3559,0.23182,0.15067,0.12315,0.10708,0.095707,0.08698,0.079968,0.074122,0.06927,0.065067,0.061415,0.058275,0.055375,0.052854,0.050588,0.04855,0.0467,0.045023,0.043477,0.042078,0.04079,0.039602,0.038507,0.037625,0.036563,0.035693,0.034888,0.034136,0.033444,0.032796,0.032194,0.031638,0.031111,0.030624,0.030174,0.029749,0.029358,0.028995,0.028659,0.028349,0.02806,0.027796,0.027554,0.02733,0.027131,0.02695,0.026788,0.02664,0.026518,0.02641,0.026321,0.026245,0.026188,0.026147,0.026123
2.7047e-14,0.92415,0.67335,1.0006,4.801,0.6141,0.31032,0.39259,3.0951,0.24379,0.1391,0.10761,0.09102,0.079618,0.071391,0.064989,0.059786,0.055549,0.051932,0.048827,0.04615,0.043763,0.041679,0.039819,0.038151,0.036648,0.035286,0.03404,0.032917,0.031876,0.030924,0.030048,0.029351,0.028494,0.027802,0.027162,0.026568,0.026016,0.025502,0.025026,0.024584,0.024168,0.023783,0.023427,0.023088,0.022784,0.022497,0.022231,0.021987,0.021759,0.021551,0.02136,0.021188,0.021026,0.020883,0.020755,0.020639,0.020541,0.020455,0.020384,0.020323,0.020279,0.020246,0.020226
2.8669e-14,1.1573,0.82572,1.3058,7.1843,0.7618,0.44609,0.43848,2.2955,0.26008,0.16667,0.13715,0.12003,0.10769,0.098217,0.090541,0.084123,0.078713,0.074034,0.069955,0.066429,0.06316,0.06032,0.057764,0.055448,0.053367,0.051467,0.049724,0.048144,0.046671,0.045324,0.044082,0.043031,0.041871,0.040885,0.039969,0.039111,0.038329,0.037591,0.036905,0.03626,0.035673,0.035119,0.034605,0.03412,0.033679,0.033265,0.032882,0.03253,0.032201,0.0319,0.031624,0.031364,0.031144,0.030938,0.030753,0.030595,0.030446,0.030322,0.03022,0.030136,0.03007,0.030024,0.029996
2.5369e-14,0.9476,0.71222,0.92703,4.2272,0.60934,0.35997,0.39218,2.4922,0.24102,0.13357,0.10399,0.08826,0.077509,0.069634,0.06346,0.05844,0.05429,0.050764,0.04773,0.045097,0.042767,0.040721,0.038892,0.037249,0.035777,0.034442,0.033219,0.032117,0.031096,0.030163,0.029304,0.028572,0.027783,0.027106,0.026479,0.025899,0.025358,0.024856,0.024389,0.023953,0.023553,0.023177,0.022829,0.022496,0.022202,0.021922,0.021663,0.021425,0.021203,0.020999,0.020813,0.02065,0.020489,0.02035,0.020225,0.020117,0.020018,0.019934,0.019865,0.019804,0.019763,0.019731,0.019712
1.6263e-14,0.71266,0.4755,0.65961,3.8706,0.41565,0.2293,0.28124,1.795,0.20412,0.11204,0.086907,0.073864,0.06512,0.058643,0.053569,0.049447,0.046004,0.043084,0.040573,0.038397,0.036441,0.034731,0.033202,0.031821,0.030591,0.029466,0.028442,0.027505,0.026648,0.02586,0.025133,0.024469,0.023846,0.023272,0.02274,0.022244,0.021788,0.021361,0.020964,0.02059,0.020251,0.019931,0.019633,0.019357,0.0191,0.018861,0.018639,0.018435,0.018246,0.018072,0.017912,0.017766,0.017636,0.017516,0.01741,0.017319,0.017232,0.017161,0.0171,0.017052,0.017013,0.016986,0.01697
2.64e-14,1.2953,0.77493,0.88792,7.7496,0.52626,0.29983,0.3242,2.2784,0.21244,0.13686,0.11314,0.099252,0.089294,0.08156,0.075295,0.070073,0.065649,0.061824,0.058485,0.055605,0.052921,0.050585,0.048481,0.046586,0.044851,0.043278,0.041837,0.040523,0.039306,0.038188,0.037156,0.036244,0.035316,0.034493,0.033729,0.033015,0.03236,0.031745,0.031172,0.030645,0.03014,0.029677,0.029246,0.028842,0.02847,0.028124,0.027804,0.027507,0.027232,0.02698,0.026749,0.026533,0.026345,0.026172,0.026017,0.025873,0.025759,0.025655,0.025569,0.025498,0.025443,0.025404,0.02538
2.0572e-14,0.73179,0.59779,0.9056,4.0819,0.46675,0.27489,0.32407,2.429,0.23482,0.13001,0.10016,0.084786,0.074351,0.066684,0.060697,0.055839,0.051857,0.048469,0.045555,0.043051,0.040804,0.038843,0.037093,0.035531,0.034112,0.032832,0.031667,0.030608,0.029635,0.028743,0.027923,0.027222,0.026468,0.025821,0.025221,0.024663,0.024149,0.023669,0.023223,0.022811,0.022422,0.022062,0.021729,0.021419,0.021129,0.020862,0.020615,0.020386,0.020174,0.019979,0.019802,0.019636,0.019492,0.019359,0.019239,0.019131,0.019042,0.018962,0.018895,0.018841,0.018799,0.018769,0.01875
2.3881e-14,1.0932,0.7692,1.2438,7.8851,0.63086,0.39666,0.3635,2.0418,0.23668,0.14612,0.11887,0.10355,0.092461,0.084102,0.077357,0.071745,0.067042,0.062985,0.05946,0.056427,0.053605,0.051164,0.048972,0.046998,0.045205,0.043582,0.042092,0.04074,0.039487,0.038338,0.037279,0.036376,0.035396,0.034557,0.033778,0.033046,0.032382,0.031756,0.031173,0.030628,0.030125,0.029655,0.029218,0.02881,0.028432,0.028081,0.027755,0.027456,0.027178,0.026922,0.026688,0.026464,0.02628,0.026105,0.025948,0.025813,0.025688,0.025582,0.025495,0.025426,0.025368,0.025329,0.025306
1.7223e-14,0.71007,0.53603,0.77309,4.8359,0.48518,0.28279,0.31387,1.8413,0.21025,0.11925,0.092029,0.078055,0.068562,0.061669,0.056296,0.051932,0.048325,0.04526,0.042623,0.040367,0.038293,0.036504,0.034903,0.03346,0.032166,0.03099,0.029916,0.028943,0.028039,0.027213,0.026453,0.025774,0.025103,0.024502,0.023945,0.023422,0.022947,0.0225,0.022084,0.021694,0.021336,0.021001,0.02069,0.020397,0.02013,0.01988,0.019648,0.019434,0.019236,0.019055,0.018888,0.01873,0.018598,0.018474,0.018362,0.018266,0.018177,0.018102,0.01804,0.01799,0.01795,0.017922,0.017905
1.7583e-14,0.76755,0.54859,0.82619,5.2158,0.49207,0.29494,0.33393,2.07,0.20661,0.12034,0.095976,0.083102,0.074153,0.067408,0.062024,0.057575,0.053831,0.050614,0.047817,0.045395,0.043177,0.041239,0.039496,0.037924,0.036499,0.035202,0.034016,0.032933,0.031935,0.031017,0.030169,0.029404,0.028663,0.027989,0.027364,0.026781,0.026245,0.025741,0.025273,0.02484,0.024431,0.024053,0.023701,0.023373,0.023069,0.022786,0.022524,0.022282,0.022058,0.021852,0.021663,0.021488,0.021335,0.021193,0.021067,0.020952,0.020857,0.020772,0.020701,0.020644,0.020598,0.020566,0.020547
2.6737e-14,1.3946,0.87283,0.97557,8.5034,0.53656,0.32248,0.33151,2.0888,0.21696,0.14302,0.11878,0.10423,0.093889,0.085857,0.079328,0.07387,0.069226,0.065208,0.061697,0.058677,0.055833,0.053372,0.051154,0.049147,0.047323,0.045665,0.044144,0.042753,0.041471,0.04029,0.0392,0.038229,0.037256,0.036388,0.035582,0.034824,0.034135,0.033485,0.032879,0.032316,0.031789,0.031299,0.030844,0.030422,0.030025,0.029659,0.02932,0.029006,0.028716,0.028449,0.028205,0.027971,0.027779,0.027595,0.027431,0.027285,0.027159,0.027049,0.026958,0.026885,0.026825,0.026784,0.026759
1.7301e-14,0.76726,0.47105,0.8649,5.1355,0.41272,0.26359,0.25856,1.622,0.19192,0.10667,0.085485,0.07415,0.066327,0.060318,0.055496,0.051496,0.048138,0.045246,0.042727,0.040557,0.038557,0.036815,0.035248,0.033845,0.032555,0.031391,0.030325,0.029353,0.028458,0.027634,0.026874,0.026219,0.025523,0.02492,0.02436,0.023837,0.023357,0.022906,0.022488,0.022103,0.021734,0.021395,0.021081,0.020788,0.020515,0.020262,0.020028,0.019812,0.019611,0.019427,0.019259,0.019101,0.018965,0.018838,0.018725,0.018622,0.018538,0.018462,0.018399,0.018348,0.018307,0.018279,0.018262
2.4996e-14,1.2656,0.85431,1.2837,8.3286,0.54443,0.36411,0.39763,2.1578,0.2624,0.14147,0.11156,0.094961,0.08385,0.075564,0.069028,0.063684,0.059267,0.055493,0.052241,0.049471,0.046889,0.044679,0.0427,0.040928,0.039312,0.037861,0.036528,0.035323,0.034212,0.033192,0.032253,0.031454,0.030587,0.029846,0.029158,0.028511,0.027929,0.027377,0.026863,0.026391,0.025941,0.025528,0.025144,0.024788,0.024453,0.024145,0.023858,0.023595,0.02335,0.023125,0.022919,0.022718,0.02256,0.022405,0.022266,0.022139,0.022035,0.02194,0.021862,0.0218,0.021747,0.02171,0.021689
1.9877e-14,1.0457,0.7006,1.0742,6.9761,0.55169,0.35921,0.3896,2.0478,0.20639,0.12928,0.10584,0.092297,0.082619,0.075181,0.069193,0.064218,0.060017,0.056403,0.053263,0.050554,0.048039,0.045864,0.043906,0.042139,0.040537,0.039085,0.037751,0.036541,0.03542,0.034391,0.033441,0.032614,0.031755,0.031001,0.030302,0.029647,0.029051,0.028487,0.027965,0.027476,0.027022,0.0266,0.026208,0.025838,0.0255,0.025185,0.024892,0.024623,0.024372,0.024142,0.023931,0.023732,0.023564,0.023406,0.023264,0.02314,0.02303,0.022935,0.022857,0.022792,0.022741,0.022706,0.022684
1.6985e-14,0.70788,0.42773,0.68872,4.2269,0.40171,0.25072,0.26838,1.5819,0.157,0.093792,0.074453,0.064031,0.056946,0.051658,0.047456,0.043993,0.041094,0.038604,0.036444,0.03457,0.032866,0.031377,0.030038,0.028836,0.027738,0.026745,0.025833,0.025007,0.024242,0.023539,0.022891,0.022363,0.02174,0.021225,0.020748,0.020304,0.019894,0.01951,0.019153,0.018828,0.018511,0.018223,0.017955,0.017701,0.017473,0.017257,0.017058,0.016874,0.016703,0.016546,0.016402,0.016272,0.016152,0.016044,0.015948,0.015855,0.015787,0.015722,0.015669,0.015623,0.01559,0.015565,0.01555
1.4699e-14,0.68368,0.35434,0.38362,2.4531,0.28527,0.19211,0.2072,1.388,0.11622,0.070886,0.05636,0.04789,0.04232,0.038075,0.034735,0.032014,0.029746,0.027824,0.026169,0.024737,0.023454,0.022336,0.021336,0.020439,0.019634,0.018904,0.018236,0.017633,0.017074,0.016563,0.016093,0.015689,0.01526,0.014888,0.014545,0.014225,0.013931,0.013654,0.013398,0.01316,0.012939,0.012733,0.012541,0.01236,0.012197,0.012044,0.011901,0.01177,0.011648,0.011537,0.011434,0.011342,0.011257,0.01118,0.011111,0.011051,0.010997,0.010951,0.010913,0.010881,0.010857,0.010839,0.010829
1.3599e-14,0.5398,0.3024,0.36672,2.4418,0.30902,0.19225,0.25852,1.3436,0.13031,0.072557,0.055899,0.046734,0.040928,0.036623,0.033294,0.030621,0.028434,0.026578,0.024987,0.023617,0.022389,0.021319,0.020364,0.019507,0.018737,0.01804,0.017404,0.016827,0.016296,0.015809,0.015362,0.014976,0.014569,0.014216,0.013889,0.013585,0.013305,0.013043,0.0128,0.012573,0.012363,0.012167,0.011985,0.011814,0.011659,0.011513,0.011378,0.011254,0.011138,0.011032,0.010935,0.010847,0.010767,0.010694,0.010629,0.010572,0.010521,0.010478,0.010442,0.010412,0.01039,0.010373,0.010363
2.4784e-14,1.0088,0.65549,0.8494,4.8365,0.63647,0.45387,0.50998,2.9875,0.28993,0.15357,0.11435,0.094406,0.081368,0.072126,0.065058,0.059461,0.054912,0.051098,0.047849,0.045037,0.042565,0.040403,0.038482,0.036759,0.035223,0.033833,0.032569,0.031424,0.030373,0.029412,0.028529,0.027729,0.02697,0.026277,0.025637,0.025046,0.024495,0.023985,0.02351,0.023068,0.022659,0.022278,0.021924,0.021591,0.021288,0.021005,0.020743,0.0205,0.020276,0.020071,0.019881,0.019715,0.019553,0.019411,0.019284,0.019173,0.019074,0.018989,0.018918,0.018857,0.018814,0.018783,0.018763
2.7187e-14,1.4304,0.93269,0.9749,10.006,0.62605,0.38394,0.38945,2.5135,0.22301,0.15076,0.12788,0.11358,0.1031,0.094715,0.087796,0.081935,0.076925,0.072558,0.068723,0.065431,0.062286,0.059574,0.057123,0.054902,0.052885,0.051044,0.049354,0.047806,0.046383,0.045069,0.043855,0.042785,0.041691,0.040723,0.039824,0.038977,0.03821,0.037484,0.036808,0.036179,0.035592,0.035045,0.034536,0.034067,0.033621,0.033213,0.032834,0.032484,0.032159,0.031861,0.031588,0.031322,0.031111,0.030907,0.030723,0.03056,0.030418,0.030296,0.030194,0.030114,0.030045,0.029999,0.029971
1.5391e-14,0.80176,0.48058,0.78352,5.8191,0.46073,0.25978,0.26499,1.7222,0.16759,0.10819,0.09099,0.08023,0.072387,0.066205,0.061149,0.056902,0.053303,0.050184,0.047454,0.045108,0.042911,0.041005,0.039289,0.03775,0.036331,0.035049,0.033875,0.032806,0.03181,0.030899,0.030057,0.029318,0.028557,0.027888,0.027265,0.026683,0.02615,0.025648,0.02518,0.024751,0.02434,0.023963,0.023611,0.023278,0.02298,0.022697,0.022435,0.022193,0.021968,0.021762,0.021573,0.021398,0.021244,0.021102,0.020975,0.020858,0.020763,0.020677,0.020606,0.020546,0.020501,0.020468,0.020449
2.3173e-14,1.2967,0.81152,1.5659,9.6674,0.57956,0.39475,0.33904,1.9557,0.22622,0.15019,0.12456,0.10885,0.097468,0.088667,0.08156,0.075671,0.070755,0.066499,0.062795,0.059639,0.056639,0.054068,0.051756,0.049687,0.04778,0.046062,0.044485,0.043049,0.041729,0.040512,0.039389,0.03846,0.037395,0.036503,0.035677,0.034897,0.034196,0.033531,0.032913,0.032347,0.031799,0.031299,0.030834,0.030409,0.029997,0.029624,0.029278,0.028959,0.028661,0.028389,0.028139,0.027891,0.027703,0.027516,0.027348,0.02719,0.027068,0.026956,0.026862,0.02679,0.026725,0.026682,0.026656
1.3734e-14,0.86363,0.53258,0.87356,5.2025,0.48565,0.30833,0.29116,2.0276,0.20169,0.12259,0.098793,0.085434,0.076055,0.069002,0.063373,0.058705,0.054831,0.051487,0.048589,0.046092,0.043788,0.041793,0.039998,0.038385,0.03692,0.035593,0.034371,0.033273,0.032246,0.031308,0.030442,0.029748,0.028905,0.028219,0.027583,0.026988,0.026444,0.025931,0.025456,0.025016,0.0246,0.024215,0.023859,0.023519,0.023215,0.022928,0.022662,0.022418,0.02219,0.021981,0.021789,0.02161,0.021455,0.021312,0.021184,0.021067,0.02097,0.020884,0.020813,0.020753,0.020708,0.020676,0.020657
1.3979e-14,0.52417,0.40463,0.55787,3.1648,0.35701,0.20993,0.22054,1.5981,0.15064,0.092336,0.072796,0.06216,0.055024,0.049658,0.04542,0.04194,0.039067,0.036606,0.03448,0.032652,0.030983,0.029534,0.028236,0.027063,0.026016,0.025061,0.024186,0.023397,0.022662,0.021991,0.021372,0.02086,0.020275,0.019786,0.019333,0.018909,0.018522,0.018158,0.017819,0.017503,0.017211,0.016938,0.016685,0.016445,0.016229,0.016025,0.015837,0.015663,0.015501,0.015353,0.015217,0.01509,0.014981,0.014879,0.014788,0.014707,0.014636,0.014575,0.014524,0.014481,0.014449,0.014426,0.014412
1.1813e-14,0.59029,0.4007,0.58911,3.7674,0.48049,0.27833,0.28303,1.5416,0.17303,0.10343,0.082016,0.070256,0.062239,0.05629,0.051593,0.047736,0.044516,0.041763,0.039385,0.037332,0.03546,0.033831,0.032371,0.031055,0.029867,0.028789,0.027802,0.026905,0.026076,0.025316,0.024614,0.023995,0.023369,0.022813,0.022297,0.021816,0.021375,0.020961,0.020576,0.020214,0.019883,0.019573,0.019283,0.019013,0.018765,0.018533,0.018318,0.018119,0.017935,0.017767,0.017612,0.017467,0.017343,0.017227,0.017124,0.017035,0.016952,0.016882,0.016824,0.016778,0.016741,0.016715,0.016699
2.0516e-14,0.84481,0.53608,0.78012,4.1924,0.59662,0.39528,0.44561,2.6117,0.23633,0.12919,0.10155,0.086825,0.076407,0.06884,0.062873,0.058001,0.053954,0.050507,0.047536,0.044953,0.042651,0.040634,0.038829,0.03721,0.035747,0.034422,0.033212,0.032117,0.031102,0.030173,0.029319,0.028564,0.027806,0.02713,0.026505,0.025925,0.025388,0.024886,0.024421,0.02399,0.023585,0.02321,0.022861,0.02253,0.022235,0.021955,0.021696,0.021457,0.021235,0.021032,0.020845,0.020678,0.020522,0.020382,0.020257,0.020144,0.02005,0.019966,0.019896,0.019837,0.019794,0.019762,0.019743
3.0881e-14,1.3961,0.9431,0.97544,10.216,0.65108,0.39801,0.41729,2.7889,0.24446,0.1592,0.13319,0.11716,0.1059,0.096925,0.0896,0.083458,0.07824,0.073717,0.069763,0.066378,0.063157,0.060382,0.057879,0.055625,0.053561,0.051688,0.04997,0.048393,0.046954,0.045621,0.044389,0.043306,0.042197,0.041216,0.040306,0.039448,0.038673,0.037938,0.037255,0.036622,0.036024,0.035471,0.034958,0.034488,0.034033,0.033619,0.033237,0.032883,0.032555,0.032254,0.031978,0.031709,0.031497,0.03129,0.031105,0.030938,0.030798,0.030674,0.030571,0.030491,0.030421,0.030375,0.030346
1.7442e-14,0.81544,0.44168,0.77575,4.6831,0.47497,0.29973,0.37984,2.7738,0.26227,0.12846,0.096594,0.080671,0.070191,0.062886,0.057275,0.052749,0.049042,0.045894,0.043195,0.040845,0.038769,0.036943,0.035312,0.033853,0.032528,0.031332,0.030243,0.029251,0.028336,0.027499,0.026728,0.026052,0.025361,0.024752,0.024188,0.023664,0.023178,0.022726,0.022304,0.021917,0.021549,0.021209,0.020893,0.020596,0.020329,0.020075,0.019841,0.019625,0.019425,0.019241,0.019072,0.018922,0.01878,0.018654,0.018541,0.018438,0.018353,0.018277,0.018214,0.018161,0.018123,0.018094,0.018077
2.8313e-14,1.2006,0.8073,1.4201,8.141,0.65317,0.4232,0.3747,2.131,0.25316,0.16786,0.13922,0.12188,0.10953,0.099902,0.092084,0.085539,0.080053,0.075297,0.071158,0.067568,0.064261,0.061381,0.058787,0.056467,0.054329,0.052399,0.050626,0.049012,0.047529,0.04616,0.044897,0.043857,0.042651,0.041648,0.040717,0.039845,0.039049,0.038298,0.037599,0.036964,0.036346,0.035781,0.035258,0.034774,0.034314,0.033891,0.033501,0.033142,0.032806,0.0325,0.032217,0.031949,0.031727,0.031516,0.031327,0.031149,0.031012,0.030885,0.03078,0.030696,0.030625,0.030577,0.030548
1.6541e-14,0.7835,0.4642,0.72549,4.2314,0.43477,0.24002,0.29291,1.8277,0.20271,0.10947,0.085266,0.072233,0.063436,0.057003,0.051993,0.047953,0.044604,0.041773,0.039339,0.037251,0.035341,0.033688,0.032208,0.030875,0.02968,0.028593,0.027598,0.026696,0.025864,0.025101,0.024398,0.023776,0.02315,0.022595,0.02208,0.021598,0.021159,0.020745,0.02036,0.020002,0.01967,0.01936,0.019073,0.018803,0.018555,0.018323,0.018109,0.017912,0.017729,0.017561,0.017406,0.017262,0.017138,0.017023,0.016919,0.016828,0.016748,0.016678,0.016621,0.016574,0.016537,0.016511,0.016495
1.6788e-14,0.65189,0.42534,0.66562,3.8641,0.46157,0.25344,0.30708,1.6126,0.1977,0.11424,0.088711,0.074825,0.065585,0.058751,0.053432,0.049122,0.045581,0.042576,0.040004,0.037781,0.035793,0.034062,0.032518,0.031135,0.029891,0.028764,0.027737,0.026801,0.025947,0.025162,0.024439,0.023794,0.023159,0.022589,0.022062,0.021569,0.021119,0.020697,0.020304,0.01994,0.0196,0.019284,0.018991,0.018721,0.018464,0.018228,0.01801,0.017808,0.017621,0.017451,0.017293,0.017145,0.01702,0.016902,0.016797,0.016704,0.016621,0.01655,0.016491,0.016444,0.016404,0.016377,0.016361
1.2479e-14,0.77119,0.48617,0.69959,4.6348,0.59337,0.32933,0.3244,1.8203,0.21207,0.12579,0.099068,0.084476,0.074711,0.067466,0.061803,0.057182,0.053311,0.050013,0.047166,0.044705,0.042462,0.040512,0.038764,0.037198,0.035768,0.034481,0.0333,0.032231,0.031238,0.03033,0.029492,0.028747,0.028004,0.02734,0.026725,0.02615,0.025624,0.025129,0.024669,0.024245,0.023842,0.023471,0.023126,0.022802,0.022505,0.022228,0.021971,0.021735,0.021515,0.021314,0.021129,0.020956,0.020808,0.020669,0.020546,0.020433,0.02034,0.020257,0.020188,0.020132,0.020088,0.020057,0.020039
3.0767e-14,1.2636,0.85906,0.8542,8.5081,0.5657,0.33986,0.35472,2.5454,0.21873,0.1381,0.11441,0.10011,0.090156,0.082359,0.076051,0.070805,0.066357,0.062507,0.059144,0.056273,0.053527,0.051168,0.049041,0.047121,0.04537,0.043778,0.042319,0.040986,0.039756,0.038624,0.037578,0.036648,0.035715,0.034881,0.034108,0.033379,0.03272,0.032096,0.031516,0.030976,0.03047,0.03,0.029563,0.029157,0.028777,0.028426,0.0281,0.027799,0.02752,0.027264,0.027029,0.026803,0.02662,0.026444,0.026286,0.026145,0.026024,0.025919,0.025831,0.02576,0.025703,0.025663,0.025638
1.606e-14,0.66602,0.44925,0.74023,4.1569,0.43325,0.2677,0.38371,3.0043,0.24134,0.11232,0.0812,0.065788,0.056334,0.049676,0.044651,0.040681,0.037484,0.034813,0.032552,0.030601,0.02891,0.027429,0.026116,0.024947,0.023902,0.02296,0.022103,0.021333,0.02062,0.019972,0.019378,0.018866,0.018328,0.017863,0.017433,0.017036,0.016666,0.016324,0.016005,0.015713,0.015436,0.015181,0.014944,0.014717,0.014519,0.014329,0.014153,0.013991,0.013841,0.013704,0.013577,0.013467,0.013358,0.013264,0.013179,0.013101,0.013038,0.012982,0.012934,0.012894,0.012865,0.012844,0.012831
2.5451e-14,0.87129,0.56081,0.99,5.0902,0.48876,0.35385,0.41051,2.225,0.24019,0.13418,0.10517,0.088867,0.078302,0.070411,0.064233,0.059189,0.055043,0.051505,0.048467,0.045818,0.04347,0.04141,0.039568,0.03793,0.036425,0.035075,0.033842,0.032721,0.031692,0.030747,0.029877,0.029152,0.028335,0.027649,0.027013,0.026421,0.025876,0.025365,0.024891,0.024459,0.02404,0.023657,0.023302,0.022973,0.022665,0.02238,0.022116,0.021874,0.021647,0.02144,0.021249,0.021075,0.02092,0.020778,0.02065,0.02053,0.020438,0.020352,0.020281,0.020223,0.020177,0.020144,0.020125
2.0247e-14,0.77657,0.42193,0.63654,3.7185,0.42879,0.27883,0.31372,2.1856,0.21551,0.11181,0.083278,0.069323,0.06034,0.053981,0.0491,0.045184,0.041971,0.039253,0.036925,0.034903,0.03312,0.031551,0.03015,0.028897,0.027763,0.026737,0.025803,0.02495,0.024171,0.023454,0.022794,0.022205,0.021626,0.021104,0.020621,0.020173,0.019758,0.01937,0.019011,0.01868,0.018365,0.018076,0.017806,0.017557,0.017323,0.017106,0.016907,0.016722,0.016551,0.016394,0.01625,0.01612,0.016001,0.015893,0.015797,0.015709,0.015637,0.015573,0.015519,0.015476,0.015441,0.015417,0.015402
1.5758e-14,0.73209,0.46139,0.5824,3.6763,0.50708,0.29049,0.3169,2.3215,0.24364,0.13049,0.096903,0.079726,0.068759,0.060919,0.054958,0.050225,0.046362,0.04313,0.04039,0.038032,0.035955,0.034146,0.032541,0.03112,0.029825,0.028666,0.027614,0.026663,0.025786,0.024988,0.024254,0.023586,0.022956,0.02238,0.021848,0.021354,0.020899,0.020475,0.02008,0.019719,0.019374,0.019058,0.018764,0.018487,0.018237,0.018002,0.017784,0.017583,0.017398,0.017227,0.01707,0.016928,0.0168,0.016683,0.016579,0.016483,0.016405,0.016335,0.016277,0.016228,0.016191,0.016165,0.016149
3.0608e-14,1.4795,0.93611,0.99828,8.8929,0.56521,0.32974,0.383,2.5682,0.22312,0.14683,0.12212,0.10697,0.096217,0.087858,0.081087,0.075422,0.070639,0.066498,0.062886,0.059801,0.056867,0.054342,0.052071,0.05002,0.048154,0.046459,0.044908,0.043494,0.042184,0.040983,0.039871,0.038865,0.037896,0.037011,0.03619,0.035418,0.034718,0.034056,0.033441,0.032867,0.032331,0.031833,0.031369,0.030936,0.030537,0.030164,0.029819,0.029499,0.029203,0.028932,0.028683,0.028447,0.028249,0.028063,0.027896,0.027748,0.027618,0.027507,0.027413,0.027337,0.027277,0.027235,0.027209
2.4376e-14,1.2032,0.6655,0.87464,5.4159,0.67734,0.43453,0.5229,3.2839,0.36902,0.19168,0.14674,0.12281,0.1068,0.095281,0.086379,0.079222,0.073404,0.068486,0.064277,0.060665,0.057452,0.05465,0.052156,0.049917,0.047923,0.046108,0.044453,0.042957,0.041581,0.04032,0.039163,0.0382,0.037114,0.036203,0.035358,0.034574,0.033852,0.033177,0.032548,0.031964,0.031425,0.03092,0.030452,0.030016,0.029611,0.029235,0.028888,0.028568,0.028269,0.027997,0.027747,0.027515,0.027312,0.027125,0.026957,0.026809,0.026679,0.026566,0.026473,0.026398,0.026337,0.026295,0.026269
2.1299e-14,0.89511,0.55355,0.69135,4.7389,0.48367,0.32823,0.36988,2.4304,0.27576,0.14482,0.10961,0.092196,0.08108,0.072999,0.066696,0.061557,0.057311,0.053692,0.050574,0.047897,0.045458,0.04334,0.041443,0.039741,0.0382,0.036806,0.03553,0.034376,0.033305,0.032326,0.031422,0.03065,0.029822,0.029109,0.028447,0.02783,0.027264,0.026733,0.02624,0.025784,0.025353,0.024955,0.024586,0.024237,0.023922,0.023626,0.02335,0.023098,0.022863,0.022647,0.02245,0.022267,0.022106,0.021959,0.021826,0.021707,0.021607,0.021519,0.021445,0.021384,0.021338,0.021305,0.021285
1.9509e-14,0.91918,0.51114,0.61442,4.3337,0.54049,0.30965,0.36678,2.7902,0.27287,0.13916,0.10229,0.084815,0.073305,0.06524,0.059088,0.054193,0.050214,0.046872,0.044024,0.041602,0.039408,0.03752,0.035836,0.034329,0.032972,0.031746,0.030623,0.029614,0.028673,0.027817,0.027028,0.026379,0.025631,0.02501,0.024434,0.023897,0.023405,0.022944,0.022515,0.02212,0.021746,0.021401,0.021081,0.020778,0.020506,0.020249,0.020011,0.019792,0.019588,0.019402,0.019231,0.019072,0.018934,0.018806,0.018692,0.018587,0.018502,0.018425,0.018363,0.01831,0.01827,0.018241,0.018224
2.028e-14,1.0968,0.53845,0.78065,5.2765,0.68867,0.4491,0.50843,3.5696,0.3079,0.15496,0.11741,0.098633,0.086576,0.077792,0.070949,0.065401,0.060812,0.056914,0.053563,0.050667,0.048064,0.045792,0.043761,0.041948,0.040294,0.038804,0.037442,0.036217,0.035069,0.034025,0.033064,0.032222,0.031359,0.030599,0.029895,0.029239,0.028637,0.028072,0.027547,0.027068,0.026605,0.026182,0.025789,0.025413,0.025083,0.024767,0.024475,0.024205,0.023955,0.023725,0.023514,0.023321,0.023149,0.022992,0.022851,0.022718,0.022617,0.022522,0.022443,0.022378,0.022329,0.022293,0.022272
2.7284e-14,1.0091,0.65801,0.98488,5.1253,0.7215,0.45387,0.51616,3.2169,0.32176,0.17224,0.13297,0.1129,0.098872,0.088771,0.080887,0.074509,0.069224,0.06475,0.060905,0.057589,0.054614,0.052018,0.049699,0.047617,0.045746,0.044047,0.0425,0.041097,0.039798,0.038611,0.037519,0.036518,0.035581,0.034719,0.03392,0.033176,0.03249,0.03185,0.031255,0.030705,0.030187,0.029707,0.029262,0.028841,0.028461,0.028104,0.027773,0.027468,0.027185,0.026926,0.026688,0.02647,0.026274,0.026096,0.025937,0.025793,0.025673,0.025566,0.025477,0.025403,0.025348,0.025308,0.025283
2.2419e-14,0.86,0.59922,0.73845,4.6673,0.52765,0.33124,0.40497,2.2605,0.22327,0.13309,0.10632,0.090937,0.080266,0.072412,0.066229,0.061151,0.056967,0.053385,0.050296,0.047609,0.045213,0.04311,0.041227,0.039538,0.038006,0.03662,0.035352,0.034214,0.033139,0.032166,0.031267,0.030512,0.029676,0.028966,0.028308,0.027698,0.027131,0.026603,0.026112,0.025662,0.025229,0.024833,0.024465,0.024107,0.023804,0.023509,0.023234,0.022983,0.022748,0.022533,0.022336,0.022164,0.021996,0.021848,0.021716,0.021593,0.021497,0.021409,0.021336,0.021272,0.021229,0.021196,0.021177
2.6933e-14,1.0462,0.63538,0.83477,4.9959,0.65406,0.37575,0.47265,2.7849,0.29103,0.15426,0.11816,0.099116,0.086447,0.077276,0.070188,0.06446,0.059794,0.055836,0.052447,0.049542,0.046926,0.044655,0.042631,0.040808,0.039187,0.037714,0.036367,0.035152,0.034024,0.032997,0.032051,0.031266,0.030377,0.029634,0.028944,0.028302,0.027712,0.027161,0.026648,0.026169,0.025729,0.025316,0.024933,0.024569,0.024246,0.023939,0.023654,0.023393,0.02315,0.022927,0.022723,0.022537,0.022369,0.022216,0.02208,0.02196,0.021854,0.021762,0.021686,0.021622,0.021576,0.021541,0.021521
3.3322e-14,1.5896,1.0028,1.1322,9.5259,0.65176,0.36819,0.46576,2.9282,0.28331,0.1685,0.13769,0.11978,0.10721,0.097624,0.089931,0.083548,0.07817,0.073534,0.069505,0.066054,0.062797,0.059989,0.057465,0.055196,0.053115,0.051234,0.049513,0.047941,0.04649,0.045158,0.043927,0.042822,0.041738,0.040759,0.039851,0.038998,0.038223,0.037492,0.036811,0.036181,0.035585,0.035035,0.034523,0.034049,0.033604,0.033194,0.032813,0.032461,0.032134,0.031835,0.03156,0.0313,0.031083,0.030878,0.030694,0.030528,0.030388,0.030266,0.030162,0.030081,0.030014,0.029967,0.029939
1.9475e-14,1.1118,0.84561,1.0228,6.8107,1.1255,0.82213,1.1222,7.1995,0.69214,0.33335,0.23965,0.19108,0.16128,0.14073,0.1256,0.11383,0.10447,0.096712,0.090194,0.084642,0.0798,0.075602,0.071899,0.068597,0.06568,0.063044,0.060657,0.058497,0.056529,0.054732,0.053086,0.051671,0.050184,0.048901,0.047715,0.046614,0.045603,0.044661,0.043786,0.042973,0.042222,0.041522,0.040872,0.04027,0.039709,0.039189,0.038709,0.038267,0.037857,0.037481,0.037137,0.036816,0.036539,0.036281,0.036051,0.035846,0.035668,0.035512,0.035383,0.035279,0.035195,0.035136,0.035101
3.206e-14,1.1387,0.69851,0.956,6.3172,0.94855,0.58343,0.74626,4.1406,0.52654,0.24737,0.18287,0.15087,0.13102,0.11679,0.1059,0.097202,0.090092,0.084109,0.079,0.074641,0.070692,0.067283,0.064244,0.06152,0.059077,0.056864,0.054848,0.053023,0.051336,0.049795,0.048378,0.047123,0.045868,0.044752,0.043718,0.042751,0.04187,0.041041,0.040272,0.039559,0.038891,0.038272,0.037696,0.037159,0.036663,0.036201,0.035774,0.03538,0.035015,0.03468,0.034372,0.034083,0.033838,0.033608,0.033402,0.033217,0.033061,0.032922,0.032807,0.032715,0.03264,0.032589,0.032558
2.7858e-14,1.1186,0.59806,0.91295,5.337,0.69943,0.4802,0.56195,3.2537,0.32267,0.1649,0.12727,0.10723,0.093619,0.083965,0.076487,0.070459,0.065485,0.061277,0.057659,0.054564,0.051737,0.049291,0.047105,0.045139,0.043371,0.04177,0.040305,0.038984,0.037753,0.036632,0.035598,0.034692,0.033767,0.032953,0.032197,0.031492,0.030846,0.03024,0.029678,0.029158,0.028667,0.028213,0.027793,0.027392,0.027036,0.026698,0.026385,0.026097,0.02583,0.025584,0.02536,0.025152,0.024969,0.024801,0.02465,0.024512,0.024401,0.0243,0.024217,0.024147,0.024095,0.024057,0.024035
2.1903e-14,0.99085,0.59996,0.80651,4.4661,0.59497,0.36935,0.47054,3.1825,0.29627,0.1439,0.10449,0.085297,0.073261,0.064825,0.058437,0.053382,0.049295,0.045873,0.042965,0.040499,0.038286,0.036378,0.034684,0.033172,0.031816,0.030591,0.029476,0.028469,0.027547,0.026702,0.025927,0.025299,0.024556,0.023946,0.023382,0.022858,0.022377,0.021927,0.02151,0.021124,0.02076,0.020424,0.020113,0.019822,0.019553,0.019304,0.019074,0.018861,0.018662,0.018482,0.018317,0.018165,0.018028,0.017904,0.017792,0.017691,0.017607,0.017533,0.017472,0.01742,0.017381,0.017353,0.017335
9.798e-14,3.6212,2.2894,3.3586,17.552,2.4457,1.5731,1.7791,12.02,1.1713,0.59069,0.44857,0.3788,0.33109,0.29663,0.26979,0.24805,0.23021,0.21508,0.20208,0.19094,0.18086,0.17213,0.16434,0.15736,0.15107,0.14538,0.14019,0.1355,0.13115,0.12719,0.12354,0.12039,0.11708,0.1142,0.11154,0.10906,0.10678,0.10464,0.10266,0.10084,0.099105,0.097509,0.096029,0.094624,0.093363,0.092174,0.091074,0.09006,0.089118,0.088254,0.087464,0.086737,0.086084,0.085491,0.084961,0.08447,0.08408,0.083723,0.083428,0.08318,0.082996,0.082863,0.082783
4.148e-14,1.5414,1.1015,1.1158,8.1267,0.76515,0.52485,0.60075,3.7286,0.35686,0.20464,0.16558,0.14262,0.12705,0.11527,0.10593,0.098241,0.091802,0.086277,0.081491,0.07735,0.073551,0.070238,0.067264,0.064601,0.062147,0.059939,0.057919,0.056076,0.05437,0.052806,0.051362,0.050051,0.048796,0.047649,0.046585,0.045593,0.044679,0.043822,0.043026,0.042301,0.041592,0.040948,0.040349,0.039784,0.039274,0.038793,0.038347,0.037935,0.037554,0.037205,0.036883,0.036591,0.036326,0.036085,0.03587,0.035665,0.035514,0.03537,0.035249,0.03515,0.035075,0.035021,0.034989
3.7654e-14,1.3764,0.84042,0.88773,6.1477,0.74562,0.50693,0.68563,4.5506,0.44321,0.22118,0.16995,0.1419,0.12372,0.11048,0.10027,0.092085,0.085342,0.079667,0.074819,0.070654,0.066928,0.063687,0.060799,0.058228,0.05589,0.053786,0.051873,0.050132,0.048536,0.047073,0.045728,0.044516,0.043346,0.042286,0.041305,0.040392,0.039553,0.038766,0.038037,0.037368,0.036728,0.03614,0.035594,0.035082,0.034616,0.034178,0.033772,0.033398,0.033052,0.032734,0.032442,0.032176,0.031937,0.031718,0.031522,0.031341,0.031197,0.031066,0.030956,0.030866,0.030797,0.030748,0.030718
4.0339e-14,1.6761,1.1206,1.1818,10.301,1.4851,1.103,1.1989,7.5994,0.82439,0.37681,0.27115,0.21949,0.18781,0.16566,0.14904,0.13603,0.12552,0.1168,0.10942,0.10315,0.09753,0.092683,0.088382,0.084547,0.08111,0.078005,0.075182,0.072637,0.070281,0.068137,0.066168,0.064461,0.062684,0.06114,0.059709,0.058378,0.057155,0.056013,0.05495,0.053972,0.053049,0.052196,0.051404,0.050653,0.049984,0.049349,0.048762,0.048222,0.04772,0.047259,0.046838,0.046452,0.046105,0.04579,0.045508,0.045251,0.045038,0.044848,0.044691,0.044558,0.04446,0.044388,0.044344
2.9857e-14,1.136,0.71545,0.81818,6.1665,0.78756,0.56774,0.61383,4.6396,0.4393,0.22115,0.15912,0.12934,0.11038,0.097299,0.087479,0.079794,0.073558,0.068391,0.064019,0.060313,0.056977,0.05411,0.051567,0.049294,0.047271,0.045437,0.043775,0.042265,0.040884,0.03962,0.03846,0.037402,0.03641,0.0355,0.034658,0.033875,0.033157,0.032484,0.03186,0.031281,0.030742,0.030241,0.029775,0.029338,0.028941,0.028568,0.028223,0.027905,0.027611,0.02734,0.027092,0.026866,0.026662,0.026477,0.026311,0.026163,0.026036,0.025925,0.025831,0.025755,0.025697,0.025655,0.02563
3.3599e-14,1.5275,0.92881,1.1532,7.7576,0.97501,0.69903,0.80451,5.3319,0.58439,0.28487,0.21383,0.17556,0.15186,0.13488,0.122,0.11173,0.10343,0.096442,0.090496,0.085405,0.080868,0.076929,0.073422,0.070281,0.067474,0.06493,0.06261,0.060511,0.058581,0.056816,0.055189,0.053813,0.052318,0.051041,0.049858,0.04876,0.047748,0.046801,0.045922,0.045108,0.044347,0.04364,0.042985,0.042368,0.041809,0.041283,0.040795,0.040348,0.039932,0.03955,0.039201,0.038884,0.038596,0.038335,0.038101,0.037893,0.037713,0.037556,0.037427,0.03732,0.037239,0.03718,0.037145
1.9438e-14,0.86696,0.63219,0.65225,4.3578,0.52526,0.33781,0.4678,2.9024,0.26041,0.13717,0.099577,0.080767,0.069193,0.060912,0.05469,0.049813,0.045839,0.042551,0.039771,0.037393,0.03531,0.033498,0.031893,0.030462,0.029189,0.028042,0.026998,0.026058,0.025193,0.024404,0.023681,0.02304,0.022402,0.021836,0.021313,0.020829,0.020379,0.019962,0.019575,0.019215,0.018882,0.018572,0.018284,0.018011,0.017766,0.017536,0.017324,0.017128,0.016946,0.016779,0.016627,0.01649,0.01636,0.016247,0.016145,0.016054,0.015976,0.015908,0.015852,0.015803,0.015768,0.015743,0.015727
3.2832e-14,1.0465,0.72678,0.75549,5.078,0.53057,0.38788,0.38632,2.4652,0.24514,0.13866,0.10914,0.09369,0.083593,0.075868,0.069716,0.064639,0.060383,0.056729,0.053561,0.050806,0.048313,0.046124,0.04416,0.042397,0.040784,0.039328,0.037996,0.036779,0.035659,0.034629,0.033679,0.032819,0.031993,0.031239,0.03054,0.02989,0.029288,0.028726,0.028203,0.027725,0.027262,0.02684,0.026447,0.026078,0.025742,0.025427,0.025134,0.024865,0.024615,0.024385,0.024175,0.023984,0.02381,0.023652,0.023511,0.023379,0.023277,0.023183,0.023104,0.023039,0.02299,0.022955,0.022934
4.4265e-14,1.4571,0.98735,0.94513,7.5512,0.80643,0.61122,0.75587,4.742,0.49238,0.25335,0.19684,0.16613,0.1461,0.13153,0.12021,0.11101,0.10339,0.096901,0.091311,0.086497,0.082118,0.078304,0.074892,0.071831,0.069057,0.066543,0.064251,0.062161,0.060236,0.058471,0.056843,0.055372,0.053959,0.05267,0.051477,0.050364,0.049342,0.048383,0.047492,0.046676,0.045892,0.045174,0.044506,0.04388,0.043308,0.042772,0.042275,0.041817,0.041393,0.041004,0.040647,0.040318,0.040027,0.03976,0.039521,0.039299,0.039125,0.038966,0.038831,0.038723,0.038638,0.038578,0.038542
3.0978e-14,1.121,0.72118,0.64316,5.4021,0.61402,0.42032,0.5112,3.3599,0.35657,0.18657,0.14025,0.11679,0.10153,0.090746,0.082499,0.075896,0.070477,0.065907,0.061993,0.05865,0.05561,0.052978,0.050628,0.048521,0.046627,0.044909,0.043341,0.041918,0.040604,0.039401,0.038293,0.037312,0.036332,0.035458,0.034648,0.03389,0.033199,0.032549,0.031944,0.031387,0.03086,0.030373,0.02992,0.029499,0.029109,0.028745,0.028408,0.028099,0.027811,0.027547,0.027304,0.027076,0.026884,0.026703,0.026541,0.026393,0.026271,0.026162,0.026072,0.025999,0.02594,0.025899,0.025876
4.2586e-14,1.2734,0.88456,0.84761,5.7667,0.74313,0.67987,0.85658,5.1796,0.57504,0.26709,0.19163,0.15334,0.1291,0.11271,0.10057,0.09117,0.08361,0.077402,0.07219,0.06773,0.063928,0.060596,0.057656,0.055041,0.052726,0.050631,0.048734,0.047032,0.045458,0.04403,0.042721,0.04155,0.040413,0.039391,0.038447,0.037579,0.036765,0.036012,0.035316,0.034666,0.03407,0.033511,0.032994,0.032494,0.032067,0.031652,0.031269,0.030916,0.030589,0.030289,0.030014,0.029779,0.029538,0.029332,0.029149,0.028989,0.028844,0.028721,0.028619,0.028527,0.028468,0.028421,0.028392
3.5582e-14,1.2688,0.78048,0.88722,6.3224,0.8951,0.63479,0.78423,5.3001,0.57031,0.27898,0.20446,0.16712,0.14375,0.12745,0.11514,0.10538,0.097467,0.090842,0.085206,0.080392,0.076093,0.072369,0.069055,0.066096,0.063442,0.061041,0.058857,0.056868,0.055058,0.053394,0.051864,0.050523,0.049159,0.047956,0.046842,0.045805,0.044855,0.043963,0.043135,0.042368,0.041653,0.040988,0.04037,0.039801,0.039264,0.038768,0.038309,0.037887,0.037495,0.037136,0.036806,0.0365,0.036236,0.03599,0.03577,0.035574,0.035405,0.035257,0.035134,0.035037,0.034956,0.034901,0.034868
3.7634e-14,1.2778,0.95564,0.98611,7.7619,0.9066,0.65595,0.78761,5.68,0.63389,0.30347,0.22248,0.18195,0.1565,0.13869,0.12521,0.11452,0.10587,0.098626,0.092466,0.087194,0.082514,0.078448,0.074831,0.071607,0.068706,0.066086,0.063699,0.061547,0.059562,0.05775,0.056083,0.054666,0.053136,0.051825,0.050613,0.049489,0.048451,0.047481,0.046581,0.045751,0.044968,0.044244,0.043574,0.042938,0.042369,0.04183,0.041331,0.040872,0.040445,0.040054,0.039696,0.039374,0.039075,0.038807,0.038567,0.038348,0.038168,0.038007,0.037874,0.037762,0.037679,0.037618,0.037582
4.0362e-14,1.2434,0.88976,0.80368,6.0801,0.61281,0.45066,0.50761,3.3682,0.38402,0.20439,0.15666,0.13215,0.11599,0.10424,0.095092,0.087697,0.081594,0.076417,0.071964,0.068139,0.064692,0.061683,0.058992,0.056571,0.054404,0.052423,0.050617,0.048979,0.047461,0.046072,0.044792,0.04366,0.042525,0.041512,0.040573,0.039699,0.038894,0.038139,0.037439,0.036789,0.036182,0.035616,0.03509,0.034596,0.034148,0.033725,0.033335,0.032975,0.03264,0.032334,0.032054,0.031795,0.031565,0.031355,0.031167,0.030998,0.030854,0.030729,0.030624,0.030538,0.030472,0.030424,0.030396
5.9599e-14,1.7249,1.0252,1.1453,7.3184,0.72852,0.47889,0.47747,3.1833,0.32239,0.20135,0.16733,0.14618,0.13145,0.11989,0.11056,0.10275,0.096181,0.090492,0.085542,0.081205,0.077297,0.073849,0.070746,0.067953,0.065396,0.063084,0.060967,0.059034,0.057249,0.055609,0.054092,0.052768,0.051402,0.050196,0.049079,0.04804,0.047078,0.046177,0.045341,0.044568,0.043832,0.043156,0.042526,0.041936,0.041397,0.040892,0.040422,0.03999,0.039588,0.03922,0.038883,0.038577,0.038297,0.038044,0.037817,0.037611,0.037442,0.037291,0.037164,0.037061,0.036982,0.036925,0.036891
4.9363e-14,1.4423,0.98946,1.0444,7.3161,0.70215,0.45672,0.4718,2.6384,0.29435,0.16706,0.1335,0.11487,0.10218,0.092475,0.084786,0.078452,0.07318,0.068656,0.064742,0.061329,0.058284,0.055592,0.053182,0.051019,0.049045,0.047263,0.045638,0.044148,0.042782,0.041526,0.040364,0.039309,0.038312,0.03739,0.036538,0.035746,0.035012,0.034327,0.033692,0.033104,0.032545,0.032031,0.031552,0.031107,0.030692,0.030309,0.029951,0.029622,0.029316,0.029036,0.028779,0.028543,0.02833,0.028137,0.027964,0.027804,0.027675,0.027559,0.027459,0.02738,0.027317,0.027272,0.027245
3.64e-14,1.0289,0.8359,0.75847,5.0992,0.57095,0.39056,0.46421,3.1348,0.30974,0.15177,0.11335,0.094417,0.082283,0.073501,0.066719,0.061252,0.0568,0.05303,0.0498,0.047027,0.044551,0.042394,0.040471,0.03874,0.0372,0.0358,0.034521,0.03336,0.032298,0.031322,0.030424,0.029647,0.028837,0.028129,0.027474,0.026862,0.026304,0.025778,0.02529,0.024834,0.024416,0.024024,0.02366,0.023324,0.023005,0.022712,0.022441,0.022191,0.021959,0.021747,0.021552,0.021366,0.021212,0.021066,0.020935,0.020822,0.020718,0.020629,0.020556,0.020498,0.020449,0.020415,0.020395
2.4997e-14,0.95918,0.64981,0.83463,4.6724,0.57234,0.42418,0.45163,3.1076,0.29609,0.15438,0.11536,0.09546,0.082167,0.072668,0.065409,0.059646,0.054978,0.051086,0.047786,0.044957,0.042461,0.040292,0.038368,0.036642,0.035112,0.033725,0.032464,0.031331,0.030278,0.029322,0.028445,0.027669,0.026897,0.02621,0.025574,0.024986,0.024441,0.023934,0.023464,0.023026,0.022621,0.022244,0.021893,0.021559,0.021264,0.020983,0.020724,0.020484,0.020262,0.020058,0.019871,0.019704,0.019546,0.019406,0.01928,0.019168,0.019071,0.018986,0.018915,0.018854,0.01881,0.018777,0.018756
