1.6765e-14,1.1095,0.63314,0.65474,4.6214,0.58398,0.33217,0.41266,3.3316,0.29827,0.15655,0.11424,0.09376,0.080861,0.071734,0.064787,0.05925,0.054753,0.050978,0.047771,0.045012,0.04258,0.040462,0.038578,0.036894,0.03539,0.034029,0.032787,0.031672,0.030636,0.029696,0.02883,0.02812,0.027302,0.026623,0.025995,0.025415,0.024875,0.024373,0.023907,0.023473,0.023073,0.022698,0.022351,0.022017,0.021729,0.02145,0.021191,0.020955,0.020734,0.020532,0.020346,0.020184,0.020025,0.019886,0.019762,0.019652,0.019554,0.019471,0.019402,0.019341,0.0193,0.019268,0.019249
2.3785e-14,1.5255,0.91081,1.0529,8.9633,1.0394,0.84739,0.89926,5.7665,0.61609,0.29375,0.21122,0.17255,0.14806,0.13135,0.11869,0.10865,0.10052,0.093705,0.087907,0.082952,0.078547,0.074712,0.071303,0.068263,0.065523,0.063049,0.060797,0.058756,0.05688,0.055163,0.053583,0.052196,0.050792,0.049549,0.048399,0.047329,0.046344,0.045423,0.044567,0.043778,0.043032,0.042343,0.041702,0.041101,0.040556,0.040042,0.039566,0.039128,0.038722,0.038349,0.038007,0.037693,0.037413,0.037156,0.036926,0.036717,0.036544,0.03639,0.036261,0.036155,0.036074,0.036016,0.035981
3.6143e-14,1.183,0.67569,0.681,5.9624,0.69481,0.47319,0.62676,4.0953,0.44127,0.21183,0.15505,0.12713,0.1091,0.09639,0.086796,0.079205,0.073086,0.067968,0.063632,0.059959,0.056656,0.053814,0.051291,0.049047,0.047029,0.045211,0.043555,0.042069,0.040692,0.039438,0.038287,0.037319,0.036253,0.03535,0.034516,0.033739,0.033027,0.03236,0.031742,0.031172,0.030634,0.030137,0.029677,0.029239,0.028849,0.02848,0.028138,0.027824,0.027532,0.027264,0.027019,0.026793,0.026593,0.02641,0.026246,0.026096,0.025973,0.025863,0.025773,0.025696,0.025639,0.025597,0.025572
2.7404e-14,1.1736,0.74264,0.80497,6.0317,0.70569,0.43718,0.56967,3.8625,0.3784,0.17434,0.12846,0.10675,0.092517,0.082561,0.074904,0.068758,0.063757,0.05953,0.055914,0.052843,0.050043,0.047626,0.045474,0.043547,0.041818,0.04025,0.038821,0.037525,0.036331,0.03524,0.034236,0.033389,0.032459,0.03167,0.030938,0.030252,0.029629,0.029043,0.028498,0.027997,0.027522,0.027083,0.026676,0.026299,0.025948,0.025621,0.025318,0.02504,0.024782,0.024545,0.024328,0.024121,0.023951,0.023789,0.023644,0.023511,0.023402,0.023305,0.023224,0.02316,0.023107,0.02307,0.023049
2.0898e-14,0.70569,0.51084,0.44266,3.3393,0.37646,0.26533,0.30888,1.9405,0.19463,0.10004,0.077682,0.066347,0.058596,0.0529,0.04842,0.044757,0.041712,0.039114,0.036878,0.034947,0.033192,0.031664,0.030293,0.029064,0.027944,0.026932,0.026004,0.025172,0.024387,0.023674,0.023017,0.022454,0.02185,0.021329,0.020846,0.020397,0.019982,0.019594,0.019234,0.0189,0.018584,0.018293,0.018023,0.017761,0.017536,0.017319,0.017118,0.016932,0.01676,0.016602,0.016457,0.016326,0.016204,0.016096,0.015999,0.01591,0.015837,0.015772,0.015718,0.015671,0.015639,0.015615,0.0156
1.8053e-14,0.70204,0.53074,0.50179,3.5321,0.40741,0.25108,0.30159,1.9488,0.19455,0.10655,0.082366,0.069593,0.061075,0.054835,0.049977,0.046036,0.042787,0.040029,0.037658,0.035628,0.033779,0.032179,0.030748,0.029468,0.028309,0.02726,0.026301,0.025436,0.024634,0.023901,0.023226,0.022667,0.02203,0.021497,0.021004,0.020543,0.020121,0.019725,0.019357,0.019017,0.018697,0.0184,0.018125,0.017865,0.017631,0.01741,0.017205,0.017017,0.016841,0.016681,0.016534,0.016398,0.016279,0.016168,0.01607,0.015981,0.015906,0.01584,0.015786,0.01574,0.015706,0.015681,0.015666
1.9428e-14,0.82976,0.56872,0.63455,4.3672,0.4672,0.33014,0.41834,2.7476,0.23919,0.12007,0.090511,0.076152,0.0663,0.059378,0.053988,0.049635,0.046045,0.043007,0.040407,0.038191,0.036163,0.034413,0.032854,0.031458,0.0302,0.029062,0.028027,0.027089,0.026219,0.025426,0.024696,0.024032,0.023406,0.02283,0.022298,0.0218,0.021346,0.020919,0.020523,0.020156,0.019812,0.019493,0.019196,0.018917,0.018664,0.018426,0.018205,0.018002,0.017813,0.01764,0.017481,0.017331,0.017205,0.017086,0.01698,0.016884,0.016803,0.016732,0.016671,0.016623,0.016585,0.016558,0.016542
6.874e-14,1.5054,0.76654,0.88757,7.4775,0.85316,0.72359,0.95328,6.2865,0.57895,0.29302,0.216,0.17742,0.15225,0.13494,0.12181,0.1114,0.10295,0.095898,0.089896,0.084803,0.080204,0.076229,0.0727,0.069535,0.066721,0.064162,0.061841,0.059739,0.057798,0.05603,0.054404,0.052928,0.051528,0.050251,0.049069,0.047968,0.046958,0.046014,0.045136,0.044318,0.043563,0.042858,0.042202,0.041584,0.041028,0.040502,0.040016,0.039568,0.039153,0.038772,0.038423,0.038101,0.037816,0.037554,0.037321,0.037115,0.036931,0.036775,0.036644,0.036537,0.036454,0.036395,0.03636
3.8755e-14,1.1764,0.78419,0.83826,6.2969,0.77581,0.50223,0.64192,4.8281,0.46354,0.21586,0.1597,0.13112,0.11353,0.10093,0.091438,0.083877,0.077741,0.07257,0.068164,0.064411,0.061013,0.058077,0.055461,0.053112,0.05102,0.049116,0.04738,0.045808,0.044362,0.043038,0.041818,0.040792,0.039662,0.038702,0.037814,0.036985,0.036225,0.035513,0.034852,0.034233,0.033665,0.033132,0.032638,0.032176,0.031751,0.031354,0.030987,0.03065,0.030336,0.030048,0.029784,0.029539,0.029326,0.029129,0.028952,0.028799,0.028659,0.028542,0.028444,0.028363,0.028301,0.028257,0.02823
3.0107e-14,0.94239,0.63535,0.6532,4.4345,0.54273,0.40832,0.46994,3.3285,0.3085,0.14725,0.10907,0.089338,0.076382,0.067439,0.060682,0.055334,0.051018,0.047412,0.044356,0.041762,0.039438,0.037432,0.035656,0.034067,0.032654,0.031375,0.030215,0.02916,0.028199,0.027318,0.026509,0.025793,0.025083,0.024451,0.023865,0.02332,0.022821,0.022354,0.02192,0.021517,0.021144,0.020796,0.020472,0.020172,0.019895,0.019636,0.019396,0.019176,0.018972,0.018784,0.018612,0.018453,0.018314,0.018185,0.01807,0.017969,0.017879,0.017802,0.017738,0.017686,0.017645,0.017616,0.017599
2.5794e-14,0.89801,0.66043,0.6914,4.7005,0.52297,0.37253,0.3881,3.0074,0.26247,0.13641,0.10437,0.088272,0.077377,0.069634,0.063601,0.058705,0.05464,0.051184,0.048209,0.045658,0.04332,0.041297,0.039487,0.037857,0.036392,0.03506,0.033845,0.032741,0.03172,0.030786,0.029925,0.029158,0.028397,0.027717,0.027086,0.026496,0.025957,0.02545,0.02498,0.024539,0.024133,0.023754,0.023401,0.023069,0.022767,0.022483,0.022221,0.021979,0.021754,0.021548,0.021359,0.021184,0.021031,0.02089,0.020763,0.020653,0.020552,0.020467,0.020396,0.020338,0.020292,0.02026,0.02024
2.481e-14,0.95539,0.65584,0.71147,5.3223,0.5036,0.36233,0.46495,3.0049,0.26294,0.12546,0.092718,0.077111,0.066874,0.059667,0.054154,0.049756,0.046164,0.043124,0.040521,0.038289,0.036284,0.034538,0.03298,0.031583,0.030334,0.029198,0.028164,0.027226,0.026362,0.025571,0.024843,0.024212,0.023556,0.022981,0.02245,0.021957,0.021499,0.021073,0.020679,0.020309,0.01997,0.019652,0.019357,0.019076,0.018826,0.018589,0.018369,0.018167,0.017979,0.017808,0.01765,0.01751,0.017376,0.017258,0.017153,0.017063,0.016978,0.016908,0.016849,0.016799,0.016763,0.016737,0.016721
1.7249e-14,0.78987,0.5264,0.57694,4.0998,0.41092,0.28869,0.34797,2.3293,0.22956,0.11054,0.081194,0.067518,0.058817,0.052573,0.047756,0.043895,0.040725,0.038052,0.035764,0.033812,0.03204,0.030506,0.029138,0.027904,0.026807,0.025808,0.024896,0.024069,0.023304,0.022606,0.021962,0.021397,0.020824,0.020317,0.019847,0.019408,0.019006,0.018629,0.018279,0.017949,0.017651,0.017369,0.017107,0.01686,0.016637,0.016427,0.016232,0.016053,0.015887,0.015734,0.015594,0.015465,0.01535,0.015246,0.015152,0.015072,0.014997,0.014934,0.014882,0.014838,0.014805,0.014782,0.014768
4.1548e-14,1.0798,0.49842,0.60684,4.8832,0.57093,0.40707,0.50531,3.768,0.42222,0.20732,0.15214,0.12411,0.10651,0.094045,0.084629,0.077207,0.07118,0.066158,0.061906,0.058275,0.055066,0.05228,0.049809,0.047607,0.045637,0.043857,0.042243,0.040785,0.039443,0.038218,0.037096,0.036094,0.035112,0.034231,0.033417,0.03266,0.031965,0.031315,0.030712,0.030154,0.029633,0.029149,0.0287,0.028279,0.027895,0.027535,0.027204,0.026897,0.026613,0.026353,0.026114,0.025894,0.0257,0.025522,0.025363,0.02522,0.025098,0.024992,0.024903,0.02483,0.024774,0.024734,0.024709
6.5619e-14,1.354,0.63468,0.59443,4.2967,0.56194,0.35449,0.42189,2.7905,0.30318,0.14686,0.11044,0.09131,0.07865,0.069837,0.063112,0.057744,0.053384,0.04972,0.046604,0.043944,0.041563,0.039497,0.037661,0.036021,0.034551,0.033222,0.032016,0.030924,0.029915,0.028996,0.028149,0.027385,0.026658,0.025994,0.02538,0.024808,0.024284,0.023792,0.023339,0.022911,0.022521,0.022155,0.021814,0.021494,0.021204,0.020931,0.020678,0.020445,0.02023,0.020031,0.019849,0.019681,0.019533,0.019397,0.019275,0.01917,0.019071,0.01899,0.018919,0.018863,0.018819,0.018787,0.018768
4.6729e-14,1.1895,0.66327,0.64106,4.3117,0.50372,0.3501,0.38734,2.8755,0.27171,0.1428,0.10865,0.091019,0.079038,0.070557,0.064014,0.058752,0.054437,0.050796,0.047685,0.045012,0.042618,0.040539,0.038687,0.037029,0.035537,0.034187,0.032958,0.031845,0.030819,0.029881,0.029016,0.028254,0.027491,0.026812,0.026182,0.025598,0.02506,0.024557,0.024088,0.023653,0.023249,0.022872,0.022522,0.022192,0.021894,0.021613,0.021353,0.021113,0.020891,0.020686,0.020498,0.020328,0.020174,0.020032,0.019905,0.019793,0.019695,0.019609,0.019537,0.019478,0.019433,0.0194,0.01938
3.6102e-14,1.129,0.55111,0.58834,4.5263,0.47172,0.34076,0.421,3.604,0.286,0.15144,0.1104,0.090424,0.077931,0.068988,0.062206,0.056846,0.05247,0.048825,0.045729,0.043078,0.040741,0.038703,0.036895,0.035279,0.033838,0.032533,0.031347,0.030269,0.029287,0.028386,0.027558,0.026804,0.026095,0.025446,0.024845,0.024287,0.023772,0.023292,0.022846,0.022432,0.022048,0.02169,0.021357,0.021049,0.020761,0.020494,0.020247,0.02002,0.019809,0.019616,0.019438,0.019277,0.01913,0.018997,0.018879,0.018775,0.018681,0.018601,0.018534,0.01848,0.018437,0.018407,0.018389
3.2852e-14,0.92778,0.52918,0.56203,3.9145,0.46622,0.30553,0.41859,2.7008,0.26399,0.13105,0.097997,0.080857,0.069839,0.061976,0.055998,0.051239,0.047378,0.044139,0.041388,0.039025,0.036934,0.035115,0.033497,0.032058,0.030756,0.029584,0.02852,0.027552,0.026667,0.025855,0.025108,0.024439,0.023791,0.023204,0.022662,0.022158,0.021693,0.021259,0.020856,0.020482,0.020133,0.019809,0.019508,0.019227,0.018968,0.018727,0.018504,0.018298,0.018107,0.017932,0.017771,0.017624,0.017493,0.017372,0.017265,0.01717,0.017086,0.017014,0.016953,0.016904,0.016866,0.016839,0.016823
2.7201e-14,1.0242,0.63164,0.6324,3.767,0.55566,0.35221,0.3932,3.0902,0.27901,0.13704,0.10023,0.081765,0.069983,0.061836,0.055701,0.05084,0.046914,0.043627,0.040841,0.038442,0.03635,0.034519,0.032894,0.031433,0.030149,0.028977,0.027913,0.026945,0.026065,0.025258,0.024515,0.023862,0.023209,0.022627,0.022089,0.021591,0.02113,0.020701,0.020303,0.019928,0.01959,0.01927,0.018973,0.018699,0.018443,0.018204,0.017985,0.017782,0.017594,0.017422,0.017264,0.017121,0.016991,0.016873,0.016768,0.016678,0.016592,0.016522,0.016463,0.016416,0.016378,0.016351,0.016335
2.5212e-14,0.945,0.5504,0.58914,3.8603,0.44561,0.29485,0.34771,2.3547,0.23761,0.12818,0.095434,0.078748,0.068068,0.060532,0.054824,0.050269,0.046578,0.043464,0.040806,0.038513,0.036491,0.034718,0.033141,0.031724,0.030461,0.029313,0.028269,0.027322,0.026448,0.02565,0.024915,0.024298,0.023618,0.02304,0.022504,0.022009,0.021548,0.02112,0.020721,0.020349,0.020008,0.019687,0.01939,0.01911,0.018857,0.018618,0.018397,0.018194,0.018005,0.017832,0.017673,0.017532,0.017399,0.01728,0.017174,0.017082,0.016998,0.016927,0.016867,0.016818,0.016782,0.016755,0.016739
4.6088e-14,1.1312,0.61986,0.56517,4.3658,0.53575,0.36193,0.42677,3.1806,0.27356,0.14516,0.11088,0.092878,0.08089,0.072221,0.065523,0.06014,0.055724,0.051994,0.048805,0.046076,0.043626,0.041493,0.039596,0.037896,0.036377,0.034995,0.033742,0.032596,0.031554,0.030594,0.029712,0.028909,0.028152,0.027455,0.026812,0.026211,0.025661,0.025146,0.024668,0.02422,0.02381,0.023424,0.023066,0.022739,0.022423,0.022135,0.02187,0.021624,0.021397,0.021189,0.020997,0.020814,0.020664,0.020521,0.020392,0.020283,0.020179,0.020094,0.020022,0.019966,0.019917,0.019885,0.019865
3.9202e-14,1.0547,0.63861,0.62749,5.1934,0.6136,0.37765,0.5402,3.7855,0.38643,0.19542,0.14452,0.11828,0.10164,0.090012,0.081204,0.074223,0.068575,0.063842,0.059816,0.056393,0.05333,0.05068,0.048325,0.046243,0.044342,0.04264,0.041093,0.03969,0.038407,0.037232,0.036152,0.0352,0.034244,0.033396,0.032612,0.031881,0.031213,0.030586,0.030005,0.029473,0.028962,0.028495,0.028061,0.02766,0.027283,0.026935,0.026614,0.026318,0.026043,0.025791,0.025561,0.025344,0.02516,0.024987,0.024833,0.024691,0.024576,0.024473,0.024387,0.024319,0.024262,0.024224,0.0242
4.5337e-14,1.2172,0.59461,0.59316,4.0453,0.54295,0.37818,0.44407,3.346,0.33942,0.16686,0.1248,0.1019,0.086971,0.076644,0.068832,0.062639,0.05767,0.053514,0.049997,0.046996,0.044351,0.042059,0.040029,0.038222,0.036608,0.035152,0.03383,0.03263,0.031543,0.030544,0.029628,0.028863,0.028016,0.027299,0.026637,0.026021,0.025459,0.024932,0.024444,0.023987,0.023569,0.023177,0.022813,0.022484,0.022162,0.021871,0.021602,0.021356,0.021125,0.020915,0.020723,0.020538,0.020389,0.020244,0.020116,0.020004,0.019902,0.019816,0.019744,0.01969,0.019641,0.019609,0.019589
2.6764e-14,1.0529,0.59411,0.60921,5.2252,0.57817,0.42556,0.50919,3.5152,0.3209,0.14908,0.10626,0.0854,0.072421,0.06353,0.056922,0.051752,0.047628,0.044201,0.041315,0.038856,0.036698,0.034825,0.033167,0.031695,0.030377,0.029188,0.028108,0.027139,0.026242,0.025426,0.024678,0.024058,0.023358,0.022771,0.02223,0.021729,0.021264,0.020832,0.020432,0.02006,0.019715,0.019392,0.019094,0.018809,0.018559,0.018319,0.018098,0.017894,0.017705,0.017532,0.017372,0.017231,0.017095,0.016976,0.01687,0.016775,0.016692,0.01662,0.01656,0.016509,0.016473,0.016445,0.016429
8.9487e-14,1.3605,0.79878,0.78323,6.1424,0.73839,0.51273,0.69802,4.9633,0.53942,0.26208,0.1938,0.15787,0.13563,0.11981,0.10791,0.098496,0.090955,0.084633,0.079286,0.074691,0.070678,0.06717,0.064054,0.061272,0.058789,0.05654,0.054492,0.052643,0.050951,0.049399,0.047973,0.046786,0.045458,0.044335,0.0433,0.042341,0.041451,0.040621,0.039855,0.039141,0.038477,0.037859,0.037287,0.03675,0.036254,0.035795,0.035371,0.03498,0.034614,0.034282,0.033976,0.033701,0.033444,0.033216,0.033011,0.032829,0.032671,0.032535,0.032421,0.032324,0.032253,0.032201,0.032168
5.6331e-14,1.655,0.83918,1.0204,7.0767,0.90282,0.73714,0.86954,5.1272,0.48265,0.24019,0.17811,0.14679,0.12715,0.1131,0.10241,0.09386,0.086933,0.0811,0.076129,0.0718,0.068067,0.064765,0.061825,0.0592,0.056832,0.054695,0.052746,0.050989,0.049364,0.047879,0.046512,0.04532,0.044098,0.043021,0.042025,0.041107,0.040247,0.039449,0.038709,0.038024,0.03738,0.036784,0.036232,0.035707,0.035236,0.034793,0.034382,0.034003,0.033651,0.03333,0.033035,0.032774,0.032521,0.0323,0.032102,0.031924,0.031773,0.031641,0.031531,0.031437,0.03137,0.03132,0.031289
3.0919e-14,0.98804,0.60986,0.58887,5.5777,0.63161,0.45478,0.58493,3.6467,0.34837,0.17534,0.12581,0.10169,0.086032,0.075458,0.067587,0.061432,0.056515,0.052437,0.048997,0.046051,0.043508,0.041277,0.039306,0.037559,0.035986,0.03457,0.033289,0.032126,0.031063,0.030092,0.029199,0.028426,0.027626,0.026927,0.026281,0.025683,0.025127,0.024611,0.024134,0.023694,0.023276,0.022891,0.022533,0.022201,0.021894,0.021607,0.021341,0.021097,0.02087,0.020662,0.020471,0.020296,0.020139,0.019996,0.019868,0.01975,0.019654,0.019568,0.019495,0.019436,0.01939,0.019357,0.019338
3.0228e-14,0.92623,0.56021,0.64866,4.6367,0.57362,0.39771,0.48994,3.1279,0.3235,0.14882,0.10683,0.085664,0.072567,0.063575,0.056911,0.051732,0.047588,0.044165,0.041278,0.038811,0.036666,0.034794,0.03314,0.031669,0.03035,0.029162,0.028087,0.027111,0.02622,0.025405,0.024658,0.023976,0.023337,0.022752,0.022211,0.02171,0.021246,0.020815,0.020414,0.020043,0.019697,0.019376,0.019078,0.018798,0.018544,0.018305,0.018084,0.01788,0.017692,0.017519,0.01736,0.017218,0.017085,0.016967,0.016861,0.016768,0.016685,0.016614,0.016555,0.016505,0.016469,0.016442,0.016425
1.8109e-14,0.52882,0.36585,0.34365,2.3689,0.34305,0.24612,0.29569,1.6859,0.15904,0.0799,0.06042,0.050605,0.044116,0.039463,0.035888,0.03301,0.030651,0.028657,0.026949,0.025471,0.024161,0.023018,0.021996,0.02108,0.020256,0.01951,0.018829,0.018214,0.017644,0.017123,0.016643,0.016228,0.015794,0.015416,0.015065,0.01474,0.014439,0.014157,0.013896,0.013653,0.013427,0.013216,0.013021,0.012834,0.01267,0.012513,0.012367,0.012234,0.012109,0.011995,0.011891,0.011799,0.01171,0.011631,0.011561,0.011499,0.011445,0.011398,0.011359,0.011326,0.011303,0.011285,0.011275
1.0927e-14,0.4817,0.30647,0.33347,2.512,0.23891,0.18236,0.2095,1.4945,0.14372,0.071908,0.053623,0.044336,0.038208,0.033879,0.030584,0.027967,0.025832,0.024046,0.022538,0.021241,0.020102,0.019105,0.018219,0.017427,0.016721,0.01608,0.015497,0.014969,0.014484,0.014041,0.013634,0.013271,0.012915,0.012594,0.012299,0.012025,0.01177,0.011534,0.011315,0.011109,0.010921,0.010744,0.01058,0.010425,0.010287,0.010155,0.010034,0.0099215,0.0098177,0.0097227,0.009635,0.0095585,0.0094833,0.0094181,0.0093596,0.0093094,0.0092623,0.0092235,0.0091909,0.009163,0.0091435,0.0091289,0.0091199
1.0143e-14,0.45022,0.31412,0.3452,2.3093,0.2381,0.17331,0.22778,1.2867,0.13412,0.075131,0.057776,0.048852,0.042978,0.038684,0.035335,0.032614,0.03037,0.028459,0.026816,0.025397,0.024117,0.023,0.022001,0.021103,0.020292,0.019557,0.018885,0.018278,0.017711,0.017194,0.016717,0.016309,0.015874,0.015496,0.015147,0.014822,0.014521,0.01424,0.013979,0.013737,0.013511,0.0133,0.013104,0.012916,0.012753,0.012595,0.01245,0.012316,0.012191,0.012077,0.011973,0.011879,0.011791,0.011712,0.011642,0.01158,0.011526,0.011479,0.01144,0.011407,0.011383,0.011366,0.011355
3.4461e-14,1.0841,0.61698,0.65691,4.4722,0.55512,0.33806,0.43398,2.2131,0.30955,0.17053,0.13168,0.11051,0.096844,0.086764,0.078964,0.072684,0.067502,0.063124,0.059369,0.056128,0.053239,0.050716,0.048461,0.046434,0.04462,0.042971,0.041467,0.040097,0.038843,0.037691,0.03663,0.035707,0.034753,0.033916,0.033141,0.03242,0.031756,0.031133,0.030556,0.030018,0.02952,0.029055,0.028622,0.02822,0.027848,0.027501,0.02718,0.026885,0.02661,0.026359,0.026128,0.025917,0.025728,0.025555,0.025401,0.025265,0.025145,0.025042,0.024956,0.024886,0.024832,0.024793,0.02477
3.3442e-14,1.1186,0.63227,0.64031,4.163,0.60985,0.38209,0.40208,2.6668,0.32239,0.16343,0.1187,0.096918,0.083475,0.074033,0.066868,0.061169,0.05652,0.052638,0.049331,0.046517,0.043986,0.041806,0.039866,0.03814,0.036582,0.035183,0.033907,0.032759,0.031692,0.030723,0.029831,0.029054,0.02826,0.027562,0.026914,0.026312,0.025761,0.025243,0.024763,0.024323,0.023905,0.02352,0.023162,0.022821,0.022522,0.022235,0.021969,0.021726,0.0215,0.021291,0.021101,0.020927,0.020772,0.02063,0.020503,0.020387,0.020293,0.020207,0.020136,0.020077,0.020034,0.020001,0.019983
2.4071e-14,0.75744,0.44948,0.57842,3.6696,0.50171,0.32261,0.4399,2.5257,0.22708,0.11427,0.082399,0.067123,0.057578,0.050975,0.045974,0.042018,0.038797,0.036109,0.033831,0.03188,0.030149,0.028651,0.027322,0.026128,0.025071,0.024111,0.02324,0.02245,0.021723,0.021059,0.020448,0.019892,0.01937,0.018889,0.018445,0.01803,0.017651,0.017295,0.016965,0.016652,0.016372,0.016106,0.015859,0.015629,0.015415,0.015218,0.015034,0.014864,0.014707,0.014563,0.014431,0.014307,0.014201,0.014101,0.014012,0.013937,0.013864,0.013804,0.013753,0.013713,0.013681,0.013658,0.013644
1.9525e-14,0.75662,0.43837,0.51778,3.8296,0.37379,0.28904,0.3209,2.5019,0.23392,0.11545,0.084289,0.06903,0.059763,0.053241,0.048276,0.0443,0.041065,0.03833,0.035994,0.034008,0.032185,0.030623,0.02923,0.027976,0.026863,0.025849,0.024923,0.024078,0.023314,0.022607,0.021958,0.021407,0.020808,0.020296,0.019823,0.019378,0.018977,0.018597,0.018244,0.017913,0.017612,0.017328,0.017065,0.016827,0.016592,0.01638,0.016184,0.016004,0.015836,0.015682,0.015541,0.015405,0.015296,0.01519,0.015095,0.015014,0.014937,0.014873,0.01482,0.01478,0.014742,0.014718,0.014704
1.4903e-14,0.63302,0.34217,0.43193,2.8304,0.29597,0.22378,0.266,1.7414,0.16986,0.090132,0.066756,0.054689,0.047056,0.041651,0.037544,0.034294,0.031645,0.029437,0.027562,0.025971,0.024542,0.02331,0.022217,0.021239,0.02037,0.019581,0.018866,0.018218,0.017623,0.01708,0.016581,0.01612,0.015702,0.015311,0.014949,0.014613,0.014305,0.014016,0.013749,0.013498,0.013269,0.013054,0.012854,0.012667,0.012496,0.012336,0.012188,0.012051,0.011924,0.011808,0.011702,0.011603,0.011516,0.011437,0.011365,0.011303,0.011246,0.011198,0.011158,0.011125,0.011099,0.01108,0.011069
1.2194e-14,0.4344,0.30047,0.29782,2.1021,0.25295,0.1697,0.21967,1.16,0.10416,0.056486,0.04242,0.035377,0.030912,0.027615,0.025069,0.023022,0.021336,0.019915,0.0187,0.017662,0.016722,0.015911,0.015186,0.014543,0.013956,0.013429,0.012947,0.012512,0.012111,0.011745,0.011407,0.011117,0.01081,0.010544,0.010299,0.010069,0.009859,0.0096617,0.0094791,0.0093112,0.0091513,0.0090039,0.0088674,0.0087393,0.0086215,0.0085116,0.0084101,0.0083166,0.0082295,0.0081499,0.0080765,0.0080084,0.0079489,0.0078942,0.0078451,0.0078007,0.0077631,0.0077302,0.0077028,0.0076799,0.0076623,0.0076498,0.0076422
3.7901e-14,1.1399,0.64772,0.79304,4.6811,0.54015,0.39538,0.50941,3.1654,0.3695,0.18585,0.13774,0.11273,0.096767,0.085404,0.076819,0.070009,0.064528,0.059944,0.056064,0.052727,0.049819,0.047282,0.045033,0.043023,0.041239,0.039626,0.038155,0.036826,0.035614,0.034504,0.033483,0.032673,0.031683,0.030886,0.030148,0.029464,0.028832,0.028244,0.027697,0.027189,0.026719,0.02628,0.025874,0.025496,0.025144,0.024818,0.024516,0.02424,0.023981,0.023745,0.023528,0.02333,0.023153,0.022991,0.022846,0.022717,0.022605,0.022508,0.022428,0.022362,0.02231,0.022273,0.022252
2.2313e-14,0.82388,0.56346,0.67227,4.016,0.50578,0.31934,0.42002,2.5744,0.28245,0.13235,0.097054,0.07866,0.067273,0.059436,0.053538,0.048888,0.045121,0.041983,0.039325,0.03705,0.03504,0.033292,0.031743,0.030365,0.029126,0.028005,0.026993,0.026076,0.025227,0.024455,0.023746,0.023089,0.022495,0.021938,0.021423,0.020945,0.020504,0.020094,0.019712,0.019362,0.019029,0.018722,0.018437,0.018168,0.017928,0.017699,0.017489,0.017294,0.017114,0.016949,0.016797,0.016661,0.016536,0.016423,0.016322,0.016229,0.016154,0.016087,0.016029,0.015983,0.015948,0.015923,0.015908
1.879e-14,0.91729,0.56956,0.67556,4.3548,0.54444,0.34113,0.42554,2.7994,0.28413,0.14309,0.10816,0.090054,0.078382,0.069849,0.063273,0.057994,0.053671,0.050029,0.046917,0.044253,0.041877,0.039809,0.03797,0.03634,0.034852,0.033516,0.032305,0.031203,0.030193,0.029269,0.028419,0.027647,0.026918,0.026249,0.025631,0.025057,0.024529,0.024035,0.023576,0.023157,0.022755,0.022386,0.022043,0.021723,0.021431,0.021156,0.020902,0.020667,0.02045,0.020251,0.020069,0.019902,0.019753,0.019616,0.019493,0.019381,0.019289,0.019208,0.019138,0.019082,0.019039,0.019007,0.018987
1.9406e-14,0.60979,0.41973,0.50967,3.3462,0.39925,0.26081,0.35539,2.0945,0.20904,0.10467,0.078871,0.065632,0.057037,0.050885,0.046133,0.042314,0.039185,0.036551,0.034312,0.032386,0.030671,0.029176,0.027844,0.026653,0.025577,0.024604,0.02372,0.022918,0.02218,0.021504,0.020883,0.020333,0.019783,0.019293,0.01884,0.018419,0.018031,0.017668,0.017331,0.017017,0.016726,0.016454,0.016202,0.015966,0.015749,0.015547,0.01536,0.015186,0.015025,0.014878,0.014743,0.014619,0.014508,0.014407,0.014316,0.014236,0.014164,0.014103,0.014051,0.014009,0.013977,0.013953,0.013939
1.548e-14,0.61814,0.38039,0.50889,2.7697,0.40448,0.25932,0.2781,1.9905,0.18512,0.097671,0.075952,0.064191,0.056338,0.05058,0.046115,0.042494,0.039516,0.036985,0.034813,0.032933,0.031252,0.029785,0.028472,0.027302,0.026228,0.025266,0.024385,0.023587,0.02285,0.022175,0.021552,0.021028,0.02045,0.019957,0.019501,0.019077,0.018687,0.018321,0.017981,0.017669,0.01737,0.017096,0.016841,0.016604,0.016384,0.016179,0.01599,0.015815,0.015653,0.015504,0.015368,0.015243,0.015132,0.01503,0.014938,0.014855,0.014787,0.014725,0.014674,0.014633,0.014601,0.014577,0.014564
3.1725e-14,1.1646,0.72272,0.80024,5.1907,0.51984,0.33801,0.33862,2.0106,0.25023,0.1447,0.11357,0.096827,0.085425,0.077012,0.070402,0.065017,0.060527,0.056713,0.05342,0.050583,0.048011,0.045771,0.043765,0.041963,0.040333,0.038858,0.03751,0.036291,0.035153,0.034116,0.033157,0.032278,0.031467,0.030711,0.030009,0.029355,0.028756,0.028192,0.02767,0.027185,0.026731,0.02631,0.025917,0.025546,0.025214,0.024899,0.024607,0.024338,0.024089,0.02386,0.023651,0.023456,0.023287,0.023129,0.022989,0.022863,0.022755,0.022661,0.022582,0.022518,0.022469,0.022433,0.022412
3.6951e-14,1.289,0.79095,0.94904,5.497,0.74675,0.38129,0.48357,3.1171,0.33903,0.17682,0.13428,0.11288,0.098793,0.088624,0.080747,0.074398,0.069133,0.064682,0.06086,0.057555,0.054604,0.052023,0.049717,0.047655,0.045777,0.044087,0.042547,0.04115,0.039853,0.038669,0.037577,0.036547,0.035652,0.034789,0.033991,0.03325,0.032566,0.031925,0.031333,0.030788,0.030265,0.029786,0.029341,0.028921,0.028542,0.028185,0.027855,0.02755,0.027268,0.027009,0.026772,0.026557,0.026359,0.026181,0.026022,0.025874,0.025759,0.025653,0.025563,0.02549,0.025435,0.025395,0.025371
2.0935e-14,0.92214,0.65806,0.70262,4.2652,0.51492,0.29324,0.42361,2.5407,0.28256,0.13417,0.099595,0.083,0.072395,0.064895,0.059136,0.05451,0.050677,0.047438,0.04466,0.042258,0.04011,0.038229,0.036549,0.035054,0.033681,0.032448,0.031324,0.030305,0.029356,0.028492,0.027695,0.026949,0.026282,0.025652,0.025069,0.024526,0.024024,0.023556,0.023121,0.022723,0.022338,0.021987,0.02166,0.02135,0.021075,0.020813,0.020569,0.020344,0.020137,0.019947,0.019771,0.019615,0.019468,0.019337,0.01922,0.01911,0.019025,0.018947,0.01888,0.018826,0.018785,0.018755,0.018738
2.2364e-14,0.87938,0.58473,0.66911,4.3656,0.52541,0.32281,0.39714,3.0096,0.29222,0.14798,0.10995,0.090508,0.077974,0.069228,0.062568,0.05725,0.052926,0.04929,0.046198,0.043535,0.041194,0.039152,0.037336,0.035717,0.034257,0.032944,0.031745,0.03067,0.029673,0.028765,0.027931,0.027228,0.026456,0.0258,0.025194,0.024633,0.024114,0.023629,0.023181,0.022761,0.022374,0.022013,0.021679,0.021361,0.021077,0.020809,0.020561,0.020333,0.02012,0.019926,0.019748,0.019589,0.019439,0.019306,0.019187,0.019083,0.018989,0.01891,0.018844,0.018788,0.018748,0.018718,0.018699
1.5864e-14,0.62084,0.352,0.45276,3.2398,0.41416,0.23513,0.27737,2.0572,0.20399,0.11482,0.08656,0.0725,0.063717,0.057176,0.052088,0.047965,0.044569,0.041687,0.039211,0.037065,0.035164,0.033495,0.032005,0.030677,0.029462,0.028372,0.027376,0.026477,0.025642,0.02488,0.024178,0.023576,0.022933,0.02238,0.021867,0.021392,0.02095,0.020539,0.020157,0.019806,0.01947,0.019163,0.018877,0.018604,0.018363,0.018135,0.017922,0.017727,0.017545,0.017379,0.017226,0.017091,0.016961,0.016847,0.016745,0.016651,0.016576,0.016507,0.016451,0.016402,0.016368,0.016342,0.016327
5.6317e-14,2.5385,1.5719,1.6556,12.138,1.3333,0.70967,0.85503,5.4589,0.50895,0.26348,0.20018,0.16871,0.14801,0.13335,0.12196,0.11272,0.105,0.09847,0.092843,0.087925,0.083567,0.079727,0.076285,0.073217,0.070397,0.067867,0.065549,0.063451,0.061499,0.059716,0.058066,0.056571,0.055151,0.053846,0.052637,0.051516,0.050473,0.049499,0.048596,0.04777,0.046971,0.046241,0.045563,0.044917,0.044346,0.0438,0.043294,0.042829,0.042398,0.042002,0.041638,0.041318,0.041009,0.040736,0.040493,0.040266,0.04009,0.039926,0.039791,0.039676,0.039594,0.039533,0.039497
3.2738e-14,1.5181,0.92686,0.985,7.0814,0.61255,0.35975,0.35286,2.3652,0.26794,0.15301,0.12169,0.10454,0.09281,0.083966,0.076947,0.071181,0.066363,0.062249,0.058686,0.055627,0.052815,0.050375,0.048186,0.046227,0.044434,0.042819,0.041341,0.040001,0.038754,0.037616,0.036563,0.035612,0.034702,0.03387,0.033098,0.032377,0.031717,0.031095,0.03052,0.029992,0.029483,0.029018,0.028584,0.028176,0.027807,0.02746,0.027137,0.02684,0.026564,0.02631,0.026079,0.025863,0.025675,0.025501,0.025345,0.025199,0.025086,0.024982,0.024895,0.024823,0.024768,0.024729,0.024706
1.9445e-14,0.73114,0.55793,0.6681,3.9159,0.45221,0.28933,0.31327,2.0946,0.20725,0.11173,0.086546,0.073372,0.064507,0.058009,0.05292,0.048779,0.045358,0.042452,0.039948,0.037791,0.035849,0.034156,0.032643,0.031289,0.030063,0.028955,0.027941,0.027021,0.026176,0.0254,0.024685,0.024081,0.023417,0.022853,0.02233,0.021843,0.021395,0.020975,0.020585,0.020226,0.019885,0.019571,0.019279,0.019006,0.018755,0.018521,0.018303,0.018104,0.017918,0.017747,0.01759,0.017448,0.01732,0.017203,0.017098,0.017002,0.016925,0.016854,0.016796,0.016748,0.016711,0.016684,0.016669
1.8845e-14,0.99641,0.58696,0.87558,4.5692,0.53268,0.31018,0.38262,2.1909,0.2355,0.12883,0.10012,0.084995,0.074985,0.067492,0.061617,0.056819,0.052855,0.049475,0.046564,0.044015,0.0418,0.03983,0.038068,0.0365,0.03506,0.033766,0.032587,0.031517,0.030528,0.029623,0.028789,0.028056,0.027313,0.026653,0.026043,0.02548,0.024952,0.024462,0.024009,0.023593,0.023192,0.022826,0.022485,0.022162,0.021875,0.021602,0.021348,0.021115,0.020899,0.020701,0.020519,0.020359,0.020203,0.020067,0.019946,0.019833,0.019743,0.019663,0.019595,0.019537,0.019496,0.019466,0.019447
1.6396e-14,0.5986,0.36443,0.47885,3.1109,0.36267,0.25129,0.26988,1.7735,0.18054,0.098236,0.075261,0.063273,0.055412,0.049747,0.045377,0.041839,0.038941,0.036476,0.034359,0.032526,0.030887,0.029453,0.028169,0.027011,0.025977,0.025034,0.024169,0.023385,0.022664,0.022002,0.02139,0.020908,0.020308,0.019825,0.019377,0.01896,0.018576,0.018216,0.017882,0.01757,0.017282,0.017012,0.016762,0.016528,0.016311,0.01611,0.015924,0.015753,0.015593,0.015447,0.015312,0.015189,0.01508,0.014979,0.01489,0.014811,0.01474,0.01468,0.014631,0.01459,0.014558,0.014536,0.014522
1.2961e-14,0.54824,0.29632,0.42711,3.0021,0.37075,0.21384,0.22809,1.4289,0.1523,0.086203,0.06664,0.05633,0.049577,0.044638,0.040774,0.037625,0.035031,0.032816,0.030908,0.029257,0.027776,0.026481,0.025321,0.024283,0.02334,0.022488,0.021707,0.021001,0.020348,0.01975,0.019199,0.018731,0.018221,0.017785,0.017381,0.017005,0.016658,0.016334,0.016032,0.015754,0.015491,0.015248,0.015022,0.01481,0.014616,0.014435,0.014267,0.014112,0.013968,0.013837,0.013716,0.013605,0.013506,0.013416,0.013335,0.013262,0.013201,0.013147,0.013102,0.013065,0.013036,0.013016,0.013004
1.4503e-14,0.56676,0.38685,0.40783,2.5997,0.31542,0.22283,0.25826,1.5439,0.15321,0.09158,0.071888,0.060996,0.053969,0.048597,0.044383,0.040955,0.038101,0.035676,0.033591,0.031773,0.030162,0.028743,0.027475,0.026333,0.025309,0.024376,0.023526,0.02275,0.022039,0.021386,0.020784,0.020232,0.019717,0.019241,0.0188,0.018391,0.018011,0.017657,0.017328,0.017018,0.016737,0.016472,0.016224,0.015994,0.015782,0.015583,0.0154,0.01523,0.015073,0.014929,0.014796,0.014676,0.014567,0.014467,0.014378,0.014302,0.01423,0.01417,0.014119,0.014078,0.014046,0.014023,0.014008
1.239e-14,0.59223,0.36123,0.46754,2.6532,0.30257,0.22144,0.28289,1.7031,0.16287,0.090225,0.068542,0.056856,0.049265,0.043812,0.039633,0.036306,0.033582,0.031298,0.029353,0.027682,0.0262,0.024909,0.02376,0.02273,0.021813,0.020979,0.020222,0.019531,0.018904,0.018326,0.017796,0.017316,0.016857,0.01644,0.016054,0.015694,0.015364,0.015055,0.014768,0.014501,0.014254,0.014024,0.013809,0.013613,0.013425,0.013253,0.013094,0.012947,0.012811,0.012687,0.012572,0.012465,0.012373,0.012287,0.012211,0.012143,0.012083,0.012032,0.011988,0.011955,0.011926,0.011907,0.011895
3.6387e-14,1.6277,0.9491,1.2356,8.8303,0.73633,0.42607,0.36575,3.0718,0.29003,0.18039,0.14779,0.12848,0.11485,0.10443,0.096049,0.089085,0.083256,0.078231,0.073863,0.070067,0.066626,0.063608,0.060895,0.058444,0.056239,0.054227,0.052383,0.050711,0.049157,0.047734,0.04642,0.045307,0.044091,0.043049,0.042083,0.041183,0.040353,0.039575,0.038852,0.038174,0.037552,0.036968,0.036425,0.03591,0.03545,0.035014,0.03461,0.034238,0.033891,0.033574,0.033283,0.03302,0.032778,0.03256,0.032365,0.032197,0.032041,0.031911,0.031802,0.031711,0.031644,0.031595,0.031566
1.7665e-14,0.86222,0.51569,0.6741,4.2692,0.5392,0.2843,0.32689,2.1233,0.21358,0.12418,0.095391,0.080299,0.070787,0.063737,0.058219,0.053725,0.050023,0.046863,0.044141,0.041777,0.039667,0.03782,0.036165,0.034682,0.033336,0.032119,0.031004,0.029996,0.029065,0.02821,0.027424,0.026771,0.026027,0.025404,0.024827,0.02429,0.023796,0.023332,0.022901,0.022503,0.022128,0.021781,0.021459,0.021157,0.020879,0.02062,0.02038,0.02016,0.019954,0.019766,0.019593,0.019435,0.019294,0.019165,0.019049,0.018945,0.018857,0.01878,0.018716,0.018663,0.018622,0.018593,0.018576
2.24e-14,0.93783,0.68117,0.90376,4.7654,0.52747,0.30398,0.37978,2.2917,0.24094,0.12992,0.10005,0.084178,0.073483,0.065783,0.059799,0.054962,0.050968,0.047591,0.044697,0.042182,0.03997,0.038029,0.036296,0.034743,0.033348,0.032086,0.030931,0.029889,0.028929,0.02805,0.027242,0.026581,0.025809,0.025172,0.024582,0.024036,0.023528,0.023055,0.022617,0.022209,0.02183,0.021477,0.021149,0.020839,0.020559,0.020296,0.020052,0.019828,0.019618,0.019426,0.01925,0.019093,0.018944,0.018812,0.018693,0.018589,0.018496,0.018416,0.01835,0.018293,0.018251,0.01822,0.018201
1.7882e-14,0.79134,0.50196,0.60698,4.0309,0.45313,0.27323,0.28222,2.0074,0.19309,0.10943,0.086369,0.073281,0.064639,0.058238,0.053236,0.049159,0.045756,0.04286,0.040368,0.038186,0.036257,0.03456,0.033039,0.031675,0.030439,0.029321,0.028296,0.027364,0.026513,0.025729,0.025005,0.024389,0.023723,0.02315,0.022621,0.022128,0.021674,0.021248,0.020853,0.020485,0.020143,0.019824,0.019529,0.019255,0.018996,0.018759,0.018539,0.018336,0.018147,0.017975,0.017816,0.017671,0.017542,0.017423,0.017317,0.017224,0.017141,0.01707,0.017012,0.016964,0.016926,0.016899,0.016883
2.0952e-14,0.82901,0.44739,0.58391,4.1961,0.4334,0.27568,0.35576,2.2306,0.20851,0.11669,0.090667,0.076225,0.066573,0.059567,0.054176,0.049825,0.046221,0.043174,0.040564,0.038322,0.036297,0.034542,0.032975,0.031578,0.030311,0.029169,0.028127,0.027192,0.026315,0.025519,0.024787,0.024134,0.023489,0.022912,0.022377,0.021879,0.021422,0.020994,0.020596,0.02023,0.019883,0.019562,0.019265,0.018979,0.018731,0.018492,0.018271,0.018067,0.017878,0.017704,0.017545,0.0174,0.017269,0.01715,0.017043,0.016946,0.016866,0.016794,0.016735,0.016684,0.016648,0.016621,0.016605
1.7838e-14,0.56356,0.41663,0.58136,3.2641,0.38413,0.24783,0.24973,1.6843,0.15754,0.10086,0.082477,0.071326,0.063422,0.05747,0.052726,0.048818,0.045559,0.042764,0.040345,0.038235,0.036339,0.034674,0.03318,0.031836,0.030617,0.029511,0.028498,0.02758,0.026728,0.025948,0.025228,0.024591,0.023952,0.023381,0.022852,0.02236,0.021906,0.021481,0.021085,0.020718,0.020375,0.020056,0.01976,0.019481,0.019227,0.018988,0.018768,0.018564,0.018376,0.018202,0.018043,0.017898,0.017768,0.017648,0.017542,0.017448,0.017365,0.017293,0.017234,0.017185,0.017147,0.01712,0.017104
1.8735e-14,0.55908,0.46656,0.73026,3.9031,0.38806,0.23739,0.23577,1.4794,0.17992,0.10203,0.082159,0.070513,0.062448,0.056416,0.051649,0.047756,0.04448,0.041701,0.039302,0.037226,0.035348,0.033709,0.032241,0.030919,0.029731,0.02865,0.027664,0.026767,0.025938,0.025178,0.024478,0.023839,0.023236,0.022682,0.022168,0.021689,0.021249,0.020836,0.020452,0.020094,0.019764,0.019454,0.019166,0.018897,0.018649,0.018418,0.018204,0.018007,0.017824,0.017656,0.017502,0.017358,0.017234,0.017119,0.017015,0.016925,0.016844,0.016775,0.016717,0.01667,0.016633,0.016607,0.016591
3.9171e-14,1.5577,0.85087,1.1732,9.156,0.67107,0.36998,0.33923,2.5897,0.24679,0.16232,0.13541,0.11894,0.10688,0.097527,0.089931,0.083569,0.078211,0.073573,0.069532,0.066018,0.062799,0.059986,0.057453,0.055162,0.053094,0.051208,0.049482,0.047906,0.046452,0.045115,0.04388,0.042799,0.041689,0.040707,0.039797,0.038947,0.038168,0.037434,0.036753,0.036113,0.035527,0.034976,0.034463,0.033987,0.033545,0.033133,0.032751,0.0324,0.032073,0.031773,0.031498,0.031242,0.031022,0.030815,0.030631,0.030472,0.030325,0.030202,0.030098,0.030016,0.02995,0.029903,0.029875
2.3987e-14,0.92752,0.70265,1.053,4.7344,0.63413,0.37826,0.34072,2.6944,0.26064,0.14184,0.11075,0.094221,0.082971,0.074751,0.068265,0.062995,0.05862,0.05491,0.051704,0.048953,0.046449,0.044275,0.042322,0.040581,0.038993,0.037559,0.036239,0.035058,0.033956,0.032949,0.032022,0.031313,0.030376,0.029643,0.028963,0.028329,0.027748,0.027201,0.026694,0.026232,0.025785,0.025375,0.024997,0.024637,0.024314,0.024007,0.023725,0.023466,0.023222,0.023,0.022797,0.022608,0.022441,0.022289,0.022152,0.022023,0.021923,0.021831,0.021757,0.021692,0.021643,0.021608,0.021587
2.7288e-14,1.0823,0.80891,1.1054,8.2141,0.66832,0.40152,0.3522,2.5171,0.26861,0.17126,0.13724,0.11717,0.10313,0.092772,0.084615,0.077969,0.072449,0.067762,0.063739,0.06023,0.057141,0.054427,0.052007,0.049838,0.047882,0.046112,0.044495,0.043028,0.041676,0.040439,0.039299,0.038321,0.037276,0.036377,0.035545,0.034772,0.034056,0.033389,0.032768,0.032186,0.031654,0.031154,0.03069,0.030255,0.029856,0.029483,0.029138,0.02882,0.028525,0.028255,0.028006,0.02778,0.027576,0.02739,0.027225,0.027083,0.026949,0.026838,0.026746,0.02667,0.026612,0.02657,0.026545
1.6265e-14,0.85005,0.63147,0.80339,5.4197,0.59314,0.355,0.35093,2.4305,0.26092,0.15666,0.12373,0.10593,0.093603,0.084543,0.077423,0.071609,0.066757,0.062617,0.059045,0.05595,0.053143,0.050697,0.048504,0.046525,0.044743,0.043125,0.041643,0.040298,0.039055,0.037914,0.036862,0.035918,0.034993,0.034159,0.033387,0.032666,0.032004,0.031383,0.030806,0.030264,0.029766,0.0293,0.028867,0.028462,0.028087,0.027739,0.027417,0.027118,0.026842,0.026589,0.026356,0.026141,0.025952,0.025777,0.025621,0.025484,0.025361,0.025255,0.025168,0.025096,0.025039,0.024998,0.024973
1.8121e-14,0.66468,0.52088,0.78645,4.1303,0.40717,0.28517,0.27188,1.6346,0.17121,0.10365,0.084662,0.073109,0.06515,0.05897,0.054047,0.050011,0.046601,0.043701,0.041193,0.039018,0.037053,0.035336,0.033797,0.032418,0.031162,0.030027,0.028991,0.028047,0.027177,0.026379,0.025644,0.024971,0.024338,0.023756,0.023216,0.022712,0.02225,0.021817,0.021413,0.02104,0.02069,0.020364,0.020062,0.01978,0.01952,0.019277,0.019052,0.018845,0.018653,0.018476,0.018314,0.018164,0.018034,0.017912,0.017804,0.017708,0.017624,0.017551,0.017491,0.017442,0.017403,0.017376,0.017359
2.7752e-14,1.1442,0.67471,0.97223,7.3297,0.45979,0.32329,0.31953,2.162,0.20058,0.12696,0.10315,0.089559,0.08037,0.073206,0.067439,0.06264,0.058579,0.055083,0.052041,0.04939,0.046976,0.044861,0.04296,0.041245,0.039684,0.038271,0.036978,0.035795,0.034707,0.033705,0.032779,0.031926,0.031137,0.030402,0.02972,0.029083,0.028499,0.02795,0.027441,0.026963,0.026522,0.02611,0.025726,0.02537,0.025037,0.024729,0.024444,0.02418,0.023935,0.023711,0.023506,0.023314,0.023148,0.022994,0.022856,0.022736,0.022628,0.022535,0.022458,0.022396,0.022346,0.022311,0.02229
1.652e-14,0.71732,0.46929,0.82719,3.9433,0.4719,0.28617,0.29499,2.4053,0.20542,0.11363,0.089528,0.076289,0.067709,0.061206,0.056062,0.05183,0.048312,0.045299,0.042693,0.040425,0.038398,0.036615,0.035017,0.033579,0.032284,0.031107,0.03003,0.029054,0.028149,0.027321,0.026557,0.025901,0.025202,0.024598,0.024039,0.02352,0.023037,0.022588,0.022169,0.021782,0.021419,0.021082,0.020769,0.020472,0.020207,0.019955,0.019722,0.019508,0.019308,0.019125,0.018958,0.01881,0.018667,0.018542,0.01843,0.018329,0.018243,0.018168,0.018106,0.018053,0.018015,0.017987,0.01797
2.7303e-14,1.1193,0.65855,1.1904,9.4203,0.56311,0.33296,0.30436,2.3188,0.22195,0.14962,0.12305,0.10685,0.095072,0.086117,0.078948,0.073011,0.068047,0.063791,0.060113,0.056877,0.054022,0.0515,0.04924,0.047203,0.045368,0.043704,0.042181,0.040797,0.039519,0.038349,0.03727,0.036331,0.035354,0.034502,0.033712,0.032978,0.032298,0.031663,0.031072,0.030518,0.030012,0.029536,0.029093,0.028675,0.0283,0.027944,0.027615,0.027311,0.02703,0.026771,0.026533,0.026323,0.026123,0.025945,0.025786,0.025649,0.025522,0.025414,0.025326,0.025251,0.025197,0.025156,0.025132
1.7791e-14,0.7133,0.51846,0.76359,5.7048,0.50508,0.28668,0.30105,1.9027,0.19202,0.11249,0.087986,0.07459,0.065807,0.059183,0.053981,0.049749,0.046234,0.043249,0.040681,0.038457,0.036472,0.034739,0.033186,0.031799,0.030539,0.029404,0.028364,0.027422,0.026558,0.025763,0.025032,0.024411,0.023736,0.023158,0.022624,0.022127,0.021669,0.021239,0.020842,0.020474,0.020127,0.019807,0.01951,0.019232,0.018974,0.018735,0.018514,0.01831,0.01812,0.017947,0.017788,0.017643,0.017511,0.017392,0.017286,0.017188,0.017108,0.017036,0.016977,0.016927,0.016889,0.016862,0.016845
2.0441e-14,0.70032,0.54362,0.78941,5.2916,0.45537,0.28157,0.27558,1.8543,0.22085,0.12395,0.097592,0.082663,0.072641,0.065273,0.059498,0.054815,0.050923,0.047628,0.044792,0.042354,0.040157,0.038247,0.036539,0.035006,0.03363,0.032382,0.03124,0.030206,0.029254,0.028381,0.027578,0.026878,0.026153,0.025519,0.024931,0.024382,0.02388,0.023408,0.022969,0.022559,0.022183,0.021829,0.021502,0.021196,0.020912,0.020648,0.020404,0.020179,0.01997,0.019778,0.019602,0.019436,0.019296,0.019164,0.019046,0.018944,0.018849,0.018769,0.018702,0.018649,0.018605,0.018574,0.018556
3.2718e-14,1.2454,0.69749,0.93061,8.4853,0.49955,0.31732,0.32814,2.2543,0.2036,0.12358,0.10225,0.089423,0.080361,0.073313,0.067594,0.062821,0.058775,0.055288,0.052243,0.049618,0.047185,0.045066,0.043161,0.041451,0.039882,0.038465,0.03717,0.035989,0.034891,0.033886,0.032958,0.032105,0.031311,0.030575,0.029891,0.029252,0.028666,0.028116,0.027605,0.027133,0.026684,0.026271,0.025886,0.025522,0.025196,0.024887,0.024601,0.024336,0.024092,0.023867,0.023662,0.023471,0.023303,0.023149,0.023011,0.022885,0.022782,0.02269,0.022612,0.022549,0.022501,0.022466,0.022445
1.8042e-14,0.75912,0.44284,0.84528,5.0078,0.46885,0.26355,0.27658,1.6214,0.17044,0.1097,0.089596,0.078115,0.070046,0.063828,0.058797,0.054602,0.051064,0.048011,0.045351,0.043042,0.04093,0.039085,0.037424,0.035922,0.034568,0.033334,0.032201,0.031171,0.03022,0.029346,0.02854,0.02785,0.027106,0.026466,0.025872,0.025317,0.024809,0.02433,0.023886,0.02347,0.023086,0.022727,0.022394,0.022083,0.021794,0.021525,0.021277,0.021049,0.020836,0.020641,0.020462,0.020294,0.020151,0.020017,0.019897,0.019792,0.019698,0.019618,0.019552,0.019498,0.019454,0.019424,0.019406
2.9298e-14,1.453,0.84002,1.4688,10.141,0.70418,0.40783,0.36806,2.3599,0.22394,0.15969,0.13605,0.12061,0.10892,0.099742,0.092213,0.08588,0.080466,0.075784,0.071692,0.068117,0.064843,0.061972,0.059385,0.05703,0.054921,0.052991,0.051219,0.049616,0.048109,0.046735,0.045466,0.044311,0.043206,0.042197,0.041261,0.040389,0.03958,0.038825,0.038122,0.037458,0.036858,0.03629,0.035762,0.035251,0.034812,0.034387,0.033993,0.03363,0.033294,0.032984,0.0327,0.032451,0.032208,0.031995,0.031806,0.031644,0.03149,0.031363,0.031257,0.031165,0.031103,0.031055,0.031027
2.0978e-14,1.0298,0.63695,1.0738,8.385,0.6044,0.33053,0.32433,2.0172,0.2311,0.14023,0.11448,0.099562,0.088715,0.080518,0.07393,0.068505,0.063905,0.059978,0.05657,0.053608,0.050929,0.048582,0.046476,0.044582,0.042864,0.041308,0.039887,0.038591,0.037395,0.036297,0.035287,0.034331,0.03349,0.032689,0.031945,0.031252,0.030615,0.030018,0.029462,0.028952,0.028465,0.028018,0.027601,0.027211,0.026852,0.026518,0.026209,0.025922,0.025658,0.025415,0.025193,0.024987,0.024805,0.024638,0.024489,0.024351,0.024242,0.024142,0.024058,0.02399,0.023937,0.0239,0.023877
1.4656e-14,0.55066,0.41439,0.64167,4.5409,0.34783,0.21953,0.19681,1.3391,0.15136,0.090296,0.072998,0.062983,0.055869,0.050571,0.04636,0.042896,0.040006,0.037532,0.03539,0.033539,0.031852,0.030385,0.029068,0.027882,0.026813,0.025842,0.024951,0.024144,0.023397,0.022712,0.022081,0.02154,0.02096,0.02046,0.019996,0.019563,0.019167,0.018794,0.018447,0.018125,0.017826,0.017546,0.017287,0.017044,0.01682,0.016611,0.016418,0.01624,0.016074,0.015923,0.015784,0.015653,0.015542,0.015438,0.015345,0.015263,0.01519,0.015127,0.015076,0.015034,0.015,0.014977,0.014963
1.9421e-14,0.59854,0.37058,0.42541,2.3412,0.31801,0.18486,0.21527,1.2043,0.14292,0.078746,0.061392,0.052121,0.045947,0.041339,0.037717,0.034742,0.032308,0.030223,0.028431,0.026872,0.02549,0.024277,0.023193,0.022215,0.021343,0.02055,0.019823,0.019168,0.01856,0.018005,0.017493,0.017071,0.016589,0.016185,0.015812,0.015465,0.015144,0.014844,0.014566,0.014304,0.014066,0.013842,0.013634,0.013436,0.01326,0.013093,0.012938,0.012796,0.012663,0.012542,0.01243,0.012331,0.012237,0.012154,0.012079,0.012016,0.011956,0.011906,0.011865,0.011829,0.011804,0.011785,0.011774
1.1477e-14,0.53481,0.27673,0.41538,2.4154,0.27023,0.15706,0.20567,1.3145,0.13939,0.073642,0.055564,0.046185,0.040093,0.03574,0.032388,0.0297,0.027498,0.025645,0.024062,0.022694,0.021493,0.020441,0.019504,0.018668,0.017914,0.017233,0.016611,0.01605,0.015534,0.015062,0.014628,0.014275,0.013861,0.013519,0.013203,0.012911,0.012639,0.012386,0.012152,0.011935,0.011732,0.011543,0.011368,0.011205,0.011054,0.010913,0.010784,0.010665,0.010553,0.010451,0.010358,0.010274,0.010196,0.010127,0.010064,0.010008,0.0099608,0.0099192,0.0098849,0.0098562,0.0098343,0.0098187,0.0098093
2.2186e-14,0.92179,0.68328,0.81259,5.4296,0.55366,0.40039,0.48632,3.1548,0.28427,0.14573,0.1088,0.090344,0.078436,0.069989,0.063507,0.05832,0.05407,0.05049,0.047434,0.044816,0.042454,0.040408,0.038585,0.036956,0.035482,0.034153,0.032942,0.03185,0.030833,0.029907,0.029055,0.028313,0.027548,0.026877,0.026256,0.025676,0.025146,0.024648,0.024186,0.023761,0.023357,0.022985,0.022639,0.022313,0.022019,0.021743,0.021486,0.021251,0.021031,0.020831,0.020646,0.020476,0.020327,0.020189,0.020066,0.019954,0.019862,0.019779,0.019711,0.019654,0.019611,0.01958,0.019562
3.116e-14,1.4624,0.79897,0.99743,10.733,0.53186,0.34026,0.35888,2.3095,0.23661,0.15155,0.12541,0.11016,0.099323,0.090873,0.083996,0.078234,0.073339,0.069103,0.065396,0.062193,0.059214,0.056614,0.05427,0.05216,0.050226,0.048475,0.046868,0.04541,0.044042,0.042794,0.041639,0.040612,0.039586,0.038669,0.037816,0.037019,0.036285,0.035596,0.034957,0.034367,0.033805,0.033287,0.032805,0.032342,0.031938,0.031551,0.031191,0.030861,0.030553,0.030271,0.030013,0.029777,0.029561,0.029368,0.029194,0.029035,0.028907,0.028791,0.028693,0.028611,0.028553,0.028509,0.028484
1.7691e-14,0.82679,0.49593,0.9297,6.9162,0.45001,0.29131,0.26628,1.7572,0.19116,0.12706,0.10707,0.094294,0.084819,0.077448,0.071456,0.066442,0.062201,0.058534,0.055333,0.052564,0.050003,0.047773,0.045764,0.043943,0.042307,0.04081,0.039436,0.038186,0.037031,0.035968,0.034987,0.034147,0.033243,0.032463,0.03174,0.031063,0.030443,0.02986,0.029317,0.028808,0.028342,0.027904,0.027496,0.027116,0.026764,0.026436,0.026132,0.025853,0.025592,0.025354,0.025135,0.024929,0.024754,0.02459,0.024444,0.024317,0.0242,0.024101,0.02402,0.023954,0.023901,0.023864,0.023842
2.284e-14,1.471,0.9119,1.6787,10.042,0.72223,0.39938,0.38751,2.0729,0.26464,0.17944,0.15097,0.13274,0.11938,0.10896,0.10049,0.093428,0.087418,0.082243,0.077728,0.073809,0.07022,0.067074,0.064246,0.061699,0.059371,0.057269,0.055339,0.053599,0.051956,0.050463,0.049085,0.047855,0.04663,0.045537,0.044521,0.043576,0.042698,0.041881,0.04112,0.040418,0.039749,0.039135,0.038564,0.038006,0.037535,0.037076,0.03665,0.036257,0.035893,0.035558,0.035253,0.034981,0.034718,0.034489,0.034284,0.034095,0.033943,0.033805,0.033691,0.03359,0.033524,0.033472,0.033442
2.0068e-14,0.91992,0.57607,0.89404,6.4824,0.5099,0.30904,0.31932,1.9741,0.21426,0.12719,0.10116,0.086648,0.076885,0.06942,0.063518,0.058684,0.054653,0.051213,0.048247,0.045672,0.043355,0.041327,0.039512,0.037876,0.036407,0.03507,0.033851,0.032738,0.031716,0.030777,0.029912,0.029133,0.028376,0.027691,0.027057,0.026466,0.02592,0.02541,0.024936,0.024495,0.024084,0.023702,0.023346,0.023012,0.022707,0.022421,0.022156,0.021912,0.021685,0.021477,0.021286,0.021113,0.020953,0.02081,0.020682,0.020568,0.020468,0.020382,0.020309,0.020249,0.020203,0.02017,0.020149
1.3359e-14,0.55823,0.38635,0.56155,3.3897,0.37038,0.20645,0.24379,1.273,0.14542,0.083611,0.067493,0.058149,0.051576,0.046623,0.042688,0.03945,0.03675,0.034442,0.032448,0.030724,0.029159,0.027797,0.026577,0.025474,0.024488,0.023591,0.02277,0.022028,0.021335,0.020704,0.020123,0.019602,0.019092,0.018632,0.018206,0.017808,0.017444,0.017101,0.016783,0.016484,0.016212,0.015956,0.015718,0.015491,0.01529,0.015098,0.014921,0.014758,0.014606,0.014467,0.014339,0.014222,0.014118,0.014022,0.013937,0.013863,0.013795,0.013737,0.013689,0.01365,0.01362,0.013598,0.013585
1.367e-14,0.55407,0.37775,0.52059,3.3922,0.35341,0.21963,0.26529,1.4462,0.1803,0.10148,0.079001,0.066859,0.058579,0.052516,0.047797,0.043961,0.040805,0.038124,0.035824,0.033819,0.032065,0.030517,0.029135,0.027894,0.026785,0.025778,0.024858,0.024028,0.023258,0.022556,0.02191,0.021358,0.020767,0.020258,0.019787,0.019352,0.018946,0.018569,0.018219,0.017892,0.017591,0.017309,0.017047,0.016798,0.016578,0.016367,0.016173,0.015995,0.015829,0.015677,0.015537,0.015413,0.015294,0.01519,0.015097,0.015015,0.014942,0.01488,0.014828,0.014784,0.014752,0.014729,0.014715
1.8646e-14,0.79793,0.56725,0.62484,4.4782,0.44191,0.32309,0.40928,2.6669,0.23912,0.11666,0.087302,0.072507,0.063369,0.056652,0.05149,0.047358,0.043998,0.041161,0.038733,0.036642,0.03475,0.033103,0.031631,0.030307,0.02912,0.028041,0.027056,0.026162,0.025334,0.024578,0.02388,0.023256,0.022644,0.022093,0.021583,0.021108,0.020669,0.020259,0.019878,0.019523,0.019194,0.018887,0.018601,0.018329,0.018088,0.017858,0.017645,0.017449,0.017267,0.0171,0.016946,0.016808,0.016679,0.016564,0.016461,0.01637,0.01629,0.01622,0.016162,0.016113,0.016077,0.016051,0.016035
3.069e-14,1.5611,0.83002,1.0321,10.826,0.54361,0.33983,0.38027,2.2893,0.2457,0.15427,0.12662,0.11087,0.099554,0.090924,0.083941,0.078118,0.073209,0.068971,0.065264,0.062058,0.059078,0.056479,0.054134,0.05203,0.050086,0.048336,0.046725,0.04527,0.043899,0.042649,0.041493,0.040478,0.039439,0.038521,0.037667,0.036872,0.036136,0.035447,0.034807,0.034223,0.033653,0.033135,0.032653,0.032185,0.031785,0.031398,0.031037,0.030706,0.030399,0.030115,0.029857,0.029625,0.029405,0.02921,0.029036,0.028871,0.028748,0.028631,0.028534,0.028449,0.028392,0.028348,0.028323
1.822e-14,0.73867,0.52057,0.96545,6.0015,0.52492,0.38371,0.39617,2.7376,0.27772,0.1532,0.12103,0.10328,0.091345,0.08249,0.075483,0.069838,0.065137,0.061106,0.057616,0.054581,0.051851,0.049457,0.04731,0.045378,0.043628,0.042044,0.040592,0.039278,0.038057,0.03694,0.03591,0.035033,0.034082,0.033267,0.032511,0.031807,0.031158,0.03055,0.029985,0.029461,0.02897,0.028514,0.028091,0.027692,0.027329,0.026989,0.026674,0.026384,0.026114,0.025866,0.025639,0.02543,0.025245,0.025075,0.024923,0.024787,0.02467,0.024568,0.024484,0.024414,0.024361,0.024322,0.024299
2.7012e-14,1.3107,0.91988,1.4413,9.5142,0.71833,0.42063,0.39858,2.1402,0.26781,0.17755,0.14969,0.1324,0.11932,0.10905,0.10063,0.093554,0.087567,0.082378,0.077846,0.073889,0.070297,0.06713,0.064286,0.061732,0.05938,0.057263,0.055326,0.053574,0.051921,0.050418,0.049032,0.047803,0.046564,0.045464,0.044441,0.043491,0.042607,0.041786,0.04102,0.040318,0.03964,0.039022,0.038446,0.037887,0.03741,0.036948,0.036519,0.036123,0.035755,0.035417,0.035109,0.034833,0.034568,0.034336,0.034128,0.033933,0.033783,0.033642,0.033524,0.033422,0.033353,0.033299,0.033267
2.2985e-14,0.69798,0.47962,0.70338,4.0771,0.49714,0.24005,0.25885,1.6276,0.17534,0.09803,0.078528,0.067045,0.059158,0.053243,0.048579,0.04478,0.041622,0.038938,0.036631,0.034632,0.032842,0.03128,0.029882,0.02862,0.027501,0.026477,0.025544,0.024693,0.023916,0.023201,0.022543,0.021946,0.021377,0.020857,0.020376,0.019927,0.019516,0.01913,0.018772,0.018433,0.01813,0.017842,0.017574,0.017328,0.017093,0.016878,0.016679,0.016496,0.016326,0.01617,0.016027,0.015892,0.015779,0.015672,0.015577,0.015497,0.015418,0.015354,0.015301,0.015259,0.015224,0.0152,0.015185
1.7567e-14,0.60929,0.45442,0.61037,3.7264,0.45027,0.25655,0.28045,1.7402,0.17661,0.10328,0.082084,0.070369,0.062162,0.0561,0.051309,0.047388,0.044111,0.041321,0.038913,0.036837,0.034949,0.033309,0.031839,0.030516,0.029327,0.028246,0.027256,0.026363,0.025533,0.024775,0.024075,0.023466,0.022837,0.022285,0.021773,0.021296,0.020858,0.020446,0.020065,0.019708,0.019379,0.019072,0.018786,0.018516,0.018273,0.018043,0.01783,0.017635,0.017453,0.017286,0.017132,0.016991,0.016867,0.016752,0.01665,0.01656,0.016479,0.01641,0.016353,0.016305,0.016269,0.016243,0.016227
1.8995e-14,0.85081,0.42952,0.62024,4.796,0.46667,0.30197,0.34617,1.9665,0.21233,0.11293,0.085077,0.071268,0.062079,0.055527,0.050453,0.046382,0.043015,0.040179,0.037754,0.035654,0.033799,0.032173,0.030722,0.029419,0.028253,0.027195,0.02623,0.025357,0.02455,0.023813,0.023135,0.022534,0.021934,0.021399,0.020904,0.020444,0.020019,0.019622,0.019254,0.018909,0.018593,0.018296,0.018021,0.01776,0.017526,0.017305,0.017101,0.016912,0.016737,0.016577,0.01643,0.016297,0.016174,0.016064,0.015966,0.015881,0.015802,0.015736,0.015682,0.015635,0.015602,0.015577,0.015562
2.5905e-14,1.2821,0.72339,0.9224,8.0709,0.51293,0.30749,0.35694,2.2602,0.22754,0.1372,0.10923,0.094155,0.083847,0.076091,0.069904,0.064801,0.060504,0.056827,0.053632,0.050877,0.048351,0.04615,0.044172,0.042402,0.040776,0.039314,0.037973,0.036758,0.035625,0.03459,0.033633,0.032755,0.031941,0.031184,0.030481,0.029827,0.029224,0.028657,0.028133,0.02765,0.027188,0.026764,0.02637,0.025995,0.025661,0.025344,0.02505,0.024779,0.024529,0.024298,0.024087,0.023893,0.023719,0.02356,0.023418,0.023289,0.023183,0.023088,0.023009,0.022943,0.022894,0.022858,0.022837
1.6556e-14,0.75582,0.47904,0.69634,4.4227,0.44099,0.36142,0.35527,2.3626,0.27229,0.1605,0.12501,0.10625,0.094176,0.085013,0.077809,0.071906,0.067013,0.062828,0.059217,0.05608,0.053265,0.050796,0.048585,0.046603,0.0448,0.043172,0.041682,0.040332,0.03908,0.037934,0.036878,0.035963,0.035005,0.034169,0.033394,0.032673,0.032007,0.031384,0.030806,0.030272,0.029766,0.0293,0.028866,0.028456,0.028086,0.027738,0.027415,0.027118,0.026842,0.026588,0.026356,0.026144,0.025952,0.025778,0.025622,0.025481,0.025364,0.025259,0.025172,0.025099,0.025045,0.025005,0.024981
2.2221e-14,1.0339,0.69842,0.94866,5.6089,0.57069,0.3664,0.43262,2.108,0.26075,0.13521,0.10553,0.090654,0.080397,0.072897,0.066963,0.062076,0.057986,0.054475,0.051424,0.048776,0.046377,0.044272,0.042381,0.04068,0.03913,0.037728,0.036441,0.035281,0.034193,0.0332,0.032284,0.031485,0.030656,0.02993,0.029255,0.028629,0.028048,0.027505,0.027,0.026534,0.026092,0.025685,0.025306,0.024943,0.024623,0.024319,0.024036,0.023776,0.023534,0.023312,0.023109,0.022925,0.022753,0.0226,0.022463,0.022338,0.022235,0.022143,0.022067,0.022001,0.021954,0.021919,0.021898
2.2069e-14,0.72866,0.51857,0.65699,3.7218,0.46426,0.26638,0.30298,2.3971,0.19373,0.10479,0.080296,0.067749,0.05964,0.053655,0.048998,0.045198,0.042077,0.03941,0.037114,0.035139,0.033343,0.031784,0.030388,0.029132,0.028002,0.026978,0.026038,0.025189,0.024403,0.023684,0.02302,0.022457,0.021846,0.021322,0.020836,0.020384,0.019967,0.019577,0.019216,0.018877,0.018565,0.018273,0.018002,0.017746,0.017514,0.017297,0.017095,0.01691,0.016737,0.016579,0.016434,0.016301,0.016182,0.016073,0.015976,0.015892,0.015815,0.015751,0.015697,0.015652,0.015618,0.015594,0.015579
2.218e-14,0.85244,0.48142,0.53925,4.0362,0.52196,0.29085,0.38795,2.3404,0.26568,0.13472,0.098547,0.080377,0.069339,0.061556,0.055666,0.050986,0.047195,0.044012,0.0413,0.03897,0.036906,0.035106,0.033503,0.03207,0.030783,0.029618,0.028556,0.027599,0.02671,0.025901,0.025156,0.024527,0.023838,0.023253,0.02271,0.022207,0.021741,0.021307,0.020902,0.020529,0.020179,0.019854,0.019553,0.019264,0.019012,0.01877,0.018546,0.01834,0.018148,0.017972,0.017811,0.017668,0.017531,0.017411,0.017303,0.017205,0.017123,0.01705,0.01699,0.016938,0.016902,0.016875,0.016859
3.1487e-14,1.3583,0.7647,1.0649,8.1387,0.59662,0.35756,0.38495,2.3441,0.25235,0.15497,0.12555,0.10884,0.097186,0.088315,0.081215,0.075342,0.070386,0.066139,0.062447,0.059286,0.05633,0.053782,0.05149,0.049415,0.047548,0.045851,0.044293,0.042881,0.041564,0.040361,0.039248,0.03824,0.03728,0.036399,0.035581,0.034814,0.034118,0.033459,0.032848,0.032273,0.031747,0.031254,0.030794,0.030361,0.02997,0.029601,0.029258,0.028943,0.028651,0.028382,0.028136,0.027905,0.027709,0.027524,0.027359,0.027218,0.027086,0.026975,0.026883,0.026809,0.02675,0.026708,0.026684
3.2584e-14,1.064,0.72678,0.86704,5.581,0.61725,0.44023,0.44524,2.8379,0.34044,0.1914,0.14605,0.12193,0.10639,0.095055,0.086345,0.079363,0.073603,0.068751,0.064601,0.061023,0.057835,0.055048,0.052565,0.050337,0.048344,0.046531,0.044886,0.043385,0.042009,0.040748,0.039587,0.038517,0.037531,0.036618,0.035771,0.034983,0.034258,0.03358,0.03295,0.032362,0.03182,0.031313,0.030841,0.030402,0.029998,0.029619,0.02927,0.028947,0.028649,0.028374,0.028123,0.027891,0.027687,0.027499,0.027331,0.027184,0.027052,0.02694,0.026845,0.026769,0.026709,0.026667,0.026642
2.7168e-14,0.93003,0.61681,0.78533,4.3745,0.53165,0.35081,0.40277,2.1206,0.27767,0.13478,0.1019,0.085324,0.074421,0.066568,0.060519,0.055668,0.051668,0.048295,0.045409,0.042943,0.040698,0.038761,0.037032,0.035477,0.034087,0.032822,0.031667,0.030624,0.029658,0.028775,0.027962,0.02725,0.02652,0.025878,0.025284,0.02473,0.024223,0.023747,0.023303,0.022888,0.022509,0.022152,0.021821,0.021509,0.021226,0.02096,0.020714,0.020487,0.020276,0.020084,0.019906,0.019743,0.0196,0.019467,0.019348,0.019246,0.019151,0.019071,0.019006,0.018952,0.01891,0.01888,0.018862
2.3664e-14,0.99619,0.61361,0.60816,4.1162,0.50608,0.33623,0.46359,2.6946,0.30508,0.14712,0.10938,0.09095,0.078978,0.07042,0.063864,0.05862,0.054342,0.050764,0.047709,0.045063,0.04273,0.040682,0.038855,0.037225,0.035746,0.034414,0.033199,0.032098,0.031081,0.030152,0.029295,0.028557,0.027781,0.027107,0.026482,0.025903,0.025365,0.024864,0.0244,0.023972,0.023565,0.023191,0.022843,0.022513,0.022218,0.021939,0.02168,0.021443,0.021221,0.021019,0.020833,0.020666,0.020509,0.02037,0.020246,0.020132,0.020039,0.019955,0.019886,0.019827,0.019784,0.019753,0.019734
2.1771e-14,0.98961,0.54741,0.7346,4.8205,0.60401,0.3594,0.50295,3.167,0.32543,0.16389,0.11938,0.097744,0.084393,0.074864,0.067619,0.061871,0.057186,0.053266,0.04993,0.047072,0.044532,0.042323,0.040359,0.038607,0.037031,0.035609,0.034316,0.033148,0.032066,0.031082,0.030176,0.029359,0.028576,0.027865,0.027207,0.026596,0.026032,0.025505,0.025017,0.024564,0.024141,0.023748,0.023383,0.023035,0.022728,0.022435,0.022164,0.021914,0.021682,0.021469,0.021274,0.021097,0.020934,0.020788,0.020657,0.02054,0.020439,0.020352,0.020278,0.020215,0.020169,0.020135,0.020115
2.2791e-14,1.0179,0.70629,0.71255,5.2626,0.5651,0.41168,0.5138,3.2883,0.26797,0.14216,0.11064,0.093563,0.0824,0.073984,0.067412,0.062066,0.057675,0.053937,0.05073,0.047975,0.045472,0.043304,0.041366,0.039626,0.038062,0.036643,0.035347,0.034171,0.033089,0.032098,0.031184,0.030424,0.029567,0.028847,0.02818,0.027557,0.026989,0.026454,0.025956,0.025497,0.025065,0.024664,0.024293,0.023946,0.023627,0.023328,0.023052,0.022798,0.022561,0.022345,0.022145,0.021961,0.021802,0.021653,0.021519,0.021398,0.021298,0.021208,0.021134,0.021075,0.021027,0.020993,0.020973
1.9113e-14,0.95254,0.54632,0.56455,4.6227,0.44411,0.28475,0.38017,2.3237,0.21109,0.11476,0.08927,0.075995,0.067217,0.060756,0.055671,0.051511,0.048041,0.045077,0.042515,0.040293,0.038285,0.036529,0.034953,0.033535,0.032251,0.031087,0.030021,0.029053,0.028157,0.027336,0.026578,0.025906,0.025234,0.024633,0.024076,0.023558,0.02308,0.022632,0.022216,0.021827,0.021468,0.021132,0.020819,0.020525,0.020258,0.020007,0.019774,0.01956,0.01936,0.019178,0.01901,0.018858,0.018719,0.018593,0.018481,0.018383,0.018294,0.018218,0.018155,0.018103,0.018063,0.018034,0.018017
1.9468e-14,1.0532,0.6788,0.64768,5.4596,0.51551,0.34838,0.43368,2.9019,0.26141,0.13131,0.098402,0.082038,0.071293,0.063619,0.057722,0.052976,0.049111,0.045845,0.043052,0.040675,0.038502,0.036635,0.034971,0.033482,0.032139,0.030936,0.029839,0.028853,0.02793,0.027092,0.02632,0.025673,0.024951,0.024343,0.023779,0.02325,0.02277,0.022318,0.021897,0.021506,0.021142,0.020804,0.02049,0.02019,0.019924,0.019672,0.019438,0.019223,0.019022,0.018838,0.018669,0.018511,0.018377,0.018251,0.018138,0.018038,0.01795,0.017873,0.017811,0.017759,0.017718,0.01769,0.017673
3.4452e-14,1.5269,0.88555,1.2569,9.2497,0.63889,0.41075,0.44959,2.6557,0.27823,0.16126,0.12883,0.11112,0.099398,0.090396,0.083178,0.077177,0.072142,0.067804,0.064031,0.060776,0.057773,0.055165,0.052817,0.050687,0.048782,0.047042,0.045443,0.043989,0.042646,0.041413,0.040272,0.039303,0.038253,0.037349,0.03651,0.035726,0.03501,0.034334,0.033707,0.033114,0.032578,0.03207,0.031599,0.031159,0.030754,0.030375,0.030023,0.0297,0.029399,0.029123,0.028871,0.028634,0.028432,0.028242,0.028073,0.027929,0.027791,0.027677,0.027583,0.027507,0.027446,0.027403,0.027379
2.3352e-14,1.2059,0.75656,0.82427,7.2678,1.1883,0.91884,1.0071,5.8148,0.66072,0.3148,0.2264,0.18341,0.15671,0.13802,0.12399,0.11298,0.10409,0.096696,0.090443,0.085141,0.080413,0.076331,0.072714,0.069497,0.066616,0.064015,0.061655,0.05953,0.057564,0.055776,0.054136,0.052714,0.05124,0.049955,0.048767,0.047662,0.046648,0.045699,0.044819,0.044005,0.043244,0.042537,0.041882,0.041263,0.040707,0.040181,0.039696,0.039249,0.038833,0.038453,0.038104,0.037784,0.037498,0.037237,0.037003,0.036796,0.036615,0.036458,0.036329,0.03622,0.036138,0.036079,0.036044
2.9748e-14,1.015,0.63205,0.85751,6.7386,0.8121,0.54477,0.6212,3.9369,0.45876,0.23913,0.17778,0.14632,0.12605,0.11169,0.10077,0.092102,0.085061,0.079161,0.074153,0.069838,0.066064,0.062764,0.059833,0.057216,0.054875,0.052757,0.050833,0.049098,0.047495,0.046034,0.044692,0.043508,0.042324,0.041268,0.040295,0.039397,0.038558,0.03778,0.03706,0.036389,0.035767,0.035187,0.034649,0.034135,0.033684,0.033253,0.032855,0.032487,0.032146,0.031835,0.031548,0.031297,0.031051,0.030837,0.030646,0.030476,0.030327,0.0302,0.030093,0.030001,0.029938,0.02989,0.02986
2.7864e-14,1.0376,0.61721,0.76609,5.4849,0.60589,0.40326,0.52628,3.471,0.25345,0.13281,0.099612,0.083406,0.072861,0.065293,0.059434,0.054689,0.050815,0.047523,0.044706,0.042264,0.04009,0.03819,0.036493,0.03497,0.033603,0.032363,0.031227,0.030208,0.029251,0.028383,0.027583,0.026895,0.026165,0.025534,0.02495,0.024407,0.023905,0.023436,0.022998,0.022592,0.022217,0.021865,0.021539,0.021225,0.020953,0.020691,0.020448,0.020225,0.020017,0.019827,0.019651,0.019495,0.019349,0.019218,0.019101,0.018999,0.018906,0.018827,0.018762,0.018706,0.018666,0.018637,0.018619
1.8882e-14,0.95648,0.65789,0.61788,4.7433,0.58985,0.36082,0.42874,3.0034,0.25648,0.1277,0.094461,0.078703,0.068773,0.061684,0.056217,0.051827,0.048182,0.045104,0.042458,0.040172,0.038124,0.036332,0.03473,0.033289,0.031996,0.030822,0.029747,0.028764,0.027874,0.02705,0.026291,0.02562,0.024946,0.024347,0.023791,0.023274,0.022797,0.022351,0.021937,0.021551,0.021193,0.020859,0.020549,0.020267,0.019991,0.019742,0.019511,0.019299,0.019101,0.01892,0.018754,0.018599,0.018465,0.018341,0.01823,0.018132,0.018045,0.017971,0.017909,0.01786,0.017818,0.017789,0.017773
7.7669e-14,3.7083,2.5618,2.7396,20.407,1.8719,1.4806,1.7879,11.708,0.9849,0.4812,0.36436,0.30691,0.26823,0.24048,0.21895,0.20155,0.18717,0.175,0.16458,0.15563,0.1475,0.14046,0.13418,0.12853,0.12348,0.11889,0.1147,0.11092,0.1074,0.10419,0.10124,0.098598,0.096011,0.093683,0.091526,0.089509,0.087668,0.085939,0.084329,0.08283,0.081443,0.080148,0.078944,0.077802,0.076786,0.075818,0.074923,0.074097,0.073332,0.072629,0.071981,0.071385,0.070863,0.070379,0.069945,0.069562,0.069224,0.068931,0.068685,0.068482,0.068326,0.068211,0.06814
3.9245e-14,1.6998,0.92789,1.019,9.4114,0.76698,0.48791,0.49925,3.3232,0.32778,0.183,0.13916,0.11632,0.10202,0.091367,0.083173,0.076581,0.071159,0.066576,0.062636,0.059222,0.056207,0.053552,0.051179,0.04906,0.047136,0.045398,0.043813,0.042369,0.041042,0.039825,0.038703,0.037676,0.03672,0.035834,0.035013,0.034252,0.033546,0.032887,0.032275,0.031709,0.031178,0.030684,0.030225,0.029795,0.029404,0.029035,0.028693,0.028379,0.028087,0.027819,0.027574,0.027352,0.027148,0.026963,0.026798,0.026651,0.026524,0.026413,0.02632,0.026244,0.026186,0.026143,0.026118
3.7152e-14,1.2252,0.77513,0.80186,6.5743,0.71383,0.51254,0.56358,4.1107,0.44272,0.21299,0.15709,0.12897,0.11103,0.098252,0.088553,0.080876,0.074632,0.069417,0.064998,0.061226,0.057865,0.054949,0.052365,0.050055,0.047993,0.046127,0.044437,0.042905,0.04149,0.040202,0.039018,0.037903,0.036926,0.035998,0.035139,0.034341,0.033605,0.032918,0.032281,0.031688,0.031137,0.030624,0.030146,0.029696,0.029291,0.028908,0.028553,0.028225,0.027922,0.027644,0.027387,0.027153,0.02694,0.026747,0.026574,0.026419,0.026284,0.026166,0.026066,0.025984,0.02592,0.025873,0.025845
3.4906e-14,1.5549,0.96532,1.0206,9.8707,1.2089,0.9293,0.96196,6.446,0.70281,0.35239,0.2536,0.2052,0.17639,0.15588,0.14051,0.12835,0.11852,0.11029,0.10332,0.097397,0.092057,0.087464,0.083385,0.079741,0.076479,0.073534,0.070854,0.068435,0.066203,0.064168,0.062298,0.060667,0.05899,0.05752,0.056161,0.054894,0.053735,0.052648,0.051639,0.050695,0.049829,0.049017,0.048265,0.047556,0.046911,0.046307,0.045747,0.04523,0.04475,0.044311,0.043906,0.043533,0.043205,0.042902,0.042631,0.042396,0.042179,0.041995,0.041844,0.041718,0.04162,0.041551,0.041509
2.8789e-14,1.0833,0.65454,0.72314,5.3809,0.67459,0.51627,0.56915,4.024,0.42155,0.19473,0.14155,0.11543,0.09939,0.088013,0.079462,0.072705,0.067228,0.062651,0.058759,0.055438,0.052466,0.049892,0.047603,0.045553,0.043723,0.042063,0.040559,0.039187,0.03793,0.03678,0.035721,0.034761,0.033854,0.033023,0.032252,0.031536,0.030878,0.030261,0.029689,0.029154,0.028664,0.028204,0.027775,0.027375,0.02701,0.026667,0.02635,0.026057,0.025786,0.025537,0.025309,0.0251,0.024914,0.024742,0.02459,0.024457,0.024336,0.024234,0.024146,0.024077,0.024023,0.023985,0.023962
3.6969e-14,1.3878,0.79571,1.0506,6.697,0.86685,0.54754,0.76516,4.2225,0.46757,0.23193,0.1682,0.13626,0.11621,0.10234,0.091924,0.083723,0.077118,0.071617,0.06697,0.062993,0.059508,0.056477,0.053793,0.051404,0.049265,0.047338,0.045587,0.04401,0.042556,0.041233,0.040016,0.038979,0.037874,0.036922,0.036043,0.03523,0.034476,0.033774,0.033126,0.032519,0.031961,0.031439,0.030955,0.030496,0.030088,0.029701,0.029342,0.029013,0.028707,0.028426,0.028169,0.027942,0.027724,0.027533,0.027361,0.027212,0.027077,0.026963,0.026867,0.026786,0.026728,0.026685,0.02666
2.3546e-14,0.9327,0.65234,0.61281,4.5468,0.53578,0.34679,0.43033,2.6469,0.23549,0.12545,0.09467,0.079497,0.070022,0.063116,0.057712,0.053313,0.049647,0.046529,0.043844,0.041494,0.039418,0.037586,0.035944,0.034461,0.033135,0.031928,0.030821,0.029821,0.028892,0.028042,0.027258,0.026565,0.025869,0.025249,0.024675,0.024144,0.023647,0.023185,0.022756,0.022353,0.021985,0.021639,0.021318,0.021011,0.02074,0.020482,0.020242,0.020022,0.019817,0.019629,0.019456,0.019306,0.019157,0.019028,0.018913,0.018813,0.018721,0.018643,0.01858,0.018524,0.018485,0.018456,0.018439
2.3656e-14,0.88502,0.52221,0.49498,4.2987,0.41149,0.25613,0.26376,1.7822,0.18171,0.097235,0.073481,0.061176,0.053596,0.047964,0.043613,0.040123,0.037225,0.034786,0.032696,0.0309,0.029293,0.02789,0.026639,0.025524,0.024509,0.023594,0.022762,0.022,0.021305,0.020667,0.020078,0.019516,0.019037,0.018573,0.018143,0.017743,0.017375,0.01703,0.016711,0.016416,0.016136,0.015878,0.015638,0.015417,0.015209,0.015017,0.014839,0.014675,0.014523,0.014384,0.014256,0.014136,0.014034,0.013938,0.013852,0.013774,0.01371,0.013653,0.013605,0.013567,0.013536,0.013514,0.013501
3.3977e-14,1.3359,0.7796,0.73757,6.8372,0.72074,0.49043,0.49304,3.4389,0.388,0.18711,0.13783,0.1128,0.097247,0.085934,0.077355,0.070571,0.065058,0.060458,0.056562,0.053221,0.050286,0.04773,0.045461,0.043436,0.041631,0.039997,0.038515,0.037172,0.035943,0.034819,0.033787,0.032845,0.031968,0.031159,0.030412,0.02972,0.02908,0.028483,0.027931,0.027419,0.026941,0.026497,0.026084,0.0257,0.025346,0.025016,0.024711,0.024429,0.024169,0.02393,0.023711,0.023513,0.023331,0.023166,0.02302,0.022887,0.022776,0.022679,0.022597,0.022529,0.022478,0.022441,0.022419
3.2603e-14,0.92553,0.62955,0.62567,4.0663,0.50369,0.37781,0.42702,3.2502,0.27841,0.14038,0.10598,0.088452,0.07688,0.06859,0.062236,0.057152,0.052999,0.049505,0.046524,0.043962,0.041675,0.039679,0.0379,0.036301,0.034875,0.033572,0.032394,0.031306,0.030327,0.029421,0.028587,0.027819,0.027114,0.026455,0.025846,0.025278,0.024758,0.024269,0.023815,0.023391,0.023003,0.022637,0.022297,0.021989,0.021689,0.021416,0.021165,0.020932,0.020716,0.020519,0.020337,0.020167,0.020023,0.019886,0.019765,0.01966,0.019562,0.019481,0.019412,0.019359,0.019314,0.019283,0.019264
3.5757e-14,1.4496,0.74812,0.80252,5.6469,0.76529,0.5517,0.69465,4.9914,0.52032,0.26028,0.18287,0.14547,0.12296,0.10747,0.095969,0.087012,0.079866,0.073955,0.06899,0.064796,0.061074,0.057881,0.055057,0.05255,0.050317,0.048302,0.046472,0.044831,0.04332,0.041944,0.040682,0.039622,0.03846,0.037472,0.036561,0.035712,0.034939,0.034212,0.033538,0.032914,0.032333,0.031792,0.031291,0.030822,0.030391,0.029988,0.029617,0.029274,0.028954,0.028663,0.028394,0.028143,0.027928,0.027727,0.027546,0.027385,0.027245,0.027123,0.027022,0.026939,0.026873,0.026827,0.026798
3.7585e-14,1.3077,0.84876,0.85803,7.1445,0.77746,0.54289,0.65552,4.6807,0.40014,0.19682,0.14299,0.11633,0.10018,0.088536,0.079747,0.072814,0.06717,0.062471,0.058486,0.055075,0.052069,0.049453,0.047129,0.045063,0.043201,0.041528,0.040003,0.038622,0.037361,0.036205,0.035142,0.034223,0.033268,0.032435,0.031664,0.03095,0.030289,0.029672,0.029102,0.028577,0.028078,0.027619,0.027193,0.026794,0.026427,0.026085,0.025768,0.025477,0.025206,0.024957,0.02473,0.024521,0.024332,0.024161,0.024008,0.023867,0.023752,0.023649,0.023562,0.023489,0.023434,0.023394,0.02337
3.5983e-14,1.3483,0.77498,0.9304,7.0491,0.83101,0.49021,0.70697,4.8024,0.48348,0.2151,0.15603,0.12609,0.10797,0.095238,0.085646,0.078089,0.071973,0.066877,0.062561,0.058907,0.055613,0.052782,0.05027,0.04803,0.046031,0.044221,0.042578,0.041094,0.039728,0.038483,0.037338,0.036325,0.035323,0.034427,0.033598,0.032825,0.03212,0.031458,0.030845,0.030276,0.029746,0.029253,0.028795,0.028367,0.027976,0.027609,0.027269,0.026957,0.026667,0.026401,0.026156,0.025929,0.025732,0.025549,0.025385,0.025239,0.025112,0.025002,0.024909,0.024834,0.024774,0.024731,0.024704
3.8722e-14,1.2542,0.72551,0.76201,5.1573,0.58115,0.45299,0.4775,3.3917,0.31739,0.16154,0.12272,0.10266,0.089679,0.080338,0.073141,0.067343,0.062577,0.058541,0.055078,0.052085,0.04943,0.047097,0.045011,0.043133,0.041458,0.039928,0.038532,0.037266,0.036098,0.035029,0.034041,0.033191,0.032299,0.031519,0.030798,0.03013,0.029509,0.028929,0.028393,0.027888,0.027428,0.026993,0.026591,0.02621,0.025868,0.025544,0.025244,0.024969,0.024713,0.024478,0.024262,0.024068,0.023888,0.023726,0.023582,0.023458,0.023341,0.023245,0.023164,0.023096,0.023047,0.02301,0.022988
5.414e-14,1.6834,0.90258,1.0235,7.7248,0.60029,0.40336,0.45019,2.7896,0.25536,0.14367,0.1126,0.09673,0.086069,0.078044,0.071696,0.06648,0.062091,0.05834,0.055086,0.052277,0.049706,0.047462,0.045445,0.04364,0.041979,0.040483,0.039115,0.037874,0.036712,0.035653,0.034672,0.033763,0.03294,0.032162,0.031441,0.030769,0.030151,0.029569,0.029031,0.028535,0.02806,0.027624,0.027217,0.02683,0.026489,0.026163,0.02586,0.025581,0.025322,0.025085,0.024867,0.024668,0.024489,0.024324,0.024178,0.024044,0.023935,0.023837,0.023754,0.023686,0.023636,0.023598,0.023577
6.3166e-14,1.5666,0.90224,1.0659,7.6572,0.77083,0.48311,0.43565,3.0077,0.30335,0.1893,0.15169,0.13109,0.11673,0.10595,0.097321,0.090202,0.084227,0.079103,0.074652,0.070833,0.067303,0.064244,0.061495,0.059015,0.05678,0.054744,0.052882,0.051193,0.049621,0.048183,0.046857,0.045666,0.044504,0.043451,0.042475,0.041563,0.04073,0.039944,0.039215,0.038533,0.037904,0.037315,0.036768,0.036253,0.035784,0.035344,0.034937,0.034561,0.034212,0.033893,0.0336,0.033326,0.03309,0.03287,0.032674,0.032503,0.032348,0.032217,0.032107,0.032018,0.031948,0.031899,0.031869
3.1824e-14,0.8903,0.56645,0.63799,4.1256,0.44029,0.33519,0.40763,2.5281,0.30365,0.1562,0.11591,0.095406,0.082341,0.072992,0.065881,0.060212,0.055634,0.051789,0.04852,0.045728,0.04324,0.041085,0.039171,0.037457,0.035931,0.03455,0.033289,0.032151,0.031105,0.03015,0.029271,0.028569,0.027719,0.027031,0.026393,0.0258,0.025255,0.024746,0.024272,0.023832,0.023424,0.023044,0.022691,0.02236,0.022057,0.021774,0.021511,0.021271,0.021046,0.02084,0.020651,0.020478,0.020323,0.020181,0.020054,0.019942,0.019843,0.019756,0.019686,0.019627,0.019581,0.019549,0.019529
1.9636e-14,0.87359,0.6355,0.75133,5.1054,0.5314,0.37793,0.4935,3.0073,0.26077,0.13845,0.10466,0.087549,0.076275,0.06812,0.061817,0.056757,0.052585,0.049071,0.04607,0.043507,0.041182,0.03917,0.03738,0.035776,0.034335,0.03303,0.031845,0.030773,0.029776,0.028869,0.028035,0.027278,0.02656,0.025904,0.025297,0.024729,0.02421,0.023724,0.023273,0.022855,0.022462,0.022099,0.021761,0.02144,0.021155,0.020884,0.020633,0.020402,0.020188,0.019992,0.019811,0.019642,0.019498,0.019363,0.019242,0.019133,0.019042,0.018961,0.018893,0.018837,0.018795,0.018764,0.018746
