1.7754e-14,1.1679,0.71574,0.84495,6.0287,0.75813,0.41496,0.5585,4.0392,0.40291,0.20581,0.15246,0.12578,0.10842,0.096199,0.086902,0.079511,0.073511,0.068479,0.064201,0.060571,0.057282,0.054452,0.051939,0.049696,0.047679,0.045859,0.044205,0.042713,0.041329,0.040071,0.038914,0.037868,0.036869,0.03596,0.035119,0.034335,0.033619,0.032947,0.032324,0.031745,0.031206,0.030704,0.030239,0.0298,0.029405,0.029032,0.028687,0.028369,0.028075,0.027805,0.027557,0.027327,0.027127,0.026943,0.026777,0.026631,0.026502,0.026392,0.0263,0.026224,0.026166,0.026125,0.026099
1.9612e-14,1.0118,0.6474,0.73333,5.2408,0.70979,0.45353,0.69244,4.5386,0.4315,0.21349,0.15529,0.12572,0.10747,0.094597,0.08498,0.077449,0.071373,0.066332,0.062075,0.058462,0.055238,0.052457,0.049997,0.047809,0.045842,0.04407,0.042466,0.041012,0.039677,0.038458,0.037339,0.036322,0.035365,0.034487,0.033676,0.032921,0.032229,0.031582,0.030981,0.030427,0.029905,0.029423,0.028975,0.028554,0.028172,0.027814,0.027483,0.027177,0.026894,0.026635,0.026397,0.02618,0.025985,0.025807,0.025649,0.025505,0.025385,0.025279,0.02519,0.025117,0.025062,0.025022,0.024998
2.9796e-14,1.174,0.64842,0.74323,5.3492,0.65744,0.43487,0.71164,5.3823,0.42682,0.21937,0.15924,0.12876,0.11021,0.097086,0.087243,0.079537,0.073271,0.068093,0.063713,0.059985,0.056679,0.053819,0.051282,0.049016,0.047,0.045175,0.043519,0.042018,0.040644,0.039388,0.038234,0.037174,0.0362,0.035295,0.03446,0.033683,0.03297,0.032301,0.031683,0.031104,0.030574,0.030077,0.029615,0.029183,0.028789,0.02842,0.028078,0.027763,0.027471,0.027204,0.026959,0.026733,0.026533,0.026349,0.026185,0.026043,0.025913,0.025803,0.025711,0.025636,0.025579,0.025538,0.025513
2.4131e-14,0.8888,0.51861,0.61419,4.5008,0.55132,0.38637,0.58379,4.0157,0.33044,0.1668,0.12014,0.097147,0.083032,0.073324,0.066095,0.060444,0.055864,0.052055,0.04882,0.046085,0.043614,0.041487,0.039594,0.037911,0.036387,0.035017,0.033767,0.03264,0.031598,0.030647,0.029771,0.029018,0.028226,0.027537,0.026899,0.026305,0.025761,0.02525,0.024777,0.024341,0.023927,0.023546,0.023192,0.02286,0.022557,0.022273,0.022009,0.021768,0.021542,0.021336,0.021147,0.020974,0.020819,0.020677,0.02055,0.020436,0.02034,0.020255,0.020184,0.020125,0.020081,0.020049,0.02003
1.6398e-14,0.63406,0.36736,0.43969,3.0551,0.33966,0.25854,0.36312,2.8144,0.22348,0.10826,0.07617,0.061035,0.05192,0.045602,0.040906,0.037213,0.034292,0.031851,0.029791,0.028047,0.026497,0.025157,0.023971,0.022917,0.021972,0.021119,0.020346,0.019645,0.019004,0.018418,0.017879,0.01741,0.01693,0.016508,0.016118,0.015755,0.015422,0.015111,0.014822,0.014555,0.014305,0.014073,0.013858,0.013659,0.013473,0.0133,0.013141,0.012994,0.012858,0.012734,0.012619,0.012513,0.012421,0.012336,0.01226,0.012191,0.012133,0.012082,0.012039,0.012005,0.011978,0.011958,0.011947
1.474e-14,0.50395,0.28485,0.34674,2.5602,0.30074,0.19284,0.28534,1.975,0.16619,0.083621,0.060305,0.048677,0.041713,0.036762,0.033054,0.030136,0.027804,0.025855,0.024206,0.022812,0.021552,0.020472,0.019513,0.018663,0.017894,0.017202,0.016574,0.016005,0.015483,0.015007,0.014569,0.014196,0.013794,0.01345,0.013132,0.012835,0.012565,0.012311,0.012075,0.011858,0.011653,0.011463,0.011287,0.011125,0.010973,0.010831,0.010701,0.010581,0.01047,0.010368,0.010274,0.010186,0.010112,0.010043,0.0099801,0.0099231,0.0098763,0.0098345,0.0097998,0.0097722,0.0097494,0.0097337,0.0097242
1.2657e-14,0.51336,0.31469,0.41812,3.4189,0.31222,0.19802,0.24397,1.5992,0.14487,0.075551,0.058142,0.048912,0.04297,0.038607,0.035221,0.032454,0.030221,0.028303,0.026656,0.02525,0.023956,0.022838,0.021839,0.020947,0.020132,0.019396,0.018727,0.018116,0.017553,0.017037,0.016561,0.016119,0.015717,0.01534,0.014991,0.014664,0.014366,0.014085,0.013824,0.013585,0.013355,0.013145,0.012949,0.012767,0.012597,0.01244,0.012294,0.01216,0.012035,0.011921,0.011815,0.011717,0.011633,0.011554,0.011483,0.011418,0.011365,0.011318,0.011277,0.011245,0.011219,0.011201,0.01119
3.3733e-14,1.2352,0.73793,0.94251,6.2971,0.80532,0.47684,0.6043,4.2381,0.38324,0.20378,0.15561,0.13064,0.11402,0.10201,0.092725,0.085233,0.0791,0.073904,0.069461,0.065651,0.062208,0.059223,0.056562,0.054186,0.052032,0.050089,0.048318,0.046715,0.045232,0.043878,0.042631,0.041535,0.040426,0.039443,0.038533,0.037684,0.036907,0.036178,0.035501,0.034875,0.034285,0.03374,0.033233,0.032758,0.032324,0.031918,0.031542,0.031195,0.030874,0.030579,0.030308,0.030057,0.029839,0.029637,0.029456,0.029292,0.029155,0.029034,0.028933,0.02885,0.028786,0.02874,0.028713
3.3986e-14,1.2708,0.66259,0.80784,5.2972,0.69181,0.4647,0.64603,5.357,0.4389,0.2123,0.15723,0.12909,0.11113,0.098659,0.089214,0.081728,0.075639,0.070544,0.066212,0.062492,0.059188,0.05631,0.05375,0.051447,0.049405,0.047544,0.045851,0.044313,0.042906,0.041614,0.040426,0.039363,0.038324,0.037389,0.036523,0.035718,0.034977,0.034283,0.03364,0.033036,0.032486,0.031968,0.031487,0.031041,0.030624,0.030238,0.029881,0.029552,0.029247,0.028968,0.028711,0.028473,0.028265,0.028074,0.027902,0.027755,0.027618,0.027503,0.027407,0.02733,0.027268,0.027225,0.027199
2.4868e-14,1.0516,0.55838,0.60358,4.567,0.60308,0.41964,0.58757,4.7618,0.38383,0.19646,0.1475,0.12145,0.10435,0.092481,0.083478,0.076348,0.07055,0.065704,0.061587,0.058051,0.054945,0.052233,0.049824,0.047677,0.045746,0.044003,0.042419,0.040989,0.03967,0.038466,0.03736,0.03639,0.035405,0.034535,0.033731,0.032987,0.032297,0.031654,0.031058,0.030507,0.029989,0.029509,0.029065,0.028645,0.028266,0.02791,0.02758,0.027276,0.026994,0.026737,0.0265,0.026287,0.026089,0.025912,0.025754,0.025611,0.025491,0.025386,0.025298,0.025224,0.02517,0.02513,0.025106
2.858e-14,0.82561,0.42711,0.51668,3.5715,0.48922,0.32049,0.50147,3.4068,0.32678,0.15583,0.11286,0.091663,0.07911,0.070055,0.063203,0.057775,0.053416,0.049756,0.046647,0.043983,0.041631,0.039579,0.037756,0.036125,0.034667,0.033345,0.032141,0.031051,0.030055,0.02914,0.028299,0.0276,0.026813,0.026151,0.025539,0.024971,0.024448,0.023958,0.023504,0.023082,0.022689,0.022324,0.021985,0.021671,0.021375,0.021102,0.020851,0.020619,0.020403,0.020206,0.020025,0.019856,0.019709,0.019573,0.019451,0.019343,0.019248,0.019167,0.019099,0.019043,0.018998,0.018967,0.018948
1.5322e-14,0.57681,0.30523,0.42543,2.9615,0.38808,0.25991,0.41704,2.1927,0.24824,0.12481,0.091475,0.074148,0.06303,0.055365,0.049636,0.045123,0.041537,0.038544,0.036021,0.033879,0.031988,0.030354,0.028908,0.027621,0.026472,0.025435,0.024495,0.023647,0.022866,0.022154,0.0215,0.020944,0.020348,0.019836,0.019363,0.018923,0.018519,0.018142,0.017791,0.017467,0.017163,0.016882,0.016621,0.016375,0.016152,0.015943,0.015749,0.015571,0.015405,0.015253,0.015114,0.014986,0.014872,0.014767,0.014674,0.014589,0.014518,0.014455,0.014402,0.014358,0.014325,0.014301,0.014286
1.1541e-14,0.4389,0.25559,0.31284,2.1538,0.25157,0.15614,0.20827,1.4643,0.13144,0.066282,0.049108,0.040244,0.0347,0.030692,0.027645,0.025219,0.023258,0.021615,0.02022,0.019026,0.017974,0.017059,0.016247,0.015523,0.014876,0.014292,0.013761,0.01328,0.01284,0.012438,0.012069,0.01175,0.011417,0.011128,0.01086,0.010612,0.010383,0.010169,0.0099711,0.009786,0.0096163,0.0094571,0.0093092,0.009171,0.0090442,0.0089257,0.008816,0.0087151,0.0086212,0.0085352,0.0084562,0.008384,0.0083188,0.0082596,0.0082065,0.0081605,0.0081177,0.0080819,0.0080518,0.0080269,0.0080075,0.0079934,0.0079848
3.7995e-14,1.2204,0.65076,0.8149,5.5034,0.622,0.45511,0.60021,4.1975,0.3739,0.19974,0.14782,0.12218,0.10568,0.094048,0.085219,0.078173,0.072463,0.067666,0.063577,0.060058,0.056925,0.054193,0.051758,0.049576,0.04762,0.045844,0.044228,0.042763,0.041413,0.040176,0.039039,0.038014,0.037025,0.036127,0.035297,0.034525,0.033813,0.033147,0.032529,0.031955,0.03142,0.030923,0.030461,0.030026,0.02963,0.029259,0.028917,0.0286,0.028306,0.028038,0.02779,0.027566,0.027362,0.027178,0.027013,0.026867,0.026739,0.026629,0.026537,0.026461,0.026403,0.026362,0.026336
3.7183e-14,1.2849,0.7203,0.85459,5.7861,0.74307,0.48024,0.69938,4.9232,0.48473,0.24284,0.17516,0.14169,0.12098,0.10663,0.095904,0.087492,0.080728,0.075097,0.070334,0.066286,0.062675,0.059557,0.056791,0.054319,0.052114,0.050117,0.048305,0.046659,0.045154,0.043775,0.042508,0.041345,0.040271,0.039274,0.038353,0.037495,0.03671,0.035973,0.035289,0.034652,0.034063,0.033513,0.033002,0.032527,0.032086,0.031676,0.031297,0.030946,0.030622,0.030325,0.030051,0.029799,0.029579,0.029374,0.029191,0.02903,0.028888,0.028765,0.028662,0.02858,0.028514,0.028468,0.02844
2.5714e-14,1.0128,0.55745,0.68196,4.8189,0.64303,0.44326,0.68169,4.7786,0.43337,0.21001,0.14871,0.11828,0.099513,0.0867,0.077222,0.069852,0.064018,0.059192,0.055143,0.051712,0.048704,0.046112,0.043825,0.0418,0.039992,0.038366,0.036891,0.035568,0.034354,0.033247,0.032234,0.031387,0.030451,0.02966,0.02893,0.028253,0.027631,0.027051,0.026512,0.026014,0.025549,0.025117,0.024718,0.024342,0.023999,0.023679,0.023382,0.02311,0.022855,0.022622,0.022408,0.022214,0.022038,0.021877,0.021733,0.021605,0.021492,0.021394,0.021313,0.021244,0.021192,0.021153,0.021128
3.4758e-14,1.2741,0.68174,0.81995,5.5381,0.67488,0.43732,0.72627,5.2843,0.43408,0.22317,0.16347,0.13354,0.1141,0.10071,0.090642,0.082721,0.076312,0.070984,0.066477,0.062632,0.059214,0.056256,0.05363,0.051288,0.04919,0.047294,0.045571,0.044016,0.042582,0.041272,0.040071,0.038972,0.037949,0.037004,0.036131,0.03532,0.034574,0.033876,0.033228,0.032633,0.032069,0.031549,0.031066,0.03061,0.030198,0.029811,0.029454,0.029123,0.028817,0.028536,0.028278,0.028043,0.027831,0.027638,0.027466,0.027309,0.027179,0.027064,0.026967,0.026887,0.026827,0.026783,0.026756
2.6031e-14,1.0571,0.58836,0.76067,5.0354,0.69821,0.4749,0.74161,4.6761,0.4402,0.21826,0.15597,0.12498,0.10567,0.092474,0.082772,0.075269,0.069309,0.064353,0.060172,0.056629,0.053479,0.050763,0.048357,0.046212,0.044304,0.042577,0.041007,0.039595,0.038295,0.037109,0.036022,0.035138,0.034102,0.03325,0.032462,0.03173,0.031059,0.030431,0.029848,0.029306,0.028805,0.028337,0.027904,0.027497,0.027125,0.026777,0.026457,0.026162,0.025886,0.025635,0.025405,0.025191,0.025004,0.024832,0.024678,0.024542,0.024422,0.024319,0.024234,0.024163,0.024109,0.02407,0.024046
1.9717e-14,0.63888,0.33976,0.43976,2.988,0.41889,0.30718,0.44575,3.2164,0.28938,0.14512,0.1056,0.085221,0.072219,0.063228,0.056513,0.051259,0.047067,0.04359,0.04067,0.038169,0.036007,0.034124,0.032461,0.030983,0.029668,0.028483,0.027408,0.026441,0.025552,0.024743,0.024002,0.023363,0.022694,0.022115,0.02158,0.021086,0.020628,0.020202,0.019807,0.019441,0.0191,0.018783,0.01849,0.018212,0.017962,0.017727,0.01751,0.01731,0.017123,0.016953,0.016797,0.016657,0.016525,0.016408,0.016304,0.01621,0.01613,0.016059,0.016001,0.015952,0.015916,0.015889,0.015873
1.6076e-14,0.5695,0.29902,0.4063,2.8784,0.37835,0.2863,0.43568,3.0327,0.30425,0.1485,0.10521,0.084241,0.070788,0.061778,0.055104,0.049921,0.045784,0.042373,0.03951,0.037079,0.034959,0.033123,0.031503,0.030069,0.028785,0.027634,0.02659,0.025651,0.024789,0.024004,0.023285,0.022661,0.022018,0.021458,0.020941,0.020461,0.020019,0.019607,0.019226,0.018874,0.018543,0.018237,0.017954,0.017688,0.017446,0.01722,0.01701,0.016818,0.016639,0.016475,0.016325,0.016189,0.016065,0.015953,0.015853,0.015763,0.015687,0.01562,0.015565,0.015518,0.015484,0.015459,0.015444
4.5499e-14,1.1939,0.70409,0.81503,5.0589,0.59688,0.43248,0.74928,4.9599,0.42584,0.2234,0.16323,0.13263,0.11294,0.099474,0.089397,0.081502,0.075143,0.06985,0.06538,0.061557,0.058196,0.055271,0.052679,0.050369,0.048301,0.046435,0.044741,0.043211,0.041801,0.040514,0.039333,0.038278,0.037248,0.036321,0.035465,0.03467,0.033936,0.033251,0.032617,0.03203,0.031479,0.030969,0.030496,0.030049,0.029645,0.029266,0.028915,0.028592,0.028292,0.028017,0.027765,0.027536,0.027326,0.027138,0.026969,0.026817,0.026689,0.026576,0.026482,0.026403,0.026344,0.026302,0.026276
4.2719e-14,1.2396,0.64611,0.76796,5.2507,0.73692,0.53387,0.71218,5.2323,0.48975,0.24422,0.17942,0.14571,0.12445,0.10978,0.098746,0.090082,0.083086,0.077269,0.072346,0.068178,0.064464,0.061247,0.058392,0.055833,0.053564,0.051501,0.049624,0.047931,0.04637,0.044945,0.043635,0.0425,0.041321,0.040292,0.039341,0.038455,0.037642,0.036881,0.036175,0.035516,0.034909,0.034341,0.033814,0.033322,0.032867,0.032444,0.032053,0.031692,0.031357,0.031051,0.030769,0.030507,0.030279,0.030069,0.02988,0.029715,0.029566,0.02944,0.029334,0.029247,0.029179,0.029131,0.029101
2.6372e-14,0.99585,0.55363,0.70148,5.0541,0.71938,0.58881,0.91521,5.5301,0.55697,0.25625,0.17995,0.1427,0.11977,0.10413,0.092633,0.083727,0.076723,0.070939,0.066102,0.06201,0.058438,0.055369,0.052666,0.05027,0.048134,0.046211,0.044468,0.042901,0.041461,0.040151,0.03895,0.037952,0.036835,0.035898,0.035034,0.034232,0.033494,0.032806,0.032168,0.031578,0.031026,0.030515,0.030041,0.029595,0.029192,0.028812,0.028462,0.02814,0.02784,0.027566,0.027315,0.027086,0.026879,0.026691,0.026523,0.026372,0.026244,0.026132,0.026039,0.025962,0.025904,0.025862,0.025836
1.9997e-14,0.72074,0.42791,0.56244,4.1152,0.55795,0.4223,0.61934,4.5708,0.4049,0.19652,0.13932,0.11131,0.094241,0.082381,0.073602,0.066768,0.061343,0.056835,0.053047,0.049819,0.046996,0.044548,0.042385,0.04046,0.038751,0.037205,0.035807,0.034542,0.033388,0.032333,0.031367,0.030516,0.029662,0.028906,0.028209,0.027563,0.026967,0.026412,0.025897,0.025417,0.024976,0.024563,0.024181,0.023825,0.023495,0.023189,0.022907,0.022646,0.022405,0.022184,0.021981,0.021796,0.02163,0.021479,0.021343,0.021226,0.021119,0.021029,0.020954,0.020892,0.020844,0.02081,0.020789
5.76e-14,1.3908,0.82454,0.97425,6.517,0.75428,0.50383,0.77071,4.6136,0.48875,0.25284,0.18766,0.15431,0.13266,0.11755,0.10611,0.097038,0.089674,0.083507,0.078269,0.073756,0.069806,0.066346,0.063275,0.060541,0.058074,0.055852,0.053834,0.052003,0.050324,0.048786,0.047375,0.046108,0.044879,0.04377,0.042744,0.041793,0.040912,0.040093,0.039331,0.03863,0.037967,0.037355,0.036787,0.036256,0.035767,0.035312,0.034891,0.034503,0.034143,0.033814,0.033511,0.033237,0.032986,0.03276,0.032558,0.032375,0.032222,0.032087,0.031974,0.031881,0.03181,0.031759,0.031729
4.267e-14,1.3911,0.73428,0.87637,5.6028,0.83686,0.59273,0.95315,5.7419,0.67588,0.31305,0.21713,0.17153,0.14353,0.1245,0.11049,0.099674,0.091112,0.084074,0.078193,0.073234,0.068893,0.065159,0.061873,0.058971,0.056383,0.054059,0.051962,0.050069,0.048341,0.046768,0.045328,0.044083,0.0428,0.041679,0.040646,0.039686,0.03881,0.037989,0.037228,0.03653,0.035871,0.035262,0.034697,0.034174,0.033688,0.033236,0.03282,0.032437,0.03208,0.031754,0.031455,0.031174,0.030936,0.030711,0.030511,0.030328,0.030177,0.030042,0.029929,0.02984,0.029766,0.029715,0.029684
2.599e-14,1.1219,0.6449,0.8674,5.2665,0.79415,0.66663,1.1129,7.506,0.78512,0.35001,0.23902,0.18577,0.1544,0.13285,0.11716,0.10513,0.095684,0.087972,0.081569,0.076164,0.071512,0.067501,0.063985,0.060887,0.05814,0.055678,0.05346,0.05146,0.049647,0.047994,0.046485,0.045177,0.043835,0.042666,0.041589,0.040593,0.039674,0.038821,0.03803,0.0373,0.036619,0.035987,0.035402,0.034859,0.034354,0.033886,0.033453,0.033055,0.032686,0.032347,0.032035,0.031751,0.031494,0.03126,0.031051,0.030863,0.0307,0.030557,0.030436,0.030338,0.030258,0.0302,0.030163
1.7345e-14,0.68177,0.35031,0.46393,3.0069,0.37989,0.26139,0.3226,2.2907,0.22577,0.11563,0.08439,0.068442,0.0586,0.051629,0.046397,0.042297,0.038979,0.036222,0.03389,0.031885,0.03014,0.028615,0.027263,0.026062,0.024981,0.024007,0.023125,0.022326,0.021593,0.020924,0.02031,0.019768,0.019226,0.018744,0.0183,0.017888,0.017506,0.017151,0.016822,0.016516,0.016232,0.015968,0.015722,0.015492,0.015282,0.015086,0.014904,0.014737,0.014581,0.014439,0.014309,0.014191,0.014082,0.013984,0.013897,0.01382,0.013751,0.013693,0.013644,0.013604,0.013573,0.013551,0.013538
9.3043e-15,0.39582,0.24148,0.29153,1.8532,0.2656,0.219,0.30607,2.1488,0.20518,0.10177,0.072012,0.057173,0.048273,0.042067,0.037468,0.033887,0.031051,0.028704,0.026737,0.025063,0.023612,0.022352,0.021241,0.020258,0.01938,0.018592,0.017878,0.017233,0.016646,0.01611,0.015619,0.0152,0.014755,0.014372,0.014019,0.013692,0.01339,0.013109,0.012849,0.01261,0.012384,0.012176,0.011982,0.011802,0.011636,0.011481,0.011338,0.011207,0.011085,0.010973,0.01087,0.010777,0.010692,0.010615,0.010546,0.010484,0.010431,0.010385,0.010346,0.010314,0.010289,0.010271,0.01026
1.8802e-14,0.83791,0.4776,0.6406,5.5168,0.48049,0.29912,0.33765,2.0211,0.19621,0.11266,0.090716,0.078583,0.069902,0.063371,0.058154,0.053851,0.050238,0.047144,0.044463,0.042163,0.040026,0.03818,0.036525,0.035036,0.033687,0.032463,0.031346,0.030327,0.029386,0.028524,0.027729,0.027016,0.026317,0.025688,0.025104,0.024556,0.024058,0.023589,0.023152,0.022748,0.022368,0.022016,0.021688,0.021383,0.021101,0.020837,0.020594,0.020369,0.020161,0.019969,0.019793,0.019628,0.019488,0.019357,0.019239,0.019133,0.019043,0.018964,0.018897,0.018844,0.018801,0.018771,0.018753
1.0732e-14,0.41674,0.22744,0.31511,2.107,0.24622,0.15689,0.20654,1.2413,0.1235,0.060653,0.044878,0.03708,0.032014,0.028504,0.025837,0.023719,0.02198,0.020519,0.019269,0.018195,0.017239,0.016404,0.015661,0.014996,0.014397,0.013856,0.013364,0.012915,0.012505,0.012129,0.011783,0.011473,0.011171,0.010899,0.010646,0.010411,0.010196,0.0099944,0.0098072,0.0096333,0.009471,0.0093204,0.0091803,0.0090514,0.0089289,0.0088168,0.0087129,0.0086171,0.0085285,0.008447,0.0083726,0.0083017,0.0082428,0.008187,0.0081372,0.0080928,0.0080546,0.008021,0.0079931,0.0079713,0.0079528,0.0079402,0.0079329
4.1342e-14,1.2522,0.72114,0.95306,6.4154,0.80917,0.54418,0.67162,4.2521,0.43844,0.23228,0.1742,0.14408,0.1245,0.11064,0.10006,0.091627,0.084777,0.079017,0.07411,0.069911,0.066167,0.062917,0.060022,0.057442,0.055121,0.053021,0.051109,0.04938,0.04779,0.046334,0.044995,0.043864,0.042635,0.041582,0.040609,0.039702,0.038872,0.038092,0.03737,0.036705,0.036076,0.035494,0.034955,0.034453,0.033986,0.033553,0.033153,0.032786,0.032443,0.03213,0.031843,0.031574,0.031344,0.031128,0.030936,0.030763,0.030616,0.030488,0.030381,0.030295,0.030225,0.030177,0.030148
5.5336e-14,2.0623,1.1978,1.4011,9.3161,1.1826,0.76961,0.87983,5.437,0.59462,0.32883,0.25118,0.21073,0.18454,0.16529,0.15041,0.13839,0.12852,0.12016,0.113,0.10678,0.1013,0.096474,0.09217,0.088315,0.084841,0.081689,0.078822,0.076208,0.073816,0.071617,0.069593,0.067816,0.066012,0.064412,0.062934,0.061561,0.06029,0.059104,0.058004,0.056977,0.056026,0.055139,0.054314,0.053546,0.052834,0.052172,0.051561,0.050997,0.050473,0.049995,0.049553,0.049152,0.048789,0.048459,0.048165,0.047907,0.047675,0.047479,0.047313,0.047179,0.047074,0.047,0.046954
1.9273e-14,0.77091,0.44708,0.56245,4.0326,0.54768,0.34412,0.50214,3.5499,0.33808,0.16782,0.12055,0.09736,0.082715,0.072638,0.06511,0.059189,0.054453,0.05051,0.047186,0.044356,0.041853,0.039691,0.037778,0.036076,0.034554,0.033181,0.031939,0.030816,0.029784,0.028844,0.027981,0.027226,0.02646,0.025784,0.025161,0.024581,0.024049,0.023552,0.02309,0.022663,0.022264,0.021893,0.021549,0.021226,0.020933,0.020657,0.020403,0.020167,0.019949,0.01975,0.019566,0.019397,0.019246,0.019108,0.018985,0.018874,0.018779,0.018696,0.018625,0.018567,0.018523,0.018491,0.018471
1.6311e-14,0.65616,0.40086,0.51293,3.8495,0.47165,0.41096,0.55146,4.2783,0.37831,0.17843,0.12406,0.097739,0.082141,0.071288,0.063321,0.057203,0.052334,0.048344,0.045008,0.042172,0.039709,0.037576,0.035699,0.034037,0.032556,0.031225,0.030024,0.028938,0.027948,0.027045,0.026218,0.025467,0.024763,0.02412,0.023526,0.022975,0.022469,0.021998,0.02156,0.021154,0.020779,0.020429,0.020104,0.019802,0.019523,0.019264,0.019024,0.018803,0.018599,0.018411,0.018239,0.018081,0.017941,0.017812,0.017697,0.017596,0.017506,0.017428,0.017363,0.01731,0.017269,0.017239,0.01722
1.5161e-14,0.74327,0.45337,0.56485,4.7138,0.44594,0.34068,0.38668,2.7092,0.22177,0.12385,0.09527,0.080186,0.070202,0.062993,0.057393,0.05287,0.049137,0.045978,0.043264,0.040957,0.03882,0.036984,0.035344,0.033877,0.032545,0.031342,0.030247,0.029245,0.02833,0.027489,0.026714,0.026022,0.02534,0.024729,0.024162,0.023628,0.023147,0.022693,0.022269,0.021879,0.02151,0.02117,0.020853,0.020564,0.020285,0.02003,0.019795,0.019578,0.019377,0.019192,0.019023,0.018857,0.018728,0.018601,0.018487,0.018385,0.018299,0.018222,0.018158,0.018109,0.018065,0.018037,0.018019
1.6877e-14,0.82444,0.47584,0.64535,5.9762,0.42533,0.27833,0.31597,1.989,0.18748,0.11271,0.090469,0.077512,0.068547,0.061877,0.05661,0.052352,0.048729,0.045677,0.043039,0.0408,0.038703,0.036902,0.035291,0.033844,0.032534,0.031347,0.030262,0.029273,0.028365,0.02753,0.026761,0.026073,0.025395,0.024788,0.024223,0.023692,0.023213,0.022759,0.022337,0.021947,0.02158,0.02124,0.020924,0.020632,0.020357,0.020102,0.019867,0.01965,0.019449,0.019264,0.019095,0.018933,0.018801,0.018674,0.01856,0.018459,0.018371,0.018295,0.018231,0.018181,0.018139,0.018111,0.018094
3.4708e-14,1.3829,0.69467,0.86163,6.3812,0.78985,0.42397,0.60583,3.4901,0.36898,0.2002,0.15337,0.12847,0.1124,0.10065,0.091543,0.084178,0.078138,0.073017,0.068636,0.064854,0.061466,0.058516,0.055882,0.053517,0.051396,0.049472,0.04772,0.046128,0.044659,0.043316,0.042078,0.040968,0.03989,0.038914,0.038012,0.037171,0.036397,0.035673,0.035,0.034376,0.033792,0.033251,0.032746,0.032272,0.031843,0.031438,0.031064,0.030718,0.030398,0.030105,0.029834,0.029588,0.029366,0.029163,0.028982,0.028819,0.02868,0.028559,0.028456,0.028372,0.028308,0.028261,0.028233
2.4574e-14,0.95049,0.57592,0.79374,5.4092,0.58793,0.5192,0.63235,5.0873,0.44839,0.23107,0.16711,0.13553,0.11569,0.10171,0.091217,0.08295,0.076304,0.070779,0.066123,0.062161,0.058651,0.055624,0.052948,0.050573,0.048445,0.046529,0.044794,0.043225,0.04179,0.04048,0.039278,0.038225,0.037161,0.036222,0.035356,0.034549,0.033811,0.033121,0.03248,0.031889,0.031334,0.03082,0.030344,0.0299,0.029491,0.02911,0.028758,0.028433,0.028133,0.027857,0.027604,0.02737,0.027167,0.026978,0.026809,0.026657,0.026529,0.026416,0.026322,0.026246,0.026186,0.026144,0.026118
2.036e-14,0.762,0.41696,0.58842,3.988,0.48988,0.39841,0.45538,3.363,0.33693,0.16943,0.12337,0.099957,0.085185,0.075019,0.067395,0.061427,0.056611,0.052612,0.049228,0.046328,0.043792,0.041579,0.039617,0.037874,0.03631,0.034897,0.033615,0.032454,0.031393,0.030421,0.02953,0.02875,0.027954,0.027255,0.026609,0.026009,0.025456,0.024941,0.024461,0.02402,0.023605,0.023221,0.022864,0.022533,0.022225,0.021939,0.021676,0.021432,0.021206,0.021,0.02081,0.020636,0.020481,0.02034,0.020213,0.0201,0.020003,0.019918,0.019848,0.01979,0.019745,0.019714,0.019694
1.7723e-14,0.61879,0.40032,0.52894,3.5306,0.42329,0.29393,0.36482,2.4961,0.24803,0.12249,0.088654,0.071169,0.060452,0.052883,0.047218,0.042805,0.039247,0.036312,0.033846,0.031758,0.029917,0.028329,0.02693,0.025688,0.024582,0.023585,0.022684,0.021872,0.021127,0.020449,0.019828,0.019289,0.018735,0.018251,0.017804,0.01739,0.017009,0.016654,0.016324,0.016018,0.015736,0.015472,0.015228,0.014998,0.014791,0.014595,0.014415,0.014249,0.014094,0.013953,0.013823,0.013706,0.013599,0.013502,0.013416,0.013341,0.013272,0.013215,0.013167,0.013126,0.013096,0.013075,0.013061
1.3606e-14,0.53186,0.33356,0.42096,3.355,0.35013,0.2438,0.28005,1.7396,0.18137,0.09167,0.067988,0.05581,0.048219,0.04278,0.038634,0.035303,0.032646,0.030393,0.028476,0.026844,0.025381,0.024114,0.022988,0.021988,0.021084,0.020269,0.019529,0.018859,0.018244,0.017682,0.017165,0.016721,0.016252,0.015845,0.01547,0.015121,0.014799,0.014499,0.014221,0.013964,0.013722,0.013497,0.01329,0.013095,0.012916,0.012749,0.012595,0.012452,0.01232,0.012199,0.012087,0.011985,0.011893,0.01181,0.011735,0.011667,0.01161,0.011559,0.011517,0.011481,0.011454,0.011434,0.011421
4.0843e-14,1.5376,0.81779,1.0001,6.7053,0.80819,0.46405,0.46387,3.6068,0.33439,0.18182,0.14229,0.12028,0.10571,0.095022,0.086667,0.0799,0.074263,0.06949,0.06539,0.061848,0.058652,0.055876,0.05339,0.051162,0.04915,0.047328,0.045663,0.044153,0.042759,0.041482,0.040306,0.03925,0.038224,0.037295,0.036434,0.035632,0.034898,0.034206,0.033563,0.032971,0.032412,0.031894,0.031413,0.030963,0.030551,0.030163,0.029806,0.029476,0.029169,0.028888,0.028629,0.028392,0.028182,0.027987,0.027814,0.027656,0.027524,0.027406,0.027308,0.027228,0.027164,0.027119,0.027091
3.8637e-14,1.3072,0.65638,0.7869,5.4331,0.7122,0.46763,0.51546,3.7252,0.33717,0.18428,0.13992,0.1168,0.10185,0.091021,0.082665,0.075939,0.070413,0.065744,0.06175,0.058304,0.055231,0.052551,0.050162,0.048037,0.046095,0.044352,0.042765,0.041331,0.04,0.038787,0.037671,0.036671,0.035693,0.034813,0.033999,0.03324,0.032543,0.03189,0.031283,0.030723,0.030194,0.029706,0.029253,0.028823,0.028437,0.028072,0.027735,0.027423,0.027134,0.026869,0.026625,0.0264,0.0262,0.026017,0.025853,0.025705,0.025579,0.025467,0.025374,0.025296,0.025236,0.025192,0.025165
3.1837e-14,1.195,0.71299,0.82968,6.0488,0.69161,0.54937,0.65335,5.0241,0.40568,0.21383,0.15779,0.12885,0.11149,0.098874,0.089342,0.081767,0.07563,0.070482,0.066106,0.062329,0.059013,0.056116,0.053537,0.05124,0.049168,0.047299,0.045598,0.04406,0.042643,0.041347,0.040155,0.039104,0.038051,0.037113,0.036246,0.035442,0.034697,0.034002,0.033358,0.032766,0.032203,0.031685,0.031204,0.03075,0.03034,0.029954,0.029597,0.029268,0.028962,0.028683,0.028426,0.028197,0.02798,0.027788,0.027617,0.02746,0.027332,0.027217,0.027121,0.02704,0.026982,0.026939,0.026912
2.0382e-14,0.8663,0.51782,0.70741,5.0493,0.58796,0.39512,0.45419,3.5183,0.32089,0.15863,0.1163,0.095419,0.082415,0.073162,0.066142,0.060575,0.056039,0.052241,0.049006,0.046236,0.043773,0.04163,0.039724,0.038026,0.036496,0.035113,0.033855,0.032718,0.031669,0.03071,0.02983,0.029062,0.028273,0.027579,0.026938,0.026341,0.025793,0.025279,0.024802,0.024364,0.023949,0.023566,0.023211,0.022878,0.022571,0.022286,0.022022,0.021779,0.021553,0.021347,0.021157,0.020982,0.020827,0.020685,0.020558,0.020443,0.020347,0.020262,0.020191,0.020133,0.020087,0.020056,0.020036
1.8728e-14,0.76219,0.45094,0.56394,4.3334,0.48823,0.28196,0.34626,2.6812,0.2544,0.13373,0.10152,0.084928,0.073895,0.066029,0.059956,0.055087,0.051062,0.047681,0.044788,0.042305,0.040083,0.038151,0.036427,0.034884,0.033498,0.032242,0.031096,0.030058,0.029101,0.028225,0.02742,0.026717,0.025993,0.025359,0.024771,0.024224,0.02372,0.023249,0.022811,0.022406,0.022027,0.021674,0.021347,0.021038,0.02076,0.020497,0.020254,0.02003,0.019822,0.019632,0.019457,0.019297,0.019153,0.019022,0.018905,0.0188,0.018711,0.018632,0.018567,0.018513,0.018472,0.018442,0.018424
4.4523e-14,1.6938,0.89522,1.3738,8.9603,1.1178,0.60812,0.5959,3.8322,0.43832,0.24037,0.18895,0.16072,0.14166,0.12761,0.11658,0.10761,0.10015,0.09382,0.088367,0.083653,0.079412,0.075712,0.072399,0.069428,0.066733,0.064298,0.062073,0.060058,0.058184,0.056473,0.054896,0.05348,0.052104,0.050856,0.0497,0.048624,0.047634,0.046705,0.045843,0.045047,0.044294,0.043599,0.042952,0.04234,0.041792,0.041273,0.040793,0.04035,0.039939,0.039563,0.039217,0.038901,0.038617,0.038358,0.038126,0.037916,0.037742,0.037588,0.037458,0.037351,0.037271,0.037213,0.037178
3.6105e-14,1.5859,0.91104,1.2129,8.448,0.96951,0.54986,0.59416,4.0757,0.41949,0.22404,0.1734,0.14618,0.1284,0.11548,0.10543,0.097284,0.090484,0.084725,0.079776,0.0755,0.071629,0.068266,0.065256,0.062553,0.060111,0.0579,0.055885,0.054055,0.052358,0.050809,0.04938,0.048046,0.046852,0.045722,0.044676,0.043702,0.042807,0.041968,0.041188,0.040465,0.039787,0.039159,0.038574,0.038023,0.037526,0.037057,0.036623,0.036222,0.035851,0.035511,0.035198,0.034912,0.034656,0.034422,0.034213,0.034025,0.033866,0.033726,0.033608,0.033512,0.033439,0.033386,0.033354
2.2605e-14,0.96466,0.56511,0.97062,5.953,0.69383,0.55208,0.5873,5.0444,0.45672,0.23691,0.17582,0.14402,0.12372,0.10953,0.098891,0.090472,0.083672,0.077959,0.073098,0.068927,0.065241,0.06203,0.059176,0.056625,0.054345,0.052283,0.050404,0.048711,0.04715,0.045724,0.044413,0.043306,0.042095,0.041064,0.04011,0.039224,0.038406,0.037643,0.036934,0.036272,0.035662,0.035092,0.034563,0.034064,0.033611,0.033187,0.032794,0.032433,0.032097,0.031789,0.031507,0.03125,0.031016,0.030805,0.030617,0.030451,0.030303,0.030177,0.030072,0.029984,0.029919,0.029872,0.029843
1.6969e-14,0.71318,0.40674,0.63476,5.2745,0.46285,0.31441,0.33126,2.1045,0.21079,0.1156,0.09084,0.076983,0.06771,0.060858,0.055512,0.051101,0.047582,0.044537,0.041918,0.039657,0.037626,0.035854,0.03427,0.032849,0.031568,0.030406,0.029346,0.028384,0.027496,0.026683,0.025934,0.025278,0.024607,0.024015,0.023466,0.022956,0.022486,0.022046,0.021637,0.021257,0.020903,0.020573,0.020267,0.01998,0.019717,0.019471,0.019244,0.019034,0.018839,0.01866,0.018496,0.018345,0.018211,0.018089,0.017979,0.017881,0.017796,0.017723,0.017661,0.017611,0.017572,0.017544,0.017527
9.1981e-15,0.47562,0.28697,0.39779,2.8569,0.28835,0.18989,0.24073,1.7084,0.15578,0.083308,0.063911,0.053728,0.046917,0.041987,0.038171,0.03509,0.032565,0.030427,0.028597,0.027026,0.025615,0.024388,0.023293,0.022313,0.021431,0.020632,0.019904,0.019241,0.018633,0.018075,0.017562,0.017117,0.016652,0.016247,0.015872,0.015522,0.015201,0.0149,0.01462,0.01436,0.014118,0.013893,0.013683,0.013489,0.013308,0.013139,0.012983,0.01284,0.012707,0.012584,0.012472,0.012367,0.012277,0.012193,0.012117,0.01205,0.011992,0.011941,0.011898,0.011865,0.011837,0.011817,0.011806
9.5708e-15,0.44784,0.29506,0.41577,2.8364,0.30154,0.17601,0.18458,1.2823,0.1137,0.067555,0.053783,0.046171,0.041033,0.037163,0.034097,0.031669,0.029456,0.027645,0.02608,0.024722,0.023486,0.022409,0.021442,0.020573,0.019783,0.019069,0.018414,0.01782,0.017271,0.016768,0.016303,0.015903,0.015478,0.01511,0.014769,0.014451,0.014158,0.013884,0.013629,0.013392,0.01317,0.012965,0.012774,0.012594,0.01243,0.012277,0.012134,0.012003,0.011882,0.01177,0.011667,0.011574,0.01149,0.011413,0.011345,0.011284,0.011231,0.011185,0.011147,0.011115,0.011092,0.011074,0.011064
1.2463e-14,0.61406,0.36634,0.49346,3.3343,0.33343,0.2155,0.24269,1.5026,0.14168,0.077962,0.0618,0.053118,0.047008,0.042485,0.038911,0.035988,0.033543,0.03146,0.029662,0.028116,0.026697,0.025465,0.024362,0.023371,0.022472,0.021658,0.020915,0.020239,0.019611,0.019038,0.018509,0.018032,0.01757,0.017152,0.016763,0.0164,0.016068,0.015756,0.015465,0.015197,0.014944,0.01471,0.014491,0.014286,0.014102,0.013927,0.013764,0.013615,0.013476,0.013349,0.013232,0.013126,0.01303,0.012943,0.012865,0.012794,0.012735,0.012682,0.012638,0.012603,0.012576,0.012556,0.012544
2.6837e-14,1.2106,0.63517,0.85841,7.4133,0.55871,0.374,0.39202,2.7399,0.25743,0.15765,0.12733,0.1099,0.097664,0.088462,0.081137,0.075028,0.070068,0.065755,0.062014,0.058813,0.055846,0.053277,0.050975,0.048903,0.047031,0.04533,0.043777,0.042362,0.041051,0.039852,0.038746,0.037736,0.036781,0.035907,0.035094,0.034331,0.033638,0.032985,0.032376,0.031812,0.031285,0.030794,0.030337,0.02991,0.02952,0.029153,0.028813,0.028499,0.02821,0.027942,0.027698,0.027466,0.027273,0.02709,0.026926,0.02678,0.026654,0.026543,0.026451,0.026379,0.026319,0.026278,0.026254
2.7941e-14,1.0882,0.70204,0.84988,5.9696,0.77221,0.4802,0.5228,3.9097,0.40832,0.20774,0.15862,0.13229,0.11439,0.10187,0.09229,0.084661,0.078443,0.07324,0.068804,0.065003,0.061581,0.058622,0.055983,0.053619,0.051496,0.049573,0.047822,0.046237,0.04477,0.04343,0.042197,0.041075,0.040017,0.039045,0.038145,0.037307,0.036539,0.035818,0.035148,0.034526,0.033947,0.033408,0.032907,0.032436,0.032008,0.031607,0.031235,0.030892,0.030574,0.030283,0.030015,0.029769,0.029552,0.029351,0.029172,0.029012,0.028875,0.028754,0.028653,0.028571,0.028508,0.028462,0.028434
2.3115e-14,1.0523,0.7153,1.1938,6.8377,0.78191,0.55707,0.56237,3.9378,0.37571,0.19579,0.15261,0.12942,0.11369,0.10222,0.093235,0.085893,0.079876,0.074741,0.070323,0.066528,0.063078,0.060091,0.057421,0.055025,0.052864,0.050913,0.049129,0.047519,0.046019,0.044653,0.043393,0.042314,0.041165,0.040175,0.039256,0.038397,0.037613,0.036875,0.036191,0.035554,0.03496,0.034409,0.033897,0.033412,0.032974,0.032564,0.032183,0.031832,0.031506,0.031207,0.030934,0.030677,0.030457,0.030253,0.03007,0.029907,0.029766,0.029643,0.029541,0.029457,0.029392,0.029346,0.029319
2.0269e-14,1.3959,0.75418,1.0723,8.5664,0.77621,0.50397,0.46228,3.6893,0.36331,0.20512,0.16477,0.14193,0.12655,0.11483,0.10549,0.097813,0.091385,0.08588,0.0811,0.076973,0.073182,0.069879,0.066911,0.064247,0.061811,0.059609,0.05759,0.055759,0.054057,0.052498,0.05106,0.049805,0.048504,0.047362,0.046302,0.045314,0.044404,0.043551,0.042758,0.042028,0.041332,0.040691,0.040096,0.039532,0.039024,0.038546,0.038103,0.037695,0.037315,0.036967,0.036648,0.036353,0.036091,0.035852,0.035638,0.035442,0.035283,0.03514,0.035021,0.034921,0.034847,0.034793,0.034761
1.4835e-14,0.63924,0.37476,0.55708,3.7348,0.37837,0.29125,0.25927,2.3662,0.20143,0.10373,0.079016,0.065824,0.057356,0.051218,0.046493,0.042635,0.039585,0.036957,0.034709,0.032769,0.031053,0.02955,0.028213,0.027016,0.025939,0.024965,0.024077,0.023268,0.022531,0.021853,0.021229,0.020694,0.020124,0.019633,0.019178,0.018754,0.018364,0.018,0.017661,0.017347,0.017053,0.016781,0.016527,0.016294,0.016073,0.01587,0.015682,0.015509,0.015348,0.015201,0.015066,0.01494,0.014831,0.014729,0.014639,0.014558,0.014488,0.014428,0.014377,0.014337,0.014304,0.014281,0.014267
8.8916e-15,0.48217,0.29261,0.41635,4.0252,0.27976,0.17887,0.19748,1.1828,0.1052,0.066366,0.055134,0.048254,0.043321,0.039511,0.036431,0.033869,0.031696,0.029824,0.028194,0.026779,0.025478,0.024343,0.023321,0.022398,0.02156,0.020799,0.020101,0.019463,0.018877,0.018336,0.017837,0.017399,0.016949,0.016552,0.016184,0.015838,0.015524,0.015227,0.014951,0.014695,0.014454,0.014231,0.014024,0.013833,0.01365,0.013483,0.013329,0.013186,0.013054,0.012933,0.012821,0.012714,0.012627,0.012544,0.012469,0.012402,0.012345,0.012295,0.012253,0.012221,0.012193,0.012174,0.012162
1.1334e-14,0.51876,0.29191,0.39324,3.0972,0.27603,0.17614,0.19619,1.2698,0.11572,0.0692,0.055302,0.04753,0.042126,0.038087,0.03489,0.032331,0.030076,0.028204,0.026589,0.025195,0.023918,0.02281,0.021817,0.020925,0.020117,0.019388,0.018721,0.018114,0.017554,0.017041,0.016567,0.01614,0.015725,0.015351,0.015003,0.014678,0.01438,0.014101,0.013841,0.013599,0.013373,0.013163,0.012968,0.012787,0.012618,0.012462,0.012316,0.012182,0.012058,0.011944,0.011839,0.011741,0.011658,0.011579,0.011509,0.011447,0.011393,0.011346,0.011306,0.011275,0.011249,0.011231,0.011221
9.4885e-15,0.46964,0.25989,0.38824,3.5943,0.23092,0.15722,0.17539,1.212,0.11802,0.072994,0.059207,0.051475,0.045871,0.041688,0.038332,0.035609,0.033221,0.031217,0.029474,0.027978,0.026585,0.02538,0.024297,0.023324,0.022437,0.021634,0.020899,0.020231,0.01961,0.019042,0.018518,0.018057,0.017586,0.017171,0.016785,0.016423,0.016094,0.015783,0.015494,0.015229,0.014975,0.014742,0.014525,0.014323,0.014136,0.013961,0.0138,0.013651,0.013513,0.013386,0.01327,0.013159,0.013067,0.01298,0.012902,0.012831,0.012773,0.012721,0.012677,0.012642,0.012614,0.012594,0.012583
2.5079e-14,0.92635,0.59655,0.84021,5.7929,0.66532,0.44355,0.47241,3.2409,0.36055,0.18002,0.13895,0.11708,0.10238,0.091832,0.083659,0.077073,0.071628,0.067023,0.06307,0.059673,0.056593,0.053923,0.051536,0.049395,0.047462,0.045713,0.044114,0.042664,0.041328,0.040103,0.038975,0.037993,0.036974,0.036083,0.035257,0.034485,0.03378,0.033117,0.032501,0.03193,0.031394,0.030898,0.030437,0.030007,0.029608,0.029237,0.028894,0.028578,0.028284,0.028015,0.027768,0.027537,0.027338,0.027153,0.026988,0.026839,0.026713,0.026601,0.026509,0.026434,0.026375,0.026333,0.026308
2.3126e-14,1.0644,0.65796,1.1154,7.7733,0.71261,0.44837,0.41999,2.2998,0.27361,0.1759,0.14291,0.12417,0.11085,0.10068,0.092527,0.085747,0.080094,0.07522,0.070991,0.067353,0.06398,0.061061,0.05844,0.056079,0.053939,0.052,0.050223,0.048607,0.047114,0.045744,0.044479,0.043375,0.042233,0.041232,0.040303,0.039431,0.038639,0.037892,0.037197,0.036549,0.035947,0.035386,0.034865,0.034381,0.033927,0.033509,0.033121,0.032764,0.032432,0.032127,0.031848,0.031582,0.031363,0.031154,0.030967,0.030801,0.030656,0.030531,0.030427,0.030344,0.030275,0.030228,0.0302
2.3403e-14,1.4703,0.77877,1.1678,8.9293,0.75688,0.49635,0.4233,3.6068,0.28723,0.17553,0.143,0.12344,0.11014,0.099957,0.091846,0.085126,0.079513,0.074676,0.070477,0.066855,0.063514,0.060611,0.058006,0.055663,0.053531,0.0516,0.049834,0.048226,0.046737,0.045373,0.044115,0.042991,0.041878,0.040882,0.039957,0.039092,0.038299,0.037555,0.036862,0.036223,0.035619,0.03506,0.03454,0.034051,0.033607,0.033189,0.032803,0.032446,0.032115,0.031812,0.031533,0.031275,0.031049,0.03084,0.030653,0.030484,0.030343,0.030218,0.030114,0.030029,0.029963,0.029916,0.029888
8.7763e-15,0.4258,0.23191,0.38417,2.8046,0.24697,0.16461,0.16882,1.2468,0.093923,0.053325,0.042857,0.037225,0.033274,0.030306,0.027919,0.025951,0.024282,0.022851,0.021605,0.020537,0.019534,0.018666,0.017885,0.017177,0.01654,0.015957,0.015424,0.014937,0.014487,0.014073,0.013691,0.013342,0.013011,0.012707,0.012425,0.01216,0.01192,0.011692,0.01148,0.011283,0.0111,0.010929,0.01077,0.010622,0.010484,0.010356,0.010238,0.010128,0.010027,0.0099341,0.0098487,0.009767,0.0097003,0.0096363,0.0095791,0.0095286,0.0094841,0.0094458,0.0094138,0.0093886,0.0093675,0.0093532,0.0093446
4.8147e-15,0.24812,0.154,0.21745,1.6648,0.16628,0.10401,0.11765,0.8745,0.078874,0.043999,0.034577,0.029276,0.025802,0.023216,0.021199,0.019542,0.018197,0.017041,0.016047,0.015191,0.014412,0.013736,0.013132,0.012588,0.012098,0.011655,0.011249,0.01088,0.01054,0.010229,0.0099418,0.0096864,0.0094331,0.0092063,0.0089962,0.0087995,0.0086202,0.0084514,0.0082946,0.008149,0.0080129,0.0078866,0.0077691,0.0076603,0.0075581,0.007464,0.0073767,0.0072963,0.0072217,0.0071533,0.0070904,0.0070311,0.0069814,0.0069345,0.0068925,0.0068549,0.0068229,0.0067947,0.0067712,0.0067526,0.0067373,0.0067267,0.0067204
3.7096e-14,1.6777,0.88197,1.2301,9.8328,0.98263,0.61584,0.60342,4.2628,0.4727,0.24343,0.18703,0.15736,0.13803,0.12395,0.11302,0.10416,0.096883,0.090695,0.085378,0.08083,0.07666,0.07306,0.06984,0.066948,0.064337,0.061973,0.059811,0.057849,0.05604,0.054381,0.052853,0.051532,0.050143,0.048935,0.047815,0.046767,0.045812,0.044912,0.044076,0.0433,0.042573,0.041899,0.041273,0.040688,0.040146,0.039643,0.039177,0.038747,0.038347,0.037981,0.037645,0.037329,0.03706,0.036808,0.036583,0.03638,0.036208,0.036056,0.03593,0.035829,0.035747,0.03569,0.035655
1.4949e-14,0.70017,0.38525,0.52632,4.4341,0.4461,0.30513,0.29745,2.0443,0.22744,0.11631,0.087576,0.073517,0.064553,0.058006,0.052916,0.048793,0.045385,0.042488,0.04,0.037864,0.035916,0.03423,0.032722,0.031368,0.030145,0.029038,0.028025,0.027107,0.02626,0.025483,0.024768,0.024141,0.023499,0.022932,0.022408,0.021918,0.02147,0.021049,0.020657,0.020295,0.019954,0.019638,0.019345,0.019072,0.018818,0.018583,0.018365,0.018164,0.017977,0.017806,0.017648,0.017501,0.017375,0.017258,0.017152,0.017057,0.016977,0.016907,0.016848,0.016801,0.016762,0.016736,0.01672
1.3509e-14,0.59617,0.37094,0.69662,5.0887,0.35187,0.22643,0.20863,1.6965,0.15699,0.098623,0.07926,0.067907,0.06012,0.054303,0.049705,0.045925,0.042804,0.040129,0.037817,0.035839,0.034012,0.032431,0.031018,0.029742,0.028598,0.027557,0.026606,0.025745,0.024942,0.02421,0.023535,0.022928,0.022336,0.021802,0.021307,0.020843,0.02042,0.020022,0.019652,0.019306,0.018987,0.018689,0.018412,0.018149,0.017913,0.01769,0.017484,0.017293,0.017117,0.016955,0.016806,0.016667,0.016547,0.016436,0.016337,0.01625,0.016171,0.016104,0.016048,0.016003,0.015967,0.015942,0.015927
6.3812e-15,0.39002,0.25084,0.41738,3.4168,0.23541,0.15773,0.16262,1.1521,0.11117,0.066841,0.05409,0.046858,0.041849,0.038047,0.035004,0.0325,0.030374,0.028556,0.026976,0.02562,0.024353,0.023258,0.022273,0.021388,0.02058,0.019849,0.019179,0.018569,0.018004,0.017485,0.017006,0.016581,0.016155,0.015775,0.015422,0.015091,0.01479,0.014506,0.014241,0.013997,0.013766,0.013552,0.013353,0.013167,0.012996,0.012836,0.012688,0.012551,0.012424,0.012308,0.012201,0.0121,0.012015,0.011934,0.011862,0.011797,0.011743,0.011694,0.011654,0.011621,0.011595,0.011576,0.011565
1.0623e-14,0.62508,0.3399,0.5402,5.1101,0.33493,0.21376,0.22659,1.5014,0.14989,0.094053,0.078141,0.068653,0.061798,0.05653,0.052243,0.048679,0.045599,0.042958,0.040648,0.03866,0.036788,0.035168,0.033708,0.032394,0.031189,0.030099,0.029098,0.028187,0.02734,0.026563,0.025845,0.025203,0.024567,0.023997,0.023466,0.022968,0.022515,0.022087,0.021688,0.021322,0.020973,0.020651,0.020351,0.020071,0.019814,0.019573,0.019349,0.019144,0.018953,0.018777,0.018616,0.018464,0.018337,0.018217,0.018109,0.018011,0.017931,0.017858,0.017798,0.01775,0.01771,0.017683,0.017668
2.677e-14,1.3382,0.68535,0.89515,8.4432,0.72819,0.47095,0.46724,3.3434,0.34009,0.18203,0.14144,0.1199,0.10562,0.095208,0.087045,0.080372,0.074882,0.070187,0.066143,0.062681,0.059489,0.056733,0.054264,0.052043,0.050037,0.048219,0.046553,0.045046,0.043648,0.042369,0.04119,0.040185,0.0391,0.038167,0.037302,0.036492,0.035754,0.035058,0.034412,0.033812,0.03325,0.032729,0.032244,0.031789,0.031373,0.030983,0.030622,0.03029,0.029981,0.029698,0.029438,0.029193,0.028985,0.028791,0.028616,0.02846,0.028326,0.028209,0.028112,0.028033,0.02797,0.027926,0.0279
1.3054e-14,1.0458,0.52279,0.61394,7.7311,0.36441,0.26073,0.25676,2.296,0.16626,0.10584,0.088703,0.078609,0.070924,0.065051,0.060237,0.056179,0.052735,0.049735,0.047104,0.044868,0.042703,0.040845,0.039169,0.037655,0.036272,0.035015,0.033862,0.03282,0.031831,0.030933,0.030103,0.029339,0.028621,0.02796,0.027345,0.026767,0.02624,0.025744,0.025281,0.024854,0.024449,0.024075,0.023727,0.02339,0.023101,0.022821,0.022561,0.022321,0.022099,0.021894,0.021707,0.021534,0.021381,0.021241,0.021115,0.021001,0.020907,0.020823,0.020753,0.020693,0.020651,0.020619,0.0206
1.232e-14,0.93936,0.48949,0.50032,6.7707,0.31072,0.21729,0.23213,2.2337,0.13652,0.094649,0.080729,0.072072,0.065654,0.060511,0.056229,0.052564,0.049453,0.046715,0.0443,0.042235,0.040242,0.03852,0.036963,0.035556,0.034265,0.033091,0.032012,0.031033,0.030109,0.029267,0.028487,0.02777,0.027095,0.026473,0.025894,0.02535,0.024853,0.024386,0.02395,0.023548,0.023165,0.022812,0.022483,0.022168,0.021892,0.021627,0.021381,0.021154,0.020945,0.020751,0.020574,0.020409,0.020265,0.020133,0.020014,0.019905,0.019817,0.019737,0.019671,0.019615,0.019574,0.019544,0.019526
8.6812e-15,0.54562,0.33733,0.52167,4.666,0.31762,0.19588,0.20128,1.3807,0.14273,0.09077,0.074973,0.065364,0.058564,0.05333,0.049113,0.045637,0.042655,0.040111,0.037896,0.035986,0.034214,0.032675,0.031291,0.030046,0.02891,0.027883,0.02694,0.026082,0.025288,0.024559,0.023886,0.023292,0.022689,0.022155,0.021659,0.021195,0.02077,0.020371,0.019999,0.019656,0.019331,0.019031,0.018752,0.018491,0.018251,0.018026,0.017818,0.017626,0.017449,0.017285,0.017135,0.016995,0.016875,0.016763,0.016663,0.016572,0.016497,0.016429,0.016373,0.016328,0.016292,0.016266,0.016251
1.0412e-14,0.64848,0.3524,0.52998,5.0524,0.3354,0.22287,0.22558,1.6334,0.16001,0.098268,0.081127,0.070948,0.063538,0.057916,0.053372,0.049655,0.046398,0.043647,0.041247,0.039187,0.037258,0.035589,0.034088,0.032743,0.031505,0.03039,0.029366,0.028437,0.027571,0.026779,0.026048,0.025402,0.024747,0.024167,0.023628,0.023122,0.022662,0.022228,0.021823,0.021453,0.021097,0.020771,0.020468,0.020182,0.019923,0.019679,0.019452,0.019244,0.019051,0.018873,0.01871,0.018557,0.018427,0.018306,0.018197,0.018096,0.018016,0.017942,0.017882,0.017832,0.017793,0.017766,0.01775
9.8992e-15,0.45357,0.28036,0.35471,3.0386,0.24255,0.14022,0.17753,1.3309,0.12281,0.070437,0.055122,0.046817,0.041132,0.037006,0.033775,0.031304,0.028973,0.027124,0.025532,0.024168,0.022922,0.021843,0.020878,0.020018,0.01923,0.018522,0.017874,0.01729,0.016745,0.016249,0.015792,0.015393,0.014981,0.01462,0.014286,0.013973,0.013687,0.013418,0.013168,0.01294,0.012721,0.012519,0.012332,0.012154,0.011997,0.011847,0.011708,0.01158,0.011461,0.011352,0.011252,0.011161,0.011079,0.011004,0.010937,0.010875,0.010826,0.010781,0.010744,0.010713,0.01069,0.010673,0.010663
1.0152e-14,0.47285,0.26835,0.38097,2.7146,0.25712,0.15956,0.18507,1.3073,0.13314,0.070759,0.05358,0.044728,0.038926,0.034732,0.031502,0.028859,0.026797,0.025013,0.023489,0.022189,0.021014,0.019997,0.01909,0.018279,0.017551,0.016891,0.016289,0.015744,0.015242,0.014783,0.014361,0.013988,0.013613,0.013281,0.012973,0.012686,0.012422,0.012176,0.011946,0.011734,0.011536,0.011351,0.01118,0.011019,0.010873,0.010736,0.010609,0.010492,0.010383,0.010283,0.010192,0.010108,0.010033,0.0099649,0.0099038,0.0098492,0.0098022,0.0097612,0.0097273,0.0096994,0.0096778,0.0096624,0.0096533
1.5891e-14,0.66271,0.32762,0.43645,3.7077,0.33358,0.238,0.27478,1.9199,0.17145,0.088584,0.066692,0.055667,0.048516,0.043334,0.03934,0.036101,0.033506,0.031288,0.029392,0.027762,0.026307,0.025037,0.023906,0.022894,0.021981,0.021157,0.020404,0.019721,0.019093,0.018519,0.017989,0.01754,0.017052,0.016636,0.016249,0.01589,0.015559,0.01525,0.014963,0.014697,0.014447,0.014215,0.014001,0.0138,0.013615,0.013443,0.013283,0.013136,0.013,0.012874,0.01276,0.012654,0.01256,0.012474,0.012397,0.012328,0.01227,0.012218,0.012175,0.01214,0.012113,0.012094,0.012082
2.563e-14,1.2409,0.61076,0.74376,8.2559,0.5291,0.35538,0.34648,2.8002,0.26249,0.14738,0.11734,0.1005,0.08904,0.080481,0.073718,0.068152,0.063564,0.05962,0.056214,0.053288,0.050593,0.048262,0.04617,0.04429,0.042587,0.041044,0.039629,0.03835,0.037163,0.036075,0.035072,0.034217,0.033294,0.0325,0.031764,0.031075,0.030446,0.029853,0.029304,0.028795,0.028315,0.027871,0.027459,0.027071,0.026716,0.026385,0.026078,0.025795,0.025532,0.025291,0.02507,0.024864,0.024685,0.02452,0.024372,0.024238,0.024126,0.024027,0.023945,0.023877,0.023824,0.023787,0.023764
1.9163e-14,1.2175,0.54882,0.68928,8.3421,0.40721,0.28184,0.25822,2.6418,0.21143,0.12457,0.10167,0.088489,0.079182,0.072211,0.066601,0.061908,0.057998,0.054599,0.051638,0.049097,0.04671,0.044643,0.042782,0.041104,0.039577,0.038189,0.036917,0.035765,0.034683,0.033696,0.032785,0.031973,0.031162,0.030437,0.029764,0.029135,0.028556,0.028014,0.027509,0.027042,0.0266,0.026192,0.025812,0.025448,0.025129,0.024823,0.02454,0.024279,0.024037,0.023815,0.02361,0.023424,0.023255,0.023103,0.022966,0.022842,0.022739,0.022648,0.022571,0.022507,0.02246,0.022426,0.022406
1.3996e-14,0.84716,0.39781,0.6831,5.8428,0.399,0.28059,0.3116,2.0652,0.20445,0.11599,0.095095,0.08282,0.074109,0.067492,0.062157,0.057745,0.053989,0.05077,0.047965,0.04556,0.043305,0.041356,0.039604,0.038029,0.036588,0.035287,0.034092,0.033007,0.031999,0.031075,0.030223,0.029471,0.028706,0.028031,0.027402,0.026812,0.026277,0.025771,0.025301,0.024867,0.024455,0.024075,0.023721,0.023391,0.023087,0.022803,0.022539,0.022297,0.022072,0.021865,0.021676,0.021495,0.021346,0.021204,0.021077,0.020961,0.020866,0.02078,0.02071,0.020653,0.020607,0.020574,0.020556
1.3215e-14,0.84907,0.38797,0.68144,5.6351,0.36362,0.25,0.25058,2.0096,0.15407,0.10125,0.086098,0.076556,0.069425,0.063826,0.059189,0.0553,0.0519,0.048971,0.046395,0.044177,0.042069,0.040244,0.038595,0.03711,0.035742,0.034505,0.033367,0.032329,0.031365,0.030479,0.02966,0.028935,0.0282,0.027549,0.026942,0.026371,0.025853,0.025364,0.024907,0.024489,0.024087,0.023718,0.023375,0.023054,0.022758,0.022482,0.022225,0.021989,0.02177,0.021568,0.021384,0.021208,0.021063,0.020925,0.020801,0.020686,0.020596,0.020512,0.020443,0.020388,0.020343,0.020312,0.020294
1.1195e-14,0.57777,0.29228,0.56537,3.8166,0.3202,0.19401,0.20154,1.4809,0.1285,0.083929,0.06787,0.058879,0.052562,0.047715,0.043835,0.040632,0.037957,0.035656,0.033658,0.03194,0.030349,0.028968,0.027729,0.026616,0.025602,0.024684,0.023844,0.023079,0.022371,0.021723,0.021125,0.020583,0.02006,0.019587,0.019146,0.018734,0.018358,0.018005,0.017674,0.017371,0.017083,0.016818,0.01657,0.016339,0.016127,0.015928,0.015744,0.015575,0.015418,0.015273,0.015141,0.015017,0.014911,0.014812,0.014724,0.014643,0.014577,0.014517,0.014468,0.014428,0.014396,0.014374,0.014361
7.4781e-15,0.37241,0.22307,0.35568,2.6402,0.24144,0.17851,0.20712,1.3039,0.11436,0.060992,0.046786,0.039249,0.034538,0.031063,0.028368,0.026199,0.024373,0.022833,0.021508,0.020368,0.01933,0.018428,0.017621,0.016893,0.01624,0.015646,0.015103,0.014611,0.014155,0.013737,0.013352,0.013014,0.012671,0.012366,0.012084,0.011821,0.011579,0.011353,0.011142,0.010945,0.010764,0.010594,0.010436,0.010287,0.010152,0.010026,0.0099082,0.0098,0.0096993,0.0096072,0.0095225,0.0094448,0.0093755,0.0093119,0.0092551,0.0092053,0.0091606,0.0091225,0.0090908,0.0090643,0.0090445,0.00903,0.0090213
1.9209e-14,0.78596,0.49085,0.6397,6.6035,0.48871,0.31148,0.38393,2.2566,0.21614,0.12469,0.097731,0.083314,0.07333,0.066085,0.060396,0.055873,0.051884,0.048591,0.045753,0.043286,0.041081,0.039149,0.037419,0.035868,0.034462,0.033192,0.03203,0.030977,0.030003,0.029112,0.02829,0.027581,0.026833,0.026184,0.025583,0.025024,0.024508,0.024025,0.023576,0.023162,0.022771,0.022409,0.022073,0.021758,0.021471,0.021201,0.020951,0.020721,0.020507,0.020311,0.020131,0.019968,0.019819,0.019684,0.019564,0.019455,0.019364,0.019283,0.019215,0.01916,0.019117,0.019086,0.019068
3.2553e-14,1.453,0.74709,1.0007,9.3935,0.6405,0.39808,0.43711,2.9774,0.28885,0.15919,0.12652,0.10833,0.096297,0.087253,0.08009,0.074157,0.069284,0.065065,0.061413,0.058269,0.055366,0.052847,0.050584,0.048539,0.046698,0.045025,0.043487,0.042096,0.040801,0.039616,0.038522,0.037582,0.036581,0.035714,0.03491,0.034158,0.033469,0.032821,0.03222,0.031658,0.031137,0.030651,0.0302,0.029771,0.029386,0.029023,0.028686,0.028377,0.028089,0.027825,0.027582,0.027359,0.02716,0.026979,0.026817,0.026673,0.026548,0.026439,0.026349,0.026273,0.026217,0.026176,0.026152
2.1461e-14,1.095,0.57838,0.72741,7.8821,0.49854,0.29603,0.30816,2.2652,0.2382,0.12809,0.10264,0.088267,0.078473,0.071179,0.065381,0.060574,0.056587,0.053146,0.050164,0.047602,0.045222,0.043164,0.041315,0.039649,0.038141,0.036772,0.035517,0.034383,0.033323,0.032355,0.031462,0.030685,0.029877,0.02917,0.028513,0.027899,0.027337,0.026809,0.026318,0.025862,0.025435,0.025038,0.02467,0.024319,0.024008,0.023711,0.023437,0.023185,0.02295,0.022734,0.022537,0.022354,0.022193,0.022046,0.021913,0.021795,0.021694,0.021605,0.021532,0.02147,0.021424,0.021391,0.021372
1.5498e-14,1.1499,0.4882,0.85597,8.8808,0.57306,0.39768,0.42606,3.0144,0.26357,0.16134,0.13564,0.11951,0.10781,0.098744,0.091331,0.085135,0.079831,0.075253,0.071235,0.067814,0.064526,0.061704,0.059158,0.05687,0.054762,0.052859,0.05111,0.049514,0.048034,0.046675,0.045419,0.044301,0.043178,0.042181,0.04125,0.040373,0.039583,0.038833,0.038133,0.037495,0.036878,0.036313,0.035788,0.035301,0.034844,0.034421,0.034029,0.033668,0.033333,0.033024,0.032742,0.032466,0.032251,0.03204,0.031851,0.031674,0.031537,0.031409,0.031303,0.031222,0.031151,0.031102,0.031075
2.0673e-14,1.5465,0.72544,1.1166,10.421,0.6688,0.44847,0.4262,3.1042,0.25681,0.1852,0.1596,0.14325,0.13026,0.12,0.11143,0.10421,0.09786,0.092386,0.087557,0.083417,0.079445,0.076012,0.072912,0.070122,0.067545,0.065216,0.063075,0.061123,0.059301,0.057633,0.056089,0.054695,0.053334,0.052107,0.050962,0.049885,0.048908,0.047985,0.047122,0.046336,0.045575,0.044879,0.04423,0.043622,0.043067,0.042545,0.042061,0.041614,0.041201,0.04082,0.040472,0.04014,0.039866,0.039605,0.039371,0.039153,0.038984,0.038826,0.038695,0.03859,0.038506,0.038446,0.038412
1.6199e-14,0.9279,0.43678,0.7081,6.0461,0.45292,0.3131,0.32857,2.3005,0.19299,0.12149,0.09895,0.086464,0.077541,0.070722,0.065207,0.060638,0.056735,0.05339,0.050467,0.047974,0.045612,0.043575,0.041743,0.040098,0.038591,0.037228,0.035978,0.034843,0.033783,0.032815,0.031921,0.031121,0.030327,0.029619,0.028958,0.028339,0.027775,0.027245,0.026749,0.026295,0.02586,0.025461,0.025089,0.024737,0.024422,0.024123,0.023845,0.02359,0.023353,0.023135,0.022936,0.022748,0.022589,0.02244,0.022306,0.022183,0.022084,0.021994,0.021919,0.021858,0.021811,0.021777,0.021758
1.0252e-14,0.48514,0.31277,0.43572,3.109,0.29428,0.20837,0.25481,1.8594,0.15809,0.081286,0.061408,0.051427,0.044754,0.040023,0.036382,0.033486,0.031049,0.029018,0.027278,0.025789,0.024441,0.023273,0.02223,0.021295,0.020455,0.019694,0.019,0.018374,0.017789,0.017258,0.016768,0.016328,0.015901,0.015515,0.015158,0.014825,0.014518,0.014231,0.013965,0.013718,0.013487,0.013272,0.013072,0.01288,0.012714,0.012554,0.012405,0.012268,0.012142,0.012025,0.011918,0.011821,0.011732,0.011652,0.01158,0.011515,0.01146,0.011412,0.011371,0.011337,0.011312,0.011294,0.011283
3.4613e-14,1.6011,0.87558,1.2392,9.2902,0.96949,0.5705,0.71027,4.0545,0.41258,0.21326,0.16652,0.14143,0.12486,0.11246,0.10271,0.094735,0.088158,0.082538,0.077701,0.073513,0.069761,0.066477,0.063538,0.06089,0.058521,0.056362,0.054391,0.052596,0.050949,0.049435,0.048041,0.046838,0.045569,0.044467,0.043446,0.042497,0.041621,0.040801,0.040039,0.039325,0.038671,0.038057,0.037486,0.036954,0.036462,0.036003,0.035578,0.035187,0.034824,0.034491,0.034184,0.033904,0.033653,0.033423,0.033218,0.033039,0.032875,0.032737,0.032622,0.032527,0.032453,0.032401,0.032369
3.381e-14,1.3397,0.64265,0.68658,6.0135,0.46007,0.27963,0.33345,2.0807,0.20768,0.11948,0.096869,0.084709,0.076158,0.069596,0.064279,0.059818,0.056061,0.052798,0.049949,0.047456,0.045201,0.043206,0.04141,0.039781,0.038312,0.036969,0.03574,0.034616,0.033577,0.032622,0.031738,0.030957,0.030173,0.029469,0.028817,0.02821,0.027648,0.027122,0.026635,0.026175,0.025754,0.025359,0.02499,0.024646,0.024329,0.024034,0.02376,0.023507,0.023272,0.023057,0.02286,0.022678,0.022516,0.022368,0.022236,0.022121,0.022016,0.021928,0.021853,0.021793,0.021746,0.021713,0.021693
1.54e-14,0.90864,0.47663,0.6189,6.82,0.47842,0.29667,0.33694,2.2155,0.21633,0.13092,0.10745,0.0937,0.08379,0.076296,0.070263,0.065264,0.061033,0.057399,0.054228,0.051508,0.048966,0.046762,0.04478,0.042996,0.041372,0.039899,0.03855,0.03732,0.03618,0.035135,0.03417,0.033307,0.032453,0.031689,0.030977,0.030309,0.029703,0.029131,0.028597,0.028105,0.02764,0.02721,0.026809,0.026437,0.026091,0.025769,0.025471,0.025196,0.024941,0.024706,0.024492,0.024286,0.024119,0.023958,0.023814,0.023684,0.023576,0.023478,0.023398,0.023335,0.023282,0.023245,0.023224
1.4777e-14,1.0031,0.54029,0.68537,6.7739,0.4493,0.28748,0.30698,2.0656,0.20103,0.1314,0.10904,0.095843,0.086195,0.078841,0.072861,0.067911,0.063618,0.059948,0.056734,0.053991,0.051381,0.049128,0.047098,0.045268,0.043598,0.042081,0.04069,0.039427,0.038241,0.037159,0.03616,0.035252,0.034377,0.033582,0.032842,0.032147,0.031515,0.030919,0.030362,0.02985,0.029364,0.028915,0.028496,0.028098,0.027746,0.027409,0.027097,0.026809,0.026543,0.026297,0.026073,0.025862,0.025682,0.025514,0.025364,0.025227,0.025114,0.025013,0.024929,0.02486,0.024807,0.024769,0.024747
1.3636e-14,0.50309,0.33369,0.39181,3.7975,0.34062,0.24713,0.2895,1.8156,0.16728,0.090521,0.068943,0.057974,0.050835,0.045665,0.041659,0.038437,0.03575,0.033483,0.031533,0.029876,0.028341,0.027019,0.025837,0.024778,0.023816,0.022948,0.022155,0.021435,0.020768,0.020158,0.019596,0.019086,0.018599,0.018155,0.017743,0.017356,0.017006,0.016675,0.016367,0.016083,0.015815,0.015567,0.015337,0.015121,0.014924,0.014739,0.014567,0.014409,0.014263,0.014128,0.014005,0.013888,0.013791,0.013699,0.013617,0.013543,0.01348,0.013425,0.013379,0.013342,0.013312,0.013291,0.013279
3.6801e-14,1.253,0.73194,0.94949,6.7786,0.93242,0.55699,0.67392,4.2937,0.46786,0.23715,0.17827,0.14809,0.12882,0.11513,0.10461,0.096162,0.089245,0.083399,0.078404,0.074121,0.070248,0.066895,0.063903,0.061223,0.058809,0.056622,0.054629,0.052822,0.051157,0.049633,0.048231,0.046994,0.045748,0.04464,0.043617,0.042659,0.041787,0.040966,0.040202,0.039494,0.038833,0.038218,0.037647,0.037116,0.036623,0.036164,0.035741,0.035349,0.034986,0.034655,0.034349,0.034061,0.033821,0.033592,0.033388,0.033206,0.033049,0.032913,0.032799,0.032709,0.032634,0.032583,0.032552
1.6835e-14,0.87901,0.47963,0.60267,3.6365,0.44774,0.27915,0.36209,2.05,0.21743,0.11745,0.090793,0.07621,0.06656,0.059548,0.054117,0.049754,0.046144,0.043103,0.0405,0.038253,0.036251,0.034505,0.032946,0.031555,0.030295,0.029159,0.028123,0.027182,0.026318,0.025526,0.024797,0.024127,0.023507,0.022932,0.0224,0.021906,0.02145,0.021023,0.020627,0.020263,0.019917,0.019598,0.019302,0.019024,0.018771,0.018533,0.018313,0.018109,0.017921,0.017749,0.01759,0.017446,0.017315,0.017197,0.01709,0.016993,0.016914,0.016842,0.016783,0.016734,0.016697,0.01667,0.016654
1.6313e-14,0.62115,0.45019,0.63087,4.1184,0.39399,0.23251,0.27948,1.6749,0.18487,0.10214,0.080172,0.068138,0.060059,0.054103,0.049443,0.045648,0.042492,0.039808,0.037498,0.035498,0.033695,0.032123,0.030715,0.029447,0.028307,0.027273,0.026326,0.02547,0.024675,0.023949,0.023279,0.022686,0.022092,0.021562,0.021072,0.020614,0.020194,0.019799,0.019433,0.019091,0.018775,0.01848,0.018206,0.017947,0.017713,0.017492,0.017288,0.0171,0.016925,0.016765,0.016618,0.016482,0.016363,0.016253,0.016154,0.016068,0.015991,0.015925,0.01587,0.015824,0.01579,0.015765,0.015749
1.3176e-14,0.65336,0.35943,0.53878,3.9417,0.43229,0.30982,0.38599,2.6177,0.23706,0.11357,0.081344,0.066096,0.056809,0.050343,0.045492,0.041665,0.038552,0.035945,0.033726,0.031832,0.030132,0.028658,0.027348,0.02618,0.025124,0.02417,0.023306,0.022523,0.021796,0.021136,0.020528,0.019958,0.01945,0.018972,0.018529,0.018117,0.017738,0.017384,0.017054,0.01675,0.016463,0.016198,0.015951,0.015717,0.01551,0.015312,0.015128,0.014959,0.014803,0.014659,0.014527,0.014406,0.014298,0.014199,0.014111,0.014031,0.013964,0.013904,0.013854,0.013813,0.013782,0.013759,0.013745
1.5747e-14,0.60024,0.39337,0.48912,3.8172,0.43551,0.36676,0.48014,2.6574,0.2457,0.12838,0.093848,0.076424,0.065725,0.058208,0.052562,0.048112,0.044499,0.041479,0.038918,0.036727,0.034769,0.033072,0.031563,0.030217,0.029004,0.02791,0.026913,0.026014,0.025182,0.024423,0.023724,0.023106,0.02249,0.021941,0.021433,0.02096,0.020526,0.020119,0.019742,0.019392,0.019065,0.018761,0.018479,0.018212,0.017972,0.017746,0.017537,0.017344,0.017165,0.017001,0.01685,0.016713,0.016589,0.016476,0.016376,0.016286,0.016208,0.01614,0.016084,0.016037,0.016002,0.015976,0.015961
1.8943e-14,0.65969,0.43422,0.61091,4.4897,0.46521,0.31855,0.45825,3.1599,0.3142,0.16794,0.12169,0.099233,0.085155,0.075255,0.067758,0.061836,0.057023,0.053016,0.049617,0.0467,0.044147,0.041919,0.039944,0.038188,0.036609,0.035187,0.033896,0.032728,0.031657,0.030678,0.02978,0.028996,0.028193,0.02749,0.026839,0.026236,0.025679,0.02516,0.024678,0.024236,0.023816,0.02343,0.023071,0.022736,0.022428,0.02214,0.021875,0.021631,0.021404,0.021197,0.021006,0.020833,0.020675,0.020533,0.020406,0.02029,0.020195,0.02011,0.02004,0.019981,0.019937,0.019905,0.019885
1.6927e-14,0.65092,0.40994,0.50512,4.6806,0.39636,0.27146,0.39241,2.3453,0.23977,0.12902,0.097697,0.081545,0.070768,0.063105,0.057219,0.052517,0.048641,0.045395,0.04262,0.040246,0.038109,0.036256,0.034607,0.033131,0.031804,0.030605,0.029513,0.028525,0.027609,0.026775,0.026007,0.025318,0.024647,0.024043,0.023484,0.022962,0.022484,0.022036,0.021619,0.021232,0.020873,0.020538,0.020226,0.01993,0.019668,0.019418,0.019187,0.018974,0.018776,0.018595,0.018428,0.018276,0.018139,0.018014,0.017902,0.017804,0.017717,0.017641,0.017578,0.017525,0.017486,0.017457,0.017439
1.4939e-14,0.6202,0.39199,0.51347,3.5038,0.39131,0.2667,0.34514,2.1645,0.19521,0.10414,0.077213,0.06391,0.055476,0.049538,0.045001,0.041362,0.038398,0.035901,0.033764,0.031953,0.030281,0.028844,0.02756,0.026421,0.025372,0.024431,0.023575,0.022794,0.022076,0.021417,0.020812,0.020249,0.019737,0.019259,0.018815,0.018399,0.018022,0.017666,0.017334,0.017034,0.016741,0.016474,0.016226,0.015997,0.015781,0.015582,0.015398,0.015227,0.01507,0.014925,0.014792,0.014665,0.014562,0.014461,0.014372,0.014289,0.014223,0.014163,0.014113,0.014073,0.01404,0.014017,0.014003
3.9223e-14,1.6826,0.92357,1.2242,7.8442,0.94884,0.64197,0.74819,5.6865,0.54062,0.27721,0.20683,0.16966,0.14629,0.12964,0.11703,0.10703,0.098918,0.09213,0.086371,0.081449,0.077063,0.07326,0.069883,0.066861,0.064164,0.061719,0.059495,0.057479,0.055632,0.053941,0.052387,0.050995,0.049638,0.048415,0.047285,0.046234,0.045266,0.044363,0.043523,0.042739,0.042019,0.041344,0.040718,0.040133,0.039594,0.039091,0.038627,0.038198,0.037802,0.037438,0.037104,0.036797,0.036524,0.036275,0.036052,0.035858,0.035681,0.035532,0.035408,0.035307,0.035227,0.035171,0.035137
2.2127e-14,0.97373,0.57279,0.63889,5.2549,0.51369,0.36005,0.40889,2.6297,0.26829,0.14546,0.11067,0.092933,0.081067,0.072677,0.066205,0.060999,0.0567,0.053068,0.04995,0.047285,0.044853,0.042746,0.040864,0.039175,0.037648,0.036265,0.035004,0.033856,0.032799,0.03183,0.030937,0.030127,0.029353,0.028647,0.027992,0.027381,0.026822,0.026296,0.025807,0.025354,0.02493,0.024536,0.02417,0.023828,0.023512,0.023219,0.022946,0.022695,0.022462,0.022248,0.022052,0.021868,0.021711,0.021563,0.021432,0.021314,0.021213,0.021124,0.02105,0.02099,0.020941,0.020907,0.020886
1.496e-14,0.65707,0.38389,0.49268,3.845,0.40951,0.29608,0.36449,2.4697,0.23169,0.11948,0.086816,0.070746,0.06048,0.053316,0.047913,0.043661,0.040214,0.037351,0.03493,0.032872,0.031043,0.029462,0.028063,0.026821,0.025702,0.024697,0.023786,0.022963,0.022203,0.021513,0.02088,0.02031,0.019759,0.019264,0.018805,0.018378,0.017987,0.017621,0.017281,0.016968,0.016674,0.016402,0.016149,0.015911,0.015696,0.015494,0.015306,0.015134,0.014974,0.014827,0.014693,0.014569,0.014459,0.014359,0.014269,0.014189,0.01412,0.01406,0.01401,0.013968,0.013937,0.013914,0.0139
1.8895e-14,0.73806,0.39495,0.54149,3.3575,0.44818,0.33831,0.54803,3.2792,0.38028,0.19233,0.13546,0.10771,0.090694,0.078955,0.070274,0.063549,0.058198,0.0538,0.05012,0.04701,0.044286,0.041938,0.039868,0.038031,0.036402,0.034933,0.033602,0.032402,0.031309,0.030311,0.029396,0.028614,0.027786,0.027074,0.026416,0.025805,0.025244,0.024721,0.024236,0.023788,0.02337,0.022982,0.022622,0.02229,0.021977,0.021689,0.021423,0.021179,0.020951,0.020743,0.020552,0.020374,0.020221,0.020078,0.019951,0.019837,0.019738,0.019653,0.019582,0.019524,0.019478,0.019445,0.019426
1.6111e-14,0.55454,0.37508,0.44905,3.3362,0.46241,0.3114,0.52635,3.4395,0.34564,0.16584,0.11672,0.093063,0.078546,0.068613,0.061272,0.055559,0.050984,0.047205,0.04403,0.041336,0.038966,0.036919,0.035113,0.033507,0.03208,0.030793,0.02963,0.028577,0.027614,0.026737,0.025932,0.025218,0.024516,0.023888,0.023309,0.022772,0.022276,0.021816,0.021389,0.02099,0.020624,0.020281,0.019963,0.019666,0.019394,0.01914,0.018905,0.018689,0.018489,0.018305,0.018136,0.017983,0.017844,0.017718,0.017606,0.017508,0.017419,0.017344,0.017281,0.017229,0.01719,0.017161,0.017144
1.7352e-14,0.68839,0.40664,0.50012,3.7129,0.43709,0.26764,0.30243,2.0495,0.17875,0.098022,0.074769,0.062382,0.054238,0.048346,0.043804,0.040155,0.037181,0.034669,0.032525,0.030711,0.029044,0.027617,0.026345,0.025212,0.024187,0.023263,0.02242,0.021662,0.020957,0.020316,0.019726,0.01922,0.018682,0.018218,0.017788,0.017386,0.017021,0.016677,0.016358,0.016062,0.015785,0.015528,0.015289,0.015065,0.014861,0.01467,0.014492,0.014329,0.014177,0.014038,0.01391,0.013789,0.013688,0.013592,0.013507,0.01343,0.013364,0.013306,0.013258,0.013219,0.013187,0.013165,0.013152
4.3093e-14,2.0659,1.1586,1.5043,10.483,1.0344,0.70242,0.79843,6.3391,0.53255,0.28008,0.21741,0.18289,0.16004,0.14345,0.13059,0.1202,0.11163,0.10438,0.098171,0.092817,0.088006,0.083815,0.080075,0.076734,0.073704,0.070968,0.068477,0.066222,0.064124,0.062213,0.060453,0.058819,0.057337,0.055948,0.054663,0.053465,0.052362,0.05133,0.050372,0.049489,0.048652,0.04788,0.047162,0.046479,0.045875,0.045298,0.044764,0.044271,0.043816,0.043398,0.043012,0.042665,0.042346,0.042058,0.041801,0.041566,0.041373,0.041201,0.041055,0.040934,0.040845,0.04078,0.04074
3.2374e-14,1.0906,0.66448,0.76098,5.3019,0.61198,0.37027,0.47631,3.3886,0.34265,0.17033,0.12625,0.104,0.089543,0.079446,0.071761,0.065676,0.060688,0.056527,0.052988,0.049966,0.047268,0.044927,0.042848,0.040991,0.039321,0.037816,0.036449,0.035203,0.034066,0.033024,0.032065,0.031175,0.030372,0.02962,0.028924,0.028274,0.027681,0.027124,0.026608,0.026124,0.02568,0.025265,0.024879,0.024523,0.024187,0.023879,0.023592,0.023328,0.023085,0.022861,0.022656,0.022462,0.022298,0.022144,0.022006,0.021888,0.021778,0.021686,0.021608,0.021547,0.021496,0.021461,0.02144
2.7597e-14,0.8855,0.53919,0.72268,4.4472,0.48832,0.34614,0.43405,3.0664,0.32075,0.15329,0.11352,0.093203,0.080323,0.071276,0.064427,0.05899,0.054562,0.050849,0.047687,0.044981,0.042565,0.040471,0.038606,0.036932,0.035444,0.034091,0.03286,0.031748,0.030721,0.029783,0.028922,0.028176,0.027399,0.02672,0.026093,0.025509,0.024973,0.02447,0.024005,0.023568,0.023169,0.022794,0.022446,0.022119,0.02182,0.021541,0.021283,0.021045,0.020823,0.02062,0.020434,0.020261,0.02011,0.01997,0.019845,0.019737,0.019637,0.019553,0.019482,0.019425,0.01938,0.019348,0.019328
1.9863e-14,0.67881,0.37133,0.5046,3.2146,0.39572,0.30078,0.43187,2.8903,0.28335,0.14063,0.10082,0.081696,0.069849,0.061573,0.055364,0.050494,0.046533,0.043245,0.040465,0.03811,0.035995,0.034175,0.032563,0.031124,0.029841,0.02868,0.027627,0.02668,0.0258,0.025002,0.024269,0.023613,0.022976,0.022401,0.021871,0.021377,0.020924,0.0205,0.020107,0.019743,0.019403,0.019088,0.018795,0.018515,0.01827,0.018036,0.017819,0.017619,0.017434,0.017264,0.017109,0.016968,0.016839,0.016723,0.016619,0.016526,0.016446,0.016377,0.016319,0.01627,0.016235,0.016209,0.016193
1.6338e-14,0.63529,0.42296,0.55151,3.415,0.49195,0.33062,0.50369,3.338,0.30801,0.14321,0.10098,0.080069,0.067527,0.059059,0.052784,0.047909,0.043998,0.04077,0.038056,0.035748,0.033727,0.031975,0.030427,0.029051,0.027828,0.026722,0.025723,0.024818,0.023989,0.023234,0.022541,0.021916,0.021323,0.020782,0.020283,0.01982,0.019394,0.018996,0.018627,0.018285,0.017967,0.017671,0.017396,0.017138,0.016904,0.016683,0.01648,0.016292,0.016118,0.015958,0.015812,0.015678,0.015558,0.015448,0.015349,0.015262,0.015185,0.015119,0.015063,0.015017,0.014982,0.014956,0.014941
1.9968e-14,0.69212,0.45517,0.52127,3.6702,0.51427,0.33734,0.49808,3.5731,0.29455,0.14375,0.10085,0.080359,0.067987,0.059491,0.053171,0.048256,0.04431,0.041057,0.038328,0.036022,0.033999,0.032257,0.030716,0.029351,0.028124,0.027021,0.02602,0.025119,0.024289,0.023533,0.022839,0.02223,0.021616,0.021072,0.02057,0.020105,0.019676,0.019275,0.018903,0.01856,0.018239,0.017942,0.017665,0.017405,0.01717,0.016948,0.016743,0.016555,0.016379,0.016219,0.016072,0.015939,0.015817,0.015707,0.015609,0.015522,0.015446,0.015379,0.015325,0.015279,0.015245,0.01522,0.015205
4.4088e-14,1.7142,0.83979,1.1256,8.9953,0.72146,0.48219,0.56109,3.6518,0.30267,0.17408,0.13929,0.12055,0.10761,0.097806,0.089987,0.083485,0.078099,0.073431,0.069381,0.065865,0.062644,0.059834,0.057305,0.055032,0.052956,0.051077,0.049353,0.047792,0.046335,0.045002,0.043772,0.042676,0.041587,0.040608,0.039702,0.038855,0.038078,0.037347,0.036669,0.036043,0.035447,0.034898,0.034389,0.033906,0.03347,0.033061,0.032681,0.03233,0.032005,0.031707,0.031433,0.03118,0.030957,0.030752,0.030568,0.030401,0.030264,0.030141,0.030038,0.029954,0.029889,0.029843,0.029814
3.1106e-14,1.1834,0.62373,0.86695,6.7715,0.61754,0.38803,0.47219,3.4293,0.27567,0.14671,0.11357,0.096219,0.084638,0.076266,0.069729,0.064388,0.059979,0.056209,0.052962,0.050151,0.047607,0.04539,0.043404,0.041623,0.040003,0.038541,0.037203,0.035991,0.034865,0.033836,0.032886,0.032048,0.031202,0.030451,0.029755,0.029106,0.028509,0.02795,0.027429,0.026948,0.026494,0.026074,0.025684,0.025315,0.024982,0.024668,0.024377,0.024109,0.02386,0.023632,0.023421,0.023229,0.023057,0.022899,0.022759,0.022632,0.022524,0.022429,0.022349,0.022284,0.022234,0.022198,0.022176
2.267e-14,0.97596,0.51773,0.71738,4.9048,0.60795,0.37379,0.46881,3.2684,0.32624,0.15428,0.11183,0.090355,0.077505,0.068315,0.061445,0.056085,0.051737,0.048122,0.04506,0.042426,0.040127,0.038118,0.036335,0.034758,0.033323,0.032036,0.030869,0.029809,0.028842,0.027955,0.027141,0.026395,0.025701,0.025062,0.024471,0.023923,0.023415,0.022943,0.022505,0.022105,0.02172,0.021367,0.02104,0.020736,0.020453,0.020191,0.019949,0.019724,0.019517,0.019327,0.019152,0.018994,0.018849,0.018718,0.018601,0.018492,0.018406,0.018328,0.018262,0.018207,0.018166,0.018136,0.018117
3.424e-14,1.1144,0.67793,0.77302,5.7326,0.73649,0.48078,0.67954,5.37,0.46636,0.22492,0.16323,0.13196,0.11319,0.099854,0.089843,0.081956,0.075617,0.070329,0.065857,0.062063,0.058661,0.055732,0.053134,0.050825,0.048748,0.046874,0.045172,0.043623,0.04222,0.040928,0.039743,0.038731,0.037648,0.036717,0.035857,0.035054,0.034322,0.033634,0.032995,0.032407,0.031853,0.03134,0.030864,0.030429,0.030011,0.029629,0.029277,0.028953,0.028651,0.028375,0.028121,0.027881,0.027682,0.027493,0.027323,0.027171,0.027042,0.026929,0.026835,0.026761,0.026698,0.026656,0.02663
3.0523e-14,0.95276,0.52972,0.6781,4.4686,0.63553,0.39356,0.66743,4.9921,0.42426,0.21237,0.146,0.11468,0.096368,0.083543,0.074107,0.066852,0.061081,0.056373,0.052442,0.049111,0.046249,0.043764,0.041576,0.039639,0.037922,0.036377,0.034976,0.033711,0.032569,0.031521,0.030563,0.029747,0.028877,0.028131,0.027443,0.026808,0.026219,0.025672,0.025165,0.024693,0.024261,0.023855,0.02348,0.023134,0.022806,0.022506,0.022229,0.021974,0.021737,0.021521,0.021322,0.021142,0.020977,0.020828,0.020696,0.020581,0.020475,0.020386,0.020313,0.020252,0.020205,0.020171,0.020151
3.0305e-14,1.0774,0.66239,0.86953,5.4937,0.6943,0.44727,0.70466,5.0698,0.41054,0.21363,0.15115,0.12096,0.10309,0.090418,0.080994,0.073653,0.067743,0.062858,0.058738,0.055222,0.052153,0.049486,0.047124,0.045019,0.043148,0.041458,0.039921,0.038533,0.037266,0.036106,0.035042,0.034129,0.033165,0.032333,0.031563,0.030853,0.030193,0.029578,0.029009,0.028479,0.027991,0.027535,0.027112,0.026714,0.026352,0.026013,0.025699,0.025411,0.025142,0.024897,0.024672,0.024472,0.024281,0.024112,0.023962,0.023829,0.023711,0.023609,0.023525,0.023454,0.023401,0.023362,0.023339
2.7341e-14,1.0243,0.56016,0.71705,5.1847,0.58633,0.36779,0.49106,3.4068,0.32374,0.15322,0.11211,0.091188,0.078535,0.069486,0.062619,0.057195,0.052778,0.049094,0.045965,0.043291,0.040921,0.038864,0.037037,0.03542,0.03395,0.032631,0.031435,0.030349,0.029356,0.028446,0.027612,0.026838,0.026136,0.025481,0.024875,0.024314,0.023794,0.02331,0.02286,0.022451,0.022056,0.021695,0.02136,0.021046,0.02076,0.020491,0.020242,0.020012,0.0198,0.019605,0.019426,0.019267,0.019116,0.018982,0.018862,0.01875,0.018662,0.018581,0.018513,0.018456,0.018414,0.018382,0.018363
4.7076e-14,1.6257,0.90629,1.0473,8.3443,0.85995,0.55137,0.72676,4.5993,0.53221,0.27199,0.19794,0.16155,0.13814,0.12192,0.10972,0.10013,0.092353,0.085883,0.080406,0.075776,0.071592,0.068001,0.064819,0.061986,0.059442,0.057149,0.055068,0.053182,0.051457,0.049877,0.048429,0.047128,0.045867,0.04473,0.043679,0.042696,0.041803,0.040965,0.040186,0.039465,0.038791,0.038166,0.037586,0.03705,0.036544,0.03608,0.035651,0.035254,0.034888,0.034552,0.034244,0.03395,0.033708,0.033478,0.033272,0.033089,0.032931,0.032793,0.032679,0.032588,0.032512,0.032461,0.032429
4.6552e-14,1.407,0.87796,1.1359,8.2934,0.98215,0.62688,0.66282,3.9979,0.47599,0.24199,0.18503,0.15441,0.1347,0.12034,0.10928,0.10037,0.093103,0.086952,0.081694,0.077159,0.073126,0.069609,0.06647,0.063657,0.061137,0.058848,0.056762,0.05487,0.053133,0.051539,0.050074,0.048794,0.047482,0.046325,0.045256,0.044261,0.043346,0.042488,0.041692,0.040953,0.040265,0.039624,0.039029,0.038474,0.037961,0.037483,0.037042,0.036635,0.036257,0.035911,0.035593,0.035301,0.035042,0.034804,0.034591,0.034402,0.034238,0.034095,0.033976,0.033879,0.033804,0.033751,0.033718
4.907e-14,1.5338,0.8692,0.95079,6.8687,0.8487,0.47941,0.6376,4.0211,0.39917,0.21924,0.17443,0.14875,0.13149,0.1186,0.10843,0.10011,0.093217,0.087328,0.082259,0.077853,0.073915,0.070461,0.067368,0.064594,0.062086,0.059809,0.057729,0.055842,0.054099,0.052502,0.05103,0.049767,0.048423,0.047258,0.04618,0.045177,0.044252,0.043385,0.042581,0.041841,0.041137,0.040488,0.039885,0.03932,0.038803,0.038318,0.03787,0.037458,0.037074,0.036723,0.0364,0.036105,0.035841,0.0356,0.035384,0.035186,0.035025,0.034881,0.034761,0.034663,0.034587,0.034533,0.0345
1.5373e-14,0.61104,0.31845,0.41307,2.9576,0.31862,0.20593,0.25934,1.5243,0.16104,0.088815,0.06748,0.05635,0.049058,0.043841,0.039853,0.036661,0.034011,0.031782,0.02987,0.028228,0.026757,0.025474,0.02433,0.023307,0.022383,0.021549,0.020787,0.020096,0.01946,0.018878,0.018342,0.01788,0.017393,0.016971,0.01658,0.016215,0.015881,0.015567,0.015276,0.015005,0.014754,0.014519,0.014302,0.014099,0.013911,0.013736,0.013575,0.013426,0.013288,0.013161,0.013045,0.012935,0.012842,0.012755,0.012678,0.012609,0.012548,0.012496,0.012453,0.012418,0.01239,0.01237,0.012359
