1.8279e-14,1.0762,0.60105,0.72701,4.4014,0.6653,0.33274,0.46571,3.3674,0.31177,0.16693,0.12668,0.10545,0.092021,0.082167,0.074566,0.068443,0.063439,0.059209,0.055593,0.052474,0.049709,0.047297,0.045143,0.043215,0.041482,0.039916,0.038485,0.037196,0.036002,0.034912,0.033908,0.033067,0.032137,0.031348,0.030617,0.02994,0.029313,0.028727,0.028185,0.027678,0.02721,0.026773,0.026368,0.025982,0.025638,0.025313,0.025012,0.024735,0.024477,0.02424,0.024024,0.023829,0.023648,0.023485,0.02334,0.023213,0.023099,0.023002,0.022922,0.022853,0.022804,0.022767,0.022745
3.0631e-14,1.6456,0.92162,1.0939,6.7702,0.83397,0.58121,0.65439,3.8454,0.42425,0.21698,0.16275,0.13463,0.11602,0.10299,0.093045,0.085133,0.07869,0.073296,0.06871,0.064781,0.061291,0.058254,0.055553,0.053134,0.050982,0.049025,0.047246,0.045639,0.044159,0.042806,0.041563,0.040475,0.039368,0.038391,0.037489,0.036649,0.035877,0.035155,0.034487,0.033863,0.033288,0.03275,0.032251,0.031783,0.031354,0.030953,0.030583,0.030242,0.029924,0.029634,0.029368,0.029122,0.028905,0.028706,0.028528,0.028372,0.028232,0.028114,0.028014,0.027932,0.027868,0.027823,0.027796
6.4346e-14,1.5774,0.94415,1.1546,7.9958,1.0744,0.67221,0.70957,5.3106,0.52095,0.26101,0.1934,0.15984,0.13893,0.12372,0.11208,0.10278,0.095223,0.088866,0.083446,0.078827,0.074649,0.071038,0.067821,0.064943,0.062353,0.060011,0.057875,0.055945,0.054159,0.052528,0.051027,0.049747,0.048373,0.047192,0.046097,0.045077,0.044143,0.043266,0.042452,0.041697,0.040991,0.040336,0.039727,0.039153,0.038635,0.038147,0.037694,0.037279,0.036892,0.036538,0.036213,0.035914,0.035649,0.035406,0.035188,0.034993,0.034827,0.034681,0.03456,0.03446,0.034384,0.034329,0.034297
5.6049e-14,1.5596,0.97455,1.1457,7.8171,0.9925,0.56886,0.64054,4.3793,0.45184,0.23795,0.18218,0.1538,0.13479,0.12098,0.1102,0.10144,0.094269,0.088163,0.082913,0.078405,0.074331,0.070792,0.067629,0.064786,0.062239,0.059925,0.057808,0.055907,0.054126,0.052508,0.051017,0.04978,0.048379,0.047203,0.046114,0.0451,0.044166,0.043293,0.04248,0.041723,0.041024,0.040369,0.039762,0.039178,0.038672,0.038183,0.037731,0.037316,0.036928,0.036573,0.036249,0.035956,0.035683,0.03544,0.035222,0.035029,0.034859,0.034712,0.034591,0.034486,0.034413,0.034357,0.034324
3.6711e-14,1.5259,1.2356,1.5719,8.2091,0.96639,0.54259,0.55435,4.3129,0.38984,0.23592,0.18757,0.16057,0.14164,0.12771,0.11671,0.10765,0.10024,0.093877,0.088376,0.083666,0.079372,0.075639,0.072297,0.069293,0.066597,0.064141,0.061894,0.059862,0.057986,0.056266,0.054683,0.053376,0.051873,0.050621,0.04946,0.048376,0.047384,0.046452,0.045588,0.04478,0.044034,0.043336,0.042689,0.042083,0.041522,0.041001,0.04052,0.040076,0.039662,0.039283,0.038937,0.038609,0.03833,0.03807,0.037837,0.037633,0.037448,0.037291,0.037162,0.037055,0.036969,0.03691,0.036873
2.1886e-14,0.91403,0.64115,0.87495,5.0941,0.63914,0.35951,0.40216,2.7611,0.2748,0.15309,0.12087,0.10316,0.091304,0.08242,0.075394,0.069651,0.064888,0.06082,0.057301,0.054272,0.05153,0.049135,0.04699,0.045056,0.043323,0.041743,0.040299,0.038989,0.037779,0.036669,0.035647,0.034777,0.033833,0.033024,0.032273,0.031574,0.03093,0.030327,0.029768,0.029246,0.028762,0.02831,0.027891,0.027497,0.027135,0.026798,0.026487,0.026199,0.025931,0.025686,0.025462,0.025254,0.02507,0.024902,0.024752,0.024619,0.024502,0.024401,0.024318,0.024248,0.024195,0.024157,0.024134
2.6238e-14,0.99488,0.8271,1.3376,6.3023,0.80772,0.41813,0.44939,3.3265,0.3274,0.16328,0.12391,0.10339,0.090069,0.080408,0.072949,0.066963,0.062095,0.057959,0.054416,0.051388,0.048647,0.046274,0.044159,0.042269,0.040558,0.039017,0.03761,0.036336,0.035165,0.034092,0.033105,0.032279,0.031357,0.030579,0.02986,0.029188,0.028574,0.027997,0.027463,0.026965,0.026501,0.02607,0.02567,0.025296,0.024949,0.024628,0.024331,0.024056,0.023801,0.023567,0.023353,0.023151,0.022979,0.022818,0.022673,0.022546,0.022433,0.022336,0.022255,0.022189,0.022136,0.022098,0.022075
2.2103e-13,3.7555,1.4992,1.3212,6.9272,1.0926,0.69872,0.776,5.6659,0.58043,0.32253,0.25016,0.21192,0.1868,0.16832,0.1539,0.14212,0.1324,0.1241,0.11695,0.11073,0.10519,0.10032,0.095956,0.092033,0.088492,0.08527,0.082335,0.079654,0.077195,0.074935,0.072845,0.071,0.06916,0.067503,0.065973,0.064549,0.06324,0.062009,0.060866,0.059802,0.058814,0.057892,0.057034,0.05624,0.055501,0.054813,0.054175,0.053588,0.053041,0.052543,0.052083,0.051664,0.051293,0.050948,0.050641,0.050371,0.050131,0.049927,0.049754,0.049618,0.049508,0.04943,0.049383
1.1303e-13,3.0093,1.445,1.4391,11.9,1.6865,1.052,1.1802,8.4322,0.89699,0.44596,0.32448,0.26439,0.22758,0.20151,0.18188,0.16638,0.15379,0.14336,0.13452,0.12696,0.12018,0.11431,0.10909,0.10441,0.10024,0.096445,0.093,0.089878,0.086996,0.084366,0.081943,0.079785,0.077677,0.075772,0.07401,0.072368,0.070866,0.069454,0.068146,0.066921,0.065798,0.064745,0.063765,0.062848,0.062014,0.06123,0.060503,0.059835,0.059215,0.058646,0.058124,0.057643,0.057221,0.056829,0.056481,0.056177,0.055901,0.055669,0.055471,0.055314,0.055191,0.055103,0.055051
6.9307e-14,1.5525,1.0172,1.1079,8.249,1.2176,0.78855,0.83452,6.2156,0.57816,0.28347,0.21054,0.17416,0.15072,0.13409,0.12145,0.11135,0.10315,0.096229,0.090332,0.085303,0.080767,0.076841,0.07335,0.070222,0.06742,0.064881,0.062574,0.060468,0.05855,0.056787,0.055166,0.05373,0.052299,0.051023,0.049842,0.048739,0.047733,0.046789,0.045911,0.045095,0.044335,0.043629,0.042972,0.042369,0.041796,0.04127,0.040783,0.040335,0.039919,0.039538,0.039188,0.038857,0.038581,0.038319,0.038086,0.037877,0.037697,0.037541,0.03741,0.037308,0.037221,0.037163,0.037128
7.9707e-14,2.0736,1.1445,1.1118,8.9365,1.3232,0.79426,0.99025,6.5722,0.69741,0.33288,0.24495,0.19991,0.1711,0.15089,0.13567,0.12364,0.11392,0.10582,0.098957,0.093133,0.087929,0.083439,0.079464,0.075915,0.072752,0.069887,0.067293,0.06494,0.062789,0.060821,0.059015,0.057388,0.055828,0.054412,0.053103,0.051885,0.050769,0.049726,0.048756,0.047853,0.047019,0.04624,0.045516,0.044842,0.044221,0.043641,0.043105,0.042609,0.04215,0.04173,0.041343,0.040987,0.040672,0.040382,0.040123,0.039895,0.03969,0.039517,0.039368,0.03925,0.039156,0.039089,0.039048
3.6861e-14,1.4905,1.1371,1.458,8.6435,1.1823,0.63389,0.61203,4.3599,0.43781,0.25354,0.19275,0.16108,0.14077,0.1259,0.11439,0.10513,0.097469,0.091004,0.085468,0.080683,0.076429,0.072715,0.069403,0.066458,0.063767,0.061356,0.059156,0.057164,0.05533,0.053651,0.052108,0.050754,0.049374,0.048159,0.047034,0.045988,0.045024,0.044123,0.043287,0.042518,0.041785,0.041112,0.040488,0.039901,0.039364,0.038863,0.0384,0.037972,0.037575,0.037211,0.036877,0.03657,0.036296,0.036046,0.035823,0.035619,0.035451,0.0353,0.035175,0.035072,0.034992,0.034935,0.0349
1.8267e-14,0.864,0.65222,0.81983,5.545,0.6351,0.38352,0.41656,3.0338,0.30826,0.15642,0.1178,0.097309,0.084243,0.074841,0.067658,0.061935,0.057278,0.053364,0.050033,0.047204,0.044645,0.04244,0.04048,0.03873,0.03716,0.035741,0.034445,0.03328,0.032203,0.03122,0.030318,0.029583,0.028719,0.02801,0.027353,0.02674,0.026181,0.025656,0.025168,0.024717,0.024294,0.023902,0.023538,0.023196,0.022883,0.022591,0.022322,0.022073,0.021841,0.021629,0.021435,0.021251,0.021095,0.02095,0.020819,0.020701,0.020601,0.020512,0.02044,0.020379,0.020331,0.020296,0.020275
1.7281e-13,3.3897,1.3255,1.2226,10.132,1.5094,0.86291,1.0751,7.556,0.83869,0.42173,0.3201,0.26742,0.23368,0.20918,0.19032,0.1751,0.16263,0.15208,0.14303,0.13531,0.12827,0.12218,0.11674,0.11186,0.10748,0.1035,0.099875,0.096584,0.09354,0.090759,0.088192,0.085914,0.083673,0.081646,0.079772,0.078022,0.076426,0.074922,0.073527,0.07223,0.071021,0.069897,0.068849,0.067869,0.066978,0.066139,0.065362,0.064647,0.063982,0.063373,0.062814,0.062295,0.061846,0.061426,0.061052,0.060718,0.060429,0.06018,0.059966,0.059798,0.059664,0.059569,0.059512
8.5048e-14,2.3481,1.3354,1.5572,10.836,1.5831,0.91464,1.1569,8.1028,0.84575,0.40844,0.30328,0.25119,0.2185,0.19489,0.17684,0.16239,0.15057,0.14061,0.1321,0.1248,0.11823,0.11253,0.10745,0.10288,0.098803,0.095094,0.091725,0.088665,0.08584,0.083257,0.08088,0.078694,0.076683,0.074806,0.073072,0.071454,0.069974,0.068582,0.067291,0.066085,0.064975,0.063936,0.062968,0.062065,0.061234,0.06046,0.059743,0.05908,0.058466,0.057904,0.057386,0.056905,0.05649,0.056101,0.055755,0.055453,0.05518,0.054948,0.05475,0.054594,0.054469,0.054381,0.054327
5.8029e-14,1.6661,1.2395,1.3037,8.4221,1.266,0.85105,0.98721,7.8157,0.76347,0.35345,0.25164,0.20163,0.17055,0.14908,0.13309,0.12064,0.11064,0.10239,0.095444,0.089566,0.084375,0.079906,0.075959,0.072443,0.069331,0.066519,0.06397,0.06168,0.059572,0.057654,0.055899,0.054319,0.052801,0.051431,0.050166,0.048989,0.047914,0.046908,0.045973,0.045098,0.044305,0.043558,0.042865,0.042217,0.041621,0.041066,0.040555,0.040082,0.039645,0.039244,0.038876,0.038532,0.038238,0.037963,0.037718,0.037508,0.03731,0.037145,0.037009,0.036898,0.036809,0.036748,0.03671
1.1657e-13,2.2192,0.90696,1.1703,6.7031,1.0722,0.61258,0.76241,5.2653,0.53133,0.2706,0.20497,0.17113,0.1492,0.13335,0.12116,0.11132,0.10331,0.096522,0.090704,0.085739,0.081242,0.077339,0.073859,0.070732,0.067936,0.06539,0.063076,0.06098,0.059035,0.057261,0.055624,0.054225,0.052744,0.051455,0.050262,0.049153,0.048131,0.047175,0.046289,0.045459,0.044695,0.04398,0.043315,0.042685,0.042123,0.04159,0.041096,0.040643,0.04022,0.039833,0.039478,0.039157,0.038861,0.038594,0.038356,0.038148,0.03796,0.037803,0.037668,0.037557,0.037475,0.037415,0.03738
3.9748e-14,1.8155,1.2057,1.4686,11.313,1.8874,1.1615,1.4588,10.63,0.94902,0.48928,0.35472,0.2901,0.24757,0.21842,0.19645,0.17913,0.16508,0.1534,0.1435,0.13506,0.12758,0.1211,0.11536,0.11023,0.10566,0.10152,0.097769,0.094396,0.091259,0.088413,0.085802,0.083468,0.081182,0.079134,0.077239,0.075477,0.07386,0.072348,0.070942,0.069629,0.068427,0.067299,0.066253,0.065259,0.064371,0.063533,0.062756,0.062039,0.061374,0.060764,0.060204,0.05969,0.05923,0.058811,0.058434,0.058108,0.057807,0.057552,0.057341,0.057163,0.057028,0.05693,0.05687
7.1465e-14,1.7061,0.88646,1.0121,7.1772,1.0602,0.62518,0.78961,4.976,0.54802,0.28137,0.20755,0.17021,0.14674,0.13019,0.11766,0.10776,0.099703,0.092954,0.087214,0.082301,0.077917,0.074108,0.07072,0.067692,0.064975,0.062515,0.060281,0.058261,0.05639,0.054684,0.053114,0.051687,0.050347,0.049113,0.047972,0.046912,0.045934,0.04502,0.044173,0.043387,0.042653,0.041971,0.041338,0.040736,0.040201,0.039694,0.039225,0.038792,0.038391,0.038024,0.037686,0.037381,0.0371,0.036848,0.036623,0.036421,0.036248,0.036099,0.035971,0.035866,0.035789,0.035733,0.035699
4.9485e-14,1.6384,0.82592,1.1103,7.3929,1.0097,0.60269,0.61904,4.314,0.45488,0.24497,0.1835,0.15272,0.13295,0.11849,0.10738,0.098467,0.091181,0.085039,0.079798,0.07527,0.071273,0.067783,0.064672,0.061894,0.059389,0.057131,0.05507,0.053204,0.051493,0.049925,0.048483,0.047267,0.045932,0.044798,0.043749,0.042776,0.041875,0.041035,0.040256,0.039534,0.038857,0.03823,0.037648,0.037103,0.036603,0.036137,0.035705,0.035307,0.034938,0.034599,0.034288,0.034008,0.03375,0.033517,0.03331,0.033123,0.032964,0.032825,0.03271,0.032614,0.032541,0.032489,0.032458
1.3295e-13,2.8673,1.2312,1.4583,10.963,1.9534,1.272,1.5643,10.558,1.0502,0.50647,0.36852,0.30159,0.25879,0.22928,0.207,0.1893,0.17498,0.16298,0.15277,0.14406,0.13631,0.12957,0.12359,0.11824,0.11346,0.10912,0.1052,0.10164,0.098349,0.095353,0.092594,0.090094,0.087745,0.085579,0.083578,0.081721,0.080006,0.078405,0.076923,0.075541,0.074261,0.073068,0.071957,0.070903,0.069971,0.069084,0.068261,0.067504,0.066803,0.066159,0.065569,0.065035,0.064543,0.0641,0.063705,0.063357,0.063048,0.062786,0.062561,0.062376,0.062241,0.062141,0.062081
1.4975e-13,3.5111,1.4358,2.0959,14.164,2.4726,1.5473,1.9822,12.269,1.2784,0.62638,0.45196,0.36883,0.31646,0.28004,0.25291,0.23138,0.21386,0.1992,0.18672,0.17606,0.16656,0.15831,0.15098,0.14441,0.13855,0.13325,0.12843,0.12407,0.12004,0.11637,0.11299,0.10995,0.10703,0.10438,0.10193,0.09965,0.097552,0.095592,0.093775,0.092072,0.090513,0.089051,0.087692,0.086407,0.085255,0.084168,0.083162,0.082234,0.081376,0.080588,0.079865,0.079204,0.078608,0.078068,0.077585,0.077166,0.076782,0.076461,0.07619,0.075965,0.075799,0.075678,0.075605
4.8687e-14,2.2111,1.2435,1.4508,11.898,1.7728,1.0626,1.193,9.1727,0.96258,0.4975,0.36862,0.3027,0.26186,0.23236,0.20994,0.19211,0.17767,0.16553,0.15522,0.14638,0.13851,0.13167,0.1256,0.12014,0.11531,0.11091,0.10691,0.10329,0.099955,0.096911,0.094115,0.091674,0.089163,0.086964,0.084931,0.083043,0.081299,0.079674,0.078164,0.076742,0.075457,0.074244,0.073118,0.072055,0.071095,0.070192,0.069358,0.068587,0.067873,0.06722,0.066618,0.066075,0.065576,0.065128,0.064726,0.064384,0.064059,0.06379,0.063566,0.063378,0.063238,0.063136,0.063073
5.9021e-14,1.427,0.68285,0.76123,5.8393,0.8954,0.58654,0.72453,4.5386,0.49936,0.25144,0.18241,0.14839,0.1266,0.11154,0.10021,0.091271,0.084107,0.078127,0.073077,0.068764,0.064976,0.061682,0.058765,0.056156,0.053852,0.051754,0.049853,0.048147,0.046558,0.045119,0.043797,0.042662,0.041471,0.040436,0.039482,0.038597,0.037779,0.037017,0.036311,0.035649,0.035046,0.034478,0.033951,0.033447,0.033009,0.032586,0.032197,0.031838,0.031505,0.0312,0.030919,0.030672,0.030435,0.030225,0.030038,0.029876,0.029727,0.029603,0.029498,0.029409,0.029346,0.029299,0.02927
1.306e-13,2.5471,1.0241,1.0062,7.2632,1.0583,0.74398,0.89427,5.9952,0.63567,0.31842,0.2374,0.19632,0.16998,0.15141,0.1372,0.12583,0.11653,0.10871,0.10204,0.096292,0.091218,0.086764,0.082806,0.079254,0.076083,0.073198,0.070588,0.068216,0.066021,0.064022,0.06218,0.060456,0.058933,0.057484,0.056145,0.054903,0.053752,0.052681,0.051687,0.05076,0.049902,0.049102,0.048356,0.047652,0.047025,0.046429,0.045878,0.045368,0.044898,0.044467,0.044071,0.043715,0.043383,0.043087,0.042823,0.042589,0.042383,0.042208,0.042057,0.041934,0.041844,0.041778,0.041738
1.4042e-13,2.8633,1.3237,1.4375,7.1584,0.91668,0.67231,0.79484,5.0288,0.50841,0.28565,0.22257,0.18829,0.16558,0.14886,0.13583,0.12523,0.11649,0.10906,0.10267,0.097101,0.092192,0.087853,0.083977,0.080503,0.077359,0.074517,0.071921,0.069565,0.067383,0.065389,0.063548,0.061904,0.060299,0.058848,0.057505,0.056259,0.055098,0.054019,0.053019,0.052086,0.051218,0.05041,0.049658,0.048945,0.04831,0.047708,0.047149,0.046635,0.046159,0.045721,0.045319,0.044962,0.044621,0.04432,0.044052,0.043814,0.043604,0.043425,0.043274,0.043146,0.043055,0.042987,0.042947
4.0746e-14,1.3171,0.87165,1.0526,6.937,1.1426,0.71443,0.73136,5.2904,0.52334,0.2746,0.20395,0.16758,0.14401,0.12757,0.11513,0.10527,0.097305,0.090619,0.084937,0.080067,0.075764,0.072016,0.068686,0.065709,0.063049,0.06064,0.058448,0.056468,0.054645,0.052979,0.051451,0.050138,0.048744,0.047542,0.04643,0.045399,0.044446,0.043558,0.042732,0.041965,0.041253,0.04059,0.039975,0.039394,0.03887,0.038376,0.03792,0.0375,0.037109,0.036751,0.036423,0.036127,0.035853,0.035608,0.035389,0.035194,0.035023,0.034876,0.034754,0.034651,0.034575,0.034519,0.034484
4.5705e-14,1.1952,0.58553,0.73066,4.868,0.67014,0.39576,0.41097,2.8773,0.32123,0.16125,0.12154,0.10144,0.088493,0.079024,0.071727,0.065866,0.061054,0.056996,0.053527,0.050537,0.047878,0.045558,0.043488,0.041632,0.039971,0.038464,0.03709,0.035841,0.034697,0.033648,0.032682,0.031824,0.030972,0.030211,0.029506,0.028851,0.028247,0.027683,0.027158,0.026673,0.026218,0.025796,0.025403,0.025036,0.024699,0.024384,0.024092,0.023823,0.023574,0.023345,0.023134,0.022942,0.022768,0.022611,0.022469,0.02234,0.022233,0.022138,0.022058,0.021991,0.02194,0.021903,0.02188
1.682e-14,0.68372,0.47351,0.82401,4.2779,0.49472,0.32075,0.34547,2.1997,0.24242,0.12777,0.09705,0.081025,0.070621,0.063089,0.05727,0.052582,0.048756,0.045517,0.042748,0.040377,0.038247,0.036396,0.034747,0.033269,0.031943,0.030743,0.029648,0.028656,0.027744,0.026909,0.02614,0.025492,0.02478,0.024175,0.023615,0.023094,0.022615,0.022166,0.02175,0.021361,0.021003,0.020668,0.020357,0.020065,0.019798,0.019548,0.019317,0.019105,0.018907,0.018726,0.01856,0.018407,0.018271,0.018147,0.018036,0.01794,0.017851,0.017777,0.017715,0.017664,0.017624,0.017596,0.017579
2.3886e-14,1.2039,1.0175,1.4098,6.7833,1.033,0.60125,0.66392,4.2094,0.44729,0.235,0.17828,0.15035,0.13183,0.11841,0.10794,0.099468,0.092437,0.086492,0.081386,0.076997,0.073039,0.069599,0.066526,0.06378,0.061293,0.059046,0.05699,0.055131,0.053411,0.051837,0.050386,0.049153,0.047815,0.046669,0.045606,0.044617,0.043708,0.042855,0.042064,0.041333,0.040641,0.040003,0.039411,0.038856,0.038346,0.03787,0.03743,0.037025,0.036648,0.036302,0.035986,0.035694,0.035436,0.035199,0.034987,0.034795,0.034635,0.034494,0.034376,0.034279,0.034204,0.034151,0.034119
1.3128e-14,0.65407,0.48359,0.67724,3.3561,0.46039,0.25301,0.29718,1.9637,0.20087,0.10392,0.079001,0.066028,0.057358,0.05121,0.046486,0.042714,0.039601,0.036988,0.034748,0.032838,0.031104,0.029605,0.028269,0.027075,0.025995,0.025022,0.024134,0.023329,0.022587,0.021908,0.021284,0.020749,0.020178,0.019687,0.01923,0.018805,0.018416,0.018051,0.017712,0.017396,0.017103,0.01683,0.016577,0.016339,0.016122,0.015918,0.01573,0.015557,0.015396,0.015248,0.015113,0.014987,0.014878,0.014776,0.014686,0.014607,0.014536,0.014475,0.014424,0.014383,0.014351,0.014328,0.014315
3.946e-14,1.2692,0.77014,0.9046,5.2452,0.68325,0.47168,0.57351,4.2065,0.38262,0.19433,0.14741,0.12215,0.10563,0.093892,0.084962,0.077894,0.072202,0.067379,0.06326,0.05973,0.056571,0.053824,0.051376,0.049186,0.047221,0.045439,0.043809,0.042338,0.040988,0.03975,0.03861,0.03773,0.036595,0.035697,0.034867,0.034093,0.033385,0.03272,0.032103,0.031527,0.030996,0.030498,0.030038,0.029611,0.02921,0.028839,0.028497,0.028183,0.027889,0.027621,0.027374,0.027142,0.026947,0.026763,0.026598,0.026454,0.026323,0.026212,0.026121,0.026048,0.025987,0.025945,0.02592
3.3816e-14,1.3333,0.89633,1.0614,6.5974,0.77591,0.49148,0.57327,3.7126,0.35679,0.19532,0.15045,0.12593,0.10983,0.098118,0.089039,0.081716,0.075727,0.07066,0.066325,0.0626,0.059272,0.056374,0.053794,0.051508,0.049412,0.047536,0.045826,0.044278,0.042857,0.041554,0.040358,0.039325,0.038238,0.037297,0.036426,0.035615,0.03487,0.034174,0.033526,0.032937,0.032367,0.031846,0.031364,0.030915,0.030497,0.03011,0.029753,0.029423,0.029117,0.028837,0.02858,0.028343,0.028134,0.027942,0.027771,0.027611,0.027486,0.027371,0.027276,0.027198,0.027136,0.027093,0.027067
3.1813e-14,0.93929,0.45732,0.54954,3.4622,0.46266,0.28657,0.32266,2.1115,0.2238,0.12078,0.090083,0.074377,0.064044,0.056755,0.051211,0.046819,0.043224,0.040223,0.037674,0.035492,0.033549,0.031867,0.030373,0.029039,0.027846,0.026768,0.025788,0.024903,0.024087,0.023343,0.022659,0.022045,0.021453,0.020917,0.020422,0.019961,0.019539,0.019143,0.018776,0.018435,0.018119,0.017825,0.017552,0.017295,0.017061,0.016842,0.01664,0.016454,0.016281,0.016123,0.015977,0.015843,0.015726,0.015618,0.015521,0.015435,0.01536,0.015295,0.015241,0.015197,0.015163,0.015139,0.015124
1.9362e-14,0.74004,0.52322,0.79625,4.3205,0.57326,0.31756,0.32444,2.333,0.2178,0.11575,0.088842,0.074677,0.065265,0.0585,0.053252,0.049026,0.045519,0.042559,0.040017,0.037838,0.03587,0.034163,0.032639,0.031267,0.030041,0.028925,0.027909,0.026987,0.026132,0.025353,0.024635,0.023996,0.023362,0.022796,0.022271,0.021781,0.021332,0.020911,0.02052,0.020151,0.019818,0.019503,0.01921,0.018934,0.018685,0.01845,0.018233,0.018032,0.017846,0.017675,0.017519,0.017375,0.017247,0.01713,0.017025,0.016937,0.016851,0.016781,0.016722,0.016674,0.016637,0.01661,0.016594
1.1159e-14,0.57873,0.40837,0.64403,3.2608,0.38752,0.22243,0.25447,1.8326,0.19581,0.10075,0.075876,0.063084,0.054693,0.048702,0.044123,0.040462,0.037503,0.035,0.032864,0.031036,0.029396,0.027972,0.026704,0.025572,0.024551,0.023629,0.022788,0.022028,0.021327,0.020685,0.020096,0.019597,0.019051,0.018587,0.018157,0.017756,0.017388,0.017044,0.016725,0.01643,0.016151,0.015894,0.015655,0.015431,0.015225,0.015033,0.014856,0.014693,0.014541,0.014402,0.014275,0.014157,0.014053,0.013958,0.013872,0.013795,0.01373,0.013673,0.013626,0.013587,0.013556,0.013534,0.013521
1.5085e-14,0.6521,0.47223,0.67509,3.5595,0.4862,0.2821,0.2637,2.1135,0.21248,0.11238,0.085726,0.071938,0.062906,0.056314,0.051207,0.047063,0.043693,0.040826,0.038367,0.036251,0.034359,0.032708,0.031236,0.029911,0.028728,0.027652,0.026673,0.025783,0.024965,0.024217,0.023529,0.022935,0.022311,0.021769,0.021266,0.020799,0.020368,0.019965,0.019591,0.019238,0.018919,0.018618,0.018337,0.018074,0.017835,0.01761,0.017402,0.01721,0.017032,0.016868,0.016719,0.016582,0.016458,0.016346,0.016245,0.01616,0.016078,0.016011,0.015954,0.015907,0.015871,0.015845,0.015829
4.4248e-14,0.97283,0.58056,0.68242,3.7189,0.506,0.34475,0.43827,3.013,0.30532,0.16166,0.12085,0.10058,0.087301,0.078013,0.070884,0.065148,0.060479,0.056523,0.053139,0.050213,0.047622,0.045355,0.043329,0.041512,0.039883,0.038405,0.037053,0.035832,0.034702,0.03367,0.032718,0.031945,0.031038,0.030287,0.029593,0.028948,0.028352,0.027795,0.027278,0.026796,0.02635,0.025933,0.025546,0.025181,0.024853,0.024542,0.024254,0.023991,0.023744,0.023519,0.023312,0.023126,0.022955,0.0228,0.022662,0.02254,0.022432,0.022339,0.022263,0.022199,0.022151,0.022117,0.022096
2.7982e-14,1.2566,0.8416,1.1195,6.717,0.87746,0.59282,0.91108,6.029,0.60928,0.28781,0.21209,0.17299,0.1484,0.13123,0.11828,0.10807,0.099801,0.092897,0.087035,0.082041,0.077597,0.073741,0.070319,0.06727,0.064528,0.062054,0.059806,0.057777,0.055902,0.054193,0.052623,0.051233,0.049849,0.048615,0.047475,0.046417,0.045439,0.044528,0.043683,0.042906,0.042167,0.041487,0.040856,0.040257,0.039723,0.039217,0.03875,0.038319,0.037919,0.037553,0.037217,0.036913,0.036633,0.036382,0.036157,0.03595,0.035783,0.035633,0.035507,0.035402,0.035325,0.035268,0.035234
1.8679e-14,0.68231,0.46185,0.66604,3.3766,0.40415,0.23926,0.301,1.9718,0.20282,0.10479,0.07897,0.066078,0.057587,0.051471,0.046742,0.042941,0.039833,0.037216,0.034974,0.03306,0.031323,0.02982,0.028479,0.02729,0.026198,0.025219,0.024327,0.023519,0.022774,0.022092,0.021465,0.0209,0.020353,0.019859,0.019401,0.018974,0.018583,0.018217,0.017876,0.017566,0.017266,0.016992,0.016737,0.016499,0.01628,0.016076,0.015887,0.015713,0.015551,0.015403,0.015268,0.015141,0.015031,0.01493,0.014839,0.014755,0.014689,0.014628,0.014577,0.014536,0.014503,0.014481,0.014467
1.4907e-14,0.60695,0.40812,0.55936,3.8598,0.42164,0.26171,0.29677,1.9537,0.19703,0.10464,0.080045,0.067212,0.05888,0.052731,0.047964,0.044128,0.040981,0.03832,0.036038,0.034076,0.032307,0.030768,0.029395,0.028161,0.027053,0.026049,0.025131,0.0243,0.023533,0.022831,0.022185,0.021614,0.021038,0.020528,0.020056,0.019617,0.019211,0.018832,0.01848,0.018152,0.017848,0.017565,0.017302,0.017054,0.016828,0.016616,0.016421,0.016241,0.016073,0.01592,0.015779,0.015651,0.015534,0.015429,0.015334,0.015251,0.015178,0.015115,0.015062,0.015018,0.014985,0.014961,0.014947
2.4549e-14,1.0472,0.78829,1.1064,6.6393,0.77481,0.44858,0.43241,2.9859,0.30194,0.17368,0.13814,0.11825,0.10493,0.09493,0.086989,0.080504,0.075027,0.070374,0.066348,0.062873,0.059713,0.056959,0.054489,0.052279,0.050262,0.048441,0.046774,0.045262,0.043865,0.042583,0.041403,0.04036,0.039305,0.03837,0.037503,0.036694,0.035951,0.035254,0.034606,0.034008,0.033443,0.032921,0.032436,0.031981,0.031563,0.031173,0.030813,0.03048,0.030171,0.029888,0.029628,0.029388,0.029176,0.028983,0.028809,0.028653,0.028521,0.028404,0.028308,0.028228,0.028166,0.028123,0.028096
4.6924e-14,1.4033,0.86121,1.4113,5.5569,0.76516,0.43158,0.4969,3.5391,0.35929,0.19611,0.15179,0.12715,0.11113,0.099391,0.090288,0.08293,0.07691,0.071811,0.067446,0.063678,0.060343,0.057428,0.054825,0.052487,0.0504,0.048503,0.046771,0.045198,0.043763,0.042443,0.041227,0.040267,0.039082,0.038124,0.037239,0.036416,0.035658,0.034948,0.03429,0.033675,0.033108,0.032578,0.032086,0.031632,0.031203,0.030808,0.030442,0.030108,0.029793,0.029507,0.029244,0.029002,0.028788,0.028591,0.028415,0.02826,0.028121,0.028003,0.027905,0.027825,0.027761,0.027716,0.027688
2.858e-14,0.98564,0.71223,0.84745,4.9267,0.61659,0.39308,0.44662,2.9622,0.30761,0.16238,0.12407,0.10296,0.08924,0.079494,0.072034,0.066034,0.061155,0.057032,0.053512,0.050478,0.047794,0.045454,0.043367,0.041507,0.039827,0.038312,0.03693,0.035678,0.034537,0.033488,0.032522,0.031728,0.030819,0.030058,0.029356,0.028703,0.028102,0.027539,0.027017,0.026534,0.02608,0.02566,0.02527,0.024907,0.024569,0.024256,0.023967,0.023701,0.023452,0.023225,0.023017,0.022826,0.022655,0.022499,0.02236,0.022234,0.022128,0.022034,0.021957,0.021893,0.021843,0.021808,0.021787
2.7317e-14,1.0921,0.78195,1.3926,5.9034,0.7134,0.42709,0.39193,2.5171,0.26694,0.15141,0.11768,0.099805,0.087942,0.079214,0.072383,0.066796,0.062222,0.058299,0.054912,0.052021,0.049364,0.047056,0.044996,0.043148,0.041473,0.039956,0.038574,0.037313,0.036151,0.035087,0.034106,0.03322,0.032364,0.031589,0.03087,0.030197,0.029582,0.029005,0.028468,0.027968,0.027504,0.027071,0.026667,0.026291,0.025945,0.025622,0.025323,0.025046,0.024791,0.024556,0.024341,0.024139,0.023965,0.023804,0.02366,0.023534,0.02342,0.023323,0.023242,0.023176,0.023125,0.023088,0.023066
1.8214e-14,0.68594,0.48531,0.7332,3.7035,0.46658,0.25514,0.34546,2.4072,0.23386,0.11875,0.087275,0.071342,0.061666,0.054724,0.049446,0.045247,0.041843,0.038987,0.036564,0.034492,0.032651,0.031049,0.029626,0.028343,0.027212,0.02618,0.025241,0.024389,0.023607,0.022891,0.022232,0.021637,0.021068,0.02055,0.02007,0.019624,0.019214,0.01883,0.018474,0.018135,0.017836,0.017549,0.017283,0.017034,0.016805,0.016592,0.016394,0.016212,0.016043,0.015889,0.015747,0.015616,0.015499,0.015393,0.015298,0.01522,0.01514,0.015077,0.015023,0.014979,0.014945,0.014921,0.014906
1.9531e-14,0.79564,0.5985,0.95506,4.5506,0.56842,0.3287,0.3735,2.5928,0.25288,0.13539,0.10467,0.088395,0.07761,0.069685,0.063505,0.058476,0.054356,0.050846,0.047825,0.045238,0.042891,0.040854,0.039035,0.037418,0.035931,0.034598,0.033382,0.032277,0.031259,0.030327,0.029468,0.028733,0.027946,0.027268,0.026639,0.026053,0.025516,0.025012,0.024544,0.024115,0.023703,0.023326,0.022976,0.022648,0.022347,0.022066,0.021806,0.021566,0.021343,0.021138,0.020952,0.020777,0.020626,0.020486,0.020361,0.020246,0.020153,0.020069,0.019999,0.019942,0.019897,0.019865,0.019846
5.9791e-14,2.2796,1.365,2.4643,9.6164,1.1956,0.64694,0.71922,4.7963,0.46116,0.25876,0.20064,0.16889,0.14784,0.13246,0.1205,0.11081,0.10285,0.0961,0.090308,0.085339,0.080876,0.076986,0.073519,0.070407,0.067613,0.065082,0.062778,0.06068,0.058755,0.056991,0.055366,0.053937,0.052491,0.051212,0.050027,0.048924,0.047909,0.046959,0.04608,0.045267,0.044496,0.043786,0.043126,0.04251,0.041942,0.041414,0.040924,0.040472,0.040054,0.03967,0.039319,0.038992,0.038705,0.038442,0.038207,0.03799,0.037815,0.037658,0.037525,0.037418,0.037334,0.037274,0.037238
5.9111e-14,2.236,1.4621,2.3754,9.7218,1.301,0.70698,0.69241,3.74,0.45924,0.26444,0.20941,0.17842,0.15764,0.1422,0.13004,0.12011,0.11181,0.10475,0.09865,0.093375,0.088624,0.084478,0.080763,0.077412,0.074407,0.071676,0.069178,0.066914,0.064821,0.062904,0.061137,0.059582,0.058006,0.056611,0.055316,0.054114,0.053004,0.051965,0.051001,0.050097,0.049267,0.04849,0.047768,0.047088,0.04647,0.045891,0.045354,0.04486,0.0444,0.043979,0.043594,0.043242,0.042923,0.042634,0.042376,0.042151,0.041947,0.041774,0.04163,0.041511,0.041421,0.041356,0.041317
1.5095e-14,0.54702,0.37838,0.54047,2.9936,0.36449,0.22218,0.27222,1.9452,0.18492,0.08981,0.067524,0.055955,0.048773,0.043531,0.03951,0.036277,0.033638,0.031408,0.0295,0.027862,0.026395,0.025119,0.023981,0.022958,0.022047,0.021218,0.020461,0.019778,0.019147,0.01857,0.018039,0.017581,0.017101,0.016682,0.016295,0.015935,0.015603,0.015293,0.015006,0.014735,0.014489,0.014258,0.014043,0.013841,0.013657,0.013484,0.013325,0.013178,0.013041,0.012916,0.012801,0.012696,0.012602,0.012516,0.012439,0.012374,0.012312,0.012261,0.012218,0.012182,0.012155,0.012136,0.012124
2.0848e-14,0.8858,0.65117,1.1736,4.9308,0.54915,0.30572,0.33638,2.1521,0.22325,0.12539,0.096721,0.081697,0.071771,0.064433,0.058716,0.054072,0.050264,0.04702,0.044233,0.041834,0.039674,0.037788,0.036106,0.034599,0.033233,0.032001,0.030877,0.029854,0.028914,0.028051,0.027257,0.026557,0.025848,0.025221,0.02464,0.0241,0.0236,0.023135,0.022702,0.022298,0.021924,0.021575,0.02125,0.020946,0.020666,0.020406,0.020165,0.019943,0.019736,0.019547,0.019373,0.019214,0.01907,0.01894,0.018823,0.018722,0.018629,0.018551,0.018486,0.018432,0.01839,0.018361,0.018343
1.8988e-14,0.77116,0.54161,0.7172,4.1805,0.50999,0.2893,0.38109,2.8098,0.274,0.13387,0.097894,0.079977,0.068902,0.060995,0.054975,0.050159,0.046323,0.043081,0.040327,0.037976,0.035885,0.034076,0.03247,0.031041,0.029756,0.0286,0.027548,0.026598,0.025724,0.024927,0.024195,0.023572,0.022902,0.022329,0.021798,0.021305,0.020853,0.02043,0.020036,0.019675,0.019333,0.019018,0.018726,0.01845,0.018202,0.017967,0.017751,0.017552,0.017366,0.017197,0.017041,0.016899,0.016772,0.016655,0.016552,0.016456,0.016379,0.016309,0.016251,0.016203,0.016167,0.01614,0.016124
1.423e-14,0.61959,0.46764,0.71142,4.9174,0.40906,0.2329,0.24761,1.6838,0.18909,0.10719,0.084025,0.071306,0.062988,0.056737,0.051828,0.047825,0.044508,0.041682,0.039245,0.037149,0.035244,0.033589,0.032106,0.030782,0.029574,0.028485,0.027488,0.026583,0.025751,0.024986,0.024282,0.023686,0.023033,0.022477,0.021961,0.02148,0.021038,0.020623,0.020238,0.019885,0.019547,0.019236,0.018948,0.018679,0.018429,0.018197,0.017982,0.017785,0.017601,0.017432,0.017277,0.017133,0.017007,0.016891,0.016787,0.016691,0.016614,0.016543,0.016485,0.016437,0.016399,0.016372,0.016356
1.5012e-14,0.67369,0.51794,0.70529,3.8373,0.47131,0.29181,0.26192,1.9255,0.18944,0.10804,0.084376,0.071407,0.062781,0.056475,0.051584,0.047634,0.044288,0.041471,0.039045,0.036943,0.035062,0.033413,0.03194,0.03062,0.029423,0.02834,0.027354,0.026456,0.025628,0.024869,0.024171,0.023535,0.022933,0.02238,0.021868,0.021392,0.020953,0.020542,0.02016,0.019805,0.019475,0.019167,0.018881,0.018611,0.018368,0.018138,0.017926,0.017729,0.017548,0.017381,0.017228,0.017089,0.016963,0.016848,0.016746,0.016656,0.016576,0.016507,0.016449,0.016402,0.016366,0.01634,0.016325
1.5616e-14,0.88761,0.71652,0.99084,5.6924,0.59181,0.35351,0.38679,2.5332,0.25131,0.14371,0.11084,0.09375,0.082114,0.073761,0.067249,0.062009,0.057604,0.053901,0.050712,0.047981,0.045502,0.043349,0.041425,0.039708,0.038143,0.036734,0.035446,0.034277,0.0332,0.032214,0.031305,0.030538,0.029696,0.02898,0.028315,0.027696,0.027127,0.026594,0.026099,0.025645,0.025211,0.024812,0.024441,0.024095,0.023777,0.023479,0.023204,0.022951,0.022715,0.022498,0.022301,0.022118,0.021957,0.021808,0.021676,0.021554,0.021455,0.021366,0.021292,0.021232,0.021184,0.02115,0.021131
4.4536e-14,1.6966,1.256,2.0708,8.8913,1.2167,0.70778,0.70511,5.0061,0.48297,0.24177,0.18408,0.15356,0.13377,0.11962,0.10879,0.10009,0.092907,0.086841,0.081634,0.077184,0.073129,0.069625,0.066499,0.063672,0.06117,0.058884,0.056799,0.054916,0.053165,0.05157,0.050101,0.048827,0.047501,0.046343,0.045269,0.044269,0.043353,0.042494,0.041693,0.040933,0.04026,0.039617,0.03902,0.038455,0.037947,0.037468,0.037024,0.036616,0.036236,0.035888,0.03557,0.035275,0.035015,0.034777,0.034563,0.034389,0.034209,0.034065,0.033947,0.033849,0.033774,0.03372,0.033688
2.8357e-14,1.0205,0.69471,0.97096,5.794,0.63332,0.42467,0.49237,3.6345,0.35028,0.16578,0.12291,0.10118,0.087985,0.078443,0.07114,0.065296,0.060515,0.056485,0.053036,0.050112,0.04744,0.045138,0.043087,0.041262,0.0396,0.038105,0.036742,0.035512,0.034371,0.033331,0.032374,0.031556,0.030681,0.029927,0.029229,0.028578,0.027982,0.027424,0.026904,0.026428,0.025972,0.025554,0.025165,0.024797,0.024469,0.024157,0.023868,0.023602,0.023355,0.023128,0.02292,0.022728,0.022558,0.022402,0.022263,0.022133,0.02203,0.021936,0.021857,0.021792,0.021743,0.021707,0.021686
1.9641e-14,0.82682,0.54118,0.7993,4.1639,0.5975,0.33213,0.36578,2.5917,0.24517,0.1338,0.10481,0.088967,0.078586,0.07086,0.064828,0.059904,0.055809,0.052316,0.049304,0.046695,0.044342,0.042284,0.040442,0.038776,0.037289,0.035931,0.034691,0.033566,0.032521,0.031567,0.030687,0.029894,0.029126,0.028429,0.027783,0.027182,0.026627,0.026108,0.025626,0.02517,0.02476,0.024371,0.024009,0.023665,0.023359,0.023068,0.022799,0.02255,0.02232,0.022108,0.021914,0.021737,0.021576,0.021431,0.0213,0.021191,0.021083,0.020995,0.020922,0.02086,0.020814,0.02078,0.020759
1.8547e-14,0.82939,0.60497,0.86783,4.7856,0.54309,0.32682,0.3291,2.773,0.25408,0.13917,0.10769,0.091035,0.080038,0.071933,0.065605,0.06039,0.056244,0.052657,0.049571,0.046914,0.044519,0.042431,0.040563,0.038898,0.037377,0.036005,0.034751,0.033618,0.032568,0.031608,0.030724,0.029981,0.029154,0.028455,0.027807,0.027204,0.026648,0.026128,0.025644,0.025202,0.024777,0.024387,0.024026,0.023684,0.023376,0.023085,0.022816,0.022569,0.022338,0.022127,0.021933,0.021757,0.021597,0.021452,0.021323,0.021204,0.021108,0.021021,0.020949,0.020889,0.020844,0.020811,0.020792
1.9959e-14,0.94852,0.62644,1.053,6.5846,0.60744,0.3519,0.40489,2.7198,0.27771,0.15645,0.1237,0.10552,0.093589,0.084533,0.077352,0.071461,0.066577,0.062394,0.05878,0.055661,0.052833,0.050371,0.048162,0.046188,0.044389,0.042762,0.041274,0.039919,0.038681,0.037538,0.036487,0.035596,0.034621,0.033788,0.033017,0.032297,0.031638,0.031017,0.030441,0.029913,0.029408,0.028944,0.028513,0.028114,0.027737,0.02739,0.02707,0.026775,0.0265,0.026248,0.026018,0.025801,0.025616,0.025443,0.025288,0.025146,0.025031,0.024928,0.024842,0.024772,0.024716,0.024678,0.024654
1.7256e-14,0.73418,0.59273,0.85531,4.0497,0.53519,0.29341,0.3304,2.0819,0.19644,0.10673,0.082522,0.069435,0.060976,0.05472,0.049855,0.046067,0.042669,0.039911,0.037542,0.035497,0.033664,0.032063,0.030633,0.029358,0.028194,0.027147,0.026194,0.025325,0.024526,0.023794,0.02312,0.022518,0.021927,0.021395,0.020902,0.020444,0.020021,0.019626,0.019258,0.01892,0.0186,0.018304,0.018029,0.01777,0.017537,0.017316,0.017112,0.016923,0.016749,0.016589,0.016442,0.016309,0.016187,0.016077,0.015979,0.015889,0.015815,0.015749,0.015694,0.015648,0.015614,0.015589,0.015574
3.0695e-14,1.3764,0.97976,1.684,13.691,0.89963,0.50504,0.49695,3.8069,0.37283,0.21419,0.17083,0.14682,0.13038,0.11804,0.1082,0.099902,0.093361,0.087583,0.082574,0.078282,0.074326,0.070903,0.067827,0.065063,0.062567,0.060296,0.058215,0.056323,0.054589,0.05299,0.051518,0.050287,0.048903,0.047737,0.046655,0.045643,0.044721,0.04385,0.043043,0.042295,0.041593,0.04094,0.040336,0.039776,0.039247,0.03876,0.03831,0.037896,0.037509,0.037156,0.036832,0.036523,0.036268,0.036025,0.035808,0.035613,0.035447,0.035302,0.035183,0.035086,0.035006,0.034952,0.034919
5.2304e-14,1.7733,1.1053,1.7244,8.3043,1.0044,0.55995,0.76457,5.3037,0.52238,0.26104,0.19198,0.15717,0.13534,0.11998,0.10831,0.099046,0.091517,0.08522,0.079853,0.07526,0.0712,0.067666,0.064521,0.061754,0.059198,0.056925,0.054852,0.052983,0.05126,0.049686,0.048239,0.047024,0.045687,0.044552,0.0435,0.042526,0.041626,0.040785,0.040006,0.039306,0.038609,0.037982,0.037402,0.036854,0.036357,0.035891,0.035459,0.035063,0.034693,0.034354,0.034045,0.033763,0.033505,0.033273,0.033066,0.032864,0.032721,0.032581,0.032466,0.032369,0.032296,0.032244,0.032213
2.7438e-14,1.0603,0.86317,1.425,7.5116,0.77027,0.43138,0.46958,3.3583,0.32745,0.18481,0.14626,0.12483,0.11049,0.099744,0.091268,0.084313,0.078596,0.073692,0.069455,0.065819,0.062496,0.059612,0.057025,0.054719,0.052606,0.0507,0.048953,0.047378,0.045913,0.044573,0.043338,0.042299,0.041147,0.040168,0.039261,0.038414,0.037638,0.036908,0.036231,0.035614,0.035016,0.034469,0.033962,0.033483,0.033048,0.03264,0.032262,0.031915,0.031591,0.031294,0.031023,0.030769,0.030549,0.030346,0.030165,0.029994,0.029862,0.029741,0.02964,0.029556,0.029492,0.029446,0.029419
2.4824e-14,1.0718,0.81037,1.3006,7.2034,0.7069,0.43349,0.45599,3.2927,0.28638,0.15886,0.12546,0.10728,0.094892,0.085664,0.078375,0.072353,0.067443,0.063205,0.059538,0.056381,0.053513,0.051015,0.048776,0.046784,0.044948,0.043299,0.041789,0.040428,0.039158,0.037999,0.036931,0.036017,0.035039,0.034194,0.033411,0.032681,0.032011,0.031381,0.030797,0.030267,0.029748,0.029276,0.028839,0.028422,0.028051,0.027699,0.027373,0.027073,0.026794,0.026538,0.026303,0.026086,0.025895,0.025719,0.025561,0.025412,0.025299,0.025194,0.025106,0.025033,0.024978,0.024938,0.024915
2.9126e-14,1.4173,0.95683,1.1482,7.632,0.70711,0.50586,0.58545,3.8722,0.39536,0.20798,0.16024,0.13398,0.1172,0.10482,0.095243,0.087571,0.081243,0.075922,0.071366,0.067446,0.063941,0.060878,0.058148,0.055718,0.0535,0.051505,0.049687,0.048033,0.046518,0.045127,0.043847,0.042731,0.041577,0.040567,0.039632,0.038763,0.037958,0.037209,0.036513,0.035872,0.035264,0.034703,0.034183,0.033694,0.033248,0.03283,0.032443,0.032086,0.031755,0.031452,0.031174,0.030922,0.03069,0.030483,0.030297,0.03013,0.029988,0.029865,0.029761,0.029674,0.029609,0.029562,0.029534
2.5608e-14,0.99142,0.7973,1.4959,7.2299,0.68641,0.38595,0.4013,3.1887,0.29165,0.16681,0.13085,0.11135,0.098245,0.08857,0.080947,0.07454,0.06957,0.065178,0.06138,0.05812,0.055164,0.052592,0.050285,0.048233,0.04635,0.044655,0.043099,0.041694,0.040398,0.039208,0.038112,0.037278,0.036167,0.035301,0.034497,0.033748,0.03306,0.032414,0.031814,0.031268,0.030738,0.030254,0.029806,0.029386,0.028999,0.028637,0.028304,0.027998,0.02771,0.027448,0.027208,0.026986,0.026791,0.026611,0.02645,0.0263,0.026182,0.026075,0.025986,0.025913,0.025855,0.025815,0.025791
3.8216e-14,1.244,0.92304,1.6045,7.4038,0.78825,0.4865,0.51843,3.7271,0.34079,0.18987,0.14474,0.12169,0.10667,0.095621,0.08702,0.080055,0.074353,0.069512,0.065346,0.061765,0.058568,0.055772,0.053275,0.051066,0.049022,0.047197,0.04553,0.044021,0.04263,0.041355,0.040182,0.039194,0.038107,0.037181,0.036323,0.035527,0.034791,0.034103,0.033466,0.032896,0.032321,0.031807,0.03133,0.030884,0.030471,0.030089,0.029734,0.029408,0.029104,0.028825,0.028572,0.028336,0.028126,0.027935,0.027765,0.027595,0.027481,0.027367,0.027272,0.027193,0.027132,0.027089,0.027063
3.7264e-14,1.6055,1.3042,2.2583,10.443,1.0337,0.63657,0.59185,4.0188,0.44225,0.23998,0.18972,0.16158,0.14234,0.12807,0.11682,0.1076,0.10007,0.093623,0.088061,0.083261,0.078956,0.075198,0.071839,0.06882,0.066108,0.063649,0.061398,0.05936,0.057484,0.055763,0.054179,0.052871,0.05137,0.05012,0.04896,0.047881,0.046888,0.045958,0.045094,0.04429,0.043542,0.042846,0.0422,0.041596,0.041035,0.040516,0.040035,0.039593,0.039179,0.0388,0.038455,0.038132,0.037849,0.037589,0.037356,0.037149,0.036968,0.03681,0.036681,0.036573,0.036488,0.036428,0.036392
3.1793e-14,1.3703,1.0213,1.1909,7.4098,0.89231,0.52192,0.62855,4.6496,0.40522,0.22256,0.17218,0.14569,0.12826,0.11546,0.10545,0.097404,0.090581,0.084851,0.079922,0.075683,0.071825,0.068475,0.065478,0.062781,0.060354,0.05815,0.056139,0.054308,0.05262,0.051074,0.049648,0.04832,0.04712,0.045992,0.044947,0.043971,0.043077,0.042237,0.041457,0.040727,0.040055,0.039426,0.038841,0.038294,0.037793,0.037323,0.036887,0.036485,0.036114,0.035773,0.035459,0.035171,0.034917,0.034682,0.034473,0.034291,0.034125,0.033985,0.033867,0.033772,0.033698,0.033645,0.033614
2.5411e-14,1.1573,0.96451,1.9063,9.579,0.79375,0.46126,0.4414,3.8476,0.31254,0.19522,0.15653,0.13486,0.11978,0.10848,0.099489,0.092109,0.085925,0.08064,0.076052,0.07212,0.068494,0.065352,0.062529,0.060002,0.057701,0.055617,0.053701,0.051974,0.05037,0.0489,0.047545,0.046515,0.045139,0.044066,0.04307,0.042138,0.041287,0.040486,0.039741,0.039058,0.038406,0.037805,0.037248,0.036723,0.036243,0.035794,0.035379,0.034998,0.03464,0.034314,0.034015,0.033732,0.033494,0.03327,0.03307,0.032887,0.032736,0.032601,0.032491,0.032399,0.032327,0.032276,0.032246
2.9966e-14,1.5094,1.1437,1.9835,14.915,1.0542,0.59069,0.54535,4.6876,0.38002,0.22335,0.1801,0.15581,0.13896,0.12618,0.11592,0.10734,0.10034,0.094246,0.08894,0.084392,0.080187,0.076541,0.073263,0.070313,0.067646,0.06522,0.062992,0.06097,0.059108,0.057393,0.055813,0.05452,0.053003,0.051751,0.050587,0.049496,0.048504,0.047567,0.046696,0.045891,0.045134,0.04443,0.043779,0.043175,0.042603,0.042078,0.041592,0.041145,0.040728,0.040345,0.039997,0.03966,0.039386,0.039125,0.03889,0.038679,0.0385,0.038343,0.038214,0.03811,0.038022,0.037963,0.037928
4.3673e-14,1.6224,1.0171,1.425,8.9517,0.88249,0.51854,0.55882,3.9163,0.38032,0.22307,0.17425,0.1479,0.13029,0.1173,0.10714,0.098848,0.092049,0.086235,0.081228,0.076925,0.073002,0.069602,0.066554,0.06383,0.061348,0.059106,0.057053,0.055191,0.053477,0.051903,0.050451,0.049229,0.047881,0.046733,0.04567,0.044675,0.043767,0.042911,0.042119,0.041391,0.040693,0.040052,0.039458,0.038906,0.038389,0.03791,0.037468,0.037061,0.036682,0.036335,0.036016,0.035714,0.035462,0.035223,0.03501,0.034812,0.034655,0.034513,0.034395,0.034299,0.034221,0.034168,0.034135
3.051e-14,1.3109,0.97683,1.3788,8.9726,0.88582,0.52652,0.51902,4.0905,0.33351,0.17758,0.14008,0.11999,0.10625,0.096146,0.088131,0.081527,0.076063,0.071369,0.067303,0.063809,0.0606,0.057814,0.055313,0.053054,0.05103,0.049182,0.047489,0.045955,0.044535,0.043233,0.042033,0.041012,0.039904,0.038954,0.038072,0.037249,0.036496,0.035786,0.035129,0.034506,0.033946,0.033414,0.032921,0.032459,0.032034,0.031637,0.03127,0.030933,0.030618,0.03033,0.030067,0.029819,0.029606,0.029408,0.029231,0.029084,0.028937,0.028819,0.028721,0.02864,0.028577,0.028532,0.028506
1.704e-14,0.87312,0.64425,1.0508,10.096,0.55797,0.33654,0.32537,2.9842,0.25023,0.14569,0.11636,0.099949,0.088622,0.080168,0.073453,0.067937,0.063364,0.059444,0.056047,0.053131,0.050463,0.04814,0.046058,0.044195,0.042494,0.040957,0.039549,0.038276,0.037092,0.036009,0.035012,0.03417,0.03324,0.03245,0.031717,0.031031,0.030404,0.029815,0.029267,0.028764,0.028284,0.027841,0.027431,0.027044,0.026692,0.026362,0.026057,0.025776,0.025514,0.025274,0.025055,0.024847,0.024671,0.024507,0.02436,0.024225,0.024115,0.024017,0.023935,0.023868,0.023816,0.023779,0.023756
1.7933e-14,0.89398,0.65196,1.0368,8.7805,0.54615,0.34184,0.32863,2.8449,0.20984,0.12606,0.1006,0.086367,0.076682,0.069392,0.063604,0.058883,0.054893,0.051504,0.048568,0.046051,0.043732,0.04172,0.039916,0.0383,0.036827,0.035496,0.034275,0.033169,0.032145,0.031207,0.030341,0.029628,0.028805,0.02812,0.027484,0.026888,0.026345,0.025834,0.025359,0.024923,0.024506,0.024122,0.023766,0.023434,0.023125,0.022838,0.022573,0.02233,0.022102,0.021894,0.021703,0.02152,0.02137,0.021227,0.0211,0.020982,0.020887,0.020801,0.02073,0.020673,0.020626,0.020594,0.020575
1.7117e-14,0.87575,0.64881,0.99616,10.041,0.6361,0.35858,0.38516,2.8886,0.25168,0.13495,0.1061,0.090324,0.08003,0.072371,0.066313,0.061377,0.057228,0.053697,0.050636,0.048029,0.045599,0.043507,0.041628,0.03994,0.038414,0.037026,0.035754,0.034597,0.033536,0.032558,0.031658,0.030913,0.030058,0.029345,0.028682,0.028059,0.027497,0.026965,0.026469,0.026009,0.025581,0.025181,0.024811,0.024471,0.024143,0.023845,0.023569,0.023315,0.023078,0.022862,0.022663,0.022468,0.022317,0.022168,0.022035,0.021918,0.021814,0.021724,0.021651,0.021594,0.021543,0.021509,0.021489
2.2127e-14,1.072,0.90057,1.401,10.197,0.71676,0.45171,0.47091,3.1497,0.32085,0.17414,0.13764,0.11715,0.10362,0.093482,0.085492,0.079114,0.073563,0.068947,0.064958,0.061548,0.058412,0.055698,0.053265,0.051091,0.049105,0.047312,0.04567,0.044178,0.042808,0.041548,0.040387,0.039422,0.038326,0.037407,0.036555,0.035756,0.03503,0.034346,0.033708,0.033123,0.032565,0.032051,0.031575,0.031135,0.030717,0.030333,0.029979,0.029652,0.029347,0.029068,0.028813,0.028566,0.028367,0.028175,0.028004,0.027847,0.027718,0.027603,0.027507,0.027432,0.027368,0.027324,0.027298
2.5551e-14,1.0816,1.1713,2.0889,8.6307,0.87276,0.47617,0.44077,2.7402,0.31637,0.18946,0.1547,0.1338,0.11913,0.10795,0.099012,0.09164,0.085508,0.080239,0.075661,0.071707,0.068138,0.065007,0.062198,0.059672,0.057386,0.05531,0.053404,0.051681,0.050088,0.048626,0.04728,0.046229,0.044887,0.043819,0.042828,0.041907,0.041057,0.040262,0.039522,0.038825,0.038194,0.037597,0.037044,0.036525,0.036047,0.035602,0.035191,0.034812,0.034457,0.034134,0.033839,0.033565,0.033322,0.033101,0.032902,0.032736,0.032572,0.032439,0.03233,0.032239,0.032169,0.032119,0.032088
2.6508e-14,1.2685,1.0951,1.587,8.5018,0.94392,0.4712,0.48748,3.6307,0.3376,0.18655,0.14347,0.12083,0.10561,0.094697,0.086214,0.079286,0.073678,0.068872,0.064736,0.061185,0.057979,0.055198,0.052713,0.050493,0.048475,0.046662,0.045003,0.043502,0.042117,0.04085,0.039683,0.038659,0.037616,0.036697,0.035844,0.035051,0.034323,0.033639,0.033004,0.032425,0.031865,0.031354,0.03088,0.030434,0.030027,0.029646,0.029293,0.028968,0.028666,0.028388,0.028135,0.0279,0.027693,0.027502,0.027332,0.027172,0.027049,0.026933,0.026838,0.02676,0.026699,0.026656,0.02663
4.5873e-14,1.7908,1.3345,2.3412,12.711,1.0697,0.63631,0.60253,4.6531,0.40565,0.24996,0.19966,0.17129,0.15195,0.13739,0.12585,0.11633,0.10851,0.10177,0.095929,0.090923,0.086336,0.082354,0.078779,0.075596,0.072669,0.070032,0.067615,0.065423,0.063406,0.061551,0.059841,0.0584,0.056806,0.055453,0.054197,0.053023,0.051951,0.050939,0.050003,0.049148,0.048319,0.04756,0.046858,0.046206,0.045593,0.045026,0.044503,0.044022,0.043572,0.04316,0.042784,0.042425,0.042126,0.041843,0.04159,0.041351,0.041167,0.040997,0.040857,0.040742,0.040648,0.040583,0.040543
2.3764e-14,1.1398,0.81828,1.3299,8.4746,0.67927,0.40996,0.39947,3.4484,0.27165,0.15104,0.11926,0.10183,0.090294,0.08168,0.074868,0.069253,0.064604,0.060608,0.057141,0.054171,0.051437,0.049066,0.046936,0.045031,0.043293,0.041721,0.040281,0.038973,0.037768,0.03666,0.035639,0.034763,0.033828,0.03302,0.03227,0.031568,0.030928,0.030325,0.029765,0.02925,0.028759,0.028306,0.027886,0.027496,0.02713,0.026792,0.02648,0.026192,0.025924,0.025678,0.025453,0.025238,0.02506,0.024891,0.02474,0.024601,0.024488,0.024387,0.024302,0.024234,0.024178,0.02414,0.024116
1.5313e-14,0.76039,0.54177,0.80319,4.7549,0.46644,0.29163,0.30039,2.3868,0.20721,0.11552,0.088134,0.073817,0.06445,0.057661,0.052406,0.0482,0.044685,0.04174,0.039218,0.037054,0.035108,0.033418,0.03191,0.030562,0.029342,0.028242,0.02724,0.026329,0.025493,0.024726,0.024021,0.023379,0.022773,0.022216,0.021702,0.021221,0.020782,0.020369,0.019986,0.01963,0.019299,0.01899,0.018704,0.018439,0.01819,0.01796,0.017747,0.017551,0.017369,0.017202,0.017049,0.016906,0.016784,0.016669,0.016567,0.016476,0.016396,0.016328,0.01627,0.016224,0.016187,0.016161,0.016145
1.8195e-14,0.73261,0.59306,1.1287,6.4356,0.4878,0.30595,0.30869,1.9998,0.21357,0.12054,0.093509,0.079465,0.070055,0.063153,0.05771,0.053239,0.049573,0.046426,0.04371,0.041369,0.039254,0.037409,0.035758,0.034291,0.032936,0.031722,0.030612,0.029606,0.028676,0.027825,0.027041,0.026409,0.025652,0.025031,0.024456,0.023921,0.023429,0.022967,0.02254,0.022151,0.021769,0.021423,0.021103,0.020801,0.020526,0.020268,0.020029,0.01981,0.019605,0.019417,0.019246,0.019088,0.018947,0.018818,0.018703,0.018592,0.018511,0.018434,0.01837,0.018317,0.018276,0.018247,0.01823
2.1747e-14,0.89064,0.77422,1.4782,5.6507,0.59737,0.36849,0.36095,2.1294,0.23911,0.13447,0.10589,0.090686,0.080171,0.072415,0.066294,0.061253,0.057124,0.053562,0.050473,0.047802,0.045394,0.043284,0.041393,0.039714,0.038154,0.03676,0.035482,0.034324,0.033255,0.032274,0.03137,0.030624,0.029768,0.029052,0.028388,0.02777,0.027201,0.026668,0.026174,0.025724,0.025284,0.024885,0.024514,0.024167,0.023847,0.023549,0.023273,0.023019,0.022782,0.022565,0.022368,0.022184,0.022022,0.021873,0.02174,0.021616,0.021519,0.021429,0.021355,0.021294,0.021247,0.021213,0.021193
3.1656e-14,1.2367,1.356,2.5714,7.4661,0.92841,0.56749,0.49284,2.9437,0.32663,0.20594,0.16921,0.14709,0.13126,0.11913,0.10936,0.10129,0.094482,0.088655,0.08358,0.079187,0.075232,0.071757,0.06864,0.065882,0.063299,0.060997,0.05889,0.056974,0.05521,0.05359,0.052097,0.050824,0.049446,0.048263,0.047165,0.046145,0.045204,0.044323,0.043504,0.042762,0.042034,0.041373,0.04076,0.040189,0.039657,0.039165,0.038708,0.038287,0.037896,0.037537,0.037211,0.036906,0.036638,0.036392,0.036171,0.035965,0.035805,0.035657,0.035535,0.035435,0.035355,0.035299,0.035266
3.0865e-14,1.2254,1.3406,2.5007,7.2809,0.90181,0.55923,0.53654,3.1921,0.33581,0.20866,0.16738,0.14367,0.12736,0.11506,0.10528,0.09722,0.09059,0.084885,0.07994,0.075666,0.071839,0.068476,0.065467,0.062811,0.060318,0.058105,0.056081,0.054244,0.05255,0.050997,0.049565,0.048353,0.047027,0.045896,0.044846,0.043871,0.042971,0.04213,0.041348,0.040647,0.039943,0.039313,0.038728,0.038181,0.037675,0.037207,0.036772,0.036371,0.035998,0.035656,0.035346,0.035056,0.034801,0.034567,0.034358,0.034154,0.03401,0.03387,0.033754,0.033658,0.033584,0.033531,0.033499
4.0335e-14,1.4495,1.0023,1.4727,7.1464,0.88094,0.473,0.4664,3.5445,0.3132,0.18263,0.14222,0.11998,0.10557,0.094784,0.086342,0.079531,0.073829,0.069027,0.064893,0.061324,0.058146,0.055363,0.052875,0.050659,0.048635,0.046819,0.045158,0.043649,0.042267,0.040997,0.039827,0.03878,0.037756,0.036836,0.035981,0.035187,0.034455,0.033769,0.033134,0.032549,0.031993,0.031481,0.031006,0.030563,0.03015,0.029768,0.029415,0.029089,0.028787,0.028509,0.028255,0.028019,0.027811,0.02762,0.027449,0.027294,0.027164,0.027049,0.026954,0.026874,0.026812,0.026768,0.026741
1.9504e-14,0.81867,0.70439,1.1189,4.4987,0.55831,0.30998,0.31054,2.3916,0.22099,0.12514,0.097491,0.082536,0.072537,0.065183,0.059423,0.054756,0.050867,0.047575,0.044741,0.0423,0.040103,0.038191,0.03648,0.034962,0.033565,0.032315,0.03117,0.030135,0.029181,0.028306,0.027501,0.026796,0.026075,0.02544,0.02485,0.024302,0.023799,0.023327,0.022888,0.022494,0.022102,0.02175,0.021422,0.021116,0.020833,0.02057,0.020326,0.020102,0.019893,0.019702,0.019527,0.019363,0.019222,0.019091,0.018974,0.018859,0.018778,0.018699,0.018633,0.01858,0.018537,0.018507,0.018489
2.0026e-14,0.83618,0.73267,1.358,4.9247,0.54538,0.34399,0.31227,2.4724,0.21404,0.1224,0.094995,0.080063,0.07016,0.06298,0.057404,0.05288,0.049159,0.04599,0.043264,0.040919,0.0388,0.036959,0.035312,0.033839,0.0325,0.031295,0.030189,0.02919,0.028269,0.027424,0.026647,0.026013,0.025267,0.024652,0.024083,0.023552,0.023066,0.022609,0.022184,0.021793,0.021424,0.021082,0.020766,0.02047,0.020195,0.01994,0.019705,0.019488,0.019285,0.0191,0.018931,0.018773,0.018636,0.018509,0.018396,0.018294,0.018207,0.01813,0.018068,0.018016,0.017975,0.017946,0.017929
1.8414e-14,0.76158,0.68739,1.3133,7.589,0.55513,0.32886,0.34542,2.2517,0.23803,0.12973,0.099945,0.084106,0.073666,0.066002,0.06002,0.055154,0.051215,0.047851,0.044959,0.042485,0.04026,0.038325,0.036597,0.035061,0.03366,0.032398,0.031245,0.030199,0.029244,0.028364,0.027556,0.026904,0.026123,0.025485,0.024894,0.024344,0.023839,0.023366,0.022926,0.022526,0.022139,0.021785,0.021457,0.021154,0.020866,0.020602,0.020359,0.020134,0.019925,0.019733,0.019559,0.019393,0.019253,0.019121,0.019004,0.018893,0.018808,0.018729,0.018664,0.018611,0.018568,0.018538,0.01852
1.8238e-14,0.80973,0.62359,0.99623,6.8791,0.54972,0.30066,0.35601,2.2672,0.20986,0.12197,0.096204,0.082324,0.072716,0.065586,0.059957,0.055345,0.051537,0.048281,0.04547,0.043044,0.040845,0.038931,0.037217,0.035679,0.034286,0.033025,0.031872,0.030823,0.029862,0.028977,0.028162,0.027468,0.026716,0.026072,0.025475,0.024917,0.024407,0.023928,0.023482,0.023067,0.022682,0.022323,0.021989,0.021682,0.021389,0.021121,0.020874,0.020645,0.020432,0.020238,0.020059,0.019891,0.019748,0.019615,0.019495,0.019391,0.019296,0.019215,0.019149,0.019095,0.019051,0.019021,0.019002
2.3205e-14,0.93275,0.72025,1.1412,6.7292,0.61888,0.3319,0.36026,2.4282,0.23305,0.13297,0.1031,0.087223,0.076508,0.068737,0.062665,0.057757,0.053711,0.050256,0.047279,0.044722,0.042386,0.040366,0.03856,0.036943,0.035469,0.034145,0.032936,0.031842,0.030826,0.029899,0.029046,0.0283,0.027533,0.02686,0.026236,0.025652,0.025121,0.02462,0.024156,0.023725,0.02332,0.022946,0.022598,0.022272,0.021973,0.021694,0.021436,0.021197,0.020976,0.020773,0.020587,0.020411,0.020263,0.020124,0.019999,0.019887,0.019792,0.019708,0.019638,0.019582,0.019536,0.019504,0.019485
4.5607e-14,1.6592,0.90317,1.366,8.4461,0.8784,0.47491,0.50034,3.8551,0.35068,0.19335,0.1487,0.12578,0.11057,0.099516,0.09088,0.083818,0.078056,0.07312,0.068865,0.065202,0.061883,0.058993,0.056406,0.054104,0.051984,0.050082,0.048344,0.046763,0.045306,0.043971,0.042739,0.041687,0.040557,0.039583,0.03868,0.03784,0.037066,0.03634,0.035666,0.035056,0.034457,0.033914,0.033409,0.032935,0.032503,0.032097,0.031721,0.031375,0.031053,0.030758,0.030488,0.030241,0.030018,0.029816,0.029635,0.029462,0.029333,0.029212,0.02911,0.029027,0.028963,0.028917,0.02889
2.3256e-14,0.89115,0.7265,1.1363,4.905,0.59489,0.36299,0.38334,2.6464,0.27222,0.1486,0.11628,0.098781,0.086811,0.07816,0.071369,0.065839,0.061291,0.057408,0.054059,0.051177,0.048576,0.04631,0.044279,0.042445,0.040817,0.039327,0.037961,0.036722,0.035587,0.034541,0.033578,0.032761,0.031869,0.031108,0.030402,0.029744,0.02914,0.028573,0.028046,0.02755,0.027102,0.026677,0.026284,0.025919,0.025575,0.025257,0.024965,0.024695,0.024444,0.024214,0.024004,0.023806,0.023637,0.023479,0.023339,0.023219,0.023104,0.023009,0.022932,0.022868,0.022817,0.022782,0.02276
1.5282e-14,0.63307,0.44578,0.68599,3.44,0.38509,0.23002,0.27117,1.7382,0.18626,0.1022,0.079355,0.066929,0.058686,0.052672,0.047972,0.044159,0.041046,0.038399,0.036122,0.034173,0.032412,0.03088,0.02951,0.028283,0.027175,0.026172,0.025251,0.024418,0.023654,0.022951,0.022304,0.021766,0.021157,0.020646,0.020172,0.019731,0.019325,0.018944,0.018591,0.018264,0.017957,0.017672,0.017408,0.017162,0.016932,0.016719,0.016523,0.016342,0.016173,0.016018,0.015877,0.015744,0.015629,0.015523,0.015428,0.015343,0.015269,0.015205,0.015152,0.015108,0.015074,0.015049,0.015035
1.6398e-14,0.67675,0.47626,0.71882,4.42,0.45521,0.27602,0.28658,2.1121,0.18697,0.096023,0.07409,0.062789,0.055036,0.049479,0.045135,0.04162,0.038683,0.036198,0.034057,0.032221,0.030551,0.029099,0.027802,0.026643,0.025586,0.024635,0.023767,0.022982,0.022251,0.021585,0.020971,0.02042,0.019885,0.0194,0.018951,0.018532,0.018148,0.017788,0.017454,0.017148,0.016853,0.016583,0.016333,0.016097,0.015882,0.015681,0.015495,0.015323,0.015163,0.015016,0.014882,0.014755,0.014648,0.014547,0.014456,0.014372,0.014306,0.014245,0.014194,0.014152,0.014119,0.014095,0.014081
2.3832e-14,1.0127,0.79127,1.1036,6.6919,0.69202,0.39556,0.44614,2.781,0.26878,0.15315,0.1195,0.10159,0.089294,0.080408,0.073438,0.067756,0.063056,0.059049,0.055589,0.05262,0.049917,0.047568,0.045467,0.043593,0.041874,0.040331,0.038923,0.037647,0.036461,0.035378,0.034382,0.033484,0.032615,0.031828,0.031097,0.030415,0.029792,0.029206,0.028661,0.028165,0.027683,0.027245,0.026837,0.026454,0.026105,0.025778,0.025475,0.025195,0.024935,0.024697,0.02448,0.024273,0.0241,0.023936,0.02379,0.023652,0.023547,0.023448,0.023366,0.0233,0.023247,0.023209,0.023187
4.646e-14,1.7711,1.2978,1.7987,11.232,1.1863,0.62015,0.7078,4.8247,0.43143,0.24215,0.18822,0.15987,0.14044,0.12636,0.11532,0.10636,0.098937,0.092624,0.087182,0.08251,0.078273,0.07459,0.071292,0.068355,0.065663,0.063244,0.061033,0.059031,0.057177,0.055481,0.053918,0.0525,0.051151,0.049916,0.04877,0.047703,0.046725,0.045805,0.044951,0.044175,0.04342,0.042732,0.042093,0.041492,0.040945,0.040431,0.039956,0.039517,0.03911,0.038736,0.038395,0.038076,0.037799,0.037542,0.037313,0.037095,0.036931,0.036776,0.036647,0.036542,0.036459,0.0364,0.036365
2.9926e-14,1.3881,1.0952,1.3643,7.4868,0.92823,0.49389,0.53304,3.5171,0.34007,0.18747,0.14691,0.12492,0.11007,0.099102,0.090468,0.083434,0.077606,0.072647,0.068373,0.064701,0.061376,0.058484,0.055897,0.05357,0.05148,0.049586,0.04785,0.04628,0.04483,0.043502,0.042277,0.04124,0.040111,0.039146,0.038251,0.037416,0.036651,0.035933,0.035267,0.034648,0.034069,0.033532,0.033034,0.032566,0.032137,0.031737,0.031366,0.031025,0.030708,0.030417,0.030151,0.029903,0.029687,0.029489,0.02931,0.02915,0.029015,0.028895,0.028797,0.028715,0.028652,0.028607,0.028581
1.9282e-14,0.86809,0.69581,1.1238,5.2227,0.60381,0.32399,0.36609,2.7565,0.23458,0.13189,0.10202,0.086021,0.07535,0.067611,0.061568,0.05663,0.052633,0.049207,0.046255,0.043711,0.041444,0.039459,0.037684,0.036093,0.034662,0.033365,0.032177,0.031104,0.030114,0.029208,0.028373,0.027717,0.026896,0.026238,0.025628,0.025061,0.024538,0.02405,0.023596,0.023179,0.022781,0.022415,0.022076,0.021758,0.021466,0.021193,0.020941,0.02071,0.020492,0.020294,0.020113,0.019944,0.019797,0.019661,0.019539,0.019424,0.019336,0.019254,0.019186,0.01913,0.019087,0.019055,0.019037
2.5356e-14,0.91627,0.64666,0.95626,5.722,0.5906,0.30499,0.39704,2.2361,0.24875,0.14396,0.11156,0.094486,0.08287,0.074436,0.067851,0.062492,0.058107,0.054369,0.051156,0.048394,0.045897,0.043728,0.041789,0.040056,0.03848,0.037059,0.035758,0.034583,0.033496,0.032501,0.031585,0.03081,0.029961,0.029237,0.028567,0.027941,0.027368,0.026831,0.026331,0.025872,0.025434,0.025031,0.024658,0.024307,0.023986,0.023686,0.023408,0.023152,0.022914,0.022696,0.022496,0.02231,0.022149,0.021999,0.021866,0.021743,0.021643,0.021553,0.021479,0.021417,0.021369,0.021335,0.021315
2.0731e-14,0.98465,0.7045,1.1908,5.8678,0.68443,0.34131,0.37254,2.4113,0.26064,0.16031,0.12506,0.10592,0.092777,0.083146,0.075621,0.069526,0.064514,0.060266,0.056625,0.053488,0.050681,0.048237,0.046058,0.044114,0.042347,0.04076,0.039311,0.038,0.036789,0.035682,0.034664,0.03377,0.032861,0.03206,0.031317,0.030626,0.029991,0.029397,0.028845,0.028338,0.027854,0.02741,0.026998,0.026612,0.026257,0.025926,0.02562,0.025338,0.025077,0.024837,0.024617,0.024412,0.024235,0.02407,0.023923,0.023787,0.02368,0.023581,0.023499,0.023432,0.02338,0.023343,0.023321
2.5199e-14,1.1234,0.97381,1.4829,7.7297,1.0155,0.50773,0.60221,4.1762,0.43316,0.22284,0.16605,0.13633,0.11709,0.10363,0.093389,0.085232,0.078713,0.073224,0.068555,0.064584,0.061051,0.057987,0.055269,0.052851,0.050672,0.048712,0.046929,0.045313,0.043838,0.042485,0.041245,0.040186,0.039051,0.038078,0.037176,0.036338,0.035569,0.034852,0.034184,0.033572,0.032989,0.032454,0.031957,0.031497,0.031064,0.030667,0.030299,0.02996,0.029645,0.029356,0.029093,0.028843,0.028632,0.028434,0.028257,0.028094,0.027963,0.027844,0.027745,0.027665,0.0276,0.027555,0.027527
2.8153e-14,1.2626,1.0399,1.5199,7.2062,1.0389,0.60098,0.58671,4.2487,0.46332,0.25265,0.19038,0.15846,0.13766,0.12267,0.11113,0.10184,0.094327,0.087962,0.082521,0.07786,0.073695,0.070072,0.066851,0.063976,0.061383,0.05904,0.056911,0.054968,0.053199,0.051573,0.050077,0.048811,0.047435,0.046259,0.045169,0.044154,0.043224,0.042353,0.041543,0.040795,0.040091,0.03944,0.038834,0.038276,0.037749,0.037263,0.036814,0.0364,0.036015,0.035662,0.035339,0.035037,0.034776,0.034534,0.034317,0.03412,0.033956,0.03381,0.033687,0.03359,0.03351,0.033455,0.033422
3.1795e-14,1.1348,0.91138,1.3793,6.7781,0.77945,0.41468,0.47952,3.1715,0.30331,0.16829,0.12997,0.10935,0.095822,0.086001,0.078357,0.072218,0.067094,0.062774,0.059058,0.055873,0.052981,0.050468,0.048224,0.046198,0.044388,0.042745,0.041244,0.039878,0.038622,0.03747,0.036409,0.035467,0.034532,0.033694,0.032918,0.032195,0.031531,0.030909,0.030332,0.029791,0.029293,0.028827,0.028394,0.027993,0.027617,0.027271,0.026949,0.026653,0.026378,0.026125,0.025895,0.025678,0.025492,0.025319,0.025164,0.025027,0.024907,0.024803,0.024716,0.024646,0.02459,0.024551,0.024527
3.6252e-14,1.4287,1.1089,1.496,8.5044,0.99701,0.52554,0.54916,4.0393,0.36776,0.21442,0.1631,0.13687,0.11965,0.10717,0.097477,0.08965,0.083205,0.077742,0.073048,0.069,0.065392,0.062239,0.059423,0.0569,0.054629,0.052576,0.050697,0.048994,0.04743,0.045996,0.044677,0.043536,0.042341,0.041301,0.040337,0.039443,0.038618,0.037846,0.037128,0.036465,0.035844,0.035267,0.034733,0.034233,0.033771,0.033341,0.032943,0.032577,0.032237,0.031924,0.031639,0.031376,0.031142,0.030928,0.030737,0.030566,0.030419,0.03029,0.030184,0.030096,0.030028,0.02998,0.029951
2.0236e-14,0.72941,0.5903,0.81067,4.5822,0.51829,0.29573,0.29188,2.1601,0.21384,0.12416,0.096673,0.081793,0.071738,0.064426,0.058718,0.054083,0.05028,0.047043,0.044257,0.041855,0.039707,0.037828,0.036147,0.034647,0.033283,0.032054,0.030927,0.029907,0.028969,0.028108,0.027315,0.026656,0.025909,0.025284,0.024703,0.024164,0.023666,0.0232,0.022768,0.022372,0.021993,0.021644,0.021322,0.02102,0.02074,0.02048,0.02024,0.020019,0.019813,0.019624,0.019452,0.019292,0.019151,0.019022,0.018907,0.0188,0.018715,0.018637,0.018573,0.01852,0.018479,0.01845,0.018433
1.6517e-14,0.61344,0.45328,0.7654,3.0241,0.37446,0.26056,0.30942,2.053,0.18525,0.099006,0.07635,0.064768,0.056827,0.051089,0.046627,0.043,0.040014,0.037472,0.035289,0.033403,0.031702,0.030222,0.028897,0.027702,0.026635,0.025664,0.024776,0.023977,0.023227,0.022545,0.021917,0.021381,0.020803,0.020306,0.019846,0.019418,0.019023,0.018653,0.01831,0.017988,0.017694,0.017417,0.01716,0.016913,0.016697,0.016491,0.0163,0.016124,0.01596,0.01581,0.015672,0.015549,0.015433,0.015331,0.015239,0.015159,0.015086,0.015024,0.014973,0.014929,0.014898,0.014875,0.014861
2.7141e-14,0.97099,0.7433,1.0391,5.5606,0.71278,0.42111,0.50642,3.2933,0.35164,0.19374,0.14541,0.12036,0.10417,0.092606,0.083771,0.076704,0.070986,0.066165,0.06206,0.058539,0.055406,0.052683,0.050261,0.048101,0.046154,0.044399,0.042798,0.041352,0.040021,0.038804,0.037684,0.036744,0.035707,0.034827,0.034012,0.033255,0.032559,0.031908,0.031303,0.030744,0.03022,0.029734,0.029284,0.028861,0.028473,0.028111,0.027777,0.027469,0.027182,0.02692,0.026679,0.026458,0.026262,0.026082,0.025921,0.025777,0.025654,0.025546,0.025456,0.025382,0.025325,0.025284,0.02526
3.3223e-14,1.2772,1.09,1.472,8.7256,1.1021,0.60066,0.6246,4.4816,0.48252,0.26079,0.19815,0.1654,0.14369,0.12826,0.11647,0.10701,0.099234,0.09267,0.087049,0.082222,0.0779,0.074135,0.070782,0.06779,0.065074,0.062629,0.060404,0.05838,0.056523,0.054821,0.053255,0.051819,0.050483,0.049249,0.048106,0.047043,0.046065,0.045151,0.0443,0.043521,0.042775,0.042092,0.041456,0.040864,0.040316,0.039806,0.039335,0.038899,0.038496,0.038126,0.037787,0.037473,0.037197,0.036942,0.036715,0.036505,0.036337,0.036184,0.036055,0.035951,0.035869,0.03581,0.035774
3.4666e-14,1.6759,1.4323,1.8619,9.6218,1.2662,0.66337,0.59889,4.7194,0.45856,0.26433,0.20552,0.17366,0.15223,0.13657,0.12437,0.11443,0.10633,0.099431,0.093512,0.088414,0.083834,0.079835,0.076265,0.073076,0.07017,0.067557,0.065172,0.063009,0.061008,0.059179,0.057494,0.056,0.054511,0.053182,0.05195,0.050803,0.049747,0.04876,0.047844,0.047,0.046196,0.045457,0.04477,0.044123,0.043535,0.042984,0.042473,0.042002,0.041565,0.041164,0.040796,0.040456,0.040155,0.039879,0.039632,0.039405,0.039221,0.039054,0.038914,0.038798,0.038709,0.038644,0.038605
6.8628e-14,2.8434,1.9779,2.7694,12.79,1.6811,0.93268,0.8984,5.3791,0.56483,0.31355,0.24955,0.2148,0.19119,0.1734,0.15921,0.14746,0.13769,0.12929,0.12198,0.11563,0.10992,0.10489,0.10038,0.096311,0.092635,0.089301,0.086245,0.083468,0.080895,0.078539,0.076362,0.074507,0.072507,0.070786,0.069187,0.067705,0.066327,0.065042,0.063851,0.062747,0.061702,0.060738,0.059842,0.058992,0.058231,0.057513,0.056846,0.056233,0.055662,0.055138,0.054662,0.05423,0.053825,0.053466,0.053144,0.052849,0.052611,0.052396,0.052217,0.052065,0.051957,0.051876,0.051829
5.0996e-14,1.9659,1.494,1.8188,8.9633,1.2355,0.71117,0.74227,4.6556,0.43528,0.26784,0.21367,0.18319,0.16206,0.1462,0.13362,0.12331,0.11475,0.10743,0.10113,0.09569,0.090764,0.086477,0.082641,0.079172,0.076082,0.073268,0.070695,0.068361,0.066207,0.064234,0.062415,0.060823,0.059199,0.057764,0.056434,0.055195,0.054058,0.052991,0.052002,0.051068,0.050223,0.049426,0.048685,0.04799,0.047354,0.046761,0.04621,0.045704,0.045232,0.044801,0.044406,0.04404,0.043718,0.043421,0.043156,0.042932,0.042717,0.042539,0.042391,0.04227,0.042177,0.04211,0.04207
4.5942e-14,1.3093,1.0237,1.669,6.3944,0.85148,0.60639,0.70046,3.8768,0.42877,0.23908,0.17944,0.14883,0.12881,0.11447,0.10349,0.094679,0.08756,0.081558,0.076443,0.072059,0.068172,0.064788,0.06178,0.059073,0.056691,0.054514,0.052532,0.050734,0.049095,0.047591,0.046208,0.045084,0.043765,0.042681,0.041677,0.040744,0.039886,0.039083,0.038338,0.037633,0.037005,0.036407,0.035852,0.035336,0.034857,0.034411,0.034,0.033622,0.033269,0.032946,0.03265,0.032378,0.032137,0.031916,0.031719,0.031556,0.03139,0.031257,0.031147,0.031057,0.030986,0.030936,0.030906
1.9288e-14,0.68673,0.45755,0.6778,3.276,0.44175,0.26481,0.28223,1.7554,0.19096,0.10402,0.079367,0.066375,0.057889,0.051758,0.047027,0.043223,0.040108,0.037474,0.035221,0.033283,0.031547,0.030037,0.028689,0.02748,0.026394,0.025411,0.024513,0.0237,0.022951,0.022265,0.021633,0.021082,0.020515,0.020017,0.019556,0.019127,0.018732,0.018362,0.018019,0.017699,0.017403,0.017126,0.01687,0.016629,0.016408,0.016202,0.016012,0.015836,0.015673,0.015523,0.015386,0.01526,0.015148,0.015045,0.014954,0.014873,0.014801,0.01474,0.014688,0.014646,0.014614,0.014591,0.014577
1.9337e-14,0.89901,0.64224,0.74792,5.6379,0.67322,0.40407,0.49446,2.8802,0.32346,0.16427,0.12181,0.10059,0.086731,0.077041,0.069683,0.063854,0.059057,0.055049,0.051631,0.048723,0.046095,0.043825,0.041808,0.040004,0.038384,0.03692,0.035591,0.03439,0.033273,0.032259,0.031326,0.030464,0.029675,0.028942,0.028262,0.027632,0.02705,0.026508,0.026003,0.025531,0.025098,0.024693,0.024316,0.023956,0.02364,0.023338,0.023058,0.0228,0.022561,0.022341,0.02214,0.02196,0.02179,0.021639,0.021504,0.021388,0.021279,0.021188,0.021111,0.021046,0.020999,0.020964,0.020942
3.3602e-14,1.3875,1.1433,1.3521,8.2241,0.93171,0.541,0.57872,4.254,0.39469,0.21726,0.17099,0.14542,0.12781,0.11504,0.10502,0.096857,0.090112,0.084359,0.079408,0.075138,0.071274,0.067912,0.064908,0.062224,0.059774,0.057572,0.055558,0.053735,0.052046,0.050501,0.049079,0.047821,0.046558,0.045434,0.044393,0.043423,0.042532,0.041697,0.04092,0.040205,0.039527,0.038903,0.038322,0.037775,0.037278,0.036812,0.03638,0.035982,0.035613,0.035275,0.034964,0.034678,0.034425,0.034193,0.033986,0.033799,0.033642,0.033501,0.033385,0.03329,0.033217,0.033165,0.033133
7.2818e-14,2.9043,1.9472,3.2217,12.871,1.5984,0.83697,0.78279,4.63,0.53172,0.31888,0.25266,0.21613,0.19137,0.17271,0.15797,0.1459,0.13588,0.12731,0.1199,0.1135,0.10774,0.10269,0.098166,0.094099,0.090434,0.087112,0.084077,0.081311,0.07877,0.076437,0.074286,0.072418,0.070473,0.068775,0.067199,0.065735,0.064379,0.063114,0.061941,0.060845,0.059829,0.058881,0.058,0.057175,0.056417,0.055711,0.055055,0.054451,0.053891,0.053375,0.052905,0.052475,0.052082,0.051728,0.051412,0.051131,0.050886,0.050674,0.050496,0.050348,0.050237,0.050156,0.050109
5.6238e-14,2.0638,1.4842,2.0327,8.9464,1.2058,0.6655,0.62331,3.8027,0.39803,0.24515,0.19561,0.1676,0.14828,0.13381,0.12233,0.11289,0.10509,0.098412,0.092644,0.087646,0.083182,0.079264,0.075759,0.072604,0.069768,0.067195,0.064847,0.062707,0.060742,0.058939,0.057276,0.055815,0.054338,0.053027,0.051811,0.050682,0.049638,0.048662,0.047759,0.046911,0.046131,0.045402,0.044723,0.044088,0.043506,0.042963,0.042459,0.041995,0.041564,0.041168,0.040808,0.040477,0.040176,0.039905,0.039662,0.03945,0.039259,0.039097,0.03896,0.038847,0.038763,0.038701,0.038664
4.6109e-14,1.2576,0.65718,0.81517,4.6847,0.61308,0.36986,0.45558,2.8509,0.30191,0.16515,0.1273,0.10709,0.093669,0.08396,0.076433,0.070362,0.06535,0.061109,0.057471,0.054335,0.051529,0.049077,0.046891,0.044933,0.043166,0.041565,0.040106,0.038781,0.037557,0.036439,0.035406,0.034459,0.033582,0.032768,0.032013,0.031311,0.030665,0.030059,0.029497,0.028974,0.028487,0.028033,0.027611,0.027217,0.026856,0.026517,0.026203,0.025914,0.025646,0.0254,0.025174,0.024966,0.024782,0.024613,0.024461,0.024328,0.024209,0.024108,0.024023,0.023954,0.0239,0.023862,0.023839
4.1228e-14,1.0376,0.69181,0.73347,4.6127,0.56045,0.32285,0.36096,2.7101,0.24558,0.13645,0.10591,0.089875,0.079222,0.071306,0.065134,0.060094,0.055915,0.052353,0.049286,0.046628,0.044244,0.04216,0.040295,0.038622,0.03711,0.035741,0.03449,0.033354,0.032306,0.031347,0.030462,0.029705,0.028895,0.028197,0.02755,0.026948,0.026393,0.025874,0.02539,0.024944,0.024524,0.024135,0.023773,0.023434,0.023125,0.022834,0.022565,0.022318,0.022088,0.021877,0.021683,0.021508,0.021348,0.021203,0.021073,0.020956,0.020857,0.02077,0.020698,0.020638,0.020593,0.02056,0.02054
5.3753e-14,1.3254,0.72557,0.90851,5.7628,0.73557,0.42849,0.49784,3.2367,0.34396,0.18145,0.13592,0.11275,0.098271,0.087832,0.079836,0.073412,0.068168,0.06373,0.059933,0.056674,0.053737,0.051188,0.048911,0.04687,0.045031,0.043365,0.041842,0.040461,0.039193,0.03803,0.036956,0.036061,0.035059,0.034212,0.033428,0.032697,0.032027,0.031397,0.030813,0.030269,0.029764,0.029292,0.028855,0.028449,0.02807,0.027719,0.027393,0.027094,0.026814,0.026559,0.026325,0.026107,0.025918,0.025743,0.025586,0.025448,0.025324,0.025219,0.025132,0.025061,0.025004,0.024964,0.02494
4.0941e-14,1.4458,0.88544,1.1236,7.1794,0.91454,0.53416,0.57512,3.6373,0.38119,0.20906,0.16082,0.13507,0.11866,0.10654,0.09713,0.089512,0.083249,0.077923,0.073345,0.069407,0.065846,0.062746,0.059975,0.057483,0.055244,0.053212,0.051358,0.049678,0.048117,0.046694,0.045382,0.044221,0.043058,0.042022,0.041062,0.040167,0.039345,0.038575,0.03786,0.037189,0.036574,0.035997,0.035461,0.034954,0.0345,0.03407,0.033671,0.033304,0.032964,0.032651,0.032365,0.032103,0.031868,0.031654,0.031463,0.031297,0.031145,0.031017,0.030909,0.030821,0.030755,0.030706,0.030678
6.4037e-14,1.4389,0.73604,0.8227,4.4542,0.62743,0.38075,0.49957,3.3787,0.34847,0.19153,0.14713,0.12347,0.10808,0.096874,0.088208,0.081208,0.075457,0.070588,0.066414,0.062807,0.059598,0.056787,0.054274,0.052019,0.049987,0.048144,0.046462,0.044932,0.043526,0.042237,0.041046,0.040009,0.038946,0.038008,0.037138,0.03633,0.035584,0.034885,0.034238,0.033635,0.033074,0.032551,0.032066,0.031614,0.031195,0.030806,0.030444,0.030113,0.029804,0.029521,0.029262,0.029024,0.028812,0.028617,0.028444,0.028289,0.028155,0.02804,0.027942,0.027864,0.027802,0.027758,0.027733
1.5773e-13,2.6369,1.1095,1.4579,5.7899,0.9016,0.52108,0.63078,4.0937,0.42369,0.24549,0.18948,0.16126,0.14182,0.12784,0.11697,0.10814,0.10081,0.094551,0.089148,0.084468,0.080271,0.076577,0.073266,0.070275,0.067599,0.065155,0.062923,0.060891,0.05901,0.05729,0.055695,0.054284,0.052891,0.051633,0.050468,0.049384,0.04838,0.04744,0.046574,0.045758,0.045008,0.044304,0.043649,0.043034,0.042479,0.041954,0.041465,0.041019,0.040603,0.040221,0.039871,0.039554,0.039263,0.039,0.038766,0.03856,0.038375,0.038221,0.038088,0.03798,0.037899,0.037839,0.037806
9.3607e-14,2.0948,1.0092,1.5528,7.3238,1.0299,0.58578,0.81632,5.2199,0.55632,0.28592,0.20631,0.16751,0.14347,0.12657,0.1138,0.10371,0.095588,0.088809,0.083062,0.078153,0.073852,0.070097,0.066771,0.063818,0.061159,0.058767,0.056599,0.054638,0.052834,0.05119,0.04968,0.048409,0.047028,0.045848,0.044757,0.043749,0.042812,0.041941,0.041136,0.04039,0.03969,0.039042,0.03844,0.03787,0.037362,0.036881,0.036435,0.036026,0.035646,0.035297,0.034979,0.034693,0.034422,0.034183,0.03397,0.033779,0.033615,0.033474,0.033353,0.033253,0.033181,0.033127,0.033096
6.5781e-14,1.3148,0.64781,0.85701,4.0173,0.58713,0.34258,0.4381,3.157,0.3027,0.15394,0.11793,0.099046,0.086624,0.077728,0.070841,0.065267,0.060694,0.056808,0.053479,0.050593,0.048037,0.045795,0.043789,0.041985,0.040363,0.038887,0.037544,0.036321,0.035188,0.034153,0.033197,0.032369,0.031514,0.030757,0.030058,0.029408,0.028808,0.028245,0.027723,0.027238,0.026787,0.026366,0.025974,0.025605,0.025273,0.024959,0.024668,0.024401,0.024152,0.023924,0.023715,0.023526,0.023353,0.023195,0.023055,0.022932,0.022823,0.02273,0.02265,0.022586,0.022538,0.022503,0.022482
2.6395e-14,1.3448,1.048,1.5149,8.4392,0.92792,0.50418,0.53987,3.9501,0.35294,0.19625,0.15243,0.12893,0.1131,0.10164,0.092711,0.085549,0.07953,0.074473,0.070111,0.06637,0.062976,0.060025,0.057386,0.055021,0.052875,0.050939,0.049165,0.047554,0.046076,0.044716,0.043464,0.04242,0.041244,0.040256,0.039338,0.038482,0.037698,0.036962,0.036278,0.035654,0.035049,0.034498,0.033987,0.033512,0.033065,0.032655,0.032274,0.031924,0.031597,0.031298,0.031026,0.030768,0.030549,0.030344,0.030161,0.029986,0.029857,0.029733,0.029631,0.029549,0.029482,0.029436,0.029409
