1.8004e-14,1.2204,0.68819,0.94728,5.4126,0.64621,0.39509,0.44608,3.0377,0.32692,0.16441,0.12448,0.10369,0.090514,0.080854,0.073433,0.067485,0.062611,0.058497,0.05498,0.051959,0.04925,0.046892,0.044789,0.042907,0.041211,0.039674,0.038277,0.037002,0.035839,0.034768,0.033783,0.032894,0.032041,0.031262,0.030543,0.029872,0.029257,0.02868,0.028145,0.027649,0.027183,0.026752,0.026351,0.025981,0.025632,0.02531,0.025013,0.024738,0.024484,0.024251,0.024037,0.023838,0.023666,0.023505,0.023362,0.023233,0.023124,0.023029,0.022949,0.022885,0.022833,0.022797,0.022775
2.3218e-14,1.2426,0.73848,0.80448,5.3393,0.61075,0.42234,0.50465,3.3345,0.33668,0.18481,0.14151,0.11832,0.1032,0.092178,0.083695,0.076874,0.071293,0.066577,0.062554,0.059074,0.055994,0.053307,0.050907,0.04876,0.046824,0.045074,0.043477,0.042027,0.040702,0.039484,0.03836,0.037422,0.036382,0.035495,0.034676,0.033915,0.033216,0.032558,0.03195,0.031381,0.030855,0.030365,0.02991,0.02949,0.029092,0.028727,0.028388,0.028078,0.027786,0.027522,0.027278,0.027053,0.026856,0.026673,0.02651,0.026368,0.026239,0.02613,0.026039,0.025967,0.025907,0.025866,0.02584
2.8815e-14,0.83726,0.56031,0.62647,4.2479,0.50522,0.30954,0.31797,2.4129,0.23875,0.12427,0.094673,0.07911,0.069107,0.061848,0.056244,0.051744,0.048021,0.044887,0.042203,0.039889,0.037822,0.03602,0.03441,0.032968,0.031671,0.030495,0.029425,0.028451,0.027555,0.026735,0.025979,0.025284,0.024642,0.024046,0.023493,0.022979,0.022506,0.022063,0.021652,0.021271,0.020914,0.020582,0.020274,0.019987,0.019722,0.019475,0.019246,0.019035,0.01884,0.018661,0.018496,0.018344,0.018211,0.018088,0.017978,0.017879,0.017795,0.017722,0.01766,0.01761,0.017571,0.017543,0.017527
2.3941e-14,0.75835,0.45069,0.52907,3.2765,0.41947,0.26284,0.26101,1.8377,0.183,0.098433,0.076163,0.064491,0.056879,0.051245,0.046845,0.043288,0.040301,0.037778,0.035604,0.033721,0.032029,0.03055,0.029224,0.028029,0.026955,0.025979,0.025086,0.024278,0.023526,0.022839,0.022206,0.021637,0.021083,0.020582,0.020117,0.019685,0.019286,0.018912,0.018565,0.01824,0.017942,0.017662,0.017402,0.017155,0.016934,0.016725,0.016532,0.016354,0.016188,0.016037,0.015898,0.015771,0.015655,0.015551,0.015458,0.015378,0.015304,0.015242,0.015189,0.015146,0.015114,0.015091,0.015076
1.9874e-14,0.61786,0.42966,0.50244,2.5846,0.3601,0.21719,0.24957,1.6276,0.15198,0.081386,0.061707,0.051349,0.044835,0.040079,0.036411,0.033466,0.031018,0.028959,0.027198,0.025677,0.024319,0.023139,0.022085,0.021143,0.02029,0.019524,0.018823,0.018185,0.017606,0.017071,0.016579,0.016131,0.01571,0.015322,0.014964,0.014631,0.014326,0.014038,0.013772,0.013526,0.013294,0.01308,0.012881,0.0127,0.012523,0.012364,0.012216,0.01208,0.011953,0.011837,0.011731,0.011631,0.011546,0.011466,0.011395,0.011331,0.011277,0.011229,0.011189,0.011158,0.011131,0.011113,0.011102
2.8448e-14,0.80792,0.50171,0.57437,2.7997,0.39242,0.22247,0.24677,1.7193,0.15568,0.084979,0.066654,0.056781,0.050262,0.045478,0.04171,0.0386,0.036039,0.033831,0.031925,0.030276,0.02877,0.027461,0.026285,0.025221,0.024267,0.023397,0.0226,0.021874,0.021207,0.020593,0.020025,0.019553,0.019021,0.01857,0.018154,0.017765,0.017408,0.017072,0.016761,0.016467,0.016201,0.015949,0.015715,0.015498,0.015295,0.015107,0.014933,0.014773,0.014623,0.014487,0.014362,0.014246,0.014144,0.01405,0.013966,0.013895,0.013827,0.013771,0.013725,0.013687,0.013657,0.013635,0.013623
2.6143e-14,0.76512,0.45045,0.5232,2.9713,0.3488,0.20288,0.24086,1.7969,0.16497,0.085756,0.066055,0.055437,0.048289,0.043174,0.039227,0.036039,0.033434,0.031223,0.029334,0.027724,0.026246,0.02498,0.023848,0.022834,0.021923,0.021098,0.020343,0.019662,0.019034,0.018459,0.01793,0.0175,0.016994,0.016576,0.01619,0.015828,0.015501,0.015191,0.014904,0.014635,0.014388,0.014156,0.013941,0.01374,0.013555,0.013382,0.013222,0.013075,0.012938,0.012812,0.012697,0.012589,0.012497,0.01241,0.012333,0.012266,0.012203,0.012151,0.012108,0.012073,0.012044,0.012024,0.012012
6.0921e-14,1.0734,0.64886,0.81254,4.9385,0.5798,0.35845,0.47903,2.6028,0.27263,0.14987,0.11702,0.099322,0.087081,0.078306,0.071492,0.065942,0.06137,0.057475,0.054127,0.051233,0.048627,0.046356,0.044322,0.042489,0.040845,0.039351,0.037982,0.036741,0.035598,0.034548,0.033577,0.032764,0.031867,0.0311,0.030391,0.029728,0.029122,0.028551,0.028022,0.027526,0.027071,0.026643,0.026247,0.025878,0.025533,0.025214,0.024918,0.024647,0.024393,0.024161,0.023948,0.023747,0.023578,0.023418,0.023276,0.023151,0.023038,0.022942,0.022862,0.022798,0.022745,0.022709,0.022688
3.1286e-14,0.91253,0.61313,0.71034,4.1633,0.52298,0.32982,0.39996,2.6473,0.25167,0.12898,0.096593,0.079501,0.068805,0.061106,0.055243,0.050577,0.046782,0.043599,0.040888,0.038561,0.036505,0.034707,0.03311,0.03168,0.030408,0.029249,0.028199,0.027247,0.026369,0.025569,0.024832,0.02417,0.02353,0.022952,0.022416,0.02192,0.021458,0.02103,0.020633,0.02026,0.01992,0.0196,0.019302,0.019022,0.018769,0.018531,0.01831,0.018106,0.017918,0.017745,0.017586,0.017444,0.01731,0.017191,0.017085,0.016994,0.016908,0.016838,0.016778,0.016727,0.016691,0.016664,0.016647
3.6817e-14,0.97373,0.6862,0.74605,4.7225,0.5934,0.35031,0.38497,2.4536,0.25727,0.13671,0.10415,0.088077,0.077484,0.06971,0.063656,0.058735,0.054672,0.051212,0.048239,0.045654,0.043352,0.041332,0.039523,0.037889,0.036433,0.035104,0.033888,0.032786,0.031767,0.030834,0.029974,0.029231,0.02845,0.027769,0.027139,0.026554,0.026012,0.025505,0.025036,0.024591,0.02419,0.023811,0.023459,0.023127,0.022825,0.022542,0.02228,0.022039,0.021815,0.021609,0.021421,0.02125,0.021093,0.020952,0.020826,0.020719,0.020616,0.020532,0.020462,0.020403,0.020359,0.020328,0.020309
2.9143e-14,1.005,0.59739,0.64638,3.9362,0.5258,0.30807,0.31233,2.01,0.18469,0.10926,0.088601,0.077035,0.068759,0.062499,0.057483,0.053322,0.049848,0.04686,0.044267,0.042016,0.039952,0.038157,0.03654,0.035079,0.033759,0.032559,0.031457,0.030451,0.029529,0.028678,0.027891,0.027219,0.026498,0.025873,0.025294,0.024751,0.024258,0.023791,0.023358,0.022952,0.022578,0.022228,0.021902,0.021604,0.021317,0.021056,0.020813,0.020591,0.020382,0.020192,0.020018,0.019851,0.019715,0.019584,0.019467,0.019365,0.019273,0.019195,0.019129,0.019079,0.019035,0.019006,0.018988
1.7176e-14,0.53918,0.31718,0.43339,2.3451,0.31907,0.18554,0.21908,1.4453,0.1353,0.073459,0.057447,0.048875,0.043168,0.038926,0.035596,0.032876,0.030618,0.02869,0.027031,0.02558,0.024294,0.023162,0.022148,0.021237,0.020413,0.019665,0.018984,0.018362,0.017792,0.017267,0.016784,0.016346,0.015926,0.015543,0.015188,0.014859,0.014554,0.01427,0.014005,0.01376,0.01353,0.013316,0.013118,0.012934,0.012762,0.012603,0.012455,0.012319,0.012193,0.012077,0.011971,0.011874,0.011787,0.011707,0.011636,0.011572,0.011518,0.011471,0.011431,0.011399,0.011373,0.011355,0.011344
1.3575e-14,0.56722,0.34439,0.38468,2.443,0.25282,0.15619,0.18085,1.6585,0.13382,0.070908,0.05549,0.046882,0.041129,0.036902,0.033614,0.031,0.028754,0.026889,0.02529,0.023896,0.022671,0.021593,0.020629,0.01977,0.018987,0.018281,0.017636,0.017052,0.016515,0.016022,0.015568,0.015183,0.014765,0.014406,0.014074,0.013767,0.013482,0.013215,0.012968,0.012741,0.012525,0.012326,0.012141,0.011967,0.011809,0.01166,0.011523,0.011396,0.011278,0.01117,0.011071,0.010984,0.0109,0.010826,0.01076,0.010699,0.010649,0.010605,0.010568,0.010537,0.010514,0.010497,0.010487
4.0611e-14,1.2996,0.7736,0.87255,5.1102,0.68418,0.48067,0.55421,3.7094,0.3592,0.1778,0.13286,0.10983,0.095457,0.084965,0.076935,0.070519,0.065285,0.060886,0.057134,0.053939,0.051049,0.048556,0.046336,0.044351,0.04257,0.040958,0.039492,0.038156,0.036938,0.03582,0.034791,0.033887,0.032975,0.032166,0.031417,0.030717,0.03008,0.029479,0.028924,0.028408,0.027926,0.027479,0.027063,0.026681,0.026318,0.025984,0.025677,0.025393,0.025129,0.024888,0.024666,0.024456,0.024281,0.024115,0.023967,0.023835,0.023721,0.023622,0.023539,0.023474,0.023419,0.023382,0.023359
3.0131e-14,0.98831,0.63367,0.71912,4.6189,0.6136,0.37117,0.42876,3.2279,0.28944,0.15331,0.11936,0.10111,0.089084,0.080043,0.072981,0.067255,0.062509,0.058484,0.055025,0.052041,0.049361,0.047021,0.044931,0.043062,0.041368,0.039835,0.038441,0.037175,0.036003,0.034932,0.033946,0.033048,0.032201,0.031421,0.0307,0.030028,0.029411,0.028832,0.028296,0.027798,0.027332,0.026899,0.026497,0.026119,0.025774,0.025452,0.025154,0.024878,0.024622,0.024389,0.024174,0.023976,0.0238,0.023639,0.023496,0.023368,0.023257,0.023161,0.02308,0.023014,0.022963,0.022927,0.022905
3.312e-14,0.97872,0.61094,0.69859,4.0264,0.58215,0.32433,0.34541,2.3775,0.22207,0.13236,0.10607,0.091815,0.081522,0.073836,0.067726,0.062682,0.058479,0.054873,0.051756,0.049041,0.0466,0.044463,0.042543,0.040815,0.039255,0.037837,0.036539,0.035363,0.034271,0.033272,0.032349,0.031558,0.030718,0.029986,0.02931,0.02868,0.028099,0.027554,0.027049,0.026576,0.02614,0.025732,0.025353,0.024996,0.024671,0.024366,0.024084,0.023825,0.023582,0.023362,0.023158,0.022973,0.022806,0.022654,0.022518,0.0224,0.022292,0.022202,0.022125,0.022063,0.022016,0.021982,0.02196
3.5004e-14,1.1404,0.71644,0.73759,5.0811,0.56906,0.37381,0.39052,2.7538,0.25434,0.13708,0.10514,0.088372,0.077362,0.069392,0.063221,0.058226,0.054133,0.050656,0.047673,0.045113,0.042794,0.040781,0.03898,0.037362,0.03591,0.034594,0.033389,0.032292,0.031291,0.030368,0.029516,0.028811,0.028008,0.027336,0.026713,0.026132,0.025598,0.025097,0.024633,0.024199,0.023797,0.023422,0.023074,0.022752,0.022447,0.022167,0.021908,0.02167,0.021447,0.021244,0.021057,0.020884,0.020732,0.020593,0.020468,0.020358,0.020261,0.020177,0.020108,0.020051,0.020006,0.019975,0.019956
2.5828e-14,0.81087,0.53,0.6152,3.7769,0.5221,0.31728,0.33052,2.5118,0.2052,0.11772,0.091849,0.077541,0.067989,0.06092,0.055425,0.050979,0.047297,0.044183,0.041516,0.039197,0.037154,0.03536,0.033758,0.032317,0.031031,0.029861,0.028797,0.027829,0.02694,0.026125,0.025375,0.024692,0.02405,0.023458,0.022911,0.022404,0.021935,0.021496,0.02109,0.020707,0.02036,0.020032,0.019728,0.019445,0.019181,0.018938,0.018712,0.018503,0.01831,0.018133,0.01797,0.017823,0.017688,0.017566,0.017457,0.017364,0.017275,0.017203,0.017141,0.017091,0.017052,0.017024,0.017007
2.4138e-14,0.68141,0.46366,0.46895,3.3726,0.42655,0.24659,0.28913,1.9486,0.19166,0.1019,0.078586,0.066597,0.058611,0.052816,0.048296,0.044598,0.041551,0.038946,0.036702,0.034762,0.033003,0.031474,0.030103,0.028872,0.027756,0.026748,0.025822,0.024986,0.02421,0.0235,0.022844,0.022298,0.021685,0.021167,0.020687,0.020239,0.019829,0.019443,0.019085,0.018753,0.018441,0.018152,0.017883,0.01763,0.017402,0.017186,0.016986,0.016802,0.016631,0.016474,0.01633,0.016199,0.016082,0.015974,0.015878,0.015791,0.015718,0.015654,0.015601,0.015557,0.015523,0.015499,0.015485
2.0704e-14,0.66,0.38154,0.4712,3.0805,0.43426,0.25988,0.28549,2.1,0.20971,0.10877,0.082163,0.068801,0.060005,0.053698,0.048843,0.044934,0.041726,0.039009,0.036683,0.034685,0.032879,0.031312,0.029913,0.028656,0.027527,0.026503,0.025567,0.024721,0.023939,0.023223,0.022563,0.021993,0.021396,0.020875,0.020393,0.019943,0.019531,0.019144,0.018785,0.01845,0.01814,0.01785,0.017582,0.01733,0.017098,0.016882,0.016682,0.016498,0.016326,0.016169,0.016025,0.015891,0.015775,0.015667,0.01557,0.015486,0.01541,0.015345,0.015292,0.015248,0.015213,0.015189,0.015174
3.9191e-14,1.0677,0.66058,0.81332,5.1638,0.60402,0.38521,0.42227,2.7409,0.28623,0.15264,0.11601,0.097232,0.085064,0.076364,0.069597,0.064117,0.05961,0.055784,0.052501,0.04968,0.047127,0.044912,0.042929,0.041151,0.03955,0.038097,0.036765,0.035563,0.034449,0.03343,0.032491,0.031699,0.030829,0.030087,0.0294,0.028758,0.028171,0.027619,0.027106,0.026628,0.026187,0.025773,0.02539,0.02503,0.024701,0.024392,0.024106,0.023844,0.0236,0.023376,0.02317,0.02298,0.022814,0.022661,0.022524,0.022404,0.022295,0.022203,0.022127,0.022065,0.022016,0.021982,0.021961
3.9554e-14,1.11,0.6341,0.7347,5.2266,0.66044,0.40139,0.46384,3.1243,0.30994,0.16526,0.12505,0.10399,0.090282,0.080556,0.073108,0.06714,0.062259,0.058139,0.054612,0.051581,0.048877,0.046517,0.044414,0.042524,0.040836,0.039305,0.037909,0.036643,0.035477,0.034411,0.033429,0.032564,0.031692,0.03092,0.030204,0.029538,0.028925,0.028352,0.02782,0.02732,0.026866,0.026437,0.02604,0.025668,0.025326,0.025008,0.024712,0.024441,0.024188,0.023957,0.023745,0.02355,0.023377,0.023218,0.023077,0.022956,0.022841,0.022746,0.022667,0.022602,0.022552,0.022516,0.022495
2.8687e-14,0.87394,0.62744,0.69097,4.38,0.64251,0.39981,0.46109,3.0918,0.2966,0.16721,0.13114,0.11098,0.097585,0.087696,0.079954,0.073656,0.068454,0.064029,0.060229,0.056925,0.054,0.051428,0.049131,0.04707,0.045214,0.043532,0.041999,0.040606,0.039322,0.038146,0.037063,0.036105,0.035149,0.034294,0.033503,0.032769,0.03209,0.031455,0.030867,0.030318,0.02981,0.029336,0.028895,0.028481,0.028104,0.027751,0.027423,0.027122,0.026842,0.026586,0.02635,0.026136,0.025942,0.025765,0.025608,0.02547,0.025346,0.025241,0.025152,0.02508,0.025025,0.024985,0.024962
1.6662e-14,0.63272,0.39965,0.47243,3.454,0.51428,0.2991,0.38211,2.9865,0.29822,0.14708,0.10794,0.088089,0.075434,0.066573,0.059915,0.05468,0.050454,0.046928,0.043942,0.041391,0.039134,0.037177,0.035442,0.033896,0.03251,0.031261,0.030125,0.029101,0.028155,0.027293,0.026502,0.025814,0.025103,0.024483,0.023909,0.023375,0.022884,0.022426,0.022,0.021606,0.021238,0.020896,0.020579,0.02028,0.020011,0.019757,0.019522,0.019305,0.019105,0.018921,0.018752,0.018598,0.01846,0.018334,0.018221,0.018122,0.018034,0.017959,0.017896,0.017844,0.017805,0.017777,0.01776
3.529e-14,0.89795,0.50284,0.55162,4.3484,0.50936,0.29074,0.37131,2.6774,0.25124,0.12659,0.095259,0.080106,0.069885,0.062666,0.057065,0.052559,0.048827,0.045675,0.042968,0.040654,0.038555,0.036731,0.035102,0.033634,0.032328,0.031135,0.030048,0.029064,0.02815,0.027317,0.02655,0.025836,0.025188,0.024582,0.024021,0.023497,0.023016,0.022565,0.022147,0.021754,0.021396,0.021059,0.020746,0.02045,0.020183,0.019932,0.019699,0.019484,0.019286,0.019103,0.018936,0.018783,0.018645,0.01852,0.018408,0.018312,0.018222,0.018148,0.018085,0.018033,0.017994,0.017966,0.017949
2.3851e-14,0.77256,0.47688,0.49152,3.8141,0.50383,0.27073,0.36609,2.868,0.2579,0.14113,0.10533,0.087361,0.076205,0.068065,0.061797,0.056768,0.052645,0.049168,0.046196,0.043632,0.041361,0.039374,0.037601,0.036003,0.034587,0.033294,0.032116,0.031049,0.030064,0.029164,0.028335,0.027619,0.026868,0.026214,0.02561,0.025048,0.024529,0.024044,0.023594,0.02317,0.022786,0.022424,0.022087,0.021771,0.021483,0.021212,0.020963,0.020732,0.020518,0.020323,0.020143,0.019978,0.01983,0.019696,0.019575,0.019473,0.019375,0.019295,0.019228,0.019172,0.01913,0.0191,0.019082
2.3857e-14,0.94619,0.66339,0.74671,6.0351,0.79714,0.41987,0.64385,5.0957,0.49465,0.24204,0.17537,0.14214,0.1215,0.107,0.096089,0.087526,0.0806,0.074848,0.069986,0.065862,0.062192,0.059021,0.056214,0.053702,0.051484,0.049468,0.047641,0.045994,0.044472,0.043087,0.041818,0.040676,0.039575,0.038581,0.037661,0.036807,0.036021,0.035288,0.034606,0.033969,0.033388,0.032841,0.032333,0.031853,0.031424,0.031016,0.03064,0.030293,0.029971,0.029676,0.029405,0.029156,0.028933,0.02873,0.028548,0.02839,0.028244,0.028121,0.028018,0.027931,0.027866,0.027819,0.02779
1.6862e-14,0.62383,0.35478,0.45061,3.5738,0.50142,0.28497,0.34765,2.8904,0.32636,0.15184,0.10842,0.086993,0.073556,0.064326,0.057465,0.052135,0.047847,0.044311,0.041339,0.038808,0.036598,0.034681,0.032989,0.031483,0.030147,0.02894,0.027849,0.026861,0.025959,0.025136,0.024382,0.023681,0.023052,0.022463,0.02192,0.021416,0.020951,0.020518,0.020117,0.019745,0.0194,0.019079,0.01878,0.018502,0.018247,0.018008,0.017788,0.017585,0.017397,0.017225,0.017067,0.016923,0.016793,0.016675,0.01657,0.016476,0.016395,0.016324,0.016265,0.016216,0.016179,0.016153,0.016136
1.3716e-14,0.65131,0.3941,0.52397,3.5742,0.5501,0.30774,0.41042,3.6595,0.3433,0.16065,0.11492,0.09268,0.078552,0.068858,0.061676,0.056096,0.051628,0.047918,0.044788,0.042128,0.039776,0.03774,0.035939,0.034336,0.032906,0.031614,0.030444,0.029377,0.028415,0.027529,0.026717,0.025983,0.025284,0.024647,0.02406,0.023514,0.023012,0.022544,0.022109,0.021709,0.021332,0.020983,0.020659,0.020364,0.02008,0.019821,0.019582,0.019361,0.019157,0.01897,0.018798,0.018639,0.018501,0.018373,0.018258,0.018154,0.018068,0.017991,0.017927,0.017877,0.017834,0.017806,0.017788
2.204e-14,0.89918,0.59301,0.80552,4.2849,0.48562,0.29219,0.3627,3.077,0.25483,0.13715,0.10675,0.090282,0.079505,0.071481,0.065231,0.060176,0.055983,0.052425,0.049369,0.046705,0.044353,0.042281,0.040427,0.03877,0.037261,0.035899,0.034654,0.033521,0.032483,0.031528,0.030648,0.029895,0.029088,0.028391,0.027746,0.027147,0.026593,0.026074,0.025594,0.025152,0.024729,0.024341,0.023981,0.023645,0.023333,0.023043,0.022775,0.022528,0.022298,0.022088,0.021895,0.021719,0.02156,0.021415,0.021286,0.021166,0.021071,0.020984,0.020912,0.020852,0.020806,0.020774,0.020754
2.3694e-14,0.73311,0.47071,0.70508,3.8225,0.39524,0.24104,0.25724,1.8527,0.17925,0.095621,0.074989,0.063648,0.055999,0.050325,0.045894,0.042293,0.039323,0.036795,0.034625,0.032741,0.03106,0.02959,0.028275,0.027095,0.026029,0.025066,0.024185,0.023385,0.02265,0.021976,0.021354,0.020823,0.020254,0.019763,0.019309,0.018887,0.018497,0.018132,0.017794,0.017481,0.017186,0.016913,0.01666,0.016424,0.016205,0.016002,0.015813,0.01564,0.015479,0.015331,0.015195,0.015071,0.01496,0.014859,0.014768,0.014686,0.014617,0.014556,0.014505,0.014464,0.014431,0.014408,0.014395
3.819e-14,1.1227,0.67704,0.86164,5.4025,0.77013,0.39664,0.60371,4.138,0.37492,0.19608,0.14811,0.12317,0.10708,0.095576,0.086778,0.07974,0.073971,0.069104,0.064942,0.061359,0.058166,0.055379,0.052893,0.050656,0.048661,0.046847,0.045191,0.043695,0.04231,0.041046,0.039882,0.038884,0.03782,0.036902,0.036052,0.035263,0.034534,0.033853,0.033221,0.032627,0.032085,0.031576,0.031104,0.030657,0.030255,0.029876,0.029525,0.029201,0.028901,0.028626,0.028374,0.028143,0.027935,0.027746,0.027578,0.027432,0.027297,0.027184,0.027091,0.027013,0.026954,0.026912,0.026886
1.99e-14,0.79679,0.4748,0.54759,3.7674,0.52295,0.28798,0.34537,2.6259,0.26272,0.13302,0.10047,0.084139,0.072836,0.064928,0.058866,0.054014,0.050034,0.046685,0.043827,0.041382,0.03918,0.037273,0.035574,0.034048,0.032688,0.031452,0.030327,0.02931,0.028369,0.02751,0.02672,0.026028,0.025324,0.024702,0.024127,0.02359,0.023099,0.022639,0.022211,0.02181,0.021444,0.0211,0.02078,0.02048,0.020207,0.01995,0.019713,0.019495,0.019292,0.019106,0.018935,0.018777,0.018639,0.018511,0.018397,0.018298,0.018207,0.01813,0.018066,0.018014,0.017973,0.017944,0.017927
1.995e-14,0.89946,0.54632,0.68552,6.5738,0.92598,0.53869,0.66122,6.1466,0.55326,0.25593,0.1777,0.14306,0.12094,0.10603,0.094984,0.086336,0.079444,0.073723,0.068904,0.064805,0.061206,0.058085,0.055326,0.052858,0.050681,0.048704,0.046912,0.045289,0.043806,0.042451,0.041207,0.040123,0.039014,0.038041,0.037141,0.036307,0.035537,0.03482,0.034153,0.033532,0.032962,0.032428,0.031932,0.03147,0.031044,0.030647,0.030281,0.029943,0.02963,0.029343,0.029079,0.028839,0.028623,0.028426,0.028251,0.028097,0.027959,0.027841,0.027743,0.027663,0.027601,0.027557,0.027531
1.0536e-14,0.50361,0.30807,0.3511,3.2574,0.46452,0.22267,0.32071,2.815,0.29933,0.13978,0.10132,0.081726,0.069427,0.060802,0.054369,0.049322,0.045314,0.04198,0.039174,0.036794,0.034699,0.032888,0.031288,0.029863,0.0286,0.027457,0.026422,0.025487,0.024633,0.023852,0.023137,0.022503,0.021877,0.021318,0.020802,0.020324,0.019883,0.019472,0.019091,0.018737,0.018409,0.018104,0.01782,0.017555,0.017312,0.017085,0.016876,0.016682,0.016503,0.016339,0.016188,0.016051,0.015927,0.015814,0.015713,0.015623,0.015545,0.015478,0.015421,0.015374,0.015338,0.015313,0.015297
1.3352e-14,0.57141,0.35211,0.46659,3.2414,0.44187,0.24906,0.33501,3.1532,0.27696,0.12871,0.092861,0.074962,0.063828,0.056178,0.050473,0.045994,0.042399,0.039404,0.036875,0.034715,0.032812,0.031158,0.029694,0.028384,0.027224,0.02617,0.025215,0.024344,0.023555,0.022831,0.022165,0.021577,0.02099,0.020468,0.019986,0.019538,0.019126,0.018741,0.018384,0.01805,0.017744,0.017457,0.01719,0.016946,0.016713,0.0165,0.016303,0.016121,0.015953,0.015798,0.015656,0.015525,0.015411,0.015305,0.01521,0.015127,0.015053,0.014989,0.014936,0.014894,0.014859,0.014835,0.014821
2.1477e-14,0.8457,0.61834,0.91451,4.5558,0.5032,0.29942,0.36382,3.154,0.30741,0.15877,0.12163,0.10148,0.088494,0.079007,0.071714,0.065855,0.061071,0.057028,0.053579,0.050583,0.047957,0.045647,0.043589,0.041746,0.040091,0.03859,0.037224,0.035987,0.034844,0.0338,0.032839,0.032001,0.031138,0.03038,0.029679,0.02903,0.028426,0.027864,0.027343,0.026859,0.026407,0.025988,0.025597,0.025228,0.024898,0.024585,0.024296,0.024029,0.023781,0.023555,0.023346,0.023162,0.022986,0.02283,0.022691,0.022567,0.02246,0.022368,0.02229,0.022224,0.022177,0.022142,0.022121
4.2481e-14,1.4618,0.98657,1.062,7.3797,0.90826,0.44621,0.56767,4.4789,0.37907,0.19581,0.14943,0.1255,0.10993,0.098642,0.089943,0.082896,0.077108,0.072173,0.067937,0.064277,0.060993,0.058121,0.055555,0.053246,0.051171,0.049286,0.047568,0.046009,0.044564,0.043245,0.042029,0.040975,0.039875,0.038912,0.038022,0.037195,0.03643,0.035716,0.035052,0.034428,0.033859,0.033324,0.032826,0.032353,0.031935,0.031536,0.031166,0.030825,0.030508,0.030219,0.029952,0.029714,0.029491,0.029291,0.029113,0.028961,0.028816,0.028698,0.028597,0.028513,0.028453,0.028408,0.02838
3.4682e-14,1.3207,0.69507,0.75191,5.394,0.78005,0.467,0.62221,4.9478,0.45227,0.22459,0.16357,0.13427,0.11597,0.103,0.093169,0.085353,0.078983,0.073633,0.069075,0.065153,0.061689,0.058655,0.055957,0.053536,0.051379,0.049414,0.047633,0.046012,0.044525,0.043163,0.04191,0.040775,0.039696,0.038708,0.037795,0.036948,0.036163,0.035432,0.034752,0.034119,0.033534,0.032986,0.032477,0.031999,0.031565,0.031156,0.030778,0.030428,0.030104,0.029807,0.029533,0.029285,0.029057,0.028851,0.028667,0.028504,0.028359,0.028235,0.028129,0.028042,0.027976,0.027927,0.027897
1.3714e-14,0.71386,0.43328,0.58534,4.7535,0.69881,0.38603,0.55204,4.1398,0.46355,0.21339,0.15306,0.12245,0.104,0.091284,0.081847,0.074486,0.068589,0.063697,0.059575,0.056078,0.052973,0.050297,0.047928,0.045809,0.043941,0.042243,0.040701,0.039311,0.038034,0.036867,0.035797,0.034865,0.033906,0.033066,0.03229,0.031569,0.030906,0.030287,0.029711,0.029173,0.028682,0.02822,0.027793,0.02739,0.027024,0.026681,0.026364,0.026072,0.025801,0.025553,0.025324,0.025116,0.02493,0.02476,0.024608,0.024477,0.024356,0.024254,0.02417,0.0241,0.024046,0.024008,0.023985
1.3096e-14,0.53104,0.34149,0.46916,3.3644,0.52355,0.27776,0.37094,3.3018,0.32713,0.1539,0.11001,0.088562,0.075589,0.066458,0.059635,0.0543,0.049999,0.046434,0.043423,0.040849,0.038594,0.036632,0.034894,0.033339,0.031965,0.030718,0.029585,0.028556,0.027622,0.026765,0.025979,0.025303,0.024589,0.023972,0.023403,0.022874,0.022386,0.021931,0.021509,0.021116,0.020752,0.020413,0.020099,0.019806,0.019534,0.019282,0.019048,0.018833,0.018633,0.01845,0.018282,0.01813,0.01799,0.017864,0.017752,0.017651,0.017564,0.017488,0.017425,0.017372,0.017331,0.017302,0.017284
1.5177e-14,0.5888,0.36263,0.46095,3.5682,0.46083,0.26839,0.37518,3.3382,0.30419,0.13915,0.10296,0.083957,0.071838,0.063512,0.05724,0.052287,0.048288,0.044947,0.042116,0.039703,0.037553,0.035691,0.034038,0.032557,0.031243,0.030048,0.028964,0.027977,0.027078,0.026253,0.025495,0.024819,0.024157,0.023562,0.023011,0.022499,0.022029,0.021589,0.02118,0.020799,0.020449,0.02012,0.019815,0.019534,0.01927,0.019026,0.0188,0.018592,0.018399,0.018222,0.018059,0.017909,0.017778,0.017657,0.017549,0.017454,0.017368,0.017296,0.017235,0.017187,0.017147,0.01712,0.017104
5.0297e-14,1.6812,0.97818,1.2269,6.8698,0.91999,0.5814,0.74021,4.2308,0.4399,0.22023,0.16835,0.14176,0.12422,0.11157,0.10176,0.093804,0.087279,0.081722,0.076947,0.072833,0.069122,0.065884,0.062988,0.060383,0.058044,0.055916,0.053971,0.052204,0.050578,0.049085,0.047709,0.046554,0.045269,0.044181,0.043173,0.042236,0.041369,0.04056,0.039807,0.039101,0.038455,0.037847,0.037283,0.036751,0.036269,0.035815,0.035395,0.035009,0.034649,0.034319,0.034016,0.033742,0.03349,0.033263,0.033059,0.032884,0.03272,0.032584,0.03247,0.032374,0.032304,0.032251,0.032219
5.3897e-14,1.9564,1.0302,1.1947,7.2348,0.97999,0.57385,0.78817,4.5333,0.4544,0.23564,0.17754,0.14845,0.12916,0.11535,0.10471,0.096149,0.089153,0.083235,0.078186,0.073828,0.06995,0.066569,0.063553,0.060864,0.05843,0.056236,0.054231,0.052424,0.050751,0.049224,0.047817,0.046633,0.045332,0.044226,0.043203,0.042251,0.041373,0.040552,0.039792,0.039092,0.038426,0.037813,0.037245,0.036707,0.036224,0.035767,0.035345,0.034958,0.034597,0.034266,0.033962,0.033686,0.033436,0.033209,0.033007,0.032821,0.03267,0.032535,0.032423,0.032329,0.032258,0.032208,0.032178
4.1497e-14,1.6698,1.0528,1.3748,8.849,0.96409,0.61489,0.70736,5.0658,0.52934,0.26106,0.19663,0.16433,0.14299,0.12773,0.11602,0.10667,0.098955,0.092452,0.086887,0.082073,0.077808,0.074076,0.070745,0.067764,0.06508,0.062647,0.060432,0.058425,0.056571,0.054877,0.053316,0.051903,0.050558,0.049326,0.048188,0.047132,0.046153,0.045239,0.044392,0.043608,0.042873,0.04219,0.041556,0.040957,0.040419,0.03991,0.03944,0.039005,0.038603,0.038234,0.037895,0.037592,0.037308,0.037055,0.036828,0.036627,0.036452,0.036301,0.036174,0.036068,0.035991,0.035933,0.035899
1.5156e-14,0.59537,0.33821,0.49795,3.4719,0.47317,0.32203,0.41564,3.4877,0.33028,0.14751,0.10777,0.088267,0.075585,0.066896,0.060364,0.055225,0.051046,0.047552,0.044585,0.042037,0.039787,0.037826,0.036083,0.034513,0.033129,0.031866,0.030718,0.029677,0.028722,0.027847,0.027043,0.026319,0.025624,0.024991,0.024406,0.023862,0.023362,0.022894,0.022459,0.022052,0.02168,0.021331,0.021006,0.020704,0.020424,0.020163,0.019923,0.0197,0.019494,0.019305,0.019132,0.018972,0.018831,0.018701,0.018584,0.018484,0.018391,0.018313,0.018248,0.018195,0.018154,0.018124,0.018106
1.3281e-14,0.62137,0.34444,0.424,3.0586,0.44128,0.26346,0.346,2.9544,0.26076,0.12105,0.087967,0.070907,0.060211,0.052926,0.047481,0.043234,0.039797,0.036954,0.034555,0.032515,0.030711,0.02915,0.027767,0.02653,0.025435,0.024442,0.02354,0.022726,0.021978,0.021295,0.020669,0.020117,0.019564,0.019072,0.018618,0.018196,0.017809,0.017446,0.01711,0.016797,0.016507,0.016237,0.015986,0.015752,0.015536,0.015335,0.015149,0.014977,0.014818,0.014672,0.014537,0.014413,0.014305,0.014205,0.014115,0.014035,0.013965,0.013905,0.013854,0.013814,0.013781,0.013758,0.013745
5.234e-14,2.047,1.1762,1.7035,10.137,1.1602,0.66747,0.84601,5.2742,0.52074,0.28541,0.21809,0.18408,0.16121,0.14453,0.13156,0.12109,0.11245,0.10514,0.098872,0.093471,0.08862,0.084394,0.080618,0.077221,0.074192,0.07143,0.068909,0.066617,0.064514,0.062583,0.060805,0.059246,0.057655,0.056252,0.054953,0.053741,0.052628,0.051584,0.050615,0.049707,0.048878,0.048097,0.047371,0.046695,0.046068,0.045484,0.044945,0.044448,0.043986,0.043563,0.043173,0.042814,0.042498,0.042207,0.041947,0.041724,0.041514,0.041339,0.041193,0.041075,0.040981,0.040915,0.040876
4.7741e-14,1.6669,0.91153,1.1967,7.2868,0.78669,0.49113,0.59015,3.6152,0.34748,0.18577,0.14531,0.12415,0.10971,0.099188,0.090881,0.084051,0.078403,0.073552,0.069357,0.06574,0.062431,0.059555,0.056974,0.054647,0.052558,0.050653,0.048904,0.047318,0.045857,0.044514,0.043275,0.042239,0.041079,0.040098,0.039189,0.038339,0.037562,0.036831,0.03615,0.035517,0.034932,0.034383,0.033874,0.033402,0.032959,0.032549,0.03217,0.031822,0.031497,0.0312,0.030926,0.03067,0.030453,0.030249,0.030066,0.029906,0.029762,0.029639,0.029538,0.029457,0.02939,0.029345,0.029317
1.9363e-14,0.68042,0.3259,0.42447,3.0025,0.37405,0.21595,0.29249,2.4249,0.23041,0.11789,0.086972,0.071567,0.061673,0.054687,0.049396,0.045204,0.041794,0.038942,0.036517,0.034451,0.032602,0.031002,0.029577,0.028306,0.027166,0.026135,0.025194,0.024346,0.023565,0.02285,0.022193,0.021632,0.021033,0.020516,0.020039,0.019593,0.019186,0.018803,0.018448,0.01812,0.017812,0.017527,0.017262,0.017014,0.016786,0.016574,0.016377,0.016197,0.016028,0.015874,0.015733,0.015602,0.015487,0.015382,0.015287,0.015202,0.01513,0.015066,0.015014,0.014971,0.014937,0.014913,0.014898
1.2255e-14,0.53247,0.29545,0.39613,2.4568,0.28373,0.18259,0.21201,1.6746,0.1697,0.083901,0.062558,0.051569,0.044435,0.039424,0.035608,0.032586,0.03011,0.028043,0.026285,0.02478,0.023445,0.022284,0.021252,0.020333,0.019506,0.018758,0.01808,0.017468,0.0169,0.016384,0.015909,0.015481,0.015071,0.014698,0.014353,0.014032,0.013738,0.013462,0.013206,0.012971,0.012748,0.012542,0.012351,0.012171,0.012009,0.011856,0.011714,0.011584,0.011463,0.011352,0.01125,0.011157,0.011074,0.010998,0.01093,0.010868,0.010817,0.010771,0.010733,0.010702,0.010679,0.010662,0.010651
1.8812e-14,0.76923,0.44878,0.56996,3.9496,0.52284,0.29765,0.41844,3.4928,0.34217,0.15937,0.11829,0.096452,0.082624,0.072956,0.065672,0.05994,0.055327,0.051471,0.048202,0.045401,0.042934,0.040787,0.038882,0.037179,0.03566,0.034285,0.033035,0.0319,0.030867,0.029918,0.029047,0.028296,0.027509,0.026826,0.026193,0.025606,0.025066,0.024561,0.024092,0.023658,0.023253,0.022876,0.022527,0.022205,0.0219,0.02162,0.021361,0.021123,0.020901,0.020698,0.020512,0.02034,0.020189,0.02005,0.019926,0.019814,0.019719,0.019636,0.019566,0.019511,0.019465,0.019434,0.019415
1.2571e-14,0.57455,0.40161,0.55594,2.9447,0.34869,0.22144,0.27726,2.5338,0.23189,0.11339,0.085007,0.069968,0.060447,0.053705,0.048584,0.044564,0.041199,0.038416,0.036047,0.034011,0.032209,0.030637,0.029239,0.027986,0.026866,0.02585,0.024926,0.024091,0.023319,0.022615,0.021968,0.021422,0.020821,0.020311,0.01984,0.019403,0.018998,0.01862,0.01827,0.017944,0.017641,0.017359,0.017098,0.016849,0.016628,0.016418,0.016223,0.016045,0.015878,0.015726,0.015586,0.01546,0.015343,0.015239,0.015145,0.015061,0.014989,0.014927,0.014874,0.01483,0.014798,0.014774,0.014759
1.8514e-14,0.58425,0.38233,0.54539,2.7427,0.35733,0.19964,0.19981,1.7727,0.14419,0.080492,0.062494,0.053021,0.046558,0.041863,0.038196,0.035223,0.032744,0.030647,0.028842,0.027285,0.025884,0.024662,0.023569,0.02259,0.021704,0.020903,0.020171,0.019507,0.018894,0.018333,0.017816,0.017362,0.0169,0.016492,0.016114,0.015763,0.015438,0.015135,0.014853,0.01459,0.014347,0.01412,0.013909,0.013709,0.01353,0.013361,0.013203,0.013059,0.012925,0.012802,0.012689,0.012587,0.012493,0.012409,0.012333,0.012267,0.012208,0.012157,0.012115,0.01208,0.012054,0.012035,0.012024
2.2486e-14,1.1629,0.83192,0.68598,3.8888,0.42305,0.29009,0.32909,2.9969,0.24057,0.14045,0.11091,0.094623,0.083878,0.075826,0.069492,0.064502,0.059988,0.056285,0.053093,0.050288,0.047825,0.045635,0.043672,0.041911,0.040308,0.038857,0.037526,0.036319,0.035207,0.034185,0.03324,0.032487,0.031567,0.030816,0.030123,0.029481,0.028882,0.028324,0.027807,0.027328,0.026874,0.026456,0.026067,0.025702,0.025368,0.025055,0.024765,0.024499,0.02425,0.024023,0.023815,0.023629,0.023452,0.023296,0.023156,0.023029,0.022924,0.022831,0.022754,0.022688,0.02264,0.022604,0.022583
4.1028e-14,1.2375,0.53894,0.79859,5.3528,0.65973,0.37526,0.43229,3.1546,0.31159,0.17031,0.12895,0.10827,0.094458,0.084521,0.076853,0.070687,0.065594,0.061297,0.057618,0.054469,0.051612,0.049137,0.046929,0.044952,0.043172,0.041558,0.04009,0.038764,0.037527,0.036401,0.035365,0.034442,0.033533,0.032715,0.031958,0.031253,0.030605,0.029999,0.029436,0.028913,0.028425,0.027971,0.027549,0.027146,0.026791,0.026453,0.02614,0.025851,0.025583,0.025337,0.025111,0.024906,0.024718,0.02455,0.024399,0.024264,0.024147,0.024046,0.023961,0.023889,0.023837,0.023799,0.023776
2.0308e-14,0.71912,0.36929,0.5087,3.6066,0.44793,0.2724,0.37405,2.9529,0.28107,0.14285,0.10061,0.080288,0.06785,0.059274,0.053023,0.048153,0.044264,0.04104,0.038323,0.036043,0.033988,0.03223,0.030675,0.029293,0.028059,0.026945,0.025937,0.025025,0.02419,0.023428,0.022729,0.02212,0.021498,0.020951,0.020446,0.019975,0.019546,0.019143,0.01877,0.018424,0.018102,0.017802,0.017524,0.017265,0.017026,0.016804,0.016598,0.016409,0.016233,0.016072,0.015924,0.015786,0.015667,0.015556,0.015457,0.015369,0.015292,0.015226,0.01517,0.015125,0.015089,0.015064,0.015048
2.0719e-14,0.81254,0.36442,0.51362,3.5717,0.40419,0.23059,0.2514,1.9643,0.19863,0.10123,0.076463,0.064271,0.0564,0.050723,0.046334,0.042801,0.039846,0.037348,0.035196,0.033341,0.03166,0.030195,0.028883,0.027706,0.02664,0.025674,0.024789,0.023991,0.023248,0.022568,0.021942,0.021385,0.02083,0.020335,0.019876,0.019447,0.019053,0.018684,0.018341,0.018023,0.017724,0.017447,0.017191,0.016947,0.016728,0.016521,0.01633,0.016153,0.01599,0.01584,0.015702,0.015575,0.015462,0.01536,0.015268,0.015184,0.015114,0.015053,0.015002,0.014959,0.014927,0.014904,0.01489
1.053e-14,0.46504,0.27866,0.33242,2.487,0.22662,0.14214,0.19088,1.4761,0.12474,0.06505,0.048151,0.039843,0.034539,0.030756,0.02787,0.025541,0.023677,0.022091,0.020742,0.019576,0.018547,0.017647,0.016845,0.016125,0.015481,0.014897,0.014366,0.013878,0.013438,0.013032,0.012658,0.012304,0.011997,0.011702,0.01143,0.011176,0.010943,0.010725,0.010522,0.010333,0.010159,0.009996,0.0098442,0.0097066,0.009573,0.0094515,0.0093391,0.0092352,0.0091394,0.0090513,0.0089703,0.0088949,0.0088305,0.0087697,0.0087156,0.0086684,0.0086255,0.0085892,0.0085585,0.0085349,0.0085145,0.0085006,0.008492
1.2474e-14,0.51721,0.30003,0.39957,2.4574,0.26234,0.18689,0.20006,1.7249,0.13475,0.072875,0.057224,0.049181,0.043722,0.039602,0.036325,0.033688,0.031378,0.029449,0.027778,0.02633,0.02502,0.023872,0.022843,0.021913,0.021078,0.020317,0.019622,0.018987,0.018404,0.017868,0.017374,0.016937,0.016496,0.016104,0.015741,0.015401,0.01509,0.014798,0.014527,0.014274,0.014039,0.01382,0.013616,0.013428,0.01325,0.013087,0.012935,0.012796,0.012666,0.012547,0.012438,0.012335,0.012249,0.012167,0.012094,0.01203,0.011973,0.011925,0.011884,0.011852,0.011825,0.011806,0.011795
1.8982e-14,0.68275,0.3481,0.43737,2.6675,0.3431,0.18718,0.19641,1.6587,0.15134,0.080018,0.063238,0.053947,0.047684,0.043087,0.039465,0.036541,0.034028,0.031918,0.030093,0.028516,0.027086,0.025838,0.024718,0.023712,0.022802,0.021976,0.021219,0.020534,0.019898,0.019316,0.018779,0.018329,0.017827,0.017402,0.017008,0.016641,0.016303,0.015986,0.015691,0.015418,0.015162,0.014925,0.014703,0.014495,0.014307,0.014129,0.013965,0.013814,0.013673,0.013543,0.013425,0.013317,0.013219,0.013131,0.013051,0.01298,0.012919,0.012865,0.012821,0.012784,0.012756,0.012736,0.012723
1.7607e-14,0.83564,0.49594,0.54669,4.5202,0.44752,0.25774,0.28522,2.3526,0.17013,0.10251,0.083035,0.072279,0.064757,0.059077,0.054508,0.050738,0.047488,0.044708,0.042284,0.040181,0.03825,0.036553,0.035029,0.033657,0.032401,0.031262,0.03022,0.029266,0.028386,0.027577,0.026829,0.026156,0.025499,0.024904,0.024352,0.023835,0.023361,0.022916,0.022502,0.022123,0.021757,0.021422,0.02111,0.02082,0.020551,0.0203,0.020067,0.019853,0.019654,0.019471,0.019304,0.019147,0.019013,0.018887,0.018775,0.01867,0.018588,0.018513,0.01845,0.0184,0.018359,0.01833,0.018313
3.0173e-14,1.0017,0.51139,0.64812,4.4375,0.56848,0.32856,0.32436,2.3336,0.23829,0.13811,0.10483,0.08809,0.077032,0.069027,0.062848,0.057858,0.053741,0.050254,0.047264,0.044686,0.042366,0.040346,0.038541,0.036922,0.035467,0.034145,0.032942,0.031851,0.030839,0.029916,0.029065,0.028311,0.027561,0.02689,0.026268,0.02569,0.025157,0.024658,0.024196,0.023765,0.023365,0.022992,0.022645,0.022317,0.022023,0.021745,0.021487,0.02125,0.021029,0.020828,0.020642,0.020473,0.02032,0.020181,0.020057,0.019948,0.019851,0.019768,0.019698,0.01964,0.019597,0.019566,0.019547
1.5241e-14,0.68317,0.3784,0.45562,2.9727,0.32653,0.1966,0.22771,1.7787,0.17588,0.096369,0.073616,0.061578,0.053488,0.047765,0.043367,0.039863,0.03697,0.034547,0.032473,0.030703,0.029096,0.027706,0.026464,0.025349,0.024351,0.023443,0.022616,0.021864,0.021176,0.020543,0.019961,0.019422,0.01893,0.01847,0.018044,0.017646,0.017284,0.016942,0.016626,0.01633,0.016057,0.015802,0.015565,0.015347,0.015139,0.014949,0.014773,0.01461,0.014459,0.014322,0.014195,0.014073,0.013974,0.01388,0.013795,0.01372,0.013654,0.013597,0.01355,0.013513,0.013481,0.013459,0.013446
1.369e-14,0.47999,0.22666,0.27947,2.1366,0.2084,0.13836,0.1558,1.2802,0.10883,0.059602,0.045797,0.038639,0.033927,0.030479,0.027796,0.025633,0.023833,0.022309,0.020998,0.019873,0.018849,0.017961,0.017166,0.016454,0.01581,0.015227,0.014694,0.014209,0.013765,0.013356,0.01298,0.012649,0.012313,0.012015,0.011739,0.011481,0.011246,0.011024,0.010819,0.010629,0.01045,0.010284,0.01013,0.0099878,0.0098529,0.0097289,0.0096144,0.0095087,0.0094104,0.0093205,0.009238,0.0091594,0.0090944,0.0090326,0.0089772,0.0089268,0.0088852,0.008848,0.0088172,0.0087927,0.0087722,0.0087582,0.0087497
2.0972e-14,1.061,0.42139,0.59946,5.079,0.40868,0.29861,0.30112,2.7718,0.17961,0.10868,0.087593,0.076308,0.068244,0.062131,0.057199,0.05312,0.049654,0.046682,0.04409,0.041859,0.039796,0.037998,0.036383,0.034922,0.033608,0.032407,0.03131,0.030302,0.029383,0.028533,0.02775,0.02704,0.026354,0.025733,0.025155,0.024613,0.02412,0.023656,0.023223,0.022821,0.022447,0.022097,0.021772,0.021477,0.02119,0.020928,0.020686,0.020463,0.020256,0.020066,0.019892,0.019723,0.019588,0.019458,0.019341,0.019237,0.019146,0.019068,0.019002,0.018952,0.018906,0.018876,0.018858
1.7413e-14,0.61863,0.33831,0.3722,2.607,0.31286,0.18576,0.18362,1.457,0.12977,0.076735,0.06032,0.051203,0.045193,0.040715,0.037202,0.034356,0.031964,0.02994,0.028196,0.026682,0.025329,0.024142,0.023079,0.022131,0.021263,0.020481,0.019767,0.019118,0.018519,0.01797,0.017464,0.017026,0.016568,0.016167,0.015796,0.015452,0.015133,0.014835,0.014559,0.014306,0.014061,0.013838,0.01363,0.013434,0.013257,0.01309,0.012936,0.012793,0.012661,0.01254,0.012428,0.012328,0.012235,0.012151,0.012076,0.012006,0.011952,0.011902,0.011859,0.011824,0.011799,0.01178,0.011768
3.0787e-14,1.0708,0.57141,0.62951,4.3121,0.48505,0.28573,0.24859,1.9229,0.19506,0.11897,0.093942,0.080033,0.070734,0.063817,0.058381,0.053925,0.050241,0.047095,0.044385,0.042056,0.039921,0.03807,0.036411,0.034921,0.033573,0.032351,0.031234,0.030216,0.029281,0.028421,0.027628,0.026925,0.026224,0.025597,0.025016,0.024474,0.023977,0.02351,0.023076,0.022673,0.022297,0.021947,0.021621,0.021318,0.021038,0.020777,0.020535,0.020312,0.020106,0.019916,0.019742,0.01958,0.01944,0.01931,0.019193,0.01909,0.019,0.018922,0.018857,0.018805,0.018763,0.018734,0.018717
2.4048e-14,0.83443,0.32513,0.35766,2.4905,0.27,0.16276,0.20512,1.442,0.13658,0.079886,0.06146,0.051888,0.045522,0.040876,0.037265,0.034321,0.031916,0.029863,0.0281,0.026563,0.025213,0.02402,0.022955,0.022001,0.021137,0.020356,0.019643,0.018995,0.018398,0.017852,0.017347,0.016915,0.016456,0.016058,0.01569,0.01535,0.015032,0.014737,0.014462,0.01421,0.01397,0.013748,0.013543,0.013349,0.013175,0.01301,0.012857,0.012716,0.012586,0.012466,0.012356,0.01226,0.012166,0.012084,0.012011,0.011943,0.011889,0.01184,0.011798,0.011764,0.011739,0.011721,0.01171
2.0604e-14,0.83503,0.32539,0.4639,3.1838,0.28189,0.18738,0.21676,1.5976,0.14037,0.078494,0.061567,0.052636,0.04663,0.042202,0.038712,0.035872,0.033472,0.031428,0.029654,0.028135,0.026726,0.025504,0.024408,0.023422,0.02253,0.021718,0.020978,0.020304,0.019677,0.019104,0.018576,0.018094,0.017637,0.017219,0.01683,0.016467,0.016133,0.015821,0.01553,0.015261,0.015008,0.014773,0.014554,0.014346,0.014162,0.013986,0.013824,0.013673,0.013535,0.013407,0.01329,0.013182,0.013085,0.012998,0.012919,0.012848,0.012788,0.012735,0.012691,0.012654,0.012626,0.012606,0.012594
1.2302e-14,0.49227,0.26281,0.34194,2.2265,0.25554,0.14517,0.16023,1.3935,0.096927,0.05664,0.044349,0.037774,0.033312,0.03,0.027393,0.025309,0.023504,0.022,0.020704,0.019583,0.018579,0.017699,0.016912,0.016208,0.015567,0.014988,0.01446,0.013981,0.013539,0.013134,0.012761,0.012434,0.0121,0.011805,0.011532,0.011279,0.011044,0.010825,0.010622,0.010435,0.010256,0.010092,0.0099396,0.0097942,0.0096658,0.0095435,0.0094301,0.0093257,0.0092287,0.0091398,0.0090584,0.0089859,0.0089163,0.008855,0.0088002,0.0087493,0.008709,0.0086725,0.0086418,0.0086154,0.0085971,0.0085832,0.0085749
1.2764e-14,0.72317,0.42689,0.4807,4.4564,0.35463,0.22283,0.25033,2.1885,0.15306,0.095436,0.077713,0.067899,0.061009,0.05574,0.051485,0.048012,0.044938,0.042337,0.040067,0.038103,0.036279,0.034685,0.03325,0.031953,0.030775,0.029701,0.028716,0.027814,0.026986,0.026221,0.025515,0.024903,0.024255,0.023693,0.023171,0.02268,0.022233,0.021812,0.021419,0.021059,0.020713,0.020396,0.020101,0.01983,0.01957,0.019332,0.019112,0.018909,0.018721,0.018548,0.018389,0.018236,0.018113,0.017994,0.017888,0.01779,0.017712,0.01764,0.017581,0.017535,0.017495,0.017468,0.017452
2.793e-14,0.86187,0.43263,0.49875,3.1627,0.43299,0.22016,0.23995,1.6916,0.15322,0.088032,0.068884,0.058568,0.051438,0.046269,0.042221,0.03893,0.036193,0.033871,0.031872,0.030159,0.028594,0.02724,0.02603,0.024942,0.023964,0.023076,0.022267,0.021535,0.020853,0.020231,0.019658,0.019129,0.018644,0.018192,0.017773,0.017382,0.017025,0.016688,0.016376,0.016085,0.015816,0.015564,0.01533,0.015108,0.01491,0.014723,0.014549,0.014388,0.01424,0.014103,0.013978,0.013863,0.013761,0.013667,0.013583,0.01351,0.013444,0.013387,0.01334,0.013302,0.013272,0.013251,0.013238
1.5628e-14,0.58556,0.26139,0.28685,1.8008,0.19838,0.11724,0.15534,1.0224,0.0953,0.052964,0.040999,0.034704,0.030458,0.027379,0.024978,0.023019,0.021408,0.020034,0.018855,0.017828,0.016917,0.016118,0.015403,0.014757,0.014181,0.013655,0.013177,0.01274,0.01234,0.011972,0.011632,0.011332,0.011033,0.010764,0.010516,0.010286,0.010073,0.0098726,0.0096877,0.0095131,0.0093547,0.0092053,0.0090661,0.0089369,0.008817,0.0087052,0.0086017,0.0085064,0.0084177,0.0083367,0.0082617,0.008195,0.0081325,0.0080761,0.0080258,0.0079827,0.0079419,0.0079084,0.0078797,0.0078567,0.0078387,0.0078257,0.0078178
1.5211e-14,0.72926,0.3583,0.35916,3.7468,0.27538,0.19244,0.22013,1.9573,0.13203,0.089069,0.073621,0.064427,0.057881,0.052829,0.048738,0.045337,0.042437,0.039939,0.037761,0.035874,0.034131,0.032609,0.031239,0.029997,0.028879,0.027857,0.026922,0.026068,0.025278,0.024552,0.023882,0.023267,0.022689,0.022156,0.021661,0.021198,0.020773,0.020375,0.020004,0.019657,0.019336,0.019036,0.018757,0.018496,0.018255,0.01803,0.017823,0.01763,0.017452,0.017289,0.017139,0.016999,0.016878,0.016766,0.016665,0.016576,0.016498,0.016431,0.016375,0.016329,0.016293,0.016268,0.016253
1.8739e-14,0.84236,0.46577,0.53835,4.5365,0.34839,0.23329,0.23448,2.1872,0.15864,0.10628,0.08579,0.074079,0.065814,0.059622,0.054689,0.050661,0.047249,0.04434,0.041822,0.039659,0.037661,0.035926,0.034372,0.032963,0.031705,0.030556,0.029507,0.028553,0.027666,0.026856,0.026109,0.025425,0.024782,0.02419,0.023641,0.023127,0.022657,0.022215,0.021806,0.021419,0.021067,0.020736,0.020427,0.020136,0.019873,0.019625,0.019396,0.019184,0.018987,0.018807,0.018642,0.018487,0.018353,0.018229,0.018117,0.018021,0.017932,0.017858,0.017795,0.017743,0.017703,0.017674,0.017656
1.4464e-14,0.60712,0.36925,0.46555,3.603,0.32065,0.19623,0.23355,1.7671,0.14689,0.085581,0.067819,0.05822,0.05162,0.046726,0.042851,0.03964,0.03701,0.034735,0.03277,0.031061,0.02952,0.028168,0.026956,0.025861,0.024876,0.02398,0.02316,0.022415,0.021724,0.021092,0.020508,0.019976,0.019473,0.01901,0.018581,0.018182,0.017813,0.017468,0.017148,0.016848,0.01657,0.016312,0.016071,0.015844,0.015638,0.015445,0.015266,0.015101,0.014948,0.014807,0.014678,0.014561,0.014454,0.014357,0.014271,0.014195,0.014128,0.01407,0.014022,0.013981,0.013952,0.01393,0.013917
1.7037e-14,0.67104,0.43203,0.68753,3.4267,0.44328,0.23505,0.25703,1.7612,0.16367,0.091561,0.072219,0.061612,0.054278,0.048887,0.044648,0.041226,0.038317,0.035873,0.033771,0.031942,0.030313,0.028884,0.027607,0.026456,0.025423,0.024485,0.02363,0.022853,0.022135,0.021478,0.020872,0.02031,0.019801,0.019323,0.01888,0.018468,0.018088,0.017733,0.017404,0.017095,0.016811,0.016545,0.016298,0.016065,0.015854,0.015656,0.015473,0.015304,0.015147,0.015004,0.014872,0.014752,0.014643,0.014544,0.014456,0.014379,0.01431,0.014251,0.014201,0.014161,0.01413,0.014108,0.014095
1.9576e-14,0.83519,0.50927,0.83747,3.9929,0.49522,0.27631,0.27063,2.0889,0.19319,0.11203,0.088611,0.075597,0.066615,0.060054,0.0549,0.050749,0.047196,0.044216,0.041651,0.039401,0.037421,0.035671,0.034105,0.032693,0.031423,0.030272,0.02922,0.028267,0.02738,0.026571,0.025826,0.02514,0.024503,0.023913,0.023367,0.022862,0.02239,0.021951,0.021545,0.021164,0.020812,0.020484,0.020178,0.019886,0.019629,0.019385,0.019158,0.018948,0.018755,0.018577,0.018414,0.01827,0.01813,0.018008,0.017899,0.017803,0.017718,0.017645,0.017584,0.017531,0.017495,0.017468,0.017451
1.6297e-14,0.80393,0.54619,0.52435,2.6258,0.29311,0.21888,0.23659,2.1965,0.16715,0.10011,0.077373,0.065418,0.057654,0.051877,0.047361,0.043802,0.04064,0.038047,0.035818,0.033854,0.032162,0.03065,0.029298,0.028083,0.026989,0.025996,0.025086,0.02426,0.023506,0.022811,0.022169,0.02166,0.021033,0.020525,0.020056,0.019623,0.019216,0.018839,0.01849,0.018165,0.017861,0.017578,0.017317,0.017071,0.016844,0.016634,0.016439,0.01626,0.016092,0.015939,0.015799,0.015676,0.015554,0.015449,0.015355,0.01527,0.015198,0.015135,0.015083,0.015038,0.015005,0.014981,0.014966
2.8135e-14,0.80302,0.38139,0.45208,2.6209,0.36518,0.20402,0.23606,1.5656,0.16354,0.09065,0.068704,0.057593,0.050154,0.044844,0.040745,0.03744,0.034737,0.032448,0.030491,0.028796,0.0273,0.025987,0.024817,0.023767,0.022823,0.021969,0.021192,0.020484,0.019834,0.019238,0.018689,0.018199,0.017722,0.017289,0.016889,0.016517,0.016174,0.015853,0.015557,0.01528,0.015022,0.014782,0.014559,0.014352,0.01416,0.013981,0.013816,0.013664,0.013522,0.013393,0.013274,0.013164,0.013068,0.012979,0.012899,0.012828,0.012767,0.012714,0.012669,0.012634,0.012605,0.012585,0.012573
1.5943e-14,0.6048,0.28697,0.31034,2.5639,0.22157,0.13872,0.15281,1.2232,0.12641,0.073929,0.057917,0.049113,0.04314,0.038811,0.035427,0.032684,0.0304,0.028464,0.026797,0.025362,0.024065,0.022934,0.021922,0.02101,0.020193,0.01945,0.018771,0.018154,0.017585,0.017063,0.016582,0.016165,0.015732,0.015351,0.014999,0.014671,0.014369,0.014086,0.013824,0.013578,0.013351,0.01314,0.012943,0.012758,0.012589,0.012431,0.012284,0.012149,0.012023,0.011908,0.011803,0.011705,0.011619,0.01154,0.011469,0.011407,0.011351,0.011304,0.011264,0.011232,0.011206,0.011188,0.011177
1.6007e-14,0.69213,0.4365,0.49045,3.6784,0.37564,0.20239,0.22502,1.856,0.13387,0.085529,0.070359,0.061439,0.055038,0.050161,0.046225,0.04299,0.040189,0.037807,0.035734,0.033937,0.032282,0.030838,0.029539,0.028361,0.027302,0.026335,0.02545,0.024644,0.023896,0.023209,0.022576,0.021979,0.021451,0.020947,0.020479,0.020043,0.019642,0.019265,0.018915,0.018588,0.018285,0.018003,0.017739,0.017491,0.017266,0.017054,0.016859,0.016677,0.01651,0.016356,0.016215,0.016085,0.015969,0.015863,0.015769,0.015685,0.015612,0.015549,0.015496,0.015452,0.015419,0.015395,0.015381
2.1312e-14,1.0251,0.58294,0.80184,6.5075,0.5082,0.30316,0.32589,3.193,0.19584,0.11629,0.095917,0.084678,0.076809,0.070565,0.065427,0.061125,0.057376,0.054142,0.051298,0.048857,0.046525,0.044511,0.04269,0.041048,0.039541,0.038173,0.036915,0.035766,0.034703,0.033724,0.032818,0.032024,0.031204,0.030483,0.029812,0.02918,0.028608,0.028066,0.027562,0.0271,0.026654,0.026246,0.025866,0.025514,0.025183,0.024877,0.024593,0.024332,0.024089,0.023866,0.023662,0.023464,0.023307,0.023153,0.023016,0.022887,0.022788,0.022696,0.022619,0.022559,0.022508,0.022473,0.022453
2.0798e-14,1.1355,0.57543,0.85577,6.9891,0.54225,0.32065,0.33014,3.393,0.18029,0.11359,0.096254,0.085896,0.078542,0.072439,0.067325,0.063048,0.059207,0.055921,0.053025,0.050525,0.048149,0.046082,0.044214,0.042524,0.040976,0.039567,0.038271,0.037084,0.035988,0.034977,0.034042,0.033243,0.032371,0.031626,0.030932,0.030279,0.029686,0.029126,0.028602,0.028123,0.027662,0.027238,0.026844,0.02648,0.026137,0.025819,0.025524,0.025253,0.025001,0.024769,0.024557,0.024353,0.024187,0.024028,0.023885,0.023753,0.023648,0.023552,0.023472,0.023409,0.023356,0.02332,0.023299
2.2663e-14,1.1125,0.66539,1.0186,5.7189,0.59458,0.32802,0.34558,2.6917,0.20686,0.12393,0.1024,0.089991,0.080942,0.073945,0.068267,0.063673,0.059495,0.05601,0.052972,0.050324,0.047899,0.04577,0.043855,0.042126,0.040556,0.039125,0.037818,0.036615,0.035515,0.034499,0.033562,0.032705,0.03189,0.031145,0.030453,0.029805,0.029211,0.028653,0.028134,0.027653,0.0272,0.02678,0.026389,0.026027,0.025689,0.025374,0.025083,0.024814,0.024566,0.024337,0.024127,0.023932,0.023764,0.023607,0.023466,0.023339,0.023233,0.023139,0.02306,0.022998,0.022947,0.022911,0.022891
2.0635e-14,0.86937,0.55693,0.87838,4.2898,0.46175,0.27376,0.2961,1.8305,0.1912,0.12003,0.098066,0.085054,0.075809,0.068765,0.063126,0.058399,0.054549,0.051191,0.048288,0.045736,0.043476,0.041473,0.039679,0.038069,0.036602,0.035275,0.034066,0.032957,0.031942,0.031009,0.030147,0.029365,0.028618,0.027936,0.027304,0.026717,0.026172,0.025664,0.025192,0.024756,0.024342,0.023961,0.023607,0.023277,0.022971,0.022687,0.022423,0.02218,0.021955,0.021749,0.021558,0.021388,0.02123,0.021088,0.020961,0.020846,0.020751,0.020666,0.020595,0.020537,0.020492,0.02046,0.020441
2.5395e-14,0.84323,0.4809,0.48367,3.1915,0.38218,0.20887,0.23372,1.651,0.16813,0.098141,0.076998,0.0658,0.058132,0.052442,0.047956,0.04429,0.041228,0.038622,0.036374,0.034424,0.032674,0.031142,0.029769,0.028531,0.027421,0.026411,0.025488,0.024656,0.023877,0.023168,0.022514,0.021941,0.021357,0.020839,0.020361,0.019917,0.019504,0.019119,0.018762,0.018428,0.018121,0.017833,0.017565,0.017307,0.017084,0.016869,0.01667,0.016487,0.016317,0.016161,0.016017,0.015892,0.015769,0.015661,0.015566,0.015482,0.015406,0.015343,0.015289,0.015242,0.015211,0.015187,0.015172
2.3269e-14,0.69859,0.4079,0.40181,2.8144,0.32015,0.19036,0.23327,1.4683,0.14965,0.084553,0.064959,0.055042,0.048452,0.043678,0.039961,0.036938,0.034436,0.032303,0.030466,0.028879,0.027436,0.026181,0.025054,0.024033,0.023126,0.022294,0.021533,0.020843,0.020203,0.019616,0.019074,0.01859,0.018118,0.017688,0.01729,0.016919,0.016579,0.016258,0.015961,0.01568,0.015427,0.015188,0.014965,0.014755,0.014563,0.014384,0.014218,0.014065,0.013923,0.013793,0.013673,0.013562,0.013465,0.013376,0.013296,0.013228,0.013162,0.013109,0.013064,0.013027,0.012999,0.012979,0.012966
1.0394e-14,0.39771,0.20634,0.24257,1.6386,0.20718,0.12773,0.14854,1.1932,0.10678,0.055503,0.042484,0.03542,0.030951,0.02767,0.025141,0.023112,0.021451,0.020049,0.01885,0.017814,0.016896,0.016092,0.015374,0.014727,0.014153,0.013628,0.013149,0.012716,0.012316,0.011949,0.011612,0.011324,0.011015,0.010749,0.010502,0.010273,0.010061,0.0098636,0.0096797,0.0095078,0.0093501,0.0092019,0.0090644,0.0089359,0.0088175,0.0087069,0.0086049,0.0085109,0.0084233,0.0083432,0.0082695,0.0082018,0.0081419,0.0080868,0.0080375,0.0079946,0.0079556,0.0079226,0.0078951,0.0078728,0.0078552,0.0078429,0.0078354
1.3865e-14,0.74282,0.38041,0.44349,4.5591,0.34625,0.22033,0.25305,2.6532,0.14602,0.098314,0.082317,0.072589,0.065623,0.060129,0.055626,0.051857,0.048629,0.045838,0.043392,0.041293,0.039305,0.037584,0.036032,0.034632,0.033354,0.032192,0.031127,0.030152,0.029252,0.028423,0.027658,0.026962,0.026293,0.025684,0.025118,0.024584,0.024101,0.023644,0.023218,0.022828,0.022453,0.022109,0.021789,0.021494,0.021214,0.020956,0.020717,0.020497,0.020293,0.020105,0.019933,0.019765,0.019634,0.019505,0.01939,0.019283,0.019198,0.019121,0.019056,0.019006,0.018963,0.018934,0.018917
1.2897e-14,0.47087,0.2726,0.37625,2.5476,0.27494,0.17817,0.21314,1.5764,0.11621,0.064092,0.051607,0.044825,0.04008,0.036491,0.03361,0.031222,0.0292,0.027461,0.025949,0.024637,0.023432,0.02238,0.021434,0.020576,0.019805,0.019102,0.018458,0.01787,0.017327,0.016829,0.016368,0.015961,0.015549,0.015183,0.014844,0.014526,0.014235,0.013961,0.013707,0.013469,0.013249,0.013043,0.012852,0.012673,0.012508,0.012354,0.012211,0.01208,0.011958,0.011845,0.011743,0.011646,0.011563,0.011486,0.011417,0.011356,0.011302,0.011256,0.011217,0.011185,0.01116,0.011143,0.011132
1.3983e-14,0.52239,0.37185,0.56443,3.1098,0.34571,0.21187,0.26998,1.5522,0.15813,0.086792,0.068732,0.059109,0.052505,0.04759,0.043676,0.040436,0.037741,0.035422,0.033415,0.031678,0.030094,0.028713,0.027474,0.026357,0.025349,0.024434,0.023595,0.022833,0.02213,0.021485,0.020889,0.02038,0.019832,0.01936,0.018923,0.018514,0.018139,0.017788,0.017461,0.017156,0.016873,0.01661,0.016365,0.016136,0.015924,0.015727,0.015545,0.015377,0.01522,0.015077,0.014946,0.014823,0.014718,0.01462,0.014532,0.014454,0.014386,0.014327,0.014278,0.014239,0.014207,0.014185,0.014172
3.3126e-14,1.168,0.69895,0.73039,4.8997,0.56896,0.30118,0.32524,2.2393,0.23245,0.14433,0.1172,0.10164,0.090713,0.082389,0.075721,0.070216,0.065584,0.061613,0.058165,0.055187,0.052459,0.050082,0.047944,0.046018,0.044276,0.042691,0.041241,0.039921,0.038701,0.03758,0.036546,0.035626,0.034715,0.033894,0.033133,0.032423,0.031771,0.031157,0.030589,0.030061,0.029567,0.029107,0.02868,0.028279,0.027913,0.02757,0.027252,0.026959,0.026687,0.026437,0.026208,0.025997,0.025811,0.025639,0.025486,0.025349,0.025232,0.02513,0.025044,0.024974,0.02492,0.024881,0.024858
1.93e-14,0.64533,0.35346,0.52123,3.0254,0.33932,0.20063,0.21519,1.4878,0.1446,0.082657,0.064843,0.055086,0.048584,0.043793,0.040031,0.036951,0.034408,0.032234,0.030362,0.028738,0.02728,0.026006,0.024865,0.02384,0.022914,0.022076,0.021308,0.020615,0.01997,0.019381,0.018838,0.018388,0.017877,0.017447,0.017049,0.01668,0.016339,0.016019,0.015722,0.015446,0.015189,0.01495,0.014728,0.014516,0.014328,0.01415,0.013984,0.013833,0.013691,0.013561,0.013442,0.013335,0.013236,0.013147,0.013067,0.012996,0.012935,0.012881,0.012837,0.0128,0.012773,0.012753,0.012741
1.4951e-14,0.51378,0.34886,0.49292,2.9975,0.30237,0.18151,0.2101,1.4617,0.13722,0.070272,0.053197,0.044662,0.03897,0.034941,0.031846,0.029361,0.0273,0.025562,0.024069,0.02279,0.021621,0.020611,0.019707,0.018895,0.018162,0.017497,0.01689,0.01634,0.01583,0.015363,0.014933,0.014551,0.014172,0.013831,0.013516,0.013222,0.012953,0.012699,0.012464,0.012245,0.012042,0.011852,0.011676,0.01151,0.01136,0.011218,0.011087,0.010967,0.010854,0.010752,0.010657,0.01057,0.010494,0.010423,0.01036,0.010304,0.010255,0.010212,0.010177,0.010148,0.010126,0.01011,0.010101
1.9766e-14,0.69449,0.43363,0.70753,3.6613,0.4237,0.21344,0.2391,1.757,0.16262,0.088306,0.069553,0.059303,0.052281,0.04707,0.042987,0.039678,0.036907,0.03456,0.032538,0.0308,0.029218,0.027843,0.026613,0.025503,0.02451,0.023607,0.022781,0.022034,0.021339,0.020705,0.020121,0.019608,0.019086,0.018624,0.018197,0.017798,0.017432,0.017088,0.016769,0.016469,0.016196,0.015939,0.0157,0.015472,0.01527,0.015078,0.0149,0.014737,0.014584,0.014445,0.014317,0.014199,0.014093,0.013997,0.013911,0.013837,0.013768,0.01371,0.013662,0.013621,0.013591,0.01357,0.013556
1.5535e-14,0.52343,0.34318,0.51697,2.7759,0.31775,0.17397,0.16263,1.3486,0.12308,0.068674,0.055008,0.047512,0.042264,0.038323,0.035179,0.032603,0.030411,0.028546,0.02693,0.02553,0.024259,0.023147,0.022149,0.021252,0.020438,0.0197,0.019026,0.018412,0.017845,0.017325,0.016845,0.016415,0.015993,0.015613,0.015261,0.014933,0.01463,0.014347,0.014084,0.013839,0.013611,0.013398,0.013201,0.013015,0.012846,0.012687,0.012541,0.012405,0.012279,0.012164,0.012059,0.011962,0.011875,0.011796,0.011725,0.011662,0.011607,0.01156,0.011521,0.011488,0.011463,0.011446,0.011435
3.9829e-14,1.2679,0.76703,0.92574,5.6344,0.69202,0.33489,0.3886,2.5501,0.2654,0.15441,0.12238,0.10498,0.093075,0.084219,0.077205,0.071455,0.066632,0.062502,0.058929,0.055829,0.053017,0.050565,0.048363,0.046377,0.04459,0.042966,0.041477,0.040128,0.038878,0.037733,0.036676,0.035768,0.034807,0.03397,0.033195,0.032474,0.03181,0.031186,0.030608,0.030066,0.029568,0.029101,0.028667,0.028256,0.027888,0.027539,0.027216,0.026918,0.026641,0.026387,0.026154,0.025944,0.025751,0.025575,0.025419,0.025283,0.025159,0.025054,0.024966,0.024892,0.024838,0.024798,0.024774
1.9047e-14,0.8114,0.41143,0.59171,3.8057,0.55074,0.3962,0.5412,4.2638,0.34004,0.16816,0.11901,0.095828,0.081387,0.07159,0.064337,0.058656,0.054086,0.050287,0.04708,0.044341,0.041917,0.039822,0.037963,0.036305,0.034824,0.03349,0.032278,0.03118,0.030174,0.029253,0.028408,0.027647,0.026916,0.026252,0.025638,0.025067,0.024543,0.024053,0.023597,0.023175,0.022782,0.022417,0.022077,0.021763,0.021468,0.021196,0.020945,0.020713,0.020499,0.020302,0.020121,0.019954,0.019808,0.019673,0.019553,0.019446,0.019353,0.019272,0.019205,0.019151,0.019107,0.019077,0.019059
1.5988e-14,0.54424,0.3416,0.44571,2.8744,0.33391,0.22004,0.27479,1.9185,0.16785,0.088905,0.064948,0.05312,0.045742,0.040541,0.036606,0.033482,0.030936,0.028804,0.026993,0.025433,0.024058,0.022862,0.021798,0.020849,0.019996,0.019226,0.018525,0.017893,0.017309,0.016776,0.016287,0.015867,0.015423,0.015038,0.014683,0.014353,0.014049,0.013764,0.013501,0.013256,0.013028,0.012816,0.012619,0.012434,0.012266,0.012108,0.011962,0.011828,0.011703,0.011589,0.011484,0.011389,0.011302,0.011223,0.011153,0.01109,0.011036,0.010988,0.010949,0.010917,0.010892,0.010875,0.010864
1.2137e-14,0.51976,0.3218,0.42697,2.935,0.38517,0.20916,0.27111,2.094,0.18686,0.099176,0.075225,0.062457,0.054236,0.048279,0.043714,0.04007,0.037101,0.034604,0.032481,0.030668,0.029037,0.027624,0.026364,0.025233,0.024223,0.023306,0.022469,0.021711,0.021016,0.020378,0.019791,0.019287,0.018754,0.018291,0.017864,0.017466,0.0171,0.016758,0.01644,0.016144,0.01587,0.015614,0.015377,0.015156,0.014949,0.014759,0.014582,0.01442,0.014268,0.01413,0.014003,0.013885,0.013782,0.013686,0.013601,0.013525,0.013459,0.013402,0.013354,0.013315,0.013284,0.013262,0.013249
1.1035e-14,0.41426,0.24747,0.35317,2.0007,0.20164,0.14509,0.14319,1.0777,0.10877,0.055514,0.043197,0.036395,0.031991,0.028749,0.026214,0.024165,0.022444,0.020991,0.019743,0.018665,0.017692,0.016845,0.016088,0.015407,0.014798,0.014243,0.013737,0.013279,0.012854,0.012466,0.012109,0.011799,0.011475,0.011193,0.010932,0.010689,0.010465,0.010256,0.010061,0.0098793,0.009712,0.0095551,0.0094092,0.0092704,0.0091476,0.0090303,0.0089219,0.0088219,0.0087291,0.0086441,0.0085655,0.0084941,0.00843,0.0083714,0.0083189,0.008273,0.0082313,0.0081961,0.0081665,0.0081418,0.0081234,0.00811,0.0081018
1.1345e-14,0.4058,0.29422,0.49839,2.0501,0.289,0.16955,0.19502,1.4095,0.12812,0.069023,0.054186,0.046109,0.04077,0.036756,0.0336,0.031022,0.028892,0.027067,0.025497,0.024126,0.022907,0.021836,0.020878,0.020017,0.019239,0.018534,0.017891,0.017303,0.016767,0.016273,0.015817,0.015419,0.01501,0.014649,0.014316,0.014005,0.013719,0.013452,0.013203,0.012972,0.012756,0.012556,0.012369,0.012199,0.012035,0.011885,0.011747,0.011619,0.011501,0.011392,0.011292,0.011199,0.01112,0.011045,0.010979,0.010919,0.010868,0.010823,0.010786,0.010757,0.010732,0.010716,0.010705
1.4575e-14,0.57563,0.39691,0.57601,2.705,0.29712,0.20094,0.22497,1.4809,0.15185,0.087869,0.069243,0.058913,0.051864,0.046683,0.042619,0.039315,0.03655,0.034207,0.032196,0.030433,0.028884,0.027516,0.026294,0.0252,0.024204,0.023308,0.022489,0.021744,0.021059,0.020431,0.019852,0.019341,0.018828,0.01837,0.017946,0.017554,0.017189,0.016849,0.016534,0.016241,0.015966,0.015712,0.015475,0.015254,0.015051,0.014861,0.014685,0.014522,0.014372,0.014234,0.014106,0.013992,0.013887,0.013792,0.013706,0.01363,0.013565,0.013508,0.01346,0.013421,0.013391,0.013369,0.013356
2.021e-14,0.72951,0.49085,0.53611,2.5872,0.34537,0.21219,0.26132,1.8584,0.17928,0.10091,0.077254,0.064705,0.056599,0.050669,0.046087,0.042454,0.03934,0.036759,0.034552,0.032633,0.030956,0.029476,0.028153,0.026963,0.0259,0.024931,0.024048,0.023239,0.022509,0.021833,0.021209,0.020677,0.020108,0.019616,0.019161,0.01874,0.018348,0.017983,0.017645,0.017329,0.017037,0.016763,0.01651,0.016277,0.016055,0.015852,0.015663,0.01549,0.015328,0.01518,0.015045,0.014922,0.014809,0.014708,0.014617,0.014537,0.014466,0.014406,0.014355,0.014314,0.014281,0.014258,0.014244
3.4534e-14,1.2857,0.70375,0.80687,4.8049,0.59273,0.33199,0.3891,2.6041,0.23319,0.12845,0.10142,0.086804,0.076708,0.069287,0.063422,0.058591,0.054603,0.051179,0.048222,0.045667,0.043347,0.041328,0.039517,0.037886,0.03642,0.035088,0.033868,0.032764,0.031738,0.030801,0.029936,0.02922,0.028406,0.027722,0.027089,0.026498,0.025956,0.025447,0.024974,0.024533,0.024125,0.023743,0.023389,0.023053,0.022753,0.022468,0.022203,0.021961,0.021734,0.021527,0.021337,0.021163,0.021006,0.020863,0.020735,0.020623,0.020522,0.020436,0.020364,0.020304,0.020258,0.020225,0.020205
2.0442e-14,0.72148,0.38437,0.47461,3.4464,0.34908,0.2388,0.27494,2.3708,0.21223,0.10908,0.08061,0.065904,0.056399,0.049788,0.044782,0.040816,0.037621,0.034948,0.032685,0.030754,0.029046,0.027567,0.026255,0.025083,0.024042,0.0231,0.022243,0.021476,0.020762,0.020114,0.01952,0.019033,0.018472,0.018007,0.017577,0.017179,0.016811,0.016469,0.016151,0.015855,0.015582,0.015327,0.015091,0.014864,0.014666,0.014476,0.014301,0.014141,0.01399,0.013854,0.013728,0.013614,0.013509,0.013415,0.013331,0.013257,0.013191,0.013135,0.013088,0.013048,0.013019,0.012998,0.012985
1.4628e-14,0.54687,0.38096,0.51115,3.2141,0.41973,0.26314,0.32744,2.4299,0.23115,0.11568,0.088931,0.074756,0.06539,0.058601,0.053327,0.04907,0.045548,0.042567,0.040012,0.037812,0.03583,0.034107,0.032569,0.031186,0.029949,0.028824,0.027798,0.02687,0.026012,0.025227,0.024506,0.023857,0.023225,0.022656,0.022128,0.021637,0.021185,0.020762,0.020369,0.020002,0.019664,0.019348,0.019054,0.018777,0.018526,0.01829,0.018071,0.017869,0.017682,0.017511,0.017353,0.017209,0.017078,0.01696,0.016854,0.016762,0.016678,0.016606,0.016546,0.016496,0.016458,0.016431,0.016414
1.4011e-14,0.44317,0.28612,0.37767,2.1906,0.22537,0.15245,0.18688,1.2178,0.10903,0.062647,0.048299,0.040626,0.035515,0.0318,0.028933,0.026643,0.024758,0.023158,0.021786,0.020594,0.019537,0.01861,0.017782,0.01704,0.01637,0.015766,0.015213,0.014714,0.01425,0.013827,0.013436,0.013099,0.012745,0.012437,0.012152,0.011887,0.011642,0.011413,0.0112,0.011002,0.010818,0.010646,0.010487,0.010336,0.010201,0.010073,0.0099543,0.0098451,0.0097437,0.0096506,0.0095649,0.0094881,0.0094167,0.0093526,0.0092953,0.0092447,0.0091998,0.0091609,0.0091287,0.0091015,0.0090814,0.0090666,0.0090577
1.4776e-14,0.45241,0.32416,0.44168,2.0968,0.25666,0.15238,0.19977,1.3415,0.13625,0.065705,0.049328,0.040749,0.035504,0.031652,0.028713,0.026364,0.024448,0.022831,0.021451,0.020266,0.019203,0.018278,0.017454,0.016712,0.01605,0.015449,0.0149,0.014398,0.013944,0.013524,0.013138,0.012806,0.012454,0.012149,0.011867,0.011605,0.011363,0.011136,0.010927,0.01073,0.01055,0.01038,0.010223,0.010077,0.0099406,0.0098145,0.0096974,0.0095898,0.0094896,0.0093978,0.0093136,0.0092369,0.0091669,0.0091037,0.009047,0.0089977,0.0089526,0.0089148,0.008883,0.0088567,0.0088367,0.0088223,0.0088137
1.8397e-14,0.53531,0.33033,0.41421,2.1711,0.2975,0.16733,0.20472,1.369,0.11595,0.062882,0.049277,0.041869,0.036948,0.033305,0.030448,0.028091,0.026175,0.024517,0.023092,0.021854,0.020741,0.019769,0.018898,0.018117,0.017407,0.016768,0.016181,0.015646,0.01516,0.014711,0.014297,0.013961,0.013562,0.013234,0.012931,0.012649,0.012389,0.012145,0.011919,0.011709,0.011512,0.01133,0.01116,0.011004,0.010855,0.01072,0.010594,0.010478,0.010369,0.010271,0.01018,0.010096,0.010022,0.0099544,0.0098935,0.0098387,0.0097926,0.0097519,0.0097184,0.0096908,0.0096689,0.0096536,0.0096443
4.9156e-14,1.4355,0.79239,1.0411,6.6,0.76421,0.43391,0.50783,3.2195,0.3144,0.1622,0.12718,0.10857,0.095325,0.085738,0.078214,0.07207,0.067026,0.062718,0.059017,0.055839,0.052951,0.050445,0.048206,0.0462,0.044387,0.042743,0.041248,0.039895,0.038633,0.037484,0.036426,0.035495,0.034554,0.033718,0.032945,0.032224,0.031562,0.030942,0.030364,0.02983,0.02933,0.028866,0.028433,0.028022,0.02766,0.027313,0.026992,0.026696,0.026422,0.026171,0.025939,0.025729,0.02554,0.025366,0.025212,0.025074,0.024955,0.024851,0.024764,0.024692,0.024639,0.0246,0.024577
5.3254e-14,1.6547,0.85073,0.95448,6.8375,0.7965,0.44583,0.49831,3.5539,0.38231,0.20842,0.16294,0.13815,0.12105,0.10861,0.098917,0.091057,0.084596,0.07912,0.074429,0.070362,0.066748,0.063585,0.060756,0.058217,0.055929,0.053858,0.051966,0.050245,0.048665,0.047215,0.045878,0.044714,0.043517,0.042461,0.041484,0.040576,0.039739,0.038953,0.038226,0.037548,0.036918,0.036331,0.035786,0.035279,0.034806,0.034369,0.033963,0.03359,0.033243,0.032925,0.032632,0.032364,0.032126,0.031907,0.031712,0.031538,0.031386,0.031255,0.031145,0.031057,0.030986,0.030937,0.030907
2.2979e-14,0.608,0.3245,0.37404,2.5938,0.31704,0.21722,0.25038,2.011,0.17478,0.087567,0.064142,0.052671,0.045256,0.040051,0.036101,0.032972,0.030432,0.02831,0.02651,0.024954,0.023606,0.022422,0.02137,0.020428,0.019594,0.018834,0.018146,0.01752,0.016949,0.016425,0.015944,0.01552,0.015096,0.014719,0.01437,0.014048,0.013748,0.013469,0.013211,0.012969,0.012747,0.012539,0.012346,0.012167,0.012001,0.011846,0.011702,0.011571,0.011448,0.011336,0.011232,0.01114,0.011053,0.010976,0.010907,0.010846,0.010791,0.010745,0.010705,0.010673,0.010648,0.01063,0.010618
1.4522e-14,0.53167,0.29841,0.36382,2.5558,0.31345,0.21482,0.2515,1.7581,0.18177,0.091048,0.067258,0.054989,0.047398,0.041931,0.037793,0.034523,0.031853,0.029629,0.027741,0.026133,0.024693,0.023451,0.022349,0.021366,0.020484,0.019689,0.018966,0.01831,0.017712,0.017163,0.01666,0.016213,0.015772,0.015377,0.015012,0.014672,0.014361,0.01407,0.013799,0.013548,0.013315,0.013098,0.012897,0.012709,0.012535,0.012374,0.012224,0.012087,0.011959,0.011842,0.011735,0.011636,0.011549,0.011468,0.011397,0.011333,0.011277,0.011229,0.011189,0.011156,0.01113,0.011112,0.011101
1.4047e-14,0.53881,0.32187,0.39457,2.1943,0.30608,0.18214,0.22699,1.3555,0.13808,0.075748,0.05691,0.047208,0.040959,0.036426,0.032949,0.030162,0.027897,0.025986,0.024358,0.022963,0.021719,0.020638,0.019678,0.018816,0.01805,0.017353,0.016721,0.016145,0.01562,0.015138,0.014696,0.014305,0.013913,0.013565,0.013243,0.012945,0.012669,0.012412,0.012173,0.011949,0.011745,0.011553,0.011375,0.011207,0.011054,0.010912,0.01078,0.010657,0.010544,0.010441,0.010345,0.01026,0.01018,0.010109,0.010045,0.0099893,0.0099383,0.0098956,0.0098595,0.0098297,0.0098076,0.0097914,0.0097815
1.3892e-14,0.60568,0.38054,0.45273,2.8138,0.35032,0.2117,0.2421,1.5064,0.15907,0.088482,0.067724,0.056552,0.049424,0.044149,0.040087,0.036841,0.034153,0.031895,0.029968,0.028308,0.026827,0.025538,0.024387,0.023352,0.022428,0.021589,0.020824,0.020127,0.019493,0.018908,0.018369,0.017912,0.017419,0.016993,0.016601,0.016236,0.0159,0.015584,0.015293,0.015018,0.014768,0.014533,0.014314,0.014112,0.013921,0.013746,0.013584,0.013434,0.013295,0.013168,0.013051,0.012944,0.012848,0.01276,0.012682,0.012615,0.012551,0.012499,0.012455,0.012419,0.012391,0.012371,0.012358
5.4635e-14,2.2386,1.3387,1.6208,10.142,1.1943,0.69145,0.73414,5.7492,0.51357,0.26204,0.19567,0.16348,0.14185,0.12673,0.1151,0.10573,0.098122,0.091678,0.086161,0.081463,0.077182,0.073488,0.07019,0.067231,0.064578,0.06217,0.059969,0.057993,0.056142,0.05446,0.052912,0.051643,0.050169,0.04895,0.047819,0.046765,0.045798,0.044891,0.04405,0.043264,0.042538,0.041859,0.041229,0.040627,0.040095,0.039589,0.039121,0.03869,0.038288,0.03792,0.037582,0.037272,0.036995,0.036742,0.036515,0.036316,0.036138,0.035985,0.035859,0.035751,0.035672,0.035614,0.035579
4.7555e-14,1.4696,0.8207,1.0557,6.8969,0.73315,0.42911,0.46772,3.2669,0.3446,0.17933,0.14423,0.1239,0.10986,0.099305,0.090924,0.084026,0.078309,0.073406,0.069172,0.065476,0.062204,0.059313,0.056726,0.054412,0.052306,0.050401,0.048664,0.047076,0.045622,0.044284,0.043049,0.041957,0.040863,0.039887,0.038982,0.038143,0.037364,0.036637,0.035962,0.035341,0.03475,0.034206,0.033699,0.033227,0.032791,0.032385,0.032008,0.031662,0.03134,0.031045,0.030775,0.030531,0.030305,0.030103,0.029922,0.029757,0.029621,0.029501,0.029399,0.029316,0.029253,0.029207,0.02918
4.1928e-14,1.2006,0.91112,1.0404,6.5278,0.71265,0.39687,0.49551,3.6185,0.37461,0.19111,0.14797,0.12438,0.10894,0.097644,0.088873,0.081781,0.075953,0.071009,0.066775,0.063095,0.059857,0.057004,0.054458,0.052173,0.050124,0.048262,0.046564,0.045021,0.043605,0.042306,0.041109,0.040078,0.038993,0.038048,0.037175,0.036366,0.035613,0.034912,0.034262,0.033654,0.033095,0.032571,0.032084,0.031628,0.031212,0.030821,0.03046,0.030128,0.029818,0.029536,0.029275,0.029044,0.028825,0.028631,0.028457,0.028307,0.028169,0.028054,0.027956,0.027876,0.027816,0.027773,0.027746
2.4807e-14,0.77705,0.43753,0.51416,3.0164,0.37233,0.21245,0.26459,1.8091,0.18342,0.10118,0.0793,0.06735,0.059172,0.053216,0.048561,0.044784,0.041651,0.03899,0.036704,0.034716,0.03295,0.031399,0.030011,0.028764,0.027643,0.026624,0.025694,0.024852,0.024072,0.023359,0.022701,0.022112,0.021537,0.021017,0.020535,0.020088,0.019675,0.019288,0.018929,0.018595,0.018285,0.017995,0.017727,0.017473,0.017244,0.017028,0.016828,0.016644,0.016472,0.016316,0.016171,0.01604,0.015922,0.015814,0.015718,0.015632,0.015557,0.015493,0.015439,0.015394,0.015361,0.015336,0.015321
1.8217e-14,0.50814,0.36944,0.38477,2.5626,0.29493,0.19514,0.21463,1.5891,0.14733,0.076171,0.058629,0.04915,0.042925,0.038363,0.034836,0.031987,0.029655,0.027684,0.025998,0.024551,0.023251,0.022122,0.021116,0.020209,0.019406,0.018674,0.018006,0.0174,0.016844,0.016335,0.015866,0.015463,0.015037,0.014669,0.014328,0.01401,0.013718,0.013444,0.013191,0.012951,0.012736,0.012532,0.012343,0.012165,0.012002,0.01185,0.01171,0.011581,0.01146,0.01135,0.011249,0.011157,0.011074,0.010998,0.010931,0.010874,0.010819,0.010774,0.010736,0.010705,0.010682,0.010665,0.010655
1.6993e-14,0.7517,0.43262,0.47234,3.0734,0.39242,0.23824,0.25862,1.7032,0.17992,0.097566,0.074879,0.062498,0.054513,0.048663,0.04416,0.040553,0.037575,0.035071,0.032932,0.031096,0.02945,0.028021,0.026746,0.0256,0.02458,0.023652,0.022807,0.022041,0.021337,0.020692,0.020099,0.019582,0.019051,0.018583,0.018151,0.017749,0.017379,0.017033,0.016712,0.016411,0.016135,0.015877,0.015637,0.015413,0.015206,0.015013,0.014835,0.014671,0.014519,0.014379,0.014251,0.014132,0.014028,0.013932,0.013846,0.013772,0.013703,0.013646,0.013598,0.013558,0.013528,0.013506,0.013492
5.6774e-14,1.6931,1.0708,1.2373,7.6744,0.95177,0.48938,0.59115,4.7115,0.466,0.23867,0.18464,0.15559,0.13668,0.12287,0.11212,0.10339,0.09617,0.090028,0.084749,0.08017,0.076085,0.072503,0.0693,0.066434,0.063832,0.061481,0.059335,0.057387,0.055587,0.05394,0.052421,0.051103,0.049734,0.048534,0.047423,0.04639,0.045436,0.044543,0.043715,0.042949,0.042227,0.041559,0.040938,0.040353,0.039823,0.039324,0.038862,0.038437,0.038042,0.03768,0.037347,0.037044,0.036769,0.03652,0.036297,0.036096,0.035926,0.035777,0.035652,0.035549,0.03547,0.035414,0.035381
2.6332e-14,0.88949,0.54214,0.60932,4.3167,0.50847,0.28907,0.32593,2.4965,0.24744,0.1344,0.10193,0.085369,0.074353,0.066461,0.060374,0.05547,0.051465,0.048074,0.045176,0.042681,0.040448,0.038506,0.036772,0.035222,0.033824,0.03256,0.031404,0.030366,0.029398,0.028517,0.027706,0.027037,0.026271,0.025631,0.025039,0.024488,0.023981,0.023506,0.023066,0.022657,0.022275,0.02192,0.021591,0.021277,0.020998,0.020733,0.020489,0.020264,0.020053,0.019861,0.019684,0.019524,0.019378,0.019246,0.019128,0.019022,0.018931,0.018852,0.018786,0.01873,0.018689,0.018658,0.01864
2.3523e-14,0.65424,0.37098,0.47953,2.9662,0.46222,0.27719,0.34025,2.2128,0.2227,0.11801,0.088671,0.074076,0.064536,0.057695,0.052424,0.048185,0.044719,0.041787,0.039279,0.037113,0.035187,0.033505,0.032004,0.030655,0.029448,0.028353,0.027353,0.026449,0.025614,0.02485,0.024146,0.023536,0.022902,0.022347,0.021834,0.021358,0.020916,0.020505,0.020123,0.019764,0.019437,0.019129,0.018844,0.018574,0.01833,0.018101,0.017889,0.017693,0.017512,0.017345,0.017192,0.017055,0.016927,0.016813,0.016711,0.016624,0.016542,0.016474,0.016417,0.016369,0.016334,0.016308,0.016292
4.8104e-14,1.2477,0.76178,0.87075,5.8766,0.70953,0.43926,0.57597,4.5184,0.40621,0.20942,0.15746,0.13141,0.11427,0.10214,0.092844,0.085395,0.079303,0.074148,0.069735,0.065917,0.062541,0.059579,0.056934,0.054554,0.052424,0.050488,0.048722,0.047116,0.045643,0.044291,0.043045,0.041989,0.040841,0.039856,0.038945,0.038101,0.037318,0.036586,0.035908,0.035273,0.034689,0.034141,0.033633,0.033156,0.032721,0.032314,0.031937,0.031589,0.031265,0.03097,0.030698,0.030455,0.030227,0.030024,0.029842,0.029683,0.02954,0.029419,0.029318,0.029234,0.029171,0.029125,0.029098
2.2703e-14,1.0403,0.71829,0.6309,3.4072,0.41267,0.25139,0.31472,2.6322,0.22681,0.13249,0.10306,0.087024,0.076592,0.068864,0.062845,0.058078,0.053922,0.050482,0.047529,0.04493,0.042683,0.040679,0.038886,0.037281,0.035824,0.034506,0.033303,0.032204,0.031204,0.030281,0.029429,0.028695,0.027923,0.027248,0.026625,0.026048,0.02551,0.025009,0.024546,0.024119,0.023711,0.023336,0.022988,0.022666,0.022361,0.022082,0.021823,0.021584,0.021362,0.021159,0.020972,0.020803,0.020648,0.020508,0.020383,0.020267,0.020175,0.020092,0.020022,0.019965,0.01992,0.019888,0.019869
