1.9789e-14,1.0988,0.60367,0.62154,4.0993,0.49408,0.31922,0.39922,3.0598,0.2914,0.1453,0.10531,0.086446,0.074267,0.065772,0.059355,0.054254,0.050151,0.046696,0.043764,0.041237,0.039013,0.037073,0.035349,0.03381,0.032432,0.031181,0.030046,0.029021,0.028075,0.027211,0.026418,0.025755,0.025017,0.024393,0.023817,0.023281,0.022788,0.022328,0.021899,0.021502,0.021133,0.020789,0.02047,0.020169,0.019897,0.019641,0.019405,0.019187,0.018983,0.018798,0.018627,0.018472,0.018332,0.018204,0.01809,0.01799,0.0179,0.017824,0.017759,0.017707,0.017667,0.017638,0.01762
4.0075e-14,2.031,0.98212,0.992,6.3914,0.72131,0.49925,0.56532,4.0351,0.42885,0.24403,0.18972,0.16085,0.14167,0.12758,0.11658,0.1076,0.10021,0.093902,0.088464,0.083739,0.079533,0.075836,0.072524,0.069551,0.066862,0.064423,0.0622,0.060169,0.058308,0.056598,0.055016,0.053652,0.052231,0.050982,0.049825,0.048751,0.04776,0.046829,0.045969,0.045169,0.04442,0.043725,0.043078,0.042479,0.04192,0.041401,0.04092,0.040478,0.040067,0.03969,0.039344,0.039027,0.038746,0.038486,0.038255,0.038048,0.037871,0.037717,0.037586,0.037483,0.0374,0.037342,0.037308
4.6084e-14,1.3503,0.75748,0.75889,5.091,0.61211,0.39647,0.44918,2.9676,0.32422,0.17649,0.1349,0.11323,0.098918,0.088479,0.080409,0.073898,0.068573,0.064068,0.060214,0.056891,0.05393,0.051342,0.049036,0.046963,0.045114,0.043429,0.041899,0.040501,0.039223,0.03805,0.03697,0.036009,0.035058,0.034207,0.033419,0.032686,0.03201,0.031379,0.030792,0.030244,0.029739,0.029266,0.028826,0.028417,0.028039,0.027687,0.02736,0.02706,0.026781,0.026525,0.02629,0.026076,0.025883,0.025707,0.02555,0.025411,0.025288,0.025183,0.025094,0.025023,0.024967,0.024927,0.024903
3.0761e-14,1.0299,0.7093,0.76427,4.5153,0.51728,0.35026,0.37165,2.8991,0.29907,0.15633,0.11911,0.09966,0.086804,0.077578,0.07046,0.064732,0.060048,0.056088,0.052701,0.049781,0.047186,0.044916,0.042894,0.04108,0.039454,0.037978,0.036635,0.035418,0.034294,0.033267,0.032322,0.031488,0.030649,0.029904,0.029214,0.028574,0.027982,0.027429,0.026917,0.026437,0.025996,0.025583,0.025199,0.024836,0.024511,0.024203,0.023918,0.023656,0.023412,0.023189,0.022984,0.0228,0.022629,0.022476,0.022339,0.02222,0.022111,0.02202,0.021943,0.021879,0.021832,0.021798,0.021777
2.6503e-14,1.056,0.79334,0.91971,5.4106,0.70319,0.40326,0.43697,3.1417,0.31275,0.16622,0.12837,0.10779,0.093752,0.083841,0.076193,0.070041,0.064977,0.060702,0.05704,0.053909,0.051079,0.048622,0.046432,0.044484,0.042708,0.04111,0.039654,0.038338,0.037116,0.036003,0.034979,0.034072,0.033165,0.032358,0.031611,0.030914,0.030274,0.029676,0.02912,0.028609,0.028122,0.027674,0.027258,0.026864,0.026512,0.026178,0.02587,0.025585,0.025322,0.02508,0.024858,0.024654,0.024471,0.024306,0.024157,0.024022,0.02391,0.023811,0.023729,0.02366,0.023608,0.023571,0.023549
2.6978e-14,1.2317,1.0522,1.2803,7.6901,0.96987,0.56864,0.62644,4.1343,0.44902,0.24574,0.18789,0.15761,0.13743,0.12296,0.11177,0.10277,0.09536,0.089101,0.083738,0.079145,0.074998,0.071399,0.068187,0.065334,0.062726,0.060381,0.058241,0.056311,0.054517,0.052881,0.051376,0.050056,0.048711,0.047523,0.046424,0.045399,0.044459,0.043578,0.042759,0.04201,0.041291,0.04063,0.040018,0.039436,0.038917,0.038424,0.037968,0.037548,0.037158,0.0368,0.036471,0.036168,0.035899,0.035653,0.035431,0.035227,0.035062,0.034914,0.03479,0.034685,0.034607,0.034549,0.034514
2.4207e-14,1.0665,0.80005,0.99489,6.7086,0.76953,0.51047,0.62422,3.9441,0.42922,0.21526,0.16024,0.13245,0.11442,0.10184,0.092226,0.08455,0.078268,0.072991,0.068488,0.064666,0.061187,0.058192,0.055527,0.053132,0.051004,0.049067,0.047304,0.045714,0.044238,0.042894,0.041659,0.040578,0.039472,0.0385,0.0376,0.036759,0.035993,0.035273,0.034605,0.033974,0.033405,0.032866,0.032367,0.031896,0.03147,0.031069,0.030698,0.030356,0.030039,0.029748,0.029481,0.029228,0.029016,0.028816,0.028637,0.028485,0.028339,0.028219,0.028118,0.028036,0.027971,0.027925,0.027897
1.0792e-13,1.4433,0.72931,0.76533,4.4647,0.57776,0.4283,0.53984,3.7228,0.39687,0.19745,0.14239,0.11503,0.097648,0.085785,0.076894,0.069883,0.064289,0.059626,0.055692,0.052359,0.049403,0.046852,0.044596,0.042588,0.040796,0.039179,0.037712,0.036394,0.03517,0.034061,0.033042,0.032199,0.031253,0.030457,0.029721,0.029038,0.028411,0.027825,0.027282,0.026778,0.026309,0.025872,0.025467,0.025082,0.024743,0.024418,0.024118,0.023842,0.023585,0.02335,0.023135,0.022939,0.02276,0.022598,0.022453,0.022324,0.022212,0.022116,0.022034,0.021966,0.021915,0.021878,0.021856
6.9645e-14,1.5322,0.9626,1.0398,7.316,0.8081,0.57947,0.68932,4.261,0.45476,0.21998,0.16396,0.13619,0.11779,0.10496,0.095155,0.087324,0.080917,0.075534,0.070943,0.067013,0.063467,0.0604,0.057666,0.055213,0.053021,0.051029,0.049218,0.047582,0.046056,0.04467,0.043394,0.042278,0.04114,0.040136,0.039207,0.038341,0.037546,0.036801,0.03611,0.035464,0.034869,0.034313,0.033795,0.033299,0.032868,0.032453,0.03207,0.031716,0.031388,0.031088,0.030811,0.03056,0.030332,0.030125,0.029941,0.02978,0.029633,0.02951,0.029406,0.02932,0.029257,0.029211,0.029183
4.4307e-14,1.2917,0.81513,0.84037,5.0114,0.59638,0.38462,0.43586,3.0567,0.3147,0.16609,0.12774,0.10679,0.093034,0.08303,0.07531,0.069095,0.06402,0.059733,0.056074,0.052918,0.050118,0.047674,0.045499,0.04355,0.041805,0.040221,0.038784,0.037473,0.036274,0.035175,0.034163,0.033286,0.032378,0.031583,0.030847,0.030162,0.029533,0.028944,0.028396,0.027887,0.027415,0.026975,0.026565,0.026185,0.025834,0.025506,0.025202,0.024923,0.024664,0.024426,0.024207,0.024007,0.02383,0.023666,0.02352,0.023391,0.023277,0.02318,0.023097,0.023031,0.022979,0.022942,0.02292
3.5426e-14,0.85775,0.61604,0.64719,3.9254,0.48016,0.33632,0.35288,2.2339,0.26546,0.1349,0.10188,0.084715,0.073904,0.0661,0.0601,0.055288,0.051337,0.048,0.045138,0.042698,0.04048,0.038556,0.036841,0.035305,0.033918,0.032661,0.031519,0.030479,0.02952,0.028643,0.027834,0.027109,0.026406,0.025768,0.025177,0.024626,0.024121,0.023647,0.023208,0.0228,0.022417,0.022063,0.021732,0.021424,0.021142,0.020877,0.020632,0.020406,0.020197,0.020005,0.019829,0.019665,0.019523,0.01939,0.019272,0.019166,0.019076,0.018998,0.018931,0.018877,0.018835,0.018806,0.018788
2.3683e-14,0.98692,0.6852,0.78904,5.1253,0.67325,0.37125,0.44131,2.9467,0.30675,0.16655,0.12806,0.10802,0.094295,0.084439,0.076766,0.070558,0.065458,0.061135,0.057429,0.054242,0.05139,0.048901,0.046683,0.044708,0.04291,0.04129,0.039815,0.038477,0.037244,0.036117,0.035079,0.034167,0.033242,0.032424,0.031668,0.030964,0.030315,0.029709,0.029146,0.028628,0.028136,0.027682,0.027261,0.026865,0.026505,0.026167,0.025854,0.025566,0.025298,0.025053,0.024828,0.024621,0.024436,0.024268,0.024117,0.02398,0.023865,0.023764,0.02368,0.023611,0.023557,0.023519,0.023496
2.4183e-14,0.84471,0.74499,0.88504,5.1341,0.65677,0.40837,0.49621,2.9693,0.34421,0.18279,0.13795,0.11475,0.099557,0.088705,0.080393,0.073736,0.068284,0.063696,0.059784,0.05644,0.053454,0.050856,0.048545,0.046484,0.044621,0.042939,0.041411,0.040024,0.038747,0.037579,0.036505,0.035535,0.034604,0.033757,0.032975,0.032244,0.031576,0.030949,0.030367,0.029826,0.029323,0.028855,0.028419,0.028015,0.027639,0.02729,0.026968,0.02667,0.026395,0.026143,0.02591,0.025693,0.025508,0.025335,0.02518,0.025044,0.024923,0.02482,0.024733,0.024664,0.024608,0.024569,0.024545
8.5875e-14,1.1991,0.67376,0.74326,4.643,0.53543,0.35557,0.40556,2.9901,0.29522,0.15452,0.11885,0.099666,0.08694,0.077773,0.070695,0.064998,0.060331,0.056387,0.053012,0.050135,0.047508,0.045246,0.043228,0.041427,0.039803,0.038331,0.036991,0.035787,0.034652,0.033625,0.032678,0.031871,0.031008,0.03026,0.029568,0.028923,0.028333,0.027777,0.027262,0.026787,0.026338,0.025923,0.025536,0.025164,0.024844,0.024535,0.024249,0.023985,0.023739,0.023515,0.023309,0.023121,0.022951,0.022797,0.022659,0.022534,0.02243,0.022338,0.02226,0.022195,0.022149,0.022114,0.022093
3.9336e-14,1.0363,0.64467,0.71328,4.5185,0.56715,0.35466,0.4813,2.9777,0.3099,0.17027,0.12785,0.10657,0.09285,0.082859,0.075181,0.069006,0.063988,0.059749,0.056135,0.053034,0.050257,0.047841,0.045686,0.043755,0.042025,0.040454,0.039021,0.037725,0.036526,0.035431,0.034422,0.033577,0.032641,0.031845,0.031109,0.030425,0.029794,0.029204,0.028657,0.028146,0.027675,0.027233,0.026823,0.026435,0.026088,0.025758,0.025454,0.025173,0.024912,0.024673,0.024453,0.024254,0.024071,0.023907,0.023759,0.02363,0.023513,0.023414,0.02333,0.023261,0.023208,0.023169,0.023145
4.4127e-14,1.0703,0.65202,0.68773,4.5128,0.54573,0.35033,0.43704,2.6126,0.2843,0.14828,0.11447,0.096285,0.084665,0.076072,0.069392,0.063961,0.059515,0.05572,0.052459,0.049669,0.047115,0.044905,0.042929,0.041155,0.039557,0.038106,0.03678,0.035582,0.034469,0.033452,0.032515,0.031724,0.030857,0.030115,0.029429,0.028789,0.028202,0.027651,0.02714,0.026664,0.026221,0.025808,0.025425,0.025062,0.024737,0.024429,0.024144,0.023882,0.023637,0.023414,0.023209,0.02302,0.022852,0.022699,0.022561,0.02244,0.022333,0.022241,0.022164,0.0221,0.022052,0.022017,0.021996
7.7017e-14,1.0953,0.60336,0.64775,4.284,0.52215,0.37133,0.53463,3.8198,0.46012,0.21661,0.15772,0.12742,0.10874,0.095657,0.085877,0.078195,0.072049,0.066936,0.062623,0.05898,0.05572,0.052923,0.050444,0.048241,0.046268,0.044487,0.042869,0.041406,0.040068,0.038842,0.037715,0.03678,0.035734,0.03485,0.034034,0.033274,0.032579,0.031926,0.031321,0.030763,0.030237,0.029751,0.029299,0.02888,0.028491,0.028129,0.027794,0.027488,0.027201,0.026939,0.026699,0.026476,0.026283,0.026102,0.025942,0.025797,0.025674,0.025567,0.025478,0.025406,0.025348,0.025308,0.025284
4.2631e-14,1.1598,0.61415,0.64703,4.4874,0.54429,0.32498,0.4273,2.8598,0.28349,0.14283,0.10658,0.087454,0.075738,0.06716,0.060623,0.055421,0.051199,0.047659,0.044651,0.042087,0.039786,0.037802,0.036039,0.034464,0.033054,0.031778,0.030618,0.029569,0.028605,0.027724,0.026916,0.026239,0.025484,0.02485,0.024263,0.023715,0.023215,0.022746,0.022309,0.021905,0.021528,0.021178,0.020853,0.020549,0.020271,0.020011,0.01977,0.019548,0.019342,0.019154,0.01898,0.01882,0.01868,0.018551,0.018435,0.018332,0.018243,0.018165,0.018101,0.018048,0.018007,0.017978,0.01796
2.9898e-14,0.92516,0.52386,0.58006,4.336,0.49962,0.30967,0.44232,2.7288,0.27353,0.13724,0.1017,0.083967,0.072713,0.064778,0.058734,0.053924,0.049996,0.046686,0.04386,0.04144,0.039264,0.037371,0.035686,0.034178,0.032819,0.03159,0.030471,0.02946,0.028521,0.027665,0.026878,0.026169,0.025482,0.024861,0.024287,0.023752,0.023258,0.022798,0.02237,0.021973,0.021603,0.021259,0.020939,0.020635,0.020364,0.020107,0.01987,0.019651,0.019448,0.019262,0.019091,0.018934,0.018794,0.018666,0.018552,0.018451,0.018362,0.018286,0.018222,0.018169,0.01813,0.018101,0.018084
2.7975e-14,0.96865,0.66801,0.79744,4.8833,0.62222,0.38439,0.4764,2.8643,0.30068,0.16159,0.12555,0.10631,0.093651,0.084286,0.076961,0.070996,0.066069,0.061873,0.058259,0.055144,0.052329,0.049876,0.047681,0.045717,0.043934,0.042322,0.040849,0.039511,0.038278,0.037148,0.036106,0.035216,0.034261,0.033439,0.032676,0.031965,0.031312,0.030699,0.030131,0.029606,0.02911,0.028652,0.028226,0.027829,0.027461,0.027119,0.026802,0.026511,0.02624,0.025992,0.025764,0.025553,0.025369,0.025198,0.025046,0.024909,0.024793,0.024691,0.024606,0.024538,0.024483,0.024445,0.024422
6.7301e-14,1.07,0.65036,0.68891,4.564,0.52881,0.32648,0.43567,3.0257,0.2867,0.15463,0.11706,0.097808,0.085372,0.076361,0.069415,0.063824,0.059237,0.055364,0.052046,0.049201,0.046641,0.044417,0.042431,0.040659,0.039052,0.0376,0.036277,0.035075,0.03397,0.032958,0.032024,0.031221,0.030378,0.029641,0.02896,0.028327,0.027744,0.027196,0.026689,0.026224,0.025779,0.02537,0.02499,0.024634,0.02431,0.024005,0.023723,0.023463,0.023221,0.023,0.022797,0.022615,0.022446,0.022293,0.022157,0.022032,0.02193,0.02184,0.021763,0.0217,0.021653,0.021618,0.021597
5.9163e-14,1.2001,0.73231,0.79328,5.2844,0.61686,0.38026,0.53446,3.6904,0.36636,0.1823,0.13221,0.10701,0.091285,0.080373,0.072188,0.065751,0.060568,0.056255,0.052607,0.04951,0.046757,0.044381,0.042273,0.040391,0.038722,0.037207,0.035833,0.034593,0.03345,0.032409,0.031453,0.030628,0.029768,0.029019,0.028327,0.027683,0.027093,0.02654,0.026027,0.025547,0.025109,0.024697,0.024314,0.023956,0.023629,0.023322,0.023038,0.022777,0.022534,0.022311,0.022107,0.021918,0.021752,0.021598,0.021461,0.021342,0.021232,0.021139,0.021061,0.020998,0.020948,0.020912,0.020891
5.3111e-14,1.5764,0.83044,0.82809,5.2231,0.73783,0.41411,0.49932,3.6059,0.33298,0.1734,0.13275,0.1121,0.098342,0.088319,0.080507,0.074165,0.068935,0.064485,0.060664,0.057346,0.054405,0.051818,0.04951,0.047443,0.045567,0.043874,0.042331,0.040923,0.039635,0.038451,0.037359,0.036417,0.035429,0.034566,0.033768,0.033026,0.032341,0.031701,0.031107,0.030554,0.030037,0.029557,0.029111,0.028697,0.028311,0.027954,0.027622,0.027317,0.027033,0.026773,0.026534,0.026316,0.02612,0.025941,0.02578,0.025637,0.025514,0.025407,0.025316,0.025244,0.025186,0.025146,0.025121
3.7607e-14,1.3737,0.77345,0.88044,6.5094,0.73908,0.46875,0.58781,3.6999,0.4084,0.21633,0.16599,0.13931,0.12153,0.10876,0.098891,0.090945,0.084403,0.078876,0.074138,0.070087,0.066414,0.063232,0.060392,0.057861,0.055557,0.053481,0.051592,0.049878,0.048294,0.046847,0.045513,0.044329,0.043157,0.042106,0.041132,0.040224,0.039393,0.038613,0.037889,0.037226,0.036589,0.036006,0.035464,0.034957,0.034491,0.034056,0.033654,0.033283,0.032938,0.032623,0.032333,0.032062,0.03183,0.031613,0.031419,0.031239,0.031097,0.030968,0.030859,0.030772,0.030702,0.030653,0.030624
7.0591e-14,1.3837,0.62248,0.69785,4.5589,0.53177,0.35019,0.43598,2.8006,0.28692,0.1493,0.11195,0.092875,0.080316,0.071445,0.064678,0.059284,0.054891,0.051195,0.048047,0.045321,0.042934,0.040837,0.038971,0.037298,0.035803,0.034446,0.033213,0.0321,0.031064,0.030122,0.029255,0.028479,0.027723,0.02704,0.026409,0.025827,0.025281,0.024776,0.024306,0.023865,0.023465,0.023087,0.022736,0.022401,0.022107,0.021826,0.021565,0.021325,0.021102,0.020898,0.02071,0.020549,0.020386,0.020245,0.02012,0.020014,0.019912,0.019828,0.019757,0.019697,0.019656,0.019624,0.019605
7.6527e-14,1.7438,0.76924,0.93856,5.8237,0.74512,0.43265,0.59985,4.0811,0.37365,0.19396,0.14587,0.12286,0.10739,0.09624,0.087612,0.080639,0.07491,0.070049,0.065884,0.062276,0.059067,0.056261,0.053752,0.051501,0.049479,0.04764,0.045963,0.044447,0.043044,0.04176,0.040578,0.039544,0.038485,0.037549,0.036684,0.035881,0.035139,0.034444,0.0338,0.0332,0.032644,0.032124,0.031642,0.031188,0.030773,0.030386,0.030028,0.029697,0.029389,0.029108,0.028849,0.028614,0.0284,0.028206,0.028032,0.02788,0.027743,0.027628,0.027531,0.027449,0.027388,0.027345,0.027317
4.96e-14,1.5632,0.88874,0.98191,6.8442,0.94956,0.53852,0.67485,4.1565,0.39648,0.21391,0.16515,0.13966,0.12256,0.11017,0.10053,0.092728,0.086256,0.080766,0.076038,0.07199,0.068298,0.065098,0.062234,0.059669,0.057342,0.055238,0.053319,0.051572,0.049963,0.048489,0.04713,0.045928,0.044722,0.043649,0.042654,0.041725,0.040876,0.040077,0.039336,0.038655,0.038003,0.037404,0.036848,0.03633,0.035852,0.035406,0.034993,0.034612,0.034259,0.033935,0.033639,0.03336,0.033123,0.0329,0.032701,0.032516,0.032371,0.032239,0.032127,0.032039,0.031967,0.031917,0.031887
3.7702e-14,1.4173,0.83616,0.97665,6.4465,0.731,0.49199,0.58041,3.5646,0.39166,0.21,0.15957,0.13328,0.11609,0.10368,0.094127,0.086451,0.080138,0.074817,0.070262,0.066355,0.06285,0.059805,0.057086,0.054668,0.05247,0.050492,0.048686,0.047055,0.045549,0.044172,0.042905,0.041803,0.040665,0.039669,0.038745,0.037886,0.037096,0.036356,0.03567,0.035043,0.03444,0.033888,0.033376,0.032893,0.032455,0.032044,0.031663,0.031313,0.030988,0.030689,0.030416,0.030165,0.029941,0.029736,0.029553,0.029384,0.029249,0.029127,0.029025,0.02894,0.028875,0.028829,0.028801
2.4755e-14,0.8436,0.67534,0.86429,4.2059,0.66616,0.4045,0.39961,2.401,0.26318,0.15206,0.11965,0.1016,0.089396,0.080361,0.073277,0.067513,0.062731,0.058669,0.055177,0.052145,0.049448,0.047086,0.044976,0.04308,0.041376,0.039829,0.038421,0.037137,0.035963,0.034883,0.03389,0.032993,0.032128,0.031343,0.030617,0.02994,0.029318,0.028736,0.028194,0.027692,0.027223,0.026788,0.026383,0.026008,0.025655,0.02533,0.025029,0.02475,0.024493,0.024257,0.024039,0.023837,0.023663,0.0235,0.023354,0.023224,0.023112,0.023014,0.022932,0.022866,0.022812,0.022775,0.022751
1.9845e-14,0.80227,0.63189,0.81031,4.6713,0.58145,0.33436,0.38995,2.331,0.26498,0.15391,0.12117,0.10267,0.090191,0.080987,0.073788,0.067951,0.063129,0.059039,0.055524,0.052496,0.049779,0.04741,0.045294,0.043409,0.041689,0.04014,0.038727,0.037445,0.036266,0.035184,0.034189,0.033313,0.032426,0.03164,0.030913,0.030236,0.029613,0.02903,0.028487,0.027992,0.027516,0.027079,0.026674,0.026296,0.025947,0.025622,0.025321,0.025044,0.024786,0.02455,0.024334,0.024135,0.023959,0.023797,0.023652,0.023517,0.023412,0.023315,0.023235,0.023169,0.023118,0.023081,0.023059
3.3928e-14,1.7182,1.4896,1.8781,11.466,1.4145,0.87359,1.043,6.6698,0.74215,0.3858,0.28955,0.23965,0.20699,0.18391,0.16626,0.1522,0.14075,0.13115,0.12297,0.11601,0.10974,0.10433,0.099517,0.095235,0.091374,0.087896,0.084726,0.08187,0.079227,0.076817,0.074602,0.072713,0.07068,0.068938,0.067325,0.065819,0.064445,0.063155,0.061957,0.060853,0.059809,0.058844,0.057951,0.057113,0.056344,0.055627,0.054964,0.054353,0.053785,0.053265,0.052789,0.052339,0.051958,0.051602,0.051283,0.050993,0.050752,0.050539,0.050363,0.050218,0.050104,0.050024,0.049975
3.8239e-14,1.144,0.71032,0.85596,5.4333,0.59194,0.42495,0.51999,3.5697,0.3281,0.16836,0.12841,0.10752,0.093722,0.083795,0.076158,0.070028,0.06499,0.060742,0.057104,0.053987,0.05118,0.048742,0.046566,0.044623,0.042862,0.041272,0.039827,0.038518,0.037301,0.036192,0.035172,0.034254,0.033366,0.03256,0.031814,0.031119,0.030481,0.029883,0.029328,0.028816,0.028331,0.027884,0.027468,0.027075,0.026723,0.02639,0.026081,0.025797,0.025533,0.025291,0.02507,0.024866,0.024685,0.024518,0.02437,0.024235,0.024124,0.024026,0.023942,0.023874,0.023822,0.023785,0.023762
4.8649e-14,1.515,0.73448,0.7867,4.5283,0.60932,0.35756,0.41036,2.8975,0.32997,0.16968,0.13039,0.10974,0.095996,0.086042,0.078323,0.072106,0.06696,0.062609,0.058876,0.055637,0.052774,0.050258,0.048012,0.045993,0.044183,0.042537,0.04104,0.039677,0.038427,0.037278,0.036222,0.03524,0.034351,0.033515,0.032743,0.032026,0.031362,0.030742,0.030168,0.029632,0.029135,0.028671,0.028241,0.027838,0.027467,0.027121,0.026802,0.026506,0.026233,0.025982,0.025752,0.025544,0.025353,0.02518,0.025026,0.02489,0.02477,0.024668,0.024581,0.02451,0.024456,0.024417,0.024393
3.3216e-14,0.96175,0.48836,0.58756,3.6537,0.47579,0.29658,0.35575,2.1774,0.24736,0.12878,0.09553,0.079387,0.068589,0.061026,0.055256,0.050661,0.046905,0.043754,0.041067,0.038755,0.036705,0.034919,0.033327,0.031897,0.030626,0.029468,0.028415,0.027459,0.026583,0.025779,0.025039,0.024391,0.023736,0.023153,0.022615,0.022116,0.021655,0.021224,0.020825,0.02045,0.020108,0.019787,0.019488,0.019209,0.018953,0.018714,0.018492,0.018289,0.018099,0.017926,0.017767,0.017623,0.017492,0.017373,0.017266,0.017175,0.01709,0.017019,0.01696,0.016911,0.016874,0.016848,0.016831
2.3927e-14,0.96541,0.65388,0.90926,5.5444,0.69381,0.42233,0.47479,2.9072,0.35705,0.19388,0.15056,0.12708,0.11134,0.099895,0.090968,0.083741,0.077784,0.072731,0.068392,0.064645,0.061305,0.058381,0.055769,0.053424,0.051324,0.049412,0.047668,0.046089,0.044632,0.043298,0.04207,0.04101,0.039896,0.038926,0.038028,0.037195,0.036424,0.035704,0.035035,0.034412,0.033837,0.033297,0.032797,0.032327,0.031899,0.031497,0.031126,0.030783,0.030464,0.030173,0.029905,0.029663,0.02944,0.02924,0.02906,0.028903,0.028762,0.028642,0.028542,0.028459,0.028396,0.028351,0.028324
1.8808e-14,0.8921,0.68422,0.95023,5.4472,0.67011,0.37577,0.36532,2.358,0.27395,0.15988,0.12642,0.10836,0.095704,0.086392,0.079036,0.073025,0.068045,0.063791,0.060117,0.056955,0.054071,0.051564,0.049317,0.047295,0.045474,0.043817,0.0423,0.040931,0.039655,0.038489,0.037416,0.036495,0.03551,0.034659,0.033871,0.033135,0.03246,0.031826,0.031237,0.030687,0.03018,0.029704,0.029263,0.028845,0.028469,0.028114,0.027786,0.027483,0.027201,0.026943,0.026706,0.026488,0.026294,0.026117,0.025958,0.025819,0.025694,0.025586,0.025498,0.025424,0.025368,0.025327,0.025302
2.7835e-14,1.4143,1.2898,1.666,10.079,1.1001,0.61744,0.69227,4.5809,0.4941,0.27748,0.21645,0.18351,0.16087,0.14441,0.13154,0.12111,0.11248,0.10518,0.098908,0.093536,0.088672,0.084446,0.08067,0.077282,0.074237,0.071472,0.068948,0.066671,0.064551,0.062619,0.060842,0.059275,0.05769,0.056287,0.054987,0.053776,0.052663,0.051621,0.050653,0.049752,0.048916,0.048136,0.047412,0.046724,0.046111,0.045529,0.044991,0.044495,0.044034,0.043612,0.043226,0.04287,0.042552,0.042262,0.042003,0.041776,0.041572,0.041398,0.041254,0.041134,0.041044,0.040978,0.040939
3.8324e-14,1.061,0.60125,0.66144,3.76,0.45643,0.3441,0.42294,2.8223,0.28203,0.14654,0.11008,0.091338,0.079507,0.071025,0.064552,0.059365,0.055133,0.051555,0.048496,0.045846,0.043502,0.041448,0.039612,0.037965,0.036485,0.035141,0.033914,0.032804,0.031776,0.030837,0.029969,0.029225,0.028441,0.027756,0.027123,0.026536,0.025992,0.025483,0.025011,0.024573,0.024164,0.023783,0.02343,0.023095,0.022797,0.022513,0.022249,0.022008,0.021783,0.021577,0.021388,0.02122,0.021061,0.020919,0.020793,0.02068,0.020583,0.020498,0.020427,0.020369,0.020326,0.020294,0.020275
5.4115e-14,1.823,0.84457,0.93167,5.6383,0.72804,0.46031,0.52749,3.3525,0.35195,0.18392,0.14333,0.12162,0.10703,0.096291,0.087908,0.081096,0.075449,0.070643,0.066512,0.062923,0.059723,0.056917,0.054407,0.052139,0.050121,0.048275,0.046594,0.045062,0.043654,0.042362,0.041171,0.040128,0.039066,0.038125,0.037255,0.036446,0.035701,0.035002,0.034353,0.033743,0.033187,0.032664,0.032177,0.031726,0.031306,0.030915,0.030554,0.030221,0.029911,0.029628,0.029367,0.029128,0.028918,0.028722,0.028548,0.028398,0.028259,0.028143,0.028045,0.027968,0.027905,0.027862,0.027835
2.2589e-14,0.92464,0.65747,0.75441,4.4365,0.56907,0.34637,0.37643,2.4425,0.28222,0.15863,0.12231,0.10298,0.09023,0.081004,0.073819,0.068001,0.063199,0.059125,0.055627,0.052617,0.049902,0.047539,0.045428,0.04353,0.041828,0.04028,0.038871,0.037589,0.036406,0.035324,0.034327,0.033429,0.032563,0.031775,0.031046,0.030366,0.029743,0.029158,0.028615,0.028109,0.02764,0.027202,0.026794,0.026415,0.026065,0.025738,0.025436,0.025157,0.024898,0.024661,0.024443,0.02424,0.024066,0.023903,0.023757,0.023628,0.023514,0.023417,0.023335,0.023269,0.023217,0.02318,0.023157
2.2151e-14,1.1261,0.9585,1.1635,6.9287,0.82874,0.49967,0.53042,3.0681,0.37172,0.21161,0.16522,0.14056,0.12372,0.1114,0.10178,0.09397,0.0875,0.081989,0.077238,0.073147,0.069431,0.066196,0.0633,0.060698,0.058348,0.056215,0.054269,0.0525,0.050865,0.049368,0.047989,0.046762,0.045543,0.04445,0.043438,0.042494,0.041629,0.040817,0.040062,0.03936,0.038706,0.038097,0.037531,0.037003,0.036516,0.036062,0.035642,0.035254,0.034894,0.034565,0.034262,0.03398,0.033737,0.03351,0.033308,0.033128,0.032971,0.032836,0.032723,0.032632,0.032559,0.032508,0.032476
3.2716e-14,2.0322,1.6215,1.9803,13.485,1.4325,0.86177,0.98552,6.1477,0.69665,0.38534,0.29455,0.24676,0.21482,0.19187,0.17414,0.15993,0.14825,0.13841,0.13,0.12284,0.11631,0.11069,0.10568,0.1012,0.097161,0.093508,0.090183,0.087173,0.08438,0.081835,0.079495,0.077353,0.075345,0.073499,0.07179,0.070192,0.068733,0.067366,0.066093,0.064909,0.06381,0.062785,0.061833,0.060936,0.060126,0.059362,0.058655,0.058001,0.057398,0.056843,0.056335,0.055859,0.055449,0.055069,0.054728,0.054427,0.05416,0.053932,0.05374,0.053584,0.053462,0.053376,0.053323
4.4274e-14,1.3929,0.82261,0.99509,5.8341,0.66224,0.39575,0.48733,3.01,0.32163,0.18064,0.14325,0.12311,0.10911,0.098768,0.090581,0.083852,0.078251,0.073452,0.0693,0.065696,0.062453,0.059603,0.057045,0.054756,0.052663,0.050769,0.049039,0.047463,0.046008,0.044672,0.043439,0.042369,0.041256,0.040277,0.039371,0.038527,0.037748,0.037018,0.036341,0.03572,0.035124,0.034576,0.034066,0.03359,0.033152,0.032743,0.032364,0.032016,0.03169,0.031393,0.03112,0.030869,0.030645,0.030441,0.030258,0.030088,0.029953,0.029831,0.029728,0.029645,0.02958,0.029534,0.029506
3.8405e-14,1.1592,0.757,0.84399,5.572,0.67121,0.43371,0.55888,3.2802,0.34954,0.18223,0.13832,0.11531,0.10053,0.089775,0.081582,0.075003,0.069611,0.065051,0.061147,0.057777,0.054775,0.052158,0.049818,0.047722,0.045835,0.044126,0.042565,0.041155,0.039851,0.038659,0.037559,0.036612,0.03562,0.034752,0.03395,0.033204,0.032518,0.031874,0.031279,0.030723,0.030207,0.029726,0.029281,0.028862,0.028478,0.028121,0.027789,0.027484,0.0272,0.02694,0.026702,0.026482,0.026288,0.02611,0.025951,0.02581,0.025686,0.02558,0.025492,0.025419,0.025362,0.025322,0.025298
3.6571e-14,1.2631,0.8309,0.88928,5.835,0.76836,0.44695,0.51049,2.8204,0.35446,0.19558,0.15185,0.12829,0.11251,0.10109,0.092255,0.085091,0.079174,0.074139,0.069808,0.066056,0.062699,0.05976,0.05713,0.054765,0.052641,0.050706,0.048942,0.04733,0.045861,0.044506,0.043256,0.042174,0.041048,0.040059,0.039144,0.038291,0.037509,0.036774,0.036092,0.035454,0.034866,0.034315,0.033804,0.033334,0.032885,0.032474,0.032094,0.031743,0.031417,0.031119,0.030844,0.030587,0.030369,0.030163,0.029979,0.029819,0.029673,0.02955,0.029447,0.029365,0.029297,0.02925,0.029222
1.8227e-14,0.89082,0.52166,0.63421,4.7348,0.48936,0.29744,0.32166,2.2149,0.21399,0.11548,0.090022,0.076485,0.067461,0.06084,0.055642,0.051406,0.047871,0.044865,0.04227,0.040026,0.038006,0.036238,0.034654,0.033236,0.031945,0.030778,0.029713,0.028743,0.027849,0.02703,0.026274,0.025593,0.024934,0.024336,0.023782,0.023266,0.022791,0.022345,0.021932,0.021552,0.021188,0.020855,0.020544,0.020254,0.019987,0.019738,0.019507,0.019295,0.019097,0.018916,0.01875,0.018598,0.018462,0.018337,0.018226,0.018123,0.018041,0.017966,0.017904,0.017853,0.017814,0.017786,0.017769
1.6513e-14,0.78242,0.5403,0.75353,4.8284,0.53463,0.30741,0.35042,2.3996,0.2417,0.1317,0.10193,0.085679,0.074878,0.067021,0.060922,0.056009,0.051945,0.048517,0.045579,0.043053,0.040791,0.038822,0.037065,0.035492,0.034077,0.032796,0.031629,0.030576,0.029596,0.028704,0.027883,0.027136,0.02643,0.025783,0.025184,0.024627,0.024114,0.023634,0.023189,0.022775,0.02239,0.022031,0.021698,0.021381,0.0211,0.020833,0.020585,0.020357,0.020145,0.019951,0.019773,0.01961,0.019464,0.019331,0.019212,0.019105,0.019013,0.018933,0.018867,0.018811,0.01877,0.018739,0.018721
5.333e-14,1.5937,1.0212,1.265,7.166,0.81975,0.4938,0.62212,3.842,0.40796,0.23417,0.18279,0.15524,0.13684,0.12327,0.11265,0.104,0.096867,0.090785,0.085535,0.081014,0.076936,0.073374,0.070181,0.067331,0.064724,0.062372,0.060224,0.058271,0.05647,0.054817,0.053292,0.052007,0.050596,0.049388,0.048268,0.047227,0.046269,0.045369,0.044534,0.04377,0.043033,0.042359,0.041733,0.041147,0.040609,0.040106,0.039639,0.039211,0.03881,0.038444,0.03811,0.0378,0.037527,0.037275,0.03705,0.03684,0.036675,0.036525,0.036399,0.036297,0.036216,0.036159,0.036124
3.7669e-14,1.1528,0.81521,0.92224,5.7481,0.65849,0.40035,0.44146,2.6526,0.31942,0.17318,0.13578,0.11558,0.10206,0.092104,0.084289,0.077921,0.072613,0.068096,0.064191,0.060812,0.057764,0.055099,0.05271,0.050582,0.04862,0.046857,0.045247,0.043785,0.042428,0.041187,0.040043,0.03901,0.038016,0.03711,0.036269,0.035487,0.034767,0.034091,0.033463,0.032896,0.032336,0.03183,0.031359,0.030913,0.030514,0.030136,0.029786,0.029463,0.029164,0.028889,0.028637,0.028408,0.0282,0.028011,0.027843,0.027679,0.027563,0.027449,0.027354,0.027276,0.027218,0.027175,0.02715
2.5233e-14,0.88095,0.59526,0.72286,5.0546,0.57653,0.31588,0.33247,2.0284,0.23828,0.13989,0.11126,0.095325,0.084093,0.075839,0.069324,0.064001,0.059565,0.055785,0.052529,0.049709,0.047173,0.044953,0.042968,0.04119,0.039573,0.038113,0.036783,0.035573,0.034455,0.033431,0.032489,0.031626,0.030818,0.030072,0.029382,0.028738,0.028146,0.027592,0.027078,0.026602,0.026152,0.025737,0.025351,0.02499,0.024657,0.024348,0.024061,0.023796,0.02355,0.023326,0.023119,0.022927,0.022759,0.022604,0.022465,0.022339,0.022234,0.022142,0.022063,0.022,0.021949,0.021914,0.021892
4.1127e-14,2.1733,1.7844,2.1961,13.809,1.7285,1.0943,1.304,7.8994,0.90232,0.47296,0.35583,0.29505,0.25529,0.22711,0.20553,0.18832,0.17426,0.16243,0.15234,0.14373,0.13599,0.12929,0.12333,0.11801,0.11322,0.1089,0.10496,0.10139,0.098125,0.09513,0.092378,0.089999,0.087509,0.085345,0.083342,0.081476,0.079767,0.078168,0.076679,0.075299,0.074014,0.072818,0.071707,0.070678,0.069716,0.068826,0.068003,0.067243,0.066538,0.065894,0.065302,0.064746,0.064273,0.06383,0.063434,0.063084,0.062775,0.062509,0.062289,0.062112,0.061968,0.061868,0.061807
2.2702e-14,1.692,1.0173,1.1167,11.719,0.65296,0.44631,0.43542,3.3194,0.31405,0.1838,0.14856,0.12914,0.11525,0.10493,0.096658,0.089823,0.084068,0.079117,0.074802,0.071136,0.067651,0.064647,0.061947,0.059516,0.0573,0.055287,0.053445,0.051779,0.050205,0.048775,0.047455,0.046252,0.045101,0.044052,0.043076,0.042161,0.041325,0.04054,0.039808,0.039131,0.038491,0.037899,0.037348,0.036819,0.036359,0.035916,0.035505,0.035126,0.034775,0.034453,0.034157,0.033881,0.033641,0.03342,0.033222,0.033043,0.032893,0.03276,0.032649,0.032556,0.032487,0.032437,0.032407
2.9147e-14,1.6583,1.3536,1.752,11.404,1.2015,0.74604,0.84536,5.8107,0.65803,0.34989,0.26488,0.22014,0.19056,0.16964,0.1536,0.14081,0.13032,0.12151,0.114,0.10759,0.10182,0.096821,0.092376,0.088403,0.084832,0.081605,0.078666,0.076014,0.073558,0.07132,0.069263,0.067448,0.06562,0.064003,0.062505,0.06111,0.05983,0.058633,0.057521,0.05649,0.055526,0.054631,0.053801,0.053016,0.052311,0.051646,0.05103,0.050463,0.049936,0.049454,0.049012,0.048603,0.048243,0.047913,0.047617,0.047353,0.047126,0.046928,0.046764,0.046628,0.046525,0.04645,0.046406
2.8057e-14,1.4665,1.2265,1.5534,9.8208,1.0219,0.63703,0.79076,4.8417,0.52251,0.27222,0.20879,0.17525,0.15305,0.13707,0.12468,0.11472,0.10652,0.099586,0.093639,0.08858,0.083966,0.07998,0.076424,0.073279,0.07037,0.067765,0.06539,0.06324,0.061248,0.059427,0.057753,0.056292,0.054777,0.053455,0.052228,0.051081,0.050033,0.04905,0.048134,0.047308,0.046493,0.045755,0.04507,0.044428,0.04384,0.043289,0.04278,0.04231,0.041874,0.041473,0.041107,0.04076,0.040467,0.040192,0.039946,0.039709,0.039535,0.039369,0.039231,0.039119,0.039028,0.038965,0.038926
4.1169e-14,2.2169,1.8969,2.4533,15.236,1.9356,1.1817,1.4304,9.1512,1.0043,0.5251,0.39567,0.32756,0.28284,0.25116,0.22691,0.2076,0.19183,0.17862,0.16737,0.1578,0.14919,0.14175,0.13514,0.12926,0.12395,0.11917,0.11483,0.11091,0.10728,0.10398,0.10095,0.098276,0.095584,0.093202,0.091,0.088946,0.087069,0.085311,0.083677,0.082167,0.080748,0.079435,0.078215,0.07706,0.076027,0.075049,0.074144,0.073309,0.072534,0.071825,0.071173,0.070566,0.070038,0.069549,0.069111,0.06872,0.068382,0.068088,0.067841,0.067638,0.067481,0.067368,0.0673
5.2376e-14,1.8298,1.1911,1.3537,9.4078,1.1725,0.68803,0.7317,4.4654,0.50537,0.27261,0.21279,0.18116,0.15925,0.14338,0.13094,0.12083,0.11244,0.10531,0.099177,0.0939,0.089111,0.084946,0.081219,0.077879,0.074859,0.072119,0.06962,0.067363,0.065254,0.063333,0.061563,0.059989,0.058427,0.057026,0.055729,0.054521,0.053409,0.052367,0.051401,0.050507,0.049665,0.048885,0.04816,0.047469,0.046858,0.046275,0.045737,0.04524,0.044779,0.044357,0.043969,0.043615,0.043295,0.043006,0.042747,0.042512,0.042316,0.042143,0.041998,0.041876,0.041787,0.041722,0.041683
3.0636e-14,1.05,0.69686,0.7408,6.0669,0.53546,0.27724,0.34812,2.2518,0.25055,0.1416,0.11154,0.095305,0.084403,0.07635,0.070005,0.06484,0.060508,0.05681,0.053606,0.050854,0.048318,0.046115,0.044138,0.042364,0.04075,0.039284,0.037948,0.03673,0.035602,0.034569,0.033615,0.032734,0.031924,0.031168,0.030466,0.029811,0.029211,0.028646,0.028122,0.027636,0.027179,0.026756,0.026361,0.025991,0.025654,0.025337,0.025044,0.024773,0.024522,0.024292,0.024081,0.023885,0.023714,0.023555,0.023414,0.023287,0.023178,0.023084,0.023003,0.022939,0.022889,0.022853,0.022831
2.4578e-14,1.4871,0.77882,0.85065,8.7675,0.48656,0.2908,0.32342,1.9941,0.22054,0.1321,0.10728,0.093228,0.083362,0.075827,0.069781,0.064778,0.060555,0.056929,0.053778,0.051089,0.048552,0.046365,0.044401,0.042623,0.041023,0.039563,0.038228,0.037018,0.035882,0.034849,0.033894,0.033027,0.032196,0.031439,0.030736,0.030077,0.029476,0.02891,0.028383,0.027889,0.027436,0.027011,0.026615,0.026236,0.025904,0.025586,0.025292,0.02502,0.024769,0.024537,0.024325,0.024129,0.023956,0.023798,0.023656,0.023533,0.02342,0.023325,0.023245,0.023179,0.023131,0.023095,0.023074
2.9331e-14,3.0392,1.4758,1.7319,20.943,0.9732,0.6051,0.59454,5.6687,0.3742,0.24481,0.20683,0.18332,0.16572,0.15221,0.14113,0.13181,0.12383,0.1169,0.11081,0.10563,0.1006,0.096272,0.092368,0.088825,0.085609,0.082671,0.079974,0.077525,0.075214,0.073109,0.071161,0.06938,0.067683,0.066133,0.064687,0.063328,0.06209,0.060924,0.059835,0.058825,0.057877,0.056996,0.056175,0.055387,0.054702,0.054042,0.053429,0.052864,0.052341,0.051859,0.051418,0.051006,0.050649,0.050318,0.050022,0.049757,0.049531,0.049332,0.049167,0.049029,0.048927,0.048852,0.048809
3.3892e-14,2.1397,1.2311,1.783,13.513,1.2077,0.74028,0.795,5.8401,0.61475,0.32341,0.24518,0.20472,0.17811,0.1592,0.14461,0.13291,0.12332,0.11523,0.1083,0.10242,0.097036,0.092395,0.088259,0.084546,0.08122,0.078202,0.075449,0.07296,0.070654,0.068549,0.066613,0.064937,0.063179,0.061654,0.060238,0.058916,0.057709,0.056576,0.055522,0.054539,0.053632,0.052784,0.051997,0.051255,0.050583,0.049951,0.049366,0.048827,0.048327,0.047868,0.047449,0.047055,0.046717,0.046403,0.046122,0.045875,0.045655,0.045467,0.04531,0.045182,0.045082,0.045012,0.04497
2.5359e-14,1.7774,1.2574,1.4988,12.906,0.91526,0.5506,0.61445,4.4105,0.43374,0.25608,0.20233,0.17306,0.15303,0.13834,0.12677,0.11734,0.10945,0.10274,0.096948,0.092004,0.087401,0.083418,0.079848,0.076651,0.07372,0.071074,0.068656,0.066467,0.064417,0.062549,0.060828,0.059244,0.057763,0.056397,0.055129,0.053943,0.052857,0.051838,0.050889,0.050019,0.049184,0.048418,0.047705,0.047026,0.046425,0.045853,0.045323,0.044833,0.04438,0.043964,0.043583,0.043229,0.042917,0.042632,0.042376,0.04214,0.041952,0.041781,0.041637,0.041518,0.04143,0.041365,0.041326
3.7482e-14,2.6254,1.7074,1.9798,18.326,1.4275,0.89273,1.0172,7.2144,0.73804,0.41062,0.31698,0.26806,0.23532,0.21201,0.19374,0.17894,0.16659,0.15612,0.14709,0.1394,0.13228,0.12613,0.12063,0.11569,0.11122,0.10717,0.10347,0.10013,0.097006,0.09416,0.09154,0.089128,0.086882,0.084808,0.082884,0.081084,0.079438,0.077895,0.076457,0.075129,0.073876,0.072717,0.07164,0.070613,0.069705,0.06884,0.068039,0.067298,0.066614,0.065985,0.065408,0.064873,0.064404,0.063973,0.063587,0.063238,0.062945,0.062687,0.062471,0.062291,0.062157,0.062059,0.062
5.3018e-14,1.482,0.85422,1.0471,6.9268,0.78864,0.43053,0.42699,2.6047,0.27817,0.16135,0.13065,0.1135,0.10151,0.092349,0.084984,0.078905,0.073739,0.069316,0.065468,0.062182,0.059091,0.056428,0.054034,0.051884,0.049922,0.048143,0.046518,0.045032,0.043663,0.042405,0.041245,0.04016,0.039181,0.038259,0.037404,0.036599,0.035873,0.035185,0.034544,0.033953,0.033394,0.032876,0.032395,0.031953,0.031532,0.031146,0.030788,0.030457,0.030152,0.029871,0.029614,0.029363,0.029166,0.028973,0.0288,0.028644,0.028513,0.028398,0.028301,0.028228,0.028162,0.028119,0.028093
2.9672e-14,1.2912,0.68845,0.776,6.2015,0.58,0.35418,0.39004,2.6039,0.30592,0.16281,0.12701,0.10735,0.094244,0.084685,0.07723,0.071195,0.066191,0.06195,0.058302,0.055195,0.052329,0.049861,0.047654,0.045671,0.04389,0.04227,0.040792,0.039454,0.038213,0.03708,0.036036,0.035111,0.034186,0.033362,0.032598,0.031882,0.031232,0.030618,0.030048,0.029518,0.029027,0.028567,0.028141,0.027741,0.027377,0.027034,0.026717,0.026425,0.026154,0.025906,0.025678,0.025463,0.025283,0.025112,0.02496,0.024826,0.024707,0.024605,0.02452,0.024452,0.024397,0.024359,0.024336
2.7078e-14,1.749,1.0968,1.4183,10.802,1.0413,0.66458,0.7532,4.6056,0.51775,0.27872,0.21185,0.17743,0.15433,0.138,0.12539,0.11528,0.10696,0.099935,0.093926,0.088804,0.084137,0.080108,0.076515,0.073304,0.070405,0.067782,0.065391,0.063232,0.061227,0.0594,0.057719,0.056222,0.054737,0.053412,0.052184,0.051036,0.049988,0.049005,0.04809,0.047247,0.04645,0.045713,0.045029,0.044385,0.043803,0.043254,0.042746,0.042277,0.041843,0.041445,0.04108,0.040739,0.040446,0.040173,0.039929,0.039707,0.039523,0.03936,0.039223,0.039112,0.039026,0.038964,0.038927
2.2587e-14,1.4321,0.92963,1.3463,9.3594,0.85922,0.50655,0.50595,3.8064,0.37548,0.2107,0.16329,0.1383,0.12163,0.10946,0.1,0.092344,0.085991,0.080594,0.07594,0.071949,0.068292,0.065121,0.062283,0.059728,0.057424,0.055335,0.053425,0.051692,0.050085,0.048616,0.047261,0.046047,0.044859,0.043787,0.042793,0.041865,0.041015,0.040217,0.039475,0.038783,0.038142,0.037544,0.036988,0.036463,0.03599,0.035544,0.03513,0.034748,0.034395,0.03407,0.033772,0.033497,0.033255,0.033033,0.032834,0.032659,0.032503,0.03237,0.032258,0.032166,0.032097,0.032046,0.032016
3.5983e-14,3.3877,1.9866,2.0513,23.72,1.192,0.751,0.80124,5.92,0.54651,0.34741,0.28833,0.25578,0.23167,0.21322,0.19799,0.18514,0.17408,0.16445,0.15595,0.14872,0.14169,0.13563,0.13016,0.12521,0.12068,0.11656,0.11277,0.10934,0.10608,0.10312,0.10039,0.097816,0.095494,0.093308,0.091273,0.089359,0.087615,0.085973,0.08444,0.083029,0.081682,0.080442,0.079285,0.078173,0.077207,0.076276,0.075414,0.074615,0.073878,0.073199,0.072578,0.071994,0.071492,0.071026,0.070609,0.070227,0.069916,0.069637,0.069402,0.069207,0.069063,0.068957,0.068894
5.4786e-14,1.3634,0.79347,0.84666,5.6194,0.60844,0.34824,0.39745,2.4432,0.26664,0.14985,0.11841,0.10131,0.089616,0.081009,0.074211,0.068625,0.063988,0.060016,0.056583,0.053628,0.050923,0.048574,0.046466,0.044577,0.042861,0.041307,0.039884,0.038591,0.037399,0.036304,0.035293,0.034459,0.033504,0.032704,0.031963,0.03127,0.030638,0.030041,0.029487,0.028977,0.028492,0.028045,0.027629,0.027242,0.026883,0.026549,0.02624,0.025956,0.02569,0.025448,0.025225,0.025016,0.024839,0.024672,0.024522,0.024386,0.024274,0.024174,0.024091,0.024024,0.02397,0.023932,0.02391
4.5014e-14,1.2971,0.60196,0.58614,4.1397,0.41752,0.26653,0.31961,1.9131,0.21689,0.12217,0.096377,0.082676,0.073194,0.066262,0.060783,0.056293,0.052538,0.049331,0.046554,0.044161,0.041966,0.04006,0.038347,0.03681,0.03541,0.034142,0.032982,0.031933,0.030948,0.030052,0.029223,0.028482,0.027759,0.027103,0.026494,0.025926,0.025407,0.024916,0.024461,0.024042,0.023643,0.023275,0.022933,0.022606,0.02232,0.022045,0.02179,0.021556,0.021339,0.021139,0.020956,0.020789,0.020639,0.020501,0.020378,0.020265,0.020174,0.020092,0.020023,0.019967,0.019925,0.019894,0.019876
2.1921e-14,1.751,1.0878,0.96044,13.338,0.59137,0.39994,0.39701,2.7659,0.28909,0.18824,0.16004,0.1424,0.12953,0.11947,0.11112,0.10403,0.097915,0.092565,0.087843,0.083821,0.079885,0.076501,0.073441,0.070661,0.068129,0.065816,0.06369,0.061757,0.059937,0.058273,0.056734,0.055319,0.053982,0.052752,0.051608,0.05053,0.049549,0.048624,0.047762,0.046959,0.046208,0.045509,0.044858,0.044234,0.043686,0.043162,0.042676,0.042227,0.041811,0.041429,0.041078,0.04075,0.040466,0.040204,0.039969,0.03976,0.039579,0.039422,0.03929,0.03918,0.039099,0.039039,0.039004
5.0119e-14,5.4121,3.0331,2.7613,38.37,1.5046,1.0355,1.1049,7.7061,0.68757,0.4906,0.42948,0.39139,0.35953,0.33404,0.31227,0.29346,0.277,0.26247,0.24954,0.23853,0.22761,0.21822,0.20969,0.20195,0.19485,0.18836,0.18239,0.17698,0.17182,0.16712,0.16277,0.15871,0.15499,0.1515,0.14826,0.1452,0.14241,0.13978,0.13733,0.13507,0.13291,0.13092,0.12906,0.12725,0.12572,0.12423,0.12284,0.12156,0.12037,0.11928,0.11828,0.11735,0.11653,0.11578,0.11511,0.11449,0.114,0.11355,0.11317,0.11285,0.11262,0.11245,0.11235
4.647e-14,4.6332,2.5773,2.4969,32.673,1.4553,0.95541,1.0291,7.2286,0.67516,0.4577,0.38975,0.35018,0.31923,0.29509,0.27489,0.25768,0.24277,0.22971,0.21814,0.20827,0.1986,0.19027,0.18273,0.17588,0.16961,0.16389,0.15863,0.15386,0.14933,0.1452,0.14138,0.13782,0.13455,0.1315,0.12865,0.12598,0.12354,0.12124,0.11909,0.11711,0.11522,0.11348,0.11186,0.11029,0.10895,0.10764,0.10643,0.10531,0.10427,0.10332,0.10244,0.10163,0.10092,0.10026,0.099678,0.099139,0.098704,0.098311,0.097981,0.097702,0.097504,0.097355,0.097268
4.2263e-14,1.2686,0.83844,0.86226,5.6218,0.63645,0.37674,0.45196,2.5627,0.28209,0.16189,0.12767,0.10968,0.097285,0.088167,0.080933,0.074984,0.070041,0.065809,0.062139,0.058978,0.056067,0.053537,0.051263,0.049229,0.04736,0.045674,0.044126,0.04273,0.041424,0.04023,0.039128,0.038175,0.037173,0.036298,0.035487,0.03473,0.034034,0.03338,0.032774,0.032218,0.031682,0.031191,0.030736,0.030302,0.029914,0.029547,0.029208,0.028895,0.028604,0.028337,0.028093,0.027868,0.027666,0.027483,0.027319,0.027166,0.027046,0.026936,0.026845,0.026768,0.026711,0.026669,0.026644
2.4129e-14,1.0442,0.57901,0.68698,6.2539,0.47294,0.29227,0.33129,1.8066,0.21904,0.13071,0.10926,0.096444,0.087233,0.080107,0.074255,0.069333,0.065111,0.061444,0.058218,0.055442,0.052817,0.050536,0.048474,0.046622,0.044908,0.04336,0.041936,0.040646,0.039434,0.038325,0.0373,0.036353,0.035472,0.034654,0.033893,0.033182,0.032528,0.031913,0.031343,0.030822,0.030314,0.029851,0.029421,0.029009,0.028644,0.028298,0.027977,0.027679,0.027404,0.027151,0.02692,0.026706,0.026515,0.026342,0.026186,0.026039,0.025928,0.025824,0.025737,0.025663,0.02561,0.02557,0.025547
2.4248e-14,2.5448,1.4076,1.2871,18.736,0.57944,0.43862,0.44183,3.412,0.25523,0.20835,0.18928,0.17467,0.16174,0.15089,0.14148,0.13325,0.12598,0.11952,0.11374,0.1088,0.10388,0.099641,0.095788,0.092274,0.089055,0.08611,0.083393,0.08093,0.078582,0.076443,0.074461,0.072641,0.070909,0.06932,0.067838,0.066442,0.065169,0.063968,0.062848,0.061809,0.060827,0.059918,0.05907,0.058246,0.057544,0.056861,0.056227,0.055641,0.055099,0.054599,0.054142,0.053718,0.053343,0.053,0.052693,0.052415,0.052183,0.051977,0.051805,0.051658,0.051555,0.051477,0.051432
3.183e-14,3.3272,1.9664,1.7884,25.943,0.91554,0.6524,0.63781,3.9681,0.36072,0.31467,0.28935,0.26826,0.24897,0.23258,0.21823,0.20561,0.19445,0.18451,0.17562,0.16799,0.16043,0.15389,0.14795,0.14254,0.13756,0.13302,0.12882,0.12502,0.1214,0.1181,0.11503,0.1122,0.10955,0.1071,0.10481,0.10266,0.10069,0.09883,0.097102,0.095501,0.09398,0.092576,0.091267,0.089991,0.088908,0.087853,0.086874,0.085968,0.085131,0.084359,0.083654,0.083003,0.082418,0.081889,0.081415,0.080982,0.080627,0.080309,0.080044,0.079815,0.079657,0.079537,0.079466
1.9411e-14,1.2048,0.85695,0.97593,9.7541,0.68309,0.38263,0.4145,2.4867,0.29928,0.19427,0.15997,0.14056,0.12647,0.11578,0.10711,0.099859,0.093696,0.088351,0.083667,0.079647,0.075847,0.072549,0.069574,0.066895,0.064436,0.062206,0.060158,0.05831,0.056559,0.054966,0.053493,0.05216,0.050869,0.049695,0.048604,0.047585,0.046645,0.045764,0.044946,0.044193,0.043472,0.042809,0.042192,0.041592,0.04108,0.040584,0.040123,0.039698,0.039304,0.038942,0.038611,0.038311,0.038032,0.037784,0.037562,0.037357,0.037193,0.037045,0.03692,0.036812,0.036739,0.036683,0.036649
1.6527e-14,1.3206,0.88689,1.0905,8.4316,0.80947,0.51955,0.6148,4.4473,0.44487,0.22483,0.16986,0.14154,0.12285,0.10962,0.099449,0.091327,0.084656,0.079049,0.074255,0.070163,0.066471,0.063272,0.060423,0.057863,0.055581,0.053504,0.051612,0.049897,0.048318,0.046874,0.045545,0.044378,0.04319,0.042143,0.041173,0.040268,0.03944,0.038664,0.037941,0.037265,0.036646,0.036065,0.035525,0.035022,0.034557,0.034124,0.033723,0.033354,0.033011,0.032697,0.032409,0.032141,0.031909,0.031694,0.031501,0.031334,0.03118,0.031051,0.030944,0.030857,0.030788,0.030739,0.03071
1.4059e-14,1.0174,0.64428,0.74077,6.0959,0.47694,0.26318,0.35176,2.0942,0.22652,0.1192,0.090654,0.076358,0.06688,0.060051,0.054733,0.050442,0.046892,0.043885,0.041299,0.039079,0.037074,0.035328,0.033769,0.032379,0.03111,0.029964,0.02892,0.027972,0.027098,0.026297,0.025561,0.024912,0.024249,0.023666,0.023125,0.022621,0.022158,0.021725,0.021321,0.020952,0.020597,0.020271,0.019969,0.019686,0.019426,0.019183,0.018959,0.018751,0.018559,0.018382,0.018221,0.018071,0.017939,0.017818,0.017709,0.017608,0.017528,0.017455,0.017394,0.017344,0.017305,0.017278,0.01726
1.9196e-14,0.69058,0.81323,1.0299,3.999,0.58547,0.32325,0.32632,2.1546,0.23878,0.13627,0.10767,0.092163,0.081493,0.073573,0.067331,0.062228,0.057965,0.054333,0.051187,0.048469,0.046021,0.04388,0.041958,0.040269,0.03868,0.037267,0.035973,0.034799,0.033718,0.032725,0.03181,0.031016,0.030187,0.029465,0.028794,0.02817,0.027594,0.027055,0.026554,0.02611,0.025658,0.025254,0.024879,0.024528,0.024205,0.023904,0.023625,0.023369,0.02313,0.022911,0.02271,0.022526,0.022361,0.022211,0.022077,0.021943,0.021853,0.021763,0.021689,0.021627,0.021579,0.021545,0.021525
4.3157e-14,1.4305,0.79754,0.90308,6.1143,0.61984,0.36125,0.39174,2.3282,0.271,0.16049,0.12919,0.11185,0.099898,0.090884,0.083723,0.077821,0.072837,0.068549,0.064808,0.06159,0.0586,0.055996,0.053653,0.051562,0.049616,0.047871,0.04627,0.044817,0.043462,0.042221,0.041074,0.04003,0.039037,0.038126,0.03728,0.036489,0.035762,0.03508,0.034447,0.033871,0.033305,0.032793,0.032317,0.031865,0.031458,0.031075,0.030719,0.030391,0.030087,0.029808,0.029553,0.029315,0.029106,0.028915,0.028744,0.028581,0.028459,0.028345,0.028249,0.028169,0.028109,0.028066,0.02804
2.9715e-14,1.3259,0.77112,0.81483,8.6357,0.49611,0.28616,0.35072,1.8459,0.22733,0.15101,0.12792,0.11367,0.10323,0.094986,0.088185,0.082432,0.077496,0.073195,0.069405,0.066144,0.063051,0.060354,0.057916,0.055716,0.053693,0.051855,0.050166,0.048636,0.047191,0.045872,0.044652,0.043526,0.042475,0.041502,0.040595,0.039748,0.038966,0.038234,0.037554,0.036927,0.036326,0.035773,0.03526,0.034762,0.034333,0.033919,0.033535,0.03318,0.032852,0.032549,0.032273,0.032021,0.031789,0.031582,0.031396,0.031224,0.031088,0.030964,0.03086,0.03077,0.030708,0.030661,0.030633
1.8003e-14,0.81268,0.55519,0.68196,5.283,0.53763,0.3258,0.42636,2.9353,0.27787,0.14554,0.10963,0.091176,0.079086,0.070523,0.063953,0.058714,0.054393,0.050768,0.047673,0.045022,0.042634,0.040566,0.038722,0.037073,0.035588,0.034245,0.033022,0.031914,0.030891,0.029957,0.029098,0.028316,0.027576,0.0269,0.026273,0.025688,0.025153,0.024651,0.024184,0.023752,0.023348,0.022973,0.022624,0.022298,0.021999,0.021719,0.02146,0.021221,0.021,0.020797,0.02061,0.020436,0.020287,0.020147,0.020022,0.019911,0.019814,0.01973,0.01966,0.019603,0.019558,0.019526,0.019507
2.0954e-14,1.5668,0.76852,1.0988,9.8574,0.71026,0.42422,0.44665,3.8994,0.33261,0.18156,0.14184,0.12061,0.10633,0.095891,0.087683,0.080989,0.075426,0.07069,0.066603,0.063082,0.059878,0.057094,0.054601,0.052361,0.050334,0.048501,0.046822,0.045301,0.043891,0.042602,0.041414,0.040366,0.039305,0.038366,0.037494,0.036681,0.035936,0.035236,0.034585,0.033982,0.033416,0.032892,0.032404,0.031945,0.031529,0.031138,0.030775,0.030441,0.030131,0.029847,0.029586,0.029346,0.029133,0.028938,0.028764,0.028607,0.028474,0.028356,0.02826,0.02818,0.028118,0.028074,0.028048
1.936e-14,1.6438,0.90534,1.095,9.4708,0.57763,0.33707,0.35243,3.3843,0.22537,0.13361,0.10807,0.093376,0.083163,0.075426,0.069262,0.064158,0.059899,0.056231,0.053054,0.050297,0.047776,0.04558,0.043607,0.041832,0.040222,0.038762,0.037421,0.036205,0.035082,0.03405,0.0331,0.03232,0.031406,0.030654,0.029955,0.0293,0.028702,0.028139,0.027615,0.027128,0.026674,0.026251,0.025858,0.025491,0.025152,0.024835,0.024542,0.024273,0.024021,0.02379,0.023577,0.02338,0.023209,0.02305,0.022907,0.022781,0.022669,0.022572,0.022492,0.022426,0.022373,0.022336,0.022313
1.2213e-14,0.85926,0.58363,0.74668,5.2064,0.45693,0.25369,0.29494,2.1686,0.18773,0.10418,0.08149,0.069054,0.061067,0.055055,0.050356,0.046528,0.043336,0.040624,0.038283,0.03626,0.034428,0.032831,0.0314,0.030112,0.028947,0.027893,0.026929,0.026051,0.025244,0.024503,0.02382,0.023218,0.022607,0.022067,0.021566,0.021098,0.020669,0.020267,0.019893,0.019546,0.01922,0.018918,0.018638,0.018378,0.018134,0.01791,0.017701,0.017509,0.017331,0.017167,0.017017,0.016878,0.016756,0.016644,0.016543,0.016452,0.016377,0.016309,0.016253,0.016208,0.016172,0.016146,0.016131
2.717e-14,1.2329,1.1264,1.5054,9.0348,1.0526,0.67615,0.81428,5.4959,0.57981,0.30978,0.23466,0.19496,0.16881,0.15024,0.136,0.12466,0.11537,0.10758,0.10093,0.095242,0.09016,0.085746,0.081818,0.078288,0.075155,0.072304,0.069708,0.067365,0.065197,0.063221,0.061404,0.059781,0.058188,0.05676,0.055438,0.054208,0.053078,0.05202,0.051039,0.050117,0.049279,0.048489,0.047757,0.047067,0.046442,0.045855,0.045312,0.044811,0.044347,0.043922,0.043532,0.043172,0.042854,0.042563,0.042303,0.042079,0.041869,0.041695,0.041551,0.041431,0.04134,0.041274,0.041235
4.5721e-14,1.3489,0.77589,0.8852,4.943,0.60496,0.31717,0.37448,2.2385,0.26097,0.14971,0.1187,0.10158,0.090079,0.081529,0.074764,0.069198,0.064568,0.060597,0.057159,0.054184,0.051487,0.04913,0.047011,0.045112,0.043382,0.041821,0.040382,0.039085,0.037881,0.036778,0.035758,0.034914,0.033955,0.033149,0.032401,0.031704,0.031062,0.030459,0.029902,0.029384,0.028897,0.028446,0.028028,0.027632,0.027273,0.026936,0.026624,0.026338,0.02607,0.025825,0.025601,0.025394,0.025209,0.025041,0.024891,0.024756,0.024641,0.02454,0.024457,0.024387,0.024335,0.024297,0.024275
3.0924e-14,0.97142,0.51639,0.60134,4.561,0.45965,0.24041,0.31223,1.8764,0.18945,0.10523,0.083921,0.072469,0.064344,0.058302,0.053506,0.049555,0.046281,0.043464,0.041019,0.038913,0.036984,0.035302,0.033791,0.032441,0.031203,0.030086,0.02906,0.028133,0.027271,0.026481,0.025752,0.025141,0.024458,0.023881,0.023344,0.022843,0.022384,0.021952,0.021552,0.021187,0.020831,0.020508,0.020207,0.019924,0.019665,0.019423,0.019199,0.018993,0.018801,0.018625,0.018464,0.018313,0.018182,0.018062,0.017954,0.017852,0.017775,0.017703,0.017643,0.017593,0.017555,0.017527,0.017511
1.7225e-14,1.0864,0.53683,0.67372,6.5266,0.45116,0.28285,0.30925,2.3262,0.19161,0.11637,0.095619,0.083977,0.075562,0.069176,0.063972,0.059614,0.05592,0.052715,0.049908,0.047519,0.045216,0.043242,0.041461,0.03985,0.038387,0.037053,0.035828,0.034713,0.033674,0.032722,0.031842,0.031063,0.030273,0.029573,0.028921,0.028308,0.027753,0.027227,0.026737,0.026284,0.025856,0.02546,0.025091,0.024745,0.024429,0.024132,0.023857,0.023603,0.023368,0.023152,0.022954,0.022764,0.022609,0.02246,0.022327,0.022206,0.022106,0.022016,0.021943,0.021883,0.021835,0.021801,0.021782
2.3377e-14,2.0599,1.1453,1.4075,12.516,0.69982,0.42959,0.38674,3.1585,0.2631,0.17654,0.14733,0.12969,0.11669,0.1067,0.098527,0.091677,0.085851,0.080816,0.07641,0.072623,0.069066,0.065986,0.063211,0.060707,0.058431,0.056361,0.054464,0.052739,0.05113,0.04966,0.048301,0.047091,0.045882,0.044805,0.043801,0.04286,0.042004,0.041196,0.040442,0.039751,0.03909,0.038482,0.037915,0.037381,0.0369,0.036444,0.036021,0.035632,0.035271,0.034938,0.034633,0.034346,0.034103,0.033874,0.033669,0.033479,0.033328,0.033189,0.033074,0.03298,0.032906,0.032853,0.032821
1.809e-14,0.79873,0.77713,0.99462,4.9693,0.53016,0.30836,0.28797,1.9111,0.20708,0.11297,0.089376,0.076218,0.067288,0.060597,0.055328,0.051031,0.047452,0.044409,0.04178,0.039513,0.037471,0.035691,0.034097,0.03268,0.031377,0.030208,0.029139,0.02817,0.027278,0.02646,0.025707,0.025054,0.024371,0.023777,0.023226,0.022712,0.022241,0.021799,0.021389,0.021015,0.020653,0.020322,0.020015,0.019729,0.019463,0.019217,0.018989,0.018779,0.018583,0.018404,0.018241,0.018087,0.017954,0.017832,0.017722,0.01762,0.017539,0.017465,0.017404,0.017354,0.017314,0.017286,0.01727
1.6e-14,0.7658,0.6302,0.885,4.9924,0.53012,0.31145,0.35464,1.9996,0.21192,0.1277,0.10289,0.088936,0.079082,0.071774,0.065944,0.061137,0.057099,0.053638,0.050623,0.048038,0.045647,0.04357,0.041703,0.040025,0.038501,0.037118,0.03585,0.0347,0.033632,0.032654,0.031752,0.030972,0.030149,0.029434,0.028769,0.028149,0.02758,0.027046,0.026549,0.02609,0.025656,0.025254,0.024881,0.024529,0.02421,0.02391,0.023632,0.023376,0.023137,0.022919,0.022719,0.022532,0.022369,0.022218,0.022083,0.02196,0.021858,0.021767,0.021692,0.021629,0.02158,0.021546,0.021525
3.9953e-14,1.3661,0.85503,1.0128,6.078,0.70664,0.40406,0.44207,3.0469,0.30691,0.17001,0.13125,0.11053,0.096773,0.086881,0.079176,0.072935,0.067789,0.063422,0.059663,0.056464,0.053522,0.050988,0.048721,0.046695,0.044858,0.043198,0.041677,0.040298,0.039036,0.037873,0.036803,0.035892,0.03491,0.034065,0.033282,0.032548,0.031883,0.031255,0.030672,0.030136,0.029626,0.029156,0.02872,0.028319,0.027935,0.027585,0.027261,0.026963,0.026685,0.026431,0.026198,0.025973,0.025792,0.025617,0.025461,0.025318,0.025201,0.025096,0.02501,0.024942,0.024883,0.024844,0.02482
3.5514e-14,1.0115,0.58328,0.68367,4.391,0.51276,0.29553,0.37275,2.4548,0.23702,0.13082,0.099859,0.08378,0.07324,0.065598,0.059695,0.054935,0.051009,0.047693,0.044847,0.042401,0.040205,0.038291,0.03658,0.035047,0.033667,0.032415,0.031275,0.030239,0.029283,0.028409,0.027603,0.02688,0.026181,0.025544,0.024956,0.024407,0.023903,0.02343,0.022992,0.022586,0.022205,0.021852,0.021523,0.021216,0.020933,0.020669,0.020425,0.0202,0.019991,0.019799,0.019623,0.01946,0.019317,0.019185,0.019067,0.018962,0.018871,0.018792,0.018725,0.018671,0.018628,0.018598,0.018579
2.2384e-14,1.0312,0.61955,0.83309,6.2441,0.50851,0.3178,0.358,2.0646,0.25313,0.14114,0.11369,0.098073,0.087184,0.079074,0.072617,0.067303,0.062844,0.059024,0.055707,0.052869,0.050229,0.047942,0.04589,0.044039,0.042369,0.040849,0.039459,0.038197,0.037023,0.035949,0.034959,0.034075,0.0332,0.032415,0.031687,0.031004,0.030381,0.029796,0.029251,0.028743,0.028271,0.027831,0.027422,0.027037,0.026688,0.026359,0.026055,0.025774,0.025514,0.025275,0.025056,0.024851,0.024675,0.024511,0.024365,0.024234,0.024121,0.024023,0.023941,0.023874,0.023822,0.023785,0.023763
1.6566e-14,0.89554,0.71651,0.88678,5.7208,0.47196,0.27067,0.2752,1.6594,0.2251,0.12921,0.10363,0.089445,0.079388,0.071884,0.0659,0.060975,0.056858,0.053334,0.050278,0.047656,0.045243,0.043149,0.041271,0.039582,0.038056,0.03667,0.035403,0.034255,0.033186,0.032211,0.031311,0.030525,0.029714,0.029003,0.028342,0.027725,0.02716,0.026629,0.026136,0.025679,0.02525,0.024852,0.024482,0.024132,0.023818,0.02352,0.023245,0.022991,0.022756,0.02254,0.022342,0.022158,0.021997,0.021848,0.021715,0.021595,0.021494,0.021405,0.021331,0.021269,0.021222,0.021188,0.021168
1.4546e-14,0.61273,0.48032,0.68102,3.6879,0.40647,0.23918,0.27992,1.6798,0.18003,0.094103,0.07363,0.062878,0.05565,0.050308,0.046079,0.042618,0.039724,0.037254,0.035113,0.033279,0.03159,0.030126,0.028814,0.027637,0.026567,0.025599,0.024714,0.023911,0.023166,0.022484,0.021857,0.021298,0.020741,0.020244,0.019783,0.019351,0.018958,0.018587,0.018243,0.017923,0.017624,0.017346,0.017088,0.016846,0.016623,0.016416,0.016224,0.016047,0.015882,0.015732,0.015594,0.015462,0.015352,0.015249,0.015156,0.015073,0.015001,0.014939,0.014887,0.014845,0.014811,0.014787,0.014772
5.001e-14,1.607,0.90545,1.053,7.5969,0.73042,0.42674,0.50952,3.1539,0.30074,0.1795,0.14622,0.12731,0.11407,0.10392,0.095756,0.088951,0.083239,0.078302,0.074001,0.070298,0.066854,0.063869,0.061179,0.058763,0.056554,0.054552,0.052715,0.051046,0.049499,0.048079,0.046767,0.045667,0.044439,0.043396,0.042429,0.041522,0.040698,0.039918,0.039193,0.038524,0.037891,0.037305,0.036761,0.036254,0.035782,0.035344,0.034939,0.034567,0.034218,0.0339,0.033609,0.033331,0.033101,0.032882,0.032686,0.03251,0.032361,0.03223,0.032121,0.032035,0.031963,0.031914,0.031885
3.4564e-14,0.93988,0.58256,0.59481,4.4132,0.46552,0.29579,0.36862,2.3654,0.23874,0.12153,0.092882,0.078481,0.068745,0.06181,0.056445,0.052097,0.048516,0.045469,0.042846,0.040608,0.038535,0.03675,0.035151,0.033716,0.032415,0.031237,0.03016,0.029183,0.028278,0.02745,0.026685,0.026028,0.025332,0.024727,0.024167,0.023642,0.023165,0.022714,0.022296,0.021907,0.021544,0.021206,0.020893,0.020598,0.02033,0.020078,0.019844,0.019629,0.019429,0.019246,0.019078,0.018921,0.018787,0.018661,0.018549,0.018449,0.018362,0.018287,0.018224,0.018173,0.018133,0.018105,0.018088
2.4232e-14,0.95708,0.62325,0.72682,5.5645,0.47176,0.30859,0.34538,2.1597,0.23137,0.12838,0.10343,0.089341,0.079493,0.072124,0.066259,0.061435,0.057382,0.053913,0.0509,0.04832,0.045919,0.043839,0.041972,0.040286,0.038762,0.037378,0.03611,0.034964,0.033888,0.032908,0.032004,0.031173,0.030397,0.02968,0.029014,0.028391,0.027821,0.027284,0.026787,0.026321,0.02589,0.025488,0.025114,0.024756,0.02444,0.02414,0.023861,0.023604,0.023365,0.023146,0.022946,0.022761,0.022596,0.022446,0.022312,0.022194,0.022089,0.021999,0.021923,0.02186,0.021814,0.02178,0.02176
2.3901e-14,0.72597,0.57739,0.72518,4.4622,0.48693,0.24555,0.28687,1.9566,0.20723,0.11031,0.08765,0.074946,0.066225,0.059825,0.054781,0.05066,0.047214,0.044277,0.041733,0.039539,0.037549,0.035813,0.034256,0.032858,0.031592,0.030444,0.029394,0.028444,0.02756,0.026753,0.026009,0.025347,0.024687,0.024098,0.023552,0.023043,0.022574,0.022135,0.021727,0.021349,0.020995,0.020666,0.02036,0.02007,0.01981,0.019565,0.019337,0.019127,0.018933,0.018754,0.018591,0.018441,0.018306,0.018183,0.018074,0.017976,0.017892,0.017818,0.017757,0.017706,0.017668,0.01764,0.017624
1.6586e-14,0.61031,0.46975,0.60966,3.4672,0.41397,0.25155,0.27917,1.9005,0.19243,0.10506,0.082045,0.069726,0.061364,0.055268,0.050472,0.046574,0.04332,0.04056,0.03818,0.036134,0.034279,0.032661,0.031216,0.029922,0.028749,0.027688,0.026722,0.025846,0.025031,0.024288,0.023604,0.022972,0.02239,0.02185,0.021349,0.020881,0.020452,0.02005,0.019676,0.019331,0.019006,0.018705,0.018425,0.01816,0.017922,0.017698,0.01749,0.017298,0.01712,0.016957,0.016808,0.016669,0.016547,0.016435,0.016335,0.016245,0.016169,0.016102,0.016046,0.015999,0.015964,0.015939,0.015924
2.0597e-14,0.83313,0.6908,0.85058,5.0944,0.54851,0.30284,0.33264,1.8894,0.19637,0.12098,0.098172,0.084945,0.075652,0.068626,0.062993,0.058345,0.054434,0.051084,0.048176,0.045643,0.043371,0.041374,0.039581,0.037974,0.036508,0.035184,0.03397,0.03287,0.031853,0.03092,0.03006,0.029331,0.028531,0.027851,0.027219,0.026631,0.026089,0.025581,0.025109,0.024678,0.024262,0.023882,0.023529,0.023197,0.022893,0.022609,0.022346,0.022104,0.021879,0.021672,0.021484,0.021309,0.021154,0.021013,0.020887,0.020768,0.020676,0.020591,0.020521,0.020463,0.020418,0.020387,0.020367
2.4103e-14,1.1165,0.95843,1.3651,7.9099,0.82494,0.4692,0.56366,3.5093,0.38884,0.21732,0.16803,0.1416,0.12403,0.11123,0.10128,0.093223,0.086578,0.08095,0.07612,0.071977,0.068242,0.064996,0.062095,0.05949,0.057156,0.055034,0.053093,0.051344,0.049723,0.048242,0.04688,0.045731,0.044468,0.043394,0.042399,0.041473,0.040621,0.039823,0.039082,0.038394,0.037753,0.037155,0.036602,0.036078,0.035605,0.03516,0.034748,0.03437,0.034017,0.033694,0.033398,0.033126,0.032883,0.032662,0.032463,0.032286,0.032133,0.032001,0.031892,0.0318,0.03173,0.03168,0.03165
1.9257e-14,0.66311,0.54819,0.67688,3.2576,0.45194,0.27216,0.30209,2.1671,0.19996,0.10952,0.083796,0.070644,0.06174,0.055365,0.050396,0.046369,0.043056,0.040246,0.037833,0.035765,0.033896,0.032272,0.030822,0.029521,0.028353,0.027295,0.026328,0.025452,0.024644,0.023905,0.023224,0.022646,0.02202,0.021484,0.020987,0.020523,0.020099,0.019701,0.019331,0.018986,0.018668,0.01837,0.018094,0.017835,0.017598,0.017375,0.01717,0.016981,0.016806,0.016644,0.016497,0.016359,0.01624,0.01613,0.016031,0.015945,0.015867,0.015801,0.015746,0.015701,0.015666,0.015641,0.015626
8.0507e-14,2.2314,1.4493,1.6881,11.357,1.3872,0.76576,1.0206,5.9083,0.59903,0.32753,0.25756,0.22085,0.19547,0.17689,0.16221,0.15016,0.14015,0.13157,0.12415,0.11776,0.1119,0.10681,0.10224,0.098148,0.09441,0.09103,0.087935,0.08513,0.082524,0.080137,0.077934,0.076056,0.07403,0.072281,0.070659,0.069141,0.067758,0.066452,0.06524,0.064127,0.063059,0.062079,0.061169,0.060316,0.059531,0.0588,0.058122,0.057498,0.056915,0.056383,0.055896,0.055433,0.055046,0.054679,0.054352,0.054048,0.053807,0.053589,0.053406,0.053259,0.053141,0.053058,0.053008
3.4219e-14,1.1352,0.73864,0.89722,5.8956,0.64309,0.38849,0.45278,2.4541,0.25672,0.13755,0.10836,0.091966,0.081319,0.073264,0.066935,0.061758,0.057475,0.053825,0.05068,0.047984,0.045515,0.043382,0.041471,0.03976,0.038208,0.036808,0.035523,0.034357,0.033285,0.032301,0.031393,0.030623,0.029787,0.029072,0.028409,0.027789,0.027223,0.02669,0.026195,0.025736,0.025306,0.024907,0.024536,0.02419,0.023871,0.023574,0.023298,0.023045,0.02281,0.022594,0.022396,0.022211,0.022052,0.021904,0.021771,0.021653,0.021551,0.021462,0.021389,0.021329,0.021282,0.021249,0.02123
2.104e-14,0.7117,0.51596,0.6176,3.9701,0.43849,0.25075,0.28066,1.8751,0.19835,0.11013,0.085898,0.073134,0.06433,0.057928,0.052909,0.048841,0.045461,0.042582,0.040097,0.037955,0.036017,0.034328,0.032815,0.031457,0.030235,0.029126,0.028111,0.027192,0.02634,0.02556,0.024841,0.024208,0.023568,0.023001,0.022474,0.021981,0.021532,0.021108,0.020715,0.020349,0.02001,0.019693,0.019398,0.019123,0.018869,0.018633,0.018414,0.018212,0.018025,0.017853,0.017695,0.017546,0.017421,0.017303,0.017197,0.017104,0.017022,0.016951,0.016892,0.016845,0.016806,0.01678,0.016764
2.3689e-14,0.76593,0.47526,0.51027,3.3676,0.36896,0.22393,0.24352,1.5566,0.18776,0.10112,0.07933,0.067563,0.059496,0.053614,0.04901,0.045252,0.04216,0.039525,0.037252,0.03528,0.033512,0.031958,0.030568,0.029319,0.028187,0.027161,0.026226,0.025368,0.024586,0.023865,0.0232,0.022608,0.022022,0.021495,0.021007,0.020553,0.020134,0.019742,0.019378,0.019041,0.018724,0.01843,0.018156,0.017905,0.017667,0.017447,0.017244,0.017057,0.016883,0.016724,0.016578,0.016443,0.016325,0.016215,0.016117,0.016029,0.015955,0.01589,0.015835,0.015791,0.015756,0.015732,0.015717
1.9822e-14,0.94116,0.66649,0.94645,5.5946,0.64642,0.40535,0.46215,2.8297,0.30547,0.16438,0.12598,0.10615,0.093153,0.083772,0.076489,0.070586,0.065713,0.061563,0.057988,0.054922,0.052118,0.049685,0.047509,0.045547,0.043791,0.04219,0.040727,0.039395,0.038171,0.037047,0.036011,0.035114,0.034171,0.033353,0.032593,0.031882,0.031233,0.030624,0.030056,0.029525,0.029037,0.02858,0.028154,0.02776,0.027391,0.027049,0.026733,0.026442,0.026171,0.025923,0.025695,0.025481,0.0253,0.02513,0.024977,0.024844,0.024724,0.024622,0.024537,0.024469,0.024413,0.024375,0.024352
2.0564e-14,0.8959,0.71659,1.0304,5.6259,0.65212,0.39761,0.4149,2.6468,0.28054,0.15193,0.11656,0.098331,0.086187,0.077338,0.070439,0.064846,0.060236,0.056326,0.052971,0.050093,0.047485,0.045224,0.043206,0.041397,0.039767,0.038291,0.036944,0.035723,0.034595,0.033563,0.032613,0.031784,0.03093,0.03018,0.029486,0.028838,0.028244,0.027687,0.02717,0.02669,0.026242,0.025826,0.025439,0.025076,0.024744,0.024433,0.024146,0.023881,0.023635,0.02341,0.023203,0.023012,0.022844,0.022689,0.022551,0.022427,0.022321,0.022229,0.022152,0.022088,0.022039,0.022004,0.021983
5.6316e-14,1.609,1.2265,1.3112,7.3932,0.86596,0.47506,0.58352,3.3442,0.37379,0.20827,0.16475,0.14086,0.12502,0.11313,0.10372,0.096013,0.089575,0.084074,0.079304,0.075186,0.071451,0.06818,0.065246,0.062626,0.06022,0.058047,0.056067,0.054254,0.05259,0.051059,0.049647,0.048396,0.047144,0.046024,0.044986,0.044017,0.043128,0.042292,0.041516,0.040809,0.040123,0.039496,0.038912,0.038374,0.037867,0.037399,0.036966,0.036566,0.036194,0.035854,0.035542,0.035249,0.034999,0.034765,0.034556,0.034359,0.034207,0.034068,0.033949,0.033856,0.033779,0.033726,0.033693
5.4446e-14,1.5025,0.85743,0.93637,5.5943,0.61059,0.40203,0.50513,3.5082,0.31089,0.17053,0.13281,0.11342,0.099821,0.090096,0.082465,0.076217,0.071049,0.066626,0.062806,0.059527,0.056518,0.053906,0.051564,0.049454,0.047558,0.045827,0.044246,0.042812,0.041483,0.040265,0.039141,0.038155,0.037153,0.036262,0.035438,0.034668,0.033962,0.033298,0.032683,0.032104,0.031576,0.031078,0.030616,0.030182,0.029785,0.029413,0.029068,0.028751,0.028456,0.028186,0.027937,0.027707,0.027505,0.027319,0.027152,0.02701,0.026874,0.026763,0.026669,0.026593,0.026532,0.02649,0.026463
4.5543e-14,1.4669,0.77081,0.83045,5.6593,0.61427,0.43213,0.50144,3.6154,0.32159,0.17752,0.13949,0.11851,0.10462,0.094315,0.086223,0.079633,0.074159,0.069497,0.06548,0.061996,0.058882,0.056143,0.053693,0.051494,0.049501,0.047694,0.046052,0.044554,0.043167,0.041899,0.040729,0.03965,0.038661,0.037734,0.036876,0.036079,0.035341,0.034651,0.034012,0.03342,0.032862,0.032346,0.031864,0.03141,0.031003,0.030617,0.03026,0.02993,0.029625,0.029344,0.029087,0.028855,0.02864,0.028447,0.028275,0.028119,0.027988,0.027873,0.027774,0.027694,0.027634,0.027589,0.027562
2.8396e-14,1.0041,0.58676,0.78459,5.0157,0.60524,0.38317,0.47716,2.754,0.30566,0.15647,0.11715,0.097814,0.085541,0.076582,0.069652,0.064071,0.059482,0.055607,0.052282,0.049426,0.046865,0.044633,0.042641,0.040857,0.039249,0.037792,0.036464,0.035259,0.034148,0.033132,0.032195,0.031351,0.030538,0.0298,0.029115,0.028479,0.027893,0.027344,0.026834,0.026362,0.02592,0.025509,0.025127,0.024769,0.024444,0.024137,0.023854,0.023592,0.02335,0.023128,0.022924,0.022737,0.02257,0.022417,0.022281,0.022159,0.022054,0.021962,0.021885,0.021823,0.021775,0.02174,0.021719
3.4014e-14,1.0565,0.63761,0.66079,4.718,0.51809,0.35552,0.42145,2.9622,0.26597,0.14761,0.11346,0.096772,0.085414,0.077178,0.070711,0.06542,0.06101,0.057241,0.053982,0.051185,0.048605,0.046369,0.044365,0.042553,0.040927,0.039447,0.038094,0.036864,0.035724,0.034681,0.033717,0.032847,0.032011,0.031249,0.030541,0.029879,0.029276,0.028707,0.028179,0.027684,0.027229,0.026803,0.026407,0.026036,0.025695,0.025377,0.025082,0.02481,0.024558,0.024326,0.024114,0.023914,0.023745,0.023586,0.023444,0.023322,0.023209,0.023113,0.023033,0.02297,0.022919,0.022883,0.022861
5.0398e-14,1.6932,0.67429,0.71452,3.9468,0.50831,0.36175,0.3624,2.3822,0.25036,0.14373,0.11401,0.098025,0.087216,0.078997,0.072486,0.067134,0.062666,0.058837,0.055524,0.052629,0.050046,0.047766,0.045719,0.043874,0.042208,0.04069,0.039308,0.038037,0.036878,0.035808,0.034819,0.033919,0.033072,0.032287,0.03156,0.030885,0.03026,0.029675,0.029133,0.028628,0.028157,0.027718,0.02731,0.026933,0.026578,0.02625,0.025947,0.025666,0.025407,0.025169,0.02495,0.024751,0.024571,0.024407,0.02426,0.02413,0.024017,0.02392,0.023836,0.02377,0.023718,0.023681,0.023658
4.8605e-14,1.2777,0.75793,0.8253,5.4378,0.61439,0.34617,0.43059,2.7475,0.26981,0.16457,0.12801,0.10882,0.096113,0.08662,0.079175,0.073105,0.068068,0.063785,0.060091,0.056929,0.054032,0.051521,0.049271,0.047267,0.045426,0.043769,0.042261,0.04088,0.039615,0.038451,0.037377,0.03642,0.035478,0.034629,0.033842,0.033107,0.032435,0.031802,0.031214,0.030681,0.03016,0.029686,0.029245,0.028837,0.028455,0.028102,0.027774,0.027472,0.027192,0.026935,0.0267,0.026479,0.026291,0.026114,0.025957,0.025807,0.025694,0.025589,0.0255,0.02543,0.025372,0.025332,0.025308
5.3067e-14,1.6642,0.95358,1.0554,6.3784,0.77895,0.46216,0.55288,3.4831,0.35636,0.21623,0.17161,0.14659,0.12953,0.11696,0.10707,0.098952,0.092218,0.086465,0.081494,0.077205,0.073329,0.06994,0.066903,0.064184,0.061709,0.05947,0.057423,0.055561,0.053847,0.052273,0.050818,0.049574,0.048249,0.047098,0.046033,0.045041,0.044127,0.043269,0.042475,0.041742,0.041046,0.040404,0.039807,0.039252,0.038736,0.038257,0.037813,0.037406,0.037025,0.036678,0.036359,0.036064,0.035804,0.035565,0.035352,0.035157,0.034996,0.034855,0.034735,0.034638,0.034562,0.034509,0.034477
3.9844e-14,1.0236,0.53943,0.56968,3.409,0.45659,0.26116,0.33642,2.2709,0.25086,0.13204,0.10111,0.084963,0.074104,0.066403,0.06045,0.055665,0.051739,0.048406,0.045543,0.043076,0.040864,0.038934,0.037208,0.035657,0.034268,0.033001,0.031848,0.0308,0.029835,0.02895,0.028134,0.027419,0.026694,0.026049,0.025453,0.024897,0.024387,0.023908,0.023464,0.023049,0.022666,0.022308,0.021975,0.021666,0.021378,0.021111,0.020863,0.020635,0.020423,0.020229,0.020051,0.019886,0.019743,0.019609,0.01949,0.019385,0.019291,0.019212,0.019144,0.019091,0.019048,0.019017,0.018999
4.3299e-14,0.92281,0.50839,0.55864,3.2912,0.47688,0.28047,0.35615,2.0435,0.21284,0.10928,0.080819,0.067095,0.058046,0.051716,0.046927,0.043097,0.039965,0.03732,0.035059,0.033124,0.031378,0.029862,0.028512,0.0273,0.026215,0.02523,0.024334,0.023518,0.02277,0.022084,0.021452,0.020908,0.020336,0.019838,0.019378,0.018949,0.018554,0.018185,0.017843,0.017523,0.017228,0.016952,0.016695,0.016457,0.016236,0.01603,0.015839,0.015664,0.0155,0.015351,0.015214,0.015088,0.014975,0.014872,0.01478,0.014699,0.014627,0.014565,0.014513,0.01447,0.014437,0.014413,0.014398
5.0657e-14,1.0737,0.63948,0.63265,4.0252,0.49947,0.30986,0.38869,2.4141,0.26201,0.13904,0.10578,0.088723,0.077611,0.069645,0.063473,0.058482,0.054378,0.050893,0.047898,0.04531,0.043007,0.040983,0.039176,0.037555,0.036094,0.034768,0.033561,0.03246,0.031449,0.030522,0.029667,0.028925,0.028156,0.02748,0.026855,0.026273,0.025737,0.025235,0.024769,0.024334,0.023933,0.023557,0.023207,0.022882,0.022581,0.022301,0.022042,0.021803,0.021581,0.021377,0.021191,0.021019,0.020867,0.020727,0.020603,0.020494,0.020395,0.020313,0.020242,0.020186,0.020142,0.02011,0.020092
4.2882e-14,0.96277,0.59774,0.59953,3.7067,0.40196,0.30052,0.36551,2.5097,0.29375,0.14973,0.11116,0.091901,0.079296,0.070477,0.063773,0.05843,0.054069,0.050412,0.047298,0.044629,0.042253,0.040181,0.03834,0.03669,0.035213,0.033874,0.032659,0.031552,0.030536,0.029607,0.028751,0.027959,0.02724,0.026567,0.025944,0.025366,0.024831,0.024333,0.02387,0.023437,0.023039,0.022666,0.022319,0.021994,0.021698,0.02142,0.021162,0.020924,0.020704,0.020502,0.020316,0.020148,0.019994,0.019854,0.01973,0.019621,0.019522,0.019439,0.019367,0.019309,0.019265,0.019233,0.019214
4.7082e-14,1.09,0.59957,0.64563,3.9609,0.53271,0.31353,0.37429,2.4777,0.28105,0.15039,0.11686,0.099161,0.087372,0.078675,0.071857,0.066291,0.061699,0.057782,0.054408,0.051503,0.048876,0.046588,0.04454,0.042708,0.041044,0.039539,0.038165,0.036914,0.035767,0.034712,0.03374,0.032904,0.03202,0.031251,0.030539,0.029874,0.029266,0.028694,0.028163,0.027674,0.027211,0.026782,0.026384,0.026017,0.025671,0.025352,0.025056,0.024784,0.02453,0.024299,0.024086,0.023886,0.023717,0.023558,0.023415,0.023287,0.023179,0.023084,0.023004,0.022941,0.022889,0.022853,0.022832
7.0575e-14,1.2091,0.89009,0.93514,5.3464,0.7032,0.40158,0.4718,2.92,0.33343,0.17763,0.13724,0.1157,0.10157,0.091307,0.083306,0.076811,0.071439,0.066879,0.062955,0.059586,0.056527,0.05387,0.051492,0.049365,0.047432,0.045686,0.044091,0.042645,0.041309,0.040085,0.038957,0.037995,0.036962,0.036072,0.035246,0.034476,0.033771,0.033108,0.032494,0.031925,0.031389,0.030893,0.030432,0.030001,0.029605,0.029235,0.028893,0.028579,0.028285,0.028017,0.027771,0.027542,0.027343,0.027159,0.026994,0.026846,0.02672,0.026611,0.026518,0.026444,0.026385,0.026343,0.026319
7.0644e-14,1.3354,0.80811,0.93631,5.8755,0.6454,0.40083,0.46517,3.084,0.34665,0.18042,0.13959,0.11757,0.10274,0.092015,0.083721,0.07703,0.071534,0.066881,0.062897,0.059474,0.056385,0.053706,0.051312,0.04917,0.047236,0.045486,0.04389,0.042446,0.041107,0.039884,0.038758,0.037802,0.036768,0.035879,0.035057,0.034287,0.033586,0.032926,0.032313,0.031745,0.031213,0.030719,0.03026,0.02983,0.029436,0.029068,0.028727,0.028413,0.028121,0.027853,0.027607,0.027377,0.027181,0.026997,0.026832,0.026684,0.026558,0.026447,0.026354,0.02628,0.02622,0.026177,0.02615
4.6117e-14,1.4447,0.88287,1.028,6.0591,0.77804,0.49453,0.61832,4.1049,0.45689,0.22917,0.17184,0.14269,0.12376,0.11029,0.099973,0.091731,0.085009,0.079351,0.07453,0.070384,0.066685,0.063462,0.060591,0.058034,0.05571,0.053616,0.051711,0.049984,0.048393,0.046937,0.045597,0.044424,0.043228,0.042171,0.041194,0.040285,0.039449,0.038666,0.03794,0.037274,0.036636,0.03605,0.035507,0.034997,0.034532,0.034096,0.033693,0.033321,0.032975,0.032659,0.032368,0.032102,0.031865,0.031648,0.031453,0.031273,0.03113,0.031,0.030891,0.030802,0.030732,0.030683,0.030652
4.3489e-14,2.2799,1.9849,2.4449,15.902,1.9453,1.2128,1.3985,9.3827,1.0082,0.53054,0.39919,0.33,0.28479,0.25278,0.22832,0.20888,0.19299,0.1797,0.16839,0.15876,0.1501,0.14263,0.13599,0.13008,0.12475,0.11995,0.11558,0.11165,0.108,0.10468,0.10163,0.098918,0.096245,0.093853,0.09164,0.089577,0.087691,0.085925,0.084285,0.082766,0.081345,0.080027,0.078804,0.077647,0.076611,0.075631,0.074725,0.073889,0.073115,0.072405,0.071755,0.071148,0.070623,0.070137,0.069702,0.069313,0.068978,0.068687,0.068444,0.068244,0.06809,0.06798,0.067913
