1.6529e-14,1.2607,0.61829,0.71868,5.4684,0.66875,0.42545,0.50101,3.2094,0.30815,0.16237,0.12461,0.10559,0.092577,0.083229,0.075934,0.070009,0.065102,0.060933,0.057349,0.054251,0.051467,0.049038,0.046863,0.044916,0.043152,0.041556,0.040096,0.038776,0.037552,0.036433,0.0354,0.034501,0.033575,0.032759,0.032004,0.031302,0.030653,0.030046,0.029482,0.02896,0.02847,0.028015,0.027592,0.027191,0.026833,0.026493,0.026177,0.025887,0.025617,0.02537,0.025142,0.024936,0.024747,0.024575,0.024422,0.024286,0.024166,0.024063,0.023977,0.023904,0.02385,0.02381,0.023786
2.33e-14,1.6751,0.87079,0.99062,7.561,0.96188,0.50979,0.69163,4.2214,0.44691,0.22864,0.17192,0.14274,0.12376,0.11023,0.099872,0.091572,0.084808,0.079105,0.074239,0.070072,0.066339,0.0631,0.060214,0.057639,0.055316,0.05322,0.051311,0.049574,0.047988,0.046532,0.045192,0.04402,0.042824,0.04177,0.040794,0.039886,0.039052,0.03827,0.037546,0.036874,0.036244,0.03566,0.035117,0.034612,0.034145,0.033709,0.033306,0.032935,0.03259,0.032274,0.031983,0.031716,0.031479,0.031261,0.031066,0.030891,0.030741,0.03061,0.030501,0.030411,0.030341,0.030291,0.030262
5.9785e-14,1.5033,0.96932,1.0807,8.2335,1.039,0.64093,0.75052,5.1577,0.55139,0.27768,0.20699,0.1719,0.14828,0.13195,0.11947,0.1095,0.10137,0.094528,0.088697,0.083718,0.079233,0.075351,0.071897,0.068821,0.066039,0.063529,0.061248,0.059188,0.057272,0.055531,0.053928,0.052506,0.051098,0.049837,0.048671,0.047584,0.046588,0.045655,0.044787,0.043989,0.043233,0.042536,0.041886,0.041271,0.040726,0.040205,0.039723,0.03928,0.038868,0.03849,0.038142,0.037826,0.037542,0.037281,0.037048,0.036837,0.03666,0.036503,0.036371,0.036262,0.036179,0.036119,0.036082
4.4111e-14,1.4486,0.91861,1.0808,7.9416,0.95671,0.51267,0.66791,4.4858,0.46853,0.24169,0.17846,0.14716,0.12614,0.1117,0.10077,0.09213,0.085116,0.07924,0.074248,0.069979,0.06618,0.062883,0.059956,0.057349,0.055001,0.052884,0.050962,0.049227,0.047618,0.046156,0.044812,0.043647,0.04244,0.041384,0.040409,0.0395,0.038667,0.037887,0.037163,0.036494,0.035865,0.035283,0.034742,0.034232,0.033774,0.03334,0.03294,0.032571,0.032227,0.031913,0.031624,0.031357,0.031124,0.030908,0.030715,0.030541,0.030393,0.030264,0.030154,0.030066,0.029998,0.029949,0.029919
3.74e-14,1.4911,1.2949,1.7923,7.4882,0.96658,0.53186,0.59443,4.3511,0.41547,0.22885,0.1734,0.14526,0.12656,0.113,0.10254,0.094108,0.087226,0.0814,0.07642,0.072152,0.068312,0.06498,0.062013,0.059357,0.056958,0.054799,0.052829,0.051047,0.0494,0.047898,0.046515,0.045384,0.044066,0.042978,0.041971,0.041033,0.040171,0.039366,0.038618,0.037923,0.037271,0.036669,0.03611,0.035583,0.035104,0.034657,0.034242,0.03386,0.033504,0.033178,0.03288,0.032604,0.03236,0.032137,0.031937,0.031757,0.031606,0.031472,0.031361,0.031268,0.031198,0.031148,0.031118
2.0842e-14,0.92178,0.62689,0.80261,4.8957,0.63168,0.34861,0.38263,2.8307,0.26463,0.1339,0.10341,0.087023,0.076037,0.068167,0.062082,0.057154,0.053109,0.049673,0.046723,0.044188,0.041898,0.039909,0.038133,0.036537,0.035102,0.0338,0.032612,0.031534,0.030541,0.029632,0.028793,0.028066,0.02731,0.026648,0.026035,0.025464,0.02494,0.024448,0.023992,0.023566,0.023172,0.022804,0.022462,0.022142,0.021848,0.021573,0.021319,0.021085,0.020867,0.020667,0.020484,0.020315,0.020167,0.020029,0.019906,0.019798,0.019702,0.019619,0.019549,0.019493,0.019449,0.019417,0.019398
2.7357e-14,1.0874,0.88831,1.3388,6.4394,0.71882,0.41107,0.47991,3.2035,0.34527,0.17874,0.13217,0.1085,0.093264,0.082532,0.074444,0.068008,0.062817,0.058459,0.054762,0.051624,0.048792,0.046358,0.044199,0.042262,0.040538,0.038977,0.037557,0.036275,0.03509,0.034011,0.03302,0.032158,0.031267,0.030489,0.02977,0.029099,0.028486,0.027912,0.027377,0.026874,0.02642,0.025991,0.025593,0.025218,0.024879,0.02456,0.024265,0.023993,0.023741,0.02351,0.023297,0.023102,0.022929,0.02277,0.022628,0.022509,0.022392,0.022296,0.022217,0.022151,0.022101,0.022065,0.022043
1.6809e-13,3.5623,1.2152,1.2404,7.7224,1.0981,0.74307,0.91212,6.0892,0.64212,0.32525,0.24381,0.20266,0.17625,0.15746,0.14307,0.13145,0.12205,0.11405,0.10721,0.10129,0.096053,0.091464,0.087368,0.083691,0.08039,0.077392,0.074661,0.072177,0.069899,0.067806,0.065877,0.064272,0.062479,0.060952,0.059543,0.058235,0.057029,0.055899,0.05485,0.053868,0.052966,0.052121,0.051334,0.050607,0.049925,0.049295,0.048711,0.048174,0.047672,0.047215,0.046794,0.046409,0.046067,0.045751,0.045469,0.045226,0.045001,0.044813,0.044654,0.044529,0.044427,0.044356,0.044312
9.4626e-14,2.8789,1.3383,1.5031,11.464,1.6506,1.0452,1.1907,9.5603,0.9369,0.47995,0.353,0.28887,0.24742,0.21881,0.19722,0.1801,0.16632,0.15478,0.14498,0.13665,0.12917,0.12273,0.11701,0.11191,0.10733,0.1032,0.099435,0.096046,0.092918,0.090065,0.087442,0.085211,0.082825,0.080763,0.07886,0.077088,0.075468,0.073947,0.072534,0.071231,0.070009,0.068875,0.067824,0.066836,0.065939,0.065096,0.064317,0.0636,0.062931,0.062321,0.061761,0.061246,0.060792,0.060373,0.059999,0.059664,0.059377,0.059127,0.058918,0.058748,0.058616,0.058521,0.058464
6.8969e-14,1.9164,1.0815,1.2638,9.4637,1.3809,0.75179,0.81383,7.1136,0.66592,0.34971,0.26385,0.22022,0.19114,0.17074,0.15507,0.14249,0.13218,0.12348,0.11604,0.10966,0.10393,0.098951,0.094508,0.090519,0.086953,0.083713,0.080759,0.078085,0.075614,0.073356,0.071277,0.069459,0.067603,0.065963,0.064446,0.063034,0.061735,0.060519,0.059392,0.058338,0.057367,0.056457,0.055613,0.054822,0.054098,0.053421,0.052794,0.052217,0.051681,0.051191,0.05074,0.050324,0.049957,0.04962,0.049319,0.049055,0.048819,0.048618,0.04845,0.048313,0.048206,0.048131,0.048085
7.1902e-14,2.0735,1.0381,1.1655,8.8877,1.1902,0.75737,0.89299,7.1656,0.60251,0.31822,0.23711,0.19747,0.17129,0.15282,0.13866,0.12731,0.11802,0.11019,0.10351,0.097726,0.092638,0.088177,0.084199,0.080632,0.077435,0.074536,0.071895,0.069495,0.067292,0.065274,0.063414,0.061757,0.060132,0.058663,0.057307,0.056048,0.054885,0.053796,0.052788,0.051846,0.050976,0.050164,0.049408,0.048704,0.048055,0.04745,0.046889,0.046372,0.045892,0.045453,0.045049,0.044681,0.04435,0.044047,0.043778,0.043541,0.043329,0.043148,0.042997,0.042873,0.042778,0.04271,0.042668
3.5264e-14,1.585,1.0543,1.484,9.0244,1.011,0.63061,0.60936,4.6483,0.47761,0.26595,0.20493,0.1718,0.14995,0.13411,0.12184,0.11188,0.10378,0.096892,0.090995,0.085915,0.081389,0.077446,0.073927,0.070795,0.067946,0.065384,0.063042,0.060935,0.058981,0.057198,0.055556,0.054208,0.052654,0.051362,0.050166,0.049054,0.048029,0.047071,0.046181,0.045363,0.044585,0.043868,0.043204,0.042573,0.042008,0.041475,0.040981,0.040527,0.040103,0.039715,0.039359,0.039035,0.038741,0.038475,0.038236,0.038018,0.037839,0.037678,0.037546,0.037434,0.03735,0.037289,0.037252
1.9711e-14,0.93251,0.63746,0.84126,5.2631,0.65214,0.37824,0.4368,3.1763,0.29105,0.15484,0.11666,0.0963,0.083245,0.073842,0.06667,0.060908,0.056312,0.05242,0.049112,0.046285,0.043768,0.041584,0.039644,0.037915,0.036364,0.03496,0.033687,0.032535,0.031472,0.030504,0.029614,0.028844,0.028043,0.027345,0.0267,0.0261,0.025548,0.025032,0.024553,0.024111,0.023696,0.023312,0.022954,0.022616,0.022316,0.022029,0.021764,0.02152,0.021294,0.021087,0.020896,0.020725,0.020567,0.020425,0.020297,0.020183,0.020085,0.02,0.019928,0.019868,0.019824,0.019792,0.019772
1.8083e-13,3.9115,1.5071,1.5632,11.24,1.6851,1.165,1.4831,10.588,1.0079,0.52252,0.38576,0.3173,0.27278,0.24176,0.21828,0.19965,0.18455,0.17192,0.16118,0.152,0.14385,0.13676,0.13046,0.12483,0.1198,0.11524,0.11112,0.10737,0.10392,0.10077,0.097872,0.095255,0.092767,0.090484,0.088377,0.086416,0.084617,0.082932,0.081366,0.079898,0.078561,0.077303,0.07613,0.075034,0.074038,0.073101,0.072234,0.071432,0.070691,0.070013,0.069389,0.068817,0.06831,0.067842,0.067425,0.067067,0.066732,0.066454,0.066216,0.066028,0.06588,0.065775,0.06571
7.4853e-14,2.2546,1.3634,1.6987,10.963,1.4596,0.94899,1.0748,8.5213,0.75518,0.36899,0.27226,0.22313,0.19146,0.16954,0.15297,0.13982,0.12918,0.12026,0.1127,0.10624,0.10049,0.095502,0.09107,0.087099,0.083572,0.080365,0.077451,0.074824,0.072388,0.070172,0.068132,0.066291,0.064539,0.062936,0.061456,0.060079,0.058815,0.057629,0.056531,0.055494,0.054562,0.053678,0.052858,0.05208,0.051387,0.050729,0.05012,0.049559,0.049039,0.048563,0.048124,0.047725,0.047365,0.047037,0.046744,0.0465,0.046256,0.046061,0.045896,0.045759,0.045658,0.045584,0.045539
6.5696e-14,2.0621,1.3419,1.5535,10.367,1.4707,0.91684,1.0926,8.5534,0.8177,0.41726,0.31338,0.25919,0.2236,0.19854,0.17943,0.16425,0.15189,0.14154,0.13272,0.12516,0.11847,0.11263,0.10744,0.10278,0.098659,0.094899,0.091474,0.088391,0.085536,0.082934,0.080542,0.078506,0.076318,0.074436,0.072697,0.071084,0.069592,0.0682,0.06691,0.065692,0.064597,0.063558,0.062596,0.061685,0.060868,0.060094,0.05938,0.058723,0.05811,0.057551,0.057037,0.056572,0.056144,0.055761,0.055417,0.055128,0.054845,0.054615,0.054424,0.054263,0.054143,0.054055,0.054002
1.4884e-13,3.2505,1.399,1.5347,11.452,1.7833,1.1807,1.3545,10.842,0.97916,0.48534,0.35961,0.29615,0.25502,0.22626,0.20451,0.18726,0.17321,0.16145,0.15146,0.14288,0.13527,0.12865,0.12276,0.11749,0.11277,0.10849,0.10461,0.10109,0.097843,0.09488,0.092155,0.089667,0.087341,0.085191,0.083208,0.081366,0.079666,0.078081,0.076606,0.07523,0.073963,0.072777,0.071674,0.070638,0.0697,0.068818,0.068002,0.067246,0.066547,0.065909,0.065321,0.064788,0.064303,0.063862,0.063469,0.063126,0.062815,0.062554,0.062331,0.062151,0.062014,0.061914,0.061852
4.3856e-14,2.1844,1.4895,1.7493,12.769,1.7968,1.2755,1.5548,10.924,1.1111,0.54598,0.39978,0.32531,0.27846,0.24543,0.22054,0.20093,0.18508,0.17188,0.16077,0.15134,0.14298,0.13574,0.12932,0.12358,0.11849,0.11387,0.10967,0.10589,0.10241,0.099228,0.096312,0.093839,0.091161,0.088875,0.086762,0.084801,0.082993,0.081306,0.079742,0.078279,0.076941,0.075684,0.07452,0.073422,0.072427,0.071492,0.070628,0.069833,0.069092,0.068416,0.067794,0.067226,0.066713,0.066249,0.065832,0.065472,0.065138,0.064858,0.064626,0.06443,0.064282,0.064175,0.06411
6.3461e-14,1.861,0.94945,0.98202,7.487,1.0178,0.63689,0.65017,5.1766,0.51906,0.25603,0.18846,0.15433,0.13252,0.11723,0.10567,0.096487,0.0891,0.0829,0.077643,0.073111,0.069166,0.065711,0.062642,0.059909,0.057457,0.055243,0.053227,0.051411,0.049737,0.048209,0.046805,0.045621,0.044332,0.043228,0.04221,0.041266,0.040394,0.03958,0.038826,0.03813,0.037475,0.036868,0.036306,0.035779,0.035297,0.034845,0.034429,0.034046,0.033689,0.033363,0.033063,0.032791,0.032544,0.03232,0.032121,0.03194,0.031788,0.031655,0.031544,0.031452,0.031382,0.031332,0.031301
4.5253e-14,1.5603,0.93528,1.1874,8.1033,1.0319,0.59671,0.62264,4.8244,0.51938,0.27592,0.20676,0.17098,0.14781,0.13123,0.11858,0.10847,0.1003,0.093415,0.08756,0.082551,0.078094,0.074227,0.070787,0.067722,0.064963,0.062475,0.060206,0.058158,0.056279,0.054558,0.052976,0.051655,0.050182,0.048939,0.04779,0.046721,0.04574,0.044821,0.043969,0.04318,0.042441,0.041756,0.041121,0.040529,0.039979,0.03947,0.038999,0.038565,0.038161,0.037792,0.037453,0.037138,0.036865,0.036612,0.036386,0.036183,0.03601,0.035858,0.035733,0.035631,0.035549,0.035492,0.035458
1.5718e-13,3.845,1.6506,1.925,16.157,2.6738,1.6517,1.7999,15.397,1.3346,0.65153,0.48221,0.39599,0.33976,0.30059,0.27092,0.24742,0.22837,0.21247,0.19899,0.18746,0.17726,0.16841,0.16057,0.15357,0.1473,0.14163,0.13649,0.13185,0.12756,0.12366,0.12007,0.11684,0.11375,0.11093,0.10832,0.10591,0.10369,0.10161,0.099678,0.097884,0.096223,0.094673,0.093235,0.09188,0.090656,0.089504,0.08844,0.087456,0.086544,0.085712,0.084946,0.084246,0.083618,0.083045,0.082533,0.082083,0.081681,0.08134,0.081052,0.080816,0.080636,0.080507,0.080426
1.3875e-13,3.6348,1.7399,2.1484,15.356,2.518,1.5389,1.6736,14.067,1.3122,0.65182,0.47654,0.38812,0.33234,0.29333,0.26398,0.24088,0.22216,0.20659,0.1934,0.18215,0.1722,0.16357,0.1559,0.14906,0.14297,0.13745,0.13243,0.12792,0.12374,0.11993,0.11643,0.11326,0.11027,0.10753,0.10499,0.10264,0.10047,0.09844,0.096564,0.094815,0.093197,0.091687,0.090285,0.088954,0.087768,0.086644,0.085605,0.084647,0.083759,0.082945,0.082198,0.081524,0.080898,0.080338,0.079837,0.079394,0.079003,0.078668,0.078385,0.078147,0.077976,0.077848,0.077771
4.1465e-14,2.2212,1.4669,1.7883,13.806,1.9301,1.1761,1.2715,9.7494,1.0943,0.53543,0.38654,0.31263,0.26637,0.23421,0.21015,0.19128,0.17604,0.16339,0.15272,0.14361,0.13559,0.12864,0.12249,0.11701,0.11213,0.10771,0.10371,0.10008,0.096777,0.093751,0.090975,0.088576,0.086079,0.083906,0.0819,0.080039,0.078323,0.076724,0.075239,0.073869,0.072585,0.071395,0.070291,0.069262,0.068314,0.06743,0.066613,0.065862,0.065163,0.064525,0.063938,0.063404,0.062922,0.062485,0.062094,0.061741,0.061443,0.061182,0.060964,0.060785,0.060647,0.060549,0.060489
5.807e-14,1.5396,0.76388,0.81265,6.6298,0.9369,0.58621,0.60846,4.4475,0.52237,0.25517,0.18716,0.15284,0.13086,0.1155,0.10399,0.094906,0.087586,0.081469,0.076286,0.071855,0.067936,0.064538,0.061522,0.058832,0.056425,0.054249,0.052272,0.050485,0.048846,0.047346,0.045969,0.044763,0.043539,0.042457,0.041458,0.040529,0.039677,0.038878,0.038137,0.03745,0.036811,0.036216,0.035664,0.035151,0.034672,0.03423,0.033821,0.033444,0.033093,0.032773,0.032479,0.032206,0.031969,0.031748,0.031551,0.031377,0.031224,0.031092,0.030982,0.030893,0.030822,0.030772,0.030741
1.3861e-13,3.4541,1.2761,1.3567,10.315,1.5457,1.0233,1.09,8.471,0.84934,0.43069,0.32322,0.26824,0.23246,0.20725,0.18798,0.17255,0.15997,0.14937,0.14031,0.13253,0.12561,0.11957,0.11418,0.10935,0.10503,0.10111,0.09754,0.094298,0.091321,0.088591,0.086077,0.083848,0.081644,0.07966,0.077828,0.076124,0.074555,0.073085,0.071726,0.070454,0.069281,0.068184,0.067165,0.066217,0.065335,0.064519,0.063764,0.063067,0.06242,0.061829,0.061286,0.060784,0.060342,0.059936,0.059573,0.059254,0.058969,0.058729,0.058525,0.058361,0.058231,0.05814,0.058085
1.2143e-13,3.1919,1.3095,1.4777,9.8468,1.3096,0.73769,0.80589,5.2831,0.52257,0.29824,0.23223,0.19691,0.17341,0.15604,0.14247,0.13141,0.12228,0.11449,0.1078,0.10204,0.096808,0.092268,0.088204,0.084546,0.081258,0.078271,0.075547,0.073064,0.070783,0.068689,0.066757,0.064998,0.063347,0.061815,0.060401,0.059077,0.057875,0.056736,0.055684,0.054703,0.053789,0.052939,0.052148,0.051419,0.050728,0.050094,0.049507,0.048964,0.04846,0.048,0.047577,0.047172,0.046842,0.046523,0.04624,0.045986,0.045767,0.045579,0.045418,0.045293,0.045187,0.045114,0.04507
3.8234e-14,1.5141,0.97012,1.165,8.5139,1.271,0.72873,0.6824,4.8672,0.58602,0.31828,0.23944,0.19895,0.17267,0.15372,0.13919,0.12756,0.1181,0.11013,0.10333,0.097526,0.09231,0.087795,0.083777,0.08019,0.076958,0.07404,0.071381,0.068981,0.066763,0.064739,0.062878,0.061291,0.059586,0.058122,0.056767,0.055505,0.054349,0.053265,0.052258,0.051328,0.050454,0.049644,0.048893,0.048188,0.047545,0.046942,0.046385,0.045873,0.045395,0.044959,0.044559,0.044188,0.043864,0.043565,0.043298,0.043057,0.042853,0.042674,0.042526,0.042404,0.042309,0.042242,0.042202
3.84e-14,1.1373,0.58798,0.73935,5.0925,0.67804,0.4068,0.45518,3.2343,0.39102,0.1978,0.14536,0.11865,0.1019,0.090101,0.081209,0.074194,0.068509,0.063768,0.059747,0.056304,0.053267,0.050625,0.04828,0.046184,0.044315,0.04262,0.041081,0.039688,0.038408,0.037237,0.036161,0.035227,0.034261,0.033415,0.032633,0.031906,0.031238,0.030612,0.030032,0.029491,0.028992,0.028525,0.028092,0.027688,0.027315,0.026967,0.026646,0.02635,0.026075,0.025823,0.025592,0.025379,0.025191,0.025019,0.024864,0.024729,0.024608,0.024505,0.024418,0.024348,0.024293,0.024254,0.02423
1.9174e-14,0.68558,0.49123,0.74564,3.9158,0.51776,0.30953,0.31782,2.156,0.24645,0.13406,0.10154,0.084326,0.073197,0.065135,0.058953,0.054016,0.049974,0.046579,0.043685,0.041207,0.038993,0.037071,0.035362,0.033841,0.032462,0.031224,0.030096,0.029073,0.028136,0.027277,0.026489,0.025779,0.02509,0.02447,0.023896,0.023363,0.022871,0.022412,0.021986,0.021592,0.021221,0.020878,0.02056,0.020262,0.019988,0.019733,0.019497,0.019279,0.019077,0.018892,0.018722,0.018567,0.018427,0.0183,0.018186,0.018084,0.017997,0.017921,0.017857,0.017805,0.017765,0.017736,0.017718
2.3199e-14,1.2323,0.99112,1.4198,7.5942,0.92805,0.55592,0.66008,4.7946,0.46111,0.24523,0.1841,0.15157,0.13095,0.11615,0.1049,0.095948,0.088699,0.082622,0.077451,0.073052,0.069111,0.065701,0.062668,0.059962,0.057535,0.055341,0.053336,0.051533,0.049871,0.048352,0.046955,0.045849,0.044486,0.04339,0.042375,0.04143,0.040563,0.039752,0.038999,0.038297,0.037648,0.037042,0.036481,0.035953,0.035471,0.03502,0.034603,0.034221,0.033863,0.033536,0.033237,0.032961,0.032716,0.032493,0.032292,0.032116,0.031959,0.031824,0.031714,0.031622,0.031551,0.031501,0.031471
1.2259e-14,0.61415,0.46383,0.66247,3.3221,0.46587,0.24311,0.30479,2.091,0.21102,0.11353,0.084227,0.069327,0.059766,0.052988,0.047837,0.043742,0.04043,0.037651,0.035288,0.033278,0.031473,0.029915,0.028531,0.027298,0.026186,0.025184,0.024271,0.023448,0.02269,0.021996,0.02136,0.02083,0.020234,0.019733,0.01927,0.018839,0.018444,0.018074,0.01773,0.017411,0.017114,0.016838,0.016582,0.016342,0.016121,0.015915,0.015725,0.01555,0.015387,0.015238,0.015101,0.014973,0.014862,0.01476,0.014668,0.014587,0.014515,0.014454,0.014403,0.014361,0.014328,0.014305,0.01429
4.6595e-14,1.3473,0.82357,1.0444,5.7969,0.96384,0.54489,0.67154,4.706,0.42819,0.22528,0.17001,0.14073,0.12188,0.1084,0.098094,0.089833,0.083141,0.077492,0.072682,0.068517,0.064871,0.061678,0.058834,0.056289,0.05401,0.051947,0.050065,0.048369,0.046802,0.045371,0.044055,0.042976,0.041734,0.040697,0.03974,0.038855,0.038032,0.037266,0.036554,0.035891,0.03528,0.034707,0.034177,0.033675,0.033222,0.032796,0.032402,0.03204,0.0317,0.031392,0.031107,0.030854,0.030614,0.030401,0.03021,0.030044,0.029892,0.029764,0.029657,0.029567,0.029501,0.029452,0.029423
3.8877e-14,1.4452,0.87092,1.1721,6.7528,0.95082,0.55288,0.56912,3.6974,0.37008,0.19588,0.1506,0.12789,0.11261,0.10149,0.092758,0.085611,0.079709,0.074664,0.07031,0.066563,0.063165,0.060205,0.057554,0.055188,0.053026,0.051078,0.049297,0.047679,0.046187,0.044819,0.043558,0.042453,0.041327,0.04033,0.039406,0.038545,0.037755,0.037012,0.036324,0.03569,0.035087,0.034531,0.034014,0.033533,0.033086,0.032671,0.032287,0.031933,0.031604,0.031302,0.031025,0.030767,0.030543,0.030335,0.030149,0.029979,0.029839,0.029713,0.029608,0.029524,0.029456,0.029408,0.029379
2.9333e-14,0.8697,0.46212,0.52697,3.4276,0.48299,0.27283,0.32368,2.473,0.24135,0.12321,0.091093,0.074748,0.064559,0.057243,0.051703,0.047311,0.043754,0.040771,0.038239,0.036063,0.034134,0.032457,0.030965,0.029624,0.028435,0.027353,0.026369,0.025478,0.024658,0.023908,0.023219,0.022636,0.022002,0.02146,0.020959,0.020493,0.020064,0.019663,0.019291,0.018939,0.018623,0.018324,0.018046,0.017786,0.017548,0.017325,0.017119,0.016929,0.016753,0.016592,0.016443,0.016307,0.016186,0.016075,0.015976,0.015893,0.015812,0.015745,0.01569,0.015645,0.015609,0.015584,0.015569
1.761e-14,0.7246,0.51475,0.74397,3.8666,0.53636,0.30967,0.34793,2.0767,0.24498,0.13253,0.10061,0.083542,0.072412,0.064389,0.058249,0.053338,0.049334,0.04597,0.043108,0.040667,0.038468,0.03657,0.034884,0.033372,0.032025,0.030804,0.029695,0.028691,0.027764,0.02692,0.026143,0.025429,0.024772,0.024163,0.023599,0.023073,0.022592,0.022142,0.021723,0.021333,0.020973,0.020636,0.020324,0.02003,0.019764,0.019514,0.019283,0.019069,0.018872,0.018691,0.018525,0.018371,0.018237,0.018112,0.018002,0.017904,0.017817,0.017743,0.017681,0.01763,0.017592,0.017564,0.017547
1.2366e-14,0.52294,0.39086,0.57609,3.1827,0.34871,0.24803,0.27985,1.8422,0.17429,0.096868,0.073105,0.060788,0.052755,0.047042,0.042684,0.039252,0.036419,0.034035,0.031993,0.030248,0.028666,0.027297,0.026076,0.024987,0.023995,0.023103,0.02229,0.021553,0.020871,0.020248,0.019674,0.019156,0.018659,0.018207,0.017788,0.017397,0.017039,0.016703,0.01639,0.016104,0.015831,0.015579,0.015346,0.015126,0.014927,0.01474,0.014566,0.014406,0.014258,0.014122,0.013998,0.013882,0.013781,0.013688,0.013605,0.013529,0.013466,0.01341,0.013363,0.013326,0.013296,0.013275,0.013263
1.3954e-14,0.64299,0.47129,0.69508,3.7192,0.46427,0.26892,0.30412,2.2038,0.22133,0.11538,0.086598,0.071465,0.061922,0.055099,0.049895,0.045753,0.042372,0.039535,0.037112,0.035041,0.03319,0.03158,0.030147,0.028865,0.027713,0.026671,0.025721,0.024862,0.02407,0.023345,0.022679,0.0221,0.0215,0.020976,0.02049,0.020039,0.019623,0.019234,0.018873,0.018536,0.018225,0.017934,0.017664,0.01741,0.01718,0.016963,0.016763,0.016578,0.016407,0.01625,0.016106,0.015974,0.015855,0.015748,0.015651,0.015567,0.015491,0.015426,0.015373,0.015328,0.015294,0.01527,0.015255
3.9578e-14,1.2285,0.68264,0.82471,4.5713,0.57139,0.35757,0.49802,3.4169,0.29384,0.15675,0.11644,0.095786,0.082756,0.073438,0.066366,0.060733,0.056188,0.052362,0.049111,0.046319,0.043842,0.04169,0.039774,0.038045,0.036524,0.035135,0.033869,0.032726,0.031671,0.030707,0.02982,0.029085,0.028259,0.02756,0.026916,0.026318,0.025765,0.025248,0.024771,0.024315,0.023912,0.023527,0.02317,0.022831,0.022527,0.022241,0.021976,0.021733,0.021505,0.021298,0.021107,0.020936,0.020776,0.020633,0.020506,0.020401,0.020294,0.02021,0.020138,0.020078,0.020035,0.020003,0.019983
3.0246e-14,1.1615,0.80356,1.0081,6.4874,0.81637,0.64606,0.90769,6.4067,0.60318,0.28307,0.19923,0.15823,0.13332,0.11627,0.10369,0.093936,0.086163,0.079755,0.074398,0.069876,0.065911,0.06248,0.059451,0.056758,0.054367,0.052203,0.050244,0.048477,0.046858,0.045381,0.044029,0.042858,0.04164,0.040583,0.039606,0.038698,0.037865,0.037087,0.036365,0.035699,0.035074,0.034494,0.033958,0.033457,0.032996,0.032565,0.032168,0.031801,0.031461,0.03115,0.030863,0.0306,0.030368,0.030154,0.029963,0.029789,0.029644,0.029516,0.02941,0.029322,0.029253,0.029205,0.029175
1.8417e-14,0.63402,0.46253,0.68704,3.5471,0.39819,0.2656,0.30718,1.9185,0.20781,0.10379,0.075929,0.062157,0.053425,0.047323,0.042705,0.03905,0.036071,0.033583,0.03147,0.029667,0.028058,0.026664,0.025424,0.024321,0.023327,0.022431,0.021614,0.020881,0.020199,0.01958,0.01901,0.018522,0.018004,0.017557,0.017143,0.016759,0.016404,0.016074,0.015767,0.015484,0.015217,0.01497,0.014742,0.014524,0.01433,0.014147,0.013977,0.013821,0.013675,0.013542,0.01342,0.013309,0.013208,0.013117,0.013035,0.012961,0.012899,0.012845,0.0128,0.012761,0.012733,0.012713,0.0127
1.4966e-14,0.60945,0.43461,0.66395,3.6005,0.38758,0.27216,0.29378,2.0197,0.19455,0.10679,0.080615,0.066723,0.057795,0.051466,0.046633,0.042767,0.039623,0.036972,0.034711,0.032775,0.031043,0.029538,0.028197,0.027,0.025924,0.024949,0.02406,0.023256,0.022517,0.02184,0.021217,0.020708,0.020115,0.019624,0.019171,0.018748,0.01836,0.017997,0.017659,0.017345,0.017054,0.016783,0.016531,0.016294,0.016078,0.015876,0.015689,0.015517,0.015357,0.01521,0.015076,0.014952,0.014842,0.014742,0.014652,0.014573,0.014503,0.014443,0.014393,0.014352,0.01432,0.014298,0.014284
2.1253e-14,1.1296,0.77645,1.2465,7.1396,0.77275,0.48488,0.50682,2.9176,0.29526,0.17631,0.13877,0.11885,0.10474,0.094389,0.086227,0.079483,0.074017,0.069301,0.06524,0.061731,0.058576,0.055823,0.053359,0.051166,0.04915,0.047341,0.045682,0.044189,0.042795,0.041524,0.040353,0.039387,0.038274,0.037349,0.036491,0.035692,0.034956,0.034267,0.033626,0.033044,0.032476,0.031959,0.03148,0.031022,0.030617,0.030231,0.029873,0.029544,0.029238,0.028957,0.028699,0.028464,0.028251,0.028057,0.027884,0.02772,0.027595,0.027478,0.027381,0.027298,0.027237,0.027192,0.027164
3.4892e-14,1.4666,0.89947,1.2461,5.958,0.71782,0.44236,0.53592,3.5028,0.33464,0.17324,0.13255,0.11111,0.097149,0.087093,0.079319,0.073062,0.067901,0.063531,0.059776,0.056529,0.053626,0.051093,0.048826,0.046795,0.044954,0.043297,0.041775,0.040403,0.03913,0.037966,0.036894,0.035995,0.034997,0.03415,0.033365,0.032636,0.031963,0.031333,0.030748,0.030204,0.029698,0.029227,0.02879,0.028375,0.028002,0.02765,0.027325,0.027026,0.026746,0.02649,0.026257,0.026043,0.025848,0.025673,0.025516,0.025379,0.025255,0.025149,0.025062,0.024988,0.024934,0.024894,0.024871
2.5605e-14,1.0887,0.74298,0.87372,5.1283,0.63977,0.35851,0.49271,3.3061,0.35352,0.1763,0.1306,0.10746,0.092643,0.082152,0.07418,0.067841,0.062693,0.058378,0.054712,0.051571,0.048787,0.046369,0.044216,0.042285,0.040573,0.039018,0.037598,0.036315,0.03514,0.034064,0.033073,0.032247,0.031328,0.03055,0.029831,0.029163,0.028548,0.027971,0.02744,0.026937,0.026483,0.026054,0.025657,0.025285,0.024942,0.024623,0.024327,0.024056,0.023803,0.023572,0.02336,0.023165,0.02299,0.022832,0.02269,0.022569,0.022453,0.022358,0.022279,0.022213,0.022163,0.022127,0.022106
2.6909e-14,1.0025,0.78145,1.2244,5.5995,0.6637,0.39539,0.41488,2.7272,0.27833,0.15193,0.11847,0.10089,0.089083,0.080343,0.073471,0.067851,0.063194,0.059215,0.055781,0.052821,0.05013,0.047786,0.045689,0.043793,0.042102,0.040558,0.039146,0.03786,0.036683,0.035598,0.034599,0.03375,0.032825,0.032036,0.031303,0.030618,0.029992,0.029405,0.028858,0.028338,0.027876,0.027435,0.027025,0.026649,0.026288,0.025959,0.025655,0.025374,0.025113,0.024874,0.024654,0.024446,0.024272,0.024108,0.023961,0.023841,0.023716,0.023617,0.023535,0.02347,0.023415,0.023378,0.023356
1.9419e-14,0.69627,0.47266,0.70275,3.5034,0.45509,0.28113,0.34709,2.4704,0.26651,0.13258,0.096393,0.078109,0.066479,0.058465,0.052477,0.047791,0.044024,0.040897,0.038256,0.036003,0.034021,0.032299,0.030775,0.029425,0.0282,0.027104,0.026108,0.02521,0.024385,0.023631,0.022939,0.022348,0.021719,0.021176,0.020675,0.02021,0.019782,0.019382,0.019012,0.018671,0.018347,0.018049,0.017773,0.017515,0.017277,0.017056,0.016852,0.016663,0.016488,0.016328,0.016182,0.016046,0.015926,0.015816,0.015718,0.015629,0.015555,0.015489,0.015434,0.015389,0.015354,0.015329,0.015313
2.0704e-14,0.88891,0.58742,1.0229,4.8835,0.56011,0.35448,0.39919,2.299,0.25366,0.14178,0.10768,0.089924,0.0781,0.069744,0.063333,0.058187,0.053989,0.050441,0.047407,0.044817,0.042468,0.040434,0.03862,0.036993,0.035532,0.034208,0.032998,0.031903,0.030894,0.02997,0.029119,0.028402,0.027612,0.026941,0.02632,0.02574,0.025209,0.024711,0.024248,0.023817,0.023417,0.023044,0.022698,0.022374,0.022076,0.021798,0.021541,0.021304,0.021084,0.020882,0.020697,0.020525,0.020375,0.020237,0.020113,0.020004,0.019906,0.019823,0.019754,0.019698,0.019653,0.019622,0.019603
5.0966e-14,2.0873,1.3867,2.1212,9.1618,1.2609,0.70957,0.74151,4.5983,0.46623,0.27032,0.21353,0.18167,0.15967,0.14335,0.13056,0.12013,0.11158,0.10428,0.098026,0.092638,0.087777,0.083567,0.079802,0.076435,0.073388,0.07064,0.06812,0.065854,0.063757,0.061837,0.060072,0.058644,0.056946,0.055553,0.054264,0.053061,0.051963,0.05093,0.04997,0.049074,0.04825,0.047478,0.046764,0.046092,0.045474,0.044899,0.044368,0.04388,0.043422,0.043006,0.042623,0.042265,0.04196,0.041674,0.041419,0.041199,0.040994,0.040822,0.040682,0.040566,0.040474,0.04041,0.04037
4.9733e-14,2.0713,1.4093,2.1509,9.9896,1.2339,0.67903,0.71931,3.9195,0.46347,0.26637,0.21153,0.18136,0.16022,0.1445,0.1321,0.12199,0.11351,0.1063,0.10009,0.09472,0.089852,0.085626,0.08184,0.078438,0.07536,0.072585,0.07004,0.067737,0.065606,0.063656,0.061858,0.060298,0.058678,0.057259,0.055944,0.054717,0.053595,0.052539,0.051559,0.050637,0.049798,0.049009,0.048276,0.04759,0.046959,0.046371,0.045826,0.045325,0.044858,0.044431,0.044039,0.043675,0.04336,0.043066,0.042804,0.042584,0.04237,0.042193,0.042048,0.041929,0.041836,0.04177,0.041731
1.4677e-14,0.54454,0.40417,0.56619,3.3124,0.33824,0.22407,0.28394,1.9365,0.18771,0.095009,0.069547,0.056852,0.048917,0.043345,0.039126,0.035786,0.033071,0.030798,0.028865,0.027227,0.025743,0.024464,0.023329,0.022312,0.021403,0.02058,0.019832,0.019157,0.018531,0.017962,0.017438,0.016985,0.016512,0.0161,0.015719,0.015364,0.015039,0.014735,0.014452,0.014186,0.013944,0.013716,0.013504,0.013304,0.013124,0.012954,0.012797,0.012652,0.012517,0.012394,0.01228,0.012174,0.012082,0.011997,0.01192,0.011854,0.011792,0.01174,0.011697,0.011661,0.011633,0.011613,0.0116
1.9276e-14,0.97104,0.67677,1.0385,5.1454,0.50653,0.31257,0.37045,1.9938,0.22784,0.12511,0.09787,0.083567,0.073705,0.066528,0.060898,0.056323,0.052522,0.049263,0.046446,0.04402,0.041796,0.039864,0.038133,0.036566,0.035162,0.033884,0.032712,0.031648,0.030667,0.029766,0.028935,0.028226,0.02746,0.026802,0.026192,0.025621,0.025101,0.02461,0.024155,0.023723,0.023335,0.022967,0.022625,0.022308,0.02201,0.021736,0.021482,0.021248,0.021029,0.02083,0.020647,0.020472,0.020328,0.02019,0.020067,0.019965,0.019863,0.019781,0.019713,0.019658,0.019613,0.019582,0.019563
2.379e-14,0.89112,0.54807,0.76665,4.6343,0.51654,0.30146,0.36629,2.457,0.28571,0.14067,0.10427,0.085992,0.074104,0.065718,0.059331,0.054275,0.050116,0.046653,0.043711,0.041189,0.038958,0.037014,0.03529,0.03375,0.032374,0.031128,0.030001,0.028971,0.028035,0.027176,0.026387,0.025638,0.024992,0.024373,0.023801,0.023269,0.022778,0.022322,0.021897,0.021503,0.021136,0.020795,0.020478,0.020185,0.01991,0.019656,0.019421,0.019204,0.019004,0.01882,0.01865,0.018495,0.018357,0.01823,0.018117,0.018016,0.017929,0.017853,0.017789,0.017738,0.017697,0.017668,0.01765
1.3534e-14,0.82752,0.5072,0.76529,4.8816,0.39709,0.25072,0.27716,1.7377,0.17046,0.10138,0.082178,0.071381,0.063753,0.057984,0.053362,0.049537,0.046321,0.043552,0.041145,0.039085,0.03715,0.035479,0.033977,0.032623,0.031394,0.030277,0.029253,0.02832,0.027459,0.026667,0.025936,0.025296,0.024636,0.024055,0.023517,0.02301,0.022551,0.022117,0.021713,0.021341,0.020987,0.020661,0.020357,0.020076,0.019812,0.019568,0.019342,0.019133,0.01894,0.018762,0.018599,0.018443,0.018316,0.018194,0.018085,0.017984,0.017903,0.01783,0.017769,0.017721,0.01768,0.017653,0.017636
1.4208e-14,0.76488,0.55183,0.72202,4.322,0.4499,0.25421,0.29812,2.3154,0.18878,0.10418,0.082241,0.070175,0.061938,0.055825,0.051009,0.047087,0.043826,0.041053,0.038664,0.036603,0.034739,0.033116,0.031663,0.030352,0.029183,0.028115,0.027139,0.026256,0.025436,0.024688,0.023998,0.023409,0.022774,0.022229,0.021723,0.021253,0.020819,0.020413,0.020036,0.019685,0.01936,0.019055,0.018773,0.018505,0.018266,0.018039,0.017829,0.017636,0.017456,0.017292,0.01714,0.017003,0.016878,0.016765,0.016664,0.016575,0.016496,0.016428,0.016372,0.016325,0.01629,0.016265,0.01625
2.0966e-14,0.90312,0.66928,1.1018,5.859,0.62251,0.36361,0.38364,2.5851,0.25739,0.14578,0.11269,0.095151,0.08366,0.075198,0.068592,0.063221,0.05879,0.055017,0.051772,0.048993,0.046456,0.044258,0.042294,0.040533,0.038943,0.037502,0.036186,0.034996,0.033891,0.032882,0.031953,0.031143,0.030305,0.029571,0.028891,0.028256,0.027674,0.027129,0.026622,0.026152,0.025711,0.025301,0.024922,0.024562,0.02424,0.023934,0.023651,0.023391,0.023149,0.022928,0.022724,0.022536,0.02237,0.022218,0.022082,0.021959,0.021855,0.021764,0.021688,0.021625,0.021577,0.021542,0.021522
4.3732e-14,1.6153,1.1956,1.9348,9.4205,1.1328,0.64512,0.79157,5.4894,0.50709,0.25686,0.1921,0.15964,0.13832,0.12323,0.11171,0.1025,0.09496,0.088621,0.08322,0.078591,0.074418,0.070813,0.067602,0.064746,0.062132,0.059793,0.057661,0.055726,0.053949,0.052321,0.050822,0.049518,0.04817,0.046988,0.045896,0.044873,0.043943,0.043068,0.042254,0.041503,0.040793,0.040139,0.039531,0.038967,0.038439,0.037952,0.037501,0.037084,0.036697,0.036343,0.036017,0.035711,0.035454,0.03521,0.034992,0.034797,0.03463,0.034483,0.034361,0.034263,0.034182,0.034126,0.034092
2.7625e-14,1.0608,0.64864,0.88188,4.9385,0.61397,0.42087,0.52435,3.2716,0.33532,0.16431,0.12033,0.099269,0.085823,0.076289,0.069038,0.063246,0.058578,0.054633,0.051273,0.048387,0.045813,0.043578,0.041588,0.039807,0.038205,0.036759,0.035439,0.034242,0.033148,0.032143,0.031219,0.030429,0.029583,0.028855,0.028182,0.027555,0.02698,0.026442,0.02594,0.025474,0.025043,0.02464,0.024267,0.023922,0.023595,0.023296,0.02302,0.022764,0.022527,0.02231,0.02211,0.021926,0.021765,0.021616,0.021482,0.021366,0.021261,0.021172,0.021098,0.021038,0.02099,0.020956,0.020935
1.8191e-14,0.8123,0.54758,0.75598,4.2797,0.55869,0.35049,0.42892,2.5096,0.26034,0.1339,0.098696,0.081265,0.070211,0.062412,0.0565,0.0518,0.047978,0.044765,0.042027,0.039681,0.037569,0.035743,0.034115,0.032637,0.031342,0.030159,0.029075,0.0281,0.027195,0.02637,0.02561,0.024982,0.024267,0.023669,0.023116,0.022601,0.022128,0.021684,0.021273,0.02088,0.020533,0.020202,0.019895,0.019602,0.019341,0.019094,0.018865,0.018655,0.018459,0.018279,0.018115,0.017964,0.017828,0.017705,0.017594,0.017502,0.017411,0.017336,0.017275,0.017222,0.017184,0.017156,0.017139
1.8176e-14,0.87926,0.56379,0.94898,4.8736,0.51722,0.31504,0.33041,2.8701,0.23275,0.12716,0.10121,0.086887,0.076958,0.069637,0.06383,0.059054,0.055082,0.051677,0.04873,0.046189,0.043875,0.041855,0.040044,0.038413,0.036945,0.035607,0.034383,0.033274,0.032245,0.031304,0.030436,0.029695,0.028893,0.028206,0.027568,0.026975,0.026426,0.025914,0.025438,0.024994,0.024582,0.024198,0.023841,0.023502,0.023199,0.022912,0.022646,0.022401,0.022174,0.021965,0.021774,0.0216,0.021441,0.021299,0.021171,0.021058,0.020958,0.020873,0.020802,0.020742,0.020698,0.020665,0.020646
2.2166e-14,1.1777,0.82411,1.0775,7.4712,0.55721,0.36152,0.41953,2.7386,0.26205,0.15444,0.12281,0.10588,0.094061,0.085342,0.078457,0.072803,0.068071,0.064003,0.060471,0.057431,0.054607,0.052157,0.049953,0.047963,0.046167,0.044527,0.043027,0.04166,0.040395,0.039234,0.038162,0.037225,0.036256,0.035405,0.034615,0.033875,0.033199,0.032562,0.03197,0.031418,0.030906,0.030427,0.029982,0.029566,0.029183,0.028825,0.028493,0.028188,0.027904,0.027644,0.027405,0.027182,0.02699,0.026811,0.026651,0.026511,0.026385,0.026278,0.026189,0.026117,0.02606,0.02602,0.025995
1.8023e-14,0.83994,0.5994,0.81903,4.3803,0.51042,0.27974,0.31962,2.4107,0.2184,0.11683,0.091746,0.078212,0.068926,0.062114,0.05676,0.052416,0.048754,0.045658,0.042989,0.040686,0.0386,0.036784,0.035158,0.033695,0.032379,0.031185,0.030092,0.029099,0.028186,0.027348,0.026575,0.025915,0.025205,0.024595,0.024029,0.0235,0.023016,0.022562,0.022139,0.021748,0.02138,0.02104,0.020723,0.02043,0.020154,0.019899,0.019664,0.019447,0.019244,0.019059,0.018889,0.018729,0.018592,0.018464,0.01835,0.018247,0.018159,0.018081,0.018016,0.017964,0.017921,0.017891,0.017872
2.9934e-14,2.0605,1.4744,1.7319,14.421,0.90273,0.59257,0.58139,4.1361,0.33844,0.22972,0.19357,0.17182,0.15553,0.14282,0.13234,0.12346,0.11589,0.10929,0.1035,0.098541,0.093791,0.089694,0.086002,0.082645,0.079612,0.076841,0.074303,0.071984,0.069827,0.067849,0.066021,0.064314,0.062761,0.061301,0.059947,0.058672,0.057514,0.056422,0.055404,0.054452,0.053568,0.052744,0.051975,0.051255,0.050594,0.049978,0.049405,0.048874,0.048384,0.047934,0.04752,0.047125,0.046798,0.046487,0.046208,0.045962,0.045745,0.045559,0.0454,0.045274,0.045172,0.045101,0.045057
4.7881e-14,1.8041,1.0854,1.6769,9.8267,1.1435,0.69658,0.69714,4.5903,0.45461,0.25791,0.19814,0.16822,0.14771,0.13271,0.12096,0.11135,0.10352,0.096805,0.091028,0.086092,0.081577,0.077676,0.074189,0.071067,0.068246,0.065696,0.063359,0.061245,0.059301,0.057518,0.055876,0.054531,0.052965,0.05167,0.05047,0.049349,0.048325,0.047363,0.046469,0.045639,0.044866,0.044145,0.043477,0.042852,0.042275,0.041737,0.04124,0.040783,0.040355,0.039965,0.039607,0.039272,0.038983,0.038715,0.038474,0.038261,0.038073,0.037911,0.037778,0.037667,0.03758,0.037518,0.037481
2.1392e-14,1.19,0.92525,1.3455,7.9841,0.72936,0.49823,0.50833,3.6451,0.30901,0.17163,0.13574,0.11676,0.10393,0.094252,0.08654,0.080215,0.074837,0.070256,0.066288,0.062875,0.059714,0.056979,0.054524,0.052305,0.05031,0.048494,0.046828,0.045311,0.043919,0.042637,0.041454,0.040442,0.039351,0.038414,0.037545,0.03673,0.035987,0.035288,0.034637,0.034032,0.033467,0.032942,0.032455,0.032003,0.031576,0.031184,0.030821,0.030486,0.030174,0.029889,0.029627,0.02938,0.029171,0.028976,0.0288,0.028643,0.028508,0.02839,0.028292,0.028214,0.028149,0.028105,0.028077
2.3264e-14,1.1731,0.87962,1.4609,7.5487,0.72165,0.4381,0.44247,3.7594,0.30441,0.18383,0.14937,0.12974,0.11563,0.10506,0.096583,0.089511,0.083683,0.078621,0.074228,0.070439,0.066949,0.063913,0.061185,0.058716,0.0565,0.054476,0.05262,0.050931,0.049378,0.047947,0.046627,0.045533,0.044281,0.043232,0.042261,0.041351,0.040519,0.039737,0.039009,0.038331,0.0377,0.037112,0.036567,0.036059,0.035583,0.035143,0.034736,0.034362,0.034011,0.033692,0.033398,0.033121,0.032887,0.032667,0.03247,0.032295,0.032142,0.03201,0.031901,0.031812,0.031739,0.03169,0.031659
3.0481e-14,1.8831,1.0426,1.2095,8.346,0.86117,0.44592,0.60454,4.4047,0.40866,0.22213,0.16636,0.13853,0.12056,0.10783,0.09803,0.090134,0.083698,0.078242,0.07357,0.069605,0.06595,0.06281,0.060007,0.057494,0.055232,0.053183,0.051317,0.049617,0.048053,0.046622,0.045303,0.04414,0.042969,0.041929,0.040965,0.040062,0.039243,0.038469,0.03775,0.037084,0.036462,0.035883,0.035344,0.034846,0.034381,0.033949,0.033549,0.033181,0.03284,0.032526,0.032238,0.031964,0.03174,0.031524,0.031332,0.03116,0.031012,0.030883,0.030775,0.030691,0.03062,0.030571,0.030543
2.3714e-14,1.1722,0.87029,1.5408,7.2964,0.73541,0.44008,0.43204,3.5321,0.26902,0.16427,0.13516,0.11769,0.10561,0.096189,0.088586,0.082295,0.076913,0.072311,0.068306,0.06484,0.061654,0.058875,0.056376,0.054131,0.052081,0.050227,0.048523,0.046976,0.045545,0.044231,0.043017,0.04201,0.040861,0.039899,0.039006,0.038171,0.037405,0.036687,0.036018,0.035401,0.034816,0.034276,0.033774,0.033303,0.032872,0.032468,0.032094,0.03175,0.03143,0.031136,0.030867,0.030618,0.030399,0.030198,0.030018,0.029855,0.029718,0.029598,0.029498,0.029415,0.029351,0.029306,0.029279
3.1123e-14,1.3635,0.92996,1.5435,7.6078,0.83305,0.55432,0.54872,4.0877,0.35755,0.19862,0.15363,0.13104,0.1161,0.10509,0.096407,0.089289,0.083345,0.07825,0.073837,0.070034,0.066535,0.063496,0.060769,0.058322,0.056083,0.054064,0.052213,0.05053,0.048977,0.047551,0.046235,0.045093,0.043895,0.042853,0.041885,0.04098,0.040153,0.039374,0.03865,0.037984,0.037348,0.036763,0.036221,0.035713,0.035244,0.034808,0.034404,0.034031,0.033685,0.033368,0.033077,0.032805,0.032571,0.032353,0.032158,0.031979,0.031834,0.031703,0.031595,0.031506,0.031437,0.031387,0.031358
3.7515e-14,1.719,1.193,2.2653,10.861,1.0439,0.71409,0.66937,4.3668,0.46468,0.26602,0.21196,0.18274,0.16251,0.14736,0.13531,0.12539,0.11704,0.1099,0.10371,0.09841,0.09345,0.089179,0.085347,0.081912,0.078763,0.075927,0.07333,0.070967,0.068782,0.066778,0.064931,0.063285,0.061646,0.060181,0.058822,0.057545,0.056388,0.055295,0.054278,0.053338,0.05245,0.05163,0.050868,0.050158,0.049495,0.048883,0.048316,0.047792,0.047307,0.046861,0.046452,0.046059,0.04574,0.045434,0.04516,0.044915,0.044706,0.044521,0.044369,0.044247,0.044146,0.044077,0.044035
3.1554e-14,1.534,1.0509,1.3561,8.2771,0.95346,0.52318,0.65659,4.7709,0.51154,0.2642,0.19629,0.16228,0.14006,0.12456,0.11276,0.10339,0.09569,0.089253,0.083769,0.079095,0.074869,0.071221,0.067972,0.065056,0.062452,0.060096,0.057943,0.056007,0.054203,0.052563,0.051054,0.049744,0.048384,0.047197,0.046098,0.045075,0.044133,0.043253,0.042435,0.041676,0.040968,0.04031,0.0397,0.039117,0.038601,0.038111,0.037657,0.037238,0.03685,0.036493,0.036166,0.03587,0.035596,0.035351,0.035131,0.034933,0.034766,0.034618,0.034495,0.034389,0.034313,0.034257,0.034223
2.4117e-14,1.4537,1.0993,1.9682,9.8321,0.83746,0.52335,0.47734,4.3425,0.30195,0.20256,0.16916,0.14866,0.13383,0.12225,0.11284,0.10498,0.098275,0.092496,0.087456,0.083088,0.079053,0.075532,0.072362,0.069503,0.066902,0.064539,0.062371,0.060399,0.058569,0.056891,0.05534,0.053981,0.052581,0.051348,0.050204,0.049133,0.048152,0.04723,0.046372,0.045577,0.044829,0.044135,0.04349,0.042884,0.042329,0.04181,0.041329,0.040886,0.040474,0.040096,0.039749,0.039424,0.039145,0.038886,0.038653,0.038444,0.038266,0.038111,0.037981,0.037875,0.037791,0.037732,0.037697
2.9823e-14,2.3934,1.6241,2.1044,16.384,1.077,0.64135,0.61834,5.7543,0.37368,0.26287,0.22218,0.19754,0.17915,0.16463,0.15267,0.1425,0.13386,0.1263,0.11966,0.11397,0.10851,0.10379,0.099538,0.095661,0.092165,0.088968,0.086039,0.083362,0.08087,0.078584,0.076472,0.074521,0.0727,0.071014,0.069449,0.067973,0.066634,0.065373,0.064196,0.063093,0.062071,0.061119,0.060231,0.059399,0.058632,0.05792,0.057259,0.056645,0.05608,0.05556,0.055082,0.054621,0.054247,0.053889,0.053568,0.053284,0.053035,0.052821,0.05264,0.052495,0.052378,0.052296,0.052247
4.1355e-14,1.6148,1.105,1.4872,9.9021,0.90865,0.57053,0.56448,4.0345,0.39589,0.22348,0.17809,0.15266,0.13545,0.12259,0.11241,0.10398,0.09709,0.091126,0.085961,0.08154,0.077446,0.073903,0.070724,0.067853,0.065272,0.062922,0.060768,0.058812,0.057006,0.055348,0.053818,0.05252,0.051103,0.04989,0.048765,0.047713,0.046752,0.045847,0.045008,0.044223,0.043495,0.042816,0.042186,0.041599,0.041051,0.040545,0.040076,0.039643,0.03924,0.038872,0.038535,0.038215,0.037946,0.037693,0.037467,0.037266,0.03709,0.03694,0.036814,0.036712,0.03663,0.036573,0.036538
2.9998e-14,1.5543,1.1066,1.4662,9.7226,0.89813,0.5107,0.55289,5.2011,0.34443,0.19561,0.15626,0.13521,0.1208,0.10994,0.10126,0.09407,0.088018,0.082803,0.078267,0.074343,0.070719,0.067562,0.064724,0.062131,0.05983,0.057716,0.055777,0.054009,0.052379,0.050878,0.049493,0.048281,0.047029,0.045926,0.044905,0.043949,0.043072,0.042249,0.041484,0.040757,0.040103,0.039484,0.038909,0.038372,0.037871,0.03741,0.036981,0.036585,0.036217,0.035881,0.035572,0.035284,0.035034,0.034802,0.034595,0.03442,0.034252,0.034113,0.033998,0.033904,0.03383,0.033778,0.033745
1.6841e-14,1.5362,0.99651,1.2581,10.972,0.63408,0.42772,0.42397,3.6131,0.23809,0.1734,0.15082,0.13623,0.12447,0.11507,0.10716,0.10037,0.094526,0.089377,0.084833,0.080922,0.077147,0.07388,0.070925,0.068225,0.065784,0.063547,0.061493,0.059614,0.057863,0.056255,0.054767,0.053388,0.052108,0.050917,0.049811,0.048768,0.047821,0.046927,0.046094,0.045315,0.04459,0.043915,0.043285,0.042696,0.042152,0.041647,0.041178,0.040743,0.040342,0.039973,0.039634,0.039309,0.039043,0.038789,0.038562,0.038359,0.038185,0.038033,0.037906,0.037804,0.037721,0.037664,0.037629
2.2516e-14,1.6797,1.01,1.2057,10.947,0.69159,0.41104,0.43081,3.6804,0.29294,0.19098,0.15802,0.13932,0.12567,0.11524,0.10674,0.099704,0.09357,0.088302,0.083685,0.079737,0.075942,0.072669,0.069718,0.067043,0.064602,0.062381,0.060344,0.058481,0.056752,0.055162,0.053693,0.052358,0.051068,0.049894,0.048804,0.047775,0.046843,0.045963,0.045143,0.044387,0.043662,0.042998,0.042379,0.041802,0.041264,0.040766,0.040305,0.039877,0.039482,0.039119,0.038786,0.038463,0.038203,0.037954,0.03773,0.037521,0.037358,0.037209,0.037083,0.036983,0.0369,0.036844,0.036809
1.778e-14,1.6408,1.0809,1.0915,11.517,0.68672,0.40741,0.44726,3.3459,0.26691,0.1782,0.15346,0.1381,0.12628,0.11674,0.10874,0.10193,0.095946,0.090734,0.08613,0.082188,0.078342,0.07503,0.072033,0.069298,0.066819,0.064549,0.062464,0.060553,0.058779,0.057146,0.055635,0.054229,0.052934,0.051725,0.050601,0.04954,0.048579,0.04767,0.046823,0.046034,0.045294,0.044607,0.043967,0.043372,0.042815,0.0423,0.041822,0.04138,0.040971,0.040595,0.04025,0.039915,0.039647,0.039388,0.039156,0.038946,0.038771,0.038616,0.038485,0.038382,0.038296,0.038237,0.038201
2.157e-14,1.5419,1.1419,1.5627,10.713,0.73449,0.46551,0.49684,3.621,0.32528,0.1939,0.15862,0.1387,0.12492,0.11427,0.10565,0.098547,0.092453,0.087188,0.082581,0.078608,0.074866,0.071613,0.068679,0.066019,0.063604,0.061403,0.059379,0.057533,0.055825,0.054252,0.052798,0.051527,0.050203,0.049044,0.047967,0.046956,0.046031,0.045162,0.044353,0.043598,0.042893,0.042238,0.041628,0.041058,0.040529,0.040039,0.039584,0.039164,0.038774,0.038416,0.038088,0.037779,0.037515,0.03727,0.03705,0.036854,0.036684,0.036537,0.036415,0.036315,0.036235,0.03618,0.036147
2.3127e-14,1.2808,1.0995,2.1703,8.6083,0.74213,0.47443,0.43391,2.8084,0.29027,0.17975,0.14526,0.12576,0.11259,0.10241,0.094237,0.087402,0.081761,0.07685,0.072583,0.068898,0.065506,0.062546,0.059889,0.057501,0.055316,0.053343,0.051534,0.049885,0.048366,0.046968,0.045679,0.044583,0.043385,0.042361,0.041411,0.040524,0.039708,0.038944,0.038234,0.03758,0.036953,0.036378,0.035844,0.035344,0.034881,0.034453,0.034055,0.033688,0.033347,0.033035,0.032748,0.032481,0.032247,0.032033,0.03184,0.031661,0.031519,0.031391,0.031283,0.031194,0.031125,0.031075,0.031045
2.669e-14,1.3124,1.1222,1.7378,9.1543,0.95928,0.51237,0.51678,3.2931,0.3415,0.1942,0.15385,0.1316,0.11618,0.10484,0.095897,0.088549,0.082465,0.077251,0.072755,0.068888,0.06535,0.062283,0.059536,0.057084,0.054842,0.052822,0.050972,0.049308,0.04775,0.046332,0.045026,0.043928,0.042708,0.041674,0.040718,0.039824,0.039005,0.038236,0.037522,0.036864,0.036238,0.035661,0.035127,0.034613,0.034164,0.033733,0.033334,0.032967,0.032625,0.032312,0.032024,0.031761,0.031524,0.031308,0.031115,0.030938,0.030793,0.030663,0.030555,0.030464,0.030396,0.030347,0.030317
4.6039e-14,2.0138,1.5928,2.452,13.883,1.094,0.70515,0.65029,5.4793,0.46672,0.28504,0.23362,0.20367,0.18243,0.16636,0.15346,0.14267,0.13371,0.12588,0.11905,0.11316,0.10767,0.10289,0.098585,0.094668,0.091163,0.087952,0.085005,0.082318,0.079837,0.077554,0.075446,0.073656,0.071692,0.070014,0.068458,0.066999,0.065665,0.064412,0.063245,0.062151,0.061142,0.060198,0.059321,0.058504,0.057739,0.057035,0.056381,0.055778,0.055217,0.054704,0.054233,0.053785,0.05341,0.053058,0.052742,0.052463,0.052217,0.052006,0.051831,0.051689,0.051574,0.051494,0.051446
2.937e-14,1.5773,1.157,1.606,10.259,0.82865,0.48783,0.56491,4.7292,0.37517,0.22015,0.17891,0.15501,0.13851,0.12601,0.11597,0.10762,0.10069,0.094689,0.089468,0.084967,0.080798,0.077174,0.073915,0.070957,0.068307,0.065884,0.06366,0.061641,0.059767,0.058048,0.056463,0.055107,0.053639,0.052379,0.051209,0.050116,0.049111,0.048169,0.047293,0.046476,0.045715,0.045006,0.044348,0.043727,0.043161,0.042632,0.042142,0.04169,0.041268,0.040883,0.04053,0.040202,0.039912,0.039648,0.039411,0.039198,0.039017,0.038858,0.038727,0.038617,0.038533,0.038474,0.038437
1.3798e-14,0.83597,0.56558,0.91664,5.4538,0.50345,0.27368,0.31164,2.7376,0.23156,0.12226,0.093876,0.079239,0.06942,0.06236,0.056869,0.052412,0.048778,0.045674,0.043002,0.040722,0.038634,0.03683,0.035214,0.033763,0.032455,0.031268,0.030179,0.029197,0.028285,0.027451,0.026683,0.026078,0.025319,0.024711,0.024147,0.02362,0.023138,0.022685,0.022264,0.021876,0.021507,0.021167,0.020852,0.020555,0.020285,0.020031,0.019796,0.01958,0.019378,0.019193,0.019024,0.018866,0.018728,0.018602,0.018488,0.018382,0.018298,0.018221,0.018158,0.018105,0.018064,0.018034,0.018016
1.6215e-14,0.95267,0.66165,1.1807,6.4361,0.55559,0.30184,0.30274,2.2384,0.21448,0.13328,0.10921,0.095391,0.085314,0.07769,0.071541,0.066476,0.062126,0.058418,0.055182,0.052432,0.049829,0.047588,0.045574,0.043737,0.042109,0.040613,0.039241,0.037996,0.036837,0.035776,0.034797,0.033912,0.033056,0.03228,0.031558,0.03088,0.030265,0.029685,0.029144,0.028629,0.028173,0.027737,0.027331,0.02695,0.026602,0.026276,0.025974,0.025695,0.025437,0.0252,0.024983,0.024776,0.024604,0.024441,0.024296,0.024176,0.024054,0.023956,0.023875,0.02381,0.023757,0.02372,0.023698
2.0599e-14,0.93063,0.73208,1.5433,5.9961,0.65146,0.34373,0.33596,2.1552,0.23441,0.14015,0.11216,0.096519,0.08557,0.077442,0.070985,0.065617,0.061259,0.057477,0.054194,0.051412,0.048806,0.046566,0.044555,0.042726,0.041113,0.03963,0.038269,0.037041,0.035894,0.034848,0.033882,0.033062,0.032168,0.031405,0.030695,0.03003,0.029426,0.028856,0.028326,0.027821,0.027374,0.026946,0.026549,0.026173,0.025836,0.025516,0.02522,0.024948,0.024695,0.024462,0.024251,0.024049,0.02388,0.023721,0.023578,0.02346,0.023342,0.023246,0.023167,0.023102,0.023052,0.023015,0.022994
2.9258e-14,1.1716,1.1097,2.6922,7.4272,0.89608,0.52301,0.49626,3.0914,0.30266,0.18449,0.14877,0.12879,0.11484,0.10425,0.095767,0.088627,0.08285,0.077789,0.073392,0.069616,0.066127,0.063103,0.060387,0.057928,0.055723,0.053716,0.051871,0.050204,0.048655,0.047237,0.045928,0.044847,0.043605,0.042569,0.041608,0.040709,0.039887,0.039114,0.038397,0.037722,0.037105,0.036525,0.035987,0.035479,0.035017,0.034585,0.034184,0.033816,0.033472,0.033157,0.032869,0.0326,0.032367,0.032151,0.031958,0.031791,0.031637,0.031507,0.031401,0.031312,0.031243,0.031195,0.031166
2.7387e-14,1.1533,1.0785,2.5831,7.4483,0.92229,0.51597,0.5433,3.2159,0.32816,0.19839,0.15872,0.13714,0.12181,0.11029,0.10113,0.093589,0.087273,0.081872,0.077193,0.073158,0.069476,0.066272,0.063397,0.060814,0.058474,0.056353,0.054408,0.052649,0.051017,0.049523,0.048145,0.04702,0.045698,0.044608,0.043597,0.042654,0.041788,0.040975,0.040219,0.039525,0.038862,0.038252,0.037687,0.037151,0.036667,0.036213,0.035791,0.035404,0.035042,0.034712,0.034408,0.034129,0.03388,0.033653,0.03345,0.033261,0.033112,0.032976,0.032863,0.032769,0.032698,0.032647,0.032616
3.8669e-14,1.411,0.9814,1.6757,7.5887,0.7982,0.45754,0.499,3.9929,0.36625,0.20305,0.15809,0.1344,0.1184,0.10672,0.097559,0.090074,0.083913,0.078643,0.074097,0.070231,0.066629,0.063537,0.060766,0.058262,0.056029,0.053988,0.052117,0.050428,0.048861,0.047427,0.046104,0.045033,0.04376,0.042713,0.041743,0.040833,0.040009,0.039228,0.038504,0.037825,0.037203,0.036618,0.036076,0.035568,0.035101,0.034664,0.03426,0.033889,0.033542,0.033225,0.032935,0.032657,0.03243,0.032212,0.032017,0.031848,0.031693,0.031563,0.031456,0.031369,0.031298,0.031249,0.031219
1.9742e-14,0.86587,0.67072,1.3283,5.0321,0.52156,0.31353,0.33133,2.5989,0.22227,0.12771,0.099153,0.084102,0.073549,0.065997,0.060094,0.05528,0.051371,0.048028,0.04515,0.042692,0.040451,0.038518,0.036786,0.035232,0.033842,0.032576,0.031412,0.030373,0.029403,0.028519,0.027705,0.027112,0.026264,0.025622,0.025027,0.024472,0.023966,0.023488,0.023045,0.022631,0.022252,0.021894,0.021565,0.021251,0.02097,0.020703,0.020457,0.020232,0.02002,0.019826,0.01965,0.019485,0.019342,0.01921,0.019091,0.018989,0.018893,0.018813,0.018749,0.018694,0.018652,0.018622,0.018604
1.8521e-14,0.852,0.73848,1.5649,5.5186,0.56247,0.33008,0.30798,2.903,0.24484,0.13344,0.10234,0.086119,0.075252,0.067397,0.061293,0.056346,0.05233,0.048912,0.045975,0.043472,0.041196,0.039231,0.037474,0.035916,0.034492,0.03321,0.032033,0.03098,0.029999,0.029104,0.028281,0.02769,0.026823,0.026175,0.025572,0.025012,0.024498,0.024016,0.023567,0.023155,0.022766,0.022404,0.022071,0.021752,0.02147,0.021199,0.020951,0.020724,0.020509,0.020314,0.020135,0.019972,0.019825,0.019691,0.019572,0.019465,0.019372,0.019291,0.019227,0.01917,0.019129,0.019099,0.019081
1.8699e-14,1.1976,0.76368,1.392,8.6832,0.57259,0.34243,0.37824,2.6267,0.24306,0.14479,0.11814,0.10297,0.091965,0.083756,0.077143,0.071674,0.067053,0.063083,0.059614,0.056715,0.053874,0.05147,0.04931,0.047345,0.045595,0.043988,0.042514,0.041177,0.039924,0.038781,0.037726,0.036765,0.035845,0.035007,0.034226,0.033489,0.032828,0.0322,0.031614,0.03106,0.030562,0.030088,0.029648,0.029233,0.028857,0.028503,0.028174,0.027871,0.027591,0.027332,0.027096,0.026865,0.026683,0.026505,0.026346,0.026211,0.026081,0.025974,0.025884,0.025813,0.025754,0.025713,0.025688
1.6594e-14,1.0926,0.72291,1.1081,7.6596,0.54817,0.32919,0.34749,2.2597,0.2304,0.13945,0.11476,0.1001,0.089678,0.081696,0.075244,0.069892,0.065345,0.061437,0.058031,0.055126,0.052381,0.050019,0.047896,0.045977,0.044246,0.042667,0.041218,0.039907,0.038683,0.037563,0.03653,0.035618,0.034692,0.033872,0.033111,0.032396,0.031746,0.031133,0.030562,0.03003,0.029537,0.029076,0.028648,0.028243,0.027878,0.027533,0.027213,0.026919,0.026646,0.026395,0.026164,0.025946,0.025764,0.025591,0.025437,0.025302,0.02518,0.025076,0.02499,0.02492,0.024864,0.024825,0.024801
1.8669e-14,1.0898,0.79623,1.0417,6.7863,0.62489,0.37704,0.3793,2.2898,0.26016,0.15183,0.12122,0.10449,0.092739,0.083985,0.077034,0.07129,0.066538,0.062446,0.058903,0.05586,0.053052,0.050619,0.048435,0.046479,0.044695,0.04308,0.041601,0.040269,0.039017,0.037879,0.036828,0.035914,0.034964,0.034131,0.033359,0.032639,0.031978,0.031357,0.030779,0.030245,0.029743,0.029277,0.028844,0.028429,0.028066,0.027717,0.027395,0.027097,0.026821,0.026568,0.026335,0.026123,0.025932,0.025758,0.025602,0.025463,0.025342,0.025238,0.025151,0.025078,0.025024,0.024984,0.02496
4.2383e-14,1.6511,0.93846,1.2316,8.8758,0.93837,0.51649,0.60751,3.7913,0.38943,0.21359,0.16876,0.14391,0.1268,0.11432,0.10451,0.096467,0.089865,0.084206,0.079323,0.075157,0.071298,0.067976,0.065001,0.062328,0.059908,0.057721,0.055719,0.05391,0.052225,0.050687,0.04927,0.048001,0.046759,0.045638,0.044599,0.043625,0.042743,0.041908,0.041134,0.040414,0.039741,0.039117,0.038537,0.037991,0.037494,0.037029,0.036597,0.036199,0.03583,0.035492,0.035183,0.034886,0.034643,0.034411,0.034203,0.034018,0.033859,0.03372,0.033604,0.033511,0.033436,0.033383,0.033352
1.9873e-14,0.91055,0.62506,1.2351,4.7106,0.63643,0.36521,0.39684,2.5077,0.25953,0.14172,0.11132,0.094215,0.082663,0.074237,0.067673,0.062331,0.057957,0.05423,0.051028,0.048261,0.045783,0.04362,0.041684,0.039953,0.038387,0.036969,0.035672,0.034503,0.033416,0.032424,0.03151,0.030727,0.029892,0.029171,0.028503,0.027881,0.027308,0.026771,0.026273,0.025812,0.02538,0.024979,0.024607,0.024253,0.023937,0.023638,0.023361,0.023106,0.022869,0.022652,0.022452,0.022271,0.022107,0.021958,0.021825,0.021706,0.021604,0.021515,0.021441,0.021379,0.021333,0.021299,0.021279
1.3596e-14,0.59133,0.44792,0.74183,3.1998,0.39403,0.23166,0.25821,1.9793,0.18328,0.098126,0.075517,0.063266,0.055225,0.049415,0.044933,0.041347,0.038417,0.03593,0.033798,0.031961,0.030309,0.028872,0.027587,0.026438,0.025398,0.024458,0.023599,0.022817,0.022103,0.021446,0.02084,0.020302,0.019768,0.01929,0.018848,0.018435,0.018056,0.017701,0.017371,0.017068,0.01678,0.016514,0.016268,0.01604,0.015825,0.015626,0.015444,0.015275,0.015118,0.014974,0.014842,0.014719,0.014614,0.014515,0.014427,0.014346,0.014281,0.014222,0.014173,0.014134,0.014102,0.01408,0.014066
1.3104e-14,0.81128,0.54994,0.85615,5.3322,0.42158,0.25625,0.31483,2.2415,0.19626,0.10521,0.080754,0.06805,0.05953,0.053424,0.04866,0.044822,0.041627,0.038931,0.036614,0.034646,0.03283,0.031268,0.029873,0.028625,0.027496,0.026476,0.025543,0.024705,0.02392,0.023208,0.022552,0.021985,0.021388,0.020871,0.020391,0.019943,0.019534,0.01915,0.018793,0.018464,0.018152,0.017865,0.017598,0.017343,0.017119,0.016904,0.016706,0.016524,0.016354,0.016199,0.016056,0.015924,0.015808,0.015702,0.015607,0.015519,0.015448,0.015384,0.015332,0.015287,0.015254,0.01523,0.015216
2.013e-14,1.1312,0.84152,1.1957,7.1084,0.64848,0.3919,0.39612,2.7589,0.2935,0.16894,0.13371,0.11423,0.10102,0.091271,0.083589,0.077324,0.072066,0.067593,0.063729,0.060408,0.057361,0.054715,0.052344,0.050214,0.048285,0.046537,0.044937,0.043491,0.042141,0.04091,0.039775,0.03876,0.037759,0.036861,0.036027,0.035249,0.034535,0.033865,0.033242,0.032664,0.032123,0.031621,0.031154,0.030709,0.030315,0.02994,0.029592,0.029272,0.028975,0.028702,0.028452,0.028222,0.028016,0.02783,0.027662,0.027514,0.027384,0.027272,0.027179,0.0271,0.027043,0.027001,0.026976
3.9535e-14,2.0109,1.4205,1.8267,12.332,1.144,0.65446,0.75582,4.9659,0.44819,0.26419,0.21486,0.18689,0.1668,0.15168,0.13957,0.12946,0.12104,0.11375,0.10741,0.10195,0.096911,0.092528,0.088588,0.085023,0.081822,0.078896,0.076218,0.073801,0.07153,0.069463,0.067554,0.065901,0.064167,0.06265,0.061245,0.059932,0.058729,0.057597,0.056549,0.055559,0.054657,0.053807,0.053018,0.052263,0.051598,0.050963,0.050375,0.049833,0.049328,0.048866,0.048443,0.048051,0.047705,0.047387,0.047103,0.046858,0.046629,0.04644,0.04628,0.046146,0.046047,0.045974,0.045929
2.9407e-14,1.39,0.99967,1.4178,7.5739,0.94959,0.56064,0.52423,4.0932,0.34221,0.19679,0.15414,0.13112,0.11551,0.10401,0.094975,0.087581,0.081492,0.076287,0.071804,0.06794,0.064449,0.061412,0.058693,0.05625,0.054048,0.052051,0.050224,0.048581,0.047042,0.045643,0.044354,0.043281,0.042069,0.041049,0.040105,0.039226,0.038417,0.037659,0.036957,0.036301,0.03569,0.035123,0.034596,0.034093,0.033648,0.033225,0.032833,0.032472,0.032136,0.031828,0.031546,0.031288,0.031056,0.030845,0.030656,0.030487,0.030342,0.030216,0.030111,0.030022,0.029957,0.02991,0.029881
1.8361e-14,0.84668,0.71795,1.2758,5.3244,0.60626,0.36508,0.318,2.9741,0.23069,0.12918,0.099513,0.083788,0.073217,0.065544,0.059581,0.054707,0.050785,0.047424,0.044547,0.042065,0.039844,0.037917,0.036194,0.034652,0.033268,0.032014,0.030862,0.029831,0.028874,0.028,0.027196,0.026598,0.025775,0.025141,0.024555,0.024011,0.02351,0.02304,0.022604,0.022197,0.021824,0.021473,0.02115,0.020842,0.020566,0.020304,0.020063,0.019842,0.019634,0.019445,0.019271,0.019114,0.018971,0.018842,0.018726,0.018627,0.018533,0.018455,0.018393,0.018338,0.018298,0.018269,0.018252
1.7655e-14,0.92019,0.74729,0.96755,5.8633,0.58349,0.37363,0.3517,2.7697,0.25492,0.14524,0.11276,0.095412,0.0839,0.075406,0.068776,0.063393,0.058947,0.05517,0.051922,0.049142,0.046601,0.044403,0.042438,0.040673,0.039086,0.037644,0.03633,0.035132,0.034034,0.033026,0.032097,0.031265,0.03045,0.029716,0.029036,0.028401,0.02782,0.027275,0.026768,0.026289,0.025858,0.025449,0.025069,0.024717,0.024388,0.024083,0.023801,0.023541,0.0233,0.023079,0.022875,0.022685,0.022523,0.022371,0.022236,0.022123,0.02201,0.02192,0.021844,0.021783,0.021734,0.0217,0.021679
1.82e-14,0.8979,0.78723,1.1598,6.2875,0.65648,0.38304,0.42087,2.4948,0.26144,0.1522,0.12006,0.10232,0.090204,0.081375,0.074453,0.068778,0.064082,0.060063,0.056597,0.053613,0.050891,0.048526,0.046407,0.044509,0.042783,0.041225,0.039796,0.038508,0.037308,0.036212,0.035201,0.034341,0.03341,0.032611,0.03187,0.03118,0.030545,0.02995,0.029398,0.028888,0.028404,0.027958,0.027545,0.027151,0.026799,0.026467,0.026159,0.025876,0.025612,0.02537,0.025148,0.024945,0.024762,0.024597,0.024448,0.024313,0.024202,0.024102,0.02402,0.02395,0.023899,0.023861,0.023839
2.0784e-14,1.2418,1.0191,1.6742,7.7241,1.0483,0.55963,0.64067,4.0006,0.39424,0.21162,0.16024,0.13334,0.11569,0.10312,0.093469,0.085755,0.079415,0.074086,0.069535,0.065627,0.062137,0.059104,0.056403,0.053992,0.051816,0.049851,0.048063,0.046448,0.044952,0.043588,0.042334,0.041229,0.040115,0.039128,0.038215,0.037367,0.036584,0.035853,0.035175,0.034544,0.033958,0.033412,0.032905,0.032424,0.031995,0.031588,0.031213,0.030866,0.030544,0.030249,0.029979,0.029735,0.029509,0.029306,0.029125,0.028967,0.028824,0.028702,0.028601,0.028515,0.028453,0.028407,0.028379
2.7225e-14,1.328,1.0663,1.6979,7.6108,1.0703,0.61246,0.69691,4.6088,0.44635,0.22945,0.1713,0.14129,0.12173,0.10803,0.097591,0.089297,0.082528,0.076867,0.072039,0.067906,0.064248,0.061065,0.058234,0.055718,0.053442,0.051393,0.049523,0.047843,0.046289,0.044871,0.043569,0.042516,0.041268,0.040245,0.039298,0.038419,0.03761,0.036853,0.036151,0.035501,0.034894,0.034329,0.033807,0.033314,0.032867,0.032447,0.03206,0.031704,0.03137,0.031067,0.030789,0.030534,0.030305,0.030097,0.029911,0.029747,0.029601,0.029477,0.029375,0.029289,0.029223,0.029177,0.029148
2.7653e-14,1.1417,0.94528,1.2832,6.922,0.74318,0.42294,0.47737,3.2936,0.32266,0.18251,0.14208,0.12008,0.10511,0.094261,0.085829,0.079119,0.073387,0.068623,0.064543,0.061045,0.057865,0.055115,0.052658,0.050459,0.048474,0.046677,0.045036,0.043557,0.04218,0.040925,0.039769,0.038764,0.037722,0.03681,0.035966,0.035178,0.034457,0.033779,0.033151,0.032571,0.032021,0.031514,0.031044,0.030596,0.030199,0.029821,0.029471,0.029149,0.02885,0.028576,0.028324,0.028093,0.027888,0.0277,0.027532,0.027378,0.027252,0.02714,0.027047,0.026969,0.02691,0.026868,0.026843
3.0129e-14,1.5478,1.2253,1.5815,9.6115,1.0099,0.57895,0.61677,4.1374,0.3787,0.21627,0.17315,0.1488,0.1315,0.11872,0.10861,0.10031,0.093406,0.087509,0.082427,0.078033,0.074056,0.07059,0.067486,0.064705,0.06218,0.059897,0.057809,0.05592,0.054162,0.052558,0.051078,0.049791,0.048456,0.047285,0.046201,0.04519,0.04426,0.043389,0.042581,0.041829,0.041125,0.040472,0.039865,0.03929,0.038774,0.038286,0.037834,0.037417,0.03703,0.036675,0.036348,0.036048,0.035781,0.035537,0.035318,0.035124,0.034953,0.034807,0.034683,0.03458,0.034502,0.034446,0.034411
1.9515e-14,0.85831,0.64916,0.8714,4.7556,0.54889,0.309,0.31865,2.5088,0.22273,0.123,0.097187,0.082848,0.072868,0.065572,0.059858,0.055196,0.051357,0.048081,0.045266,0.042831,0.040645,0.038737,0.037031,0.0355,0.034123,0.032875,0.031734,0.030701,0.029743,0.028868,0.028061,0.027368,0.026631,0.025993,0.025402,0.02485,0.024344,0.02387,0.023429,0.023018,0.022637,0.022282,0.021952,0.021641,0.021358,0.021093,0.020848,0.020622,0.020412,0.020219,0.020043,0.019879,0.019736,0.019604,0.019486,0.019382,0.01929,0.019211,0.019145,0.019091,0.019049,0.01902,0.019002
1.4841e-14,0.62387,0.42151,0.68645,3.1732,0.41672,0.25783,0.2999,2.0432,0.19386,0.093161,0.069907,0.057481,0.049703,0.044131,0.039891,0.036523,0.033773,0.031473,0.029516,0.02784,0.026346,0.025052,0.0239,0.022867,0.021949,0.021114,0.020353,0.019664,0.019034,0.018455,0.017924,0.017472,0.016984,0.016566,0.016179,0.015819,0.015489,0.015179,0.014891,0.014623,0.014377,0.014146,0.013932,0.013732,0.013546,0.013374,0.013215,0.013069,0.012932,0.012808,0.012693,0.012586,0.012494,0.012408,0.012332,0.012265,0.012204,0.012152,0.01211,0.012075,0.012047,0.012028,0.012016
2.1174e-14,0.96464,0.71554,1.0209,6.0421,0.79654,0.47668,0.51422,3.417,0.3317,0.17309,0.13238,0.11115,0.097345,0.087451,0.079799,0.073599,0.068489,0.064136,0.060385,0.057157,0.054225,0.051676,0.049395,0.047356,0.045498,0.043821,0.042288,0.040897,0.039613,0.038436,0.037352,0.036404,0.035428,0.034571,0.033777,0.033036,0.032355,0.031717,0.031124,0.03058,0.030059,0.02958,0.029136,0.028719,0.028336,0.027979,0.027648,0.027343,0.02706,0.0268,0.026561,0.026341,0.026147,0.025968,0.025808,0.025659,0.025541,0.025433,0.025343,0.02527,0.025213,0.025172,0.025147
3.0026e-14,1.5046,1.1362,1.6835,8.7909,1.1491,0.67994,0.68196,4.6944,0.44622,0.23073,0.17904,0.15127,0.13242,0.11891,0.10843,0.099995,0.09295,0.087008,0.081899,0.07751,0.073536,0.070077,0.066986,0.064236,0.061709,0.059438,0.057371,0.055495,0.053753,0.052164,0.050699,0.049364,0.048104,0.046947,0.045874,0.044875,0.043957,0.043097,0.042298,0.041568,0.040862,0.040218,0.039618,0.039053,0.038544,0.038064,0.037619,0.037207,0.036827,0.036479,0.036159,0.035864,0.035603,0.035363,0.035149,0.03495,0.034793,0.03465,0.03453,0.034432,0.034357,0.034303,0.03427
3.4228e-14,1.6529,1.4073,1.9426,9.6726,1.1643,0.69871,0.63672,4.7269,0.41093,0.23425,0.18434,0.15661,0.1374,0.12334,0.11231,0.1033,0.095945,0.089663,0.084258,0.079634,0.075443,0.071819,0.068579,0.065698,0.06306,0.060698,0.058525,0.056583,0.054775,0.053125,0.051608,0.050485,0.04892,0.047725,0.046617,0.045585,0.044641,0.043754,0.04293,0.042178,0.04145,0.040786,0.040174,0.039591,0.039065,0.038571,0.038114,0.037695,0.0373,0.036941,0.036613,0.036306,0.036039,0.035792,0.03557,0.035363,0.035202,0.035051,0.03493,0.034826,0.034745,0.034687,0.034652
6.394e-14,2.7635,1.8609,2.5873,13.84,1.6071,1.0111,1.0394,6.4,0.65011,0.35734,0.28097,0.23912,0.21078,0.18969,0.17307,0.15944,0.14825,0.13868,0.13043,0.12335,0.11691,0.11133,0.10634,0.10185,0.097823,0.094177,0.090831,0.087828,0.085021,0.082466,0.080112,0.078226,0.075947,0.074093,0.072373,0.070769,0.069302,0.067924,0.066644,0.065436,0.064345,0.063315,0.06236,0.061447,0.060636,0.05987,0.059158,0.058505,0.057894,0.057335,0.056823,0.056348,0.055933,0.055549,0.055206,0.054918,0.054636,0.054403,0.054213,0.05405,0.05393,0.053842,0.05379
5.3835e-14,2.0326,1.2896,1.6679,9.7476,1.1876,0.65553,0.74631,4.3171,0.46853,0.24663,0.19069,0.16094,0.14092,0.12645,0.11522,0.10612,0.098622,0.092257,0.08679,0.082098,0.077852,0.074173,0.070885,0.067952,0.065267,0.062857,0.060653,0.058665,0.056808,0.055117,0.053559,0.052221,0.050801,0.049569,0.048429,0.047364,0.04639,0.045475,0.044625,0.043848,0.043097,0.042412,0.041775,0.041172,0.040629,0.040119,0.039645,0.039209,0.038803,0.038431,0.038091,0.037772,0.037497,0.037242,0.037013,0.036799,0.036633,0.036479,0.036351,0.036246,0.036165,0.036107,0.036072
3.8733e-14,1.3031,0.8897,1.6429,6.9349,0.96777,0.61138,0.65484,4.4401,0.43831,0.22087,0.16618,0.1363,0.11733,0.10377,0.093482,0.085328,0.078711,0.073186,0.068499,0.064498,0.060947,0.057872,0.055145,0.052708,0.050538,0.048574,0.046793,0.045183,0.0437,0.042349,0.041108,0.039988,0.038919,0.037945,0.037045,0.03621,0.035442,0.034723,0.034058,0.033431,0.032865,0.032331,0.031834,0.031367,0.030944,0.030547,0.03018,0.02984,0.029526,0.029238,0.028974,0.028732,0.028516,0.028319,0.028142,0.027994,0.027849,0.027731,0.027632,0.02755,0.027488,0.027444,0.027417
2.4841e-14,0.94072,0.56887,0.66607,4.1755,0.57681,0.34294,0.35527,2.5183,0.24071,0.12701,0.099417,0.084404,0.074427,0.067044,0.061255,0.056564,0.052645,0.049326,0.046466,0.043996,0.04176,0.039813,0.038068,0.036509,0.035082,0.033799,0.032626,0.031558,0.030577,0.029675,0.028843,0.028094,0.027372,0.026715,0.026106,0.025538,0.025016,0.024526,0.024072,0.023657,0.023256,0.02289,0.022549,0.022232,0.021938,0.021665,0.021411,0.021178,0.020962,0.020763,0.020581,0.020413,0.020265,0.020129,0.020007,0.019893,0.019805,0.019723,0.019655,0.0196,0.019557,0.019526,0.019508
2.5058e-14,0.88829,0.69183,0.75688,5.2827,0.75693,0.39754,0.43044,3.1109,0.32846,0.16649,0.12321,0.10192,0.088171,0.078441,0.071028,0.065125,0.060297,0.056251,0.052795,0.049849,0.047195,0.044902,0.042859,0.041019,0.039388,0.037904,0.036552,0.035333,0.034199,0.033168,0.032218,0.031392,0.03054,0.029794,0.029102,0.028458,0.027868,0.027314,0.0268,0.026319,0.025878,0.025465,0.025081,0.024715,0.024392,0.024085,0.0238,0.023537,0.023294,0.02307,0.022866,0.02268,0.022511,0.022358,0.022221,0.022102,0.021995,0.021903,0.021827,0.021763,0.021716,0.021682,0.021661
3.4697e-14,1.2717,1.1382,1.3628,8.1181,0.98406,0.58485,0.63244,4.2249,0.45149,0.24552,0.18792,0.15759,0.13766,0.12331,0.11222,0.10328,0.095927,0.089701,0.084364,0.079774,0.07564,0.072045,0.068835,0.065964,0.063364,0.061014,0.058872,0.056928,0.055136,0.053495,0.051983,0.050654,0.049307,0.048114,0.047009,0.045979,0.045035,0.044149,0.043325,0.042566,0.041848,0.041185,0.040569,0.039994,0.039463,0.038969,0.038511,0.038089,0.037697,0.037339,0.037009,0.036702,0.036438,0.036192,0.035971,0.035771,0.035605,0.035458,0.035335,0.035236,0.035157,0.035101,0.035067
5.9724e-14,2.5925,1.94,2.8769,12.214,1.6327,0.90601,0.8387,5.2353,0.54072,0.32434,0.26064,0.224,0.19872,0.17965,0.16445,0.15189,0.14151,0.13258,0.12488,0.11819,0.11216,0.10691,0.1022,0.097951,0.094134,0.09068,0.087505,0.084639,0.081985,0.079556,0.077317,0.075487,0.07335,0.071583,0.069944,0.068415,0.067015,0.065699,0.064476,0.063319,0.062281,0.061297,0.060385,0.059527,0.058739,0.058006,0.057326,0.056703,0.056119,0.055586,0.055096,0.054642,0.054248,0.053883,0.053556,0.053285,0.053014,0.052792,0.052612,0.052463,0.052347,0.052264,0.052216
4.9706e-14,2.0001,1.4717,1.7639,9.7947,1.1823,0.64367,0.64536,4.0468,0.43482,0.24576,0.1941,0.16555,0.14609,0.13159,0.12019,0.11085,0.10318,0.096612,0.090949,0.086058,0.081649,0.077807,0.07437,0.071288,0.068494,0.065976,0.063667,0.061583,0.059647,0.057879,0.05625,0.054909,0.053366,0.05208,0.050887,0.049777,0.048757,0.047801,0.046912,0.046089,0.045316,0.0446,0.043935,0.043307,0.04274,0.042206,0.041712,0.041257,0.040833,0.040445,0.040089,0.039762,0.039471,0.039204,0.038966,0.038751,0.03857,0.038408,0.038275,0.038164,0.03808,0.038018,0.037981
3.1575e-14,1.1194,0.62675,0.70339,4.808,0.60799,0.37547,0.4798,2.7746,0.27624,0.14423,0.11385,0.096967,0.085596,0.077081,0.070381,0.064909,0.060371,0.056508,0.053183,0.050305,0.047723,0.045468,0.043449,0.041638,0.040004,0.038523,0.037173,0.035949,0.034813,0.033776,0.03282,0.031958,0.03113,0.030375,0.029676,0.029027,0.028427,0.027866,0.027346,0.026858,0.026412,0.025992,0.025602,0.025231,0.024903,0.02459,0.024301,0.024033,0.023786,0.023559,0.02335,0.023164,0.022989,0.022833,0.022694,0.022574,0.022462,0.022369,0.02229,0.022224,0.022177,0.022142,0.02212
3.8861e-14,1.0448,0.58327,0.74882,5.1174,0.51927,0.3189,0.40081,2.6551,0.2487,0.13577,0.10324,0.086936,0.07617,0.068364,0.062297,0.057379,0.053337,0.049902,0.046954,0.044414,0.042134,0.040148,0.038371,0.036776,0.035343,0.03404,0.03285,0.031773,0.030777,0.029866,0.029026,0.028324,0.027539,0.026876,0.026261,0.02569,0.025163,0.024669,0.024211,0.023786,0.023389,0.02302,0.022677,0.022354,0.022061,0.021786,0.021531,0.021296,0.021078,0.020878,0.020694,0.020527,0.020376,0.020239,0.020116,0.020007,0.019911,0.019829,0.019761,0.019704,0.019661,0.01963,0.019611
4.4698e-14,1.2152,0.66162,0.82024,4.8401,0.72771,0.44979,0.54636,3.1902,0.37095,0.18661,0.13936,0.11512,0.099459,0.088505,0.080162,0.073536,0.068107,0.063563,0.059693,0.056397,0.053414,0.050841,0.048548,0.04649,0.044653,0.042983,0.041463,0.040087,0.038814,0.037652,0.036582,0.035651,0.034692,0.033848,0.033068,0.032339,0.031675,0.031049,0.030467,0.029923,0.029425,0.028957,0.028522,0.028115,0.027744,0.027395,0.027072,0.026775,0.026498,0.026245,0.026012,0.025796,0.02561,0.025435,0.025279,0.025144,0.02502,0.024915,0.024828,0.024758,0.024702,0.024662,0.024638
3.4655e-14,1.175,0.91622,0.97228,6.3813,0.88365,0.52243,0.59319,3.9361,0.40746,0.21762,0.16425,0.13658,0.11803,0.10508,0.095175,0.087263,0.080811,0.075377,0.070736,0.066769,0.063202,0.060114,0.057365,0.054908,0.052697,0.0507,0.048881,0.047242,0.045717,0.04433,0.043054,0.041973,0.040801,0.039798,0.038869,0.038005,0.037212,0.03647,0.035779,0.035141,0.034542,0.033988,0.033472,0.032983,0.032549,0.032136,0.031754,0.031403,0.031075,0.030775,0.030501,0.030251,0.030024,0.029819,0.029635,0.029469,0.029329,0.029205,0.029102,0.029017,0.028954,0.028907,0.028879
5.1252e-14,1.4514,0.7345,0.69806,5.1333,0.59844,0.38799,0.50564,3.1661,0.34398,0.18135,0.13915,0.11686,0.10202,0.091333,0.08313,0.076529,0.071097,0.066493,0.062545,0.059142,0.056091,0.053428,0.05105,0.048914,0.046998,0.045257,0.043672,0.042239,0.040903,0.039687,0.038566,0.037562,0.036586,0.035701,0.034882,0.034121,0.033419,0.032761,0.032153,0.031582,0.031059,0.030568,0.030111,0.029677,0.029292,0.028926,0.028587,0.028274,0.027984,0.027719,0.027475,0.027254,0.027052,0.02687,0.026707,0.026567,0.026437,0.026328,0.026237,0.026161,0.026105,0.026064,0.026039
1.3716e-13,2.7406,1.177,1.3141,6.4329,0.94195,0.61543,0.70897,4.3266,0.45807,0.24994,0.19439,0.16528,0.14594,0.13179,0.12071,0.11161,0.10416,0.097729,0.092181,0.087358,0.083012,0.07921,0.075799,0.072722,0.069948,0.067424,0.065115,0.063026,0.06108,0.059301,0.057659,0.056315,0.054755,0.053448,0.052241,0.051117,0.050083,0.049112,0.048209,0.047366,0.046587,0.045859,0.045182,0.044541,0.043965,0.043421,0.042918,0.042454,0.042019,0.041624,0.04126,0.04093,0.040631,0.040358,0.040114,0.039901,0.039709,0.039545,0.039407,0.039295,0.039209,0.039147,0.039107
9.5476e-14,2.2446,1.125,1.3375,6.8574,1.0591,0.67419,0.92562,6.1698,0.56491,0.29761,0.21859,0.17847,0.15288,0.13509,0.12168,0.11114,0.1026,0.09547,0.089408,0.084233,0.079645,0.075667,0.072133,0.06898,0.066159,0.063608,0.061292,0.059189,0.057272,0.055512,0.053894,0.052529,0.05105,0.04978,0.048608,0.047517,0.046519,0.045582,0.044714,0.043903,0.043159,0.042461,0.041814,0.04122,0.040652,0.040135,0.039656,0.039215,0.038804,0.03843,0.038086,0.037763,0.03749,0.037232,0.037002,0.036804,0.03662,0.036467,0.036338,0.036238,0.036153,0.036096,0.03606
5.9867e-14,1.5647,0.71877,0.86334,4.2887,0.59501,0.39615,0.49215,3.7131,0.31662,0.17062,0.12794,0.10635,0.092657,0.082676,0.075023,0.068871,0.063859,0.059618,0.055999,0.052848,0.050094,0.047674,0.045517,0.043592,0.041846,0.040273,0.038842,0.03754,0.036345,0.035249,0.03424,0.033345,0.032462,0.031663,0.030927,0.030247,0.029614,0.029023,0.028476,0.02797,0.027491,0.02705,0.02664,0.026254,0.025904,0.025575,0.02527,0.024989,0.024728,0.024489,0.024269,0.024076,0.023888,0.023723,0.023576,0.023441,0.02333,0.023232,0.023148,0.023079,0.023029,0.022991,0.022968
2.822e-14,1.3385,1.079,1.8007,8.7422,0.92141,0.53364,0.55052,3.8326,0.36787,0.20482,0.15815,0.13366,0.11702,0.10499,0.0956,0.087903,0.081709,0.076381,0.071801,0.067898,0.064324,0.061242,0.058488,0.056023,0.053799,0.051786,0.049944,0.048288,0.046745,0.04534,0.044047,0.042995,0.041755,0.040735,0.03979,0.038908,0.038103,0.037346,0.036642,0.035992,0.03538,0.034813,0.034288,0.03379,0.033344,0.032921,0.03253,0.032172,0.031836,0.03153,0.03125,0.03099,0.03076,0.03055,0.030362,0.030192,0.030048,0.029922,0.029818,0.02973,0.029664,0.029617,0.029588
