4.4484e-14,2.0158,1.1317,0.9619,5.336,0.63062,0.41444,0.49464,3.3128,0.33122,0.19199,0.15321,0.13183,0.11713,0.10627,0.097681,0.0906,0.084686,0.079605,0.075202,0.071338,0.067911,0.064866,0.062131,0.059651,0.057433,0.055392,0.053537,0.051832,0.050262,0.048822,0.047485,0.046298,0.045131,0.044069,0.043087,0.042176,0.04133,0.040538,0.039803,0.039112,0.03848,0.037885,0.037329,0.036813,0.036343,0.035897,0.035484,0.035105,0.034752,0.034429,0.034131,0.033868,0.033621,0.033397,0.033198,0.033027,0.032867,0.032736,0.032622,0.032533,0.032464,0.032414,0.032384
1.8094e-13,4.9874,2.0657,1.5126,6.1041,0.96728,0.66884,0.70396,3.3584,0.51395,0.33885,0.284,0.25032,0.22685,0.20816,0.19289,0.17991,0.16897,0.15939,0.151,0.14358,0.13693,0.13102,0.12566,0.12081,0.11641,0.11238,0.1087,0.10527,0.10219,0.099318,0.096646,0.094398,0.091951,0.089814,0.087842,0.086006,0.084313,0.082714,0.081236,0.079857,0.078568,0.077368,0.076245,0.075241,0.074251,0.073352,0.072517,0.071752,0.071035,0.070382,0.06978,0.069226,0.068746,0.06829,0.067888,0.067529,0.067217,0.066954,0.06672,0.066551,0.066401,0.066299,0.066237
1.3456e-13,2.1171,1.1645,0.77735,5.0885,0.6358,0.44189,0.47211,3.3636,0.36597,0.21359,0.16898,0.14513,0.12885,0.11667,0.10705,0.099091,0.092495,0.08682,0.081913,0.077567,0.073807,0.070425,0.067394,0.06467,0.062197,0.059948,0.057907,0.056012,0.054302,0.052718,0.051249,0.049943,0.048672,0.047508,0.046433,0.04544,0.044509,0.043642,0.04284,0.042095,0.041395,0.040745,0.040138,0.039585,0.039059,0.038573,0.038122,0.037709,0.037325,0.036972,0.036647,0.036359,0.036088,0.035843,0.035626,0.035432,0.035265,0.035122,0.034996,0.034899,0.034823,0.034768,0.034736
2.2061e-13,3.0574,1.2841,0.88348,4.1121,0.54403,0.39317,0.40717,1.8681,0.30199,0.20193,0.16988,0.14985,0.13565,0.1243,0.11504,0.10715,0.10056,0.094775,0.08972,0.08524,0.081261,0.077704,0.074494,0.071589,0.068954,0.06654,0.064344,0.062275,0.060455,0.058739,0.057145,0.055817,0.054345,0.053074,0.0519,0.050808,0.049797,0.048847,0.047969,0.047146,0.046382,0.045669,0.045001,0.044422,0.043816,0.043281,0.042785,0.042331,0.041905,0.041517,0.041159,0.04083,0.040543,0.040273,0.040034,0.039823,0.039635,0.039479,0.039339,0.039241,0.039149,0.039088,0.039052
8.404e-14,1.5874,0.90833,0.88991,4.952,0.64526,0.37448,0.40455,2.659,0.2749,0.17225,0.1384,0.11928,0.10595,0.09585,0.08781,0.0812,0.075663,0.07094,0.066856,0.063272,0.060127,0.057339,0.054836,0.052595,0.05056,0.048713,0.047029,0.045482,0.044083,0.042786,0.041588,0.040566,0.039478,0.03853,0.037654,0.03684,0.036088,0.035382,0.034729,0.034127,0.033555,0.033027,0.032536,0.032089,0.031656,0.031262,0.030897,0.030562,0.030249,0.029964,0.029701,0.029458,0.029246,0.029048,0.028873,0.028712,0.02858,0.028464,0.028364,0.028287,0.028222,0.028178,0.028151
1.2562e-13,2.0769,1.4264,1.0958,6.1827,0.76652,0.41574,0.482,3.4467,0.29728,0.18545,0.14965,0.12985,0.11605,0.10555,0.09713,0.090083,0.084259,0.079199,0.074804,0.070957,0.067514,0.064467,0.06173,0.059257,0.057029,0.054993,0.053137,0.05144,0.04987,0.048432,0.0471,0.045903,0.044747,0.04369,0.042712,0.041803,0.040959,0.04017,0.039438,0.038749,0.038121,0.037529,0.036977,0.036458,0.035992,0.03555,0.035139,0.034761,0.03441,0.034088,0.033793,0.033529,0.033282,0.03306,0.032863,0.032694,0.032534,0.032403,0.032291,0.0322,0.032132,0.032082,0.032052
4.0001e-14,1.0156,0.67323,0.69151,4.2414,0.49083,0.26682,0.30272,1.9715,0.18227,0.10873,0.08618,0.07441,0.066028,0.059872,0.054977,0.050907,0.047568,0.044673,0.04216,0.039983,0.038018,0.036289,0.034736,0.03334,0.032071,0.03092,0.029867,0.028907,0.028022,0.027209,0.026458,0.025813,0.025127,0.024532,0.02398,0.023466,0.022991,0.022546,0.022134,0.021751,0.021392,0.021058,0.020748,0.020459,0.020191,0.019942,0.019711,0.019499,0.019301,0.01912,0.018955,0.018802,0.018665,0.018541,0.018429,0.01833,0.018245,0.018171,0.018108,0.018058,0.018018,0.01799,0.017973
4.1341e-13,5.3224,2.1717,1.51,6.1651,0.90605,0.66664,0.70832,3.4779,0.51624,0.3446,0.29247,0.25913,0.23542,0.21625,0.20052,0.18708,0.17578,0.16585,0.15715,0.14941,0.14254,0.13639,0.13083,0.12579,0.12121,0.11701,0.11318,0.1096,0.1064,0.10341,0.10062,0.09835,0.095736,0.093509,0.091455,0.089548,0.087777,0.08611,0.084571,0.083132,0.081789,0.080537,0.079368,0.078326,0.077288,0.07635,0.075479,0.074683,0.073933,0.073252,0.072623,0.072057,0.071544,0.071069,0.070648,0.070273,0.069947,0.069671,0.069427,0.069249,0.069093,0.068986,0.068922
5.8264e-13,7.8515,3.2674,2.1305,9.5916,1.163,0.86371,0.84003,3.9371,0.66401,0.48429,0.41821,0.37434,0.34189,0.31525,0.29311,0.2741,0.25782,0.24354,0.23098,0.21955,0.20981,0.20084,0.19273,0.18538,0.17868,0.17254,0.16696,0.16169,0.15701,0.15262,0.14853,0.14485,0.14135,0.13808,0.13507,0.13229,0.12966,0.12721,0.12495,0.12283,0.12086,0.11902,0.11729,0.11577,0.11423,0.11285,0.11157,0.11039,0.1093,0.1083,0.10737,0.10656,0.10578,0.10508,0.10446,0.10392,0.10343,0.10303,0.10267,0.1024,0.10218,0.10202,0.10193
2.1418e-13,3.1768,1.6149,1.2088,6.4546,0.79567,0.51638,0.56619,3.6692,0.41548,0.26635,0.21967,0.19187,0.17263,0.15763,0.14553,0.13533,0.12682,0.11941,0.11296,0.10719,0.10219,0.097669,0.093598,0.089916,0.086584,0.083539,0.080761,0.078174,0.075853,0.073691,0.071682,0.06997,0.068147,0.06655,0.065073,0.063706,0.062425,0.06123,0.060126,0.059086,0.058129,0.057231,0.056393,0.055639,0.054899,0.054227,0.053602,0.05303,0.052495,0.052006,0.051555,0.051151,0.050776,0.050436,0.050134,0.049871,0.049629,0.04943,0.049254,0.049121,0.049009,0.048931,0.048885
1.9329e-13,3.077,1.4048,1.0216,5.7564,0.68472,0.46007,0.4812,2.989,0.35704,0.23209,0.19127,0.16716,0.15043,0.13735,0.12679,0.11791,0.11045,0.10398,0.098328,0.093264,0.088915,0.084968,0.081412,0.078207,0.075286,0.072626,0.070205,0.06795,0.065921,0.064034,0.062281,0.060722,0.059205,0.057812,0.056525,0.055336,0.05422,0.053178,0.052216,0.051324,0.050479,0.049698,0.048968,0.048311,0.047671,0.047086,0.046543,0.046046,0.045583,0.045158,0.044767,0.044419,0.044094,0.043799,0.043538,0.0433,0.043103,0.042931,0.042779,0.042666,0.042572,0.042506,0.042467
1.0236e-13,1.8322,0.9425,0.87751,5.4073,0.69536,0.41895,0.46985,2.7453,0.28635,0.18053,0.14747,0.12787,0.11457,0.10416,0.095829,0.088929,0.083093,0.078094,0.073756,0.069893,0.066559,0.063559,0.060859,0.058435,0.056223,0.054215,0.052384,0.050689,0.049163,0.047743,0.046429,0.045279,0.044112,0.043068,0.042103,0.041211,0.040375,0.039595,0.038875,0.038209,0.037575,0.036991,0.036446,0.035954,0.035473,0.035036,0.034631,0.034259,0.033912,0.033595,0.033303,0.033042,0.032799,0.032579,0.032384,0.032206,0.032059,0.03193,0.031819,0.031733,0.031662,0.031613,0.031583
5.5663e-14,1.3073,0.82304,0.67445,4.679,0.63784,0.34687,0.4023,2.538,0.21833,0.12926,0.10284,0.089078,0.07944,0.07218,0.066378,0.061609,0.057546,0.054076,0.051061,0.048426,0.046063,0.043981,0.042107,0.040412,0.038888,0.037495,0.036219,0.035058,0.033987,0.033003,0.032094,0.031338,0.030483,0.029759,0.02909,0.028469,0.027892,0.027352,0.026852,0.026383,0.02595,0.025545,0.025169,0.024814,0.024492,0.02419,0.02391,0.023652,0.02341,0.02319,0.022988,0.022808,0.022637,0.022485,0.022349,0.022229,0.022122,0.022032,0.021956,0.021892,0.021846,0.021811,0.02179
4.879e-13,6.4739,2.7979,1.8673,7.9771,1.0212,0.74457,0.72355,3.1544,0.51165,0.38309,0.33749,0.30486,0.27976,0.2589,0.24133,0.22611,0.21297,0.2014,0.19118,0.18196,0.17391,0.16657,0.15991,0.15387,0.14836,0.1433,0.1387,0.13434,0.13049,0.12686,0.12348,0.12049,0.11754,0.11484,0.11234,0.11003,0.10786,0.10583,0.10396,0.1022,0.10056,0.099036,0.097606,0.096358,0.095068,0.093922,0.092857,0.091883,0.090972,0.090138,0.089371,0.088674,0.088049,0.087467,0.086954,0.0865,0.086097,0.085762,0.085463,0.085249,0.085055,0.084924,0.084849
4.2325e-13,6.0334,2.8172,2.0564,9.7552,1.201,0.85319,0.82703,3.9015,0.58256,0.42236,0.3623,0.32369,0.29489,0.27161,0.2523,0.23575,0.22164,0.20926,0.19837,0.18864,0.18008,0.17234,0.16534,0.15898,0.15322,0.14794,0.14311,0.13862,0.13457,0.13079,0.12728,0.12426,0.12109,0.1183,0.11571,0.11331,0.11106,0.10896,0.10702,0.1052,0.10351,0.10193,0.10046,0.099136,0.097831,0.096648,0.095549,0.094543,0.093603,0.092742,0.091951,0.091233,0.090582,0.089985,0.089455,0.088991,0.088571,0.088223,0.08792,0.08769,0.087495,0.08736,0.087283
1.7258e-13,2.824,1.693,1.3844,6.9886,0.90265,0.56714,0.57103,3.6384,0.40175,0.2701,0.22406,0.19642,0.17672,0.16151,0.14917,0.13878,0.13007,0.12249,0.11586,0.11005,0.10484,0.10021,0.096042,0.092263,0.088855,0.085733,0.082876,0.080251,0.077854,0.075637,0.073581,0.071875,0.069949,0.068314,0.0668,0.065392,0.064085,0.062862,0.061731,0.060664,0.059684,0.058764,0.057908,0.057119,0.056374,0.055686,0.055047,0.054462,0.053914,0.053413,0.052955,0.052534,0.052155,0.05181,0.051501,0.051233,0.050987,0.050784,0.05061,0.050471,0.050361,0.050283,0.050237
2.9868e-13,4.2018,2.0615,1.4112,6.4624,0.82369,0.5409,0.55302,3.0794,0.36848,0.26987,0.2349,0.21123,0.19309,0.17835,0.166,0.15538,0.14624,0.1382,0.13112,0.12481,0.11917,0.11411,0.10952,0.10534,0.10156,0.098082,0.094909,0.091932,0.089273,0.086784,0.084466,0.082434,0.080383,0.078532,0.076819,0.075222,0.073748,0.072356,0.071073,0.069862,0.068749,0.067703,0.066725,0.065865,0.064987,0.064202,0.063473,0.062807,0.062183,0.061612,0.061088,0.060594,0.060183,0.059786,0.059434,0.059129,0.058848,0.058618,0.058415,0.058272,0.058136,0.058047,0.057995
9.4929e-14,2.0707,1.575,1.3124,7.6302,0.92358,0.54339,0.62211,3.8499,0.40234,0.24583,0.19803,0.16984,0.15056,0.13598,0.12447,0.11506,0.1072,0.1005,0.094705,0.089682,0.085195,0.08124,0.077697,0.074517,0.071639,0.069025,0.06664,0.06446,0.062465,0.060628,0.058931,0.057433,0.055931,0.054589,0.053345,0.05219,0.05112,0.05012,0.049195,0.048333,0.047527,0.046777,0.04608,0.045435,0.04483,0.044271,0.043752,0.043275,0.042832,0.042426,0.042054,0.04171,0.041404,0.041125,0.040875,0.040652,0.040459,0.040294,0.040153,0.04004,0.03995,0.039887,0.03985
1.0636e-13,2.225,1.3484,1.2343,8.1,0.96345,0.57545,0.70477,5.2279,0.4538,0.26218,0.20795,0.17791,0.15739,0.14224,0.13029,0.12048,0.11228,0.10527,0.099217,0.093912,0.089247,0.085103,0.08139,0.078033,0.075037,0.072296,0.069797,0.067518,0.065418,0.063493,0.061714,0.0601,0.058573,0.057166,0.055865,0.054659,0.053535,0.052487,0.051518,0.050603,0.04977,0.048985,0.048254,0.047568,0.046948,0.046362,0.045818,0.045318,0.044855,0.044429,0.044037,0.043689,0.043358,0.043065,0.042802,0.042575,0.042364,0.04219,0.042041,0.041918,0.041827,0.041759,0.041719
7.8533e-14,1.5243,0.93797,0.89472,5.4758,0.68625,0.38355,0.47849,3.3827,0.3216,0.19113,0.15134,0.12952,0.11425,0.10322,0.094527,0.087393,0.081484,0.07642,0.072048,0.068234,0.064851,0.061856,0.059175,0.056763,0.054586,0.052604,0.0508,0.049155,0.047633,0.046241,0.044955,0.043805,0.04268,0.041661,0.040718,0.039843,0.03903,0.038271,0.037569,0.036914,0.036303,0.035734,0.035204,0.034707,0.034258,0.033833,0.033439,0.033077,0.032741,0.032432,0.032149,0.031895,0.031658,0.031446,0.031257,0.031088,0.030942,0.030817,0.030709,0.030622,0.030557,0.030509,0.03048
3.9324e-13,5.5146,2.5255,1.7451,8.0807,0.96264,0.68442,0.66882,3.168,0.46157,0.34083,0.29672,0.26732,0.24494,0.2266,0.21119,0.19789,0.18639,0.17628,0.16734,0.1593,0.15224,0.14582,0.14,0.13471,0.1299,0.12548,0.12146,0.11766,0.11428,0.11111,0.10816,0.10554,0.10296,0.1006,0.098417,0.096392,0.094498,0.092725,0.091089,0.089543,0.088122,0.086788,0.085538,0.08444,0.08332,0.082318,0.081387,0.080535,0.07974,0.079011,0.078341,0.07773,0.077185,0.076679,0.07623,0.07584,0.075482,0.07519,0.074928,0.074741,0.074572,0.074459,0.074393
3.509e-13,4.97,2.3509,1.6399,8.5742,0.99581,0.68068,0.73581,3.7017,0.48399,0.34076,0.2917,0.26018,0.23716,0.21844,0.20293,0.18967,0.17832,0.16839,0.15964,0.15188,0.14496,0.13874,0.13312,0.12801,0.12338,0.11913,0.11526,0.11163,0.10838,0.10535,0.10252,0.099977,0.097546,0.095294,0.093209,0.091265,0.089469,0.087778,0.086219,0.084749,0.083392,0.082121,0.08093,0.079886,0.078817,0.077864,0.076978,0.076167,0.075411,0.074718,0.074082,0.073482,0.07298,0.072499,0.072072,0.071699,0.071361,0.071082,0.070834,0.070659,0.070495,0.070387,0.070325
9.5722e-14,1.8078,1.0619,1.0559,6.8721,0.80414,0.51208,0.60288,4.546,0.37083,0.21019,0.164,0.13982,0.1232,0.11104,0.10145,0.093642,0.087117,0.081585,0.076811,0.072692,0.068986,0.065745,0.062845,0.060229,0.057895,0.055764,0.053821,0.052051,0.050422,0.048929,0.047549,0.046293,0.045116,0.044029,0.043021,0.042081,0.041219,0.040408,0.039658,0.038957,0.038309,0.037703,0.037139,0.036618,0.03613,0.035678,0.035258,0.034873,0.034516,0.034187,0.033887,0.033604,0.033364,0.033137,0.032936,0.032759,0.0326,0.032466,0.032352,0.032263,0.032189,0.032138,0.032108
9.8431e-14,2.0426,1.0798,0.96258,7.1297,0.81658,0.50738,0.67205,4.9308,0.38999,0.22664,0.178,0.15221,0.1348,0.12207,0.11203,0.1038,0.096901,0.091011,0.085911,0.081449,0.077486,0.073976,0.070821,0.067966,0.065414,0.063074,0.060932,0.058983,0.057182,0.055529,0.054,0.052646,0.051294,0.050082,0.048959,0.047916,0.046946,0.04604,0.045201,0.044413,0.043689,0.043009,0.042376,0.041781,0.041244,0.040734,0.040263,0.039829,0.039426,0.039057,0.038716,0.038412,0.038128,0.037873,0.037646,0.037447,0.037266,0.037115,0.036987,0.036882,0.036803,0.036745,0.036711
3.6827e-13,5.427,2.2937,1.4616,8.3635,0.93218,0.71709,0.70024,4.7017,0.51588,0.36696,0.31947,0.28639,0.26146,0.24119,0.2243,0.2098,0.19739,0.18648,0.17689,0.1683,0.16071,0.15386,0.14765,0.14204,0.13691,0.13221,0.12794,0.12394,0.12033,0.11697,0.11384,0.111,0.10834,0.10584,0.10354,0.10139,0.099393,0.097519,0.095789,0.09418,0.092659,0.09125,0.089929,0.088744,0.08759,0.086532,0.085551,0.084651,0.083812,0.083045,0.082337,0.0817,0.081119,0.080585,0.080112,0.079683,0.079324,0.079016,0.078739,0.078536,0.078364,0.078245,0.078174
3.4029e-13,4.8198,1.9946,1.3394,7.9614,0.88659,0.64241,0.64278,4.3096,0.43703,0.30955,0.26889,0.2412,0.22018,0.20323,0.18911,0.17696,0.16656,0.1574,0.14933,0.14214,0.13573,0.12995,0.12472,0.11999,0.11565,0.11169,0.10808,0.10471,0.10165,0.098818,0.096176,0.093815,0.091529,0.089421,0.08747,0.085657,0.083968,0.082385,0.080924,0.079561,0.078279,0.077088,0.075972,0.074968,0.073994,0.0731,0.07227,0.07151,0.070802,0.070153,0.069555,0.069011,0.068523,0.068073,0.067673,0.067314,0.067006,0.066747,0.066513,0.066341,0.066195,0.066095,0.066036
8.6562e-14,1.6407,0.78885,0.69162,4.63,0.60412,0.36866,0.57548,4.3832,0.32518,0.1753,0.13642,0.11706,0.10332,0.093387,0.085557,0.079182,0.073792,0.069218,0.065271,0.061824,0.058758,0.056056,0.053629,0.051441,0.049475,0.047682,0.046045,0.044546,0.043178,0.041916,0.04075,0.039672,0.038687,0.037764,0.036909,0.036113,0.03538,0.03469,0.034053,0.033455,0.032904,0.032388,0.031908,0.031466,0.031049,0.030663,0.030305,0.029976,0.029672,0.029392,0.029134,0.028895,0.028689,0.028495,0.028323,0.028174,0.028036,0.027922,0.027825,0.027749,0.027686,0.027643,0.027617
6.8908e-14,1.3586,0.82144,0.71799,4.6198,0.57023,0.36281,0.47572,3.4488,0.27773,0.15019,0.11464,0.096776,0.085333,0.076903,0.070322,0.064963,0.060513,0.056723,0.053458,0.050624,0.048095,0.045868,0.043875,0.042089,0.040468,0.038995,0.037657,0.036427,0.035305,0.034272,0.033316,0.032436,0.031629,0.030873,0.030174,0.029522,0.028921,0.028358,0.027836,0.027353,0.026897,0.026475,0.026081,0.025719,0.025379,0.025064,0.024771,0.024502,0.024252,0.024023,0.023813,0.023619,0.023448,0.02329,0.023149,0.023022,0.022913,0.02282,0.02274,0.022677,0.022626,0.02259,0.022568
8.9522e-14,1.8818,1.237,1.0557,6.1914,0.81496,0.43552,0.53918,3.2829,0.32874,0.20176,0.16283,0.14112,0.12625,0.11489,0.10584,0.098316,0.092014,0.086567,0.081828,0.077641,0.073944,0.070648,0.067679,0.065002,0.062573,0.06036,0.058336,0.056477,0.054779,0.053209,0.051756,0.050484,0.04919,0.048035,0.046965,0.045974,0.04505,0.044186,0.043385,0.042645,0.041945,0.041297,0.040693,0.040134,0.039614,0.039128,0.038679,0.038266,0.037881,0.037528,0.037204,0.036914,0.036644,0.036401,0.036185,0.035988,0.035824,0.03568,0.035557,0.035458,0.035382,0.035328,0.035295
5.6142e-14,1.4751,1.013,0.83479,5.2396,0.75621,0.39529,0.39754,2.9848,0.25084,0.15715,0.12552,0.10805,0.096144,0.087253,0.080177,0.074385,0.069465,0.065267,0.061617,0.058434,0.055591,0.053077,0.050817,0.048773,0.046937,0.045257,0.043722,0.042324,0.041033,0.039847,0.038753,0.037815,0.036811,0.03594,0.035134,0.034386,0.033691,0.033041,0.032438,0.031873,0.031353,0.030865,0.030412,0.029985,0.029598,0.029234,0.028896,0.028585,0.028295,0.02803,0.027788,0.027569,0.027364,0.027181,0.027018,0.026876,0.026746,0.026637,0.026546,0.026469,0.026413,0.026372,0.026346
1.1402e-13,2.2861,1.3552,1.0767,7.1807,0.78011,0.4565,0.47375,3.6044,0.33833,0.21825,0.17842,0.15495,0.13884,0.12629,0.11622,0.10802,0.10083,0.094773,0.089512,0.0849,0.08078,0.077134,0.073855,0.070899,0.068222,0.065782,0.063558,0.061515,0.059646,0.057922,0.056328,0.054874,0.053508,0.052241,0.051069,0.04998,0.048969,0.048023,0.047147,0.046328,0.045569,0.04486,0.044199,0.043585,0.043015,0.042484,0.041993,0.041539,0.041118,0.040732,0.040378,0.040058,0.039762,0.039496,0.039258,0.03905,0.038862,0.038705,0.038568,0.038459,0.038374,0.038313,0.038276
9.7446e-14,1.7414,0.93134,0.72771,4.8714,0.65287,0.41428,0.47201,3.8597,0.35796,0.20124,0.15849,0.13612,0.12063,0.10928,0.10033,0.092966,0.086819,0.081543,0.076986,0.072966,0.069428,0.066285,0.06346,0.060913,0.058615,0.056516,0.054603,0.052851,0.051243,0.049763,0.048393,0.047161,0.045977,0.044888,0.043882,0.04295,0.042082,0.04127,0.040518,0.039818,0.039165,0.038557,0.03799,0.037462,0.036978,0.036523,0.036102,0.035713,0.035352,0.035023,0.034718,0.034449,0.034195,0.033967,0.033764,0.033583,0.033426,0.033291,0.033176,0.033084,0.033013,0.032962,0.03293
5.6422e-14,1.0327,0.58077,0.52969,3.5755,0.36656,0.24931,0.29805,2.3255,0.23039,0.12422,0.097006,0.082097,0.072369,0.065129,0.059489,0.054913,0.051119,0.047899,0.045128,0.042731,0.040587,0.038708,0.037025,0.035521,0.03415,0.032911,0.031781,0.030755,0.029801,0.028932,0.028128,0.02742,0.026709,0.026073,0.025485,0.024938,0.024432,0.023959,0.023519,0.023112,0.02273,0.022375,0.022045,0.021733,0.021456,0.021191,0.020945,0.02072,0.02051,0.020318,0.020141,0.019983,0.019836,0.019704,0.019586,0.019481,0.01939,0.019311,0.019245,0.019191,0.01915,0.019121,0.019103
9.5085e-14,1.3435,0.62259,0.50133,2.9815,0.40244,0.25554,0.29924,2.1272,0.2092,0.12537,0.10031,0.086763,0.077312,0.070224,0.064583,0.05992,0.055993,0.052625,0.049698,0.047132,0.044852,0.042826,0.041004,0.039369,0.037875,0.036517,0.035284,0.034142,0.033107,0.032148,0.031259,0.030459,0.029699,0.028994,0.028341,0.027735,0.027174,0.026647,0.026161,0.025711,0.025283,0.024889,0.02452,0.024187,0.023864,0.023569,0.023295,0.023044,0.02281,0.022596,0.022399,0.022216,0.022058,0.021909,0.021777,0.021657,0.021558,0.021472,0.021395,0.021338,0.02129,0.021256,0.021236
3.075e-14,1.0272,0.88616,0.71257,3.874,0.54749,0.30786,0.31555,2.4239,0.19773,0.12302,0.10039,0.087511,0.07825,0.071329,0.065743,0.061098,0.057177,0.053798,0.050849,0.048267,0.045949,0.043897,0.042049,0.040385,0.038876,0.037499,0.036243,0.035087,0.034031,0.033054,0.032153,0.031321,0.030555,0.029838,0.029173,0.028555,0.027983,0.027447,0.026948,0.02649,0.026055,0.025653,0.025278,0.024932,0.024607,0.024305,0.024027,0.02377,0.023531,0.023313,0.023112,0.022928,0.022764,0.022613,0.022479,0.022357,0.022256,0.022166,0.022089,0.022029,0.021981,0.021947,0.021927
2.6932e-14,1.0436,0.71676,0.70191,4.6154,0.50146,0.28462,0.29561,3.0596,0.22018,0.13466,0.10567,0.089767,0.079104,0.071246,0.0651,0.060106,0.055942,0.052405,0.049356,0.046724,0.044357,0.042285,0.040431,0.038754,0.037262,0.035898,0.034652,0.033521,0.032477,0.031521,0.030639,0.029878,0.029075,0.028376,0.02773,0.02713,0.026573,0.026054,0.025572,0.025115,0.024705,0.024316,0.023955,0.023612,0.023306,0.023015,0.022746,0.022499,0.022268,0.022057,0.021864,0.021691,0.021528,0.021383,0.021253,0.021144,0.021038,0.020951,0.020879,0.020818,0.020774,0.020741,0.020721
6.3408e-14,2.1922,1.8995,1.6865,9.1054,1.3389,0.72536,0.71372,4.424,0.45024,0.26458,0.21346,0.18435,0.16388,0.1485,0.13622,0.12606,0.11763,0.11037,0.10408,0.098602,0.093709,0.089394,0.085522,0.082051,0.078905,0.076041,0.07343,0.071041,0.068854,0.066839,0.064982,0.063341,0.061692,0.060221,0.058858,0.05759,0.056418,0.055322,0.0543,0.05337,0.052475,0.051652,0.050886,0.050177,0.049517,0.048901,0.048333,0.047809,0.047323,0.046876,0.046466,0.046091,0.045756,0.045449,0.045175,0.044918,0.044718,0.044535,0.04438,0.044257,0.044158,0.044089,0.044048
8.1058e-14,1.4227,0.71494,0.61863,4.7835,0.4976,0.33691,0.45486,3.0969,0.30263,0.17043,0.13161,0.11115,0.097277,0.087416,0.079776,0.073574,0.068461,0.064106,0.060363,0.057111,0.05422,0.05168,0.049407,0.047371,0.045526,0.043852,0.042328,0.040937,0.039661,0.03849,0.037408,0.036482,0.0355,0.034644,0.033853,0.03312,0.03244,0.031803,0.031214,0.030668,0.030155,0.029678,0.029236,0.028823,0.028445,0.028089,0.02776,0.027459,0.027177,0.02692,0.026683,0.026471,0.026274,0.026096,0.025938,0.025796,0.025674,0.02557,0.02548,0.025408,0.025353,0.025313,0.025289
5.0491e-14,1.1889,0.72399,0.73094,4.5478,0.56063,0.33241,0.42373,2.7975,0.25775,0.14711,0.11632,0.099025,0.087062,0.078425,0.071662,0.066136,0.061579,0.057687,0.054333,0.051434,0.048823,0.046547,0.044507,0.042663,0.041015,0.039516,0.038143,0.036901,0.03575,0.034696,0.033723,0.032862,0.032005,0.031235,0.030522,0.02986,0.02925,0.028677,0.028146,0.027646,0.027189,0.026761,0.026363,0.025987,0.025646,0.025327,0.02503,0.024757,0.024502,0.024269,0.024057,0.023862,0.023686,0.023525,0.023382,0.023257,0.023143,0.023047,0.022966,0.0229,0.02285,0.022813,0.022791
3.2698e-14,0.74934,0.60143,0.54069,3.3575,0.45922,0.25893,0.29961,2.569,0.19532,0.10436,0.077172,0.064866,0.056315,0.050373,0.045793,0.042128,0.039084,0.036525,0.034334,0.032454,0.030771,0.029305,0.027994,0.026813,0.025759,0.024799,0.023923,0.023128,0.022395,0.021724,0.021106,0.020545,0.020014,0.019525,0.019073,0.018653,0.018266,0.017903,0.017567,0.017251,0.016963,0.016692,0.01644,0.016203,0.015988,0.015786,0.015599,0.015426,0.015266,0.015119,0.014985,0.014861,0.014751,0.01465,0.01456,0.014482,0.01441,0.014349,0.014299,0.014258,0.014226,0.014203,0.014189
3.0725e-14,0.73742,0.53885,0.53672,3.2011,0.38457,0.22671,0.25444,1.7722,0.16168,0.088606,0.069229,0.059276,0.052315,0.047264,0.043287,0.04003,0.037333,0.035023,0.033025,0.031301,0.029737,0.028371,0.027146,0.026046,0.025049,0.024144,0.023317,0.022566,0.021871,0.021233,0.020646,0.020141,0.019603,0.019138,0.018706,0.018303,0.017933,0.017586,0.017264,0.016965,0.016684,0.016424,0.016182,0.015955,0.015747,0.015553,0.015373,0.015207,0.015053,0.014911,0.014782,0.014662,0.014557,0.01446,0.014373,0.014295,0.014229,0.014171,0.014123,0.014083,0.014053,0.014031,0.014018
3.5942e-14,1.3268,1.0796,1.0476,5.8026,0.79095,0.46203,0.4257,3.0516,0.25879,0.15915,0.12759,0.10981,0.097348,0.088063,0.080698,0.074729,0.069606,0.06529,0.061553,0.058308,0.055396,0.052839,0.050547,0.048479,0.046621,0.044928,0.043385,0.041978,0.04068,0.039489,0.038392,0.03739,0.036445,0.035576,0.034769,0.03402,0.033328,0.032681,0.032079,0.03152,0.030998,0.030513,0.030061,0.029639,0.029252,0.02889,0.028555,0.028245,0.027958,0.027695,0.027454,0.027234,0.027036,0.026855,0.026694,0.026549,0.026426,0.026318,0.026227,0.026153,0.026097,0.026056,0.026031
1.5804e-13,2.2097,1.2587,0.88635,4.3789,0.51475,0.36797,0.40651,2.6162,0.28478,0.18487,0.15291,0.13459,0.12104,0.11065,0.10222,0.095142,0.08914,0.083942,0.079407,0.075425,0.07184,0.068663,0.0658,0.063206,0.060867,0.058721,0.056769,0.054954,0.053315,0.051794,0.050381,0.049123,0.047895,0.046772,0.045734,0.044764,0.043873,0.043033,0.042257,0.041526,0.040855,0.040224,0.039635,0.039107,0.038589,0.038117,0.037678,0.037277,0.036903,0.036561,0.036245,0.035951,0.035702,0.035464,0.035254,0.035071,0.034903,0.034765,0.034643,0.034555,0.034476,0.034422,0.034391
4.1779e-14,1.0218,0.67735,0.67163,3.4713,0.50627,0.30267,0.35343,2.6985,0.25213,0.13176,0.10174,0.085697,0.074689,0.066819,0.060719,0.055795,0.051743,0.048319,0.045391,0.042865,0.040615,0.038654,0.036904,0.035329,0.033927,0.032651,0.031489,0.030431,0.029465,0.028578,0.02776,0.02704,0.026318,0.025674,0.025078,0.024525,0.024016,0.023539,0.023096,0.02268,0.022301,0.021945,0.021614,0.021308,0.021021,0.020756,0.02051,0.020284,0.020074,0.019881,0.019704,0.019542,0.019399,0.019267,0.019148,0.019046,0.018952,0.018873,0.018807,0.018755,0.018712,0.018682,0.018665
2.8839e-14,0.7625,0.61288,0.60645,3.638,0.46371,0.26477,0.32879,2.4504,0.24444,0.12821,0.097788,0.082045,0.071327,0.063763,0.057931,0.05327,0.049401,0.046157,0.043382,0.041007,0.038866,0.037008,0.035351,0.033868,0.032533,0.031323,0.030223,0.029221,0.028301,0.027458,0.026682,0.025948,0.025307,0.024696,0.024129,0.0236,0.023116,0.022662,0.022241,0.021851,0.021484,0.021144,0.020828,0.020535,0.020262,0.020009,0.019774,0.019558,0.019358,0.019175,0.019006,0.018849,0.018714,0.018588,0.018475,0.018373,0.018288,0.018213,0.01815,0.0181,0.018059,0.018031,0.018014
2.0143e-14,0.65025,0.45877,0.49552,3.1593,0.41219,0.23943,0.2845,2.4,0.16671,0.095471,0.0746,0.063899,0.056196,0.050686,0.046342,0.042785,0.039846,0.037333,0.035163,0.033279,0.031599,0.030122,0.028799,0.027617,0.026539,0.025566,0.024676,0.023867,0.023122,0.022439,0.021809,0.021273,0.020691,0.020193,0.019731,0.019302,0.018905,0.018534,0.018189,0.017872,0.017569,0.017291,0.017032,0.016789,0.016568,0.01636,0.016167,0.01599,0.015824,0.015673,0.015534,0.015408,0.015292,0.015188,0.015094,0.015008,0.014939,0.014875,0.014823,0.014779,0.014746,0.014722,0.014707
2.8349e-14,0.96488,0.66022,0.70262,4.1737,0.55991,0.33077,0.34974,3.2666,0.23456,0.12812,0.098021,0.083113,0.072952,0.06556,0.059796,0.055088,0.051254,0.047972,0.045148,0.0427,0.04052,0.038605,0.036893,0.035363,0.033971,0.032714,0.031567,0.030522,0.029563,0.028683,0.027871,0.027153,0.026433,0.025793,0.025199,0.024647,0.024136,0.023659,0.023217,0.022811,0.022421,0.022064,0.021732,0.021422,0.021136,0.020869,0.020622,0.020395,0.020184,0.01999,0.019812,0.019651,0.019503,0.019369,0.01925,0.019139,0.019051,0.018971,0.018904,0.018848,0.018806,0.018775,0.018756
2.1139e-13,3.0083,1.7368,1.256,6.3722,0.77819,0.46913,0.5498,3.1581,0.34383,0.22221,0.18733,0.16619,0.15063,0.13847,0.12847,0.11998,0.1127,0.10636,0.10079,0.095895,0.09144,0.087494,0.083926,0.080698,0.077756,0.075064,0.072616,0.070341,0.068262,0.066342,0.064557,0.062934,0.061414,0.059991,0.058673,0.057441,0.056314,0.055245,0.054257,0.05334,0.052474,0.051671,0.050919,0.05024,0.049586,0.048984,0.048425,0.047912,0.047435,0.046996,0.046595,0.046217,0.045901,0.045595,0.045326,0.04508,0.044876,0.044698,0.044541,0.044428,0.044328,0.044259,0.04422
1.3707e-13,2.1921,1.3582,1.1267,6.1762,0.72109,0.43982,0.51239,2.8371,0.34244,0.20718,0.16857,0.14614,0.13017,0.11831,0.1088,0.10093,0.094317,0.088637,0.083697,0.079393,0.075512,0.072097,0.069026,0.066262,0.063751,0.061466,0.059385,0.057466,0.055717,0.054104,0.052609,0.051266,0.049974,0.048789,0.047691,0.046665,0.045729,0.044842,0.044021,0.043261,0.042545,0.041881,0.041261,0.040701,0.040159,0.039662,0.039201,0.038778,0.038384,0.038023,0.037692,0.037379,0.03712,0.036869,0.036647,0.036447,0.036278,0.03613,0.036003,0.035909,0.035825,0.035768,0.035736
2.2294e-14,0.48081,0.31657,0.33022,2.2648,0.25425,0.16757,0.20587,2.2288,0.1288,0.066316,0.051839,0.043761,0.038294,0.034446,0.031454,0.029025,0.027015,0.025306,0.023833,0.022559,0.021413,0.020412,0.019515,0.018715,0.017981,0.017322,0.016718,0.016171,0.015664,0.0152,0.014772,0.014386,0.014016,0.013678,0.013365,0.013073,0.012805,0.012553,0.012319,0.012106,0.0119,0.011711,0.011536,0.01137,0.011222,0.011081,0.01095,0.01083,0.010719,0.010617,0.010523,0.010438,0.01036,0.01029,0.010227,0.010168,0.010123,0.01008,0.010045,0.010016,0.0099943,0.0099784,0.0099691
5.7849e-14,1.4592,1.1633,0.96399,5.9781,0.72195,0.39426,0.40164,3.9756,0.27657,0.16542,0.13308,0.11515,0.10213,0.092533,0.084905,0.078603,0.073364,0.068857,0.064945,0.06156,0.058503,0.055823,0.053415,0.051242,0.049288,0.047505,0.045875,0.04439,0.043025,0.04177,0.04061,0.039606,0.038559,0.03764,0.036788,0.035994,0.035266,0.03458,0.033945,0.033351,0.032801,0.032287,0.03181,0.031367,0.030953,0.03057,0.030214,0.029888,0.029583,0.029304,0.02905,0.02881,0.028605,0.028413,0.028242,0.02809,0.027956,0.027843,0.027747,0.027671,0.027609,0.027565,0.02754
2.793e-14,0.97203,0.93851,0.82867,4.3994,0.57516,0.33203,0.33666,2.5944,0.2143,0.1205,0.094471,0.080523,0.071165,0.064262,0.058821,0.054364,0.050665,0.047502,0.044761,0.042395,0.040259,0.038389,0.036713,0.035202,0.033848,0.032614,0.031488,0.030462,0.029516,0.028649,0.02785,0.027124,0.026433,0.025801,0.025214,0.024667,0.024164,0.023693,0.023256,0.022846,0.02247,0.022118,0.02179,0.021483,0.0212,0.020937,0.020693,0.020468,0.02026,0.020068,0.019894,0.019731,0.019588,0.019457,0.01934,0.019239,0.019145,0.019066,0.019001,0.018947,0.018905,0.018876,0.018858
4.1347e-14,1.5699,1.3913,1.1627,6.2405,0.79906,0.44098,0.48484,3.8445,0.27023,0.16763,0.13774,0.12004,0.1071,0.097413,0.089631,0.083334,0.077775,0.073123,0.069072,0.065561,0.062377,0.059579,0.057063,0.054797,0.052731,0.050862,0.049149,0.047593,0.046144,0.044819,0.043593,0.042501,0.041421,0.040449,0.039546,0.038706,0.03793,0.037203,0.036529,0.035902,0.035313,0.034767,0.034259,0.033779,0.033347,0.03294,0.032562,0.032213,0.03189,0.031593,0.031323,0.031074,0.030848,0.030644,0.030462,0.030299,0.03016,0.030038,0.029936,0.029851,0.029788,0.029742,0.029715
7.526e-14,1.6872,1.18,0.93582,7.1626,0.7307,0.38697,0.44102,4.5556,0.30982,0.19404,0.15748,0.13591,0.1214,0.11019,0.10129,0.093905,0.087773,0.082481,0.077898,0.07389,0.070303,0.067133,0.064284,0.0617,0.05939,0.057275,0.055342,0.053571,0.051948,0.050452,0.049068,0.047827,0.046618,0.04552,0.044502,0.043557,0.042679,0.041858,0.041098,0.040374,0.039727,0.039112,0.038538,0.038006,0.037511,0.037051,0.036624,0.036232,0.035867,0.035533,0.035225,0.034947,0.034693,0.034462,0.034257,0.034087,0.033916,0.033779,0.033663,0.03357,0.033497,0.033446,0.033415
1.3152e-13,3.5908,2.4198,1.6075,12.16,1.431,0.74258,0.72708,6.5318,0.47942,0.31908,0.26406,0.23105,0.20767,0.18959,0.17497,0.16276,0.15244,0.14352,0.13573,0.12892,0.12277,0.11733,0.11243,0.10802,0.10399,0.10033,0.096992,0.093946,0.091106,0.088507,0.086104,0.083799,0.081842,0.079929,0.078157,0.07651,0.074977,0.073547,0.072222,0.070989,0.069829,0.068755,0.067753,0.0668,0.065955,0.065151,0.064407,0.063717,0.063081,0.062497,0.061961,0.061481,0.061024,0.060622,0.060263,0.05994,0.059665,0.059428,0.059222,0.059052,0.058931,0.05884,0.058785
1.5217e-13,2.9158,1.4576,1.279,6.9594,0.93857,0.50767,0.52389,3.3498,0.33903,0.23012,0.18803,0.16378,0.14639,0.13322,0.12262,0.11381,0.10637,0.099982,0.094419,0.089586,0.085194,0.081339,0.077872,0.074766,0.071921,0.069342,0.066996,0.064829,0.062854,0.061033,0.059343,0.057833,0.056371,0.055035,0.053797,0.052637,0.051582,0.050582,0.049657,0.048804,0.047992,0.047243,0.046543,0.045913,0.045302,0.044741,0.044221,0.043746,0.043303,0.042896,0.042523,0.042166,0.041879,0.041597,0.041347,0.04112,0.040932,0.040766,0.040622,0.040519,0.040425,0.040362,0.040326
3.5501e-14,0.90358,0.59088,0.65177,3.7329,0.46433,0.30207,0.32182,2.7326,0.23335,0.12021,0.092958,0.078984,0.069669,0.062749,0.057321,0.052913,0.049233,0.046109,0.043417,0.041089,0.038999,0.037172,0.035534,0.034064,0.032741,0.031536,0.030437,0.029439,0.028519,0.027676,0.026898,0.026193,0.025521,0.024905,0.024336,0.023806,0.023318,0.022859,0.022435,0.022042,0.021673,0.02133,0.021012,0.020714,0.02044,0.020184,0.019948,0.019729,0.019526,0.019341,0.019171,0.019014,0.018874,0.018746,0.018632,0.018529,0.018442,0.018366,0.018302,0.018249,0.018208,0.018179,0.018161
1.9214e-14,0.51956,0.36472,0.3649,2.2995,0.27086,0.18636,0.19146,1.9511,0.12298,0.07007,0.054738,0.046714,0.041087,0.03704,0.03387,0.031269,0.029135,0.027305,0.025725,0.024356,0.02313,0.022053,0.021089,0.020224,0.01944,0.01873,0.018082,0.017492,0.016948,0.016449,0.015989,0.01558,0.015174,0.01481,0.014472,0.014159,0.013868,0.013597,0.013345,0.013112,0.012892,0.012689,0.0125,0.012321,0.012161,0.012009,0.011868,0.011738,0.011617,0.011507,0.011406,0.011314,0.011229,0.011153,0.011085,0.011024,0.010972,0.010926,0.010888,0.010856,0.010832,0.010815,0.010804
3.2255e-14,1.0291,1.0604,0.93897,6.2563,0.63392,0.38172,0.40645,4.0367,0.22426,0.1396,0.1109,0.095427,0.084712,0.076784,0.070488,0.065316,0.060986,0.057276,0.054051,0.05129,0.048725,0.046503,0.044508,0.04274,0.041085,0.039606,0.038255,0.037022,0.035882,0.034838,0.033874,0.03301,0.032162,0.031398,0.030688,0.030023,0.029418,0.028847,0.028316,0.027842,0.027363,0.026934,0.026535,0.026162,0.02582,0.025499,0.025202,0.024928,0.024674,0.024441,0.024227,0.024024,0.023855,0.023694,0.023551,0.023408,0.023312,0.023215,0.023134,0.023069,0.023017,0.02298,0.022958
4.4553e-14,1.6004,1.7005,1.5067,7.8046,0.94398,0.5413,0.54109,4.5013,0.31017,0.19736,0.16033,0.13912,0.12372,0.11213,0.10286,0.095317,0.088831,0.083365,0.078612,0.074503,0.070797,0.067543,0.064622,0.062023,0.059614,0.057456,0.05548,0.053689,0.052027,0.050504,0.0491,0.047867,0.04661,0.045499,0.044465,0.043505,0.042619,0.041789,0.041019,0.040317,0.039634,0.039012,0.038434,0.037889,0.037393,0.036929,0.036499,0.036103,0.035734,0.035396,0.035088,0.034802,0.034546,0.034314,0.034107,0.033912,0.033761,0.033621,0.033505,0.033408,0.033335,0.033282,0.033251
3.2325e-14,1.165,0.86602,0.69866,5.3872,0.58201,0.34888,0.30428,3.1527,0.22838,0.1364,0.10806,0.092105,0.081487,0.073537,0.067288,0.062145,0.057924,0.054298,0.05117,0.048459,0.04602,0.043882,0.041968,0.040251,0.038695,0.037284,0.036,0.034816,0.033745,0.032754,0.031839,0.030996,0.030222,0.029499,0.028828,0.028204,0.027629,0.02709,0.02659,0.026125,0.025692,0.025288,0.024912,0.02457,0.024239,0.023938,0.023658,0.0234,0.023162,0.022943,0.022741,0.022554,0.022393,0.022242,0.022107,0.021989,0.021883,0.021793,0.021716,0.021657,0.021607,0.021573,0.021553
5.0439e-14,1.8095,1.4967,1.2789,7.2139,0.82629,0.44005,0.45997,3.2582,0.26542,0.1741,0.14271,0.12451,0.11163,0.10179,0.093831,0.087188,0.081602,0.076769,0.072539,0.068877,0.06554,0.062602,0.05996,0.057598,0.055409,0.053441,0.051642,0.050001,0.048477,0.04708,0.04579,0.044572,0.043501,0.042475,0.041522,0.040636,0.039817,0.03905,0.03834,0.037691,0.037057,0.036481,0.035944,0.035439,0.03498,0.03455,0.03415,0.033781,0.033439,0.033125,0.03284,0.032574,0.032335,0.032119,0.031926,0.031743,0.031605,0.031476,0.031366,0.031276,0.031208,0.031158,0.031129
1.556e-13,2.3339,1.2166,0.97772,5.3129,0.72968,0.37519,0.41419,2.5852,0.27633,0.18885,0.15998,0.14211,0.12862,0.11804,0.10936,0.10201,0.095759,0.09031,0.08553,0.081341,0.077528,0.07416,0.071117,0.068361,0.065859,0.06357,0.061483,0.059549,0.057787,0.056156,0.054642,0.053305,0.051972,0.050767,0.04965,0.048606,0.04765,0.046746,0.04591,0.045125,0.044399,0.04372,0.043085,0.042512,0.041956,0.041447,0.040975,0.040542,0.040138,0.039768,0.039429,0.039107,0.038842,0.038585,0.038357,0.038158,0.037978,0.037828,0.037697,0.037602,0.037517,0.037459,0.037426
2.4231e-14,0.80761,0.59496,0.5141,2.783,0.3803,0.20318,0.22428,2.012,0.15026,0.087652,0.069955,0.060089,0.053008,0.047906,0.043873,0.040566,0.037813,0.035465,0.033429,0.031685,0.030088,0.0287,0.027456,0.026341,0.025327,0.024411,0.023571,0.022811,0.022104,0.021458,0.020861,0.020351,0.019807,0.019336,0.018898,0.018489,0.018116,0.017765,0.017438,0.017137,0.016852,0.016588,0.016343,0.016114,0.015904,0.015707,0.015525,0.015357,0.015201,0.015058,0.014928,0.014803,0.0147,0.014601,0.014514,0.014434,0.014368,0.014309,0.01426,0.014221,0.014189,0.014167,0.014154
2.6959e-14,1.1104,1.0879,1.0155,7.4748,0.78916,0.48281,0.5369,7.1737,0.28247,0.1597,0.12457,0.1062,0.093704,0.084795,0.07776,0.072001,0.067158,0.063023,0.059435,0.056355,0.053517,0.051055,0.048844,0.046869,0.045055,0.043422,0.041925,0.040565,0.039309,0.038157,0.037094,0.036179,0.035207,0.034365,0.033583,0.032853,0.032186,0.031559,0.030974,0.030444,0.029926,0.029455,0.029017,0.028609,0.028231,0.02788,0.027553,0.027253,0.026974,0.026718,0.026484,0.026263,0.026076,0.0259,0.025742,0.025592,0.02548,0.025374,0.025286,0.025215,0.025158,0.025118,0.025094
3.7934e-14,1.5588,1.6037,1.4565,8.9238,1.0331,0.53902,0.57888,6.4557,0.34387,0.20695,0.16519,0.14179,0.12535,0.11313,0.10347,0.095541,0.089021,0.083433,0.078592,0.07444,0.070679,0.067398,0.064458,0.06184,0.05943,0.057265,0.055283,0.053492,0.051827,0.050305,0.048903,0.047687,0.046414,0.045305,0.044274,0.043315,0.042432,0.041605,0.040838,0.040136,0.039457,0.038837,0.038263,0.037715,0.037226,0.036764,0.036336,0.035942,0.035574,0.035238,0.034933,0.034646,0.034393,0.034162,0.033956,0.033762,0.033612,0.033473,0.033358,0.03326,0.033189,0.033136,0.033103
2.1503e-14,0.70862,0.49656,0.54637,3.7583,0.37492,0.21572,0.24781,1.5778,0.15291,0.094241,0.07657,0.066142,0.058926,0.053439,0.049068,0.04548,0.042435,0.039842,0.037595,0.035647,0.03388,0.032332,0.030944,0.029691,0.02856,0.027534,0.026596,0.025742,0.024949,0.024224,0.023554,0.022916,0.022367,0.021837,0.021344,0.020886,0.020463,0.020068,0.0197,0.019357,0.019038,0.018742,0.018466,0.018205,0.01797,0.017749,0.017543,0.017353,0.017178,0.017016,0.016868,0.016733,0.016612,0.016501,0.016402,0.016314,0.016238,0.016172,0.016116,0.01607,0.016036,0.01601,0.015996
1.5088e-13,2.2753,1.1972,0.89695,4.5412,0.54389,0.32526,0.35593,2.1784,0.23771,0.15835,0.13397,0.11894,0.10769,0.098869,0.091628,0.085462,0.080245,0.075681,0.071679,0.068151,0.064969,0.062142,0.059587,0.057264,0.055172,0.053248,0.051493,0.049864,0.048386,0.047016,0.045742,0.044677,0.0435,0.042486,0.041547,0.040671,0.039865,0.039104,0.038402,0.037739,0.037131,0.036559,0.036025,0.035544,0.035075,0.034647,0.034249,0.033886,0.033545,0.033233,0.032947,0.032677,0.032452,0.032235,0.032043,0.031876,0.031723,0.031596,0.031485,0.031405,0.031332,0.031283,0.031254
2.5976e-14,0.7483,0.43589,0.36266,2.6262,0.32042,0.18509,0.20359,2.3375,0.12521,0.073434,0.059971,0.052228,0.046669,0.042516,0.039175,0.03638,0.034045,0.032023,0.030263,0.028737,0.027342,0.026124,0.025025,0.024038,0.023135,0.022318,0.021565,0.02088,0.020251,0.019671,0.019133,0.01869,0.018184,0.017757,0.017361,0.016992,0.016653,0.016334,0.016038,0.015763,0.015505,0.015265,0.015043,0.014837,0.014643,0.014463,0.014297,0.014145,0.014002,0.013872,0.013752,0.01364,0.013545,0.013455,0.013375,0.013303,0.013242,0.013188,0.013144,0.013109,0.013079,0.013059,0.013047
1.7655e-14,0.84982,0.62639,0.64733,5.2556,0.56597,0.32868,0.39335,5.5341,0.2518,0.1345,0.10382,0.087449,0.076389,0.068473,0.062351,0.0574,0.053369,0.049935,0.046988,0.044466,0.042169,0.040178,0.038398,0.036796,0.035362,0.034058,0.032864,0.031788,0.030787,0.029873,0.029032,0.02831,0.027539,0.026875,0.026259,0.025684,0.025157,0.024663,0.024204,0.023774,0.023379,0.023008,0.022665,0.022339,0.022047,0.021771,0.021515,0.02128,0.021061,0.02086,0.020677,0.020506,0.020356,0.020219,0.020096,0.019988,0.019891,0.019808,0.01974,0.019683,0.01964,0.019609,0.01959
2.7653e-14,1.0287,0.76456,0.94492,6.6886,0.72457,0.36398,0.42885,2.9153,0.25784,0.1577,0.12779,0.1102,0.097961,0.088747,0.081426,0.07541,0.070346,0.066019,0.062273,0.05903,0.056077,0.053501,0.05119,0.049109,0.047225,0.045519,0.043958,0.04254,0.041224,0.040021,0.03891,0.037853,0.036937,0.036058,0.035242,0.034482,0.033782,0.033126,0.032517,0.031948,0.031421,0.03093,0.030473,0.03004,0.029652,0.029286,0.028945,0.02863,0.02834,0.028073,0.027828,0.027606,0.027404,0.027221,0.027057,0.026914,0.026786,0.026676,0.026584,0.026508,0.026452,0.02641,0.026386
4.4238e-14,1.474,1.2087,1.0453,6.33,0.63911,0.3763,0.39892,3.4794,0.23069,0.14623,0.12066,0.10562,0.094783,0.086508,0.079809,0.07425,0.069511,0.065447,0.061888,0.058814,0.055999,0.053522,0.051292,0.049296,0.047447,0.045782,0.044259,0.042871,0.041575,0.04039,0.039294,0.038253,0.037351,0.03648,0.035669,0.034916,0.034219,0.033566,0.032961,0.03241,0.031869,0.031379,0.030921,0.030486,0.030101,0.029734,0.029393,0.029078,0.028788,0.02852,0.028278,0.028054,0.027849,0.027665,0.027501,0.027345,0.027229,0.027119,0.027026,0.026949,0.026893,0.026851,0.026827
1.5553e-13,2.5323,1.249,0.89231,5.0456,0.60194,0.36232,0.37708,2.2942,0.25821,0.17386,0.14598,0.12896,0.11632,0.10663,0.098739,0.09205,0.086377,0.081434,0.077104,0.073283,0.069846,0.066794,0.064035,0.061539,0.059271,0.057198,0.055308,0.05354,0.051961,0.050485,0.049113,0.047908,0.046703,0.045612,0.044601,0.043659,0.042792,0.041972,0.041217,0.040509,0.039851,0.039237,0.038663,0.038159,0.037642,0.037182,0.036755,0.036364,0.035998,0.035664,0.035356,0.035067,0.034825,0.034592,0.034387,0.034206,0.034044,0.033909,0.033789,0.033705,0.033625,0.033573,0.033542
4.2689e-14,1.1194,0.66514,0.57061,4.1946,0.41897,0.25367,0.25331,2.59,0.16619,0.10499,0.086202,0.075138,0.067119,0.061104,0.056281,0.0523,0.048904,0.046,0.04347,0.041291,0.039266,0.037511,0.035929,0.034501,0.033207,0.03203,0.03095,0.029966,0.029058,0.028222,0.027448,0.026775,0.026083,0.025468,0.024899,0.024366,0.023881,0.023421,0.022995,0.0226,0.022229,0.021884,0.021564,0.021266,0.020988,0.02073,0.020491,0.020272,0.020067,0.01988,0.019708,0.019546,0.01941,0.01928,0.019165,0.019061,0.018973,0.018896,0.018831,0.01878,0.018738,0.018708,0.018691
3.3598e-14,1.1875,0.71808,0.63941,7.3729,0.52219,0.30573,0.33503,3.4019,0.15482,0.099874,0.08508,0.076328,0.069743,0.064387,0.059875,0.056077,0.05269,0.049771,0.047186,0.044974,0.042844,0.040999,0.039334,0.037835,0.036445,0.035186,0.034037,0.032981,0.031999,0.031099,0.030267,0.029457,0.028778,0.028114,0.027496,0.026913,0.026386,0.025888,0.025422,0.025001,0.024585,0.024209,0.023857,0.02353,0.023229,0.022947,0.022686,0.022443,0.02222,0.022014,0.021827,0.021645,0.021499,0.021357,0.021231,0.02111,0.021022,0.020937,0.020865,0.02081,0.020764,0.020731,0.020713
3.2024e-14,1.1025,0.82761,0.75942,5.7235,0.50898,0.30124,0.33327,3.2666,0.17737,0.10761,0.088968,0.078371,0.070723,0.064969,0.060245,0.05631,0.05286,0.0499,0.047287,0.045033,0.042922,0.041076,0.039408,0.037904,0.03652,0.035265,0.034114,0.033063,0.032083,0.031184,0.030352,0.029579,0.028871,0.028208,0.02759,0.027013,0.026484,0.025986,0.025522,0.025099,0.024686,0.024311,0.023961,0.02363,0.023332,0.023051,0.02279,0.022549,0.022326,0.022121,0.021934,0.021759,0.021607,0.021465,0.021339,0.021219,0.02113,0.021045,0.020974,0.020917,0.020873,0.020841,0.020822
3.2592e-14,1.0485,0.84413,0.77374,4.6254,0.55192,0.27572,0.30308,2.8971,0.20263,0.12315,0.098816,0.085071,0.075355,0.068125,0.062391,0.057648,0.05376,0.050411,0.047507,0.045026,0.04274,0.040762,0.038989,0.037406,0.035951,0.034646,0.03345,0.032367,0.031362,0.030442,0.029593,0.028802,0.02809,0.027419,0.026795,0.026212,0.025681,0.02518,0.024716,0.024289,0.023879,0.023505,0.023156,0.022825,0.022528,0.022248,0.021988,0.021749,0.021527,0.021323,0.021137,0.020961,0.020811,0.02067,0.020545,0.02043,0.020337,0.020253,0.020182,0.020124,0.02008,0.020047,0.020028
3.5093e-14,1.0582,0.99034,0.89432,4.6219,0.66066,0.34522,0.33863,2.6503,0.20094,0.1191,0.095584,0.082311,0.073209,0.066367,0.060922,0.056398,0.052678,0.049455,0.046655,0.044212,0.042032,0.040109,0.038378,0.036836,0.03542,0.034138,0.032966,0.031901,0.030918,0.030015,0.029183,0.028459,0.027706,0.027045,0.026433,0.025864,0.025337,0.024843,0.024385,0.023969,0.023564,0.023193,0.022849,0.022525,0.022231,0.021953,0.021697,0.02146,0.021241,0.021039,0.020854,0.020686,0.020531,0.020392,0.020267,0.020149,0.020058,0.019975,0.019905,0.019846,0.019802,0.019769,0.01975
3.8444e-14,1.1635,0.87626,0.73924,3.9731,0.58483,0.301,0.32199,2.0422,0.18652,0.11626,0.094057,0.081454,0.07253,0.065777,0.060381,0.055913,0.052175,0.04896,0.046175,0.043743,0.041571,0.039655,0.037934,0.036403,0.03499,0.033718,0.032555,0.031493,0.030522,0.029627,0.0288,0.028082,0.027338,0.026683,0.026077,0.025514,0.024992,0.024503,0.024052,0.023642,0.02324,0.022874,0.022535,0.022218,0.021926,0.021653,0.0214,0.021168,0.020952,0.020754,0.020572,0.020408,0.020256,0.02012,0.019999,0.019883,0.019797,0.019716,0.019649,0.019592,0.01955,0.019519,0.019501
3.8792e-14,1.2487,0.816,0.67969,3.3576,0.48161,0.29955,0.295,1.808,0.18013,0.11153,0.091509,0.079812,0.071354,0.064958,0.059824,0.055374,0.051958,0.048854,0.046154,0.043776,0.041672,0.039799,0.038113,0.0366,0.035213,0.033958,0.03281,0.031768,0.030797,0.029909,0.029087,0.02835,0.027632,0.026979,0.026374,0.025815,0.025291,0.024803,0.024352,0.023937,0.023537,0.023171,0.02283,0.022507,0.022219,0.021946,0.021692,0.021458,0.02124,0.021042,0.020859,0.020699,0.020542,0.020405,0.020283,0.020168,0.020079,0.019998,0.019929,0.019871,0.01983,0.019799,0.01978
1.5596e-13,2.4974,1.2401,0.90704,5.3498,0.67181,0.38571,0.38095,2.4765,0.27689,0.18875,0.15791,0.13926,0.12542,0.11476,0.10606,0.098748,0.09253,0.08715,0.082444,0.07836,0.074596,0.071298,0.068327,0.065642,0.0632,0.060974,0.058948,0.057068,0.055358,0.053776,0.052308,0.050979,0.049721,0.048555,0.047474,0.046462,0.045539,0.044665,0.043856,0.043104,0.042395,0.041739,0.041125,0.04057,0.040032,0.039541,0.039084,0.038665,0.038275,0.037916,0.037587,0.037274,0.037017,0.036767,0.036546,0.036346,0.036177,0.036029,0.0359,0.035806,0.035721,0.035663,0.03563
4.4661e-14,1.198,0.72495,0.65544,5.2822,0.5205,0.30718,0.31233,3.622,0.18694,0.11901,0.098507,0.086485,0.07783,0.071135,0.065704,0.061168,0.057311,0.053977,0.051056,0.048531,0.046196,0.044152,0.04231,0.040643,0.039134,0.037755,0.036493,0.035342,0.034273,0.033293,0.032387,0.031604,0.030777,0.030056,0.029386,0.028759,0.028186,0.027645,0.027144,0.026678,0.02624,0.025834,0.025456,0.025103,0.024776,0.024472,0.02419,0.023931,0.023689,0.023468,0.023265,0.023073,0.02291,0.022758,0.022621,0.022498,0.022394,0.022303,0.022226,0.022164,0.022114,0.02208,0.022058
2.2683e-14,1.1073,0.74196,0.7034,7.8249,0.52707,0.30596,0.34846,3.3241,0.23444,0.13629,0.10991,0.094652,0.084547,0.076775,0.070583,0.065466,0.061205,0.057535,0.054352,0.05163,0.049084,0.046882,0.044904,0.043115,0.041503,0.040031,0.038687,0.037458,0.036323,0.035281,0.034319,0.033439,0.032608,0.031843,0.031134,0.030469,0.029862,0.029291,0.02876,0.028265,0.027805,0.027375,0.026975,0.026603,0.026259,0.025938,0.02564,0.025365,0.025111,0.024878,0.024664,0.024461,0.024291,0.024131,0.023988,0.02386,0.02375,0.023654,0.023573,0.023509,0.023457,0.023421,0.023399
2.2041e-14,0.69914,0.39827,0.39022,3.2491,0.31815,0.22501,0.22542,2.1273,0.13586,0.084488,0.06952,0.060614,0.054265,0.049431,0.045534,0.042288,0.039575,0.037232,0.035188,0.033434,0.031799,0.030381,0.029104,0.027959,0.026908,0.025956,0.025086,0.024293,0.023555,0.022879,0.022255,0.02168,0.021146,0.02065,0.020189,0.019757,0.019364,0.018993,0.018646,0.018332,0.018026,0.017746,0.017486,0.017242,0.01702,0.01681,0.016616,0.016437,0.016271,0.016119,0.015979,0.015847,0.015736,0.015631,0.015537,0.015448,0.01538,0.015317,0.015263,0.015221,0.015187,0.015162,0.015148
3.9765e-14,1.2672,1.1683,1.116,5.9079,0.69474,0.3882,0.39333,2.6336,0.22341,0.14203,0.11393,0.097936,0.087158,0.078916,0.072352,0.066884,0.062431,0.058562,0.055202,0.052315,0.049681,0.047384,0.045321,0.043477,0.041791,0.040271,0.038876,0.037618,0.036444,0.035373,0.034384,0.03354,0.032633,0.031852,0.031126,0.030451,0.029829,0.029245,0.028705,0.028208,0.027734,0.027297,0.026892,0.026503,0.026163,0.025837,0.025535,0.025258,0.024999,0.024762,0.024546,0.024349,0.024167,0.024005,0.02386,0.023727,0.023619,0.023522,0.023441,0.023372,0.023323,0.023286,0.023265
5.2757e-14,1.7583,1.585,1.3383,7.054,0.90317,0.48473,0.50607,3.4221,0.27443,0.17234,0.1394,0.11964,0.10596,0.095666,0.087494,0.080713,0.075227,0.070471,0.066359,0.062813,0.059617,0.056824,0.054318,0.052106,0.050051,0.048209,0.046523,0.044999,0.043591,0.042299,0.041109,0.040105,0.039004,0.038061,0.037189,0.036377,0.035629,0.034927,0.034278,0.033695,0.033113,0.032587,0.032101,0.031643,0.031225,0.030832,0.03047,0.030136,0.029825,0.029541,0.029279,0.029037,0.028824,0.028629,0.028454,0.028284,0.028162,0.028045,0.027948,0.027867,0.027804,0.02776,0.027733
2.7511e-14,1.1126,0.96366,0.70763,4.7015,0.65049,0.32924,0.33008,2.5846,0.22233,0.13713,0.10911,0.093001,0.082382,0.074359,0.068037,0.062906,0.058557,0.054882,0.051706,0.048947,0.046491,0.044327,0.042389,0.040651,0.039077,0.037649,0.036348,0.035161,0.03407,0.033068,0.032145,0.031302,0.03051,0.029778,0.029101,0.028474,0.02789,0.027346,0.026842,0.026373,0.025935,0.025528,0.025149,0.024794,0.024469,0.024166,0.023885,0.023625,0.023384,0.023164,0.022963,0.02278,0.02261,0.022459,0.022324,0.022203,0.022099,0.022009,0.021933,0.02187,0.021823,0.021789,0.021768
1.4221e-13,2.3965,1.2459,0.85826,5.0984,0.65932,0.36296,0.39368,2.435,0.27192,0.17489,0.1451,0.12763,0.11508,0.10536,0.09747,0.090863,0.085192,0.080293,0.076004,0.072247,0.06883,0.065812,0.063088,0.060624,0.058386,0.056339,0.054476,0.05275,0.051176,0.04972,0.04837,0.047107,0.045987,0.044912,0.043916,0.042985,0.042133,0.041327,0.040581,0.039883,0.039235,0.038629,0.038063,0.037551,0.037056,0.036602,0.036181,0.035793,0.035434,0.035103,0.0348,0.034513,0.034275,0.034045,0.033841,0.033661,0.033501,0.033366,0.033247,0.033162,0.033085,0.033032,0.033002
4.6466e-14,0.87915,0.50139,0.48338,3.7272,0.37753,0.22553,0.2763,2.3516,0.19871,0.1107,0.088234,0.075514,0.067182,0.060834,0.055803,0.051644,0.048208,0.045248,0.042686,0.040464,0.038461,0.036698,0.035118,0.033697,0.03241,0.031239,0.030175,0.029199,0.028301,0.027477,0.026714,0.026008,0.025369,0.024764,0.024205,0.023685,0.023203,0.022752,0.022336,0.021947,0.021584,0.021246,0.020931,0.020636,0.020368,0.020116,0.019882,0.019665,0.019466,0.019282,0.019114,0.018961,0.018821,0.018694,0.018581,0.01848,0.018393,0.018319,0.018254,0.018201,0.018162,0.018133,0.018115
2.6592e-14,1.2924,0.81498,0.90063,5.8079,0.77735,0.49468,0.58474,8.1344,0.36839,0.18991,0.14175,0.11624,0.10029,0.088805,0.080121,0.073255,0.067722,0.0631,0.059176,0.055824,0.052834,0.050239,0.047932,0.045874,0.044021,0.042348,0.040825,0.039444,0.03818,0.037021,0.035956,0.035041,0.03407,0.033232,0.032456,0.031734,0.031071,0.030451,0.029875,0.02934,0.028842,0.028379,0.027949,0.027551,0.027177,0.026833,0.026514,0.02622,0.025947,0.025698,0.025468,0.025255,0.02507,0.024899,0.024745,0.02461,0.02449,0.024388,0.024303,0.024234,0.024178,0.024139,0.024116
2.6179e-14,1.1479,0.81527,0.83126,6.5023,0.6611,0.39473,0.41439,4.6495,0.22427,0.1327,0.10621,0.091346,0.0812,0.0735,0.067403,0.062385,0.058236,0.054664,0.051558,0.048901,0.046444,0.044316,0.042405,0.040696,0.039127,0.037715,0.036419,0.035249,0.034158,0.033162,0.032243,0.031475,0.03061,0.029883,0.029207,0.028576,0.027999,0.027456,0.026951,0.02649,0.026044,0.025637,0.025259,0.024901,0.024578,0.024274,0.023993,0.023734,0.023492,0.023271,0.023069,0.022879,0.022716,0.022564,0.022428,0.022301,0.022202,0.022111,0.022036,0.021974,0.021925,0.021891,0.02187
1.9683e-14,0.72701,0.6104,0.57464,3.321,0.46149,0.23818,0.25066,1.8025,0.15384,0.091631,0.071207,0.059975,0.052452,0.046943,0.042666,0.039221,0.0364,0.034004,0.031946,0.03019,0.028592,0.027215,0.025984,0.024879,0.023894,0.022997,0.022176,0.021436,0.020754,0.020129,0.019554,0.019058,0.018537,0.018084,0.017665,0.017273,0.016916,0.01658,0.016268,0.015977,0.01571,0.015459,0.015227,0.015009,0.014808,0.014621,0.014448,0.014289,0.014141,0.014005,0.013881,0.013764,0.013665,0.013573,0.01349,0.013418,0.013351,0.013296,0.01325,0.013212,0.013182,0.013161,0.013149
4.3234e-14,0.95732,0.66935,0.65657,3.6858,0.48581,0.32639,0.32765,1.9985,0.18297,0.104,0.084212,0.072645,0.064935,0.058917,0.054106,0.050092,0.046781,0.043916,0.041428,0.039267,0.037319,0.035608,0.034073,0.032701,0.031442,0.030305,0.029267,0.028317,0.027449,0.026648,0.02591,0.025272,0.024598,0.024013,0.023471,0.022966,0.0225,0.022063,0.021658,0.021285,0.020929,0.020602,0.020297,0.020015,0.019751,0.019507,0.01928,0.019071,0.018877,0.018699,0.018536,0.018387,0.018253,0.018131,0.018022,0.017922,0.017839,0.017766,0.017705,0.017656,0.017617,0.017589,0.017573
1.4527e-13,2.4336,1.1637,0.82148,4.8721,0.62088,0.38809,0.38451,2.4548,0.26313,0.17653,0.14924,0.13289,0.12049,0.11078,0.10281,0.09608,0.090292,0.085248,0.080814,0.0769,0.073358,0.070212,0.067362,0.064777,0.06243,0.060276,0.058311,0.0565,0.054834,0.053296,0.051869,0.050584,0.049352,0.04821,0.047154,0.04617,0.045263,0.044406,0.043615,0.042872,0.042185,0.041542,0.040942,0.04039,0.03987,0.039388,0.038941,0.038529,0.038146,0.037796,0.037474,0.037177,0.036916,0.036672,0.036456,0.036267,0.036096,0.035955,0.03583,0.035735,0.035657,0.035602,0.035568
4.2033e-14,1.0183,0.57088,0.52019,3.1868,0.39858,0.23625,0.27443,2.6401,0.20022,0.11275,0.088767,0.075827,0.06727,0.060855,0.055786,0.051604,0.048168,0.045217,0.04266,0.040463,0.03844,0.036686,0.035111,0.033698,0.032411,0.031247,0.030179,0.029213,0.028315,0.027494,0.026733,0.026102,0.025392,0.02479,0.024232,0.02371,0.023235,0.022785,0.022369,0.021985,0.02162,0.021283,0.020971,0.020677,0.020409,0.020157,0.019924,0.01971,0.01951,0.019327,0.01916,0.019003,0.018869,0.018743,0.018631,0.018528,0.018444,0.018368,0.018305,0.018255,0.018214,0.018186,0.018169
2.4758e-14,1.0557,0.85976,0.88932,6.1583,0.78324,0.43228,0.48689,5.5305,0.29894,0.1733,0.13676,0.11676,0.1036,0.093744,0.085989,0.079629,0.074341,0.06981,0.065878,0.062481,0.059393,0.056695,0.054271,0.052103,0.050113,0.04832,0.046673,0.045177,0.043799,0.042531,0.041361,0.040368,0.039284,0.038357,0.037496,0.036693,0.035955,0.035262,0.034618,0.03403,0.033461,0.032941,0.032458,0.032008,0.031589,0.0312,0.030841,0.03051,0.030201,0.029918,0.02966,0.029418,0.029209,0.029015,0.028842,0.028679,0.028553,0.028437,0.028341,0.028262,0.0282,0.028156,0.02813
2.446e-14,0.83905,0.70949,0.68195,4.3887,0.60838,0.30747,0.33393,2.5516,0.21014,0.1248,0.10051,0.086537,0.076997,0.069716,0.063925,0.059162,0.055194,0.051792,0.048846,0.046284,0.043988,0.041974,0.040164,0.038545,0.03707,0.035736,0.034511,0.033406,0.03238,0.031439,0.030572,0.029847,0.029032,0.028344,0.027706,0.027114,0.026566,0.026052,0.025575,0.025137,0.02472,0.024334,0.023978,0.023639,0.023334,0.023046,0.022781,0.022536,0.022308,0.0221,0.021908,0.021735,0.021575,0.021432,0.021304,0.021187,0.02109,0.021004,0.020934,0.020874,0.02083,0.020798,0.020778
1.7212e-14,0.72051,0.52486,0.48404,3.2232,0.41342,0.25578,0.2599,1.8297,0.16508,0.097948,0.079678,0.068922,0.061595,0.056003,0.051516,0.04778,0.044682,0.041999,0.039665,0.037656,0.035798,0.034185,0.032734,0.031426,0.030243,0.029165,0.028178,0.027282,0.026449,0.025687,0.024983,0.024365,0.023733,0.023174,0.022655,0.02217,0.021727,0.021309,0.020921,0.020559,0.020223,0.01991,0.019618,0.019344,0.019094,0.01886,0.018643,0.018442,0.018256,0.018086,0.017929,0.017783,0.017658,0.01754,0.017436,0.017343,0.017261,0.017191,0.017132,0.017085,0.017048,0.017021,0.017005
1.7717e-13,3.1199,1.587,1.263,7.393,0.80267,0.47352,0.49984,3.3137,0.39269,0.24101,0.19951,0.17516,0.1575,0.14388,0.13283,0.12356,0.11573,0.10895,0.10303,0.097896,0.093162,0.089034,0.085313,0.081966,0.078905,0.076119,0.073582,0.071248,0.069105,0.067131,0.065302,0.063678,0.062074,0.060618,0.059269,0.058008,0.056861,0.055772,0.054761,0.053832,0.052944,0.052127,0.051364,0.050665,0.050007,0.049394,0.048827,0.048305,0.047819,0.047374,0.046966,0.046583,0.046263,0.045954,0.04568,0.045427,0.045224,0.045042,0.044885,0.044768,0.044667,0.044598,0.044555
3.988e-14,1.1316,0.55647,0.52374,3.5002,0.36466,0.20309,0.25736,2.4727,0.17639,0.099581,0.078783,0.067174,0.059378,0.053541,0.04896,0.045216,0.042116,0.039472,0.037192,0.035236,0.033444,0.03189,0.030499,0.029252,0.028121,0.027096,0.026161,0.025316,0.024525,0.023805,0.023141,0.022528,0.021967,0.02144,0.020953,0.020499,0.020082,0.019691,0.019327,0.01899,0.018675,0.018382,0.018109,0.017848,0.01762,0.017401,0.017199,0.017011,0.016838,0.016679,0.016533,0.0164,0.01628,0.01617,0.016073,0.015985,0.015911,0.015845,0.01579,0.015744,0.01571,0.015685,0.01567
3.0327e-14,0.83137,0.54347,0.62987,3.888,0.50276,0.24363,0.30902,2.1496,0.20552,0.1196,0.094243,0.080368,0.071215,0.064293,0.058843,0.054386,0.050688,0.047532,0.044805,0.042439,0.040321,0.038461,0.036794,0.035299,0.033942,0.032714,0.031588,0.030569,0.029625,0.02876,0.027961,0.027278,0.026548,0.025916,0.025331,0.024787,0.024283,0.023812,0.023375,0.022972,0.022589,0.022236,0.021908,0.021597,0.021319,0.021056,0.020811,0.020587,0.020378,0.020186,0.02001,0.019852,0.019705,0.019574,0.019456,0.019348,0.01926,0.019181,0.019116,0.019061,0.019021,0.018991,0.018973
1.1488e-14,0.45428,0.27959,0.28243,1.9147,0.23375,0.14042,0.17843,1.6909,0.10877,0.059795,0.045758,0.038373,0.033776,0.030374,0.027742,0.025602,0.023846,0.022345,0.021049,0.019943,0.018924,0.018042,0.017253,0.016552,0.015904,0.015324,0.014793,0.014312,0.013866,0.013459,0.013083,0.012752,0.012416,0.012118,0.011842,0.011585,0.011349,0.011127,0.010921,0.010735,0.010552,0.010385,0.010231,0.010086,0.0099537,0.0098298,0.0097149,0.0096088,0.0095105,0.0094203,0.0093378,0.0092607,0.0091938,0.0091319,0.0090765,0.0090229,0.0089844,0.0089472,0.0089162,0.0088907,0.0088711,0.008857,0.0088485
5.9289e-14,1.1161,0.75197,0.77513,4.2822,0.57889,0.39652,0.38857,2.4545,0.23188,0.13686,0.10848,0.092622,0.082155,0.074296,0.068097,0.062966,0.058755,0.05512,0.051976,0.049246,0.046797,0.04464,0.042707,0.04097,0.0394,0.037971,0.036667,0.035466,0.034382,0.033377,0.032448,0.031673,0.030806,0.030071,0.029391,0.028757,0.028171,0.027624,0.027116,0.026642,0.026203,0.025792,0.02541,0.025063,0.024726,0.024419,0.024134,0.023874,0.02363,0.023408,0.023203,0.023012,0.022848,0.022695,0.022558,0.022438,0.02233,0.02224,0.022163,0.022103,0.022052,0.022018,0.021997
6.8141e-14,1.0789,0.68691,0.64275,3.318,0.44454,0.26188,0.26742,1.4543,0.17142,0.10504,0.085075,0.073754,0.066086,0.06012,0.055336,0.051296,0.048015,0.045135,0.04263,0.04042,0.038478,0.036743,0.035184,0.033788,0.032504,0.031345,0.030285,0.029307,0.028421,0.027601,0.026841,0.026207,0.025498,0.024895,0.024337,0.023821,0.023338,0.022888,0.02247,0.022086,0.021718,0.02138,0.021065,0.020777,0.020503,0.02025,0.020016,0.019801,0.019601,0.019417,0.019249,0.019098,0.018957,0.01883,0.018717,0.018613,0.018529,0.018455,0.018391,0.01834,0.018301,0.018272,0.018255
7.5633e-14,1.6835,1.2898,1.0944,6.2446,0.90758,0.47837,0.42389,3.8299,0.29491,0.18399,0.15094,0.13074,0.11674,0.10595,0.097312,0.090188,0.084174,0.079033,0.074573,0.070705,0.067196,0.064125,0.061366,0.058883,0.056632,0.05459,0.052723,0.051014,0.049452,0.048012,0.046681,0.04548,0.044326,0.043273,0.042296,0.041386,0.040549,0.039762,0.039035,0.038353,0.037723,0.037134,0.036586,0.036082,0.035603,0.035164,0.034756,0.034381,0.034033,0.033714,0.033422,0.033147,0.032912,0.032693,0.032496,0.032325,0.03217,0.032041,0.03193,0.031844,0.031772,0.031723,0.031694
1.3774e-13,2.2582,1.6647,1.2836,6.5649,0.88883,0.47747,0.46524,4.0648,0.31837,0.20115,0.16459,0.14327,0.12824,0.11668,0.10739,0.099651,0.093165,0.087567,0.082707,0.078441,0.07464,0.071267,0.068235,0.065505,0.063031,0.060773,0.058718,0.056822,0.055098,0.053504,0.052027,0.050756,0.049427,0.048255,0.047172,0.046164,0.045231,0.044356,0.043547,0.04279,0.042089,0.041432,0.04082,0.040262,0.039729,0.039238,0.038783,0.038366,0.037977,0.037621,0.037292,0.036991,0.036725,0.036478,0.036259,0.036066,0.035893,0.035749,0.035622,0.035525,0.035445,0.035389,0.035355
1.7642e-13,2.9731,1.627,1.282,7.219,0.92376,0.50143,0.54129,3.6418,0.37489,0.24135,0.20079,0.17593,0.15833,0.14466,0.1336,0.12434,0.11646,0.10966,0.10372,0.098536,0.093807,0.089658,0.085914,0.082536,0.07946,0.076657,0.0741,0.07174,0.069586,0.067597,0.06575,0.06411,0.0625,0.06103,0.059672,0.058401,0.057243,0.056142,0.055125,0.05418,0.053291,0.052466,0.051696,0.051001,0.050326,0.049709,0.049136,0.048611,0.04812,0.047672,0.047259,0.04687,0.04655,0.046237,0.04596,0.045712,0.0455,0.045318,0.045159,0.045044,0.04494,0.04487,0.044829
4.3136e-14,0.78169,0.44378,0.38334,2.3663,0.31934,0.18115,0.19754,1.9976,0.13773,0.079455,0.064314,0.055401,0.049227,0.044601,0.040929,0.037888,0.035368,0.033198,0.031319,0.029684,0.028214,0.026923,0.025763,0.024719,0.023776,0.022917,0.022131,0.021412,0.020758,0.020152,0.019592,0.019138,0.018605,0.018161,0.017751,0.017367,0.017016,0.016685,0.016379,0.016093,0.015828,0.01558,0.01535,0.01514,0.014937,0.014752,0.01458,0.014423,0.014276,0.014141,0.014018,0.013902,0.013804,0.013712,0.013629,0.013557,0.013492,0.013437,0.013391,0.013355,0.013324,0.013303,0.013291
2.0488e-14,0.65323,0.44076,0.52101,2.6912,0.41921,0.25489,0.30357,2.2267,0.18872,0.097796,0.073715,0.061258,0.053212,0.047464,0.043072,0.03955,0.036667,0.034235,0.032159,0.030367,0.028777,0.027388,0.026149,0.025031,0.024044,0.023141,0.022319,0.021574,0.020887,0.020259,0.01968,0.019163,0.018659,0.018202,0.017781,0.017389,0.017028,0.016689,0.016376,0.01608,0.015813,0.01556,0.015326,0.015106,0.014905,0.014717,0.014543,0.014382,0.014233,0.014097,0.013971,0.013857,0.013754,0.01366,0.013576,0.013505,0.013437,0.013381,0.013334,0.013296,0.013266,0.013245,0.013232
7.5853e-14,1.2309,0.74777,0.75128,3.8302,0.50003,0.30121,0.33486,2.0574,0.21669,0.12547,0.098474,0.083906,0.074381,0.067158,0.061463,0.056756,0.052897,0.049575,0.046709,0.044229,0.041999,0.04004,0.038289,0.036721,0.035298,0.034005,0.032833,0.031742,0.03077,0.029864,0.029027,0.028301,0.027551,0.026889,0.026277,0.025706,0.025182,0.024689,0.024234,0.02381,0.023413,0.023044,0.022699,0.022394,0.022087,0.021811,0.021555,0.021321,0.021103,0.020903,0.020719,0.020547,0.020401,0.020263,0.02014,0.020031,0.019935,0.019854,0.019783,0.019732,0.019685,0.019654,0.019635
6.6615e-14,1.1026,0.57961,0.56858,3.0019,0.38288,0.22669,0.23316,1.7143,0.17578,0.10793,0.086846,0.075049,0.066921,0.060764,0.055867,0.051828,0.048412,0.045492,0.042957,0.040719,0.038763,0.037011,0.035438,0.034019,0.032737,0.031567,0.030503,0.029515,0.028625,0.0278,0.027035,0.026336,0.025685,0.025079,0.024518,0.023998,0.023513,0.02306,0.022641,0.022247,0.021886,0.021546,0.021229,0.020943,0.020664,0.020411,0.020175,0.019959,0.019758,0.019573,0.019404,0.019249,0.019111,0.018984,0.01887,0.018773,0.018682,0.018607,0.018542,0.018493,0.018452,0.018423,0.018407
2.1046e-13,3.09,1.7322,1.2323,6.1488,0.7656,0.45653,0.46458,3.3775,0.3321,0.23269,0.19507,0.17191,0.15551,0.14239,0.1317,0.12271,0.11505,0.10842,0.10263,0.097468,0.092951,0.088871,0.085196,0.081887,0.078855,0.076093,0.073588,0.071235,0.069134,0.067173,0.065351,0.0637,0.062141,0.06069,0.059349,0.058105,0.056944,0.055859,0.054857,0.053922,0.053044,0.05223,0.051466,0.050786,0.050112,0.049502,0.048935,0.048414,0.047931,0.047487,0.047079,0.046708,0.046375,0.046067,0.045794,0.045551,0.045339,0.045161,0.045001,0.044885,0.044785,0.044716,0.044675
1.4269e-13,2.7168,1.658,1.5149,8.7827,0.98713,0.57757,0.65261,4.2107,0.4836,0.27128,0.21888,0.1889,0.16827,0.1527,0.1404,0.1302,0.12164,0.11427,0.10788,0.10225,0.097273,0.092842,0.088864,0.085275,0.08203,0.079076,0.076382,0.073898,0.071638,0.06955,0.067617,0.065877,0.064205,0.062673,0.061255,0.059936,0.058713,0.057568,0.05651,0.055517,0.054599,0.053741,0.05294,0.052208,0.051509,0.050867,0.050271,0.049723,0.049214,0.048747,0.048317,0.047922,0.047573,0.04725,0.046963,0.04671,0.046484,0.046293,0.046128,0.046001,0.045896,0.045824,0.045781
3.8306e-14,1.1292,0.61432,0.63231,4.1984,0.47682,0.3256,0.36391,2.4089,0.24409,0.13186,0.10057,0.084437,0.073869,0.066239,0.060318,0.055535,0.051592,0.048252,0.045381,0.042895,0.040692,0.038756,0.037028,0.035481,0.034081,0.032815,0.031661,0.03061,0.029646,0.028761,0.027946,0.027225,0.026505,0.025861,0.025265,0.024713,0.024201,0.023723,0.023279,0.022869,0.022483,0.022125,0.021793,0.021482,0.021197,0.020931,0.020684,0.020457,0.020246,0.020053,0.019875,0.019717,0.019568,0.019435,0.019316,0.01921,0.019119,0.01904,0.018973,0.018918,0.018877,0.018847,0.01883
3.6005e-14,1.1738,0.5355,0.60147,3.5759,0.40634,0.25996,0.32046,2.2119,0.22052,0.12665,0.099056,0.084253,0.074233,0.066891,0.061144,0.056465,0.052578,0.049271,0.046421,0.043946,0.041739,0.039802,0.038067,0.036505,0.035102,0.033824,0.032659,0.031599,0.03062,0.029723,0.028895,0.028151,0.027434,0.026778,0.026172,0.025609,0.025088,0.0246,0.024148,0.023728,0.023335,0.02297,0.02263,0.022311,0.022022,0.021749,0.021497,0.021264,0.021048,0.020851,0.020669,0.020504,0.020354,0.020218,0.020097,0.019988,0.019895,0.019814,0.019745,0.01969,0.019648,0.019617,0.019599
7.7657e-14,1.3938,0.729,0.76381,3.9279,0.57622,0.33665,0.35991,2.3505,0.23293,0.13307,0.1062,0.091736,0.081585,0.074066,0.068093,0.06316,0.059027,0.055478,0.052395,0.049707,0.047294,0.045166,0.043253,0.041541,0.039967,0.038543,0.037248,0.036053,0.034964,0.033958,0.033026,0.032184,0.031384,0.030644,0.029959,0.029322,0.028735,0.028182,0.02767,0.027202,0.026749,0.026335,0.025948,0.025594,0.025259,0.024949,0.024662,0.024398,0.024152,0.023927,0.023721,0.023531,0.023364,0.023208,0.02307,0.022939,0.02284,0.022748,0.022669,0.022608,0.022558,0.022523,0.022502
1.0141e-13,1.4622,0.68642,0.49948,2.5062,0.42018,0.25446,0.26701,1.3513,0.18332,0.11567,0.095936,0.084436,0.076273,0.069851,0.064616,0.060183,0.056446,0.053184,0.050336,0.047799,0.045571,0.043568,0.041761,0.040129,0.038645,0.037289,0.036055,0.034915,0.03387,0.032907,0.032012,0.031222,0.030438,0.029725,0.029066,0.028457,0.027887,0.027355,0.026862,0.026404,0.025973,0.025573,0.025198,0.024852,0.024534,0.024235,0.023957,0.023702,0.023464,0.023246,0.023046,0.02287,0.022701,0.02255,0.022416,0.022295,0.022193,0.022105,0.022027,0.021966,0.02192,0.021886,0.021866
9.4116e-14,1.3335,0.68875,0.5115,2.9486,0.41591,0.24883,0.2673,1.6045,0.17373,0.10741,0.088728,0.07816,0.070394,0.064411,0.059564,0.055472,0.052013,0.049004,0.046377,0.044032,0.041978,0.040132,0.038466,0.036959,0.035593,0.034344,0.033205,0.032153,0.031193,0.030305,0.029482,0.028761,0.028031,0.027374,0.026768,0.026207,0.025682,0.025191,0.024737,0.024312,0.023918,0.02355,0.023206,0.02289,0.022593,0.022317,0.022061,0.021827,0.021607,0.021407,0.021223,0.021059,0.020905,0.020766,0.020643,0.020534,0.020437,0.020356,0.020285,0.02023,0.020186,0.020155,0.020136
2.0732e-13,3.218,1.7232,1.3506,7.254,0.94268,0.61222,0.67039,4.2518,0.46698,0.28466,0.23428,0.20505,0.18429,0.16833,0.15539,0.14453,0.13537,0.12743,0.1205,0.11441,0.10896,0.10413,0.099767,0.095824,0.092262,0.089001,0.086028,0.083292,0.080784,0.078472,0.076329,0.074452,0.072547,0.070844,0.069266,0.067799,0.066441,0.065165,0.063986,0.062884,0.061856,0.060899,0.060005,0.059178,0.058412,0.057695,0.05703,0.05642,0.05585,0.055328,0.054849,0.054413,0.054021,0.053659,0.053337,0.05305,0.052801,0.052589,0.052405,0.052261,0.052147,0.052065,0.052017
1.0959e-13,1.7692,1.0011,0.78449,4.712,0.56767,0.35301,0.40087,2.3631,0.28962,0.1737,0.1427,0.12487,0.11194,0.10207,0.094119,0.087479,0.081878,0.077042,0.07283,0.069155,0.065822,0.062886,0.060244,0.057862,0.055696,0.053726,0.051926,0.050269,0.048756,0.047358,0.046063,0.044922,0.043776,0.042747,0.041795,0.040903,0.040088,0.039318,0.038605,0.037943,0.03732,0.036743,0.036204,0.035715,0.035241,0.034808,0.034407,0.034039,0.033696,0.033381,0.033092,0.032816,0.032591,0.032373,0.03218,0.032006,0.031857,0.031728,0.031617,0.031535,0.031461,0.031411,0.031383
1.0591e-13,1.8445,0.91904,0.75362,4.4782,0.46712,0.35035,0.39252,2.5064,0.27148,0.16156,0.12908,0.11164,0.099693,0.090672,0.083488,0.077528,0.072527,0.068219,0.064475,0.061214,0.05826,0.05566,0.053322,0.051203,0.049298,0.047551,0.045962,0.044497,0.043154,0.041918,0.040771,0.039751,0.038754,0.037842,0.036999,0.036211,0.035492,0.034811,0.034181,0.033589,0.033044,0.032533,0.032055,0.031619,0.031208,0.030826,0.030471,0.030145,0.029842,0.029564,0.029309,0.02907,0.028869,0.028676,0.028505,0.028356,0.02822,0.028108,0.028009,0.027936,0.027873,0.027829,0.027804
4.0404e-14,1.0512,0.58372,0.55275,3.3701,0.4282,0.27492,0.3231,2.0613,0.19432,0.11302,0.089055,0.075883,0.067065,0.060564,0.055446,0.051243,0.04776,0.044775,0.042199,0.039933,0.037944,0.036182,0.034602,0.033181,0.031898,0.03073,0.029667,0.028701,0.027802,0.026982,0.026224,0.025555,0.024886,0.024286,0.023731,0.023217,0.022739,0.022293,0.021877,0.02149,0.021132,0.020798,0.020486,0.02019,0.019928,0.019677,0.019446,0.019232,0.019033,0.018851,0.018684,0.018535,0.018395,0.018268,0.018156,0.018057,0.017968,0.017893,0.017828,0.017776,0.017737,0.017708,0.017691
9.6277e-14,1.7295,0.8927,0.87586,5.2744,0.74481,0.42623,0.503,3.4206,0.31112,0.16781,0.13014,0.11023,0.096631,0.086707,0.079003,0.072769,0.067634,0.063265,0.059515,0.056277,0.053395,0.050869,0.04861,0.046587,0.044757,0.043099,0.04159,0.040215,0.03895,0.037792,0.036721,0.035783,0.034837,0.033991,0.03321,0.032483,0.031815,0.031187,0.030606,0.030069,0.029561,0.029092,0.028656,0.028252,0.027876,0.027526,0.027202,0.026904,0.026627,0.026373,0.02614,0.025926,0.025738,0.025562,0.025406,0.025265,0.025147,0.025043,0.024954,0.024886,0.024829,0.024789,0.024765
1.9623e-13,2.5876,1.0871,0.73124,3.145,0.47766,0.35204,0.36688,1.7654,0.26359,0.17166,0.14439,0.12707,0.11493,0.10523,0.097333,0.090654,0.085032,0.080126,0.075845,0.072066,0.068682,0.065672,0.062956,0.060493,0.058273,0.056233,0.054373,0.052639,0.051086,0.049637,0.048289,0.047137,0.045923,0.044848,0.043856,0.042932,0.042079,0.041275,0.040534,0.039835,0.039192,0.038589,0.038025,0.037523,0.037023,0.03657,0.03615,0.035766,0.035406,0.035077,0.034774,0.034495,0.034253,0.034024,0.033821,0.033643,0.033482,0.033348,0.033231,0.033145,0.033068,0.033016,0.032984
2.1596e-13,3.1974,1.5117,1.0726,5.4478,0.61492,0.44758,0.4862,2.5239,0.34796,0.24179,0.20263,0.17929,0.1624,0.14914,0.13828,0.12906,0.12123,0.11439,0.10839,0.10312,0.098333,0.094088,0.090252,0.086777,0.083621,0.080728,0.07809,0.075641,0.073417,0.071356,0.069437,0.067777,0.06606,0.064531,0.063116,0.061791,0.06058,0.059432,0.058373,0.05738,0.056456,0.055594,0.054788,0.054065,0.053356,0.052709,0.052108,0.051559,0.051045,0.050575,0.050143,0.049731,0.049398,0.049071,0.048781,0.048525,0.048298,0.048108,0.047941,0.047821,0.047711,0.047637,0.047594
3.9543e-13,5.4712,2.4823,1.7254,7.9433,1.0157,0.748,0.71239,4.3329,0.5992,0.39287,0.32615,0.28622,0.25762,0.23558,0.21775,0.20283,0.19018,0.17923,0.16967,0.16117,0.15369,0.14697,0.14091,0.13542,0.13044,0.12588,0.12174,0.11789,0.11439,0.11115,0.10814,0.1054,0.10284,0.10045,0.09823,0.096174,0.094262,0.092466,0.090808,0.089257,0.087813,0.086466,0.085203,0.084065,0.08297,0.08196,0.081022,0.080163,0.079363,0.07863,0.077955,0.077347,0.076797,0.076286,0.075835,0.075435,0.075083,0.074788,0.074525,0.074332,0.074169,0.074055,0.073988
4.8425e-13,6.268,2.8758,1.8189,8.1926,1.0484,0.73658,0.77577,3.6474,0.52296,0.39923,0.35127,0.31707,0.29115,0.26953,0.25134,0.23556,0.22198,0.20998,0.19937,0.18996,0.18142,0.17379,0.16687,0.16057,0.15486,0.1496,0.14481,0.14028,0.13627,0.13249,0.12897,0.1258,0.12279,0.11998,0.11738,0.11494,0.11271,0.11059,0.10864,0.1068,0.1051,0.10351,0.10202,0.10075,0.09938,0.098185,0.097075,0.096059,0.09511,0.094241,0.093442,0.092665,0.092066,0.09146,0.090925,0.09046,0.090033,0.089684,0.089369,0.089164,0.088947,0.088811,0.088732
2.3777e-13,3.1175,1.5045,1.0708,6.313,0.70851,0.48257,0.60354,3.7518,0.40596,0.26012,0.2148,0.18829,0.16934,0.15488,0.1432,0.13337,0.12507,0.11785,0.11155,0.10597,0.10102,0.096587,0.09259,0.088968,0.085697,0.082697,0.079964,0.077411,0.075125,0.072992,0.071008,0.069279,0.067525,0.065949,0.064493,0.063136,0.061881,0.0607,0.059611,0.058584,0.05764,0.056754,0.055926,0.055187,0.054453,0.053789,0.053173,0.052609,0.052082,0.051599,0.051155,0.050745,0.05039,0.050055,0.049758,0.0495,0.049263,0.049069,0.048897,0.048772,0.048661,0.048586,0.048543
6.7781e-14,1.9281,1.2157,0.93377,6.0638,0.84292,0.41958,0.42527,3.0509,0.26617,0.17382,0.14246,0.12444,0.11151,0.10158,0.093562,0.087091,0.081259,0.076403,0.072172,0.06847,0.06516,0.062227,0.059588,0.05721,0.055053,0.05309,0.051296,0.049668,0.048151,0.046761,0.045479,0.044291,0.043204,0.042183,0.041238,0.040364,0.039545,0.038783,0.038079,0.037423,0.036807,0.036235,0.035704,0.035197,0.034746,0.03432,0.033924,0.033558,0.03322,0.032909,0.032625,0.032372,0.032127,0.031914,0.031723,0.03155,0.031405,0.031278,0.03117,0.031078,0.031014,0.030966,0.030937
