2.3579e-13,0.79245,0.41744,0.45751,3.0613,0.50753,0.54226,0.8104,5.5218,0.76428,0.4852,0.61993,4.7773,0.68686,0.44444,0.57177,4.4886,0.62639,0.42314,0.54417,4.0321,0.50336,0.33112,0.44864,2.7387,0.45318,0.27249,0.32743,2.7241,0.26866,0.15751,0.10842,0.31554,0.078899,0.068464,0.063365,0.088645,0.057518,0.05378,0.051807,0.050138,0.048087,0.046572,0.045219,0.044192,0.042977,0.041973,0.041054,0.040333,0.039554,0.038914,0.038362,0.037814,0.037235,0.036853,0.036447,0.036208,0.035912,0.035647,0.035464,0.035215,0.035072,0.034964,0.034886
2.5287e-13,0.5154,0.25878,0.30498,2.2123,0.29357,0.28523,0.48637,3.5117,0.34301,0.25283,0.3525,2.8208,0.36442,0.23395,0.31442,2.327,0.27396,0.19582,0.26458,1.8522,0.27186,0.17182,0.20584,1.4136,0.19824,0.13007,0.16688,1.3682,0.14826,0.087453,0.065197,0.22682,0.039429,0.035898,0.033943,0.0558,0.028561,0.027272,0.026156,0.025047,0.024349,0.023599,0.022924,0.022518,0.021876,0.021411,0.020955,0.020597,0.020223,0.019922,0.019641,0.019748,0.019092,0.018883,0.018685,0.018533,0.018411,0.018268,0.018144,0.01848,0.017994,0.017954,0.017914
2.585e-13,0.72378,0.39177,0.41179,3.0896,0.4374,0.4099,0.73332,5.193,0.4925,0.33012,0.50482,4.3412,0.56539,0.35927,0.50128,3.8738,0.45113,0.3054,0.41234,2.7704,0.38889,0.28178,0.33251,2.0988,0.29347,0.19035,0.2568,1.8797,0.21897,0.11635,0.10083,0.28257,0.065068,0.057666,0.054598,0.076316,0.050033,0.047514,0.045684,0.044386,0.043079,0.04193,0.040923,0.040103,0.039223,0.038514,0.037759,0.037244,0.036685,0.036163,0.035738,0.035741,0.034813,0.034514,0.034215,0.034086,0.033792,0.03357,0.03338,0.03305,0.033171,0.0331,0.033062
2.7136e-13,0.59558,0.37861,0.44352,2.9231,0.39991,0.36749,0.41946,3.7008,0.41413,0.24033,0.32337,2.6629,0.34805,0.24249,0.26351,1.8787,0.26063,0.14593,0.19596,1.4547,0.17994,0.1482,0.16621,1.1126,0.17623,0.11705,0.13551,0.89703,0.10698,0.066328,0.049957,0.13487,0.036442,0.032542,0.030959,0.042719,0.028715,0.027288,0.026183,0.025408,0.024819,0.024224,0.023692,0.023355,0.022789,0.022405,0.022031,0.021741,0.021421,0.021158,0.020911,0.020907,0.020447,0.020269,0.020103,0.020071,0.019876,0.019755,0.019674,0.019399,0.019475,0.019457,0.019446
3.4219e-13,0.77458,0.49382,0.58589,3.6974,0.57368,0.63169,0.8296,6.638,0.72675,0.4217,0.54764,4.4294,0.58718,0.41645,0.46813,3.2403,0.45671,0.24624,0.29849,2.4287,0.28872,0.23659,0.27151,1.8281,0.26639,0.17925,0.21157,1.4273,0.16207,0.10714,0.082932,0.26333,0.064988,0.05749,0.054334,0.073025,0.050705,0.048811,0.046845,0.045561,0.044354,0.043267,0.042327,0.041485,0.040626,0.039935,0.039236,0.038601,0.038152,0.037667,0.037216,0.036866,0.036366,0.03604,0.035734,0.035518,0.035355,0.035132,0.034959,0.034779,0.034701,0.034637,0.034603
3.0458e-13,0.59458,0.34831,0.41067,2.8481,0.45918,0.47456,0.67316,5.3802,0.57796,0.3531,0.45361,3.3337,0.44052,0.31753,0.36697,2.9603,0.37917,0.23552,0.2815,2.2018,0.2658,0.20181,0.22316,1.7423,0.22378,0.15036,0.18112,1.274,0.13265,0.090778,0.072545,0.25545,0.054501,0.047331,0.044613,0.076366,0.041452,0.03904,0.037552,0.036384,0.035284,0.034342,0.033564,0.032957,0.03212,0.031548,0.030963,0.030458,0.03005,0.029637,0.029269,0.029054,0.028577,0.028309,0.028055,0.027824,0.027724,0.02755,0.027403,0.027516,0.027207,0.027157,0.027111
4.3696e-13,0.76824,0.38229,0.44306,3.4651,0.54278,0.4245,0.74636,4.9453,0.57697,0.42516,0.52942,4.3713,0.57795,0.40603,0.44769,3.9164,0.50968,0.35129,0.51689,3.5109,0.42498,0.29686,0.39864,2.4925,0.36876,0.23546,0.27581,2.259,0.24547,0.14661,0.10006,0.29286,0.072181,0.064068,0.059752,0.077343,0.051039,0.048734,0.046539,0.044858,0.043169,0.041772,0.040447,0.03947,0.038428,0.037536,0.036691,0.036027,0.035311,0.034717,0.034189,0.033958,0.033149,0.03279,0.032419,0.032252,0.031906,0.031653,0.031464,0.031551,0.031108,0.031028,0.030947
2.6148e-13,0.52682,0.26461,0.31879,2.5747,0.32787,0.2213,0.33886,2.8032,0.30555,0.22185,0.30722,2.2803,0.2757,0.21417,0.24873,2.2157,0.25653,0.18605,0.25725,1.8973,0.22568,0.16581,0.22652,1.5929,0.20482,0.12589,0.15739,1.2837,0.13998,0.078459,0.061242,0.22005,0.039909,0.034902,0.03321,0.05991,0.028207,0.026751,0.025685,0.024901,0.023931,0.02322,0.022567,0.022004,0.021491,0.02101,0.020575,0.020259,0.019838,0.019524,0.019243,0.019124,0.018705,0.018509,0.018306,0.018291,0.018053,0.017907,0.01781,0.017639,0.017617,0.017563,0.017536
2.0902e-13,0.73607,0.38557,0.49131,3.5817,0.54128,0.53991,0.7243,4.825,0.60134,0.42415,0.61981,4.7234,0.57156,0.38527,0.5579,3.7053,0.49909,0.30203,0.3951,3.084,0.39661,0.27418,0.33117,2.6974,0.31397,0.2201,0.2953,2.0916,0.24211,0.12847,0.10528,0.28352,0.067452,0.059212,0.055185,0.09579,0.050441,0.048928,0.04663,0.045084,0.043595,0.042356,0.041297,0.040414,0.03947,0.038698,0.037974,0.037183,0.036757,0.036242,0.035773,0.035373,0.034895,0.034553,0.034238,0.033995,0.033829,0.033599,0.033408,0.033351,0.033155,0.033054,0.033018
2.7235e-13,0.5911,0.38132,0.45325,2.9465,0.48755,0.45039,0.65235,4.0461,0.5105,0.33709,0.43976,3.3678,0.42573,0.30851,0.38895,2.3031,0.34889,0.20857,0.27041,2.0737,0.25159,0.16544,0.18836,1.4876,0.19808,0.13891,0.18115,1.3847,0.15686,0.09078,0.070389,0.18746,0.048516,0.044376,0.04178,0.062856,0.037835,0.03729,0.035813,0.034963,0.033853,0.033046,0.032284,0.031706,0.031023,0.030474,0.029954,0.029402,0.029088,0.028717,0.028377,0.028067,0.027752,0.0275,0.027271,0.02709,0.027003,0.026831,0.02669,0.026488,0.02649,0.026451,0.026424
2.2337e-13,0.54132,0.32796,0.46506,2.8038,0.36613,0.24623,0.28544,1.8706,0.22149,0.14424,0.19103,1.268,0.20929,0.1157,0.16194,1.1079,0.12759,0.089503,0.13083,0.85744,0.1122,0.084379,0.10567,0.75648,0.10393,0.068055,0.088612,0.56753,0.074456,0.044808,0.035115,0.099521,0.025181,0.022971,0.021985,0.030209,0.020696,0.019703,0.018968,0.018494,0.018089,0.017695,0.01735,0.017071,0.016728,0.016466,0.016221,0.016039,0.0158,0.015629,0.015461,0.015317,0.015169,0.01504,0.014918,0.014911,0.014778,0.014699,0.014613,0.014478,0.014561,0.014544,0.014526
2.8051e-13,0.47704,0.29181,0.29295,2.2469,0.27852,0.21873,0.26408,1.4098,0.18069,0.10459,0.14632,1.059,0.152,0.090946,0.13056,0.87652,0.11493,0.066641,0.094445,0.65811,0.086676,0.058206,0.077589,0.61147,0.072874,0.051051,0.064225,0.45821,0.056475,0.032577,0.028004,0.086379,0.018883,0.017043,0.016162,0.022704,0.014761,0.014181,0.013837,0.013465,0.013159,0.012846,0.012581,0.012331,0.012104,0.0119,0.011708,0.011537,0.011387,0.011241,0.011112,0.011113,0.010879,0.010786,0.010701,0.0107,0.010568,0.010499,0.010427,0.010549,0.010412,0.010378,0.010364
2.4049e-13,0.56154,0.39784,0.71609,3.8386,0.46027,0.3638,0.3604,2.4856,0.25553,0.18179,0.26496,1.8257,0.25321,0.17956,0.21928,1.4504,0.19084,0.12447,0.17221,1.2769,0.15957,0.11653,0.14967,1.0318,0.13784,0.098351,0.12819,0.89383,0.10077,0.058932,0.043418,0.13525,0.030046,0.027325,0.025499,0.039593,0.023844,0.022777,0.021881,0.021192,0.020584,0.02007,0.019583,0.019129,0.018804,0.018453,0.01813,0.017841,0.017572,0.01735,0.017132,0.017016,0.016747,0.016581,0.016417,0.016336,0.016261,0.016161,0.016101,0.016036,0.015902,0.015852,0.015912
3.0338e-13,0.74042,0.4017,0.70289,4.0747,0.53966,0.43015,0.52937,3.742,0.44991,0.31809,0.48531,3.5396,0.43251,0.29278,0.43174,2.9728,0.38172,0.24774,0.34343,2.7217,0.32701,0.24254,0.35412,2.3121,0.29485,0.21478,0.28291,1.7772,0.21319,0.11132,0.089577,0.28615,0.056278,0.049144,0.045111,0.075875,0.041103,0.03916,0.037177,0.035737,0.034423,0.033403,0.032474,0.031689,0.030981,0.030302,0.029686,0.029073,0.028668,0.028246,0.027842,0.027417,0.027132,0.026847,0.026563,0.026304,0.026214,0.026032,0.025853,0.025921,0.02564,0.02556,0.025538
4.957e-13,1.4118,0.83537,0.98573,11.282,0.62245,0.43148,0.54887,4.0372,0.4901,0.32173,0.44451,4.0281,0.38326,0.28263,0.36199,3.3281,0.37741,0.26099,0.36745,2.9729,0.37613,0.23586,0.30935,2.6625,0.29892,0.20281,0.26868,2.0675,0.23331,0.13376,0.10753,0.26226,0.070732,0.065263,0.061477,0.082542,0.055571,0.053986,0.051457,0.050063,0.048631,0.047389,0.046361,0.045321,0.044456,0.043677,0.042942,0.042275,0.041677,0.041137,0.040653,0.04024,0.039773,0.039426,0.03911,0.039079,0.038568,0.038353,0.038126,0.038156,0.037933,0.0378,0.037797
4.8806e-13,0.86312,0.47135,0.58409,4.316,0.63638,0.48845,0.58985,3.4871,0.48962,0.38703,0.49736,4.2539,0.55592,0.35615,0.49816,3.7861,0.45452,0.30745,0.42432,2.8674,0.37092,0.26305,0.32914,2.1496,0.32069,0.20433,0.28809,1.9494,0.23304,0.13007,0.10638,0.25975,0.068319,0.058578,0.053447,0.072156,0.048317,0.045066,0.043503,0.041825,0.040174,0.038847,0.037715,0.036874,0.035824,0.035019,0.03422,0.033524,0.03305,0.032476,0.031987,0.031657,0.031085,0.03077,0.030458,0.030254,0.029989,0.029785,0.029541,0.029914,0.029377,0.029311,0.029212
3.2607e-13,0.71639,0.40635,0.67379,3.4517,0.4789,0.26664,0.31534,2.1738,0.26103,0.17977,0.24688,1.6615,0.19542,0.14151,0.20504,1.6107,0.18414,0.12199,0.1754,1.4037,0.18638,0.11835,0.1687,1.0636,0.15923,0.099759,0.14926,1.0682,0.11814,0.066554,0.054099,0.16057,0.036089,0.032331,0.029459,0.04266,0.026767,0.025205,0.023848,0.02308,0.022175,0.021503,0.020904,0.020355,0.019917,0.019484,0.019099,0.018722,0.018445,0.018152,0.017878,0.017618,0.017453,0.017266,0.017095,0.017008,0.016838,0.01672,0.016564,0.016797,0.016504,0.016438,0.016456
2.5789e-13,0.61207,0.44978,0.84342,4.0759,0.59215,0.35087,0.35178,2.0928,0.24143,0.16083,0.2025,1.2997,0.174,0.11114,0.13623,0.98499,0.12853,0.080332,0.10374,0.76897,0.10794,0.072396,0.090388,0.62442,0.080674,0.062868,0.076571,0.5343,0.077074,0.044504,0.035994,0.076726,0.028496,0.025815,0.024311,0.031819,0.022742,0.021735,0.021051,0.020566,0.020103,0.019664,0.019274,0.018977,0.01861,0.01831,0.018048,0.017776,0.017589,0.017388,0.0172,0.017101,0.016883,0.016742,0.016606,0.016651,0.016457,0.016365,0.016264,0.016411,0.016217,0.016168,0.016177
2.2039e-13,0.39552,0.27274,0.39132,2.2237,0.3332,0.20822,0.25929,1.2009,0.14907,0.089392,0.13199,0.79047,0.15649,0.085605,0.095446,0.60221,0.088363,0.055896,0.076774,0.51919,0.071244,0.048102,0.065553,0.43672,0.061698,0.04267,0.052976,0.3755,0.045678,0.029468,0.025186,0.10695,0.017444,0.015838,0.014854,0.019814,0.013454,0.013245,0.012869,0.012472,0.012141,0.011854,0.011605,0.011419,0.011186,0.010993,0.010826,0.010664,0.010535,0.010408,0.01029,0.010294,0.010102,0.010008,0.009932,0.0099517,0.0098202,0.0097669,0.0097107,0.0098484,0.0096715,0.0096444,0.009647
2.6186e-13,0.48265,0.34877,0.42939,2.8525,0.33913,0.18228,0.19151,1.0534,0.12886,0.085696,0.10409,0.76787,0.13149,0.075435,0.07923,0.60143,0.082179,0.05309,0.070417,0.48164,0.069628,0.046007,0.057306,0.42564,0.062297,0.041757,0.052488,0.39402,0.042436,0.0281,0.026198,0.12201,0.017971,0.01646,0.015748,0.0194,0.014312,0.013988,0.013622,0.013297,0.013005,0.012741,0.012514,0.012286,0.012098,0.011924,0.011762,0.011602,0.011485,0.011363,0.011249,0.011198,0.011051,0.010966,0.010877,0.010852,0.010789,0.010736,0.010692,0.011036,0.010631,0.010621,0.010585
2.0897e-13,0.5046,0.33991,0.52007,3.1153,0.44382,0.22933,0.21611,1.1295,0.15532,0.11367,0.13678,1.0021,0.12201,0.088479,0.099828,0.72114,0.09607,0.066901,0.085826,0.62799,0.085856,0.060371,0.083383,0.53013,0.070694,0.05151,0.0644,0.45932,0.052729,0.033752,0.029194,0.071273,0.021887,0.020469,0.019297,0.022776,0.01835,0.017584,0.017143,0.016741,0.016359,0.016028,0.015741,0.015427,0.015207,0.014978,0.014767,0.014577,0.014402,0.014237,0.014083,0.013952,0.013846,0.013735,0.013629,0.013515,0.01348,0.013401,0.013309,0.013553,0.013315,0.013283,0.013258
2.3186e-13,0.62449,0.3747,0.64152,3.3895,0.43105,0.21865,0.25025,1.6302,0.23896,0.14435,0.17231,1.3235,0.15415,0.12297,0.15184,1.0207,0.14778,0.096906,0.13839,0.99438,0.12188,0.089446,0.11131,0.93269,0.10788,0.085871,0.10166,0.80799,0.092464,0.05268,0.043139,0.10995,0.028039,0.025883,0.024391,0.031888,0.022134,0.021559,0.020781,0.020123,0.019597,0.019153,0.01875,0.018323,0.018018,0.017707,0.017412,0.017143,0.016948,0.016719,0.016529,0.016374,0.01621,0.016064,0.015938,0.015799,0.015729,0.015644,0.015516,0.015859,0.015508,0.015461,0.015452
3.715e-13,0.89706,0.50409,0.80045,5.1293,0.47305,0.31871,0.386,2.6209,0.33245,0.24317,0.27733,2.6016,0.30131,0.22173,0.29226,2.0918,0.25675,0.16655,0.26038,1.7834,0.22668,0.15168,0.18851,1.4672,0.21006,0.13793,0.17625,1.3202,0.16598,0.086219,0.071501,0.19834,0.047402,0.040304,0.036843,0.055285,0.032881,0.031094,0.030157,0.029039,0.027913,0.027089,0.026375,0.025861,0.025133,0.024614,0.024104,0.023686,0.02332,0.02294,0.022621,0.022321,0.022071,0.021835,0.021607,0.021423,0.021291,0.021153,0.020949,0.02144,0.020871,0.020816,0.020785
4.3589e-13,0.96549,0.51082,0.87257,7.1287,0.47021,0.36374,0.45312,3.4421,0.3865,0.27331,0.39768,3.1887,0.38253,0.25157,0.33115,2.397,0.32138,0.20591,0.2585,2.2271,0.27416,0.18965,0.25141,1.8116,0.24898,0.14555,0.18625,1.5825,0.18497,0.09274,0.083925,0.24794,0.056243,0.049265,0.04585,0.067367,0.040506,0.039498,0.037408,0.036218,0.034823,0.033777,0.032888,0.032148,0.031327,0.030678,0.03005,0.029574,0.029061,0.028608,0.028214,0.027739,0.027501,0.027208,0.026939,0.026774,0.02653,0.026321,0.026062,0.026858,0.026024,0.025948,0.025877
3.4015e-13,0.94687,0.64349,1.3953,5.0626,0.50959,0.27536,0.30248,2.3159,0.25022,0.15422,0.20064,1.7933,0.17981,0.13493,0.14244,1.4263,0.15269,0.11441,0.13793,1.1281,0.14383,0.10169,0.12367,1.0409,0.11262,0.080868,0.10577,0.75767,0.097276,0.058549,0.04663,0.11921,0.034135,0.030129,0.028385,0.037956,0.026351,0.025335,0.02465,0.024026,0.023325,0.022811,0.022362,0.022056,0.021555,0.021208,0.020888,0.020607,0.020359,0.020117,0.019911,0.019749,0.019532,0.019372,0.019228,0.019144,0.018984,0.018878,0.018692,0.020034,0.018725,0.018682,0.01868
2.8087e-13,0.76985,0.52389,0.75675,5.5479,0.40341,0.22535,0.25317,1.5928,0.18216,0.12399,0.16288,1.3021,0.1464,0.11722,0.13254,1.0303,0.12017,0.074745,0.10778,0.78732,0.10754,0.073797,0.095083,0.7549,0.090147,0.058085,0.080339,0.585,0.07105,0.039792,0.034291,0.095629,0.025221,0.022663,0.020841,0.031282,0.01936,0.018601,0.017927,0.01749,0.01699,0.016605,0.016253,0.015913,0.015619,0.015348,0.015105,0.014861,0.014682,0.014495,0.014317,0.014149,0.014032,0.013909,0.013784,0.01379,0.01361,0.013541,0.013456,0.013412,0.013381,0.013359,0.013304
5.4127e-13,1.1257,0.76775,1.2588,9.1142,0.5227,0.30144,0.32982,2.4006,0.27945,0.18,0.22099,2.3211,0.20082,0.14232,0.18304,1.6594,0.18279,0.12813,0.15153,1.2083,0.15764,0.10651,0.13569,1.0065,0.13826,0.093269,0.11674,0.91813,0.098702,0.061066,0.051887,0.11607,0.041467,0.037715,0.035409,0.04295,0.03348,0.032395,0.031233,0.030286,0.02969,0.029052,0.028457,0.028023,0.027472,0.027031,0.026641,0.026268,0.025952,0.025654,0.025377,0.025128,0.024913,0.024708,0.024507,0.02444,0.024245,0.024137,0.023995,0.024448,0.023832,0.023804,0.023761
5.0759e-13,1.5185,0.75528,0.88997,14.746,0.52438,0.41994,0.43543,3.2279,0.33791,0.24191,0.32971,2.5758,0.30674,0.21218,0.31354,2.4617,0.33324,0.21339,0.27564,2.0121,0.27368,0.19067,0.26421,1.8164,0.24066,0.15159,0.23734,1.563,0.18094,0.10232,0.089272,0.2259,0.056807,0.052955,0.051253,0.071456,0.046864,0.045712,0.044441,0.043752,0.04261,0.0418,0.041101,0.040432,0.039737,0.039149,0.038647,0.038279,0.037715,0.037313,0.036939,0.036615,0.036289,0.03601,0.035749,0.03566,0.035313,0.035139,0.034855,0.035543,0.034957,0.034816,0.034825
4.8408e-13,1.2372,0.82035,1.2637,12.677,0.4658,0.29365,0.28285,2.0896,0.24688,0.16506,0.19161,1.9348,0.18588,0.13321,0.17064,1.4073,0.16663,0.11519,0.12718,1.0176,0.14202,0.096563,0.12134,0.80362,0.12445,0.084961,0.10416,0.7485,0.099937,0.06834,0.058537,0.12024,0.042664,0.039865,0.037892,0.044319,0.035203,0.034075,0.033196,0.032315,0.031565,0.030891,0.030301,0.029774,0.029247,0.028796,0.028374,0.027966,0.027651,0.027339,0.027056,0.02685,0.02653,0.026334,0.026143,0.025953,0.025828,0.02571,0.025565,0.025973,0.025483,0.025421,0.025378
2.8331e-13,0.79946,0.70418,0.86448,7.0849,0.36358,0.19707,0.2228,1.3134,0.17197,0.10757,0.14344,1.1846,0.14474,0.099752,0.12345,0.86537,0.11484,0.074094,0.10015,0.75204,0.117,0.083179,0.098667,0.72442,0.079739,0.061008,0.07997,0.61204,0.071032,0.04422,0.038126,0.10569,0.029737,0.026647,0.025258,0.030362,0.023308,0.022459,0.021785,0.021264,0.02074,0.020322,0.019925,0.01966,0.019252,0.018953,0.018676,0.018399,0.018214,0.018004,0.017812,0.017659,0.01749,0.017356,0.017233,0.017016,0.017039,0.016974,0.016942,0.016839,0.016765,0.016726,0.016689
2.4878e-13,0.49063,0.4369,0.5607,3.0193,0.32201,0.17863,0.19481,1.2263,0.15967,0.094187,0.12316,0.92609,0.14256,0.096635,0.10798,0.75696,0.091387,0.063386,0.079455,0.5245,0.076799,0.053701,0.069882,0.48582,0.064797,0.043372,0.059641,0.40092,0.056027,0.03095,0.026624,0.1008,0.018888,0.017343,0.016902,0.019674,0.015189,0.01478,0.014467,0.01414,0.013851,0.013573,0.013321,0.01309,0.012888,0.012691,0.012522,0.012332,0.012222,0.01209,0.011966,0.011907,0.011741,0.011651,0.01156,0.011628,0.011456,0.011406,0.011351,0.011852,0.01127,0.011247,0.011229
3.7349e-13,0.69659,0.43347,0.57009,3.5892,0.47336,0.3527,0.34174,1.905,0.22194,0.13748,0.19576,1.2924,0.16891,0.11691,0.12817,0.9525,0.12111,0.080152,0.10613,0.70212,0.1018,0.069734,0.080856,0.54854,0.075718,0.061331,0.078171,0.49541,0.067012,0.037879,0.03249,0.087384,0.02507,0.023773,0.022951,0.026133,0.021779,0.0209,0.020263,0.019769,0.019478,0.019091,0.018745,0.01846,0.018128,0.017861,0.01762,0.017379,0.017186,0.017005,0.016827,0.016775,0.016554,0.016413,0.016298,0.016331,0.016121,0.016051,0.015967,0.016385,0.01591,0.015859,0.015831
4.7536e-13,0.68695,0.42147,0.46351,3.0099,0.46296,0.44857,0.59032,4.4399,0.56871,0.40233,0.56083,4.417,0.58463,0.34963,0.52398,3.725,0.48283,0.3346,0.41349,2.8964,0.45046,0.26279,0.35438,2.4845,0.34708,0.22281,0.28875,2.1404,0.21301,0.12957,0.10109,0.30669,0.065245,0.055901,0.051847,0.075682,0.045427,0.043095,0.040872,0.03928,0.037927,0.03664,0.035628,0.034638,0.033814,0.03301,0.032315,0.031797,0.03117,0.03063,0.030167,0.030042,0.029346,0.028996,0.028684,0.028759,0.028281,0.028076,0.027896,0.028471,0.027643,0.02756,0.027512
4.7754e-13,0.68203,0.42384,0.44017,2.9649,0.5019,0.50386,0.71578,4.6413,0.59738,0.3963,0.531,3.8617,0.5559,0.33195,0.47031,3.7782,0.50401,0.30251,0.43168,2.9911,0.43273,0.27311,0.31763,2.2995,0.26745,0.17777,0.22964,1.9319,0.19452,0.10455,0.086172,0.25229,0.056365,0.050088,0.046842,0.064037,0.04114,0.039598,0.038069,0.036433,0.03528,0.034171,0.033197,0.032074,0.031459,0.030765,0.03011,0.029547,0.028958,0.028505,0.028072,0.027944,0.027231,0.026931,0.02663,0.026412,0.026231,0.026007,0.025839,0.025988,0.025613,0.025556,0.025499
4.2028e-13,0.83463,0.5059,0.59045,3.7687,0.70022,0.67111,0.89011,6.8466,0.82277,0.51765,0.71169,5.6759,0.79946,0.53262,0.68884,5.1445,0.72388,0.46053,0.57409,4.0635,0.5589,0.35584,0.48692,2.9124,0.48397,0.28777,0.32552,2.8341,0.28737,0.16555,0.13423,0.36102,0.081795,0.072268,0.067635,0.085603,0.05908,0.055966,0.052965,0.050966,0.04927,0.047589,0.046158,0.045363,0.043675,0.042574,0.04161,0.041056,0.039995,0.039275,0.038642,0.037952,0.03742,0.036957,0.0365,0.036527,0.035895,0.035595,0.035287,0.03512,0.034943,0.034833,0.034728
3.1366e-13,0.70543,0.43382,0.47171,2.9745,0.4709,0.41228,0.638,4.3707,0.50582,0.32222,0.48281,3.0741,0.46315,0.31069,0.4192,3.0242,0.42798,0.27365,0.33692,2.6283,0.3581,0.23292,0.2816,1.8333,0.26956,0.16571,0.20981,1.7198,0.18173,0.10534,0.090577,0.21927,0.055816,0.049798,0.046306,0.064724,0.041054,0.038718,0.036907,0.0354,0.034231,0.033077,0.032069,0.031215,0.030397,0.029669,0.029009,0.028382,0.027906,0.027424,0.026972,0.026782,0.026195,0.025881,0.025618,0.025282,0.02512,0.024926,0.024788,0.024613,0.024496,0.024415,0.024364
2.532e-13,0.60084,0.33923,0.39516,2.6592,0.39826,0.32151,0.49755,3.481,0.41086,0.24614,0.4331,3.1709,0.43231,0.22766,0.33917,3.074,0.32299,0.23948,0.27988,2.0372,0.2864,0.18508,0.22254,1.7195,0.21953,0.15134,0.18114,1.3715,0.15633,0.090163,0.075414,0.18843,0.045536,0.041081,0.038405,0.053831,0.034012,0.032655,0.031066,0.030022,0.029073,0.028223,0.027508,0.026875,0.026199,0.025663,0.025125,0.024706,0.024299,0.023944,0.023631,0.02339,0.022934,0.022712,0.022502,0.022225,0.022197,0.022047,0.021953,0.02173,0.021711,0.021658,0.021607
2.8724e-13,0.52124,0.33987,0.36462,2.0658,0.33623,0.25904,0.29328,1.7807,0.24279,0.15237,0.19862,1.6155,0.22392,0.14647,0.18169,1.3909,0.17813,0.11574,0.16204,1.1348,0.15624,0.10244,0.11895,0.97745,0.1321,0.094513,0.10321,0.86847,0.094003,0.051454,0.042612,0.12921,0.02757,0.024453,0.023038,0.031812,0.02117,0.0204,0.019313,0.018781,0.018317,0.017818,0.017374,0.017074,0.016683,0.016371,0.01607,0.015797,0.015589,0.015377,0.015189,0.015139,0.014845,0.014711,0.014583,0.014505,0.014423,0.014347,0.01427,0.014451,0.014145,0.014115,0.014101
2.8062e-13,0.6773,0.42256,0.5368,3.0037,0.43749,0.39065,0.44967,3.0227,0.35079,0.23273,0.31804,2.4319,0.35779,0.2312,0.28993,1.7996,0.24999,0.16338,0.20926,1.4303,0.20709,0.13235,0.1658,1.1836,0.14669,0.10868,0.12186,1.0927,0.11687,0.064414,0.048025,0.14336,0.035584,0.032017,0.030401,0.041031,0.027679,0.02643,0.025315,0.024361,0.023802,0.023177,0.022575,0.022062,0.021651,0.021235,0.020854,0.020452,0.020196,0.019889,0.019631,0.019322,0.019164,0.018958,0.018755,0.018505,0.018547,0.018417,0.018322,0.018343,0.018127,0.018078,0.01807
2.4565e-13,0.85821,0.57097,0.74226,4.304,0.66673,0.61852,0.75859,5.6152,0.64434,0.41375,0.66726,4.6987,0.6739,0.41409,0.49685,3.5271,0.44444,0.29625,0.40118,2.6336,0.37552,0.25017,0.29519,2.4037,0.30796,0.1944,0.23762,1.7467,0.21028,0.12565,0.097958,0.24277,0.069467,0.062128,0.058063,0.073711,0.052775,0.050511,0.048438,0.047307,0.04566,0.044459,0.043358,0.042792,0.04155,0.040713,0.04,0.039215,0.038822,0.038242,0.037788,0.037313,0.03687,0.036507,0.036185,0.035814,0.035764,0.035516,0.03539,0.035281,0.035037,0.034965,0.034931
2.9967e-13,0.85621,0.57471,0.68605,4.1598,0.72166,0.72409,0.84486,6.4379,0.77225,0.5043,0.85052,6.9814,0.91038,0.5364,0.75686,6.0487,0.69434,0.46863,0.71723,4.6596,0.65,0.43261,0.48024,3.9366,0.54136,0.34949,0.41218,2.9658,0.39851,0.22155,0.17101,0.4278,0.11339,0.10061,0.092658,0.12309,0.082971,0.07765,0.074457,0.072214,0.068815,0.066565,0.064541,0.063551,0.061277,0.059819,0.05852,0.0573,0.056384,0.055445,0.054651,0.053849,0.053114,0.052522,0.052029,0.051596,0.051187,0.050814,0.050595,0.050193,0.050039,0.049923,0.049863
3.062e-13,0.77647,0.48551,0.59345,3.679,0.65767,0.54018,0.65656,5.221,0.53304,0.42543,0.62484,5.5244,0.72981,0.42119,0.57217,4.7418,0.55709,0.37527,0.53861,3.4596,0.45376,0.3263,0.38566,2.9278,0.41018,0.24225,0.28073,2.3121,0.28097,0.16403,0.1274,0.28803,0.082146,0.072773,0.066909,0.090366,0.060594,0.056688,0.054294,0.051917,0.049985,0.048338,0.046891,0.0459,0.044422,0.043388,0.042461,0.041617,0.040896,0.040162,0.039577,0.039301,0.038432,0.037994,0.037593,0.037415,0.037012,0.036746,0.036531,0.036097,0.036124,0.036062,0.035966
3.5324e-13,0.86442,0.47836,0.57109,3.2737,0.50926,0.40966,0.60065,4.3209,0.53689,0.38177,0.53682,4.3264,0.5952,0.38916,0.51591,3.3524,0.46914,0.32423,0.41538,2.7344,0.43107,0.26307,0.32989,2.5307,0.35939,0.2204,0.24893,2.1862,0.25353,0.16105,0.11328,0.30155,0.065449,0.057818,0.053026,0.077462,0.046524,0.043021,0.041922,0.040509,0.038413,0.037065,0.035951,0.034906,0.033946,0.033119,0.032357,0.031793,0.031102,0.030536,0.030052,0.030017,0.02915,0.02882,0.028496,0.028552,0.028068,0.027846,0.027741,0.028079,0.027346,0.027286,0.027191
2.6931e-13,0.75016,0.40084,0.52953,3.4635,0.57626,0.49216,0.64575,4.958,0.60735,0.44888,0.66892,5.3427,0.69873,0.45945,0.59102,4.226,0.58995,0.36853,0.50097,3.4977,0.46411,0.285,0.41643,2.9488,0.41493,0.2906,0.32992,2.5509,0.29672,0.16784,0.12609,0.39154,0.077476,0.067411,0.061883,0.096374,0.05543,0.052105,0.049641,0.047817,0.0459,0.044368,0.043026,0.041862,0.040799,0.039785,0.038935,0.038298,0.037493,0.036851,0.036307,0.035626,0.035237,0.034847,0.034496,0.03443,0.033999,0.033742,0.033564,0.033738,0.033168,0.033091,0.033023
2.7089e-13,0.67547,0.41929,0.55992,3.5206,0.49064,0.42668,0.49388,3.5039,0.4274,0.28173,0.38445,3.261,0.44256,0.26015,0.31683,2.6056,0.31282,0.20006,0.28114,2.0301,0.23322,0.16852,0.22164,1.4817,0.23066,0.15063,0.1534,1.3133,0.14193,0.081785,0.068145,0.18603,0.04449,0.038234,0.0358,0.049524,0.032002,0.031109,0.029572,0.028565,0.027758,0.027008,0.026342,0.025693,0.025112,0.024593,0.024126,0.023727,0.02331,0.022966,0.022641,0.022307,0.022111,0.021868,0.021614,0.021641,0.021366,0.021207,0.021065,0.021079,0.020865,0.02077,0.020775
2.9924e-13,0.64429,0.45026,0.55762,2.5722,0.39489,0.29538,0.29905,1.7358,0.24009,0.1452,0.18475,1.6014,0.21311,0.12968,0.19311,1.3795,0.17029,0.11954,0.15022,1.1069,0.1622,0.10485,0.12358,0.89959,0.12729,0.081361,0.10098,0.78589,0.091883,0.052924,0.041475,0.13789,0.0296,0.026813,0.025171,0.033679,0.023265,0.022198,0.021245,0.020544,0.020106,0.019586,0.019101,0.018691,0.01834,0.018012,0.017696,0.017474,0.017151,0.016921,0.01672,0.016575,0.016323,0.016174,0.016032,0.016046,0.015822,0.01574,0.01565,0.0158,0.015534,0.015474,0.015498
3.2564e-13,0.69633,0.45746,0.58535,2.6119,0.43091,0.33235,0.31395,2.2963,0.26607,0.16655,0.21741,1.4546,0.21119,0.14163,0.15554,1.1046,0.15223,0.092823,0.10936,0.81693,0.11045,0.075957,0.093154,0.68634,0.092026,0.059094,0.073796,0.57144,0.060533,0.043831,0.035171,0.12952,0.027747,0.025523,0.024222,0.029532,0.022716,0.021944,0.021304,0.020726,0.020257,0.019819,0.019416,0.019087,0.018733,0.018425,0.018138,0.017895,0.017656,0.017457,0.01726,0.017207,0.016922,0.016773,0.016653,0.01654,0.016444,0.016368,0.016269,0.016704,0.016242,0.016182,0.016138
7.0515e-13,0.79029,0.47638,0.5959,3.364,0.44155,0.3785,0.35672,1.8287,0.23825,0.15637,0.20515,1.2465,0.17396,0.11496,0.11904,0.93921,0.1233,0.07714,0.10203,0.71934,0.095071,0.059117,0.07421,0.52861,0.078235,0.056149,0.068017,0.46962,0.061045,0.03677,0.03493,0.098093,0.026376,0.024853,0.024021,0.029804,0.02208,0.021565,0.020913,0.020469,0.019981,0.019593,0.019216,0.018925,0.018579,0.018297,0.018037,0.017807,0.017578,0.017387,0.017198,0.017105,0.016892,0.016761,0.016637,0.016594,0.016466,0.016397,0.016336,0.016514,0.016243,0.01618,0.016161
3.4711e-13,0.43689,0.29146,0.34844,2.2387,0.29506,0.22439,0.24568,1.4195,0.16402,0.12009,0.15579,1.1145,0.17207,0.10435,0.13566,0.79171,0.1062,0.07442,0.099376,0.67933,0.081112,0.055621,0.076264,0.62007,0.083213,0.057196,0.0723,0.51807,0.064416,0.033134,0.027735,0.10866,0.018407,0.01656,0.015683,0.02239,0.014472,0.013878,0.013412,0.013103,0.012796,0.012517,0.012266,0.012056,0.01182,0.01162,0.011449,0.011285,0.01114,0.011001,0.010876,0.010716,0.010666,0.010568,0.010478,0.010511,0.010366,0.0103,0.010217,0.010418,0.010208,0.010186,0.010162
2.5342e-13,0.62662,0.50571,0.78248,3.4197,0.53013,0.3226,0.33613,2.3163,0.25682,0.17191,0.25051,2.0877,0.27321,0.16955,0.22845,1.791,0.19385,0.1458,0.21332,1.4119,0.18017,0.13135,0.17351,1.2691,0.16393,0.11606,0.13718,1.0956,0.12633,0.075974,0.054132,0.15569,0.038433,0.034234,0.032129,0.042343,0.029295,0.028178,0.026892,0.026093,0.025142,0.024452,0.023857,0.023378,0.022788,0.02234,0.021913,0.0215,0.021208,0.020933,0.020656,0.020432,0.020171,0.019961,0.019795,0.019734,0.019502,0.019406,0.019355,0.018933,0.019026,0.01899,0.018968
2.056e-13,0.68729,0.59005,0.83924,3.9636,0.63788,0.39721,0.48626,3.378,0.38331,0.2923,0.40774,3.2663,0.44234,0.30097,0.3991,3.1778,0.37149,0.26629,0.34428,2.4698,0.3209,0.21672,0.32538,2.4255,0.29671,0.2113,0.2457,2.0603,0.2359,0.14291,0.10096,0.32608,0.072154,0.061408,0.056072,0.082821,0.050867,0.048299,0.045611,0.043867,0.042123,0.040778,0.039624,0.038504,0.037644,0.036797,0.036048,0.035273,0.03482,0.034261,0.033768,0.033282,0.032922,0.032568,0.032255,0.032084,0.031797,0.031603,0.031473,0.031344,0.031098,0.031021,0.030998
5.7284e-13,1.1559,0.79127,1.3761,6.6235,0.63204,0.42487,0.53187,4.1969,0.54223,0.35159,0.53284,3.5585,0.49375,0.30419,0.44853,3.4128,0.49442,0.32007,0.3945,3.4473,0.4237,0.28577,0.3829,2.7572,0.37027,0.23336,0.33093,2.1954,0.26661,0.13648,0.10786,0.33587,0.070026,0.061563,0.057857,0.099515,0.050464,0.048561,0.046449,0.044771,0.043421,0.042183,0.04109,0.040239,0.039224,0.038412,0.037699,0.037072,0.036511,0.035943,0.035473,0.03525,0.034581,0.034218,0.03388,0.033846,0.033398,0.033194,0.033029,0.033174,0.032752,0.032676,0.032572
4.5567e-13,0.68536,0.42608,0.58174,3.3081,0.42923,0.29586,0.36978,2.5205,0.31843,0.21871,0.33719,2.4579,0.29602,0.21441,0.31488,2.4886,0.2941,0.21244,0.26729,2.1998,0.31303,0.20868,0.28152,2.0064,0.25988,0.18424,0.27726,1.997,0.23928,0.12643,0.099108,0.28791,0.055505,0.046779,0.042906,0.068575,0.036492,0.034466,0.032339,0.031224,0.029727,0.028551,0.027556,0.027079,0.025973,0.025286,0.024686,0.024238,0.023655,0.023209,0.022807,0.02271,0.022106,0.021821,0.02155,0.021237,0.021146,0.020961,0.020851,0.020997,0.020569,0.020496,0.020417
3.0171e-13,0.73656,0.61849,0.94238,3.8491,0.54947,0.31274,0.35346,2.2163,0.29776,0.19861,0.23588,1.6989,0.23487,0.17031,0.22608,1.4855,0.20742,0.14877,0.18746,1.4791,0.17372,0.12308,0.17791,1.3067,0.17541,0.11856,0.16547,1.3475,0.14395,0.085305,0.062161,0.20941,0.043202,0.036479,0.033681,0.055348,0.03099,0.029203,0.028044,0.027302,0.026282,0.025557,0.024905,0.024485,0.023817,0.023351,0.022939,0.02253,0.022229,0.021919,0.021631,0.021376,0.021152,0.02094,0.020761,0.020718,0.020478,0.020363,0.020307,0.020332,0.020033,0.019968,0.020005
2.9052e-13,0.67475,0.62077,0.99365,4.2088,0.6003,0.31971,0.35968,1.9184,0.21876,0.15282,0.17975,1.3245,0.18345,0.11925,0.14692,0.97274,0.13,0.09662,0.12725,0.77567,0.097612,0.072113,0.088967,0.6285,0.098579,0.064295,0.093001,0.59284,0.068562,0.048354,0.042111,0.098603,0.028489,0.026502,0.025639,0.030478,0.023756,0.022914,0.022352,0.021873,0.021455,0.021045,0.020677,0.020367,0.020041,0.019764,0.019509,0.019274,0.019046,0.018858,0.01867,0.018491,0.018389,0.018234,0.018117,0.018056,0.017929,0.017866,0.017849,0.017455,0.017613,0.017594,0.017621
3.1283e-13,0.50477,0.32877,0.44174,3.0215,0.34272,0.22563,0.23876,1.2795,0.18193,0.11618,0.15214,1.0345,0.14107,0.096166,0.10656,0.75834,0.093683,0.068742,0.084264,0.68589,0.084702,0.061949,0.081519,0.61391,0.075399,0.052914,0.06704,0.47647,0.058252,0.036718,0.027712,0.095018,0.021703,0.019863,0.018943,0.024222,0.017621,0.016974,0.016573,0.016161,0.015861,0.015535,0.015245,0.014985,0.014741,0.014525,0.014321,0.014134,0.013972,0.013819,0.013672,0.01344,0.01345,0.013334,0.01323,0.013261,0.013099,0.01304,0.012951,0.013235,0.012942,0.012915,0.012891
2.7201e-13,0.5021,0.39242,0.5729,3.4097,0.31536,0.16519,0.16747,1.062,0.15182,0.10148,0.12386,1.0343,0.12226,0.082226,0.10059,0.7165,0.082709,0.05999,0.087403,0.55706,0.085461,0.053183,0.071203,0.53046,0.064304,0.044413,0.062553,0.49163,0.05633,0.033055,0.024612,0.092722,0.01877,0.017181,0.016446,0.020141,0.015446,0.014698,0.014321,0.013959,0.013614,0.013322,0.013046,0.01281,0.01257,0.012368,0.012178,0.012046,0.011848,0.011707,0.011576,0.011432,0.011349,0.011254,0.011166,0.01109,0.011031,0.010982,0.010929,0.011008,0.010862,0.010834,0.010815
2.6417e-13,0.60697,0.46474,0.6195,3.7042,0.45714,0.20724,0.21714,1.3972,0.18608,0.12111,0.14376,1.0439,0.15183,0.10034,0.12506,0.96478,0.10848,0.083386,0.10476,0.78206,0.093328,0.07171,0.087601,0.60119,0.07635,0.052888,0.075274,0.53511,0.067801,0.041363,0.030317,0.12975,0.022524,0.020833,0.019842,0.028555,0.018306,0.017494,0.017206,0.016854,0.016426,0.016094,0.01579,0.015555,0.015255,0.015021,0.014818,0.014643,0.014425,0.014274,0.014127,0.013956,0.013873,0.013755,0.013653,0.013526,0.013513,0.013443,0.013392,0.013609,0.013287,0.013253,0.013276
2.5456e-13,0.69482,0.51264,0.73572,4.3748,0.41064,0.2225,0.24331,1.8393,0.2362,0.15048,0.20986,1.3428,0.17158,0.13385,0.17827,1.349,0.16477,0.10609,0.14502,1.1305,0.1279,0.092104,0.1298,0.96983,0.12164,0.093929,0.12301,0.95533,0.106,0.060752,0.046083,0.1384,0.03047,0.027108,0.025472,0.037429,0.023223,0.02211,0.021457,0.020989,0.020395,0.019931,0.019517,0.019206,0.018787,0.01848,0.018192,0.017869,0.017701,0.017487,0.017289,0.017044,0.016973,0.016817,0.016691,0.016591,0.016495,0.016405,0.016328,0.016497,0.016237,0.016178,0.016195
3.3353e-13,1.1357,0.70547,1.1203,8.4049,0.48161,0.31221,0.34548,2.4831,0.29156,0.20615,0.30192,2.0513,0.25629,0.18863,0.25996,1.8733,0.25298,0.17326,0.20071,1.6046,0.22249,0.13955,0.19004,1.5323,0.1946,0.14939,0.20309,1.3915,0.17159,0.097263,0.080899,0.19644,0.051379,0.045787,0.042558,0.056895,0.038702,0.037265,0.03585,0.034703,0.033603,0.032648,0.031858,0.031315,0.03052,0.029929,0.029403,0.028956,0.028514,0.028127,0.027762,0.027413,0.027176,0.026901,0.026676,0.026507,0.02627,0.026116,0.025928,0.026644,0.025841,0.025741,0.02573
4.1903e-13,1.4041,0.84548,1.1653,10.682,0.60638,0.40649,0.55666,3.5907,0.4269,0.34623,0.45942,3.7141,0.42963,0.28886,0.42689,3.2702,0.36492,0.25462,0.32826,2.5048,0.34985,0.22383,0.30875,2.5279,0.29804,0.22212,0.28433,1.9386,0.25711,0.15923,0.11756,0.30402,0.078432,0.070757,0.065656,0.087922,0.059174,0.056362,0.054087,0.051945,0.050344,0.048759,0.047432,0.046421,0.045215,0.044234,0.04336,0.042691,0.041935,0.04129,0.040726,0.040342,0.039659,0.039262,0.038898,0.038774,0.038306,0.03806,0.037767,0.037851,0.037565,0.037473,0.037404
5.4219e-13,1.7649,1.0709,1.842,12.326,0.62267,0.35997,0.32758,3.062,0.283,0.2194,0.25916,1.969,0.2446,0.17944,0.20329,1.7446,0.18275,0.15308,0.19459,1.2839,0.16462,0.12641,0.16745,1.1585,0.15387,0.12065,0.15129,0.94594,0.11858,0.083889,0.070857,0.15104,0.055011,0.051029,0.049567,0.058205,0.045877,0.044533,0.043389,0.042566,0.041722,0.040947,0.040264,0.039656,0.039044,0.038492,0.038,0.037531,0.037117,0.036734,0.036384,0.036013,0.035793,0.03552,0.035283,0.035082,0.034908,0.03475,0.034603,0.035487,0.034399,0.034307,0.034311
4.7514e-13,1.0879,0.70577,1.0298,6.4175,0.43341,0.23588,0.26892,1.9578,0.24127,0.15353,0.18239,1.5089,0.21786,0.13734,0.1552,1.3102,0.16081,0.1138,0.14945,1.2288,0.13984,0.10479,0.13356,0.95321,0.12376,0.07713,0.10981,0.82619,0.10176,0.056199,0.047821,0.15291,0.035594,0.032057,0.030209,0.043776,0.028197,0.02719,0.026076,0.025611,0.024816,0.024314,0.023829,0.023456,0.022987,0.022637,0.022308,0.02201,0.02174,0.021498,0.021264,0.021099,0.020899,0.020733,0.020575,0.020545,0.020357,0.020253,0.020201,0.020966,0.020056,0.019971,0.020006
6.0355e-13,1.4413,1.0049,1.6957,8.3402,0.56974,0.33643,0.30863,2.551,0.26633,0.18667,0.218,1.5545,0.22017,0.1542,0.18524,1.5109,0.17707,0.12489,0.16551,1.1859,0.14746,0.10809,0.13946,0.89797,0.13417,0.094695,0.12505,0.86386,0.11066,0.070601,0.062372,0.14062,0.044999,0.042295,0.040522,0.048904,0.038025,0.03666,0.035474,0.034754,0.034041,0.033382,0.03278,0.032321,0.031738,0.031288,0.030869,0.030493,0.030142,0.02983,0.02954,0.029302,0.029031,0.028816,0.028617,0.02844,0.028323,0.028201,0.028138,0.029044,0.027927,0.027857,0.027805
