1.0925e-13,0.44108,0.20217,0.2445,1.9629,0.21019,0.16128,0.18834,1.2956,0.1725,0.11334,0.13942,1.1661,0.15493,0.10564,0.13479,0.94887,0.12606,0.085289,0.11318,0.89188,0.10866,0.072501,0.095357,0.72498,0.082875,0.063892,0.078382,0.59688,0.066774,0.042103,0.032631,0.10222,0.022973,0.020885,0.019811,0.023178,0.018127,0.017144,0.016531,0.016015,0.01556,0.015174,0.014814,0.014509,0.014219,0.013963,0.013714,0.013531,0.013315,0.01314,0.012977,0.012857,0.012693,0.01258,0.012473,0.012346,0.012331,0.012254,0.01217,0.01231,0.012117,0.012092,0.012066
1.6425e-13,0.45624,0.22112,0.26714,1.996,0.24797,0.20522,0.32678,2.6304,0.30233,0.19814,0.23334,1.7735,0.26261,0.16082,0.23784,1.6403,0.21963,0.14478,0.18957,1.3877,0.1771,0.12628,0.15505,1.0975,0.13416,0.08986,0.11261,0.80913,0.09703,0.05502,0.037201,0.13103,0.029292,0.02628,0.024651,0.030446,0.022698,0.021477,0.020543,0.019823,0.019354,0.018832,0.018375,0.017968,0.017595,0.017245,0.016931,0.016667,0.016411,0.016175,0.015968,0.015836,0.0156,0.015446,0.015289,0.015323,0.015114,0.015015,0.014924,0.014928,0.014789,0.014773,0.01474
1.9614e-13,0.39952,0.20501,0.22971,1.5797,0.2121,0.14033,0.17075,1.2881,0.15098,0.095822,0.11655,0.95295,0.13423,0.088537,0.1197,0.76288,0.10428,0.0654,0.080999,0.59177,0.079015,0.058835,0.078904,0.54293,0.065056,0.049162,0.060313,0.48169,0.059033,0.035537,0.026418,0.11665,0.019906,0.018104,0.017141,0.021025,0.015627,0.014917,0.014479,0.014025,0.013662,0.013339,0.013027,0.012725,0.012519,0.012289,0.012088,0.011954,0.011743,0.01158,0.011439,0.011308,0.011192,0.011091,0.011,0.010946,0.010855,0.01079,0.010719,0.010616,0.010687,0.010649,0.010636
1.8763e-13,0.40595,0.20134,0.22596,1.8203,0.21782,0.11934,0.15,0.99893,0.11736,0.081459,0.10255,0.71432,0.10687,0.065641,0.085032,0.60602,0.073335,0.053621,0.061111,0.41779,0.060224,0.040793,0.053951,0.36987,0.05126,0.037037,0.042521,0.33883,0.040676,0.025968,0.020389,0.10948,0.014313,0.013313,0.012693,0.015313,0.011694,0.011252,0.010925,0.010581,0.010315,0.010086,0.0098777,0.0096952,0.0095056,0.0093485,0.0092042,0.0090936,0.0089509,0.0088418,0.0087394,0.0086248,0.0085719,0.0084967,0.0084285,0.0084482,0.008337,0.0082947,0.0082599,0.0083643,0.0082008,0.0081793,0.0081657
2.0179e-13,0.43669,0.21536,0.2339,1.8577,0.24548,0.1658,0.2182,1.7392,0.19901,0.11878,0.17303,1.1789,0.18121,0.096565,0.14247,0.92706,0.1259,0.082031,0.10798,0.79487,0.099562,0.060302,0.080428,0.59128,0.077464,0.055088,0.072765,0.47321,0.069548,0.037988,0.028882,0.14796,0.021153,0.01906,0.017798,0.021034,0.016533,0.015573,0.014941,0.014386,0.013996,0.013611,0.01327,0.012936,0.012708,0.012456,0.012243,0.012083,0.011856,0.011692,0.011539,0.011477,0.011287,0.011173,0.011075,0.011131,0.010922,0.01085,0.01078,0.010541,0.010737,0.010695,0.01068
2.201e-13,0.47208,0.21705,0.26129,1.8692,0.26729,0.19237,0.27092,1.9884,0.22966,0.14565,0.21566,1.472,0.1937,0.11778,0.17422,1.1508,0.14931,0.095711,0.12676,1.0187,0.12163,0.076445,0.094104,0.7262,0.096462,0.067134,0.091109,0.61431,0.085189,0.045905,0.037462,0.10398,0.023096,0.020567,0.019163,0.025337,0.017493,0.016495,0.015653,0.015078,0.014583,0.014144,0.013758,0.013348,0.013106,0.012825,0.012581,0.012357,0.012159,0.011976,0.011812,0.011761,0.011515,0.011402,0.011304,0.011413,0.011113,0.011047,0.01098,0.010916,0.010912,0.010887,0.010868
2.1369e-13,0.4804,0.2225,0.28787,2.0047,0.23943,0.15602,0.23598,1.5352,0.19408,0.11984,0.1636,1.3796,0.14669,0.10207,0.13604,1.0746,0.13056,0.091677,0.10651,0.83396,0.1043,0.072732,0.094203,0.6802,0.089432,0.057103,0.081584,0.58812,0.074453,0.040365,0.032585,0.091796,0.020434,0.017835,0.016711,0.024515,0.015278,0.01422,0.013517,0.013071,0.012641,0.012277,0.011955,0.01172,0.011407,0.011167,0.010959,0.010759,0.0106,0.010447,0.010308,0.010212,0.010047,0.0099505,0.0098554,0.0099556,0.0097195,0.0096632,0.0096087,0.0098575,0.0095397,0.009515,0.0095
2.1546e-13,0.49288,0.25663,0.32629,2.4033,0.31094,0.23082,0.33343,2.2891,0.26477,0.19279,0.22999,2.0245,0.23101,0.16119,0.21511,1.5592,0.19668,0.13026,0.15382,1.3455,0.16044,0.10916,0.14328,0.9599,0.1251,0.093323,0.113,0.728,0.089661,0.046395,0.041095,0.10219,0.025876,0.02336,0.022167,0.028342,0.019635,0.018806,0.018178,0.017605,0.017096,0.016637,0.016224,0.015877,0.015512,0.015196,0.014923,0.014635,0.014454,0.014239,0.014057,0.013983,0.0137,0.013566,0.013423,0.013393,0.013266,0.013174,0.013095,0.013152,0.013002,0.012959,0.012944
2.0178e-13,0.45343,0.22637,0.28537,2.027,0.3002,0.20911,0.28304,1.9961,0.25175,0.15958,0.21443,1.7356,0.20669,0.1362,0.1805,1.2464,0.15558,0.10522,0.13884,1.1932,0.14101,0.090619,0.11082,0.88523,0.12399,0.084419,0.10435,0.73604,0.095667,0.051731,0.0376,0.10565,0.025937,0.022992,0.021491,0.02897,0.019472,0.018214,0.017551,0.016995,0.016332,0.015854,0.015423,0.014887,0.014651,0.014321,0.014036,0.013767,0.013544,0.013313,0.013109,0.013016,0.012766,0.012623,0.012483,0.012646,0.012296,0.012202,0.012107,0.011961,0.012008,0.011974,0.011943
2.1971e-13,0.35703,0.17527,0.22332,1.6513,0.22604,0.13296,0.1637,1.1221,0.14477,0.086194,0.12125,0.90722,0.12481,0.071825,0.099627,0.70506,0.095924,0.069457,0.086827,0.68126,0.086218,0.049432,0.064439,0.46613,0.067701,0.04549,0.058822,0.42098,0.057871,0.031209,0.021744,0.1048,0.016462,0.014825,0.013872,0.01935,0.012786,0.012081,0.011637,0.011315,0.010913,0.01063,0.010375,0.010123,0.009946,0.0097556,0.0095948,0.00947,0.0093042,0.0091738,0.0090534,0.0089536,0.0088677,0.0087836,0.0087078,0.0087578,0.0085862,0.0085309,0.0084709,0.0087577,0.0084614,0.0084301,0.0084121
1.7759e-13,0.37598,0.2187,0.26212,1.843,0.22755,0.11704,0.14322,0.9106,0.10835,0.065956,0.086468,0.6139,0.09049,0.061884,0.075414,0.43383,0.067313,0.045795,0.058077,0.39283,0.052847,0.037843,0.046686,0.31811,0.044236,0.031358,0.036974,0.28907,0.034122,0.021259,0.017592,0.1152,0.013023,0.01205,0.01153,0.015002,0.010834,0.010301,0.010042,0.0097442,0.009551,0.0093497,0.0091654,0.0090346,0.0088513,0.0087098,0.0085834,0.0084757,0.0083663,0.0082658,0.0081755,0.0081311,0.0080226,0.007958,0.0078988,0.0078316,0.0078126,0.0077717,0.0077274,0.0080275,0.0077045,0.0076865,0.0076711
1.7427e-13,0.42214,0.21858,0.23917,1.8345,0.21885,0.13233,0.15396,0.95677,0.11378,0.069344,0.092365,0.67827,0.088195,0.06439,0.083062,0.50005,0.067129,0.046944,0.060741,0.41456,0.054948,0.038627,0.051113,0.35473,0.046468,0.030863,0.042121,0.30722,0.03297,0.021086,0.017357,0.09882,0.012629,0.01157,0.010959,0.013641,0.010194,0.0098,0.0094425,0.009271,0.0090404,0.0088462,0.0086763,0.0085301,0.0083739,0.0082358,0.0081203,0.0080031,0.007915,0.0078199,0.0077347,0.0076956,0.0075875,0.0075287,0.0074707,0.007447,0.0073912,0.0073467,0.0072977,0.0074302,0.0072897,0.0072756,0.0072578
1.8346e-13,0.38622,0.20838,0.24079,1.7465,0.23062,0.12801,0.15313,1.0451,0.11938,0.077047,0.10178,0.7549,0.088634,0.060637,0.082061,0.51921,0.070798,0.049324,0.064105,0.45861,0.066673,0.043638,0.054898,0.40002,0.051082,0.037688,0.046045,0.3517,0.042087,0.025392,0.019419,0.059576,0.013732,0.012561,0.011805,0.015512,0.010905,0.010402,0.010024,0.0097531,0.0094806,0.0092447,0.0090331,0.0088611,0.0086674,0.0085082,0.0083633,0.0082574,0.0081083,0.0080047,0.0079012,0.0078221,0.0077276,0.0076564,0.0075845,0.0075063,0.0074823,0.0074425,0.0074069,0.0075502,0.0073494,0.0073291,0.007311
2.9653e-13,0.4597,0.2245,0.29455,2.1479,0.25654,0.16842,0.22121,1.3717,0.1734,0.10603,0.1482,1.3229,0.13898,0.092467,0.11194,0.82915,0.10897,0.073585,0.090747,0.71605,0.1006,0.066934,0.088705,0.61204,0.087588,0.059396,0.079037,0.52249,0.06743,0.040034,0.029018,0.08992,0.019409,0.017978,0.017064,0.024015,0.015326,0.014627,0.014237,0.013772,0.01341,0.013064,0.012757,0.012468,0.012234,0.012001,0.01179,0.011577,0.011431,0.011276,0.011133,0.011035,0.010877,0.010782,0.01068,0.010659,0.010553,0.010493,0.010415,0.010478,0.010367,0.010344,0.010318
1.4093e-13,0.63533,0.33751,0.47996,4.6339,0.29224,0.19284,0.24123,2.1724,0.26542,0.16203,0.23541,2.31,0.23596,0.16479,0.24028,1.7247,0.20606,0.14858,0.20269,1.7469,0.18747,0.11484,0.17467,1.4109,0.16901,0.11462,0.15536,1.0959,0.13576,0.076982,0.063555,0.17015,0.038812,0.034567,0.032389,0.046557,0.028864,0.02719,0.026413,0.025233,0.024583,0.023852,0.023186,0.022612,0.022132,0.021671,0.021244,0.020884,0.020544,0.020222,0.019935,0.019657,0.019457,0.019244,0.019036,0.018952,0.018779,0.018647,0.018531,0.018544,0.01839,0.018329,0.018318
2.0792e-13,0.48887,0.24797,0.28986,2.7644,0.22732,0.14556,0.17155,1.3904,0.14546,0.095205,0.12839,1.2222,0.12631,0.083223,0.10921,0.84081,0.10126,0.074918,0.092815,0.74458,0.088088,0.067074,0.077361,0.66639,0.078036,0.053653,0.076856,0.51652,0.058578,0.035807,0.028293,0.080453,0.019262,0.016991,0.015968,0.024687,0.014838,0.014108,0.013644,0.01325,0.012944,0.012629,0.012363,0.01214,0.011875,0.011666,0.011468,0.011329,0.011149,0.011002,0.010872,0.010802,0.010648,0.010548,0.010453,0.0104,0.010339,0.010272,0.010211,0.010582,0.010167,0.010131,0.010128
4.1633e-13,0.51513,0.23634,0.30459,2.2627,0.23133,0.13454,0.16385,1.1541,0.12992,0.087045,0.10582,0.89044,0.11634,0.072748,0.090122,0.66318,0.090564,0.057165,0.073967,0.5149,0.072999,0.048153,0.06501,0.47814,0.059305,0.042807,0.04987,0.38029,0.047624,0.030183,0.023535,0.063915,0.016656,0.015531,0.014877,0.017496,0.013674,0.013159,0.012871,0.012508,0.012226,0.011956,0.011719,0.011572,0.011306,0.011119,0.010952,0.010768,0.01067,0.010545,0.010432,0.010308,0.010231,0.010144,0.010059,0.0099413,0.0099645,0.0099023,0.0098348,0.010231,0.0098122,0.0097946,0.009772
3.4063e-13,0.47373,0.22462,0.31064,2.4202,0.23104,0.12483,0.1328,1.0086,0.11515,0.073789,0.086303,0.74675,0.087611,0.05784,0.069358,0.52221,0.065185,0.046142,0.057955,0.39441,0.055897,0.037765,0.05002,0.37593,0.04905,0.034847,0.041395,0.30479,0.034438,0.024218,0.018898,0.051615,0.013602,0.01298,0.012543,0.015019,0.011556,0.011167,0.010921,0.010631,0.010405,0.010194,0.0099951,0.0098411,0.0096618,0.0095107,0.0093753,0.0092552,0.0091381,0.0090333,0.008934,0.0088231,0.0087772,0.0087056,0.0086353,0.0085751,0.008546,0.0085031,0.0084792,0.0085452,0.0084167,0.0083943,0.0083875
1.8275e-13,0.32122,0.19717,0.23445,1.6619,0.17444,0.11304,0.13236,0.95659,0.10335,0.064997,0.08297,0.62917,0.093157,0.058035,0.067994,0.44238,0.0575,0.039042,0.054591,0.39257,0.055473,0.035485,0.043477,0.33695,0.043244,0.028998,0.034274,0.25796,0.035322,0.019939,0.017324,0.15295,0.012389,0.011497,0.011049,0.014551,0.010279,0.010003,0.0096891,0.0094905,0.0092827,0.0090927,0.0089206,0.0087758,0.0086195,0.0084837,0.0083625,0.0082444,0.0081534,0.008059,0.0079716,0.007903,0.0078242,0.0077556,0.0076925,0.0076522,0.0076156,0.0075774,0.0075337,0.0076837,0.0074889,0.0074654,0.0074705
1.7125e-13,0.45927,0.28318,0.37286,2.5408,0.23452,0.12645,0.14105,1.2606,0.13288,0.089283,0.10092,0.94116,0.10558,0.074777,0.083086,0.63678,0.070469,0.045521,0.064548,0.52164,0.063617,0.041868,0.053076,0.42389,0.05489,0.036798,0.041945,0.30793,0.038972,0.023892,0.02096,0.15105,0.015905,0.014609,0.013899,0.017267,0.012962,0.012514,0.01205,0.011775,0.011501,0.011258,0.011031,0.010837,0.01066,0.010499,0.010345,0.010203,0.010083,0.0099708,0.0098615,0.0097503,0.0096934,0.0096133,0.0095415,0.0094878,0.0094405,0.0094012,0.0093551,0.0092984,0.0093013,0.0092725,0.0092663
2.1597e-13,0.4557,0.2469,0.34098,2.3729,0.20706,0.1195,0.13315,1.0679,0.11327,0.078454,0.086117,0.97259,0.087834,0.060384,0.073042,0.6458,0.071269,0.048365,0.064442,0.47921,0.054741,0.039189,0.055616,0.41703,0.05472,0.038231,0.045443,0.32686,0.03845,0.026956,0.021775,0.058827,0.015955,0.014934,0.014316,0.016433,0.012966,0.012704,0.012401,0.012072,0.011817,0.011582,0.011361,0.011145,0.010977,0.010812,0.010658,0.010524,0.010388,0.010276,0.01017,0.010066,0.0099837,0.0099044,0.0098327,0.0098664,0.0097292,0.0096754,0.0096359,0.009586,0.0095798,0.0095568,0.0095475
2.6352e-13,0.69048,0.30143,0.37086,4.7274,0.26029,0.18223,0.19738,1.5021,0.15477,0.10827,0.12949,1.7105,0.11772,0.088449,0.1004,0.81123,0.10446,0.076003,0.10012,0.70447,0.080344,0.057861,0.075132,0.49222,0.074195,0.050202,0.070382,0.43884,0.059527,0.037111,0.032175,0.074616,0.023657,0.021851,0.020925,0.02423,0.01966,0.01903,0.018464,0.01805,0.017691,0.017331,0.017019,0.016779,0.016478,0.016234,0.01602,0.015849,0.015625,0.015467,0.015317,0.015235,0.015045,0.014927,0.014816,0.014751,0.014679,0.014588,0.01449,0.01442,0.014497,0.014437,0.014456
3.1879e-13,1.0347,0.4056,0.51304,8.0568,0.35247,0.24813,0.26258,2.3559,0.22946,0.15491,0.19694,2.4417,0.18309,0.12648,0.1417,1.1384,0.1376,0.11215,0.13898,1.037,0.12582,0.086812,0.10724,0.76205,0.10295,0.069545,0.097141,0.63916,0.081744,0.052941,0.042435,0.10172,0.031949,0.029459,0.028131,0.036103,0.026598,0.025693,0.024859,0.024326,0.023829,0.023343,0.022922,0.022626,0.022176,0.021841,0.021545,0.02136,0.021018,0.020784,0.020575,0.02045,0.020221,0.020051,0.019895,0.019801,0.019711,0.019586,0.019467,0.019576,0.019455,0.019357,0.019398
2.3664e-13,0.81832,0.34177,0.48164,7.1781,0.29748,0.21418,0.22303,2.2379,0.20798,0.14186,0.17526,1.9931,0.17832,0.12302,0.15072,1.1553,0.14715,0.10426,0.12789,1.1214,0.12195,0.082212,0.11536,0.86851,0.10435,0.068227,0.093906,0.6022,0.080644,0.050091,0.039381,0.09455,0.027385,0.025012,0.023796,0.030572,0.021681,0.021162,0.020538,0.019997,0.019459,0.019013,0.018618,0.018286,0.017929,0.017628,0.017364,0.017208,0.016892,0.016671,0.016491,0.016336,0.016168,0.016021,0.015888,0.015836,0.015712,0.015611,0.015511,0.015599,0.015497,0.015415,0.015446
3.8169e-13,1.8018,0.64708,0.81261,14.168,0.45058,0.34502,0.31444,2.9421,0.27935,0.19462,0.24723,3.8054,0.2245,0.15866,0.18332,1.5157,0.14319,0.12603,0.15088,1.2076,0.12207,0.090975,0.11649,0.77793,0.11876,0.077177,0.098596,0.61897,0.090626,0.062715,0.05452,0.09592,0.046342,0.044304,0.043048,0.046891,0.040931,0.039853,0.039027,0.038295,0.037585,0.036928,0.036335,0.035824,0.035291,0.034813,0.034386,0.034029,0.03361,0.033268,0.032974,0.032684,0.032433,0.032185,0.031963,0.031818,0.031663,0.031478,0.031247,0.031569,0.031303,0.031144,0.031241
3.4315e-13,1.0893,0.47294,0.53736,6.3969,0.3446,0.21995,0.22689,2.0055,0.19351,0.13826,0.16155,2.2239,0.14795,0.10349,0.12163,1.2418,0.11535,0.077487,0.09116,0.81426,0.098282,0.069354,0.080202,0.6872,0.084121,0.058719,0.072006,0.4565,0.062937,0.042071,0.035341,0.085674,0.030232,0.028641,0.027493,0.030518,0.026061,0.025089,0.024565,0.023995,0.023503,0.023044,0.02263,0.022256,0.021909,0.021592,0.021305,0.021003,0.020796,0.020572,0.020377,0.020183,0.02002,0.01986,0.019714,0.019666,0.019531,0.019413,0.019266,0.019613,0.019275,0.019204,0.019205
2.7059e-13,1.2271,0.52506,0.6737,7.8533,0.3334,0.22769,0.22432,1.8203,0.20819,0.13815,0.1705,2.4193,0.1693,0.10516,0.13302,1.4237,0.10265,0.080276,0.090807,1.0608,0.083473,0.061521,0.078605,0.58743,0.073771,0.059624,0.070538,0.46926,0.058269,0.041607,0.035231,0.078676,0.030071,0.028713,0.027819,0.029747,0.026364,0.025718,0.025236,0.024686,0.024263,0.023833,0.023453,0.023063,0.02276,0.022455,0.022172,0.021899,0.021683,0.021457,0.021263,0.021117,0.020921,0.020762,0.020616,0.020419,0.02042,0.020311,0.020164,0.020569,0.020156,0.020078,0.020121
2.4093e-13,0.88618,0.43162,0.4688,7.9046,0.34379,0.22472,0.27545,2.3892,0.23682,0.16078,0.23528,2.7409,0.23879,0.15729,0.20613,1.7484,0.20943,0.13593,0.18332,1.546,0.16431,0.10305,0.13791,1.1148,0.14431,0.08937,0.12909,0.87562,0.10632,0.060076,0.04874,0.13662,0.035826,0.032206,0.030376,0.041857,0.027923,0.026657,0.025861,0.025364,0.024577,0.024043,0.023526,0.023108,0.02267,0.022291,0.021949,0.021671,0.021343,0.021094,0.020861,0.020685,0.020445,0.020264,0.020096,0.020086,0.019871,0.019759,0.019678,0.019544,0.01957,0.019507,0.019474
2.3079e-13,0.73853,0.3592,0.49692,6.815,0.29192,0.19672,0.19696,1.9783,0.17367,0.11714,0.15602,2.1923,0.14353,0.098809,0.13325,1.3744,0.12717,0.082546,0.1158,1.0444,0.09508,0.07308,0.088932,0.65537,0.075981,0.052954,0.068644,0.45197,0.062239,0.037447,0.032161,0.082323,0.025673,0.023729,0.022781,0.026306,0.0216,0.020827,0.020226,0.01984,0.019427,0.019072,0.018735,0.018485,0.01815,0.017888,0.017659,0.017429,0.017245,0.017067,0.016902,0.016829,0.016614,0.01649,0.016368,0.016315,0.016208,0.016131,0.016088,0.015719,0.015968,0.015931,0.015914
2.0604e-13,0.59357,0.38234,0.50885,4.355,0.32927,0.1976,0.19687,1.8271,0.1737,0.11881,0.14534,1.3695,0.1306,0.090184,0.10666,1.2147,0.10001,0.069252,0.088561,0.73685,0.079754,0.059129,0.076758,0.56431,0.06882,0.043836,0.055665,0.42478,0.054223,0.033885,0.029046,0.097591,0.022036,0.020673,0.019774,0.022856,0.018618,0.017932,0.017495,0.017085,0.016722,0.016396,0.016088,0.015869,0.015564,0.015336,0.015129,0.014967,0.014753,0.014593,0.014438,0.014368,0.014189,0.014079,0.013973,0.013996,0.013834,0.013762,0.01367,0.01387,0.013658,0.013622,0.01359
1.8248e-13,0.45859,0.28176,0.39704,2.5905,0.24028,0.12092,0.13904,1.1828,0.12571,0.085047,0.096608,1.0102,0.10777,0.066358,0.075687,0.56539,0.070776,0.049384,0.058097,0.49036,0.058599,0.040515,0.052371,0.38333,0.051772,0.033143,0.043118,0.30524,0.035385,0.022693,0.020164,0.11942,0.015904,0.014939,0.014342,0.015169,0.013421,0.013077,0.012673,0.012387,0.012129,0.01189,0.011668,0.011474,0.011295,0.011132,0.010977,0.010841,0.010709,0.010594,0.010483,0.010422,0.010305,0.010224,0.010144,0.010076,0.010047,0.0099985,0.0099238,0.010114,0.009913,0.0098825,0.0098781
2.2175e-13,0.37226,0.24816,0.27164,1.804,0.19824,0.11472,0.14343,1.0391,0.10817,0.068112,0.083167,0.59889,0.08804,0.059346,0.072794,0.46779,0.063437,0.043164,0.05845,0.39077,0.055093,0.038299,0.053565,0.35902,0.047502,0.031914,0.036433,0.27905,0.034133,0.022613,0.01843,0.088784,0.013686,0.012602,0.012022,0.013426,0.011205,0.010914,0.010503,0.010239,0.010031,0.0098254,0.0096397,0.0094873,0.00931,0.0091659,0.0090348,0.0089363,0.0088075,0.0087105,0.0086184,0.0085288,0.0084526,0.0083866,0.0083222,0.008231,0.0082485,0.0082105,0.0081809,0.0083927,0.0080989,0.0080851,0.0080791
3.0167e-13,0.46552,0.22062,0.25122,1.9817,0.21489,0.16297,0.23246,1.8187,0.23512,0.14893,0.18094,1.5187,0.18269,0.13171,0.1715,1.2599,0.15,0.10696,0.12667,1.0081,0.11853,0.087814,0.11334,0.82001,0.10342,0.066869,0.090039,0.60691,0.081407,0.049033,0.03718,0.10809,0.027094,0.024225,0.022679,0.029289,0.020309,0.019425,0.018882,0.018255,0.01768,0.017227,0.016815,0.016413,0.016115,0.015816,0.015539,0.015346,0.015084,0.01487,0.014684,0.014562,0.014349,0.014217,0.014074,0.014058,0.013913,0.013819,0.013727,0.01374,0.013661,0.013612,0.013601
2.5787e-13,0.49769,0.24946,0.29627,2.0795,0.23156,0.17585,0.21944,1.5997,0.18698,0.11986,0.16403,1.361,0.1768,0.11299,0.14647,1.0365,0.12579,0.080656,0.10888,0.86842,0.11261,0.079937,0.095079,0.68751,0.093294,0.057446,0.082123,0.55472,0.068202,0.03849,0.029904,0.099188,0.019762,0.017649,0.016421,0.022942,0.014972,0.014035,0.013535,0.013094,0.012614,0.012254,0.011938,0.011641,0.011402,0.01117,0.010961,0.010812,0.010605,0.010448,0.010305,0.010112,0.010052,0.0099491,0.0098467,0.0098357,0.0097097,0.0096443,0.0096012,0.0099138,0.0095087,0.0094806,0.0094718
1.7888e-13,0.40024,0.22381,0.29567,2.0453,0.21892,0.15701,0.195,1.268,0.13458,0.094496,0.13225,1.1058,0.13714,0.095961,0.13666,0.94461,0.11671,0.074681,0.096611,0.86517,0.10888,0.070768,0.094594,0.72048,0.089443,0.067267,0.083153,0.56218,0.071246,0.038111,0.031375,0.070752,0.020259,0.018208,0.017026,0.023093,0.015347,0.014694,0.014073,0.013757,0.013275,0.01294,0.012647,0.012384,0.012128,0.011911,0.011704,0.011552,0.011356,0.011209,0.011071,0.010947,0.010833,0.010734,0.010649,0.010596,0.010515,0.010453,0.010387,0.010559,0.010335,0.010308,0.010301
2.5731e-13,0.56521,0.28325,0.31242,2.2057,0.23926,0.16017,0.19658,1.2242,0.17019,0.096633,0.13255,1.0508,0.12947,0.083477,0.1114,0.76114,0.096422,0.061127,0.084132,0.64299,0.083282,0.059062,0.077578,0.54219,0.071122,0.044729,0.061937,0.49354,0.05523,0.032338,0.025192,0.079538,0.017613,0.015975,0.015125,0.021573,0.014015,0.01327,0.012867,0.012661,0.012221,0.011941,0.011692,0.011467,0.011254,0.011066,0.010896,0.010734,0.010592,0.010459,0.010335,0.010317,0.010134,0.010045,0.0099646,0.0099868,0.0098525,0.0097915,0.0097189,0.010405,0.0096983,0.0096747,0.0096544
3.1459e-13,0.42708,0.21494,0.23849,1.5134,0.211,0.14903,0.18701,1.4047,0.16666,0.1042,0.12657,1.023,0.13942,0.095427,0.11825,0.89827,0.10948,0.080458,0.085624,0.66005,0.089568,0.06525,0.086191,0.60322,0.068247,0.048523,0.063953,0.4993,0.055269,0.032959,0.025605,0.11181,0.018695,0.01685,0.015949,0.021368,0.014369,0.013745,0.013319,0.012921,0.012565,0.01226,0.011997,0.01177,0.011516,0.011317,0.011128,0.010988,0.010807,0.010669,0.010539,0.01051,0.010316,0.01022,0.010124,0.010101,0.010013,0.0099512,0.0098795,0.010115,0.0098427,0.0098139,0.0097965
1.7847e-13,0.38876,0.20628,0.25006,1.8321,0.22107,0.12786,0.13463,1.0622,0.10499,0.075249,0.099688,0.61563,0.095777,0.056226,0.079643,0.47594,0.062703,0.050197,0.059017,0.40515,0.055047,0.035846,0.048837,0.36837,0.048878,0.031838,0.039982,0.3052,0.035592,0.021858,0.019284,0.087595,0.013097,0.012099,0.011518,0.013297,0.01091,0.010483,0.010175,0.0098714,0.0096797,0.0094869,0.0093122,0.0091354,0.0089943,0.008859,0.00873,0.0086347,0.0085117,0.0084172,0.008326,0.0083064,0.0081814,0.0081145,0.0080468,0.008122,0.0079803,0.0079371,0.0078777,0.00823,0.0078713,0.0078531,0.00784
2.482e-13,0.50872,0.27784,0.28706,2.4464,0.27143,0.15442,0.16992,1.1872,0.14176,0.090524,0.10798,0.73106,0.11101,0.070096,0.095207,0.61698,0.086521,0.054652,0.073329,0.48488,0.066545,0.049964,0.058806,0.44337,0.058486,0.038919,0.051816,0.32069,0.044139,0.02651,0.022797,0.092123,0.017371,0.016161,0.015436,0.017582,0.01463,0.014155,0.013727,0.013392,0.013114,0.012844,0.012598,0.012378,0.012173,0.011989,0.011813,0.011643,0.011517,0.011391,0.011265,0.011136,0.01107,0.010975,0.010886,0.010871,0.010784,0.010722,0.010622,0.011275,0.010639,0.010612,0.010596
4.3019e-13,0.88,0.42485,0.45318,3.1162,0.35452,0.22668,0.26378,1.9534,0.23453,0.1552,0.17737,1.1506,0.13383,0.10225,0.14487,1.0358,0.13477,0.078318,0.1052,0.70547,0.10899,0.074481,0.087185,0.70165,0.091731,0.056678,0.07806,0.53157,0.067431,0.041193,0.036396,0.08353,0.024582,0.022998,0.022014,0.028023,0.020314,0.019911,0.01936,0.018951,0.018517,0.018136,0.017786,0.017482,0.017188,0.016927,0.016686,0.016466,0.016253,0.016081,0.015906,0.015831,0.015613,0.01549,0.015377,0.015285,0.015228,0.015141,0.015052,0.016103,0.014999,0.014967,0.014933
2.4482e-13,0.57493,0.29756,0.3517,2.254,0.26566,0.17126,0.2054,1.5258,0.18829,0.12404,0.14681,1.0868,0.13041,0.087323,0.12712,0.92734,0.11769,0.074147,0.10264,0.72071,0.11031,0.070649,0.087653,0.70037,0.087493,0.063205,0.080133,0.56496,0.069819,0.040758,0.033857,0.091992,0.022181,0.020434,0.019579,0.026615,0.017855,0.017331,0.016848,0.016472,0.016032,0.015681,0.015357,0.015053,0.014796,0.014548,0.014327,0.014094,0.013935,0.013771,0.013612,0.013506,0.013338,0.01323,0.013131,0.013026,0.012974,0.012901,0.012811,0.012755,0.01278,0.01275,0.012714
2.1277e-13,0.42419,0.23159,0.31434,1.8394,0.23105,0.15005,0.18169,1.2162,0.14984,0.10111,0.1075,0.98339,0.11123,0.081019,0.11766,0.83539,0.11489,0.079118,0.09999,0.77706,0.10115,0.073208,0.093405,0.6907,0.085251,0.065094,0.082644,0.60078,0.068357,0.03937,0.030751,0.084446,0.020117,0.01777,0.01678,0.024971,0.015387,0.014681,0.014207,0.013889,0.013534,0.013225,0.012961,0.012685,0.012469,0.012261,0.012063,0.011878,0.01175,0.011606,0.011473,0.011423,0.011234,0.011144,0.011056,0.010986,0.010933,0.01088,0.010833,0.010987,0.010731,0.010716,0.010707
2.3505e-13,0.48068,0.26052,0.33644,2.1363,0.29367,0.18853,0.2028,1.3691,0.16757,0.11921,0.14879,1.2352,0.15135,0.10295,0.1303,0.92038,0.13372,0.082582,0.10803,0.7025,0.10049,0.065628,0.089662,0.62169,0.080326,0.058801,0.071994,0.5049,0.065603,0.040868,0.030536,0.076673,0.022125,0.01996,0.018831,0.022664,0.017451,0.016603,0.016071,0.015607,0.015179,0.014814,0.014478,0.014207,0.013914,0.013665,0.01344,0.013207,0.013061,0.0129,0.012741,0.012548,0.012485,0.01237,0.012263,0.0123,0.01214,0.012073,0.012013,0.012268,0.011912,0.011899,0.011877
2.0342e-13,0.44736,0.24557,0.299,1.9828,0.26701,0.17917,0.1812,1.4384,0.17355,0.1205,0.15327,1.0759,0.14627,0.10243,0.11633,0.8774,0.11547,0.069413,0.098193,0.67514,0.084196,0.056285,0.078335,0.49303,0.066828,0.048653,0.060304,0.43237,0.052119,0.033676,0.02713,0.07295,0.018009,0.016887,0.01626,0.020782,0.014941,0.014311,0.013922,0.01353,0.01322,0.012913,0.012641,0.01241,0.012167,0.01196,0.011768,0.0116,0.01144,0.011301,0.011166,0.011085,0.010924,0.010833,0.010746,0.010699,0.010623,0.010564,0.010508,0.010679,0.01042,0.010413,0.010389
3.1948e-13,0.55418,0.31044,0.32196,2.4011,0.26133,0.15771,0.17236,1.3568,0.14065,0.11079,0.12465,0.83262,0.097657,0.074779,0.10171,0.7707,0.080896,0.059942,0.074542,0.56297,0.074293,0.05087,0.068239,0.48292,0.0658,0.045832,0.061323,0.40097,0.049102,0.027404,0.023049,0.067026,0.017466,0.016128,0.015383,0.019085,0.01434,0.013789,0.013344,0.012986,0.012708,0.012422,0.012175,0.011937,0.011745,0.011558,0.011388,0.011247,0.01109,0.010964,0.010843,0.01075,0.010634,0.010551,0.010463,0.010407,0.010356,0.01031,0.010252,0.010718,0.010183,0.010162,0.010161
2.6247e-13,0.43729,0.25095,0.24006,2.0609,0.26257,0.12514,0.14337,1.0404,0.1161,0.078243,0.095075,0.67084,0.094239,0.062902,0.080001,0.5305,0.06847,0.042188,0.059343,0.45627,0.060159,0.040376,0.047234,0.35029,0.045136,0.029719,0.040351,0.30626,0.040514,0.023587,0.020737,0.12911,0.014511,0.01337,0.012733,0.015541,0.011735,0.011383,0.010945,0.010697,0.010393,0.010159,0.009948,0.0097697,0.0095735,0.0094136,0.0092683,0.0091298,0.0090142,0.0089022,0.0087988,0.0087149,0.0086237,0.0085472,0.0084699,0.0084204,0.0083758,0.0083266,0.0082759,0.0084783,0.0082409,0.0082262,0.0082058
2.0511e-13,0.40858,0.28854,0.30368,2.2018,0.25766,0.14458,0.14439,1.1049,0.12746,0.080198,0.10839,0.68706,0.11345,0.067469,0.079598,0.54183,0.064456,0.045856,0.057052,0.399,0.057997,0.037521,0.053127,0.38334,0.04276,0.030812,0.038905,0.28913,0.039347,0.024868,0.019136,0.14646,0.015233,0.013814,0.013004,0.0153,0.012393,0.011772,0.011356,0.011049,0.010777,0.010537,0.010314,0.010113,0.0099345,0.0097679,0.0096182,0.0094743,0.0093552,0.0092417,0.009133,0.0090942,0.008946,0.0088697,0.0087802,0.0087946,0.0086942,0.0086444,0.0086002,0.0090014,0.0085465,0.0085247,0.0085246
2.1672e-13,0.452,0.30085,0.27164,1.9779,0.2309,0.13107,0.15311,1.0497,0.12991,0.078068,0.096063,0.69178,0.10103,0.067618,0.07751,0.56469,0.067644,0.046654,0.063343,0.37361,0.053255,0.036887,0.050486,0.31103,0.047562,0.033768,0.043831,0.31215,0.039059,0.024176,0.019694,0.138,0.015763,0.014638,0.013964,0.01656,0.012973,0.012529,0.012222,0.011953,0.011641,0.011394,0.011178,0.010975,0.010784,0.010615,0.010458,0.010298,0.010182,0.010063,0.009953,0.0098138,0.0097616,0.0096846,0.0096031,0.0095961,0.0095121,0.0094651,0.0094104,0.0097396,0.0093344,0.0093229,0.0093207
2.6895e-13,0.47854,0.2475,0.26842,2.14,0.24871,0.14283,0.16904,1.1194,0.12999,0.085625,0.1043,0.7768,0.10104,0.076116,0.089212,0.63585,0.077426,0.0504,0.067378,0.47586,0.065043,0.047312,0.054371,0.3467,0.056249,0.033217,0.05228,0.31076,0.040308,0.02438,0.022096,0.14259,0.014483,0.013653,0.013163,0.016911,0.012091,0.011843,0.011438,0.011158,0.010962,0.010737,0.01054,0.010356,0.010177,0.010016,0.009872,0.0097282,0.0096194,0.0095104,0.0094096,0.0093046,0.0092254,0.0091493,0.0090724,0.0090201,0.0089849,0.0089364,0.0088786,0.0090601,0.0088441,0.0088229,0.0088057
3.2664e-13,0.50802,0.26132,0.30563,2.6536,0.27549,0.16316,0.17564,1.19,0.13525,0.086872,0.11694,0.81944,0.09461,0.072195,0.085043,0.67435,0.085953,0.056416,0.06689,0.49977,0.064992,0.049795,0.059832,0.3876,0.062272,0.040081,0.047373,0.33609,0.043079,0.027654,0.023279,0.053234,0.018131,0.016913,0.016152,0.019026,0.015317,0.014761,0.014322,0.014027,0.01366,0.013384,0.01313,0.012906,0.012683,0.012488,0.012305,0.012136,0.01199,0.011855,0.011724,0.011595,0.011501,0.011408,0.011313,0.011368,0.011204,0.011142,0.011076,0.011325,0.011033,0.011008,0.010997
2.1918e-13,0.42202,0.23629,0.31121,2.5147,0.29755,0.17051,0.17888,1.3631,0.16404,0.10416,0.14695,1.0346,0.14005,0.088239,0.10415,0.80332,0.10585,0.067265,0.088621,0.64897,0.075654,0.053419,0.064355,0.46818,0.065681,0.045158,0.054129,0.39773,0.050997,0.029922,0.027075,0.072264,0.017808,0.016079,0.015184,0.019331,0.014052,0.013622,0.013172,0.012807,0.012449,0.012159,0.011901,0.011675,0.011451,0.01126,0.011077,0.010925,0.010778,0.010645,0.010515,0.010389,0.010304,0.010217,0.01013,0.010216,0.010026,0.0099709,0.0099272,0.0098726,0.0098662,0.0098381,0.0098332
1.8681e-13,0.7151,0.38617,0.43904,5.9407,0.32149,0.20953,0.26794,2.1418,0.21256,0.15247,0.23878,2.6824,0.22813,0.15639,0.20814,1.6699,0.2006,0.13429,0.18555,1.47,0.16463,0.11435,0.15313,1.1313,0.11842,0.085137,0.11217,0.82916,0.097221,0.050443,0.041901,0.11872,0.03031,0.026689,0.025156,0.035426,0.023201,0.022115,0.021136,0.020624,0.019995,0.019525,0.019082,0.018677,0.018347,0.018034,0.017733,0.017489,0.017233,0.017021,0.016823,0.016777,0.016479,0.016331,0.01618,0.016005,0.015995,0.015899,0.015815,0.015772,0.01574,0.015687,0.015664
2.2449e-13,0.46109,0.24391,0.30825,2.5818,0.28243,0.18558,0.22176,1.5093,0.1987,0.13217,0.19135,1.5011,0.15615,0.11898,0.14957,1.108,0.14274,0.085915,0.12303,0.87775,0.11426,0.069323,0.099592,0.68479,0.090732,0.061561,0.072468,0.47406,0.0639,0.032912,0.031056,0.080953,0.021361,0.019075,0.017769,0.02133,0.016017,0.015318,0.014642,0.014177,0.013758,0.013384,0.01304,0.01279,0.012458,0.012206,0.011978,0.011761,0.011595,0.011418,0.011265,0.011187,0.01099,0.010876,0.010764,0.010661,0.010621,0.010548,0.010471,0.010676,0.010386,0.010359,0.010318
2.7183e-13,0.42043,0.22005,0.28172,1.829,0.22819,0.12766,0.15093,0.95139,0.10832,0.074878,0.10019,0.78223,0.094495,0.065693,0.078273,0.60516,0.074777,0.050388,0.073046,0.47556,0.067323,0.045461,0.056921,0.44554,0.055267,0.036273,0.049017,0.36792,0.041646,0.02576,0.022486,0.056194,0.015119,0.01352,0.012587,0.016529,0.011693,0.01125,0.010767,0.010465,0.010192,0.0099356,0.0097086,0.0094967,0.0093238,0.0091555,0.0090024,0.0088595,0.0087404,0.0086295,0.0085209,0.0084782,0.0083382,0.0082579,0.0081798,0.0082228,0.0080921,0.0080448,0.0080006,0.0081365,0.0079451,0.0079214,0.0079035
4.0667e-13,0.56115,0.26908,0.3308,2.5102,0.28886,0.16375,0.15446,1.2037,0.14228,0.092308,0.10932,0.83068,0.096454,0.076511,0.075484,0.60979,0.077581,0.050031,0.065167,0.47433,0.059787,0.043896,0.059501,0.36818,0.058533,0.039569,0.049505,0.34638,0.039937,0.024541,0.023713,0.075072,0.017201,0.016046,0.015318,0.019108,0.014513,0.014038,0.013525,0.013217,0.012906,0.012632,0.012388,0.012151,0.01196,0.011773,0.011599,0.011443,0.011302,0.011172,0.011053,0.010962,0.010843,0.010753,0.010668,0.010708,0.010554,0.010501,0.010441,0.010743,0.010409,0.010384,0.010362
3.1278e-13,0.57839,0.29843,0.37943,2.4082,0.33142,0.18192,0.19314,1.4687,0.17027,0.10914,0.13543,0.95543,0.12529,0.089095,0.10557,0.75874,0.083414,0.057831,0.092045,0.57431,0.086356,0.056443,0.073822,0.45512,0.057681,0.040533,0.053504,0.36139,0.043416,0.027607,0.02441,0.10051,0.017861,0.016399,0.015578,0.018222,0.014819,0.014229,0.013672,0.013319,0.013056,0.012782,0.012536,0.012324,0.012112,0.011919,0.011755,0.011629,0.011458,0.01133,0.011212,0.011082,0.011012,0.010916,0.010825,0.010793,0.010737,0.010675,0.010641,0.01105,0.010552,0.010526,0.010522
2.0036e-13,0.46942,0.27433,0.37553,2.3959,0.23762,0.13164,0.15397,1.1228,0.14053,0.091005,0.10745,0.93725,0.099674,0.064375,0.074621,0.73677,0.077668,0.055901,0.068441,0.53914,0.063737,0.043931,0.056447,0.41201,0.04976,0.036436,0.046583,0.35837,0.039742,0.026158,0.022981,0.089277,0.016803,0.015579,0.014834,0.016586,0.013851,0.013444,0.013009,0.012663,0.012318,0.012059,0.011805,0.01157,0.011382,0.011196,0.011026,0.010905,0.010736,0.010607,0.010484,0.010391,0.010291,0.010203,0.010118,0.010127,0.010017,0.00997,0.0099515,0.0099296,0.0098197,0.0098112,0.0097971
2.2949e-13,0.56499,0.31799,0.35281,3.159,0.23418,0.13853,0.1572,1.2566,0.13963,0.089394,0.10496,0.99109,0.11355,0.074877,0.08474,1.0011,0.084249,0.056864,0.074049,0.6358,0.062338,0.043174,0.050963,0.44294,0.05318,0.038403,0.044397,0.35567,0.038913,0.02533,0.022825,0.1307,0.017751,0.016698,0.016061,0.018917,0.014857,0.014536,0.014128,0.013814,0.013492,0.013226,0.012982,0.012771,0.012547,0.012355,0.012181,0.012072,0.011876,0.011745,0.01162,0.011512,0.011407,0.011314,0.011228,0.011231,0.011112,0.011052,0.011014,0.011098,0.010945,0.010911,0.010904
2.5284e-13,0.78,0.36279,0.41195,5.3588,0.29705,0.17411,0.18008,1.8668,0.14938,0.11913,0.13825,1.8544,0.12208,0.088658,0.10075,1.1256,0.095695,0.066154,0.087779,0.72922,0.070786,0.051599,0.063097,0.47268,0.056546,0.045559,0.055116,0.3617,0.047129,0.030756,0.030765,0.072769,0.024074,0.023106,0.022472,0.023819,0.020946,0.020658,0.020118,0.01974,0.019371,0.019031,0.018728,0.018427,0.018179,0.017932,0.017707,0.017527,0.017307,0.017137,0.016987,0.016793,0.016699,0.016575,0.016455,0.016474,0.016339,0.016229,0.016116,0.016033,0.016145,0.016069,0.016088
2.9418e-13,0.96225,0.44328,0.52029,7.8394,0.35934,0.22682,0.239,2.5652,0.23004,0.16764,0.2085,2.6615,0.17044,0.12415,0.14619,1.2313,0.14493,0.089974,0.11998,0.86909,0.11239,0.075024,0.099115,0.65583,0.086564,0.064317,0.077066,0.50436,0.065157,0.042642,0.039303,0.083501,0.030834,0.029282,0.028372,0.031932,0.026474,0.025856,0.02523,0.024679,0.02418,0.023725,0.023316,0.022915,0.022577,0.022253,0.021955,0.021713,0.02142,0.021194,0.020998,0.020736,0.020611,0.020449,0.020296,0.02033,0.020125,0.019982,0.01983,0.019941,0.019866,0.019769,0.019771
2.8826e-13,0.79059,0.43804,0.46648,6.5901,0.31394,0.18575,0.20489,2.0929,0.2209,0.13526,0.16306,1.9748,0.15966,0.1073,0.13695,1.0692,0.1362,0.086643,0.12,0.84988,0.12328,0.078459,0.10445,0.7564,0.098649,0.074003,0.095268,0.61919,0.069779,0.043837,0.033662,0.090453,0.026975,0.024073,0.022814,0.03065,0.021253,0.020216,0.019766,0.019138,0.018745,0.018331,0.017948,0.017643,0.017322,0.017034,0.016783,0.016542,0.016344,0.016153,0.01598,0.015859,0.015667,0.015535,0.015413,0.015416,0.015258,0.015164,0.01506,0.015244,0.015046,0.014983,0.014965
3.2012e-13,1.2854,0.56542,0.75834,9.0426,0.46029,0.28546,0.28105,3.0408,0.25917,0.20342,0.23229,3.7247,0.22021,0.1622,0.18934,2.1373,0.1654,0.11769,0.14136,1.0695,0.12722,0.093285,0.11033,0.74055,0.089852,0.068212,0.086938,0.6224,0.070761,0.053482,0.047027,0.13158,0.04022,0.038569,0.037486,0.040256,0.035573,0.0346,0.033944,0.033207,0.032596,0.032018,0.031504,0.030985,0.030569,0.030163,0.029776,0.029508,0.029097,0.028813,0.02856,0.028276,0.028062,0.027854,0.027658,0.027639,0.027446,0.027265,0.027072,0.02759,0.027108,0.026979,0.02705
3.3939e-13,0.85641,0.4774,0.59775,4.811,0.40471,0.22474,0.25049,2.0342,0.18817,0.13568,0.17033,2.3429,0.17661,0.11983,0.14092,2.2346,0.1257,0.08996,0.10493,0.99901,0.086668,0.067438,0.080416,0.64319,0.073655,0.056182,0.068311,0.5081,0.053428,0.038502,0.036009,0.13913,0.029592,0.028291,0.027453,0.030583,0.026142,0.025231,0.024757,0.02428,0.023828,0.02342,0.023049,0.022698,0.022372,0.022075,0.021793,0.021606,0.021306,0.021101,0.020907,0.020694,0.020558,0.02041,0.02027,0.020158,0.020108,0.02,0.019896,0.020245,0.019812,0.019767,0.019771
2.1319e-13,0.74497,0.42503,0.59891,5.0897,0.36773,0.22433,0.24321,2.2622,0.19643,0.14436,0.20194,3.0715,0.1954,0.13818,0.18354,1.9095,0.15833,0.11086,0.14712,1.1325,0.13438,0.098625,0.11948,0.84915,0.098526,0.06685,0.090829,0.63241,0.078068,0.043506,0.037214,0.11901,0.028588,0.026536,0.025478,0.030678,0.024515,0.02346,0.022855,0.022341,0.021894,0.021486,0.021117,0.020704,0.020443,0.020153,0.019887,0.019707,0.019417,0.019221,0.019034,0.018892,0.018692,0.018554,0.01842,0.018268,0.018269,0.018166,0.018078,0.018308,0.017982,0.017941,0.017935
