1.6874e-13,0.6142,0.5221,0.47288,3.713,0.4643,0.35376,0.48107,3.1256,0.41674,0.24741,0.32679,2.7547,0.33987,0.21486,0.28043,1.8806,0.27187,0.14942,0.20726,1.517,0.19271,0.12933,0.16698,1.2492,0.15762,0.096486,0.12746,0.84367,0.10002,0.057689,0.048221,0.12696,0.032109,0.028612,0.026752,0.03311,0.024408,0.023166,0.022275,0.021593,0.020899,0.020317,0.0198,0.019357,0.018927,0.018545,0.018196,0.017951,0.017637,0.017353,0.017119,0.017033,0.016705,0.016523,0.016372,0.016219,0.016157,0.016036,0.015966,0.016299,0.015818,0.015755,0.015765
3.8296e-13,0.72128,0.50956,0.54242,3.858,0.44505,0.33784,0.48848,3.3632,0.44616,0.28689,0.34424,2.6167,0.33457,0.21558,0.3073,2.2013,0.29054,0.18511,0.20964,1.6079,0.20902,0.12707,0.16541,1.2483,0.1349,0.10509,0.11842,0.85955,0.1071,0.065321,0.051638,0.12813,0.038303,0.035624,0.033912,0.042503,0.031522,0.030269,0.029364,0.028585,0.027761,0.027094,0.026491,0.02592,0.025463,0.02502,0.024597,0.024278,0.023923,0.023599,0.023297,0.023285,0.022825,0.022611,0.022408,0.02241,0.022186,0.022068,0.022028,0.022437,0.021739,0.021684,0.021675
3.2274e-13,0.65241,0.54208,0.51926,3.7033,0.41025,0.30054,0.37125,3.0181,0.32448,0.21989,0.22239,1.9616,0.30413,0.18279,0.24193,1.5054,0.22348,0.13672,0.16695,1.2076,0.16799,0.10283,0.11893,0.87214,0.10503,0.073099,0.09322,0.67284,0.077338,0.048028,0.043917,0.11825,0.03154,0.029397,0.028259,0.034237,0.02627,0.025492,0.024709,0.02416,0.023575,0.023058,0.022597,0.022114,0.02178,0.021425,0.021111,0.020837,0.020556,0.020305,0.020082,0.019914,0.01967,0.019504,0.019329,0.019306,0.019154,0.019044,0.018954,0.019068,0.01884,0.018779,0.018773
2.0525e-13,0.52376,0.47269,0.40076,2.4782,0.32025,0.22605,0.24161,1.9626,0.24069,0.1482,0.1824,1.2542,0.20157,0.1249,0.14238,0.92658,0.11571,0.08387,0.095978,0.64619,0.088816,0.061506,0.066176,0.53927,0.06728,0.048977,0.054162,0.37488,0.049651,0.03216,0.027657,0.083115,0.022537,0.021204,0.020372,0.023505,0.019177,0.018544,0.018077,0.01769,0.017309,0.016977,0.016668,0.016349,0.016126,0.015884,0.015674,0.015447,0.015283,0.015112,0.014961,0.014881,0.014688,0.014569,0.014469,0.014387,0.014323,0.014263,0.014195,0.014645,0.014087,0.014053,0.014045
3.0663e-13,0.7331,0.60345,0.57343,3.475,0.45771,0.34808,0.4358,3.532,0.42946,0.26795,0.29941,2.2963,0.32092,0.19533,0.22581,1.5344,0.20521,0.14153,0.16241,1.1056,0.15825,0.093207,0.11482,0.8004,0.11423,0.071786,0.082165,0.61211,0.079857,0.051724,0.042479,0.12229,0.032965,0.031192,0.029979,0.032423,0.027946,0.02714,0.026468,0.025853,0.025248,0.024774,0.024331,0.023821,0.023523,0.023164,0.022854,0.022568,0.022271,0.02203,0.021805,0.021555,0.021419,0.021243,0.021095,0.020918,0.020879,0.020809,0.020772,0.020581,0.020477,0.020455,0.020429
3.8099e-13,0.78263,0.57493,0.60865,3.6076,0.53751,0.34351,0.516,3.6857,0.45236,0.28065,0.30547,2.4923,0.30718,0.19443,0.2298,1.6388,0.23564,0.15601,0.21024,1.5318,0.19607,0.11871,0.15689,1.0527,0.1531,0.098057,0.11566,0.90586,0.11128,0.065941,0.054385,0.14023,0.03896,0.036128,0.034352,0.044334,0.031693,0.030964,0.030024,0.029208,0.028482,0.027856,0.027271,0.026757,0.026273,0.02583,0.025447,0.025132,0.024724,0.024445,0.024175,0.023941,0.023664,0.023467,0.023275,0.023261,0.023042,0.022946,0.022893,0.022721,0.022558,0.022534,0.022505
2.7348e-13,0.70518,0.5454,0.56984,3.4372,0.4646,0.28141,0.43887,3.046,0.33953,0.22238,0.25534,2.0686,0.27329,0.18481,0.21913,1.6535,0.22829,0.14974,0.22169,1.6449,0.19705,0.11144,0.17714,1.2711,0.16905,0.10968,0.13585,0.96224,0.12137,0.066961,0.052485,0.14221,0.035845,0.03261,0.03094,0.043087,0.028442,0.027125,0.026374,0.025606,0.024858,0.024235,0.023683,0.023162,0.022735,0.022293,0.021921,0.021669,0.021265,0.020987,0.020731,0.02052,0.020258,0.020061,0.019877,0.019963,0.019642,0.019513,0.0194,0.019405,0.019244,0.019206,0.019162
5.4839e-13,1.1015,0.84737,0.81027,4.8079,0.63201,0.51439,0.73094,5.1653,0.5804,0.42385,0.4798,3.6267,0.40986,0.30371,0.34385,2.4101,0.32657,0.23263,0.28022,2.0382,0.2636,0.16231,0.22079,1.4958,0.20006,0.12311,0.17102,1.0431,0.12959,0.07945,0.064185,0.15221,0.046397,0.04239,0.040151,0.049909,0.037117,0.035521,0.03453,0.033646,0.032596,0.031817,0.031137,0.030518,0.029941,0.02941,0.028929,0.028607,0.028136,0.02777,0.027452,0.027428,0.026859,0.026633,0.026419,0.026385,0.026137,0.026022,0.025927,0.026232,0.025597,0.025578,0.025541
2.9459e-13,0.68819,0.55949,0.60415,4.0754,0.60104,0.41176,0.57449,4.1351,0.41617,0.31698,0.36762,2.7225,0.29179,0.20212,0.21559,1.6477,0.2181,0.14564,0.17308,1.2124,0.14724,0.1049,0.12446,0.91774,0.11912,0.077708,0.10388,0.6428,0.08058,0.048641,0.043981,0.097262,0.031397,0.029137,0.027966,0.035634,0.025849,0.025369,0.024604,0.023958,0.023333,0.022846,0.022408,0.022065,0.021619,0.021273,0.020958,0.020764,0.020405,0.020168,0.019958,0.019981,0.019558,0.019403,0.019243,0.019151,0.019047,0.018953,0.018878,0.01884,0.018703,0.0187,0.018696
2.5736e-13,0.65997,0.5663,0.52564,3.1039,0.38328,0.25471,0.25072,2.0191,0.23496,0.15784,0.15523,1.1335,0.18489,0.11096,0.12619,0.82283,0.11008,0.0726,0.088328,0.68651,0.080775,0.057587,0.063776,0.46369,0.059009,0.047492,0.053457,0.36145,0.04712,0.03303,0.027111,0.076992,0.022643,0.02162,0.020891,0.022316,0.019613,0.019026,0.018697,0.018281,0.017882,0.017561,0.017257,0.016999,0.01672,0.016482,0.016265,0.016078,0.015875,0.01571,0.015553,0.015526,0.015293,0.015174,0.015063,0.014881,0.014922,0.014874,0.014823,0.014997,0.014673,0.014649,0.014634
2.393e-13,0.67141,0.59016,0.4739,2.9839,0.33734,0.21704,0.25382,1.7088,0.18367,0.12519,0.14265,0.91227,0.16484,0.11132,0.11875,0.67561,0.09766,0.065437,0.072212,0.5828,0.072793,0.052724,0.054139,0.3819,0.057681,0.042466,0.050013,0.36671,0.04268,0.026648,0.02492,0.086412,0.021435,0.020118,0.01934,0.022732,0.018582,0.017905,0.017446,0.017073,0.016743,0.016433,0.016153,0.015872,0.015644,0.015428,0.015222,0.015055,0.014871,0.01471,0.014562,0.01448,0.014319,0.014198,0.014101,0.014092,0.013975,0.013891,0.013768,0.014042,0.01381,0.013765,0.013774
2.0294e-13,0.48078,0.41337,0.36001,2.2869,0.33236,0.20479,0.21844,1.607,0.17215,0.099607,0.12577,0.80386,0.12801,0.090573,0.092113,0.62851,0.092829,0.062634,0.069386,0.51923,0.057094,0.049228,0.051543,0.40302,0.0564,0.038568,0.048646,0.30227,0.043806,0.026596,0.024113,0.072688,0.018643,0.017472,0.01678,0.019256,0.015906,0.015276,0.014948,0.014518,0.014269,0.013996,0.01374,0.01351,0.013312,0.013119,0.012937,0.012797,0.012632,0.012496,0.012373,0.01227,0.012151,0.012057,0.011963,0.011931,0.011865,0.011805,0.011774,0.011938,0.011695,0.011658,0.011665
2.3077e-13,0.58672,0.48389,0.50345,2.5449,0.4554,0.25388,0.24481,2.0108,0.21246,0.13975,0.15638,1.0603,0.1296,0.096702,0.11044,0.7103,0.1008,0.065808,0.08499,0.57883,0.081763,0.054471,0.065449,0.44442,0.058626,0.047273,0.056851,0.36333,0.04873,0.031963,0.026245,0.0622,0.022022,0.02106,0.020356,0.022842,0.019461,0.018733,0.018349,0.017914,0.01759,0.017253,0.016951,0.016695,0.016428,0.016184,0.015963,0.015788,0.015593,0.015422,0.015267,0.015216,0.015003,0.014883,0.014771,0.014604,0.014639,0.01457,0.014487,0.014352,0.014399,0.01438,0.014358
2.2664e-13,0.70909,0.558,0.59891,4.0248,0.5665,0.38317,0.43739,3.2462,0.31698,0.25543,0.29124,2.1748,0.24688,0.17399,0.18838,1.3062,0.17649,0.12289,0.14834,0.93086,0.13305,0.0977,0.10203,0.76423,0.10351,0.069936,0.087955,0.65615,0.08324,0.046154,0.038241,0.094984,0.02835,0.025755,0.024263,0.029608,0.022047,0.021382,0.020666,0.020005,0.019536,0.019065,0.018647,0.018307,0.017944,0.017618,0.017345,0.017081,0.016835,0.016621,0.016429,0.016429,0.016107,0.01595,0.015821,0.015682,0.015616,0.015536,0.015436,0.01585,0.01536,0.015311,0.015319
3.0316e-13,1.6917,0.95574,0.96484,14.531,0.75839,0.46127,0.48769,5.2545,0.48362,0.33346,0.37661,3.206,0.4032,0.2577,0.34052,2.6807,0.30976,0.2367,0.29068,2.2051,0.2655,0.17862,0.25743,1.7615,0.19253,0.11982,0.15687,1.2329,0.16517,0.10423,0.091088,0.18927,0.072788,0.068561,0.065144,0.078613,0.060166,0.058949,0.057292,0.055976,0.054574,0.053471,0.052485,0.051496,0.050694,0.049884,0.049177,0.048661,0.047929,0.04741,0.046908,0.04633,0.04603,0.045679,0.04534,0.044865,0.044806,0.044583,0.044449,0.044285,0.044121,0.04402,0.043913
3.7239e-13,0.9461,0.79308,0.76564,4.9274,0.58992,0.39214,0.43632,3.2078,0.36509,0.24465,0.29851,2.0748,0.26012,0.1777,0.20318,1.4366,0.19601,0.12443,0.18735,1.2139,0.15726,0.1041,0.12602,0.93183,0.12718,0.083486,0.11997,0.76853,0.088787,0.059797,0.052706,0.11628,0.039761,0.036654,0.035018,0.040669,0.033611,0.03199,0.031168,0.030428,0.029804,0.029217,0.028675,0.028181,0.027708,0.027285,0.026909,0.026503,0.026241,0.025939,0.02567,0.025486,0.025188,0.024983,0.02477,0.024822,0.024558,0.024427,0.024361,0.024385,0.024119,0.024074,0.024015
3.1784e-13,0.89149,0.68428,0.64018,4.4566,0.49682,0.30517,0.31053,1.8767,0.26476,0.18655,0.1936,1.3443,0.17262,0.12617,0.15504,0.98369,0.14057,0.096708,0.13624,0.79158,0.10752,0.078628,0.094422,0.65459,0.087348,0.055439,0.077646,0.52761,0.064019,0.044053,0.037564,0.084674,0.030026,0.028296,0.027274,0.03102,0.025733,0.024747,0.024172,0.023578,0.023079,0.022636,0.022212,0.021831,0.021484,0.021164,0.020874,0.020613,0.020356,0.020148,0.01994,0.019791,0.019575,0.019419,0.019272,0.019187,0.019085,0.01899,0.018913,0.018801,0.018794,0.018763,0.018734
2.4036e-13,0.7111,0.56492,0.63118,3.4167,0.49388,0.25957,0.24055,1.7091,0.19533,0.13864,0.13272,1.0218,0.12118,0.084811,0.10529,0.75442,0.096104,0.070961,0.083275,0.51878,0.08042,0.061432,0.072635,0.39989,0.05777,0.044712,0.056009,0.34651,0.044643,0.031798,0.029425,0.056172,0.022972,0.022166,0.021474,0.02421,0.020647,0.020042,0.019577,0.019092,0.018806,0.018482,0.018182,0.01791,0.017663,0.017428,0.017213,0.017053,0.016825,0.016662,0.016513,0.016432,0.016242,0.016122,0.015997,0.015886,0.015897,0.015815,0.01573,0.016044,0.015635,0.01562,0.015615
1.7623e-13,0.52314,0.52679,0.43999,2.5577,0.36695,0.18211,0.21105,1.4258,0.16915,0.11361,0.11119,0.78958,0.1451,0.08498,0.084831,0.63457,0.091022,0.063651,0.076588,0.48545,0.064841,0.050818,0.053146,0.40909,0.057358,0.041703,0.048514,0.37819,0.043407,0.029743,0.025945,0.085426,0.021986,0.020799,0.0201,0.022295,0.018927,0.01853,0.018034,0.017671,0.01732,0.017012,0.016719,0.016447,0.016206,0.01598,0.015774,0.01558,0.015404,0.015247,0.015103,0.014991,0.014827,0.014726,0.014621,0.014632,0.014492,0.014432,0.014401,0.014434,0.014229,0.014197,0.014197
3.4428e-13,0.90161,0.81835,0.80249,4.1417,0.53713,0.28302,0.30379,1.9465,0.23583,0.18772,0.18792,1.398,0.17609,0.12727,0.15603,0.98823,0.12885,0.091472,0.1357,0.81894,0.11126,0.083659,0.10083,0.70481,0.097413,0.065884,0.078022,0.53986,0.069341,0.050868,0.040607,0.096642,0.033725,0.032014,0.030916,0.035154,0.029267,0.028164,0.027641,0.026982,0.026362,0.025862,0.025392,0.024942,0.024578,0.0242,0.023871,0.023582,0.023283,0.023042,0.022804,0.022609,0.022379,0.022203,0.022051,0.022038,0.02184,0.021743,0.021593,0.022173,0.021485,0.02145,0.021401
2.2374e-13,0.81382,0.68035,0.68985,4.5549,0.56006,0.2745,0.29369,1.6616,0.20196,0.15009,0.16701,1.123,0.14243,0.10101,0.12397,0.8176,0.12113,0.084489,0.10802,0.65364,0.084467,0.066411,0.087021,0.51457,0.077054,0.055729,0.06293,0.44032,0.05863,0.039548,0.036263,0.065722,0.029662,0.028231,0.027268,0.031864,0.026033,0.02537,0.024773,0.024201,0.023778,0.023372,0.022992,0.022641,0.022325,0.022019,0.021749,0.021504,0.021251,0.021049,0.020854,0.020689,0.02052,0.020375,0.020238,0.020145,0.020049,0.019973,0.019918,0.019986,0.019728,0.019692,0.01965
2.4826e-13,1.0607,0.86949,0.82143,5.9311,0.57035,0.33424,0.35172,2.1275,0.25948,0.17649,0.18103,1.2585,0.15299,0.11596,0.14726,0.88773,0.12679,0.095034,0.1114,0.64595,0.10031,0.078165,0.088515,0.57614,0.077067,0.063764,0.070039,0.42246,0.06701,0.048608,0.041149,0.081531,0.035436,0.034054,0.033287,0.038426,0.031648,0.030812,0.030175,0.029617,0.029109,0.028623,0.028169,0.027725,0.027365,0.027013,0.026682,0.026388,0.026095,0.025842,0.025602,0.025518,0.02519,0.025005,0.024847,0.024497,0.024602,0.0245,0.024378,0.024111,0.024307,0.024205,0.024195
3.6289e-13,1.3638,1.1617,1.1908,7.9048,0.6976,0.45257,0.46903,3.4645,0.36576,0.27429,0.31575,2.2697,0.29757,0.195,0.25741,1.6465,0.23341,0.15487,0.1939,1.3731,0.19203,0.13651,0.14897,0.97061,0.14842,0.10314,0.12195,0.77036,0.10469,0.071254,0.060116,0.12756,0.046586,0.044414,0.043143,0.050955,0.040184,0.038918,0.03814,0.037416,0.036679,0.035995,0.035376,0.034724,0.034247,0.033759,0.033303,0.032856,0.032518,0.032159,0.031819,0.031824,0.031258,0.031018,0.0308,0.030482,0.030481,0.030339,0.030185,0.029613,0.030049,0.029916,0.029947
4.0739e-13,1.2693,0.91634,1.103,7.9083,0.58331,0.36373,0.45541,3.7632,0.37593,0.29441,0.40295,3.0986,0.40384,0.25,0.36826,2.2908,0.32178,0.21755,0.29863,2.1996,0.29634,0.20043,0.25775,1.7775,0.24866,0.16194,0.20429,1.3674,0.1535,0.094706,0.074678,0.19932,0.051703,0.046156,0.043719,0.055998,0.040318,0.038113,0.037056,0.035907,0.034918,0.034016,0.033252,0.032468,0.031856,0.031264,0.030717,0.030166,0.02979,0.02939,0.029018,0.029209,0.028321,0.028059,0.027784,0.027743,0.027425,0.027242,0.027043,0.026934,0.02689,0.026794,0.026764
3.5938e-13,1.5208,1.2953,1.4122,9.0024,0.71526,0.43302,0.45866,3.3828,0.38607,0.30572,0.32267,2.7684,0.36742,0.23759,0.34665,2.1629,0.29824,0.18735,0.24393,1.7574,0.24163,0.15709,0.19721,1.3709,0.17657,0.12496,0.15726,0.96641,0.12449,0.082182,0.06635,0.15898,0.054355,0.051309,0.049121,0.055333,0.046169,0.04455,0.043374,0.042395,0.041388,0.040557,0.03979,0.039022,0.038441,0.037867,0.037294,0.036885,0.036342,0.035919,0.035528,0.03535,0.034862,0.034565,0.03428,0.034114,0.033934,0.033749,0.033542,0.033374,0.03341,0.033259,0.033296
2.3556e-13,0.84005,0.76224,0.78776,4.8032,0.4859,0.27599,0.30144,2.0074,0.23362,0.1527,0.18743,1.6011,0.17648,0.12062,0.1711,1.1538,0.15395,0.10094,0.12066,0.86663,0.11733,0.082898,0.098548,0.71701,0.087469,0.065482,0.080816,0.4817,0.066441,0.046488,0.0388,0.099163,0.032453,0.030626,0.029626,0.032335,0.027983,0.027119,0.026338,0.025723,0.025185,0.024698,0.024267,0.023807,0.023483,0.023141,0.022824,0.022568,0.022281,0.022048,0.021831,0.02162,0.021443,0.021274,0.021119,0.021106,0.020934,0.020835,0.020774,0.020656,0.020612,0.020574,0.020546
3.3933e-13,1.6339,1.0387,1.0762,10.78,0.65983,0.37167,0.38788,3.7465,0.37321,0.26384,0.2886,2.4871,0.35324,0.20254,0.30455,1.8801,0.25906,0.17438,0.222,1.5551,0.20477,0.12696,0.16863,1.2258,0.14246,0.10447,0.13149,0.8006,0.10912,0.074706,0.064417,0.13946,0.052112,0.049333,0.047467,0.055944,0.044128,0.043224,0.04217,0.041225,0.040206,0.039437,0.038732,0.038145,0.037483,0.036922,0.036416,0.035974,0.03554,0.035151,0.034797,0.034675,0.034145,0.033917,0.03369,0.033581,0.033305,0.033144,0.033067,0.03296,0.032851,0.032784,0.032741
3.56e-13,2.5727,1.3721,1.1796,20.885,1.0709,0.65855,0.72425,6.7201,0.69299,0.45855,0.53186,4.484,0.54689,0.36768,0.47994,3.5189,0.4066,0.33697,0.408,2.931,0.36397,0.26321,0.37542,2.5386,0.29258,0.18286,0.2358,1.7782,0.23946,0.15722,0.13434,0.24919,0.11458,0.10791,0.10328,0.10551,0.096421,0.094171,0.091623,0.089528,0.087485,0.085774,0.084226,0.082663,0.081461,0.080224,0.079126,0.078289,0.077171,0.07635,0.075579,0.074798,0.074169,0.073621,0.073105,0.072351,0.072261,0.07189,0.071649,0.070829,0.071231,0.071061,0.070903
2.6906e-13,2.2878,1.2209,1.1147,15.242,0.83643,0.45775,0.46573,3.1809,0.40799,0.26881,0.26597,1.8834,0.29294,0.20925,0.23314,1.3857,0.20245,0.16427,0.19032,1.1578,0.16138,0.13284,0.17541,0.95015,0.14058,0.10062,0.11723,0.65835,0.11932,0.092304,0.083897,0.12674,0.077487,0.0739,0.071739,0.073352,0.068448,0.067023,0.065624,0.06442,0.063161,0.062127,0.061143,0.060193,0.059428,0.05865,0.057943,0.057315,0.056728,0.056174,0.055655,0.055297,0.054769,0.05442,0.054104,0.053455,0.053507,0.053294,0.053231,0.052383,0.052857,0.052759,0.052674
2.9737e-13,1.1425,0.83301,1.0602,7.0344,0.5443,0.29662,0.32109,2.168,0.24298,0.16444,0.18498,1.1875,0.16285,0.12483,0.14767,1.0516,0.12198,0.097572,0.11371,0.85543,0.11863,0.085016,0.1037,0.5908,0.084195,0.06734,0.067192,0.53249,0.073173,0.054189,0.047455,0.079872,0.040066,0.03811,0.036769,0.040395,0.034741,0.033772,0.032901,0.032197,0.031528,0.030957,0.030434,0.029863,0.029462,0.029049,0.028659,0.028316,0.027997,0.027704,0.027433,0.027249,0.026955,0.026754,0.026569,0.026274,0.02631,0.02619,0.026075,0.026073,0.02596,0.025917,0.025918
3.391e-13,0.88817,0.95711,0.79719,3.8943,0.50161,0.26208,0.29148,1.5821,0.21285,0.15025,0.16836,1.1062,0.16499,0.1104,0.13736,0.83419,0.10515,0.079346,0.10084,0.64826,0.094957,0.072597,0.089371,0.52289,0.076435,0.053081,0.061083,0.40886,0.064945,0.045438,0.037319,0.085884,0.031618,0.030033,0.029071,0.030721,0.027212,0.026412,0.025908,0.025317,0.024793,0.024329,0.023908,0.02351,0.023148,0.022813,0.022501,0.022249,0.021964,0.021735,0.021518,0.021363,0.021136,0.020967,0.02082,0.020742,0.020644,0.02055,0.020427,0.02104,0.020313,0.020261,0.02027
3.9946e-13,0.8229,0.69054,0.53011,3.0226,0.44973,0.24161,0.27495,1.7443,0.22214,0.1386,0.17347,1.1394,0.16796,0.10024,0.13255,0.95599,0.11501,0.084188,0.11232,0.72829,0.086728,0.0632,0.085337,0.5338,0.071906,0.060097,0.075291,0.48846,0.062065,0.036234,0.033766,0.084668,0.025649,0.023415,0.022243,0.025383,0.020987,0.020324,0.01972,0.019117,0.018737,0.018337,0.017985,0.017627,0.01736,0.017083,0.016844,0.016616,0.016404,0.016226,0.01605,0.015876,0.015757,0.015624,0.015502,0.015512,0.015335,0.015265,0.015184,0.015757,0.015129,0.015058,0.015066
3.2198e-13,0.57874,0.49418,0.41725,3.2514,0.36735,0.3101,0.40784,2.9173,0.33487,0.22066,0.26975,2.241,0.2806,0.20155,0.25871,2.0654,0.26343,0.16481,0.21214,1.7206,0.18874,0.12462,0.17252,1.1214,0.1685,0.10493,0.13362,0.81076,0.092718,0.055567,0.046472,0.12273,0.029056,0.025785,0.024145,0.03024,0.021915,0.020962,0.020166,0.01945,0.018944,0.018378,0.017928,0.017475,0.017084,0.016741,0.016433,0.016148,0.015907,0.015654,0.015448,0.015285,0.015055,0.01491,0.01476,0.014644,0.014546,0.014438,0.01437,0.014265,0.014246,0.014194,0.014168
3.0647e-13,0.60104,0.47476,0.48921,3.102,0.41039,0.29109,0.42505,2.8693,0.38151,0.18083,0.24034,2.1057,0.2904,0.17344,0.23232,1.7663,0.1988,0.15308,0.1897,1.4401,0.17912,0.10646,0.1488,1.0746,0.12781,0.078587,0.11009,0.73507,0.09216,0.05678,0.045925,0.12345,0.030695,0.027685,0.025855,0.03625,0.02432,0.023028,0.02205,0.021499,0.020829,0.020295,0.019841,0.019446,0.018994,0.018634,0.018318,0.018076,0.017746,0.017494,0.017282,0.017077,0.01688,0.016714,0.016538,0.016457,0.016352,0.016252,0.016156,0.016576,0.016044,0.016006,0.01596
3.3015e-13,0.76426,0.51007,0.48121,3.1262,0.43857,0.30465,0.41949,3.6531,0.41044,0.26127,0.34366,2.5508,0.31388,0.20618,0.28363,2.356,0.30103,0.18054,0.24559,1.8391,0.22651,0.15763,0.19394,1.5155,0.20493,0.12647,0.16521,1.1157,0.12611,0.064338,0.05362,0.13836,0.03488,0.031619,0.029818,0.038286,0.027186,0.025894,0.024979,0.024228,0.023544,0.022906,0.022302,0.021855,0.021349,0.020946,0.020561,0.020147,0.019916,0.019602,0.019335,0.019127,0.01888,0.018688,0.01849,0.01831,0.018259,0.018142,0.018122,0.018375,0.017864,0.017814,0.017785
2.345e-13,0.63134,0.55646,0.51509,3.2327,0.40805,0.26923,0.37511,2.7503,0.29787,0.18278,0.21663,1.8978,0.26057,0.16618,0.19751,1.4158,0.18768,0.11862,0.16708,1.2264,0.13813,0.090138,0.1148,0.89035,0.10951,0.076621,0.099097,0.64339,0.070587,0.04491,0.035744,0.10374,0.025699,0.023237,0.021886,0.02857,0.020263,0.019377,0.018809,0.018408,0.017909,0.01752,0.017166,0.01695,0.016538,0.016277,0.016037,0.015839,0.015605,0.015429,0.015275,0.015201,0.014934,0.014822,0.014697,0.014521,0.014564,0.01449,0.014429,0.014749,0.014293,0.014256,0.014245
2.5535e-13,0.60302,0.56667,0.43301,3.1015,0.37834,0.24898,0.32446,2.5537,0.23779,0.16658,0.21065,1.7719,0.2699,0.1592,0.2033,1.4904,0.19576,0.13035,0.16559,1.1956,0.14191,0.10543,0.11323,0.84766,0.11013,0.072952,0.099153,0.65268,0.070123,0.041189,0.033406,0.1061,0.025013,0.023052,0.021992,0.026874,0.020229,0.019623,0.01914,0.018687,0.018279,0.017871,0.01752,0.017189,0.016903,0.016646,0.016387,0.016172,0.015967,0.01578,0.015618,0.01549,0.015282,0.015156,0.015025,0.015006,0.014879,0.014801,0.014696,0.014984,0.014669,0.014633,0.014587
2.6684e-13,0.54259,0.50251,0.4005,2.1784,0.30367,0.18185,0.19632,1.3984,0.15854,0.094849,0.11151,0.83963,0.14242,0.090181,0.097377,0.66881,0.089918,0.061806,0.081507,0.55596,0.073076,0.052848,0.057957,0.39247,0.052119,0.042557,0.049087,0.32786,0.041179,0.025551,0.02117,0.06791,0.01823,0.016804,0.016107,0.017896,0.015276,0.014767,0.014285,0.01398,0.013693,0.013426,0.013184,0.012932,0.01275,0.012562,0.012388,0.012222,0.012087,0.011953,0.01183,0.01176,0.011632,0.011536,0.011447,0.011401,0.011346,0.011299,0.011245,0.011552,0.011169,0.011133,0.011137
2.1992e-13,0.56137,0.49829,0.45177,2.6692,0.30996,0.23059,0.22096,1.561,0.18425,0.11915,0.13707,1.0487,0.18964,0.10792,0.13715,0.9303,0.11386,0.075096,0.10532,0.70246,0.086724,0.057429,0.071158,0.44337,0.057893,0.04822,0.055373,0.38033,0.043568,0.026171,0.023179,0.078906,0.018775,0.017507,0.016798,0.018473,0.015657,0.015236,0.01489,0.014561,0.014234,0.013957,0.013712,0.013482,0.013263,0.013071,0.012895,0.012741,0.01259,0.012452,0.012322,0.012289,0.012108,0.012011,0.01191,0.011956,0.0118,0.011747,0.011661,0.012028,0.011633,0.0116,0.011592
2.8878e-13,0.70588,0.59221,0.57889,3.7068,0.45185,0.34991,0.37208,2.62,0.30924,0.19761,0.23595,1.9872,0.27393,0.16412,0.19478,1.6,0.18523,0.11218,0.16138,1.1764,0.13588,0.085035,0.11393,0.76801,0.097291,0.080677,0.097998,0.50011,0.062041,0.042416,0.038187,0.079899,0.030022,0.0278,0.026645,0.028615,0.025022,0.024189,0.023648,0.023139,0.02258,0.022108,0.021679,0.021309,0.020957,0.02063,0.020339,0.020141,0.019818,0.019596,0.019384,0.019374,0.019022,0.018864,0.018717,0.018748,0.018541,0.018449,0.018373,0.018428,0.018231,0.0182,0.018201
3.1485e-13,0.72255,0.54132,0.53343,3.8422,0.45556,0.36661,0.45446,3.3071,0.36311,0.2311,0.2855,2.404,0.30828,0.20052,0.24596,1.9314,0.25403,0.15775,0.20476,1.6218,0.1806,0.11665,0.14247,1.2096,0.12003,0.10962,0.12425,0.80978,0.090955,0.057557,0.048443,0.10294,0.036418,0.032928,0.031211,0.034248,0.029024,0.027824,0.026971,0.026336,0.025579,0.02497,0.024427,0.02394,0.023528,0.023119,0.022749,0.022472,0.022138,0.021845,0.021595,0.021515,0.021149,0.020956,0.020794,0.020725,0.020542,0.020443,0.020416,0.020504,0.020159,0.020125,0.020109
3.2156e-13,0.68666,0.55234,0.52754,3.3843,0.43155,0.29408,0.38771,3.0962,0.29601,0.20686,0.28124,2.1859,0.27222,0.1786,0.24588,1.7543,0.24416,0.17236,0.20169,1.6868,0.19267,0.12412,0.16125,1.3041,0.14771,0.10967,0.12779,0.9621,0.11046,0.066765,0.053636,0.14303,0.039972,0.036032,0.033973,0.040042,0.031126,0.029764,0.028793,0.027842,0.027129,0.026441,0.025821,0.025229,0.02476,0.024308,0.023879,0.023504,0.023148,0.022843,0.02256,0.022265,0.022051,0.021839,0.02163,0.021336,0.021356,0.02122,0.021112,0.02143,0.020948,0.020889,0.020857
4.1285e-13,0.87614,0.74,0.7062,4.5487,0.55006,0.37553,0.5068,3.3051,0.4063,0.27774,0.3502,3.0908,0.32321,0.22583,0.29444,2.312,0.29117,0.18985,0.23489,2.0411,0.22825,0.158,0.18364,1.3939,0.18401,0.12007,0.15226,1.0802,0.13326,0.075683,0.065752,0.14403,0.045302,0.040746,0.038463,0.047566,0.034472,0.033333,0.031997,0.031026,0.030209,0.029458,0.028805,0.028189,0.027633,0.027148,0.026672,0.026204,0.025893,0.025548,0.025241,0.025185,0.024685,0.024464,0.024254,0.023943,0.023931,0.023783,0.023664,0.024343,0.023491,0.023437,0.0234
2.9138e-13,0.65294,0.5144,0.48202,3.5841,0.51138,0.37558,0.46315,2.9806,0.34703,0.2389,0.27732,2.4152,0.26554,0.19268,0.23291,1.8417,0.23073,0.15944,0.18295,1.3242,0.18173,0.11266,0.12854,1.0024,0.12987,0.093247,0.11342,0.67591,0.09322,0.055175,0.044816,0.10362,0.032761,0.029766,0.027978,0.03375,0.026268,0.024782,0.024127,0.023517,0.022813,0.022266,0.02176,0.021357,0.020922,0.02056,0.020205,0.019941,0.019633,0.019361,0.019121,0.01916,0.018707,0.018535,0.018372,0.018441,0.018145,0.018021,0.0179,0.017935,0.017825,0.017801,0.017761
3.367e-13,0.78075,0.60406,0.53383,3.7079,0.46575,0.29559,0.30056,2.1693,0.23684,0.15268,0.16714,1.5437,0.17964,0.12199,0.14674,1.1598,0.1483,0.10215,0.11424,0.85664,0.11047,0.077488,0.09808,0.63525,0.088973,0.063115,0.080468,0.51443,0.068208,0.044352,0.036067,0.082271,0.028614,0.026493,0.025127,0.03047,0.023887,0.022774,0.022216,0.021688,0.02113,0.02069,0.02029,0.019885,0.019599,0.019294,0.019017,0.018796,0.018526,0.018326,0.018133,0.018013,0.017798,0.017657,0.017527,0.017564,0.017353,0.017266,0.017159,0.017314,0.017055,0.017033,0.017022
2.1973e-13,0.58923,0.60064,0.53819,2.9846,0.37778,0.23639,0.26124,1.6794,0.18375,0.12586,0.15236,0.97265,0.17037,0.096779,0.11198,0.69698,0.10733,0.076105,0.08335,0.66193,0.084565,0.051275,0.062847,0.49053,0.056216,0.045415,0.058694,0.37293,0.049963,0.032357,0.026072,0.083533,0.020819,0.019477,0.018763,0.021067,0.017339,0.016952,0.016514,0.016108,0.015779,0.015466,0.01517,0.014896,0.014668,0.014444,0.014249,0.01408,0.013905,0.013745,0.013598,0.013445,0.013354,0.013249,0.013156,0.01307,0.013022,0.012961,0.012909,0.01259,0.012811,0.012804,0.01279
2.044e-13,0.58756,0.5464,0.46377,2.609,0.33378,0.21411,0.22838,1.6993,0.16702,0.10526,0.12458,0.80904,0.17884,0.095722,0.091999,0.69714,0.096205,0.062577,0.071537,0.56749,0.06899,0.04716,0.052224,0.35933,0.049038,0.036308,0.048382,0.29457,0.038593,0.027011,0.022883,0.091796,0.018347,0.017281,0.016591,0.018623,0.015916,0.015373,0.014934,0.014644,0.014313,0.014056,0.013806,0.013571,0.013364,0.01318,0.013001,0.012855,0.012686,0.012555,0.012431,0.012287,0.012219,0.01212,0.012031,0.011965,0.011929,0.011858,0.011817,0.011728,0.011745,0.011717,0.011721
2.6468e-13,0.5454,0.48682,0.37989,2.6316,0.36158,0.21839,0.24241,1.8901,0.20032,0.12079,0.13454,0.85805,0.15778,0.093735,0.090737,0.68595,0.086602,0.057824,0.073259,0.5265,0.061009,0.046542,0.056482,0.37724,0.051918,0.039428,0.050915,0.31429,0.04012,0.028534,0.024188,0.073566,0.019814,0.01875,0.018101,0.020906,0.017112,0.016545,0.016246,0.015938,0.015546,0.01526,0.015001,0.014743,0.014535,0.014333,0.014151,0.013952,0.013808,0.013675,0.013541,0.013452,0.013308,0.013208,0.013111,0.013028,0.013,0.012946,0.01286,0.013057,0.012818,0.012799,0.012783
3.3726e-13,0.63409,0.55622,0.46567,3.3539,0.37452,0.23822,0.2932,1.8843,0.2563,0.16057,0.20619,1.2077,0.18555,0.11875,0.12896,1.0187,0.11527,0.088336,0.10624,0.64776,0.092877,0.073029,0.085382,0.57002,0.075698,0.052987,0.079883,0.44103,0.064706,0.038846,0.033819,0.096191,0.024447,0.023059,0.022249,0.02468,0.020751,0.020102,0.019727,0.019229,0.01887,0.018498,0.01815,0.017887,0.017573,0.017309,0.017072,0.016887,0.016658,0.016472,0.016296,0.016146,0.016017,0.01589,0.015773,0.01562,0.015628,0.015555,0.015526,0.015631,0.015333,0.015341,0.0153
2.7888e-13,0.80357,0.5224,0.51482,3.4766,0.4204,0.28721,0.33769,2.3275,0.23745,0.16105,0.20479,1.3487,0.1691,0.11212,0.15127,1.0126,0.1287,0.083669,0.11261,0.81029,0.092692,0.072832,0.092667,0.62449,0.080577,0.059507,0.072701,0.51412,0.05711,0.037648,0.033886,0.066065,0.026335,0.024662,0.023621,0.022636,0.022227,0.021376,0.020914,0.020352,0.019897,0.019499,0.019124,0.018802,0.018495,0.018217,0.017956,0.017719,0.017528,0.017329,0.017146,0.017016,0.016832,0.016711,0.016587,0.016645,0.016416,0.016347,0.016272,0.016458,0.016153,0.016135,0.016133
3.0219e-13,0.91495,0.63995,0.73311,4.9525,0.57375,0.35316,0.4253,2.9383,0.32206,0.23254,0.25015,2.0298,0.2547,0.17484,0.20519,1.4119,0.17301,0.13299,0.14757,1.1112,0.14455,0.096403,0.11674,0.82572,0.1083,0.075548,0.092404,0.63464,0.078325,0.052357,0.043017,0.088972,0.033703,0.030896,0.029254,0.032431,0.027589,0.026273,0.025476,0.024808,0.024241,0.023724,0.023242,0.022873,0.022433,0.022069,0.021737,0.021506,0.021174,0.020922,0.020688,0.02059,0.02032,0.020136,0.019987,0.019801,0.019764,0.019648,0.019559,0.019864,0.019476,0.019426,0.019418
2.7245e-13,1.2176,0.73452,0.91735,8.192,0.64979,0.35401,0.49516,4.0882,0.45359,0.26583,0.3384,2.9311,0.36401,0.23508,0.30707,2.5368,0.26255,0.21934,0.2555,2.0542,0.22855,0.1618,0.22887,1.7309,0.18406,0.11402,0.15344,1.2199,0.14001,0.086907,0.070921,0.18442,0.05333,0.050033,0.047648,0.05843,0.043636,0.042148,0.040937,0.039831,0.03875,0.03789,0.037111,0.036269,0.035739,0.035139,0.034609,0.034289,0.033669,0.033279,0.032908,0.032746,0.032247,0.03199,0.031733,0.031421,0.031386,0.031199,0.031128,0.030932,0.030876,0.030812,0.030744
4.0116e-13,0.86113,0.62973,0.65239,4.9172,0.6126,0.37162,0.50998,3.6971,0.38836,0.28851,0.396,2.8436,0.35538,0.23535,0.29702,2.1195,0.22259,0.16596,0.2036,1.5926,0.21096,0.1294,0.17174,1.0968,0.13057,0.094856,0.11293,0.77823,0.088001,0.063633,0.05458,0.11588,0.043976,0.040082,0.037821,0.041261,0.036289,0.034447,0.033425,0.032397,0.031694,0.03099,0.030336,0.029619,0.029206,0.028714,0.028269,0.027862,0.02747,0.027159,0.026828,0.02652,0.026292,0.026067,0.025835,0.025694,0.025581,0.025419,0.02531,0.026311,0.025112,0.025056,0.025014
3.5894e-13,0.87584,0.59069,0.71927,4.7648,0.52134,0.32579,0.31892,2.1774,0.27517,0.17808,0.21229,1.4458,0.18892,0.12786,0.1285,1.0501,0.13449,0.10432,0.11688,0.8523,0.10006,0.070784,0.09023,0.64463,0.08094,0.061631,0.073109,0.5258,0.06821,0.043763,0.039016,0.071232,0.031576,0.029743,0.028529,0.032271,0.026865,0.0261,0.025461,0.024776,0.024315,0.023836,0.023399,0.022982,0.022626,0.022288,0.021985,0.021704,0.021449,0.02121,0.020999,0.020886,0.020613,0.020454,0.020297,0.020267,0.020098,0.019993,0.019908,0.020265,0.019789,0.019761,0.01973
3.2033e-13,0.80353,0.57101,0.64684,4.1556,0.48306,0.3247,0.32418,2.1123,0.21964,0.14075,0.16235,1.1232,0.14275,0.096255,0.12455,0.86752,0.12917,0.094713,0.10735,0.66684,0.11203,0.076397,0.084829,0.55071,0.074762,0.056648,0.069128,0.43754,0.068909,0.042567,0.03893,0.075171,0.031859,0.029763,0.02858,0.03111,0.026845,0.026118,0.025406,0.024781,0.024268,0.023789,0.023348,0.022984,0.022595,0.022261,0.02196,0.02171,0.021426,0.021199,0.020987,0.02087,0.020596,0.020442,0.020291,0.020281,0.020092,0.019996,0.019889,0.020261,0.019821,0.019779,0.019774
3.22e-13,0.65778,0.5036,0.49355,3.4245,0.39007,0.23074,0.23729,1.7652,0.19673,0.12473,0.16457,1.052,0.13405,0.10897,0.12801,0.85024,0.11291,0.085446,0.1071,0.6521,0.090653,0.058002,0.082792,0.5687,0.077108,0.053309,0.072032,0.49069,0.064634,0.040793,0.032935,0.082608,0.026334,0.024586,0.023527,0.025245,0.021814,0.021341,0.020698,0.020228,0.019695,0.019282,0.018914,0.018573,0.018267,0.017983,0.017723,0.017487,0.017277,0.017082,0.016897,0.016743,0.016586,0.016453,0.016325,0.016312,0.016171,0.016093,0.016016,0.016349,0.015938,0.015905,0.015866
2.7477e-13,0.76024,0.83169,0.73936,4.197,0.52284,0.26531,0.26856,1.7274,0.21605,0.1413,0.16963,1.0882,0.15102,0.10904,0.12733,0.81666,0.1077,0.080709,0.093341,0.61263,0.084495,0.066462,0.081434,0.5381,0.071338,0.050047,0.058863,0.4546,0.062064,0.041832,0.034896,0.085944,0.028871,0.027166,0.026,0.027908,0.02473,0.023994,0.023469,0.022963,0.022445,0.022027,0.02163,0.0213,0.020947,0.020639,0.020362,0.02009,0.019873,0.019658,0.019464,0.019295,0.019124,0.018968,0.018813,0.018924,0.018661,0.018569,0.018513,0.018862,0.018319,0.018314,0.018287
3.1944e-13,0.8267,0.6649,0.71685,5.4236,0.53983,0.28733,0.29873,2.0129,0.23136,0.15946,0.18707,1.1342,0.18269,0.12716,0.12488,0.78485,0.11706,0.096628,0.11495,0.76932,0.097889,0.072068,0.085111,0.62148,0.075919,0.054713,0.073188,0.39603,0.06234,0.044859,0.040653,0.098817,0.033433,0.031303,0.030118,0.033893,0.028492,0.027694,0.027031,0.026474,0.025918,0.025447,0.025004,0.024556,0.024224,0.023871,0.023559,0.023272,0.022998,0.022762,0.022535,0.022325,0.022152,0.021981,0.02182,0.021784,0.021624,0.021528,0.021483,0.021598,0.021234,0.021197,0.021196
3.4547e-13,1.5921,0.87494,1.0535,11.677,0.71088,0.3753,0.42348,3.5677,0.2771,0.21703,0.22488,1.4376,0.21384,0.16192,0.16971,1.0305,0.16621,0.13206,0.15604,0.75002,0.1119,0.092475,0.10736,0.61779,0.10437,0.08401,0.095141,0.47382,0.080915,0.067843,0.059368,0.082028,0.05605,0.053725,0.052212,0.051104,0.049855,0.04862,0.047765,0.046958,0.046146,0.045396,0.044732,0.04406,0.043496,0.042942,0.042432,0.042019,0.041526,0.041142,0.040798,0.040366,0.040135,0.039874,0.039636,0.039149,0.039255,0.039076,0.038872,0.039004,0.038751,0.038673,0.038653
5.0281e-13,2.3893,1.2431,1.5528,17.342,0.9722,0.53957,0.6158,5.2561,0.3695,0.31402,0.31877,2.0915,0.3031,0.23059,0.26173,1.6598,0.23384,0.18765,0.20543,1.2985,0.18143,0.14275,0.15933,0.87591,0.14914,0.12787,0.13522,0.66797,0.11666,0.10124,0.092515,0.11609,0.085765,0.082259,0.079747,0.07722,0.07692,0.074429,0.073077,0.07174,0.070513,0.069349,0.068311,0.067349,0.066405,0.065562,0.064774,0.064146,0.063404,0.062804,0.062272,0.061573,0.061263,0.060859,0.060498,0.059693,0.059877,0.059603,0.05921,0.05952,0.059192,0.05902,0.059059
5.1265e-13,2.285,1.2537,1.6102,16.433,0.83551,0.51265,0.56007,4.3418,0.3793,0.28327,0.3218,2.6967,0.32553,0.21569,0.24969,1.9013,0.23732,0.18586,0.21677,1.6558,0.18032,0.15926,0.17953,1.2402,0.16836,0.12945,0.15807,0.88532,0.13614,0.096622,0.089472,0.12863,0.079923,0.077125,0.074781,0.07638,0.071701,0.069535,0.068068,0.066718,0.065672,0.064571,0.063629,0.062767,0.061822,0.061028,0.060293,0.059714,0.059034,0.058459,0.057955,0.05732,0.057035,0.056643,0.056299,0.055409,0.055682,0.055409,0.054957,0.055123,0.055167,0.054959,0.055029
5.0071e-13,3.3675,1.6374,2.211,26.604,1.3033,0.72745,0.81341,8.2958,0.47548,0.37801,0.3761,2.5867,0.3533,0.28101,0.28973,2.1206,0.27323,0.23876,0.25257,1.512,0.20578,0.17156,0.19302,1.0478,0.19,0.15648,0.16509,0.77295,0.15614,0.13133,0.12174,0.13181,0.11173,0.10771,0.10458,0.10459,0.10018,0.097837,0.095939,0.094219,0.092652,0.091136,0.089797,0.088588,0.08731,0.0862,0.085177,0.084304,0.083382,0.082586,0.081892,0.081024,0.080563,0.080025,0.079532,0.078622,0.078743,0.078393,0.077861,0.078639,0.077835,0.077621,0.077667
3.0042e-13,1.453,0.92127,1.1302,13.977,0.70853,0.42508,0.43637,4.8736,0.28667,0.20575,0.22717,1.4641,0.23429,0.15055,0.16603,1.4038,0.1713,0.12627,0.15512,0.9136,0.12977,0.098489,0.11414,0.7472,0.099077,0.080241,0.086448,0.56375,0.088367,0.063076,0.059722,0.11274,0.051808,0.049526,0.047952,0.051598,0.045357,0.04464,0.043536,0.042745,0.041974,0.04125,0.040606,0.039994,0.039427,0.038899,0.038422,0.038033,0.037576,0.037204,0.036863,0.036593,0.036254,0.036,0.035759,0.035584,0.035427,0.035255,0.035077,0.035242,0.03495,0.034862,0.034841
3.1941e-13,1.6316,0.94336,1.4145,15.22,0.78931,0.44342,0.4944,5.6631,0.36184,0.22773,0.24854,1.963,0.25852,0.17372,0.21658,1.8613,0.20062,0.15031,0.16703,1.3274,0.14267,0.10431,0.12312,0.95763,0.12201,0.088332,0.10896,0.72776,0.087192,0.066516,0.056232,0.10724,0.047375,0.04459,0.042797,0.04849,0.040704,0.039683,0.038789,0.038099,0.037407,0.036748,0.036139,0.035663,0.035089,0.034628,0.034193,0.03383,0.033441,0.033102,0.032801,0.032515,0.032263,0.032036,0.031828,0.031398,0.031501,0.031371,0.031215,0.031545,0.031058,0.030997,0.030987
