1.7637e-13,0.84547,0.4206,0.44124,3.358,0.49637,0.45667,0.73344,5.0795,0.56949,0.35203,0.44549,3.3201,0.48969,0.29828,0.43336,2.6564,0.35853,0.26179,0.33852,2.486,0.29695,0.18464,0.25097,1.869,0.26214,0.15157,0.19065,1.5414,0.17899,0.10799,0.083428,0.18749,0.056501,0.051309,0.048241,0.060968,0.044125,0.042085,0.040412,0.038904,0.037789,0.036762,0.035823,0.035044,0.034186,0.033486,0.032859,0.032354,0.031748,0.0313,0.030879,0.030586,0.030135,0.029819,0.029544,0.029469,0.029148,0.028953,0.028841,0.028576,0.028475,0.02845,0.028411
3.4397e-13,0.74156,0.44553,0.47559,3.1831,0.48872,0.46666,0.73392,5.8317,0.5781,0.34932,0.47039,3.4242,0.47301,0.27476,0.44124,2.8977,0.33164,0.26361,0.37525,2.4588,0.34751,0.21542,0.27591,1.771,0.25004,0.14743,0.20328,1.5246,0.1921,0.10597,0.084203,0.21336,0.057201,0.04991,0.046294,0.066369,0.041506,0.039077,0.03805,0.036474,0.035487,0.034436,0.033586,0.032901,0.032038,0.031339,0.030743,0.030247,0.029722,0.029282,0.028879,0.028585,0.028152,0.027868,0.02759,0.027501,0.027221,0.027036,0.026825,0.02721,0.026665,0.026612,0.026569
3.9511e-13,0.94174,0.54097,0.5201,4.0015,0.54942,0.49683,0.90092,7.0233,0.7411,0.41603,0.51623,3.7058,0.523,0.31668,0.42863,2.5707,0.31308,0.22046,0.30721,2.091,0.28965,0.18197,0.2334,1.7229,0.21804,0.13434,0.17364,1.2315,0.15929,0.099655,0.080439,0.16496,0.057158,0.053902,0.051395,0.058491,0.046983,0.045683,0.044393,0.043065,0.042052,0.041073,0.040205,0.039541,0.038681,0.037995,0.037408,0.03693,0.036346,0.035898,0.035487,0.035404,0.034673,0.034388,0.034119,0.033856,0.033732,0.033544,0.033382,0.033575,0.033094,0.033034,0.032989
2.7234e-13,0.63888,0.36943,0.3696,2.7377,0.35876,0.31335,0.44085,3.3523,0.38677,0.24304,0.26754,2.1007,0.33775,0.23359,0.24917,1.7791,0.21907,0.136,0.16244,1.3426,0.15341,0.1008,0.13598,1.0815,0.12786,0.080661,0.098,0.70114,0.0899,0.051862,0.044771,0.12138,0.031163,0.028326,0.026871,0.030178,0.025012,0.024107,0.023092,0.022512,0.021937,0.02141,0.020932,0.020487,0.020113,0.019746,0.019434,0.01908,0.01889,0.018626,0.018408,0.018329,0.017987,0.017838,0.017707,0.017527,0.017477,0.017397,0.017324,0.017505,0.017122,0.017091,0.017076
2.8716e-13,0.74287,0.45859,0.52484,3.6704,0.59657,0.52309,0.87916,6.5382,0.6871,0.43279,0.509,3.687,0.56842,0.32995,0.38922,2.7898,0.33124,0.2385,0.27812,1.8032,0.25547,0.15807,0.24919,1.636,0.19516,0.12851,0.1717,1.0322,0.14123,0.089655,0.075125,0.16598,0.057384,0.05211,0.049232,0.056399,0.044362,0.043354,0.041803,0.040476,0.039451,0.038483,0.037651,0.036993,0.036146,0.035517,0.034944,0.034442,0.033961,0.033512,0.033124,0.032846,0.032385,0.032113,0.031854,0.031655,0.031462,0.031295,0.031144,0.031069,0.030933,0.030871,0.030829
3.4445e-13,0.83537,0.52709,0.61534,4.166,0.73258,0.63039,1.0678,7.4696,0.77139,0.49027,0.71621,4.8597,0.68137,0.39198,0.57444,4.336,0.47447,0.40379,0.48699,3.6461,0.47024,0.29923,0.43259,2.9178,0.37364,0.23271,0.32185,2.0855,0.26908,0.14929,0.1178,0.27574,0.080357,0.070642,0.065727,0.081186,0.057996,0.055291,0.053546,0.051642,0.05023,0.048759,0.047618,0.046602,0.045479,0.044567,0.043759,0.043074,0.042376,0.041777,0.041213,0.041074,0.040175,0.039808,0.039461,0.039063,0.038915,0.038647,0.038409,0.038331,0.038219,0.038117,0.038035
4.6736e-13,0.80049,0.46007,0.56168,3.7897,0.54427,0.46651,0.63041,4.9824,0.50171,0.32419,0.47001,3.3639,0.46013,0.29566,0.44365,3.1083,0.33604,0.28504,0.37822,2.6191,0.36416,0.23073,0.29656,2.0163,0.27317,0.17047,0.22174,1.6509,0.18041,0.11597,0.088528,0.22101,0.059524,0.053113,0.049482,0.058682,0.044106,0.042005,0.040686,0.039186,0.037777,0.036637,0.035691,0.034665,0.034062,0.033324,0.032665,0.032176,0.031611,0.031154,0.030702,0.030668,0.029955,0.029658,0.029379,0.029123,0.028932,0.028737,0.028557,0.028894,0.028399,0.028311,0.028268
4.9604e-13,0.80297,0.59466,0.65444,4.1761,0.50547,0.39023,0.50165,3.9363,0.4182,0.27186,0.31414,2.7281,0.34738,0.22717,0.3415,1.9465,0.25663,0.16355,0.24037,1.7746,0.25876,0.15785,0.20624,1.1245,0.17605,0.11464,0.15605,1.1152,0.14441,0.081816,0.070201,0.17042,0.04824,0.043843,0.042055,0.050908,0.037588,0.036035,0.035032,0.034054,0.032979,0.032171,0.031391,0.030834,0.030176,0.029627,0.029132,0.028674,0.028317,0.027937,0.027598,0.027522,0.026985,0.026752,0.02654,0.026599,0.026208,0.026081,0.025952,0.026254,0.025755,0.025719,0.025675
2.7384e-13,0.7321,0.39477,0.52026,3.5848,0.53463,0.43442,0.60412,4.1901,0.47083,0.34351,0.4663,3.2281,0.49407,0.2962,0.41022,2.6836,0.33421,0.25783,0.30233,2.3798,0.3121,0.2213,0.29595,1.9445,0.25975,0.17668,0.2439,1.4733,0.21989,0.11909,0.087306,0.22851,0.055898,0.04764,0.043793,0.062812,0.038062,0.036329,0.034776,0.033271,0.032184,0.031121,0.030228,0.029486,0.028654,0.02799,0.027379,0.026845,0.02636,0.025911,0.025502,0.025233,0.024804,0.024501,0.024241,0.024169,0.023815,0.02363,0.023482,0.023295,0.023242,0.023158,0.023097
3.5286e-13,0.66056,0.38831,0.46439,2.9714,0.45551,0.35533,0.41101,3.2101,0.35401,0.23377,0.31748,2.0781,0.31614,0.21157,0.24415,1.6034,0.20988,0.14704,0.17534,1.3514,0.17605,0.12668,0.16126,1.112,0.14887,0.097951,0.13762,0.89443,0.11973,0.068229,0.050264,0.14927,0.035512,0.031329,0.029467,0.039139,0.025572,0.024978,0.024228,0.023552,0.022871,0.022341,0.021864,0.02139,0.020963,0.020597,0.020265,0.019869,0.019678,0.019422,0.019195,0.019078,0.018788,0.018619,0.018483,0.018379,0.018229,0.018132,0.018028,0.018294,0.017899,0.017878,0.017841
3.4332e-13,0.69696,0.40674,0.3825,2.4847,0.3366,0.25307,0.37296,2.2776,0.27026,0.16146,0.20653,1.3916,0.27254,0.17089,0.17763,1.2459,0.16724,0.1152,0.13928,0.98763,0.1296,0.087056,0.11286,0.80168,0.092333,0.071279,0.089559,0.60092,0.07303,0.042858,0.038752,0.09448,0.024258,0.022474,0.021559,0.026273,0.019981,0.019437,0.018847,0.018485,0.017977,0.017575,0.017225,0.016905,0.016609,0.016327,0.016077,0.015816,0.015631,0.015456,0.015276,0.015008,0.014971,0.014837,0.014726,0.014661,0.014532,0.014445,0.014305,0.015242,0.014344,0.014288,0.014269
1.8597e-13,0.45625,0.25627,0.33971,1.9686,0.27316,0.17632,0.24764,1.8025,0.18359,0.10782,0.15703,0.89109,0.19989,0.1328,0.11093,0.72118,0.10011,0.070504,0.086618,0.55742,0.080527,0.054936,0.071315,0.50515,0.065943,0.050266,0.059494,0.39171,0.053402,0.033527,0.026057,0.083204,0.019763,0.01788,0.017216,0.020127,0.015668,0.015149,0.014663,0.014313,0.013988,0.013683,0.013417,0.013127,0.012911,0.012695,0.0125,0.012305,0.012181,0.012026,0.011885,0.011839,0.011649,0.011549,0.011476,0.011354,0.011325,0.011269,0.011228,0.011117,0.011141,0.01112,0.011086
3.698e-13,0.58405,0.34091,0.51298,2.8188,0.35265,0.25975,0.3189,2.3855,0.27109,0.18733,0.23163,1.3965,0.22084,0.14424,0.16308,1.3383,0.14461,0.095982,0.12307,0.88881,0.1387,0.088389,0.10502,0.83699,0.10289,0.072754,0.088645,0.52589,0.073581,0.0475,0.038168,0.091591,0.027447,0.025793,0.024537,0.029189,0.021946,0.021251,0.020713,0.020121,0.019583,0.01911,0.018661,0.018243,0.017919,0.017588,0.017287,0.016996,0.016767,0.016541,0.016342,0.016028,0.015968,0.015814,0.015682,0.015562,0.015462,0.015381,0.015318,0.01491,0.015164,0.015146,0.015097
3.285e-13,0.82337,0.37972,0.55717,3.6867,0.48951,0.34214,0.43333,3.0125,0.39172,0.29255,0.33977,2.3557,0.35548,0.22472,0.2468,2.0017,0.24125,0.16411,0.20342,1.4861,0.22275,0.1435,0.17057,1.3461,0.16718,0.11847,0.14026,0.91506,0.12312,0.073939,0.061009,0.13733,0.040212,0.036188,0.034152,0.044083,0.030576,0.029703,0.028913,0.028124,0.027313,0.026677,0.026062,0.025517,0.025098,0.024652,0.024261,0.023938,0.023606,0.023306,0.023052,0.022775,0.02255,0.022347,0.022175,0.022232,0.021901,0.02178,0.021644,0.021338,0.021518,0.021481,0.02144
2.7959e-13,0.86916,0.57903,0.77271,5.3578,0.63924,0.43675,0.52642,5.3823,0.52235,0.33454,0.46361,4.2189,0.48607,0.33165,0.44784,3.1919,0.42101,0.30878,0.37848,2.9908,0.35449,0.23835,0.33692,2.2127,0.26003,0.169,0.21237,1.6052,0.17304,0.099814,0.083952,0.23641,0.058816,0.052956,0.050349,0.060926,0.045309,0.044025,0.042344,0.040794,0.039616,0.038612,0.037682,0.03691,0.036052,0.035372,0.034743,0.034234,0.033652,0.033211,0.032794,0.032613,0.032025,0.031731,0.031427,0.031378,0.031048,0.03086,0.030676,0.030491,0.030446,0.030358,0.030334
3.5083e-13,0.80923,0.47116,0.66198,5.0137,0.61872,0.43242,0.53201,4.5616,0.4852,0.36476,0.5276,3.266,0.44964,0.28057,0.43797,2.9203,0.39676,0.23023,0.34908,2.3595,0.33405,0.20987,0.27529,1.9025,0.26632,0.14105,0.22045,1.3349,0.1963,0.10285,0.083203,0.21386,0.05756,0.052434,0.04864,0.060792,0.044812,0.041984,0.039815,0.038691,0.037458,0.036328,0.035336,0.034337,0.033682,0.032951,0.032293,0.031689,0.031213,0.030713,0.030279,0.030521,0.029507,0.029209,0.028915,0.028756,0.028492,0.028297,0.02815,0.027927,0.0279,0.027837,0.027789
3.3286e-13,0.7076,0.34827,0.47456,3.3342,0.38907,0.25301,0.308,3.1842,0.25866,0.15498,0.16429,1.402,0.17475,0.11954,0.13096,0.92321,0.11914,0.095866,0.1336,0.77604,0.11881,0.073966,0.10878,0.67712,0.099193,0.056867,0.076228,0.53194,0.068335,0.041928,0.037067,0.10011,0.025952,0.023708,0.02258,0.027258,0.021268,0.020349,0.019737,0.01926,0.018845,0.018466,0.018116,0.017789,0.017504,0.017233,0.016986,0.016835,0.016556,0.01637,0.016198,0.016023,0.015891,0.015767,0.015663,0.015655,0.01547,0.015393,0.015265,0.015052,0.015252,0.01522,0.015214
3.6505e-13,0.76637,0.42839,0.59794,3.3695,0.42983,0.27785,0.29076,2.6678,0.24699,0.14374,0.17734,1.2906,0.17881,0.11084,0.15976,0.97107,0.13995,0.09695,0.12423,0.84058,0.11999,0.08031,0.097191,0.66149,0.092329,0.062962,0.080268,0.4473,0.072625,0.045114,0.034839,0.085133,0.028172,0.025938,0.024679,0.030413,0.023069,0.022033,0.021385,0.020833,0.020338,0.019874,0.019445,0.019056,0.018741,0.018435,0.018138,0.01788,0.017639,0.017428,0.017228,0.017042,0.016882,0.016741,0.016603,0.016543,0.016402,0.016328,0.016262,0.016049,0.016113,0.016074,0.016072
3.1981e-13,0.66577,0.32488,0.41797,2.3499,0.31378,0.20603,0.19007,1.4376,0.17839,0.11615,0.13755,0.92117,0.24669,0.15092,0.12185,0.70602,0.092789,0.066304,0.078457,0.53681,0.075463,0.059199,0.062997,0.45134,0.053516,0.042269,0.053833,0.34318,0.052856,0.031666,0.027834,0.13081,0.020935,0.019159,0.018325,0.022622,0.017137,0.016546,0.016226,0.01589,0.015506,0.015199,0.014912,0.014679,0.01442,0.014209,0.014001,0.013824,0.013665,0.013513,0.013372,0.013284,0.013137,0.013034,0.012951,0.012727,0.012797,0.012745,0.012674,0.013176,0.012605,0.012558,0.012565
2.8912e-13,0.61051,0.31231,0.51529,2.9095,0.36853,0.20288,0.18502,2.1301,0.17854,0.11776,0.1394,1.1268,0.22056,0.13084,0.11375,0.80037,0.094828,0.075518,0.090513,0.6718,0.06392,0.051674,0.066674,0.47891,0.061608,0.051229,0.057591,0.37578,0.052878,0.032979,0.030135,0.14863,0.021832,0.019927,0.019269,0.023653,0.017953,0.017309,0.016851,0.016535,0.016182,0.015899,0.015633,0.015443,0.01516,0.014949,0.014759,0.014575,0.014415,0.014267,0.014129,0.014116,0.013903,0.013799,0.013716,0.013721,0.01357,0.013518,0.013461,0.013485,0.013352,0.01332,0.013324
3.0638e-13,0.7204,0.42831,0.52608,3.9579,0.38202,0.23701,0.23704,2.188,0.21351,0.13155,0.18797,1.2364,0.146,0.091505,0.12832,1.0672,0.11064,0.082095,0.11324,0.65746,0.090851,0.061286,0.083384,0.55371,0.078908,0.057065,0.065489,0.4085,0.062113,0.037157,0.032124,0.080089,0.027051,0.025635,0.024485,0.029253,0.023062,0.022302,0.02167,0.021327,0.020837,0.020463,0.020118,0.019744,0.019471,0.019193,0.018944,0.018683,0.018499,0.0183,0.018113,0.018073,0.01781,0.017676,0.01755,0.017458,0.017393,0.017315,0.017277,0.017149,0.017061,0.01704,0.017039
3.6786e-13,1.0702,0.54423,0.62558,6.591,0.44147,0.30602,0.34293,3.0089,0.25582,0.16396,0.20252,1.7371,0.20166,0.13601,0.15438,1.4237,0.133,0.12003,0.13396,0.82245,0.12415,0.083426,0.11522,0.77079,0.097555,0.073707,0.08375,0.56381,0.084477,0.055414,0.046754,0.093977,0.038802,0.036754,0.03509,0.04047,0.033042,0.03203,0.031133,0.030395,0.029817,0.029242,0.028745,0.028252,0.027808,0.027401,0.027025,0.026734,0.02639,0.026102,0.025844,0.025653,0.025393,0.025198,0.025019,0.024682,0.024756,0.024608,0.024383,0.024228,0.024445,0.024377,0.024372
4.1651e-13,1.3775,0.70126,0.84331,8.2558,0.67273,0.45335,0.50858,4.0266,0.38179,0.28628,0.30349,2.3916,0.28957,0.21058,0.28689,2.0168,0.25274,0.19031,0.22652,1.5933,0.21224,0.13785,0.19123,1.303,0.18164,0.11629,0.14026,0.93298,0.14654,0.092094,0.072231,0.1498,0.060511,0.056309,0.053156,0.063591,0.050699,0.04827,0.047043,0.045899,0.044852,0.043899,0.043068,0.042288,0.04161,0.040954,0.040339,0.039802,0.039339,0.038889,0.038484,0.038125,0.037775,0.03746,0.037185,0.03687,0.036766,0.036555,0.036224,0.035676,0.036265,0.036164,0.036126
4.0927e-13,1.2747,0.60402,0.78573,7.6683,0.67758,0.42122,0.55073,4.1745,0.46327,0.29585,0.34814,2.5259,0.33259,0.22225,0.30535,2.032,0.2474,0.17998,0.22342,1.7625,0.23869,0.15772,0.19387,1.3072,0.21357,0.13287,0.16452,0.97698,0.1503,0.090143,0.074089,0.15799,0.060756,0.05772,0.054938,0.067235,0.051537,0.050018,0.048871,0.047819,0.046718,0.045767,0.044937,0.044159,0.043455,0.042797,0.042186,0.041608,0.041181,0.040722,0.040305,0.039908,0.039572,0.039255,0.03898,0.038778,0.038564,0.038332,0.038006,0.037817,0.038128,0.038003,0.037969
5.7262e-13,2.2221,1.0001,1.1976,13.688,0.92717,0.52966,0.5243,4.9172,0.40933,0.29887,0.28627,3.3971,0.30619,0.22852,0.26089,2.405,0.22631,0.1944,0.20414,1.3281,0.17134,0.12584,0.15179,1.0843,0.14645,0.11822,0.12459,0.81494,0.12773,0.090304,0.086609,0.13192,0.076827,0.072987,0.070136,0.078446,0.066668,0.065065,0.06347,0.062136,0.061034,0.059948,0.05902,0.058168,0.057278,0.056501,0.055789,0.055245,0.054552,0.05401,0.053511,0.052893,0.052663,0.052277,0.051928,0.051512,0.051418,0.05112,0.050611,0.050211,0.050815,0.050671,0.050694
3.9719e-13,0.99379,0.56087,0.84457,5.749,0.48538,0.29888,0.28457,2.3953,0.24046,0.16534,0.19424,1.5819,0.17866,0.12326,0.15994,1.4625,0.14131,0.095555,0.12896,1.0173,0.10954,0.075016,0.10243,0.66759,0.086077,0.060536,0.077038,0.53317,0.067919,0.051331,0.043373,0.10305,0.036129,0.034359,0.033147,0.034679,0.031295,0.030158,0.029298,0.028748,0.02799,0.027459,0.026979,0.026512,0.02608,0.025699,0.025349,0.024967,0.024733,0.02446,0.024207,0.023866,0.023801,0.023606,0.023422,0.023435,0.023224,0.023093,0.022953,0.022977,0.022831,0.022795,0.022772
3.1783e-13,1.1072,0.64261,0.92644,6.4285,0.63481,0.36642,0.36935,4.2886,0.27535,0.18368,0.21186,2.6944,0.24761,0.17655,0.19881,1.7855,0.17395,0.12891,0.14797,1.2433,0.13235,0.09607,0.12718,0.88957,0.10849,0.076176,0.099308,0.7136,0.076282,0.056,0.050919,0.12993,0.040433,0.038153,0.036636,0.041202,0.03395,0.033214,0.032299,0.031502,0.030851,0.030261,0.029704,0.029226,0.028751,0.028322,0.027946,0.027579,0.027259,0.02698,0.026706,0.026509,0.026258,0.026048,0.025851,0.025789,0.025618,0.025505,0.025379,0.025124,0.025189,0.025149,0.025092
3.5383e-13,2.3663,1.3518,1.0825,15.807,0.68673,0.54346,0.5507,4.1063,0.37821,0.28608,0.35191,3.8149,0.38073,0.27944,0.299,2.472,0.30067,0.2383,0.29334,1.8726,0.23406,0.18409,0.20906,1.5346,0.20445,0.14976,0.17365,1.0644,0.13329,0.10457,0.088987,0.15691,0.07963,0.076561,0.074152,0.078214,0.070436,0.068708,0.067292,0.066035,0.064826,0.06374,0.062787,0.061933,0.060989,0.0602,0.059474,0.058735,0.058195,0.057631,0.057122,0.056708,0.056174,0.055814,0.0555,0.055081,0.054833,0.054584,0.054231,0.053747,0.054306,0.054195,0.054094
3.4029e-13,2.7959,1.5757,1.3028,19.028,0.86047,0.54545,0.48917,4.0787,0.33354,0.26823,0.26793,4.2442,0.31481,0.23524,0.23115,2.9525,0.20688,0.15184,0.16389,1.2585,0.16424,0.13128,0.13719,0.86556,0.14164,0.12659,0.11733,0.57998,0.12132,0.10173,0.096839,0.13801,0.090812,0.08756,0.084555,0.085466,0.081295,0.079429,0.077724,0.076383,0.075034,0.073824,0.0727,0.071655,0.070702,0.069804,0.068976,0.068246,0.067543,0.066897,0.066302,0.065784,0.065294,0.064871,0.064533,0.06393,0.063756,0.063498,0.063157,0.062395,0.063095,0.062972,0.062871
3.3402e-13,1.3333,0.68088,1.0962,9.3632,0.68869,0.35891,0.33371,2.9487,0.29063,0.18367,0.20285,2.4157,0.23782,0.14644,0.16113,2.2184,0.13352,0.098526,0.11909,1.2627,0.1163,0.088448,0.10122,0.69345,0.10402,0.080735,0.088328,0.55281,0.076148,0.055514,0.053239,0.11853,0.046023,0.043945,0.042377,0.044753,0.0403,0.039374,0.038321,0.037558,0.036873,0.036226,0.035649,0.035049,0.034591,0.034122,0.033687,0.033295,0.032949,0.032614,0.032307,0.032052,0.031776,0.031557,0.031342,0.031043,0.031031,0.030881,0.030722,0.030339,0.030624,0.030544,0.030522
2.8577e-13,0.62505,0.33713,0.63342,3.7925,0.39293,0.1936,0.19928,2.451,0.16183,0.10772,0.13234,1.2735,0.22424,0.11755,0.096903,0.79868,0.089435,0.069059,0.084843,0.63149,0.067329,0.050005,0.062079,0.42386,0.056826,0.047287,0.049342,0.37634,0.048342,0.03198,0.027995,0.13076,0.023289,0.021774,0.021224,0.023089,0.019722,0.019112,0.018712,0.018305,0.017895,0.017567,0.017263,0.017016,0.016734,0.016493,0.016271,0.016102,0.015891,0.01572,0.015555,0.015456,0.015291,0.015174,0.015073,0.015078,0.014936,0.014859,0.014804,0.014804,0.014689,0.014668,0.014643
3.2334e-13,0.56618,0.27619,0.3648,2.3475,0.26541,0.17411,0.17333,1.3582,0.15763,0.10472,0.12625,0.82853,0.16654,0.1031,0.093499,0.7684,0.077685,0.063907,0.080824,0.54313,0.070929,0.048825,0.063332,0.40665,0.050147,0.040466,0.055988,0.3611,0.045559,0.029447,0.024957,0.099471,0.017045,0.016104,0.015217,0.019419,0.014104,0.013616,0.013281,0.012968,0.012649,0.012394,0.012163,0.012021,0.011749,0.011568,0.011396,0.011272,0.011114,0.010989,0.010871,0.010794,0.010678,0.010592,0.01052,0.010426,0.010396,0.010349,0.01028,0.01074,0.010237,0.010222,0.010198
3.8296e-13,0.85447,0.37984,0.36686,3.0243,0.42833,0.36847,0.53602,4.6536,0.44102,0.30109,0.37462,3.0295,0.3906,0.30706,0.42064,2.7411,0.31882,0.21884,0.29581,1.9999,0.2783,0.18607,0.23521,1.8966,0.24476,0.14899,0.18446,1.5015,0.17187,0.098576,0.082312,0.22616,0.055682,0.048563,0.044903,0.063593,0.039633,0.038462,0.036782,0.035403,0.034263,0.033247,0.032293,0.031474,0.030773,0.030078,0.029504,0.029015,0.028512,0.028055,0.027641,0.027877,0.026959,0.026666,0.026415,0.026307,0.026021,0.025847,0.025749,0.025618,0.025457,0.025407,0.025345
3.3117e-13,0.77447,0.38974,0.39747,3.0991,0.48652,0.46836,0.67094,4.4827,0.51097,0.33864,0.50081,3.5876,0.55705,0.36383,0.5526,3.4934,0.39004,0.29027,0.37875,2.6725,0.40777,0.25376,0.32526,2.7608,0.28237,0.19822,0.26883,1.9537,0.24587,0.12872,0.10211,0.26327,0.060137,0.052712,0.048942,0.068888,0.042231,0.040433,0.038697,0.03695,0.035702,0.034522,0.033499,0.032571,0.03174,0.030972,0.030317,0.029837,0.029194,0.028687,0.028232,0.027864,0.027463,0.02712,0.026847,0.02657,0.026384,0.026187,0.026066,0.026125,0.025699,0.025661,0.025566
3.0424e-13,0.93322,0.53059,0.54563,3.6485,0.57477,0.43632,0.64661,5.5334,0.54947,0.36418,0.5647,3.7123,0.54349,0.37247,0.60776,3.8065,0.43526,0.30034,0.46682,3.2166,0.43107,0.25893,0.37348,2.6725,0.32959,0.1958,0.31998,2.5837,0.24905,0.13571,0.10082,0.27427,0.068136,0.058933,0.054275,0.077046,0.04893,0.046755,0.044697,0.042505,0.041381,0.040122,0.038966,0.038202,0.03713,0.036323,0.035576,0.034789,0.034415,0.033849,0.033344,0.033314,0.032442,0.032111,0.031772,0.031571,0.031327,0.031079,0.030871,0.03121,0.030703,0.030578,0.030534
3.5915e-13,0.92335,0.555,0.55233,3.6472,0.55028,0.53812,0.79695,6.9653,0.66087,0.41127,0.61671,4.5037,0.66897,0.45411,0.65524,4.096,0.43576,0.31179,0.48184,3.383,0.51377,0.28925,0.40103,2.8614,0.32215,0.22113,0.31784,2.4343,0.25323,0.14965,0.11723,0.27453,0.072223,0.062446,0.058423,0.080703,0.050387,0.048988,0.04679,0.044711,0.043447,0.042183,0.041079,0.040286,0.039166,0.038266,0.037559,0.036811,0.036285,0.035744,0.035246,0.034901,0.034343,0.033975,0.033634,0.033817,0.033143,0.032899,0.032733,0.03268,0.032387,0.032298,0.032237
3.3091e-13,0.89349,0.5184,0.47514,3.5594,0.45858,0.44429,0.68724,5.4504,0.58006,0.29392,0.43492,3.1186,0.43894,0.31947,0.3835,2.5855,0.3035,0.18816,0.27791,1.9284,0.25197,0.14985,0.21444,1.3988,0.19305,0.1349,0.15678,1.1723,0.12933,0.082898,0.066345,0.18093,0.049869,0.045141,0.043255,0.049874,0.038654,0.037434,0.036344,0.035296,0.034418,0.033618,0.032901,0.032317,0.031689,0.031149,0.030664,0.030197,0.029828,0.029466,0.02916,0.029018,0.028536,0.028291,0.028077,0.028211,0.027763,0.027618,0.027509,0.02738,0.027246,0.02723,0.027164
3.5478e-13,0.71084,0.39881,0.32067,2.4276,0.30946,0.24092,0.27351,2.2015,0.2687,0.16837,0.2136,1.7453,0.26966,0.17115,0.2135,1.6246,0.20476,0.11522,0.1629,1.1905,0.17447,0.11539,0.14333,1.1013,0.12858,0.08483,0.11443,0.96317,0.095234,0.052015,0.042882,0.10577,0.031552,0.028405,0.026849,0.034678,0.024834,0.023601,0.022821,0.022202,0.021575,0.021034,0.020541,0.019995,0.019744,0.019377,0.019049,0.018806,0.01852,0.018258,0.018023,0.017821,0.017626,0.017471,0.017335,0.01718,0.017094,0.017003,0.016904,0.017453,0.01681,0.016759,0.016722
3.3452e-13,0.77642,0.43802,0.40904,2.9139,0.37799,0.39658,0.54341,4.1272,0.44597,0.28208,0.35078,2.678,0.36725,0.22998,0.29478,2.141,0.23039,0.15277,0.22305,1.3976,0.19284,0.12328,0.15411,1.2169,0.15147,0.1041,0.12751,0.95294,0.12281,0.070497,0.052497,0.12917,0.041086,0.037813,0.036254,0.045312,0.032228,0.031166,0.03024,0.029646,0.028717,0.028044,0.027383,0.026773,0.026366,0.025889,0.025461,0.025097,0.024751,0.024414,0.024137,0.02392,0.023626,0.023413,0.023219,0.022845,0.022916,0.022794,0.022676,0.022808,0.022537,0.022487,0.022433
4.5672e-13,1.0135,0.63048,0.66356,4.095,0.62126,0.65217,0.96265,7.9363,0.8377,0.52513,0.718,4.3337,0.65251,0.39341,0.5478,3.7169,0.4622,0.33852,0.44355,3.2461,0.48016,0.27097,0.3618,2.1854,0.27199,0.19595,0.27823,2.0962,0.23525,0.13576,0.10571,0.23507,0.073414,0.066347,0.062927,0.08484,0.057202,0.054334,0.052795,0.050963,0.049572,0.048312,0.047158,0.046304,0.04529,0.044399,0.04364,0.043165,0.042267,0.041741,0.041234,0.04164,0.040231,0.039879,0.039531,0.039595,0.038951,0.038728,0.038559,0.039646,0.038232,0.038155,0.038067
5.2405e-13,1.304,0.77578,0.90649,5.8035,0.88464,0.8013,1.1649,9.1992,1.0141,0.66746,0.9927,5.8822,0.98831,0.56142,0.87159,6.0876,0.79994,0.57861,0.81778,5.8409,0.88216,0.47668,0.68578,4.5811,0.51757,0.37443,0.51121,4.3536,0.42862,0.21833,0.19128,0.41956,0.1175,0.10435,0.097591,0.13268,0.086966,0.082013,0.07967,0.077006,0.074252,0.072115,0.070196,0.068759,0.067134,0.065679,0.064452,0.063409,0.062386,0.061486,0.060672,0.0608,0.059169,0.058606,0.058025,0.058141,0.057289,0.056906,0.0566,0.057763,0.05614,0.056036,0.05599
3.9903e-13,0.99237,0.55292,0.63914,4.5493,0.61452,0.5525,0.77221,6.2438,0.6183,0.3912,0.58823,3.6462,0.59992,0.36634,0.60296,3.496,0.5277,0.37414,0.55082,3.7364,0.53705,0.30376,0.44783,2.9865,0.38445,0.25457,0.32763,2.9892,0.2901,0.16394,0.13504,0.31636,0.082172,0.073999,0.069811,0.095054,0.062172,0.058778,0.056417,0.054598,0.052683,0.051127,0.049692,0.048619,0.047372,0.046314,0.045409,0.044627,0.043844,0.043166,0.042553,0.0426,0.041418,0.041019,0.040605,0.040608,0.040001,0.039745,0.039533,0.040299,0.039157,0.039072,0.03902
3.3584e-13,0.8678,0.47802,0.54879,4.0163,0.47902,0.47037,0.6708,5.442,0.57082,0.33166,0.44083,3.2933,0.46604,0.30565,0.43804,2.7467,0.39425,0.25214,0.38679,2.5668,0.33722,0.22483,0.29239,2.3061,0.25668,0.17647,0.20543,1.582,0.19221,0.11187,0.095731,0.24663,0.059853,0.054393,0.051199,0.06621,0.045512,0.0433,0.041407,0.040134,0.038686,0.03755,0.036562,0.035869,0.03485,0.034108,0.033455,0.032794,0.032322,0.031806,0.031381,0.031274,0.030607,0.030265,0.029967,0.029782,0.029536,0.029338,0.029154,0.029114,0.02887,0.028811,0.028746
3.2333e-13,0.81941,0.42429,0.52395,3.5909,0.49107,0.42583,0.63516,4.6546,0.55338,0.38722,0.48332,3.3905,0.50881,0.30079,0.37836,3.1577,0.41312,0.27946,0.4,2.8038,0.40863,0.23788,0.32495,2.3198,0.25732,0.19674,0.24031,2.0275,0.22008,0.099079,0.095512,0.22766,0.056925,0.05119,0.048838,0.070493,0.043257,0.042134,0.040525,0.039595,0.038506,0.037591,0.036698,0.036049,0.035284,0.034579,0.034032,0.033607,0.033031,0.032613,0.032189,0.032201,0.031426,0.031154,0.03088,0.0308,0.030491,0.03032,0.030196,0.030671,0.029864,0.029836,0.029771
2.8752e-13,0.55263,0.33138,0.3859,2.3081,0.3574,0.27039,0.39534,3.0559,0.34676,0.20315,0.30293,2.1722,0.29355,0.20791,0.25979,1.8852,0.21493,0.15625,0.22899,1.6868,0.20363,0.12383,0.1861,1.2206,0.15905,0.12247,0.14542,1.1941,0.1308,0.070077,0.061424,0.15916,0.035564,0.032408,0.030858,0.046008,0.027591,0.025957,0.024747,0.024071,0.023432,0.022837,0.022289,0.022003,0.021371,0.020956,0.020613,0.02036,0.019951,0.019687,0.019446,0.019609,0.018963,0.018791,0.018625,0.018565,0.018398,0.018297,0.018244,0.018536,0.018027,0.017985,0.017957
3.7949e-13,0.68863,0.38681,0.40075,2.6478,0.3209,0.23646,0.30555,2.321,0.25427,0.15841,0.24556,1.9555,0.34034,0.18728,0.22773,1.5985,0.18917,0.12431,0.20671,1.3979,0.20075,0.11117,0.16868,1.1155,0.12818,0.096542,0.12326,1.0405,0.11201,0.057601,0.048036,0.12732,0.03283,0.028566,0.026653,0.035003,0.023963,0.02306,0.022333,0.021843,0.02095,0.020418,0.01989,0.019543,0.019085,0.018705,0.018376,0.018051,0.017841,0.017573,0.017338,0.017299,0.016962,0.016798,0.016648,0.016615,0.016439,0.016354,0.016278,0.016452,0.016097,0.016057,0.016027
3.0112e-13,0.56028,0.39895,0.37262,2.1656,0.30469,0.24667,0.31536,2.5963,0.27079,0.14878,0.2008,1.2767,0.30984,0.17469,0.17882,1.0817,0.13701,0.090228,0.11586,0.7103,0.10314,0.064628,0.087975,0.52785,0.072647,0.052734,0.070012,0.47357,0.059105,0.035081,0.029809,0.12357,0.024362,0.022302,0.021144,0.026965,0.019678,0.018896,0.018378,0.018002,0.017463,0.017095,0.016746,0.016407,0.016145,0.01588,0.015641,0.015442,0.015218,0.015054,0.014885,0.014785,0.014575,0.014462,0.014358,0.014343,0.014189,0.014123,0.014045,0.014465,0.013995,0.013936,0.013933
2.2349e-13,0.45493,0.26635,0.3451,1.9198,0.26291,0.20555,0.22002,1.6722,0.17071,0.1107,0.12574,0.85668,0.25452,0.13628,0.11084,0.76999,0.085538,0.063598,0.088222,0.56055,0.073148,0.048574,0.063243,0.43596,0.060097,0.041782,0.049795,0.36886,0.043657,0.02613,0.022871,0.11143,0.016105,0.014638,0.013825,0.018045,0.012925,0.012434,0.012113,0.011848,0.011605,0.011365,0.011151,0.01094,0.010765,0.010597,0.010451,0.01023,0.010183,0.010069,0.0099594,0.0098567,0.0097664,0.0096898,0.0096345,0.0096012,0.0095212,0.0094599,0.0094082,0.0094628,0.009408,0.0093709,0.0093555
2.1172e-13,0.39199,0.20958,0.28228,1.6485,0.23197,0.16011,0.21679,1.417,0.17298,0.11689,0.14882,0.94817,0.26606,0.13749,0.11059,0.79341,0.10456,0.074905,0.087186,0.63865,0.096375,0.053219,0.079948,0.50072,0.063936,0.047335,0.059515,0.45406,0.052501,0.028449,0.024788,0.11995,0.016461,0.014972,0.013982,0.019658,0.013117,0.012354,0.012138,0.01176,0.011489,0.011221,0.010974,0.010791,0.010563,0.010371,0.010202,0.010052,0.0099083,0.0097758,0.0096624,0.0096226,0.0094481,0.0093591,0.0092657,0.0092991,0.009165,0.0091067,0.009051,0.0092108,0.0090171,0.0089856,0.0089701
2.1118e-13,0.46218,0.29124,0.42804,2.196,0.33297,0.25772,0.3363,2.422,0.28223,0.1766,0.23467,1.4076,0.20802,0.13567,0.19472,1.2663,0.16973,0.1327,0.16989,1.1849,0.16385,0.10677,0.15011,0.92307,0.11329,0.08338,0.10649,0.87516,0.092862,0.049585,0.046583,0.1122,0.031282,0.027617,0.025915,0.034655,0.023724,0.022773,0.021757,0.021078,0.020487,0.019921,0.019423,0.019068,0.018608,0.018246,0.017911,0.017606,0.017344,0.017103,0.016888,0.016824,0.016497,0.016337,0.016189,0.016211,0.01597,0.015873,0.015775,0.016017,0.015682,0.015644,0.015625
2.9829e-13,0.59032,0.36951,0.52329,3.1514,0.38866,0.28604,0.33469,2.6325,0.33482,0.22613,0.26832,1.9836,0.2638,0.16835,0.23635,1.5461,0.22948,0.1563,0.19251,1.5405,0.18006,0.13015,0.18715,1.1693,0.15173,0.10517,0.13686,1.1527,0.12497,0.06987,0.058981,0.14652,0.041177,0.037161,0.034652,0.045878,0.030414,0.029595,0.028534,0.027594,0.026761,0.026058,0.025409,0.024894,0.024317,0.023861,0.023432,0.023081,0.022682,0.022379,0.022094,0.022097,0.021576,0.021369,0.021176,0.020969,0.020891,0.020769,0.020627,0.020997,0.020508,0.020462,0.020441
3.1195e-13,2.0508,1.2537,1.0764,13.904,0.67582,0.49111,0.59245,4.9878,0.43745,0.33695,0.43222,3.986,0.42573,0.29259,0.3364,2.6675,0.32374,0.23208,0.31434,2.0778,0.24999,0.19866,0.25907,1.8302,0.23868,0.15367,0.19801,1.3708,0.17707,0.1074,0.093471,0.18629,0.071093,0.066076,0.063296,0.072451,0.058405,0.057195,0.055577,0.054252,0.053031,0.051966,0.051021,0.050276,0.049304,0.048574,0.047914,0.047397,0.04669,0.046177,0.045702,0.045195,0.044871,0.044522,0.044218,0.044058,0.043624,0.043432,0.043195,0.042957,0.04305,0.043003,0.042891
2.8124e-13,0.85689,0.45661,0.70204,4.1846,0.45828,0.28314,0.39442,3.4218,0.34161,0.24399,0.31612,2.2481,0.32789,0.2051,0.28079,2.2382,0.26653,0.17424,0.24568,1.7802,0.23578,0.14981,0.22167,1.5981,0.18084,0.12335,0.16983,1.2367,0.14483,0.078232,0.054136,0.17863,0.041939,0.036851,0.034603,0.048189,0.0305,0.029756,0.028714,0.027739,0.026935,0.026254,0.02561,0.025004,0.024616,0.024147,0.023725,0.023391,0.023017,0.022718,0.02244,0.022041,0.021934,0.021724,0.021534,0.021291,0.021262,0.021135,0.020995,0.021624,0.020899,0.020846,0.020815
3.4377e-13,0.64391,0.41128,0.5435,3.307,0.35971,0.23357,0.30356,2.5092,0.27737,0.19262,0.21531,1.5181,0.20684,0.15006,0.19201,1.3157,0.17235,0.12523,0.13939,1.1169,0.14396,0.093977,0.12776,0.88767,0.11602,0.087993,0.10219,0.66361,0.085746,0.048446,0.04084,0.11538,0.031997,0.029377,0.027607,0.033887,0.025562,0.024649,0.023851,0.023185,0.022602,0.022077,0.021625,0.021205,0.020824,0.020485,0.020168,0.019874,0.019621,0.01939,0.019174,0.019155,0.01878,0.018632,0.018493,0.018247,0.018277,0.01818,0.018081,0.018399,0.017988,0.017963,0.017935
2.7872e-13,0.57203,0.3199,0.45346,2.7401,0.3564,0.21286,0.25635,1.78,0.18648,0.12049,0.14445,1.1013,0.15469,0.098322,0.12216,0.77753,0.106,0.066925,0.097696,0.65146,0.083018,0.061342,0.080867,0.50314,0.071693,0.049577,0.06338,0.45007,0.054823,0.03068,0.025967,0.086355,0.019965,0.017973,0.017274,0.022409,0.015974,0.015308,0.014854,0.014469,0.014218,0.013924,0.013662,0.013516,0.013221,0.013024,0.012842,0.012705,0.012521,0.012389,0.012258,0.012193,0.012043,0.011945,0.011853,0.011719,0.011755,0.011694,0.011649,0.011793,0.011551,0.011525,0.011528
1.6588e-13,0.37551,0.22769,0.34236,1.959,0.2501,0.14669,0.16402,1.1479,0.1254,0.083223,0.10878,0.90009,0.1607,0.089614,0.097187,0.59694,0.085719,0.051352,0.071613,0.57861,0.077267,0.04577,0.068619,0.40892,0.055712,0.038231,0.05384,0.42799,0.045804,0.026275,0.021638,0.091942,0.01557,0.014182,0.013391,0.01795,0.012202,0.011873,0.01153,0.011245,0.010927,0.01069,0.010463,0.010268,0.010099,0.0099298,0.0097813,0.0096608,0.0095177,0.0094051,0.0093005,0.0091819,0.0091186,0.0090381,0.0089598,0.0088822,0.0088814,0.0088379,0.0088125,0.0087712,0.0087246,0.0087026,0.0086946
3.8357e-13,0.6771,0.42759,0.68203,3.8571,0.41707,0.20588,0.2064,2.4549,0.16063,0.11263,0.13921,1.3643,0.15807,0.1053,0.10843,1.0159,0.098304,0.066654,0.082383,0.5942,0.090312,0.06399,0.07437,0.44877,0.068156,0.048942,0.059102,0.38692,0.054397,0.034731,0.028908,0.090433,0.025688,0.024284,0.023349,0.026699,0.022169,0.021498,0.021021,0.020628,0.020162,0.019788,0.019442,0.019105,0.018864,0.018611,0.018359,0.018164,0.01795,0.017773,0.017592,0.017521,0.017288,0.017165,0.017048,0.016928,0.016878,0.016811,0.016694,0.016534,0.016673,0.016643,0.016602
5.9453e-13,1.1656,0.59463,0.72523,5.6733,0.5044,0.27035,0.24717,2.1872,0.21848,0.15236,0.18164,1.2877,0.23635,0.14467,0.15191,1.0619,0.1326,0.096936,0.10301,0.84444,0.11466,0.083626,0.098397,0.62577,0.091656,0.062207,0.079366,0.4789,0.068498,0.04448,0.0407,0.11678,0.03364,0.032165,0.031128,0.032288,0.029007,0.028413,0.027768,0.027325,0.026737,0.026277,0.025835,0.025447,0.025101,0.024773,0.024456,0.024192,0.023923,0.023684,0.023459,0.023376,0.023082,0.02292,0.022769,0.022571,0.022557,0.022478,0.022376,0.022877,0.022208,0.022176,0.022116
3.3772e-13,1.2524,0.54488,0.73098,8.238,0.47497,0.26703,0.25856,2.227,0.22795,0.16567,0.19515,1.5415,0.19834,0.13676,0.16598,1.4779,0.14122,0.10598,0.11533,1.0661,0.13162,0.089384,0.10502,0.77541,0.10569,0.082017,0.096605,0.60955,0.08088,0.054469,0.048075,0.10424,0.041187,0.039234,0.038067,0.040309,0.035921,0.03511,0.034205,0.033556,0.03289,0.03231,0.031785,0.031266,0.030834,0.030423,0.030039,0.029703,0.029392,0.029091,0.028814,0.02861,0.028352,0.028152,0.027972,0.027687,0.027678,0.027543,0.027368,0.027557,0.027332,0.027248,0.027234
3.9788e-13,1.4978,0.70247,0.96576,10.132,0.66798,0.36527,0.36183,4.57,0.35023,0.26036,0.30336,2.7259,0.2703,0.19756,0.27041,2.3324,0.21632,0.15926,0.20322,1.5745,0.22828,0.14326,0.19575,1.3343,0.17558,0.12928,0.16443,1.0838,0.12781,0.08529,0.067843,0.15821,0.061733,0.05804,0.055689,0.063856,0.053013,0.051556,0.050377,0.049147,0.048153,0.047242,0.046434,0.045583,0.044999,0.044359,0.043765,0.043172,0.042791,0.04233,0.041918,0.041472,0.041207,0.040901,0.040623,0.040388,0.040203,0.039973,0.039639,0.039361,0.03978,0.039625,0.039606
3.9612e-13,1.2448,0.61704,0.85637,8.0257,0.66427,0.39322,0.475,4.8255,0.44423,0.31701,0.36581,3.0263,0.40239,0.26901,0.38195,2.5674,0.29436,0.18804,0.26136,2.1081,0.33025,0.17827,0.25855,1.6199,0.2065,0.16555,0.20018,1.4261,0.16775,0.095668,0.085594,0.16108,0.065069,0.061406,0.05926,0.065208,0.054945,0.053719,0.052508,0.051208,0.050264,0.049241,0.048346,0.047487,0.046843,0.046099,0.045448,0.044724,0.044431,0.043924,0.043483,0.043074,0.042653,0.042338,0.042051,0.041851,0.041587,0.041354,0.041021,0.040452,0.041082,0.040962,0.040898
3.9383e-13,1.4452,0.726,1.2228,11.72,0.78151,0.43286,0.37191,6.1741,0.35831,0.2547,0.25948,3.4569,0.31242,0.21371,0.24023,2.4082,0.1774,0.12952,0.15585,1.553,0.16256,0.12969,0.15192,1.1271,0.1213,0.093976,0.11749,0.71111,0.096451,0.069984,0.066168,0.16287,0.05906,0.056849,0.055282,0.057596,0.052786,0.051237,0.050188,0.049313,0.048436,0.047607,0.046885,0.046122,0.045537,0.044946,0.04439,0.043875,0.043454,0.04303,0.042647,0.042413,0.041951,0.041658,0.041381,0.041205,0.041003,0.040762,0.040403,0.040524,0.04056,0.040412,0.040441
2.6267e-13,0.82125,0.54796,1.0595,6.1779,0.54726,0.32613,0.27819,2.7891,0.23831,0.16431,0.18579,2.3435,0.23322,0.15846,0.15704,2.1855,0.11312,0.092168,0.10165,0.96032,0.11045,0.080656,0.10568,0.81807,0.087761,0.063691,0.076819,0.59161,0.064189,0.041991,0.040083,0.13874,0.031542,0.030493,0.029667,0.032841,0.027409,0.026937,0.026319,0.025742,0.025298,0.024851,0.024431,0.023996,0.023699,0.023366,0.023065,0.02277,0.022541,0.022304,0.022089,0.021969,0.021725,0.02156,0.021399,0.021479,0.021195,0.021099,0.021009,0.020957,0.020887,0.02087,0.020782
2.6449e-13,1.9043,1.2938,1.3569,13.335,0.76376,0.45194,0.42982,4.996,0.32023,0.24094,0.27574,4.3207,0.2917,0.2067,0.22125,2.7126,0.19771,0.14039,0.15799,1.329,0.14266,0.11634,0.14582,1.1401,0.1406,0.10079,0.11856,0.73371,0.096622,0.070583,0.067549,0.1462,0.058619,0.055747,0.053872,0.055969,0.050992,0.049987,0.048765,0.047778,0.046935,0.046118,0.045355,0.044636,0.044039,0.04345,0.042905,0.042447,0.04194,0.041517,0.04112,0.040787,0.040481,0.040192,0.039964,0.039658,0.039443,0.039306,0.039177,0.038626,0.038949,0.038928,0.038799
