1.8458e-13,0.63182,0.31538,0.33242,2.7631,0.29724,0.19405,0.23253,1.6664,0.19454,0.12854,0.15175,1.1739,0.17043,0.13559,0.16056,1.0543,0.14853,0.097067,0.12,0.9767,0.11304,0.077407,0.10099,0.66424,0.094745,0.067948,0.082021,0.53487,0.075678,0.048068,0.037923,0.10049,0.027983,0.025392,0.023733,0.028482,0.022103,0.020789,0.020292,0.019755,0.019128,0.018667,0.018224,0.017873,0.017514,0.0172,0.016913,0.016703,0.016407,0.016204,0.015993,0.01582,0.015674,0.015527,0.015404,0.015319,0.015205,0.015126,0.015055,0.014828,0.014916,0.014897,0.014875
3.7995e-13,0.77739,0.37451,0.40277,2.8647,0.35114,0.21678,0.26696,1.9957,0.23466,0.16368,0.17663,1.3346,0.21161,0.14102,0.1609,1.2996,0.17318,0.10901,0.12549,0.83941,0.1258,0.087854,0.11663,0.7436,0.094919,0.080022,0.090315,0.5801,0.07665,0.048711,0.042379,0.096464,0.028871,0.026569,0.025393,0.029369,0.023868,0.022853,0.022355,0.021823,0.021296,0.02085,0.02043,0.020074,0.019731,0.019439,0.019142,0.018853,0.018651,0.018433,0.018226,0.017909,0.017897,0.017743,0.017617,0.017541,0.017427,0.017332,0.017198,0.017862,0.017164,0.017132,0.017091
2.5465e-13,0.67222,0.40832,0.38986,3.7263,0.4043,0.25211,0.232,1.2728,0.18278,0.12432,0.12697,0.91245,0.18983,0.12622,0.11387,0.83232,0.12523,0.081095,0.10483,0.65462,0.10578,0.074958,0.089431,0.53674,0.075852,0.057128,0.066631,0.41069,0.062394,0.042009,0.036116,0.09638,0.027538,0.025732,0.024617,0.027542,0.022904,0.022197,0.021705,0.021209,0.020676,0.020264,0.019864,0.019565,0.019225,0.018928,0.018655,0.018474,0.018192,0.01799,0.017799,0.017527,0.017472,0.017329,0.01719,0.017194,0.017048,0.016953,0.016876,0.017163,0.016764,0.016741,0.016723
2.5056e-13,0.72574,0.48554,0.44189,4.4634,0.47466,0.285,0.23904,1.3679,0.17726,0.13365,0.13413,0.67544,0.18589,0.10399,0.10272,0.59703,0.087029,0.070694,0.081956,0.44723,0.073824,0.057344,0.070717,0.40777,0.06706,0.04614,0.056303,0.33832,0.05291,0.036937,0.032949,0.074719,0.026695,0.025809,0.02512,0.02692,0.023645,0.023128,0.022594,0.02216,0.021768,0.021383,0.021022,0.0207,0.020393,0.020121,0.019854,0.019639,0.019405,0.019201,0.019017,0.018841,0.018694,0.018553,0.018415,0.018243,0.018281,0.018197,0.018139,0.018366,0.017954,0.017942,0.017932
2.2035e-13,0.67919,0.43691,0.4444,4.153,0.50218,0.31686,0.28988,1.526,0.1841,0.13397,0.15557,0.92403,0.22009,0.1254,0.1109,0.66901,0.1083,0.07119,0.087404,0.62009,0.093971,0.071054,0.088649,0.4938,0.073619,0.054808,0.065139,0.37349,0.059247,0.038261,0.034319,0.086906,0.02752,0.025824,0.024762,0.026418,0.023249,0.022655,0.022008,0.021534,0.021071,0.02066,0.020281,0.019965,0.019642,0.019362,0.019089,0.018915,0.018646,0.018445,0.018257,0.018128,0.01794,0.017796,0.017661,0.017554,0.017514,0.01742,0.017324,0.017581,0.017259,0.017232,0.017231
2.8501e-13,0.61665,0.34805,0.41226,3.1837,0.44713,0.26956,0.29134,1.63,0.20263,0.13935,0.17499,1.1328,0.16289,0.11169,0.1296,0.93827,0.14233,0.086581,0.11266,0.80736,0.10816,0.076652,0.099466,0.63669,0.086163,0.06883,0.07288,0.46926,0.07046,0.043421,0.035942,0.072234,0.027705,0.025595,0.024275,0.026969,0.022518,0.021726,0.021088,0.020589,0.019963,0.019517,0.019103,0.018784,0.01842,0.018124,0.017836,0.017553,0.017356,0.017159,0.016971,0.016833,0.016636,0.016501,0.016376,0.016238,0.016204,0.016114,0.016027,0.016427,0.015959,0.015925,0.015907
3.3306e-13,0.70851,0.39984,0.45778,3.1653,0.37735,0.22499,0.24405,1.7359,0.20264,0.14199,0.16821,1.0712,0.15985,0.10189,0.15156,0.99031,0.13808,0.096641,0.12267,0.88561,0.10317,0.07196,0.092599,0.76116,0.08109,0.06513,0.075623,0.5426,0.075629,0.046326,0.034308,0.084674,0.027097,0.024928,0.023668,0.026171,0.022055,0.021035,0.020493,0.020006,0.019411,0.018985,0.018607,0.018266,0.017953,0.017665,0.017398,0.017173,0.016939,0.016744,0.01656,0.016459,0.016253,0.016115,0.015994,0.015699,0.01583,0.015735,0.01563,0.016006,0.015625,0.015573,0.015566
3.6984e-13,0.76698,0.4429,0.55068,3.4919,0.44017,0.24834,0.32433,2.5678,0.32182,0.21168,0.24346,1.9246,0.247,0.1742,0.25353,1.4566,0.20402,0.13279,0.17051,1.2037,0.15491,0.10617,0.13236,0.88089,0.096074,0.078551,0.097701,0.61581,0.094116,0.052697,0.041259,0.0998,0.031827,0.029442,0.028024,0.030598,0.025342,0.024422,0.023536,0.023,0.022373,0.021847,0.021364,0.020857,0.020555,0.020199,0.019867,0.019565,0.019308,0.019081,0.01886,0.018505,0.018464,0.018297,0.018149,0.018045,0.017952,0.017852,0.017801,0.018047,0.017611,0.01758,0.017577
2.8703e-13,0.66795,0.36474,0.42985,2.9283,0.36447,0.20073,0.25969,1.8638,0.2196,0.14496,0.14995,1.1936,0.1629,0.11721,0.14478,0.87635,0.13053,0.080002,0.11138,0.81751,0.10388,0.066407,0.096291,0.66399,0.067051,0.057057,0.063135,0.48668,0.059723,0.034438,0.028968,0.06869,0.02107,0.01899,0.018079,0.020626,0.016461,0.016113,0.015615,0.01525,0.014838,0.014509,0.014212,0.013915,0.013705,0.013489,0.013286,0.013049,0.012933,0.012799,0.012658,0.012497,0.012395,0.012302,0.012196,0.01217,0.012092,0.01203,0.011988,0.011984,0.01191,0.011876,0.011858
3.5058e-13,0.54833,0.32842,0.33512,2.3925,0.33465,0.21904,0.23908,1.5317,0.17946,0.11665,0.1433,0.87635,0.15409,0.10025,0.10754,0.75883,0.092199,0.063534,0.07853,0.56817,0.081109,0.054432,0.075801,0.46997,0.055897,0.040861,0.054724,0.41318,0.052827,0.034224,0.027845,0.069825,0.019886,0.018191,0.017293,0.019485,0.015866,0.015485,0.015151,0.014702,0.014349,0.014034,0.013766,0.013451,0.013279,0.013068,0.012877,0.012747,0.012545,0.012407,0.012278,0.012201,0.012036,0.011937,0.011849,0.011728,0.011709,0.011649,0.011552,0.011762,0.011573,0.011556,0.011528
1.5316e-13,0.463,0.33068,0.28915,2.3456,0.32132,0.18199,0.17411,1.1116,0.13916,0.093319,0.116,0.62912,0.14981,0.082615,0.086902,0.54219,0.079541,0.053898,0.062624,0.4499,0.06249,0.0458,0.060937,0.36004,0.050526,0.036873,0.043436,0.30711,0.041225,0.026553,0.021119,0.068129,0.01742,0.0163,0.015618,0.018227,0.014602,0.014118,0.013855,0.013536,0.013287,0.013024,0.012794,0.012552,0.012372,0.012194,0.012026,0.011899,0.01174,0.011612,0.011497,0.011402,0.01129,0.011198,0.011116,0.011048,0.01102,0.010971,0.010893,0.011114,0.010833,0.010826,0.010815
2.629e-13,0.4501,0.27306,0.32836,2.1968,0.26894,0.1638,0.18646,1.2014,0.14042,0.093537,0.11344,0.72073,0.12753,0.087883,0.10059,0.68122,0.090124,0.060433,0.074588,0.57385,0.073668,0.052295,0.068704,0.40482,0.061942,0.040801,0.052329,0.42015,0.050247,0.031037,0.026092,0.083623,0.018043,0.01694,0.016242,0.018761,0.014778,0.01461,0.014231,0.013886,0.013504,0.013227,0.012969,0.012749,0.012531,0.012341,0.012153,0.012017,0.011851,0.011716,0.011593,0.011467,0.011383,0.01129,0.011211,0.011145,0.011103,0.01105,0.011013,0.011314,0.010911,0.010896,0.010891
6.0938e-13,1.0774,0.46928,0.60015,3.4987,0.49281,0.30751,0.32574,1.9656,0.26409,0.16499,0.23437,1.4649,0.1939,0.12431,0.14661,1.1185,0.15387,0.099603,0.12232,0.91211,0.10553,0.086925,0.10736,0.68055,0.088082,0.067601,0.078865,0.52796,0.066077,0.048003,0.038866,0.080111,0.030869,0.028901,0.027673,0.030683,0.025677,0.025013,0.024296,0.023708,0.023181,0.022713,0.02227,0.021905,0.021533,0.021206,0.020912,0.020592,0.020378,0.020161,0.019955,0.019753,0.019587,0.019432,0.019288,0.019161,0.019146,0.019035,0.018997,0.019627,0.018827,0.018801,0.018771
3.365e-13,0.67995,0.39305,0.45304,3.1448,0.397,0.23929,0.22974,1.7323,0.20605,0.13461,0.1699,1.1009,0.16077,0.10699,0.13546,0.91975,0.11564,0.0775,0.1045,0.69438,0.10612,0.073316,0.088267,0.53936,0.071075,0.054347,0.061283,0.49231,0.060781,0.038024,0.032688,0.069527,0.023617,0.022212,0.021348,0.024809,0.020042,0.019489,0.019052,0.018538,0.018225,0.017877,0.017552,0.017255,0.01699,0.01675,0.016522,0.016301,0.016144,0.015962,0.015799,0.015631,0.015514,0.015392,0.015277,0.015116,0.015144,0.015071,0.014978,0.015219,0.014932,0.014899,0.014887
4.5404e-13,1.0211,0.58687,0.74931,7.6926,0.50472,0.34768,0.48311,5.5415,0.46412,0.33145,0.5147,4.054,0.47127,0.33429,0.44409,3.0629,0.37858,0.26539,0.37638,2.386,0.33411,0.19458,0.24057,1.9683,0.25339,0.16683,0.21838,1.4323,0.18984,0.09862,0.080512,0.2048,0.058485,0.049821,0.045686,0.05704,0.042135,0.039575,0.037892,0.036736,0.035485,0.03446,0.033618,0.03274,0.032108,0.031464,0.030919,0.030302,0.029932,0.029533,0.029119,0.028553,0.028476,0.028203,0.027934,0.027877,0.027524,0.027348,0.027185,0.027682,0.027014,0.026954,0.026902
3.0482e-13,0.74391,0.38365,0.43444,3.8013,0.40177,0.22408,0.29073,2.2764,0.25889,0.18023,0.21911,1.7805,0.22707,0.14102,0.17901,1.3019,0.18346,0.10782,0.15798,1.1923,0.13342,0.094344,0.11701,0.87423,0.11744,0.080707,0.10655,0.70561,0.084765,0.05048,0.04212,0.10495,0.028898,0.02598,0.024438,0.030544,0.021655,0.02105,0.020241,0.019747,0.019167,0.018683,0.018236,0.017797,0.017505,0.017172,0.016873,0.016603,0.016376,0.016159,0.015959,0.015855,0.015594,0.015454,0.015311,0.01531,0.01513,0.015032,0.014921,0.015401,0.014892,0.01484,0.014829
3.9872e-13,0.85791,0.43427,0.62462,4.2524,0.42425,0.29036,0.32276,2.0988,0.29137,0.18356,0.21723,1.6057,0.20924,0.14949,0.18165,1.191,0.17343,0.10544,0.12124,0.90649,0.12959,0.1003,0.11676,0.78638,0.097127,0.068639,0.08819,0.65583,0.078694,0.043495,0.040981,0.088849,0.029236,0.027052,0.025836,0.030914,0.023718,0.023145,0.022504,0.021962,0.021439,0.020983,0.020568,0.020236,0.019848,0.019541,0.019256,0.018966,0.018767,0.018547,0.018347,0.018214,0.018019,0.017868,0.017734,0.017616,0.017549,0.017469,0.017389,0.017678,0.017255,0.01722,0.017196
3.3648e-13,0.75717,0.42388,0.53925,3.4303,0.41045,0.22681,0.25987,1.7094,0.22408,0.15965,0.18379,1.4054,0.18304,0.12176,0.15472,1.0716,0.14762,0.088419,0.11698,0.89879,0.12326,0.088827,0.11408,0.86283,0.10436,0.073596,0.084714,0.66761,0.082572,0.050135,0.040153,0.091928,0.028677,0.025554,0.023992,0.028339,0.021636,0.020964,0.020278,0.01966,0.019098,0.018652,0.018242,0.017863,0.017538,0.017224,0.016943,0.016699,0.016471,0.016254,0.016068,0.016008,0.015743,0.0156,0.01547,0.015263,0.015301,0.015219,0.015127,0.015942,0.015028,0.015001,0.014999
1.6106e-13,0.42488,0.24496,0.34849,1.8851,0.27669,0.13928,0.15127,1.2684,0.12566,0.082057,0.090264,0.68191,0.15046,0.080501,0.080953,0.63998,0.065273,0.05114,0.061167,0.46308,0.061379,0.041892,0.052981,0.3591,0.05152,0.035775,0.04028,0.29514,0.038755,0.025123,0.022081,0.096165,0.015774,0.0146,0.013787,0.016422,0.013139,0.012565,0.012192,0.011841,0.011531,0.011271,0.011029,0.01083,0.010628,0.010454,0.010293,0.01012,0.010019,0.0098962,0.0097849,0.0097243,0.0095883,0.0095102,0.0094307,0.0093679,0.0093318,0.0092868,0.0092488,0.0091723,0.0091768,0.0091576,0.0091501
1.7606e-13,0.52972,0.3907,0.62528,2.9335,0.28883,0.16307,0.15612,2.3172,0.12235,0.07926,0.098054,0.81277,0.13561,0.084368,0.080332,0.73406,0.072817,0.047844,0.064853,0.64555,0.059979,0.044215,0.0525,0.40269,0.049084,0.038556,0.043318,0.29434,0.038153,0.024521,0.021607,0.089902,0.016246,0.014771,0.014012,0.018077,0.013119,0.012752,0.012386,0.012089,0.011828,0.011586,0.011384,0.011169,0.011009,0.010848,0.010697,0.010545,0.010443,0.010329,0.01022,0.010118,0.010036,0.0099553,0.0098755,0.0098275,0.00979,0.0097409,0.0096935,0.0098314,0.0096489,0.0096148,0.0096158
2.5042e-13,0.66849,0.4483,0.65405,5.3717,0.3652,0.21322,0.19545,1.7081,0.17781,0.11618,0.13806,1.1168,0.12668,0.091696,0.11308,0.97013,0.096796,0.063006,0.089904,0.77978,0.081603,0.054035,0.067222,0.47758,0.066939,0.048293,0.058081,0.41647,0.050155,0.035707,0.03051,0.0612,0.024733,0.023158,0.022098,0.021752,0.020866,0.020332,0.019825,0.019337,0.018947,0.018599,0.018289,0.017928,0.017735,0.017494,0.017273,0.017044,0.016871,0.016713,0.016556,0.016395,0.016277,0.016163,0.016055,0.015953,0.015898,0.015823,0.015748,0.015981,0.01571,0.015651,0.015656
2.4602e-13,1.0623,0.51088,0.93612,9.4497,0.44854,0.28343,0.21653,2.7504,0.25797,0.17262,0.19676,1.7884,0.17223,0.11576,0.13164,1.1297,0.1198,0.086206,0.1114,0.87966,0.092712,0.080511,0.09513,0.65192,0.078053,0.062489,0.084985,0.48489,0.063479,0.044048,0.042752,0.077634,0.033213,0.031686,0.030798,0.033124,0.028775,0.028201,0.027654,0.027103,0.026615,0.026151,0.025734,0.025322,0.025001,0.024671,0.024368,0.024037,0.023816,0.023595,0.023383,0.023245,0.02299,0.022827,0.022664,0.022636,0.022456,0.022333,0.022236,0.022518,0.022207,0.022102,0.022167
3.4911e-13,1.2689,0.50329,0.94233,10.468,0.56446,0.31087,0.28563,3.8977,0.31789,0.24918,0.27493,2.4706,0.25325,0.16082,0.19094,1.5425,0.1931,0.13016,0.17304,1.2524,0.15031,0.11732,0.14268,0.9975,0.12213,0.090634,0.1182,0.81751,0.1029,0.063647,0.05717,0.11669,0.040944,0.038519,0.037152,0.043183,0.034342,0.033393,0.032666,0.031896,0.031244,0.030648,0.0301,0.029575,0.029152,0.028737,0.028339,0.027962,0.027651,0.027358,0.027091,0.026883,0.026612,0.026406,0.026195,0.026193,0.025954,0.025795,0.025683,0.026172,0.025622,0.025494,0.025601
3.0227e-13,0.84854,0.45439,0.67821,6.5912,0.49752,0.28623,0.30389,3.3581,0.27196,0.21106,0.26592,2.1294,0.22327,0.14255,0.19196,1.5237,0.2096,0.13166,0.1802,1.3443,0.16611,0.11343,0.14877,1.0246,0.1193,0.08867,0.10729,0.83876,0.098007,0.060854,0.049961,0.10974,0.036139,0.033501,0.031797,0.039467,0.029663,0.028399,0.02731,0.026662,0.025951,0.025364,0.024837,0.024359,0.023945,0.023572,0.023201,0.022929,0.022596,0.022338,0.022099,0.02182,0.021646,0.021476,0.021307,0.021259,0.021085,0.020972,0.020912,0.021238,0.020728,0.020652,0.020708
4.4463e-13,1.7574,0.64328,1.3002,12.007,0.58316,0.35756,0.33287,5.3692,0.37029,0.26048,0.29659,2.5907,0.22427,0.15612,0.19544,1.6288,0.18584,0.12264,0.14832,1.0711,0.14268,0.11003,0.1315,0.85439,0.10922,0.085286,0.10876,0.64795,0.091428,0.066313,0.058818,0.097953,0.04593,0.044002,0.042652,0.045595,0.040144,0.039225,0.038606,0.03778,0.037119,0.036472,0.035872,0.035373,0.034849,0.034386,0.033967,0.033644,0.033184,0.03287,0.032589,0.032323,0.032019,0.031788,0.031586,0.031577,0.031277,0.031098,0.031029,0.031587,0.030864,0.030738,0.030883
2.8581e-13,1.1582,0.68647,1.0762,6.5844,0.48438,0.26919,0.31097,2.3958,0.2521,0.15982,0.20433,1.9508,0.16439,0.10706,0.13921,1.7097,0.14927,0.092052,0.12091,1.184,0.10003,0.067877,0.095872,0.71572,0.086059,0.055755,0.073683,0.51071,0.067895,0.044692,0.037635,0.092367,0.029844,0.028169,0.027075,0.030566,0.025381,0.02456,0.023963,0.023501,0.023017,0.022564,0.022151,0.021818,0.021441,0.021131,0.020853,0.020638,0.020337,0.020126,0.019925,0.019802,0.019549,0.019407,0.019266,0.019329,0.019109,0.019,0.018942,0.019139,0.01879,0.018743,0.018753
4.6504e-13,1.3997,0.76328,0.95913,10.588,0.59344,0.3416,0.40383,4.5007,0.33579,0.22717,0.28019,2.7664,0.26447,0.16525,0.22244,1.8978,0.19739,0.13108,0.182,1.4096,0.15729,0.11925,0.13188,0.96465,0.12643,0.088351,0.11539,0.65992,0.098794,0.067874,0.059372,0.12893,0.04617,0.043466,0.041437,0.045421,0.038703,0.037705,0.036725,0.035877,0.035072,0.034354,0.033714,0.033169,0.032589,0.032101,0.031649,0.031291,0.03086,0.030536,0.030225,0.029962,0.029653,0.029437,0.029223,0.029262,0.028922,0.0288,0.028716,0.029226,0.028423,0.028361,0.02838
4.3576e-13,0.93417,0.6415,0.63246,10.441,0.4752,0.3454,0.47345,4.4256,0.43072,0.3225,0.49421,3.9689,0.44063,0.30786,0.43045,3.3773,0.41161,0.24878,0.34463,2.3509,0.29785,0.1756,0.24261,1.8587,0.22544,0.15549,0.19414,1.4844,0.17634,0.091469,0.082673,0.20007,0.055554,0.048555,0.044846,0.058799,0.040586,0.038604,0.036742,0.035671,0.034452,0.033467,0.03263,0.031808,0.031132,0.030511,0.029939,0.029474,0.028971,0.028552,0.028184,0.027683,0.027499,0.027245,0.026971,0.026774,0.026626,0.026441,0.026255,0.026856,0.026149,0.026084,0.026054
4.3472e-13,1.1044,0.78615,0.92745,17.685,0.5447,0.30732,0.3244,3.9588,0.29326,0.20771,0.25423,3.7449,0.2319,0.15075,0.17712,2.3406,0.19626,0.11658,0.14291,1.6469,0.13691,0.10889,0.11645,0.90241,0.11192,0.084644,0.088755,0.6415,0.092934,0.067391,0.062399,0.11175,0.050436,0.048122,0.046021,0.049857,0.043592,0.04256,0.04152,0.040649,0.039744,0.038992,0.038311,0.037644,0.037096,0.036569,0.036069,0.035643,0.035243,0.034861,0.034511,0.034149,0.033918,0.033655,0.033411,0.033207,0.033054,0.032921,0.032727,0.033396,0.032582,0.032515,0.032463
3.2833e-13,0.99182,0.82319,1.5002,10.587,0.55137,0.27893,0.29812,2.2298,0.25241,0.17786,0.18983,2.6953,0.18818,0.12895,0.14665,1.3369,0.13602,0.0967,0.11229,1.0463,0.10686,0.073773,0.085552,0.68142,0.083116,0.062088,0.077666,0.53399,0.065308,0.042265,0.043417,0.0933,0.036411,0.034764,0.033676,0.036575,0.03197,0.031316,0.030613,0.03009,0.029471,0.028955,0.028484,0.028103,0.027653,0.027284,0.026946,0.02662,0.026357,0.026078,0.025835,0.025592,0.02542,0.025226,0.02504,0.025001,0.02483,0.024732,0.024611,0.024732,0.02448,0.024459,0.024395
1.9139e-13,0.60722,0.51987,0.9244,3.473,0.36182,0.21055,0.19059,2.7168,0.15275,0.10093,0.1026,0.93453,0.15409,0.097841,0.087036,0.68432,0.080164,0.051248,0.065198,0.54977,0.061767,0.049823,0.058209,0.41412,0.05442,0.043717,0.04664,0.32859,0.041255,0.027546,0.024974,0.078978,0.019335,0.01848,0.017944,0.020341,0.016175,0.016055,0.01568,0.015376,0.015042,0.014756,0.014497,0.014258,0.014035,0.013837,0.013642,0.013462,0.013323,0.013174,0.01304,0.012903,0.012806,0.012707,0.012598,0.012574,0.012505,0.01242,0.012324,0.012176,0.012312,0.012256,0.01234
2.0884e-13,0.50097,0.31595,0.46685,2.6729,0.33303,0.17942,0.16712,1.4968,0.14039,0.088959,0.093581,0.76105,0.12796,0.073369,0.078048,0.57768,0.073226,0.047579,0.052187,0.41835,0.054533,0.039192,0.048222,0.35053,0.057182,0.038917,0.044825,0.28112,0.041864,0.026666,0.022578,0.069412,0.018352,0.017064,0.01637,0.017956,0.015152,0.014734,0.014297,0.013991,0.013686,0.013394,0.01313,0.012925,0.012696,0.012496,0.012314,0.012155,0.012001,0.011864,0.011738,0.011719,0.011521,0.011429,0.011327,0.011357,0.011231,0.011164,0.011087,0.010854,0.01107,0.011032,0.011041
4.9032e-13,0.92816,0.44624,0.42841,3.1868,0.33999,0.19725,0.21916,1.512,0.1966,0.13045,0.16833,1.0185,0.18985,0.11688,0.13809,0.87179,0.13379,0.087436,0.10642,0.80904,0.092251,0.073567,0.092978,0.70736,0.076918,0.061206,0.07795,0.55876,0.064811,0.037159,0.031927,0.07947,0.024463,0.022016,0.02067,0.0247,0.01947,0.018657,0.018117,0.017614,0.017217,0.016858,0.016532,0.01623,0.01596,0.015719,0.015493,0.015267,0.01511,0.014926,0.014771,0.014622,0.014499,0.014383,0.014274,0.014117,0.014128,0.014066,0.014,0.014391,0.013878,0.013855,0.013861
3.641e-13,0.70978,0.3946,0.3863,2.927,0.32985,0.2048,0.20637,1.6288,0.21461,0.12717,0.16388,1.218,0.18837,0.12523,0.1551,0.97062,0.1362,0.083907,0.10844,0.92209,0.10301,0.074635,0.11007,0.67332,0.087649,0.061598,0.082859,0.52104,0.068379,0.041139,0.031634,0.093758,0.024189,0.021762,0.020441,0.025097,0.019043,0.018006,0.017488,0.016935,0.016517,0.016113,0.015743,0.015441,0.015131,0.014861,0.014616,0.014416,0.014201,0.014016,0.01385,0.013783,0.01356,0.013437,0.013321,0.013185,0.013165,0.013075,0.012978,0.013234,0.012937,0.012916,0.012886
4.1516e-13,0.64709,0.36483,0.37245,2.949,0.34658,0.2228,0.26256,1.8046,0.22062,0.1417,0.16645,1.3272,0.16016,0.10812,0.14862,1.0656,0.14029,0.096475,0.1242,0.84541,0.11526,0.075453,0.096495,0.71484,0.088615,0.06054,0.091282,0.53685,0.06804,0.042761,0.031948,0.077525,0.023404,0.020974,0.019635,0.024741,0.018018,0.017214,0.016591,0.016016,0.01562,0.015237,0.014882,0.014616,0.014293,0.014042,0.013805,0.013637,0.013413,0.013228,0.013066,0.012855,0.012785,0.012664,0.012547,0.012463,0.012412,0.012346,0.012307,0.012611,0.012151,0.012138,0.012128
3.032e-13,0.6523,0.4108,0.43402,3.2766,0.37474,0.21719,0.22375,1.4216,0.17444,0.11883,0.13849,1.0725,0.17857,0.10992,0.12649,0.78516,0.10832,0.070452,0.093774,0.68908,0.088143,0.056534,0.083286,0.5499,0.077115,0.052767,0.067565,0.47864,0.0534,0.036506,0.025782,0.075108,0.019913,0.018645,0.017851,0.021142,0.01667,0.01598,0.015648,0.015244,0.014916,0.014601,0.014332,0.014059,0.013815,0.013606,0.013402,0.013236,0.01306,0.012907,0.012767,0.012626,0.012533,0.012426,0.012317,0.012231,0.012214,0.012134,0.012027,0.012413,0.012055,0.012024,0.011995
2.9662e-13,0.72627,0.42018,0.38685,3.7002,0.35804,0.2123,0.19402,1.2131,0.14389,0.11889,0.12972,0.90016,0.1772,0.10027,0.098883,0.75141,0.10827,0.067121,0.093136,0.62564,0.086338,0.05892,0.073102,0.42898,0.068847,0.051115,0.056465,0.42363,0.050126,0.033491,0.026341,0.076762,0.02176,0.020501,0.019788,0.024306,0.018215,0.017706,0.017282,0.016908,0.016562,0.016221,0.015912,0.015643,0.015375,0.015149,0.014924,0.014739,0.014541,0.014374,0.014217,0.014114,0.013951,0.013837,0.013724,0.013624,0.01359,0.01352,0.013466,0.013609,0.013335,0.013327,0.013318
2.1258e-13,0.7037,0.43578,0.44768,3.9617,0.42211,0.2155,0.20901,1.3285,0.15439,0.11654,0.10767,0.62892,0.15329,0.090723,0.085959,0.52593,0.081121,0.063598,0.076643,0.43653,0.059714,0.049771,0.058606,0.36575,0.054232,0.03776,0.045301,0.3446,0.045872,0.030316,0.027612,0.070264,0.021656,0.020807,0.020109,0.021791,0.018934,0.018494,0.018111,0.017759,0.01737,0.017063,0.016761,0.016527,0.016254,0.016029,0.015816,0.015627,0.015444,0.015282,0.015134,0.015051,0.014875,0.014759,0.014652,0.014507,0.014522,0.014462,0.014416,0.014551,0.014257,0.014245,0.014238
2.3093e-13,0.72769,0.4108,0.48994,4.1013,0.4486,0.22322,0.24607,1.506,0.1626,0.116,0.12481,0.8581,0.17748,0.091927,0.1109,0.73727,0.096323,0.071402,0.087842,0.58483,0.070821,0.055352,0.071884,0.50316,0.057227,0.043839,0.055792,0.39412,0.053084,0.033543,0.028273,0.075448,0.021656,0.020448,0.019675,0.021311,0.018329,0.018093,0.017622,0.017227,0.016842,0.01653,0.016244,0.015966,0.015729,0.015505,0.015293,0.015136,0.014929,0.014777,0.014623,0.014506,0.014384,0.014263,0.014149,0.013967,0.014025,0.013951,0.013868,0.014203,0.01383,0.013799,0.013757
2.2318e-13,0.65955,0.41204,0.47448,3.8684,0.47054,0.23626,0.28301,1.5472,0.19148,0.11981,0.15842,0.94606,0.13898,0.090296,0.12683,0.7611,0.10219,0.075832,0.08643,0.59896,0.078702,0.056176,0.07461,0.5067,0.061706,0.040982,0.054778,0.35803,0.052589,0.032987,0.027041,0.061528,0.021702,0.020578,0.019781,0.021146,0.018575,0.018152,0.01772,0.017326,0.016935,0.016622,0.016325,0.016014,0.015809,0.015589,0.01537,0.015214,0.015001,0.014847,0.014693,0.014604,0.014449,0.014328,0.014211,0.014019,0.014093,0.014016,0.013957,0.014113,0.013894,0.013876,0.013819
2.9314e-13,0.65636,0.4331,0.44509,3.4222,0.45436,0.22791,0.30255,1.6337,0.22546,0.13985,0.17761,1.1052,0.16012,0.10387,0.13901,0.84967,0.12418,0.082938,0.10573,0.71635,0.096575,0.065702,0.084061,0.63466,0.080809,0.055393,0.067696,0.53461,0.064605,0.036203,0.031131,0.075482,0.023338,0.021854,0.021006,0.024203,0.019458,0.018818,0.018428,0.018028,0.017597,0.017248,0.016904,0.01667,0.016355,0.016109,0.015879,0.015649,0.015473,0.015307,0.01514,0.015038,0.014891,0.014765,0.014652,0.014619,0.014517,0.014453,0.014413,0.014711,0.014269,0.014247,0.014225
3.9909e-13,0.74785,0.46168,0.45192,3.1665,0.35882,0.20495,0.27743,1.6921,0.22817,0.14417,0.17271,1.3022,0.16261,0.10771,0.13711,0.96706,0.13093,0.094796,0.12164,0.78,0.10746,0.076133,0.089523,0.75914,0.087734,0.070255,0.086818,0.61218,0.06866,0.041372,0.032447,0.083419,0.023013,0.021235,0.02024,0.026306,0.018733,0.017758,0.017463,0.016921,0.016555,0.01619,0.015854,0.015658,0.015292,0.015056,0.014818,0.014619,0.01442,0.014252,0.014089,0.013992,0.013809,0.013691,0.013587,0.013418,0.013442,0.01337,0.013338,0.013597,0.013192,0.013176,0.013154
4.0025e-13,0.73438,0.43902,0.47849,3.0278,0.35407,0.23044,0.33154,2.3829,0.31878,0.19796,0.23735,1.9505,0.22332,0.15027,0.18087,1.356,0.16843,0.11206,0.14243,1.0234,0.13824,0.090653,0.1132,0.83457,0.10006,0.080532,0.086322,0.72452,0.08637,0.050484,0.039499,0.10415,0.027737,0.025207,0.023786,0.030216,0.022146,0.021112,0.020561,0.019956,0.019489,0.019031,0.018623,0.018309,0.017935,0.017634,0.017344,0.017205,0.01692,0.016694,0.0165,0.016374,0.016153,0.016014,0.015899,0.015941,0.015706,0.015623,0.015548,0.015734,0.015496,0.015459,0.015413
2.5596e-13,0.54599,0.33049,0.40747,2.3145,0.3465,0.2071,0.28342,1.8456,0.26055,0.14623,0.17811,1.2884,0.15637,0.1114,0.14574,0.81148,0.11496,0.070754,0.097598,0.72255,0.098271,0.062085,0.098967,0.65338,0.082331,0.058115,0.067399,0.54722,0.065645,0.036749,0.030579,0.078168,0.021626,0.019798,0.018824,0.023578,0.017293,0.016484,0.016002,0.015581,0.015133,0.01479,0.014473,0.014289,0.013944,0.013705,0.013491,0.013346,0.01313,0.012967,0.012826,0.012763,0.012573,0.01245,0.012349,0.012395,0.012223,0.012149,0.012077,0.012321,0.012051,0.012018,0.011986
2.0033e-13,0.52841,0.33108,0.39667,2.8191,0.35723,0.18507,0.21188,1.2261,0.17079,0.093254,0.13537,0.947,0.11701,0.080564,0.095808,0.6685,0.089379,0.066005,0.076366,0.60992,0.068083,0.050675,0.063413,0.47968,0.061695,0.045078,0.057621,0.38129,0.051514,0.030532,0.024159,0.059207,0.017985,0.015936,0.014824,0.018893,0.013771,0.013164,0.012702,0.012312,0.011969,0.011668,0.011393,0.011181,0.01094,0.010738,0.010558,0.010441,0.010246,0.010123,0.0099962,0.0099499,0.009791,0.0096947,0.0096122,0.0095949,0.0094895,0.0094285,0.0093739,0.0095832,0.0093348,0.0093094,0.0092747
1.8976e-13,0.53611,0.33276,0.38529,2.8961,0.39338,0.21149,0.20729,1.2851,0.16625,0.09553,0.11751,0.84362,0.15393,0.080644,0.091529,0.56123,0.075709,0.053933,0.06508,0.46795,0.059369,0.046196,0.061799,0.40565,0.053035,0.037877,0.048492,0.35359,0.042705,0.026295,0.021851,0.074283,0.017161,0.016122,0.015446,0.018133,0.014274,0.013893,0.013517,0.013153,0.012869,0.012621,0.012393,0.012189,0.011982,0.011805,0.011646,0.011519,0.011367,0.011246,0.011128,0.011077,0.010939,0.010847,0.010773,0.010757,0.010663,0.010615,0.010555,0.010475,0.010517,0.010499,0.010472
2.1384e-13,0.64376,0.40402,0.43119,3.08,0.42163,0.23501,0.25057,1.6347,0.19342,0.11715,0.13761,0.77742,0.19038,0.10559,0.10355,0.5879,0.086199,0.063264,0.07037,0.53803,0.061083,0.046264,0.060195,0.37984,0.051763,0.03515,0.044898,0.32477,0.043141,0.025215,0.023036,0.090294,0.017528,0.016243,0.015526,0.017738,0.014868,0.014437,0.014086,0.013765,0.013439,0.013192,0.01296,0.012751,0.012556,0.012374,0.01221,0.0121,0.011922,0.011793,0.011677,0.011522,0.011474,0.011385,0.011302,0.01127,0.011187,0.011138,0.01104,0.011488,0.011041,0.011028,0.011011
2.4926e-13,0.55546,0.36663,0.35462,2.3245,0.33389,0.19744,0.24485,1.5727,0.18459,0.116,0.14932,0.88394,0.18158,0.096854,0.099261,0.61883,0.079977,0.061593,0.077308,0.56418,0.070885,0.052953,0.063595,0.39156,0.063797,0.047032,0.053688,0.34879,0.04486,0.030079,0.026926,0.073294,0.018992,0.017635,0.016779,0.017898,0.015544,0.014905,0.014476,0.014162,0.013785,0.013475,0.013195,0.012948,0.012713,0.012505,0.012318,0.012121,0.011983,0.011839,0.011707,0.011572,0.011476,0.011375,0.01127,0.011295,0.011163,0.0111,0.011015,0.011106,0.01098,0.010957,0.010946
2.0933e-13,0.42157,0.27272,0.30491,2.1742,0.28634,0.16956,0.18339,1.272,0.15311,0.094768,0.13634,0.78469,0.16213,0.090445,0.10109,0.64962,0.089844,0.059765,0.075172,0.50782,0.069551,0.045001,0.057536,0.42093,0.064201,0.041519,0.051338,0.35736,0.047655,0.026716,0.023409,0.085201,0.016894,0.015765,0.015032,0.017406,0.013964,0.013435,0.013006,0.012655,0.01238,0.012111,0.011867,0.011658,0.011446,0.011262,0.011097,0.01094,0.010801,0.010679,0.010562,0.010467,0.010361,0.010273,0.010185,0.010113,0.010095,0.010041,0.010021,0.010384,0.0099064,0.0098862,0.0098899
3.8796e-13,0.7989,0.42845,0.54098,3.9863,0.39196,0.28479,0.31315,2.1501,0.24865,0.17267,0.21011,1.3525,0.17364,0.12186,0.17129,0.91951,0.13943,0.10868,0.11671,0.79085,0.12145,0.088559,0.096174,0.67595,0.094705,0.063495,0.075086,0.55704,0.079686,0.044399,0.037757,0.08623,0.027325,0.025122,0.023852,0.026566,0.0221,0.021339,0.020641,0.02023,0.019705,0.019295,0.018916,0.018489,0.018265,0.017984,0.017724,0.017583,0.017283,0.017082,0.016908,0.016816,0.016591,0.016456,0.016332,0.016248,0.016173,0.01608,0.015998,0.016117,0.015939,0.015906,0.015902
3.1122e-13,0.60062,0.32308,0.44496,2.734,0.32711,0.22571,0.2408,1.7188,0.18941,0.11465,0.14276,1.245,0.14683,0.093792,0.1175,0.66531,0.10298,0.063643,0.095364,0.72862,0.093933,0.058705,0.084023,0.52616,0.075588,0.052227,0.059351,0.49434,0.054217,0.032793,0.031064,0.067599,0.021338,0.019919,0.019037,0.023254,0.01757,0.017084,0.016571,0.016237,0.015828,0.01549,0.015174,0.014939,0.014661,0.014424,0.014218,0.014059,0.013849,0.013689,0.013543,0.01351,0.013296,0.01318,0.013078,0.013028,0.012953,0.012891,0.012847,0.013211,0.012719,0.012698,0.012667
3.3977e-13,0.76585,0.49548,0.48906,6.7156,0.3769,0.28054,0.36203,3.9076,0.33274,0.23428,0.31814,2.5048,0.29757,0.20097,0.28618,2.5816,0.3021,0.15849,0.2192,1.7088,0.18553,0.11789,0.16477,1.2247,0.14249,0.11132,0.13656,1.0112,0.11935,0.070035,0.062563,0.15557,0.040593,0.037594,0.035507,0.047829,0.031554,0.030571,0.029613,0.028738,0.027907,0.027216,0.026593,0.026015,0.025515,0.025065,0.024628,0.024157,0.023908,0.023591,0.023305,0.023148,0.0228,0.0226,0.022405,0.022166,0.02212,0.02198,0.021864,0.022563,0.021732,0.021688,0.021635
3.1865e-13,0.73484,0.40398,0.50311,4.0639,0.4082,0.27342,0.33135,2.4273,0.30055,0.1958,0.24033,2.103,0.24995,0.15877,0.26066,1.4554,0.22829,0.15819,0.21031,1.5351,0.20567,0.13091,0.17084,1.3662,0.20118,0.11504,0.14834,1.1962,0.14108,0.080992,0.058609,0.15339,0.039775,0.035373,0.033301,0.043382,0.028702,0.027824,0.02666,0.025671,0.024883,0.0242,0.023556,0.023083,0.022523,0.022083,0.021647,0.021277,0.020963,0.020651,0.020365,0.020054,0.019863,0.019671,0.019479,0.019291,0.019212,0.019076,0.018952,0.019497,0.018881,0.018805,0.018777
3.8493e-13,0.63549,0.38246,0.52858,3.2691,0.38072,0.22295,0.20763,1.382,0.18445,0.1202,0.15724,1.0674,0.1442,0.091514,0.11777,0.82819,0.10663,0.088042,0.10787,0.81904,0.10524,0.06507,0.086171,0.61302,0.083736,0.056083,0.071241,0.55706,0.06987,0.040541,0.032309,0.080788,0.024799,0.022651,0.021363,0.026781,0.019985,0.019125,0.018554,0.018071,0.017669,0.017278,0.01693,0.016581,0.016315,0.016044,0.015806,0.015588,0.015393,0.015214,0.015035,0.014965,0.014762,0.014636,0.014529,0.014488,0.014354,0.014287,0.014222,0.014643,0.014135,0.014097,0.014084
3.3258e-13,0.67884,0.44954,0.54323,3.8615,0.44132,0.27117,0.23251,1.7039,0.2107,0.13015,0.17269,1.1275,0.18222,0.1038,0.13392,0.87851,0.12243,0.079955,0.099799,0.73398,0.089252,0.067431,0.085546,0.5396,0.082106,0.060267,0.064911,0.53953,0.061691,0.035936,0.031144,0.082991,0.023427,0.021681,0.020785,0.024872,0.01958,0.019178,0.01849,0.018151,0.017781,0.017447,0.017138,0.016947,0.016599,0.016363,0.016145,0.015948,0.015774,0.015602,0.015446,0.015378,0.015172,0.015057,0.014943,0.014953,0.014812,0.014736,0.014679,0.015149,0.014585,0.014548,0.014544
2.0252e-13,0.37083,0.27228,0.40964,2.2703,0.2867,0.16487,0.15588,1.1447,0.11286,0.077244,0.086379,0.63316,0.11633,0.067155,0.071658,0.5265,0.066234,0.047397,0.057244,0.41168,0.051463,0.039972,0.040584,0.31436,0.04827,0.036749,0.044999,0.29406,0.034799,0.024138,0.019956,0.075049,0.015461,0.014628,0.014228,0.017149,0.013369,0.012991,0.012696,0.012463,0.0122,0.011967,0.01175,0.011567,0.011378,0.011214,0.011057,0.01091,0.010795,0.010676,0.010562,0.010545,0.010376,0.010293,0.010206,0.010245,0.010122,0.010074,0.010027,0.010245,0.0099471,0.0099299,0.0099223
1.8401e-13,0.4614,0.40899,0.77451,2.9498,0.32275,0.17585,0.17418,1.2912,0.14759,0.097121,0.10411,1.0873,0.11523,0.070607,0.084665,0.64527,0.078958,0.053499,0.067454,0.53827,0.066204,0.048439,0.05966,0.41581,0.050822,0.037453,0.045571,0.33977,0.04269,0.026638,0.023694,0.076924,0.018409,0.017405,0.016676,0.018539,0.015744,0.015465,0.015068,0.01469,0.014419,0.014146,0.013884,0.013656,0.013468,0.013279,0.013101,0.012948,0.012793,0.01266,0.012529,0.012462,0.012314,0.012223,0.012126,0.012082,0.012023,0.01197,0.011906,0.01183,0.011832,0.011785,0.011831
1.8665e-13,0.50783,0.36664,0.61951,3.0076,0.33717,0.17371,0.18274,2.1969,0.17569,0.10909,0.1385,1.5412,0.16472,0.082849,0.092968,0.72291,0.07873,0.060971,0.074729,0.57678,0.064496,0.050953,0.061699,0.44426,0.057334,0.037946,0.048641,0.38724,0.047939,0.030856,0.024312,0.09814,0.020064,0.018561,0.01762,0.020364,0.016955,0.016473,0.016057,0.015648,0.015374,0.015082,0.014817,0.014536,0.014352,0.014146,0.013964,0.013817,0.01364,0.013497,0.013369,0.01331,0.013119,0.013028,0.012931,0.012923,0.012797,0.012744,0.012668,0.012801,0.012651,0.012617,0.012625
3.0745e-13,0.7256,0.41408,0.66186,4.7282,0.39166,0.21379,0.22159,3.2061,0.20163,0.13908,0.19698,1.5481,0.16274,0.11126,0.14033,1.1284,0.11542,0.089758,0.12005,0.77861,0.11633,0.082915,0.10427,0.69632,0.094338,0.06566,0.082308,0.62977,0.067739,0.048353,0.039072,0.10131,0.027262,0.025369,0.024299,0.029673,0.022498,0.022025,0.02137,0.020908,0.020429,0.020044,0.019685,0.0194,0.019044,0.018768,0.01851,0.01826,0.018059,0.01786,0.017675,0.017502,0.01735,0.01721,0.017086,0.017036,0.016871,0.016788,0.016629,0.017012,0.016687,0.016622,0.01662
3.4977e-13,0.90716,0.49127,0.65562,7.0701,0.47014,0.28561,0.31665,3.3481,0.28376,0.19326,0.239,2.1721,0.23214,0.16562,0.21027,1.6237,0.19987,0.14052,0.19818,1.2403,0.18439,0.12562,0.16093,1.1411,0.16285,0.10363,0.13843,0.99713,0.11746,0.072872,0.058191,0.14396,0.039426,0.035932,0.033945,0.040446,0.031065,0.030244,0.02893,0.028109,0.027247,0.026641,0.026026,0.025672,0.025073,0.024652,0.024268,0.023866,0.02359,0.023294,0.023033,0.022758,0.022526,0.02234,0.022159,0.022124,0.021891,0.02176,0.021546,0.022008,0.02159,0.021493,0.021488
4.3185e-13,0.88695,0.47169,0.56746,6.1891,0.4197,0.25754,0.28668,2.5127,0.27449,0.20009,0.24193,2.1797,0.23376,0.17124,0.20938,1.5362,0.18748,0.14196,0.18274,1.293,0.16119,0.11288,0.15236,0.95578,0.14642,0.093529,0.12524,0.93329,0.10706,0.059141,0.053103,0.11048,0.036077,0.033206,0.031397,0.038009,0.02972,0.0285,0.027572,0.026829,0.026079,0.025482,0.024916,0.02448,0.023972,0.023558,0.023185,0.022947,0.022527,0.02225,0.021983,0.021844,0.021504,0.021323,0.021153,0.021087,0.020885,0.020752,0.020585,0.02121,0.020567,0.020511,0.02047
4.2948e-13,1.2237,0.65099,0.83521,7.364,0.61299,0.32579,0.37382,7.3062,0.35244,0.2471,0.31687,2.8242,0.28452,0.21486,0.23351,2.1308,0.21268,0.13764,0.20432,1.562,0.18472,0.12232,0.15822,1.0199,0.13521,0.096857,0.13418,0.81384,0.10413,0.069871,0.060871,0.13193,0.046451,0.042939,0.041484,0.048534,0.038997,0.037879,0.036939,0.035919,0.035331,0.03469,0.034054,0.033715,0.033026,0.032559,0.032131,0.031713,0.031378,0.031044,0.030741,0.030651,0.030189,0.02997,0.029778,0.029786,0.029433,0.029282,0.029069,0.030155,0.029072,0.028999,0.028918
2.3513e-13,0.93209,0.60491,0.87691,11.306,0.47472,0.25319,0.31023,6.4855,0.27941,0.17161,0.24384,4.162,0.20876,0.16283,0.1647,1.8899,0.1446,0.10634,0.13982,1.6727,0.1139,0.081867,0.10426,0.78272,0.094413,0.064837,0.083523,0.57919,0.071949,0.048554,0.044416,0.11758,0.034681,0.03306,0.032031,0.037128,0.030396,0.029524,0.029012,0.028476,0.028022,0.027545,0.027103,0.026744,0.026328,0.025982,0.025672,0.025322,0.025112,0.024864,0.024627,0.024531,0.024238,0.024066,0.02394,0.023835,0.023652,0.023569,0.023508,0.023389,0.023304,0.02328,0.023223
3.2381e-13,1.0972,0.73214,0.7604,14.873,0.53102,0.30694,0.36724,7.2406,0.33595,0.22307,0.29004,4.1215,0.28023,0.21157,0.22145,2.7838,0.24102,0.14484,0.18941,2.1522,0.15207,0.11354,0.14459,0.98858,0.12694,0.092756,0.11639,0.76102,0.10448,0.0691,0.062174,0.12645,0.046627,0.044684,0.043399,0.04868,0.040328,0.039759,0.038913,0.038067,0.03731,0.036629,0.036004,0.035446,0.034893,0.034406,0.033947,0.033492,0.033182,0.032827,0.032501,0.032325,0.031959,0.031719,0.031517,0.031257,0.031166,0.031032,0.030923,0.0309,0.030714,0.030682,0.030587
