1.8383e-13,0.82927,0.4437,0.41882,3.1192,0.50968,0.42316,0.68137,5.2336,0.61156,0.41477,0.45809,4.0971,0.59098,0.37568,0.55104,3.653,0.53072,0.37684,0.47777,3.7891,0.41667,0.27572,0.45107,2.8603,0.39938,0.26319,0.35182,2.711,0.27105,0.14638,0.13185,0.32856,0.073377,0.065716,0.061837,0.087029,0.051602,0.049964,0.048039,0.046123,0.044372,0.042941,0.041693,0.040405,0.039526,0.038543,0.03773,0.037259,0.036372,0.035689,0.035114,0.034513,0.034062,0.033684,0.033299,0.033224,0.032767,0.032533,0.032253,0.03167,0.031907,0.031839,0.031786
4.2183e-13,0.84449,0.51303,0.50972,4.1368,0.54955,0.50862,0.67046,4.8241,0.67373,0.44514,0.59153,3.9359,0.57903,0.48586,0.59464,4.0135,0.6084,0.35385,0.46461,3.7309,0.44023,0.26988,0.41804,3.0939,0.42754,0.27113,0.33764,2.4676,0.26402,0.14685,0.12279,0.31417,0.074907,0.06346,0.058597,0.090231,0.051505,0.048864,0.046088,0.043596,0.042586,0.041093,0.03981,0.038435,0.037571,0.036591,0.035718,0.034921,0.034303,0.033642,0.033018,0.032501,0.032041,0.031627,0.031241,0.031161,0.030664,0.030391,0.030148,0.030546,0.029733,0.029645,0.029554
3.077e-13,0.73726,0.39818,0.44081,3.2652,0.54604,0.53876,0.70626,4.6488,0.649,0.42416,0.5539,4.259,0.59109,0.3478,0.49923,3.6796,0.58086,0.33262,0.42029,3.2532,0.3987,0.26747,0.34127,2.2636,0.33794,0.2225,0.24338,2.3022,0.22612,0.11895,0.11103,0.27002,0.070352,0.057393,0.054076,0.09025,0.047034,0.044307,0.041813,0.039917,0.038788,0.037566,0.036417,0.035568,0.034586,0.033775,0.033072,0.032353,0.031839,0.031344,0.030876,0.030638,0.029976,0.029648,0.029341,0.029266,0.028872,0.02867,0.028444,0.028365,0.028097,0.02803,0.027955
2.5032e-13,0.52347,0.35104,0.37259,2.6724,0.39246,0.28499,0.35224,2.2752,0.31624,0.2386,0.30467,2.6419,0.38228,0.21856,0.28589,1.9961,0.25486,0.15173,0.22991,1.8897,0.23735,0.14344,0.21808,1.4089,0.1862,0.13519,0.15919,1.2206,0.1048,0.07091,0.055715,0.18626,0.041574,0.035645,0.033536,0.049669,0.029366,0.027664,0.026455,0.025377,0.024302,0.023548,0.022906,0.022224,0.021732,0.021208,0.020752,0.020435,0.020004,0.019676,0.019375,0.019181,0.018797,0.018591,0.018376,0.018106,0.018106,0.017958,0.017785,0.017997,0.017736,0.017652,0.017607
4.2875e-13,0.85301,0.43663,0.58503,3.8562,0.71525,0.49892,0.69849,4.8015,0.6435,0.48091,0.56008,4.9614,0.57166,0.34272,0.59481,3.9193,0.52538,0.28795,0.40537,3.3676,0.4148,0.2584,0.35228,2.542,0.37524,0.21291,0.27013,2.1032,0.19538,0.11532,0.094989,0.30355,0.068184,0.057976,0.0553,0.08917,0.049993,0.047816,0.045438,0.043895,0.042489,0.041266,0.040195,0.039588,0.038332,0.037479,0.036793,0.0362,0.035594,0.035027,0.034583,0.034081,0.033559,0.033265,0.032946,0.033096,0.032501,0.03228,0.032063,0.03185,0.031856,0.031769,0.031743
8.2832e-13,1.3793,0.74637,0.87325,5.5053,0.91883,0.71747,0.89283,6.9306,0.92368,0.65212,0.77786,6.4411,0.73759,0.48525,0.85131,6.3037,0.7767,0.46306,0.59345,5.2771,0.62496,0.3792,0.51415,4.0687,0.60684,0.30753,0.40543,2.9395,0.34745,0.18473,0.14289,0.37803,0.093599,0.081185,0.075782,0.1211,0.065108,0.062958,0.059194,0.057178,0.055424,0.05372,0.052123,0.051474,0.049645,0.048436,0.047503,0.04633,0.045878,0.045122,0.04453,0.0437,0.043157,0.042758,0.042335,0.042902,0.041726,0.041436,0.041094,0.041641,0.040876,0.040773,0.04072
5.6674e-13,0.95571,0.46369,0.56086,3.8514,0.54639,0.46015,0.5566,4.1961,0.58117,0.37839,0.47318,3.7712,0.47679,0.352,0.56636,4.0498,0.5016,0.33358,0.40242,3.4203,0.40595,0.25097,0.35212,2.8619,0.38412,0.22038,0.29605,1.6956,0.22667,0.13785,0.085936,0.24279,0.057216,0.049255,0.045795,0.074899,0.038013,0.034851,0.034187,0.032702,0.031452,0.03033,0.029366,0.029045,0.027879,0.027125,0.026546,0.025923,0.025573,0.02511,0.024715,0.024474,0.023982,0.023717,0.023465,0.023656,0.023131,0.02295,0.022719,0.023082,0.02259,0.022567,0.022518
5.3714e-13,0.93722,0.52918,0.54751,4.315,0.63077,0.43457,0.61792,5.3942,0.5078,0.39284,0.5734,3.9824,0.62147,0.351,0.61265,5.1709,0.54782,0.37907,0.49305,4.2953,0.4656,0.28881,0.49045,3.136,0.4632,0.29651,0.35799,2.3955,0.3403,0.16444,0.1415,0.40758,0.077317,0.064074,0.058025,0.093969,0.048043,0.0456,0.042864,0.04019,0.038275,0.036554,0.035204,0.033479,0.032717,0.031645,0.030732,0.029864,0.029265,0.028525,0.02795,0.027797,0.026769,0.026377,0.025985,0.025829,0.025385,0.025114,0.024831,0.024859,0.024564,0.024457,0.02435
3.9112e-13,0.73868,0.39126,0.43145,2.8615,0.52075,0.3575,0.48238,4.1211,0.4878,0.38063,0.47298,3.2803,0.43762,0.28412,0.42185,3.8424,0.42311,0.27322,0.34344,3.0024,0.35222,0.23915,0.32621,2.854,0.33707,0.18919,0.24035,2.1579,0.21113,0.11938,0.099645,0.29982,0.059332,0.049974,0.046648,0.091366,0.038003,0.03732,0.035168,0.034142,0.0327,0.031629,0.030708,0.029871,0.029078,0.028366,0.02777,0.027114,0.026814,0.026339,0.025925,0.025644,0.025192,0.024932,0.02467,0.024296,0.024285,0.024101,0.023932,0.024299,0.023762,0.02369,0.023668
2.091e-13,0.57505,0.32324,0.39766,2.821,0.45194,0.24232,0.2906,2.4369,0.30798,0.22885,0.27285,1.8395,0.30706,0.2009,0.28168,2.016,0.22313,0.15894,0.21311,1.6924,0.18711,0.15172,0.19338,1.5372,0.20043,0.12597,0.16284,1.365,0.14383,0.077963,0.065353,0.19585,0.037853,0.033785,0.031564,0.056589,0.028395,0.027179,0.026058,0.025177,0.024342,0.023621,0.023006,0.022563,0.022003,0.021551,0.021112,0.020714,0.020465,0.020127,0.019852,0.019486,0.019333,0.019141,0.018955,0.018958,0.018666,0.01853,0.018436,0.018587,0.018226,0.018164,0.018131
2.737e-13,0.53616,0.39675,0.45074,2.7133,0.36448,0.24456,0.21841,1.8637,0.24112,0.13514,0.19131,1.3901,0.19768,0.1404,0.17689,1.3158,0.16687,0.12558,0.13815,1.1497,0.14841,0.090546,0.12922,0.9331,0.13148,0.082657,0.10168,0.70542,0.086172,0.047643,0.038519,0.13167,0.025547,0.022656,0.021702,0.033082,0.019686,0.018748,0.018112,0.017661,0.017014,0.016562,0.016152,0.015738,0.015457,0.015148,0.014878,0.014598,0.014422,0.014204,0.014021,0.013983,0.013675,0.01354,0.013399,0.013306,0.013227,0.013145,0.013041,0.013215,0.012955,0.012922,0.012898
2.2703e-13,0.42979,0.24898,0.33867,1.9887,0.29944,0.18104,0.20878,1.3541,0.16686,0.10092,0.13578,1.0545,0.1474,0.11428,0.12429,0.84712,0.10023,0.08351,0.091776,0.70671,0.098296,0.068252,0.085692,0.66582,0.084728,0.053049,0.069608,0.53743,0.059817,0.037358,0.03317,0.11517,0.020834,0.019036,0.017686,0.026257,0.01645,0.015667,0.014969,0.014568,0.014062,0.013689,0.013349,0.01306,0.012792,0.012551,0.012317,0.012164,0.011952,0.01178,0.011635,0.011485,0.011351,0.011254,0.011147,0.011091,0.011008,0.010946,0.010912,0.010984,0.0108,0.010774,0.010765
2.3426e-13,0.50251,0.26405,0.37543,2.3569,0.3589,0.1895,0.24986,2.0612,0.26974,0.1912,0.24422,1.7702,0.29912,0.19312,0.28218,2.2585,0.22089,0.16849,0.23902,1.6883,0.18396,0.14536,0.20689,1.5849,0.18472,0.13161,0.15384,1.2262,0.14293,0.079299,0.065886,0.18464,0.034446,0.031105,0.028859,0.058059,0.026415,0.024468,0.023435,0.022325,0.021374,0.02067,0.020073,0.019386,0.019028,0.018576,0.018175,0.017852,0.017502,0.017196,0.016933,0.016783,0.016429,0.016261,0.016092,0.015725,0.015849,0.015726,0.015608,0.015622,0.015492,0.01543,0.015411
2.2741e-13,0.50123,0.293,0.36083,2.3197,0.3136,0.21145,0.23789,2.2827,0.29062,0.19895,0.25774,2.2616,0.3033,0.20768,0.30089,2.5286,0.25513,0.17542,0.28136,1.8111,0.22557,0.17417,0.25508,1.9474,0.25855,0.15921,0.18911,1.509,0.17973,0.083073,0.077841,0.23104,0.044132,0.036812,0.033846,0.070971,0.028462,0.027002,0.025201,0.023725,0.022794,0.021898,0.021134,0.020348,0.019801,0.019236,0.018741,0.018349,0.017948,0.017585,0.017264,0.016971,0.016659,0.016459,0.016234,0.016098,0.01596,0.015819,0.015658,0.015594,0.015533,0.01548,0.015463
3.2092e-13,1.1712,0.58151,0.70825,8.6858,0.44241,0.2968,0.35345,4.0359,0.29273,0.19664,0.23217,1.9878,0.25116,0.1667,0.22182,1.7691,0.20672,0.13411,0.17343,1.3894,0.14734,0.11543,0.15416,0.95205,0.14549,0.094362,0.12998,0.88104,0.097695,0.068926,0.054938,0.19719,0.0445,0.041688,0.039534,0.041344,0.036728,0.03584,0.034797,0.033832,0.033222,0.032539,0.031933,0.031525,0.030881,0.030403,0.02999,0.029494,0.029258,0.028948,0.028651,0.028458,0.028128,0.027919,0.027742,0.027622,0.027432,0.027295,0.02719,0.027251,0.026992,0.026945,0.026927
3.4989e-13,0.58868,0.38853,0.47302,3.2198,0.4027,0.28404,0.34249,2.2076,0.27934,0.21458,0.26489,2.1764,0.28394,0.16697,0.25693,1.77,0.25053,0.16664,0.22559,1.9832,0.23356,0.14441,0.2211,1.7591,0.22525,0.13507,0.17372,1.417,0.17358,0.083765,0.077722,0.20484,0.047423,0.040103,0.037863,0.056952,0.032992,0.031364,0.029646,0.028434,0.027477,0.026628,0.025891,0.025113,0.024627,0.0241,0.02362,0.023197,0.022822,0.022454,0.022133,0.021983,0.021594,0.021363,0.021134,0.021152,0.020867,0.020741,0.02064,0.020632,0.020373,0.020344,0.020312
2.3304e-13,0.58259,0.33099,0.42131,2.4383,0.32196,0.22596,0.26067,1.9481,0.2011,0.15121,0.22045,1.7834,0.22532,0.1643,0.22004,1.9022,0.21691,0.14293,0.21265,1.678,0.18803,0.12755,0.19861,1.5007,0.21301,0.13041,0.15332,1.1974,0.1408,0.064478,0.066224,0.18311,0.041075,0.03454,0.032346,0.052852,0.028441,0.026717,0.025189,0.024079,0.023084,0.022266,0.0216,0.020823,0.020375,0.019869,0.019411,0.018954,0.018698,0.018333,0.01804,0.01783,0.017487,0.017295,0.017102,0.017031,0.016798,0.016687,0.016522,0.016346,0.016431,0.016371,0.01634
2.1246e-13,0.50929,0.25819,0.38925,2.143,0.30898,0.18744,0.20237,1.4397,0.16621,0.10576,0.13992,0.95413,0.14303,0.10115,0.13636,1.0283,0.10758,0.077335,0.10216,0.80623,0.083004,0.067766,0.095931,0.71661,0.10178,0.06429,0.074119,0.56087,0.06028,0.040443,0.035416,0.10669,0.022628,0.020123,0.019303,0.031182,0.018006,0.01678,0.016439,0.015881,0.01543,0.015047,0.014706,0.014303,0.014132,0.01387,0.013637,0.013436,0.013244,0.013054,0.01289,0.012789,0.01261,0.012498,0.012401,0.01232,0.012234,0.01216,0.012076,0.012239,0.012007,0.011985,0.011954
1.8033e-13,0.47127,0.23692,0.33946,1.9004,0.2725,0.15468,0.18328,1.1827,0.15025,0.098109,0.12589,0.77289,0.17931,0.10291,0.090675,0.81295,0.084899,0.063389,0.076417,0.55262,0.073432,0.061714,0.083857,0.46046,0.063952,0.046612,0.059354,0.41032,0.048931,0.028381,0.027195,0.16516,0.018915,0.01733,0.016754,0.022675,0.015752,0.014939,0.014484,0.014089,0.013785,0.013482,0.013217,0.012972,0.012758,0.012566,0.012379,0.012206,0.012068,0.011929,0.011804,0.011724,0.011581,0.011493,0.01141,0.01147,0.011294,0.011235,0.011168,0.011456,0.011111,0.011088,0.011071
2.015e-13,0.63329,0.3125,0.40312,2.9704,0.29611,0.16231,0.19733,1.5241,0.15752,0.11019,0.12292,0.74369,0.18213,0.1047,0.09791,0.74051,0.088967,0.062326,0.087427,0.52061,0.074164,0.051445,0.06684,0.49136,0.062396,0.044866,0.057971,0.4084,0.052733,0.0297,0.024586,0.18482,0.020966,0.018809,0.017973,0.023007,0.017016,0.016195,0.01579,0.015286,0.015017,0.014703,0.014426,0.014157,0.013927,0.013717,0.013521,0.013323,0.013176,0.013027,0.012889,0.012752,0.012654,0.012558,0.012476,0.012529,0.012319,0.012248,0.01221,0.012389,0.012135,0.012098,0.012077
3.019e-13,0.8076,0.32461,0.47191,3.5591,0.37296,0.19905,0.23755,1.6382,0.20254,0.12149,0.15331,1.0275,0.1475,0.097595,0.13708,0.88698,0.097405,0.073969,0.10551,0.75802,0.089132,0.070895,0.090579,0.70149,0.079391,0.061408,0.072825,0.52887,0.072822,0.037881,0.031043,0.082935,0.024393,0.021675,0.020902,0.026678,0.019286,0.018419,0.017986,0.01744,0.017059,0.016684,0.016358,0.016075,0.015757,0.0155,0.015269,0.015046,0.014862,0.014681,0.014503,0.01444,0.014245,0.014121,0.014016,0.013973,0.013825,0.013739,0.01369,0.01412,0.013635,0.013563,0.013556
2.4248e-13,0.7143,0.33315,0.48793,3.8484,0.32149,0.19271,0.20802,1.6282,0.15725,0.10235,0.15007,1.1166,0.14787,0.099492,0.12161,0.923,0.12071,0.075404,0.087639,0.77517,0.089099,0.060575,0.086205,0.72699,0.090592,0.061102,0.072216,0.57854,0.068453,0.037206,0.035031,0.098496,0.022684,0.019939,0.019656,0.027088,0.017083,0.016329,0.016156,0.015663,0.015329,0.01499,0.014688,0.014376,0.014158,0.013919,0.013698,0.013527,0.013332,0.013166,0.013004,0.012908,0.012751,0.012641,0.012529,0.012565,0.012397,0.012334,0.012243,0.011975,0.01221,0.012154,0.012135
3.5096e-13,0.75056,0.42781,0.63808,4.3481,0.39185,0.2719,0.31224,2.3418,0.24252,0.17091,0.24407,1.6943,0.2363,0.13362,0.20005,1.7627,0.22295,0.13867,0.17142,1.5254,0.17536,0.12032,0.17961,1.3011,0.19757,0.1111,0.14018,1.0997,0.14307,0.064058,0.065586,0.16684,0.037727,0.031209,0.029424,0.047699,0.024944,0.024389,0.023046,0.022096,0.021438,0.020764,0.020179,0.019572,0.019164,0.018754,0.018362,0.018088,0.017733,0.017442,0.017203,0.016879,0.01673,0.016558,0.016388,0.016369,0.016188,0.016074,0.015987,0.01658,0.015813,0.015774,0.015748
4.2871e-13,0.84422,0.49155,0.70364,5.1753,0.50644,0.34435,0.41374,3.201,0.37962,0.25853,0.34566,2.6359,0.30828,0.17846,0.29691,2.6324,0.31003,0.1896,0.23463,2.0496,0.2396,0.15929,0.23281,1.8331,0.26483,0.13511,0.17572,1.3183,0.17954,0.07914,0.080725,0.19685,0.047724,0.04156,0.038655,0.062749,0.033688,0.033624,0.031512,0.030073,0.029278,0.028356,0.027559,0.027111,0.026207,0.02562,0.025103,0.02466,0.024253,0.023852,0.023537,0.022994,0.022852,0.022646,0.022389,0.022448,0.022118,0.021952,0.021784,0.022174,0.021666,0.021617,0.02157
3.624e-13,0.95535,0.59199,0.97733,5.5153,0.4875,0.24558,0.26129,2.2148,0.21491,0.14817,0.18272,1.1967,0.13659,0.10135,0.12314,1.2303,0.13965,0.088306,0.11568,0.77908,0.1059,0.067793,0.090199,0.74992,0.098053,0.067488,0.080403,0.55091,0.066975,0.04261,0.038287,0.088835,0.028,0.02577,0.025107,0.031096,0.023736,0.023123,0.022414,0.021887,0.021569,0.021191,0.020827,0.020547,0.020228,0.019957,0.019707,0.019558,0.01926,0.019075,0.018895,0.018635,0.018576,0.018446,0.018315,0.018059,0.018168,0.018105,0.018059,0.018186,0.017839,0.017809,0.017806
2.0792e-13,0.64825,0.38059,0.60528,4.1666,0.32211,0.18691,0.20187,1.9595,0.14948,0.11449,0.13071,1.034,0.15171,0.083014,0.096161,0.94058,0.090307,0.06485,0.095894,0.68991,0.085545,0.054481,0.077969,0.63159,0.085429,0.055386,0.070828,0.46733,0.061113,0.036713,0.029116,0.10472,0.022688,0.020398,0.019541,0.022997,0.018032,0.017365,0.016694,0.016188,0.01576,0.0154,0.015088,0.014761,0.014511,0.014261,0.014048,0.013819,0.013668,0.013506,0.013343,0.013239,0.013089,0.012974,0.012866,0.012931,0.012721,0.012663,0.012629,0.012496,0.012517,0.012465,0.012463
2.5608e-13,0.82241,0.56876,0.8516,5.8514,0.4261,0.23572,0.24118,2.4686,0.21468,0.14076,0.19272,1.5471,0.20291,0.11493,0.13163,1.3855,0.10811,0.080741,0.11409,0.9248,0.090878,0.062949,0.072666,0.69378,0.082727,0.062406,0.07819,0.52105,0.070258,0.045982,0.039191,0.14779,0.029632,0.02693,0.025576,0.027169,0.024153,0.023293,0.022487,0.021833,0.021418,0.020949,0.020541,0.020202,0.019807,0.019508,0.01923,0.018993,0.018744,0.018539,0.018334,0.018094,0.018008,0.017864,0.017724,0.017711,0.01756,0.017472,0.017445,0.017689,0.017258,0.017237,0.017226
3.388e-13,2.0717,0.77868,0.84774,16.316,0.4725,0.33755,0.37517,5.9005,0.26759,0.22656,0.25846,2.0508,0.19245,0.17958,0.21356,2.2045,0.19395,0.14193,0.17488,1.0911,0.13749,0.1063,0.13173,0.77436,0.12453,0.087533,0.11094,0.6843,0.10178,0.080488,0.06487,0.13708,0.058732,0.056629,0.055076,0.055045,0.052719,0.051294,0.050262,0.049184,0.048397,0.047599,0.046873,0.046215,0.045579,0.044994,0.044468,0.043989,0.043516,0.043105,0.042738,0.042359,0.042032,0.041761,0.041521,0.041362,0.041068,0.040876,0.040622,0.040462,0.040689,0.040562,0.040552
3.0692e-13,1.8213,0.71548,0.93059,12.236,0.46953,0.28059,0.28851,4.0789,0.24223,0.19145,0.21682,1.8416,0.19036,0.16135,0.17811,2.7164,0.1396,0.10257,0.13146,0.96737,0.10247,0.080065,0.090786,0.65918,0.080382,0.069382,0.076444,0.51495,0.074766,0.059519,0.053332,0.13687,0.048773,0.046911,0.045757,0.046182,0.044192,0.043086,0.042214,0.041439,0.040793,0.040147,0.039572,0.039024,0.03851,0.038036,0.037601,0.037175,0.036807,0.03648,0.036169,0.035796,0.035586,0.035361,0.035134,0.035031,0.034817,0.034654,0.034471,0.03437,0.034467,0.034362,0.03438
3.0027e-13,0.73065,0.38188,0.71367,4.3163,0.33612,0.17864,0.23003,1.9945,0.147,0.11315,0.12109,1.09,0.1652,0.1065,0.1121,1.3416,0.10841,0.073279,0.084849,0.63156,0.069492,0.057278,0.06747,0.51353,0.064022,0.051474,0.062954,0.39708,0.052827,0.034703,0.029258,0.13275,0.023188,0.02178,0.020793,0.022602,0.01956,0.018902,0.018364,0.017888,0.017537,0.017163,0.016826,0.01648,0.016248,0.015988,0.015759,0.015513,0.015341,0.015168,0.015008,0.014942,0.014707,0.014586,0.01447,0.014441,0.014339,0.014248,0.014148,0.014836,0.014138,0.014097,0.014045
2.0907e-13,0.54718,0.32799,0.42433,2.7283,0.297,0.15698,0.16739,1.2846,0.12626,0.093515,0.092217,0.76497,0.1672,0.094055,0.083782,0.58482,0.082078,0.052958,0.069505,0.44901,0.059337,0.043226,0.054538,0.36324,0.061494,0.043932,0.045542,0.33337,0.041097,0.027705,0.026118,0.16475,0.02084,0.019001,0.018338,0.021132,0.017416,0.016848,0.016372,0.015965,0.015671,0.01537,0.0151,0.014874,0.014621,0.014415,0.014218,0.014018,0.01388,0.013738,0.013604,0.013512,0.01336,0.013264,0.013177,0.013363,0.01304,0.012974,0.012891,0.013439,0.01285,0.012822,0.0128
2.3677e-13,0.4775,0.27423,0.335,2.1737,0.31081,0.15824,0.18284,1.1647,0.15114,0.080946,0.10047,0.71101,0.15478,0.090916,0.086344,0.72767,0.078559,0.061526,0.07347,0.54597,0.062844,0.05399,0.066007,0.42932,0.064136,0.051595,0.054287,0.38906,0.047995,0.031731,0.02437,0.14029,0.018115,0.016217,0.015668,0.022075,0.01462,0.014042,0.013683,0.013332,0.013063,0.012792,0.012556,0.012334,0.012127,0.011941,0.011771,0.011664,0.011469,0.011336,0.011216,0.011216,0.011,0.010916,0.010821,0.010817,0.010729,0.010675,0.010614,0.010775,0.01056,0.010518,0.010535
4.5129e-13,0.75403,0.37112,0.35911,2.3649,0.38516,0.32414,0.48234,4.3218,0.43272,0.29417,0.36776,2.8613,0.40483,0.2891,0.41661,2.8494,0.3767,0.23215,0.29643,2.3517,0.26166,0.19908,0.28082,1.9614,0.29981,0.1745,0.25781,2.0037,0.19506,0.10089,0.087441,0.25869,0.05405,0.046516,0.042398,0.068718,0.03949,0.036978,0.035134,0.033919,0.032565,0.03157,0.030694,0.030234,0.029184,0.028547,0.027981,0.027517,0.027022,0.026589,0.026207,0.026245,0.025507,0.025248,0.025015,0.024956,0.024639,0.024463,0.024321,0.024504,0.024093,0.02406,0.024021
4.7827e-13,0.75877,0.4032,0.39842,2.6321,0.47389,0.41866,0.5954,5.3687,0.58703,0.37022,0.44015,4.2036,0.56816,0.35818,0.59057,4.3179,0.46776,0.36337,0.45551,3.3429,0.405,0.27324,0.38709,3.2796,0.39957,0.27008,0.31962,2.2527,0.27927,0.15666,0.11286,0.37613,0.071205,0.061702,0.057754,0.086871,0.050298,0.047836,0.046528,0.04465,0.042569,0.041157,0.039878,0.038915,0.037775,0.036876,0.036041,0.035235,0.034753,0.034104,0.033582,0.033167,0.032548,0.032164,0.031755,0.031663,0.031326,0.031073,0.030915,0.030839,0.03056,0.030467,0.030442
2.4405e-13,0.7585,0.36912,0.44943,2.6424,0.47927,0.45441,0.58818,4.7317,0.58199,0.36356,0.45715,3.654,0.53714,0.35876,0.51,4.117,0.44844,0.34902,0.41753,3.1805,0.34741,0.27753,0.33425,2.9308,0.36828,0.27282,0.36282,2.3292,0.25599,0.13189,0.099128,0.30694,0.065689,0.057074,0.051371,0.084683,0.046261,0.043055,0.041792,0.040693,0.0388,0.03769,0.036684,0.035885,0.034989,0.034191,0.033507,0.032805,0.032423,0.031854,0.031409,0.030823,0.030551,0.03022,0.029862,0.029637,0.029446,0.029229,0.028999,0.029213,0.028746,0.028667,0.02863
3.5259e-13,0.6932,0.37447,0.45054,2.9778,0.5094,0.55497,0.67842,4.7677,0.60995,0.32797,0.58844,3.8568,0.57942,0.34516,0.50113,4.2518,0.49054,0.33768,0.4262,3.0908,0.40257,0.27966,0.35667,2.7757,0.33036,0.24191,0.29327,1.9772,0.26087,0.16571,0.1159,0.34229,0.077571,0.066935,0.061363,0.088847,0.055106,0.051843,0.050494,0.048238,0.046242,0.044766,0.04348,0.04223,0.041238,0.040292,0.039415,0.038245,0.038078,0.037379,0.036822,0.036665,0.035756,0.035405,0.035021,0.034895,0.034506,0.034261,0.034071,0.034313,0.033682,0.03367,0.033606
2.9364e-13,0.61765,0.34317,0.36623,2.721,0.42163,0.36788,0.50468,4.1899,0.44503,0.24091,0.41864,2.818,0.48508,0.25662,0.371,2.5893,0.38345,0.21981,0.28494,2.05,0.2875,0.19868,0.26758,1.7602,0.23581,0.15445,0.16154,1.4836,0.16494,0.096875,0.068835,0.21299,0.049427,0.041421,0.039231,0.054508,0.034473,0.031234,0.030379,0.029373,0.028138,0.027209,0.026389,0.025706,0.025058,0.024471,0.023912,0.02328,0.023027,0.022622,0.022256,0.022413,0.021636,0.021385,0.021149,0.020865,0.020836,0.02067,0.020538,0.020538,0.020344,0.020282,0.020263
2.3678e-13,0.4708,0.33723,0.30497,2.137,0.31347,0.19245,0.22255,1.752,0.21662,0.15059,0.18104,1.2489,0.19848,0.12247,0.15565,1.432,0.15931,0.10938,0.13727,1.084,0.11269,0.084174,0.11788,0.92617,0.133,0.082032,0.10824,0.67185,0.086367,0.050519,0.04046,0.1259,0.028936,0.025481,0.023795,0.034597,0.021235,0.020471,0.01964,0.018906,0.018413,0.017891,0.01743,0.017098,0.016649,0.016317,0.016017,0.015798,0.015508,0.015287,0.015083,0.014947,0.014725,0.01458,0.014442,0.014222,0.014261,0.014169,0.014083,0.01427,0.013956,0.01393,0.013907
2.4788e-13,0.53389,0.34915,0.35112,2.7691,0.37188,0.28659,0.38738,2.428,0.35302,0.19746,0.28449,1.9762,0.33242,0.20021,0.25809,1.6622,0.19925,0.14468,0.21642,1.4572,0.21294,0.12768,0.17221,1.2447,0.144,0.11598,0.14306,0.90946,0.11201,0.07802,0.049434,0.17367,0.037161,0.032476,0.029812,0.041346,0.025623,0.024638,0.023309,0.022606,0.021753,0.021076,0.020439,0.01994,0.019432,0.018967,0.018579,0.018163,0.017873,0.017581,0.017298,0.017423,0.016828,0.01663,0.016436,0.016279,0.016174,0.016061,0.016015,0.016048,0.015673,0.015663,0.01562
3.3124e-13,0.64735,0.42121,0.50541,3.9016,0.54219,0.50103,0.66162,4.1308,0.55824,0.3212,0.52732,3.2157,0.52521,0.31057,0.40553,2.8826,0.37856,0.26818,0.36645,2.5911,0.31483,0.22619,0.32077,1.781,0.24597,0.16932,0.19707,1.5565,0.1726,0.1118,0.078978,0.21069,0.060702,0.05145,0.047724,0.061588,0.043217,0.040127,0.038368,0.036887,0.035576,0.034425,0.033365,0.032361,0.031634,0.030855,0.030224,0.029694,0.02908,0.028583,0.028123,0.027954,0.027388,0.027068,0.026784,0.02649,0.026343,0.026187,0.026076,0.025614,0.025692,0.025671,0.025638
3.7912e-13,0.70451,0.42003,0.54241,3.4959,0.56056,0.50412,0.6823,4.6041,0.57405,0.32698,0.55721,3.4529,0.54369,0.33866,0.41359,3.3686,0.45188,0.32027,0.44705,3.0602,0.331,0.2685,0.3657,2.261,0.32953,0.19627,0.25277,1.9208,0.20461,0.13341,0.09085,0.2527,0.069126,0.057724,0.053584,0.078722,0.04777,0.043543,0.042073,0.03983,0.038622,0.03734,0.036147,0.035361,0.034213,0.033356,0.0326,0.031998,0.031346,0.03075,0.030246,0.029706,0.02941,0.029046,0.02871,0.028395,0.02818,0.027984,0.027806,0.027625,0.027472,0.027444,0.027408
3.9521e-13,0.69466,0.3914,0.48497,2.8969,0.41229,0.35999,0.41021,3.2785,0.38934,0.24468,0.38863,2.6332,0.37699,0.25971,0.31703,2.4568,0.35565,0.24175,0.31386,2.193,0.27156,0.21756,0.27556,2.003,0.27615,0.17451,0.24064,1.2472,0.18486,0.096857,0.072416,0.2222,0.049514,0.041473,0.038884,0.059612,0.034128,0.031319,0.030267,0.028597,0.027823,0.026896,0.026058,0.025523,0.024766,0.024184,0.023669,0.023033,0.022837,0.022411,0.022102,0.021505,0.021487,0.02123,0.020976,0.020926,0.020643,0.020501,0.020367,0.020556,0.020179,0.020138,0.0201
2.8988e-13,0.53298,0.32017,0.40902,2.8702,0.35959,0.31229,0.43924,3.1714,0.35945,0.23016,0.32067,2.5322,0.35948,0.24452,0.27793,1.9128,0.30725,0.20701,0.2778,2.2424,0.2495,0.18735,0.24758,1.6424,0.23753,0.15257,0.20118,1.6289,0.14825,0.094995,0.06483,0.25703,0.048379,0.038336,0.035513,0.068976,0.029781,0.026835,0.026181,0.025503,0.024403,0.023597,0.022927,0.022564,0.021758,0.0212,0.020773,0.020373,0.02006,0.019684,0.019409,0.019097,0.018843,0.01863,0.018436,0.018512,0.018116,0.017986,0.017816,0.01789,0.017735,0.017677,0.017643
2.9302e-13,0.65758,0.39432,0.47427,3.1716,0.52451,0.40257,0.49283,3.9009,0.44565,0.35524,0.48193,4.207,0.61172,0.36698,0.5184,4.139,0.48746,0.3654,0.50712,4.1425,0.47661,0.35605,0.45607,3.4288,0.45568,0.32257,0.44707,2.9217,0.32216,0.22254,0.14758,0.39644,0.096155,0.07727,0.069106,0.098179,0.060334,0.055258,0.051889,0.049993,0.047424,0.045699,0.044169,0.043101,0.041611,0.040542,0.039623,0.038829,0.038015,0.037366,0.03678,0.036658,0.035719,0.035266,0.034859,0.034723,0.034352,0.034087,0.033816,0.033686,0.033548,0.033477,0.033433
2.5923e-13,0.59543,0.34059,0.41071,3.0707,0.43535,0.29723,0.30446,2.2733,0.2923,0.20613,0.29182,2.1567,0.32834,0.19563,0.30748,2.3108,0.25684,0.19253,0.29846,2.1093,0.24231,0.19031,0.24109,1.8272,0.23307,0.17823,0.24571,1.557,0.17264,0.11828,0.087189,0.21197,0.051762,0.042267,0.038222,0.05331,0.033912,0.031956,0.029525,0.028381,0.027316,0.026328,0.025445,0.024759,0.024134,0.023556,0.023037,0.022644,0.022124,0.021769,0.02143,0.021343,0.020844,0.020602,0.02037,0.020102,0.020076,0.019928,0.019778,0.019673,0.019572,0.019523,0.019489
2.5882e-13,0.51774,0.32784,0.3599,2.6803,0.34332,0.19708,0.19521,1.668,0.20459,0.13062,0.16891,1.3285,0.20204,0.14497,0.16091,1.1734,0.15811,0.095505,0.14503,0.98283,0.12786,0.095616,0.12662,0.94508,0.11841,0.076047,0.095186,0.64031,0.10084,0.061139,0.045982,0.12753,0.030911,0.027461,0.025167,0.034945,0.023253,0.021763,0.021213,0.020595,0.019943,0.019444,0.018994,0.018691,0.018194,0.01786,0.017552,0.017246,0.017043,0.016814,0.016614,0.016304,0.016253,0.016106,0.015968,0.015973,0.0158,0.01573,0.015652,0.015517,0.015503,0.015481,0.015467
2.8517e-13,0.53045,0.38341,0.42785,2.5797,0.40874,0.23618,0.26027,1.862,0.22997,0.13801,0.18121,1.2132,0.22899,0.15201,0.15801,1.117,0.1645,0.10169,0.12325,0.78144,0.10882,0.073353,0.1099,0.69728,0.10035,0.065917,0.083162,0.64636,0.075299,0.045622,0.03675,0.14709,0.027439,0.024116,0.02288,0.028418,0.020768,0.020049,0.019181,0.018785,0.01823,0.017813,0.017426,0.017197,0.016768,0.016471,0.016222,0.015995,0.015781,0.015589,0.01542,0.015232,0.01509,0.014963,0.01484,0.014825,0.014702,0.014635,0.014564,0.01472,0.014452,0.014421,0.014427
2.8884e-13,0.51361,0.34572,0.39406,2.569,0.38935,0.20496,0.24278,1.5936,0.21104,0.11407,0.13696,1.012,0.17813,0.11315,0.11607,0.88434,0.10153,0.08247,0.10192,0.63735,0.087823,0.063672,0.083419,0.50362,0.070835,0.056264,0.06573,0.52725,0.061168,0.041904,0.032967,0.12348,0.021851,0.019834,0.018861,0.024583,0.017458,0.016512,0.016037,0.015682,0.015211,0.014877,0.014552,0.014259,0.014032,0.013816,0.013601,0.013483,0.013236,0.013086,0.012946,0.012942,0.012682,0.012578,0.012482,0.01252,0.012366,0.012296,0.012242,0.012441,0.012172,0.012142,0.012117
3.4385e-13,0.58699,0.38753,0.45426,3.0346,0.36717,0.22221,0.27915,2.0992,0.24559,0.15832,0.19697,1.6417,0.26024,0.14738,0.17638,1.7048,0.17457,0.13533,0.15022,1.193,0.16147,0.11108,0.16651,1.0871,0.16004,0.1205,0.14256,0.93386,0.1369,0.069789,0.060294,0.19053,0.036613,0.032717,0.030843,0.040462,0.028207,0.02668,0.025663,0.024902,0.024064,0.023452,0.022896,0.022339,0.021909,0.021504,0.021111,0.020789,0.020478,0.020193,0.019939,0.01962,0.019487,0.019301,0.019116,0.019047,0.018892,0.018775,0.018688,0.019198,0.018558,0.01853,0.018472
2.3274e-13,0.50999,0.29942,0.42988,2.4565,0.39695,0.25576,0.27576,1.8874,0.27468,0.19523,0.246,1.963,0.24084,0.15785,0.20347,1.9703,0.24415,0.16273,0.22489,1.7753,0.22097,0.17041,0.22915,1.7033,0.21305,0.14368,0.18138,1.2334,0.16982,0.099178,0.066968,0.20697,0.044813,0.03752,0.034345,0.050648,0.02838,0.026615,0.025004,0.023741,0.022891,0.022058,0.02132,0.020819,0.020189,0.019688,0.019257,0.018896,0.018465,0.018177,0.017901,0.017774,0.017417,0.017198,0.016999,0.017001,0.016724,0.016608,0.016465,0.016578,0.016363,0.016291,0.016301
2.5284e-13,0.63381,0.3679,0.51646,3.2875,0.51869,0.39292,0.38412,2.5786,0.47,0.40618,0.55036,4.4346,0.56305,0.37443,0.49672,4.9806,0.60767,0.37471,0.55384,4.3726,0.56487,0.4415,0.56961,4.119,0.58006,0.36926,0.4683,3.0995,0.41989,0.24012,0.15502,0.53181,0.10569,0.086305,0.078669,0.12241,0.066777,0.062974,0.059812,0.056585,0.054322,0.052407,0.050691,0.049631,0.047936,0.046757,0.045687,0.044649,0.043752,0.043109,0.042413,0.04153,0.041185,0.040656,0.040203,0.0398,0.039526,0.039222,0.038901,0.038768,0.038618,0.038474,0.038418
4.0027e-13,1.6525,0.68377,0.78747,12.213,0.42882,0.28767,0.38131,4.2325,0.27221,0.2102,0.26279,2.1739,0.28182,0.16726,0.21988,2.202,0.20899,0.15502,0.18313,1.2628,0.17286,0.11586,0.1471,1.1469,0.14177,0.095279,0.11685,0.90892,0.10709,0.078111,0.057966,0.20866,0.045854,0.043185,0.041223,0.046398,0.038287,0.037336,0.036451,0.035547,0.034736,0.034038,0.033408,0.032916,0.032323,0.031831,0.03141,0.031115,0.030637,0.03029,0.029998,0.029651,0.02944,0.02922,0.029023,0.028882,0.028643,0.028509,0.028314,0.02869,0.028304,0.028225,0.028188
3.0132e-13,0.63392,0.33406,0.50785,3.267,0.32814,0.22343,0.21956,1.7207,0.22913,0.15805,0.1911,1.4965,0.20978,0.14663,0.19954,1.3616,0.17037,0.1133,0.15725,1.2143,0.16301,0.098028,0.13159,1.0367,0.13874,0.090136,0.13296,0.86913,0.10842,0.069482,0.052666,0.16153,0.036353,0.032044,0.030273,0.040368,0.027126,0.025084,0.024441,0.023596,0.02297,0.022333,0.021812,0.021339,0.020869,0.020472,0.020109,0.019826,0.019469,0.019214,0.018956,0.018801,0.018552,0.018364,0.018203,0.018054,0.017965,0.017862,0.017745,0.018168,0.017607,0.017556,0.017534
2.5797e-13,0.55789,0.37962,0.47103,3.0436,0.36103,0.23246,0.27466,1.6182,0.27642,0.22516,0.29154,1.9849,0.27475,0.18698,0.26763,2.3196,0.30339,0.17933,0.28877,1.9642,0.27711,0.20539,0.26102,1.772,0.27973,0.16409,0.20481,1.5624,0.18576,0.10113,0.074705,0.25376,0.048875,0.040226,0.037328,0.063114,0.03201,0.029998,0.028868,0.027484,0.02625,0.025393,0.024587,0.024146,0.023303,0.022739,0.022239,0.021813,0.021367,0.02103,0.020694,0.020372,0.020098,0.019861,0.019674,0.019485,0.019316,0.01917,0.019021,0.019194,0.018876,0.018809,0.018775
2.1128e-13,0.48848,0.36672,0.45138,2.679,0.32283,0.19428,0.18651,1.2998,0.17202,0.14092,0.14706,1.0829,0.15289,0.097666,0.13296,0.94307,0.12296,0.08079,0.10803,0.84747,0.10424,0.074025,0.10175,0.6962,0.10075,0.070001,0.08807,0.66417,0.076155,0.048743,0.034818,0.12202,0.026073,0.023641,0.022696,0.027388,0.020265,0.019499,0.018878,0.018347,0.01778,0.017344,0.016949,0.016643,0.016288,0.01599,0.015738,0.015405,0.015287,0.015094,0.014913,0.014627,0.0146,0.014465,0.014345,0.014173,0.014187,0.014102,0.014003,0.014518,0.013926,0.013896,0.013885
2.5433e-13,0.44549,0.3023,0.35054,2.234,0.27944,0.15903,0.1658,1.1362,0.14797,0.095007,0.11866,0.98064,0.154,0.093805,0.099598,0.95285,0.11255,0.077113,0.10011,0.77885,0.098016,0.078371,0.10391,0.67085,0.09179,0.071507,0.086518,0.50359,0.075572,0.043561,0.031711,0.13137,0.023907,0.021149,0.019986,0.026649,0.018168,0.017591,0.01681,0.016221,0.015849,0.015484,0.015124,0.014871,0.014544,0.014295,0.014061,0.01385,0.013654,0.013492,0.013334,0.013118,0.013048,0.012935,0.012824,0.012845,0.01268,0.012609,0.012528,0.012708,0.012492,0.012473,0.012446
2.0273e-13,0.51927,0.3267,0.42028,2.7232,0.25556,0.14734,0.16127,1.3094,0.11854,0.098765,0.10665,0.87347,0.1468,0.096323,0.087924,0.72534,0.10053,0.063826,0.085314,0.66048,0.086225,0.066003,0.07845,0.50642,0.072026,0.053827,0.059563,0.48794,0.057629,0.037276,0.027788,0.12833,0.020531,0.018539,0.017491,0.022259,0.016077,0.015513,0.015145,0.014664,0.014331,0.014021,0.013744,0.013488,0.013243,0.013033,0.012848,0.012651,0.012512,0.012376,0.012248,0.012177,0.012012,0.011918,0.011847,0.011882,0.011714,0.011651,0.011608,0.01191,0.011504,0.011479,0.01148
2.8539e-13,0.72373,0.43533,0.49581,4.0418,0.32655,0.18035,0.18417,1.7501,0.17973,0.13522,0.1453,1.1061,0.20979,0.13077,0.12973,0.95615,0.11879,0.083618,0.1156,0.81057,0.11609,0.086764,0.10597,0.74975,0.10051,0.065459,0.082153,0.59556,0.072632,0.051726,0.037383,0.19333,0.03179,0.028372,0.026931,0.032725,0.024179,0.023407,0.022767,0.022034,0.021475,0.020991,0.020544,0.020204,0.019789,0.01946,0.019156,0.018902,0.018623,0.018407,0.018207,0.017973,0.017849,0.017689,0.017551,0.017501,0.017361,0.017259,0.017181,0.017567,0.017037,0.016994,0.017002
2.8345e-13,0.95477,0.44325,0.56365,5.5591,0.38359,0.20204,0.19473,1.9507,0.17922,0.12419,0.1444,1.1306,0.16086,0.10743,0.1383,1.0282,0.12685,0.088068,0.10428,0.89412,0.11216,0.08529,0.10273,0.77177,0.10727,0.065633,0.085539,0.60438,0.080694,0.05382,0.042563,0.11375,0.036466,0.032607,0.03113,0.037085,0.028443,0.027722,0.026875,0.026102,0.025513,0.024992,0.024503,0.024159,0.023676,0.023313,0.02297,0.022644,0.022379,0.022143,0.021917,0.02178,0.021503,0.021328,0.021169,0.02101,0.020942,0.020823,0.020712,0.020742,0.020708,0.020622,0.020613
3.5622e-13,1.1978,0.50797,0.87513,6.7829,0.48045,0.28162,0.24812,2.4952,0.242,0.16784,0.18689,1.5902,0.20137,0.12388,0.17686,1.5485,0.17018,0.10421,0.14536,1.0798,0.15483,0.10486,0.13195,0.90752,0.14514,0.096784,0.11862,0.72154,0.10313,0.066074,0.055188,0.14581,0.04762,0.043627,0.041406,0.051819,0.038627,0.037091,0.036108,0.035042,0.034272,0.03358,0.032911,0.03245,0.031801,0.031319,0.03086,0.030568,0.030071,0.029745,0.029435,0.029076,0.028886,0.028656,0.028457,0.028173,0.02812,0.02797,0.027789,0.027761,0.027828,0.027698,0.027688
4.9967e-13,1.0395,0.59591,0.97814,6.0056,0.48875,0.31295,0.35293,3.2036,0.34496,0.21567,0.29013,1.8508,0.27321,0.15369,0.20191,1.8219,0.23779,0.14292,0.19852,1.5064,0.17047,0.13402,0.17992,1.0553,0.1641,0.11101,0.12613,1.0678,0.11633,0.072539,0.057198,0.17513,0.048032,0.043912,0.041686,0.0504,0.038519,0.036963,0.035771,0.034673,0.033837,0.033098,0.032412,0.031691,0.031208,0.030674,0.030191,0.029849,0.0294,0.029046,0.028716,0.028436,0.02811,0.027896,0.027686,0.027299,0.027338,0.027204,0.02702,0.026673,0.026994,0.026872,0.026872
3.7733e-13,1.0797,0.54239,1.0584,6.6304,0.5353,0.30316,0.27838,2.5432,0.23363,0.1712,0.19516,1.8459,0.22466,0.13025,0.14932,1.5421,0.1339,0.099031,0.1271,0.82828,0.1247,0.088752,0.088238,0.69111,0.096347,0.076448,0.085654,0.56031,0.072032,0.055987,0.044002,0.18448,0.03923,0.037289,0.036235,0.038588,0.034296,0.033263,0.032591,0.031851,0.031305,0.030764,0.030264,0.029884,0.02937,0.028984,0.028619,0.028345,0.02798,0.027701,0.027444,0.027257,0.026975,0.026787,0.026604,0.026401,0.026322,0.026214,0.026091,0.026493,0.02605,0.025947,0.025873
2.7417e-13,0.70123,0.44206,0.69114,5.5768,0.3639,0.19346,0.21476,2.3647,0.16646,0.12623,0.1392,1.2625,0.18718,0.10457,0.11594,1.4415,0.10245,0.069435,0.082183,0.71313,0.07634,0.062676,0.067753,0.54353,0.071643,0.052963,0.059799,0.4425,0.055757,0.036651,0.031654,0.19124,0.024835,0.024026,0.023251,0.025891,0.021633,0.021015,0.020569,0.02014,0.019785,0.019435,0.019105,0.018845,0.018545,0.018297,0.018057,0.01787,0.017641,0.017472,0.017307,0.017136,0.017014,0.01689,0.016784,0.01666,0.016607,0.016542,0.016487,0.016793,0.016351,0.016315,0.016296
3.4727e-13,1.306,0.63089,0.94138,8.6143,0.43979,0.26242,0.24704,2.8727,0.22496,0.18249,0.20373,1.7565,0.20414,0.12532,0.14066,2.4044,0.12102,0.089776,0.10703,0.84749,0.09284,0.066085,0.078787,0.61445,0.072747,0.057042,0.074127,0.44178,0.056682,0.043965,0.040478,0.1754,0.037113,0.035256,0.034283,0.036592,0.032847,0.032368,0.031618,0.031094,0.030527,0.030047,0.029605,0.02922,0.028825,0.02847,0.028146,0.027867,0.02755,0.027309,0.027061,0.026839,0.026669,0.026491,0.026319,0.026293,0.026056,0.025963,0.025748,0.025903,0.02583,0.025743,0.025731
