9.5389e-14,0.42189,0.21617,0.23832,1.554,0.24168,0.1679,0.20694,1.7182,0.22155,0.14698,0.20063,1.55,0.26792,0.16484,0.23795,1.4675,0.1943,0.1422,0.21166,1.6511,0.17202,0.10579,0.15853,1.3676,0.1561,0.10174,0.15016,1.0352,0.12142,0.070184,0.051694,0.14539,0.028716,0.024428,0.022224,0.032968,0.020185,0.018152,0.017456,0.016534,0.015831,0.015275,0.014764,0.014447,0.013943,0.013603,0.013289,0.01303,0.012796,0.012539,0.012339,0.012306,0.011981,0.01183,0.011689,0.011657,0.011488,0.011398,0.011339,0.011702,0.011213,0.011179,0.011164
2.0153e-13,0.43933,0.26732,0.26642,1.9604,0.30404,0.22447,0.3136,2.2182,0.28389,0.2271,0.26142,2.2202,0.35826,0.22151,0.27162,2.09,0.26783,0.16976,0.23911,1.97,0.21987,0.14484,0.19136,1.6406,0.16639,0.11497,0.17301,1.1901,0.15585,0.083918,0.060787,0.18202,0.03658,0.031648,0.029195,0.046409,0.02622,0.024151,0.022763,0.021849,0.0211,0.020374,0.019735,0.019117,0.018654,0.018201,0.017775,0.017524,0.017112,0.016802,0.016527,0.01639,0.016039,0.015851,0.015676,0.015473,0.015419,0.015292,0.015175,0.015482,0.015072,0.015015,0.014998
2.1537e-13,0.44687,0.25058,0.24183,1.6825,0.21345,0.1491,0.19769,1.6525,0.19156,0.14955,0.17302,1.515,0.30135,0.16516,0.2128,1.287,0.18811,0.12394,0.19721,1.4622,0.15541,0.092206,0.14292,1.1089,0.13683,0.090749,0.14305,0.94405,0.11531,0.067016,0.046338,0.15219,0.026329,0.022289,0.020383,0.030829,0.018209,0.016535,0.016063,0.015158,0.014492,0.013959,0.013492,0.01308,0.012706,0.012392,0.012094,0.011871,0.011589,0.011371,0.011182,0.010959,0.010825,0.010677,0.010543,0.010532,0.010343,0.010254,0.010172,0.010271,0.010045,0.010007,0.0099795
1.5832e-13,0.4006,0.23605,0.22028,1.3311,0.16632,0.10335,0.14919,1.2035,0.12791,0.094405,0.11825,0.85511,0.20136,0.11699,0.11744,0.81973,0.11034,0.067652,0.090643,0.73646,0.079196,0.050061,0.075187,0.55071,0.064234,0.045275,0.062696,0.4923,0.047397,0.032252,0.024525,0.094744,0.015675,0.014024,0.013069,0.018262,0.01185,0.011292,0.010807,0.010421,0.010098,0.0098177,0.0095594,0.0093269,0.0091221,0.0089385,0.0087637,0.0086421,0.0084719,0.0083487,0.008239,0.0081129,0.0080284,0.0079472,0.0078837,0.0078296,0.0077699,0.0077189,0.0076718,0.0078108,0.0076098,0.0075796,0.0075647
2.1804e-13,0.44144,0.25325,0.24711,1.7461,0.24219,0.17827,0.27045,1.8965,0.23668,0.18219,0.20169,1.7159,0.35375,0.20509,0.22606,1.3702,0.21086,0.12311,0.1983,1.4343,0.16877,0.10962,0.15319,1.0769,0.13001,0.093519,0.13218,0.94003,0.11982,0.068183,0.045116,0.16962,0.028053,0.023798,0.022156,0.033184,0.01997,0.018321,0.01771,0.016805,0.016075,0.015509,0.015009,0.014574,0.014159,0.01381,0.013493,0.013374,0.01294,0.012711,0.012497,0.012414,0.012113,0.011959,0.011817,0.011843,0.011617,0.01152,0.01143,0.011484,0.011281,0.011242,0.011227
2.692e-13,0.59828,0.30717,0.35568,2.6763,0.39864,0.3025,0.44718,2.9036,0.42426,0.32375,0.36637,3.0805,0.44564,0.3237,0.38951,2.8388,0.37369,0.22713,0.35604,2.6654,0.29089,0.20039,0.28236,2.0604,0.22695,0.16994,0.22803,1.6262,0.21105,0.11203,0.081755,0.21218,0.049917,0.043789,0.040286,0.06183,0.036293,0.033618,0.031802,0.030271,0.029427,0.028432,0.027586,0.026611,0.02602,0.025411,0.024803,0.024512,0.023869,0.023453,0.023056,0.022848,0.022395,0.022126,0.021882,0.021605,0.021542,0.021368,0.02123,0.021247,0.02101,0.020935,0.020917
2.6375e-13,0.57695,0.29685,0.35532,2.5929,0.37122,0.25191,0.33899,2.6039,0.35623,0.26437,0.34359,2.3566,0.35899,0.24397,0.35878,2.6657,0.32613,0.22709,0.34742,2.7462,0.25036,0.17872,0.24758,1.8872,0.24029,0.16818,0.21638,1.6441,0.189,0.10738,0.081182,0.20528,0.048681,0.042316,0.038607,0.056959,0.034238,0.031392,0.030109,0.028391,0.027438,0.026498,0.025652,0.0248,0.024167,0.023539,0.022972,0.022534,0.022134,0.021682,0.021323,0.021046,0.020649,0.020409,0.020172,0.019861,0.019797,0.019638,0.019495,0.019431,0.019299,0.019241,0.019195
2.5753e-13,0.53179,0.2702,0.32944,2.3795,0.30696,0.20985,0.27423,2.4847,0.29387,0.20943,0.28337,2.3099,0.31789,0.21239,0.32583,2.1862,0.26832,0.19766,0.29542,2.1371,0.22805,0.14646,0.20325,1.7139,0.17346,0.13633,0.1821,1.319,0.14212,0.084507,0.059239,0.1703,0.038161,0.032777,0.029867,0.045837,0.027359,0.024914,0.023687,0.022278,0.021551,0.020821,0.020158,0.019451,0.018969,0.01848,0.018059,0.017677,0.017371,0.017009,0.016724,0.016677,0.016194,0.015999,0.015809,0.015624,0.015512,0.015384,0.015293,0.015656,0.015142,0.01508,0.015064
2.2267e-13,0.54897,0.29563,0.3657,2.754,0.36846,0.27135,0.38195,2.4909,0.35782,0.26252,0.31928,2.689,0.34848,0.27841,0.31268,2.5555,0.32363,0.19485,0.27566,2.2581,0.24799,0.17673,0.23746,1.8619,0.19085,0.1364,0.18965,1.3473,0.15066,0.088549,0.065758,0.18064,0.042461,0.036892,0.033998,0.048359,0.030514,0.02863,0.027117,0.026031,0.0252,0.024387,0.023687,0.022943,0.022443,0.021957,0.021491,0.021225,0.020718,0.020403,0.020085,0.019914,0.019564,0.019349,0.019135,0.019225,0.018877,0.018737,0.018649,0.018679,0.018453,0.018403,0.018387
1.7005e-13,0.37054,0.22227,0.22683,1.8238,0.22442,0.17269,0.22929,1.5472,0.19308,0.13155,0.16726,1.3523,0.23413,0.15616,0.1652,1.2469,0.16187,0.096872,0.14518,1.0572,0.12619,0.094245,0.12231,0.91128,0.095507,0.074219,0.10929,0.67415,0.07884,0.047402,0.036475,0.11654,0.024617,0.020836,0.020026,0.028789,0.017511,0.01681,0.016264,0.015641,0.015224,0.014801,0.014431,0.014122,0.01381,0.013543,0.013289,0.013106,0.012868,0.012688,0.012516,0.012348,0.012216,0.012098,0.011975,0.011906,0.01183,0.011749,0.0117,0.011853,0.011586,0.011566,0.011542
1.3987e-13,0.32556,0.18848,0.18412,1.3931,0.17127,0.11312,0.1483,1.1593,0.13276,0.089792,0.10047,0.77463,0.18319,0.10969,0.10887,0.70699,0.091053,0.057524,0.072506,0.62778,0.072038,0.050659,0.071159,0.48022,0.055176,0.040678,0.055257,0.38519,0.046528,0.025772,0.021137,0.096986,0.014901,0.012902,0.011905,0.016901,0.011359,0.010708,0.010245,0.010001,0.0096866,0.0094482,0.0092242,0.0089977,0.0088483,0.0086884,0.0085383,0.0084336,0.0083033,0.0081896,0.0080878,0.0080075,0.0079306,0.0078554,0.0077922,0.007729,0.0077071,0.0076671,0.0076579,0.0076432,0.007536,0.0075286,0.0075138
1.8039e-13,0.35063,0.20524,0.24139,1.6134,0.18748,0.1128,0.15328,1.1166,0.13088,0.09043,0.10404,0.73209,0.15042,0.081719,0.087246,0.6467,0.089405,0.052603,0.06253,0.49167,0.065367,0.045466,0.066428,0.41793,0.052742,0.038228,0.049122,0.34967,0.043201,0.024924,0.020521,0.088407,0.01489,0.013355,0.012796,0.017438,0.011593,0.0111,0.010683,0.010403,0.010146,0.0099181,0.0097064,0.0095617,0.0093374,0.0091784,0.009026,0.0088938,0.0087785,0.0086692,0.0085691,0.008514,0.0083982,0.0083238,0.008259,0.0082491,0.0081517,0.0081111,0.0080689,0.0082395,0.008002,0.0079844,0.0079644
1.7779e-13,0.38971,0.24839,0.28505,2.1806,0.22311,0.16041,0.18737,1.3596,0.16472,0.098496,0.12187,0.92263,0.1243,0.094786,0.10362,0.82806,0.095539,0.06823,0.083863,0.66749,0.080874,0.059284,0.071571,0.51836,0.06655,0.042703,0.060074,0.44634,0.052361,0.030456,0.024536,0.074329,0.017109,0.015309,0.014547,0.019557,0.013426,0.012807,0.012282,0.011966,0.011619,0.011327,0.011074,0.010876,0.010629,0.010446,0.010271,0.010111,0.0099733,0.0098554,0.0097362,0.0097163,0.0095229,0.0094438,0.0093724,0.0092994,0.0092497,0.0091954,0.0091525,0.0091891,0.009092,0.0090794,0.0090649
2.1227e-13,0.43335,0.23389,0.3368,2.2768,0.2984,0.18945,0.24362,1.6824,0.23155,0.14393,0.21029,1.537,0.2136,0.15901,0.19096,1.4376,0.17496,0.10848,0.14654,1.3205,0.15181,0.10992,0.13851,1.0734,0.12265,0.074798,0.10845,0.76598,0.089357,0.054102,0.039859,0.11878,0.027126,0.022735,0.02155,0.031257,0.01911,0.017765,0.01687,0.016221,0.015757,0.01529,0.014873,0.014631,0.014183,0.013894,0.01362,0.013382,0.013181,0.012975,0.01279,0.012475,0.012471,0.012347,0.012234,0.012168,0.012065,0.011981,0.011924,0.012233,0.01181,0.011793,0.011771
2.9397e-13,0.75521,0.43817,0.45565,4.6967,0.41655,0.25205,0.32356,3.0098,0.28197,0.21331,0.29796,2.4218,0.30483,0.20793,0.28644,2.1677,0.23045,0.1891,0.27465,1.8185,0.24856,0.15806,0.23478,1.5871,0.20992,0.14217,0.1798,1.4979,0.17379,0.095538,0.070514,0.21751,0.048039,0.041494,0.038459,0.057199,0.035059,0.032878,0.03121,0.030068,0.029085,0.028199,0.027409,0.026951,0.026143,0.025581,0.02508,0.024587,0.024265,0.023879,0.023543,0.023324,0.022986,0.022748,0.02254,0.022304,0.022176,0.022024,0.021861,0.022174,0.021829,0.021757,0.021701
3.4639e-13,0.77123,0.43307,0.50023,3.35,0.45572,0.29111,0.36263,2.7855,0.32041,0.21567,0.31253,2.0174,0.28153,0.19032,0.27642,2.0487,0.23382,0.16837,0.24329,1.7894,0.21204,0.13584,0.16029,1.3677,0.17806,0.11328,0.14841,0.97108,0.12817,0.076176,0.058431,0.14317,0.040653,0.037287,0.035371,0.042793,0.032258,0.030522,0.029749,0.028654,0.027883,0.027139,0.026443,0.025905,0.025318,0.024855,0.024381,0.024001,0.023665,0.023322,0.023017,0.022823,0.02248,0.022272,0.022063,0.021948,0.021786,0.021643,0.02155,0.021831,0.021359,0.021315,0.021275
2.7367e-13,0.52617,0.30342,0.34893,2.5633,0.31275,0.20264,0.24859,1.662,0.22641,0.13962,0.19796,1.3588,0.18373,0.12818,0.16583,1.1173,0.14778,0.090723,0.13314,1.0121,0.12554,0.076763,0.10007,0.82211,0.093959,0.067634,0.087805,0.5716,0.071817,0.041826,0.037531,0.10552,0.023654,0.021064,0.019637,0.02819,0.01791,0.017064,0.016412,0.015904,0.015448,0.015043,0.014682,0.01435,0.014065,0.013802,0.01356,0.013375,0.01316,0.012979,0.012818,0.01265,0.012526,0.012414,0.012312,0.012165,0.012157,0.01208,0.01203,0.012283,0.011906,0.011873,0.011856
2.3682e-13,0.46579,0.27421,0.3156,2.6004,0.28569,0.16709,0.19826,1.4363,0.17166,0.10478,0.14697,1.0063,0.10874,0.077971,0.10426,0.81364,0.097751,0.062351,0.077451,0.68051,0.077224,0.059594,0.063598,0.57337,0.067971,0.041864,0.060666,0.45172,0.052534,0.031853,0.026303,0.068545,0.017855,0.015736,0.014891,0.019686,0.013798,0.013251,0.012791,0.01241,0.012045,0.011755,0.011495,0.01128,0.011038,0.010849,0.010673,0.010502,0.010366,0.010234,0.010104,0.010016,0.0099026,0.0098086,0.0097297,0.0097118,0.009605,0.0095501,0.009486,0.009869,0.0094455,0.0094216,0.0094158
1.6302e-13,0.3643,0.20645,0.2531,1.7978,0.2053,0.11786,0.13936,1.1118,0.11261,0.076604,0.097946,0.64514,0.18219,0.093363,0.07679,0.49829,0.066922,0.043579,0.058016,0.39615,0.059227,0.039801,0.053165,0.38568,0.049856,0.031309,0.0409,0.28375,0.036284,0.021553,0.021156,0.12334,0.013701,0.012448,0.01202,0.015352,0.010744,0.010506,0.010124,0.0098545,0.0096116,0.0094003,0.0092034,0.0090591,0.0088587,0.0087074,0.0085714,0.0084409,0.00834,0.0082306,0.0081314,0.0080668,0.0079751,0.0079032,0.0078395,0.0077989,0.0077425,0.0076909,0.0076183,0.0077751,0.0076487,0.007624,0.0075989
2.7032e-13,0.58537,0.31032,0.31394,3.9421,0.26152,0.17121,0.18329,1.47,0.14417,0.11006,0.12846,0.99652,0.19341,0.11141,0.094981,0.83821,0.084982,0.059755,0.07801,0.65135,0.074653,0.055871,0.061858,0.46247,0.062062,0.045024,0.057112,0.39062,0.045241,0.028187,0.023227,0.13787,0.018326,0.016616,0.015864,0.021517,0.015243,0.014535,0.014154,0.013794,0.013547,0.013286,0.013045,0.012831,0.012638,0.012452,0.012289,0.012127,0.011997,0.011866,0.011739,0.01155,0.011544,0.011451,0.011367,0.0113,0.01125,0.011195,0.0111,0.011499,0.011125,0.011084,0.011068
2.75e-13,0.66244,0.32217,0.32694,4.0789,0.27487,0.16967,0.19069,1.3862,0.15358,0.10574,0.12411,0.9501,0.10517,0.073341,0.095607,0.90981,0.089871,0.059514,0.084727,0.66002,0.071299,0.052892,0.070464,0.47967,0.063699,0.044021,0.058245,0.36249,0.050105,0.032406,0.026445,0.0633,0.020181,0.018433,0.017518,0.020967,0.016914,0.016001,0.015637,0.015248,0.014951,0.014648,0.014381,0.014152,0.013919,0.013711,0.013526,0.013352,0.013217,0.013067,0.012935,0.012768,0.012714,0.012616,0.012529,0.012428,0.012388,0.012323,0.01221,0.012325,0.012252,0.012216,0.012201
3.1718e-13,0.72432,0.30635,0.36296,3.7739,0.26305,0.16781,0.18057,1.7272,0.15821,0.10743,0.12479,0.94476,0.1228,0.08992,0.098624,0.91134,0.098046,0.066234,0.086528,0.6898,0.085167,0.057616,0.075058,0.52321,0.068498,0.048037,0.059501,0.41833,0.050215,0.031458,0.025245,0.072724,0.019138,0.017415,0.01657,0.020214,0.015437,0.014864,0.014541,0.014145,0.013865,0.013567,0.013309,0.013083,0.012861,0.012671,0.012485,0.012304,0.012176,0.012045,0.011921,0.011779,0.011707,0.011619,0.011535,0.01139,0.011404,0.011345,0.011264,0.011355,0.011243,0.011221,0.011209
2.7877e-13,0.71805,0.29791,0.40019,4.1084,0.35377,0.21727,0.25213,2.612,0.19976,0.15355,0.19794,1.6956,0.20368,0.13147,0.18996,1.5276,0.17294,0.11481,0.17373,1.2329,0.15212,0.096441,0.1306,1.0059,0.11608,0.076132,0.12244,0.77542,0.098625,0.056413,0.038031,0.11288,0.031916,0.028511,0.027089,0.033342,0.02467,0.02323,0.022453,0.021589,0.021023,0.020474,0.019962,0.019626,0.019106,0.01874,0.018398,0.018103,0.01785,0.017592,0.017362,0.01712,0.016969,0.016811,0.016647,0.016527,0.016457,0.016352,0.016265,0.016269,0.016127,0.016097,0.016064
2.8404e-13,0.65522,0.32656,0.41688,4.527,0.40721,0.27902,0.3465,2.7826,0.31459,0.2283,0.29437,2.5263,0.30819,0.18738,0.2912,2.1964,0.26941,0.18641,0.27501,1.8598,0.22866,0.13574,0.23221,1.7141,0.18991,0.13794,0.1979,1.288,0.15847,0.081889,0.060953,0.1896,0.041322,0.035348,0.032473,0.049702,0.029535,0.027211,0.025679,0.024856,0.023948,0.02316,0.022478,0.022052,0.021345,0.020834,0.020423,0.020066,0.019655,0.019348,0.019059,0.019086,0.018522,0.018322,0.018136,0.017987,0.017836,0.017703,0.017588,0.017762,0.01742,0.017364,0.017333
3.0533e-13,0.86579,0.30489,0.3969,4.9844,0.29833,0.18891,0.20982,1.7518,0.17547,0.12831,0.16865,1.1799,0.14723,0.099601,0.13768,1.2238,0.11638,0.094114,0.11312,0.89112,0.1226,0.077554,0.10537,0.76978,0.10613,0.074493,0.09669,0.66734,0.080351,0.04735,0.037268,0.10169,0.026501,0.024138,0.023027,0.029419,0.021567,0.02022,0.019589,0.018977,0.018539,0.01808,0.017677,0.017389,0.01702,0.016722,0.016454,0.016291,0.015983,0.015786,0.015597,0.015566,0.015282,0.015147,0.015007,0.014877,0.014858,0.014771,0.014677,0.014756,0.014569,0.014538,0.014536
2.185e-13,0.76433,0.35858,0.37083,4.4682,0.25959,0.16073,0.16917,1.7141,0.16584,0.10741,0.11912,1.0777,0.14464,0.083267,0.10452,1.0274,0.090878,0.067913,0.078168,0.78542,0.079458,0.064585,0.077761,0.51894,0.067292,0.050498,0.064737,0.41385,0.057009,0.037025,0.031033,0.088544,0.025291,0.023231,0.022159,0.024642,0.021174,0.020078,0.019651,0.019142,0.018714,0.018328,0.017988,0.017713,0.017394,0.017136,0.016887,0.016661,0.016488,0.016297,0.016132,0.016002,0.015849,0.015721,0.015598,0.015475,0.015455,0.015373,0.015265,0.015355,0.015231,0.015186,0.015181
2.713e-13,0.59454,0.32779,0.37171,3.4229,0.2808,0.17341,0.18484,2.5469,0.15925,0.12484,0.14359,1.2506,0.18027,0.098573,0.12534,1.2361,0.10956,0.086146,0.12502,0.99124,0.12255,0.076721,0.098847,0.65585,0.097643,0.06998,0.090793,0.68656,0.081919,0.040856,0.037068,0.11884,0.023161,0.02071,0.019746,0.026774,0.018386,0.017413,0.01703,0.016396,0.016096,0.015718,0.015364,0.015112,0.014805,0.014562,0.01433,0.014141,0.013934,0.013761,0.013596,0.013512,0.01333,0.013215,0.013101,0.012958,0.012954,0.012882,0.012819,0.013073,0.012727,0.012693,0.012666
2.7312e-13,0.94536,0.51943,0.50681,6.462,0.43958,0.27793,0.32735,3.6081,0.305,0.22382,0.30254,2.2828,0.2895,0.19845,0.31734,2.2822,0.26257,0.20818,0.25503,1.9726,0.23232,0.16734,0.22717,1.4695,0.19043,0.13414,0.1894,1.3592,0.16337,0.09444,0.069212,0.1949,0.047665,0.041962,0.039606,0.055762,0.036912,0.034962,0.033483,0.032338,0.031704,0.030934,0.030241,0.029815,0.029108,0.028605,0.028143,0.027742,0.027388,0.027041,0.026725,0.026403,0.026183,0.025977,0.025784,0.02549,0.025434,0.025284,0.025114,0.025463,0.025088,0.025012,0.024964
2.55e-13,0.82316,0.44193,0.44947,6.1733,0.32323,0.20984,0.19938,3.6027,0.17896,0.11597,0.14405,1.338,0.1671,0.11052,0.14131,1.4947,0.12011,0.09295,0.12451,0.93861,0.11304,0.070646,0.10924,0.69026,0.094043,0.075154,0.092938,0.63422,0.079397,0.0452,0.041463,0.11579,0.030807,0.028515,0.027423,0.031599,0.025589,0.024809,0.023995,0.02338,0.023027,0.022571,0.022163,0.021861,0.021473,0.021156,0.020871,0.020635,0.020378,0.020164,0.019955,0.019693,0.019631,0.019485,0.019339,0.019291,0.01914,0.019041,0.018954,0.01948,0.018918,0.01886,0.018842
1.738e-13,0.52107,0.29768,0.38962,5.32,0.26076,0.13452,0.1572,2.6402,0.1405,0.098465,0.12253,1.1419,0.17146,0.099714,0.10066,1.2556,0.094759,0.06556,0.092798,0.80989,0.082383,0.064864,0.081687,0.57705,0.069135,0.049086,0.059755,0.49428,0.060928,0.035717,0.029043,0.10374,0.021077,0.01877,0.017637,0.02199,0.016456,0.015761,0.015236,0.014785,0.014417,0.014073,0.013778,0.013578,0.013263,0.013042,0.012833,0.012671,0.012483,0.012331,0.012184,0.012044,0.01196,0.011851,0.011755,0.011672,0.011621,0.011563,0.011504,0.011644,0.011439,0.011399,0.011393
1.9287e-13,0.38806,0.2422,0.28988,3.4755,0.21929,0.13207,0.13793,1.4267,0.11327,0.075743,0.087985,0.82423,0.17959,0.099544,0.07131,0.69692,0.061661,0.04795,0.057897,0.47755,0.056428,0.044316,0.054554,0.38201,0.048423,0.035082,0.045161,0.31757,0.040147,0.021947,0.017274,0.11166,0.012796,0.011647,0.011086,0.015402,0.010477,0.009922,0.0096698,0.0093915,0.0091903,0.0090018,0.008826,0.0086697,0.0085224,0.0083864,0.0082703,0.0081408,0.0080546,0.0079614,0.0078718,0.0077738,0.0077321,0.0076682,0.0076106,0.0075825,0.00752,0.0074827,0.0074429,0.0075981,0.0074214,0.0073985,0.0073863
2.2254e-13,0.3872,0.20538,0.26224,1.5814,0.20906,0.1335,0.15999,1.257,0.13586,0.084922,0.11288,0.70498,0.15368,0.07907,0.06979,0.54566,0.065205,0.046158,0.063767,0.47788,0.06256,0.042178,0.056548,0.38996,0.054743,0.03397,0.043006,0.326,0.04263,0.021838,0.019453,0.093246,0.014526,0.013275,0.012527,0.016444,0.011811,0.011231,0.010912,0.010614,0.010347,0.01011,0.0099048,0.0097323,0.0095411,0.0093877,0.0092399,0.0090853,0.0089942,0.0088825,0.0087836,0.0086981,0.0086101,0.0085345,0.0084622,0.0084977,0.0083798,0.0083318,0.0082785,0.0085105,0.0082494,0.0082255,0.0082094
1.8819e-13,0.44604,0.23655,0.2535,1.6502,0.2284,0.16053,0.23388,1.6282,0.2139,0.15246,0.23228,1.4487,0.25256,0.16715,0.21352,1.551,0.18804,0.13682,0.20779,1.5574,0.16493,0.1159,0.15641,1.3187,0.16245,0.094382,0.13867,0.8742,0.12131,0.065181,0.049006,0.14356,0.031023,0.025945,0.023539,0.035098,0.020555,0.01878,0.017777,0.016953,0.01627,0.015666,0.015145,0.014754,0.014264,0.013896,0.013561,0.013303,0.013008,0.012769,0.012554,0.012395,0.012154,0.012001,0.011859,0.011708,0.01165,0.011549,0.011447,0.011624,0.011379,0.011334,0.011313
2.2847e-13,0.38031,0.19706,0.24544,1.7075,0.24176,0.15779,0.23102,1.536,0.22276,0.15564,0.21259,1.4875,0.24874,0.16939,0.19606,1.5361,0.17677,0.12104,0.17099,1.2947,0.14884,0.10803,0.14673,1.1539,0.12859,0.085783,0.12982,0.85198,0.10338,0.057284,0.041916,0.12259,0.027839,0.023765,0.021814,0.029235,0.018905,0.018226,0.017229,0.016346,0.015739,0.015175,0.014702,0.014316,0.01388,0.01353,0.013228,0.012996,0.012703,0.012484,0.012272,0.01209,0.011921,0.011777,0.011649,0.011563,0.011447,0.011357,0.011293,0.011294,0.011139,0.011116,0.011092
2.4196e-13,0.42886,0.25321,0.28168,2.2131,0.26364,0.18767,0.26364,1.8986,0.28648,0.18373,0.23291,1.7781,0.23833,0.18122,0.22841,1.9146,0.22446,0.15713,0.2033,1.4375,0.2131,0.13822,0.17652,1.357,0.15771,0.093517,0.15225,1.144,0.1372,0.066279,0.046663,0.1551,0.031573,0.026638,0.024092,0.03724,0.021956,0.02003,0.019453,0.018803,0.017902,0.017313,0.016777,0.016352,0.015917,0.015542,0.015218,0.014976,0.014681,0.01442,0.014196,0.014401,0.013828,0.013672,0.013527,0.013364,0.013318,0.013215,0.013135,0.013349,0.013042,0.013,0.012962
2.3466e-13,0.40331,0.21733,0.26367,1.7,0.21531,0.14234,0.19753,1.4953,0.18667,0.13376,0.18088,1.2889,0.19682,0.15028,0.1708,1.2903,0.15066,0.10184,0.12844,1.0794,0.14309,0.09216,0.12476,0.94971,0.11141,0.080223,0.10992,0.78695,0.092744,0.0477,0.039952,0.11527,0.024518,0.020661,0.018951,0.027703,0.017448,0.016403,0.015737,0.015062,0.014562,0.014096,0.013726,0.013366,0.01304,0.012742,0.012493,0.012281,0.012054,0.011865,0.011694,0.011555,0.011353,0.011239,0.011118,0.011062,0.010954,0.010869,0.010779,0.011105,0.010735,0.010693,0.010678
2.0221e-13,0.41007,0.24128,0.21878,1.3335,0.15871,0.11824,0.1578,1.2022,0.1454,0.10018,0.14199,1.048,0.21762,0.11979,0.12251,1.0232,0.12521,0.076914,0.1114,0.75251,0.10441,0.069633,0.084422,0.70153,0.094635,0.050701,0.080857,0.51991,0.075088,0.039032,0.02923,0.10242,0.019049,0.016327,0.01525,0.023461,0.013331,0.012873,0.012417,0.012031,0.011645,0.011338,0.011059,0.010758,0.010572,0.010364,0.010178,0.010016,0.0098743,0.0097341,0.0096037,0.0094373,0.0093859,0.0092972,0.0092121,0.0091407,0.0091049,0.0090428,0.0090016,0.0091553,0.0089545,0.0089238,0.0089101
1.9974e-13,0.43659,0.25239,0.22013,1.3179,0.17229,0.12351,0.15159,1.1545,0.15175,0.098373,0.11682,0.99417,0.19432,0.11953,0.12313,0.94056,0.10709,0.077561,0.10317,0.77974,0.093018,0.054671,0.081973,0.63787,0.074564,0.048404,0.06972,0.48995,0.056783,0.033053,0.025618,0.085618,0.015801,0.014019,0.013271,0.018416,0.011882,0.011332,0.010976,0.010595,0.010365,0.010097,0.0098493,0.0096245,0.0094578,0.0092824,0.009126,0.0090334,0.0088603,0.0087361,0.0086241,0.0085121,0.0084419,0.008362,0.0082832,0.0083015,0.0081854,0.0081423,0.0080793,0.0083601,0.0080344,0.0080163,0.0079996
2.3129e-13,0.40748,0.23792,0.22613,1.444,0.18218,0.12457,0.14763,1.0286,0.13112,0.093358,0.11861,0.85207,0.17464,0.1045,0.094275,0.63663,0.080468,0.05762,0.071129,0.5635,0.078594,0.048482,0.0668,0.53372,0.063963,0.039121,0.054249,0.41727,0.04516,0.024909,0.019129,0.087665,0.01395,0.012197,0.011334,0.016675,0.010366,0.010078,0.0097158,0.0095525,0.0092248,0.0090125,0.008832,0.0086365,0.008496,0.00836,0.0082252,0.0081338,0.0080022,0.007904,0.0078076,0.0077796,0.00766,0.007589,0.0075193,0.0074948,0.0074428,0.0073924,0.0073367,0.0078787,0.0073457,0.0073142,0.007299
1.8681e-13,0.43871,0.25792,0.24938,1.9845,0.2608,0.17132,0.2111,1.5118,0.2159,0.14657,0.20246,1.502,0.19784,0.13989,0.18027,1.27,0.17079,0.11924,0.14122,1.1243,0.15229,0.095999,0.1383,0.90044,0.11067,0.075764,0.10961,0.81576,0.08763,0.046658,0.041086,0.10962,0.022792,0.019458,0.017975,0.025866,0.016623,0.015318,0.014854,0.014456,0.013994,0.013604,0.013263,0.012999,0.012717,0.012468,0.012242,0.012061,0.011882,0.011704,0.011557,0.011635,0.011303,0.011183,0.011073,0.011077,0.010935,0.01087,0.0108,0.011188,0.01074,0.010699,0.010687
2.5673e-13,0.5704,0.33199,0.34724,2.7915,0.36862,0.22283,0.32156,2.2391,0.37217,0.24173,0.33474,2.3749,0.34044,0.2269,0.29566,2.2322,0.31181,0.21597,0.25913,1.9998,0.27478,0.1662,0.24152,1.7217,0.20241,0.12039,0.17936,1.4012,0.1509,0.07504,0.061941,0.17777,0.035095,0.029832,0.027802,0.037856,0.024964,0.022768,0.021763,0.021354,0.020436,0.019796,0.019232,0.018978,0.01836,0.017991,0.017642,0.017364,0.017094,0.016819,0.016586,0.016966,0.01621,0.016036,0.015873,0.016053,0.015663,0.015564,0.015466,0.015553,0.015352,0.01531,0.015276
2.6322e-13,0.53392,0.31169,0.32413,2.6541,0.33254,0.21252,0.28658,2.187,0.33725,0.21888,0.29862,2.1736,0.28849,0.21444,0.28734,2.3206,0.3078,0.20859,0.26499,1.9552,0.27386,0.1751,0.24287,1.9022,0.21303,0.13324,0.19027,1.5169,0.18079,0.079243,0.06585,0.17649,0.04099,0.034306,0.031479,0.046869,0.027526,0.025952,0.024546,0.023818,0.022692,0.021928,0.021238,0.020814,0.020127,0.019658,0.019221,0.018876,0.018484,0.018177,0.017874,0.017901,0.017399,0.017181,0.016987,0.017003,0.016714,0.016579,0.016449,0.016885,0.016337,0.016271,0.016248
2.4093e-13,0.53198,0.2793,0.36194,2.4832,0.31744,0.22861,0.31882,2.3137,0.31877,0.19466,0.26162,2.0295,0.24148,0.17845,0.2626,2.084,0.24917,0.17947,0.21976,1.5539,0.21503,0.12643,0.1938,1.3992,0.17161,0.12719,0.15617,1.1122,0.13032,0.071106,0.056022,0.15823,0.032181,0.028267,0.025966,0.044187,0.022805,0.021697,0.020786,0.020021,0.019317,0.018706,0.018186,0.017693,0.017274,0.016892,0.016546,0.016267,0.015975,0.015725,0.015495,0.015476,0.015071,0.014919,0.014772,0.014683,0.014548,0.014436,0.014362,0.01445,0.014235,0.014204,0.014171
3.2041e-13,0.52345,0.29882,0.3598,2.7367,0.32184,0.20419,0.28998,1.9831,0.28946,0.19235,0.24623,1.9183,0.26476,0.16849,0.22215,1.8642,0.2531,0.16185,0.21225,1.5368,0.20826,0.12156,0.19216,1.4221,0.16917,0.10918,0.14911,1.0437,0.10635,0.061413,0.052991,0.14611,0.028997,0.023828,0.022278,0.034973,0.018972,0.017648,0.017125,0.016698,0.016,0.01549,0.015057,0.014829,0.014341,0.014024,0.01373,0.013471,0.013246,0.013028,0.012839,0.012978,0.012488,0.012349,0.012221,0.012101,0.012016,0.011929,0.011824,0.012633,0.011783,0.011739,0.011709
2.556e-13,0.44279,0.24722,0.23793,2.2067,0.24979,0.15703,0.19221,1.4149,0.18152,0.11229,0.1561,1.1791,0.16448,0.090404,0.1243,1.0446,0.14118,0.0925,0.11568,0.84498,0.11424,0.073106,0.10805,0.69117,0.090971,0.060857,0.082725,0.56255,0.058079,0.036451,0.029034,0.078538,0.020382,0.017716,0.016463,0.023275,0.014849,0.013686,0.013387,0.012992,0.012701,0.012391,0.012118,0.011908,0.011647,0.011438,0.011242,0.0111,0.010936,0.010787,0.010655,0.010625,0.010431,0.010335,0.010252,0.010171,0.010122,0.010057,0.0099949,0.010239,0.0099579,0.0099271,0.0099043
2.292e-13,0.38223,0.20752,0.22529,1.5378,0.17804,0.13341,0.14583,1.0702,0.12406,0.083933,0.11476,0.87663,0.16693,0.094684,0.084186,0.695,0.077245,0.052062,0.072754,0.54401,0.075268,0.05043,0.067503,0.49099,0.055884,0.040715,0.050799,0.36584,0.041859,0.023969,0.020562,0.10053,0.014897,0.013433,0.012694,0.01572,0.011528,0.011029,0.010657,0.010358,0.010093,0.009843,0.0096227,0.0094144,0.0092304,0.0090665,0.0089098,0.0088164,0.0086451,0.0085325,0.0084221,0.0083604,0.008248,0.0081696,0.0080959,0.0080597,0.0080001,0.0079471,0.0079007,0.0081723,0.0078606,0.0078385,0.0078288
2.2877e-13,0.43594,0.22797,0.25155,1.703,0.18481,0.13293,0.15668,1.2554,0.15048,0.099963,0.11448,0.79079,0.21071,0.12455,0.10997,0.77126,0.094057,0.0579,0.077299,0.51771,0.072386,0.045551,0.059885,0.45755,0.052408,0.038694,0.050817,0.36845,0.047055,0.025201,0.021669,0.1344,0.01479,0.013492,0.013069,0.017126,0.011934,0.011461,0.011083,0.010849,0.010594,0.010363,0.01015,0.0099882,0.0097992,0.0096521,0.0094987,0.0093734,0.0092616,0.0091496,0.0090459,0.0089938,0.0088814,0.0088053,0.0087513,0.0087442,0.0086445,0.0086048,0.0085787,0.0089334,0.0084942,0.0084846,0.0084757
2.3503e-13,0.41519,0.243,0.27634,1.7898,0.20551,0.15698,0.19248,1.4164,0.16437,0.096408,0.11091,0.73142,0.16763,0.11257,0.094167,0.70089,0.077879,0.055491,0.064886,0.46155,0.057918,0.039709,0.057997,0.36137,0.048057,0.033651,0.050056,0.3153,0.038183,0.026149,0.021687,0.11324,0.016024,0.015117,0.014562,0.017897,0.013896,0.013371,0.013109,0.012782,0.012516,0.012274,0.012044,0.011868,0.011667,0.011497,0.011333,0.011166,0.011064,0.010947,0.010837,0.010784,0.010646,0.010564,0.01049,0.010519,0.010389,0.010347,0.010336,0.01074,0.010219,0.010197,0.010181
2.2684e-13,0.36757,0.20457,0.22587,1.583,0.17382,0.11691,0.13808,0.98936,0.11767,0.079536,0.10124,0.74495,0.17996,0.094371,0.092129,0.61567,0.080829,0.053781,0.068309,0.49365,0.060954,0.04367,0.056146,0.41503,0.047274,0.036167,0.04991,0.36066,0.038327,0.023519,0.019512,0.10124,0.013405,0.011855,0.011385,0.015869,0.010804,0.01016,0.0098335,0.0095043,0.0092689,0.0090574,0.0088629,0.0086996,0.0085375,0.0084013,0.0082616,0.0081126,0.0080351,0.0079372,0.0078447,0.0078048,0.0076919,0.007628,0.0075608,0.0075443,0.0074721,0.0074344,0.0074011,0.0076543,0.0073419,0.0073231,0.0073138
1.9658e-13,0.40437,0.2612,0.35363,2.0617,0.26426,0.17224,0.21243,1.5335,0.17067,0.1028,0.12801,1.0796,0.12685,0.088413,0.11974,0.97361,0.13113,0.083529,0.11855,0.80783,0.10645,0.067534,0.094772,0.60561,0.083698,0.058389,0.069429,0.52804,0.05059,0.031735,0.02611,0.070103,0.018704,0.016345,0.015345,0.022152,0.014147,0.013289,0.012926,0.012471,0.012168,0.011864,0.011597,0.011385,0.011109,0.010903,0.010715,0.010598,0.010384,0.010254,0.010126,0.0099592,0.0099046,0.0098111,0.0097275,0.0097745,0.0096057,0.0095417,0.0095078,0.0098158,0.0094268,0.0094038,0.0094015
2.2156e-13,0.44093,0.27656,0.35238,2.2816,0.2734,0.16557,0.22754,2.0356,0.21322,0.15261,0.18969,1.5012,0.19388,0.12442,0.18194,1.3025,0.15538,0.11093,0.16224,1.3693,0.14193,0.10524,0.1442,1.1006,0.11932,0.073652,0.10535,0.78104,0.077641,0.045509,0.035982,0.10974,0.024076,0.019958,0.01815,0.02754,0.017004,0.015923,0.015074,0.014458,0.013873,0.013414,0.013011,0.012727,0.012343,0.012072,0.011809,0.011584,0.01136,0.011181,0.011003,0.010884,0.01074,0.010617,0.010501,0.010489,0.010344,0.010268,0.010221,0.010384,0.010129,0.010092,0.010073
2.5043e-13,0.67215,0.43686,0.45258,5.3415,0.40418,0.26042,0.3571,2.8698,0.30843,0.24873,0.35294,2.7637,0.35605,0.22609,0.37097,2.5879,0.31979,0.21968,0.32787,2.5045,0.27429,0.2102,0.30606,2.0666,0.25026,0.18966,0.23254,1.9658,0.22641,0.11642,0.093422,0.2713,0.055416,0.045057,0.040997,0.072435,0.036551,0.032888,0.031481,0.02971,0.028801,0.027764,0.026833,0.026209,0.025349,0.024755,0.02417,0.023665,0.023229,0.022811,0.022437,0.022023,0.02181,0.021559,0.021335,0.021221,0.020949,0.020808,0.020714,0.020652,0.020428,0.020382,0.020339
2.2226e-13,0.61629,0.40422,0.54437,4.0744,0.61641,0.38654,0.54496,3.6717,0.53455,0.38524,0.56303,3.9918,0.49358,0.35489,0.48143,4.1585,0.49831,0.32399,0.4661,3.1966,0.37993,0.287,0.3564,2.595,0.33092,0.19611,0.2498,1.743,0.18314,0.10703,0.092601,0.21635,0.053089,0.046257,0.042717,0.057372,0.0381,0.036268,0.034608,0.033354,0.032024,0.030944,0.029965,0.029362,0.028435,0.027747,0.027156,0.026597,0.026142,0.02564,0.02524,0.025034,0.024513,0.024205,0.023923,0.023683,0.023514,0.023323,0.023148,0.023327,0.022897,0.022824,0.022768
2.0704e-13,0.48596,0.31032,0.39937,3.0577,0.41968,0.24917,0.36659,2.5681,0.33084,0.24635,0.33858,2.4576,0.30837,0.22712,0.30451,2.5931,0.29215,0.19745,0.28851,2.003,0.21662,0.18386,0.22515,1.5421,0.18803,0.11736,0.14758,0.9604,0.11088,0.066989,0.054705,0.13258,0.033974,0.028836,0.026715,0.036638,0.023718,0.022993,0.021863,0.021171,0.020255,0.019607,0.019032,0.018578,0.018114,0.017737,0.017367,0.017054,0.016752,0.016485,0.016226,0.016103,0.015841,0.015656,0.015481,0.015508,0.015248,0.015136,0.015038,0.015407,0.014935,0.014891,0.014868
2.946e-13,0.45233,0.281,0.35896,2.1299,0.26702,0.16769,0.18682,1.4135,0.13352,0.090182,0.11882,0.94738,0.14781,0.083658,0.10026,0.7742,0.10294,0.064503,0.096113,0.67279,0.085728,0.061514,0.085904,0.58857,0.069272,0.04933,0.063302,0.46911,0.053627,0.030726,0.026559,0.082082,0.016517,0.015041,0.014436,0.020516,0.012903,0.012666,0.012262,0.011962,0.011681,0.01142,0.01119,0.011006,0.010791,0.010621,0.010456,0.010372,0.010191,0.010067,0.0099505,0.0098045,0.0097618,0.0096787,0.009606,0.0096249,0.0094978,0.0094434,0.0093985,0.0097033,0.0093532,0.0093257,0.0093144
3.4683e-13,0.43355,0.21957,0.25222,1.6494,0.19211,0.11989,0.13651,1.1669,0.12189,0.086201,0.10887,0.72524,0.14535,0.082412,0.098586,0.66487,0.089627,0.054985,0.077561,0.51506,0.06574,0.049973,0.059259,0.43267,0.052392,0.04102,0.051394,0.35144,0.041079,0.026118,0.022841,0.075997,0.015698,0.014736,0.014093,0.018559,0.013007,0.012643,0.0122,0.011857,0.011601,0.01135,0.011122,0.010916,0.010725,0.010555,0.01039,0.010255,0.010126,0.010005,0.0098978,0.009838,0.0097064,0.0096247,0.0095476,0.009532,0.0094436,0.0094015,0.0093575,0.0095992,0.0092823,0.0092646,0.0092589
1.7061e-13,0.37889,0.25653,0.29547,3.0018,0.21674,0.12668,0.13383,1.3594,0.11566,0.079083,0.10292,0.87204,0.12007,0.073418,0.081422,0.86154,0.076482,0.056441,0.074584,0.62162,0.06661,0.055693,0.065727,0.44332,0.053318,0.039802,0.055191,0.39402,0.049401,0.029027,0.023431,0.092719,0.016445,0.014721,0.013809,0.01818,0.01247,0.01208,0.011788,0.011386,0.011115,0.010864,0.010624,0.010439,0.010226,0.010054,0.0098904,0.009741,0.0096338,0.0095036,0.0094002,0.0092579,0.0091978,0.0091235,0.0090472,0.0089616,0.0089405,0.0088954,0.008839,0.0089064,0.008795,0.0087768,0.0087759
1.8558e-13,0.56517,0.31277,0.33326,3.2243,0.27455,0.14363,0.1663,1.6328,0.14304,0.098641,0.12062,1.0308,0.19765,0.11238,0.11115,1.1474,0.095316,0.069695,0.087892,0.72232,0.078729,0.064276,0.085092,0.5177,0.072557,0.052522,0.067285,0.47007,0.054687,0.033857,0.02788,0.12795,0.021199,0.019255,0.018383,0.022955,0.01696,0.016523,0.01609,0.015671,0.015364,0.015051,0.014771,0.014517,0.014282,0.014076,0.013874,0.013724,0.013533,0.013379,0.013241,0.013062,0.013009,0.012898,0.012801,0.012671,0.012652,0.012577,0.012464,0.012628,0.012478,0.01244,0.012427
2.7429e-13,0.82854,0.36645,0.44241,4.9314,0.4502,0.29585,0.35075,2.8889,0.32951,0.24224,0.2962,2.2795,0.30712,0.22744,0.28596,2.6921,0.29296,0.1891,0.27452,1.9005,0.21668,0.16461,0.21198,1.4234,0.18813,0.11469,0.15959,1.0331,0.1135,0.069003,0.058566,0.13365,0.03955,0.036093,0.034069,0.03801,0.031099,0.029795,0.028774,0.027968,0.027083,0.026379,0.025738,0.02522,0.024697,0.024255,0.023838,0.023362,0.02314,0.022811,0.022519,0.02231,0.022015,0.021809,0.021609,0.021484,0.021313,0.021171,0.020977,0.021304,0.020948,0.020869,0.020857
3.5468e-13,0.96885,0.42977,0.59085,6.2399,0.60158,0.40891,0.49776,3.8064,0.47146,0.34336,0.4683,3.2816,0.44411,0.32942,0.42447,3.8189,0.44201,0.28598,0.4154,2.8809,0.34643,0.25741,0.32609,2.3443,0.28495,0.17814,0.25015,1.6163,0.18233,0.10444,0.091041,0.21163,0.055263,0.049198,0.045897,0.053362,0.040419,0.038583,0.036842,0.035602,0.034351,0.033332,0.032412,0.031661,0.030932,0.030295,0.029726,0.029089,0.02878,0.028324,0.027937,0.027849,0.027252,0.026969,0.026697,0.026559,0.026338,0.026168,0.025941,0.025991,0.025854,0.025759,0.025747
3.2524e-13,0.73437,0.35462,0.45731,5.0296,0.36821,0.25947,0.27577,2.8141,0.25546,0.17977,0.25117,2.1654,0.25995,0.20376,0.26809,2.0664,0.23059,0.16393,0.24277,1.7227,0.20512,0.14092,0.21605,1.4817,0.17149,0.13946,0.17259,1.338,0.16271,0.087844,0.071123,0.191,0.043149,0.03654,0.032701,0.052201,0.030424,0.027869,0.026476,0.025094,0.024328,0.023524,0.022811,0.022277,0.021608,0.021108,0.020642,0.020138,0.019909,0.019557,0.019259,0.019093,0.01874,0.018526,0.018332,0.018352,0.018064,0.017924,0.017823,0.017645,0.017664,0.017612,0.017595
4.3239e-13,1.2004,0.44372,0.55723,8.7239,0.42925,0.27699,0.24042,3.2275,0.21782,0.16554,0.20128,1.5851,0.23141,0.15748,0.16834,1.5336,0.17386,0.11255,0.16774,1.3052,0.159,0.10698,0.13864,1.0783,0.12525,0.090998,0.10715,0.85581,0.11681,0.070769,0.060045,0.16042,0.040176,0.036429,0.034808,0.042538,0.032574,0.030726,0.030003,0.029204,0.028477,0.027852,0.027302,0.02681,0.026305,0.025888,0.025491,0.025183,0.024815,0.024535,0.024272,0.023994,0.023781,0.023588,0.023397,0.023039,0.023145,0.023008,0.022795,0.022944,0.022815,0.022731,0.022741
2.5384e-13,0.74573,0.34631,0.36614,3.6165,0.28738,0.15656,0.17438,2.0357,0.1585,0.10664,0.14427,1.2944,0.17666,0.11304,0.12066,1.4068,0.099002,0.075552,0.10246,0.8715,0.091801,0.075712,0.090528,0.68172,0.072961,0.053911,0.065973,0.53449,0.057148,0.040536,0.031184,0.12698,0.02349,0.021468,0.020235,0.024787,0.018769,0.018274,0.01767,0.01724,0.01682,0.016459,0.016141,0.015892,0.015587,0.015347,0.015122,0.014941,0.014737,0.014574,0.014426,0.014267,0.014157,0.01404,0.013936,0.01377,0.013785,0.0137,0.013561,0.014205,0.013622,0.013575,0.013564
2.4733e-13,0.76414,0.43553,0.40833,5.5787,0.30973,0.1828,0.19325,2.1327,0.17841,0.12376,0.15755,1.4593,0.18632,0.12404,0.15401,1.4009,0.13401,0.093278,0.1325,1.1364,0.11102,0.089689,0.11874,0.88795,0.11052,0.07976,0.097906,0.7902,0.087854,0.050382,0.042323,0.1254,0.026321,0.023614,0.02255,0.031296,0.020374,0.019595,0.019047,0.018463,0.018125,0.017718,0.017346,0.017066,0.01672,0.016443,0.016187,0.016054,0.015747,0.015559,0.01538,0.01521,0.015081,0.014955,0.014837,0.014694,0.014648,0.014566,0.014475,0.014973,0.014444,0.014412,0.014382
