1.0743e-13,0.72241,0.41076,0.46097,3.2924,0.67226,0.63844,0.9903,7.7163,0.81236,0.57552,0.87241,6.3191,0.79381,0.5682,0.67497,4.8179,0.70215,0.48247,0.51239,4.0812,0.57237,0.40836,0.51178,3.9471,0.51897,0.33823,0.41878,3.5725,0.40037,0.21951,0.16981,0.52415,0.10059,0.085202,0.077478,0.15348,0.067068,0.063614,0.059725,0.056996,0.054804,0.052696,0.050949,0.048958,0.047808,0.046565,0.045421,0.044565,0.043471,0.042651,0.04191,0.041226,0.040576,0.040074,0.039578,0.039545,0.038893,0.03854,0.038318,0.038043,0.037922,0.037804,0.037762
2.6395e-13,0.76042,0.49445,0.5787,4.1386,0.8184,0.78303,1.1676,7.1771,0.82137,0.56084,1.0047,7.8879,0.92997,0.60528,0.74624,5.5885,0.68412,0.52174,0.56655,4.4507,0.60848,0.4365,0.56785,3.9,0.53657,0.33431,0.41276,2.9492,0.38692,0.20452,0.1715,0.40825,0.10868,0.094145,0.085744,0.12188,0.076404,0.071526,0.06761,0.064685,0.061919,0.059535,0.057582,0.05536,0.053996,0.05256,0.051216,0.049913,0.049012,0.047985,0.047149,0.046471,0.045569,0.044934,0.044368,0.043971,0.043481,0.043074,0.042745,0.042452,0.042241,0.042103,0.042012
2.3266e-13,1.1335,0.68195,0.70625,4.7526,1.0459,1.079,1.7828,13.812,1.2844,0.90057,1.2152,9.3145,1.1102,0.81094,0.98278,7.0204,1.0143,0.6734,0.84225,5.6776,0.78666,0.5875,0.76652,5.8509,0.73818,0.49946,0.56913,4.5984,0.53413,0.31313,0.22842,0.60992,0.13941,0.12092,0.10974,0.18355,0.096936,0.093667,0.087384,0.083426,0.080295,0.077336,0.074935,0.071925,0.070472,0.068727,0.067091,0.065662,0.064388,0.063241,0.062187,0.061302,0.060254,0.059543,0.058878,0.058303,0.05784,0.057339,0.056964,0.057037,0.056472,0.056294,0.056215
2.0887e-13,0.81415,0.50326,0.51037,4.5524,0.72557,0.74799,1.1597,7.5231,0.80102,0.52514,0.81789,5.9984,0.64066,0.47314,0.47924,3.6429,0.45024,0.32429,0.39446,2.8138,0.36029,0.23667,0.33856,2.4436,0.27036,0.19668,0.24953,1.9569,0.22042,0.12438,0.10922,0.25601,0.065908,0.058634,0.053908,0.074552,0.049174,0.046482,0.044614,0.042728,0.041506,0.040183,0.039012,0.038018,0.037188,0.036373,0.035644,0.034946,0.034381,0.033825,0.033356,0.032434,0.032444,0.032068,0.031743,0.031292,0.031268,0.031015,0.03079,0.030946,0.030508,0.030433,0.030384
2.2336e-13,1.0548,0.61139,0.72845,5.6116,1.0495,1.1065,1.6173,10.944,1.1435,0.7452,1.0985,8.4923,0.93378,0.67535,0.73421,5.1282,0.65538,0.46751,0.55028,4.1425,0.49493,0.31402,0.45156,2.83,0.34944,0.24768,0.31685,2.3974,0.27216,0.14501,0.12209,0.33838,0.084311,0.075587,0.070235,0.099772,0.065247,0.062049,0.060106,0.05804,0.056436,0.054855,0.053487,0.052394,0.051153,0.050129,0.049172,0.048118,0.047629,0.046902,0.046296,0.045649,0.045198,0.044711,0.044341,0.043487,0.04376,0.043443,0.043247,0.043045,0.042831,0.042757,0.042693
3.5414e-13,0.81802,0.51194,0.58854,3.6756,0.71035,0.70233,0.95728,6.2624,0.75605,0.51958,0.82175,5.8893,0.83461,0.53267,0.61022,5.0643,0.63482,0.43336,0.50539,4.2359,0.49968,0.29715,0.41921,2.9042,0.34772,0.23978,0.30465,2.0907,0.24622,0.13338,0.11398,0.31979,0.072779,0.067188,0.061339,0.089903,0.055479,0.053206,0.050586,0.049216,0.047323,0.045974,0.044739,0.043354,0.042586,0.041656,0.040793,0.040166,0.039362,0.038775,0.038243,0.038619,0.037095,0.036727,0.036383,0.035988,0.035768,0.035506,0.035301,0.035562,0.034923,0.034867,0.034767
3.2296e-13,0.7805,0.47764,0.53397,3.7476,0.58217,0.55883,0.70903,4.085,0.54129,0.41518,0.66107,4.5373,0.60581,0.38211,0.42094,3.1957,0.48604,0.31511,0.4077,2.8948,0.39659,0.24941,0.36598,2.4718,0.31057,0.20715,0.28063,1.6055,0.21532,0.11213,0.096426,0.25919,0.068993,0.060142,0.054613,0.083898,0.049359,0.046273,0.044004,0.042527,0.040924,0.039636,0.03856,0.037282,0.036585,0.035713,0.035,0.034404,0.033707,0.033168,0.032683,0.032696,0.031774,0.031382,0.031018,0.030967,0.030539,0.030278,0.030016,0.030112,0.029814,0.029728,0.029642
3.1918e-13,0.75655,0.45725,0.72195,3.7872,0.52462,0.39587,0.7,4.8339,0.46459,0.35603,0.4865,4.5381,0.48648,0.34577,0.3886,3.2814,0.38307,0.23741,0.32135,2.3068,0.30979,0.19605,0.27068,1.9084,0.24006,0.17889,0.24009,1.3123,0.17412,0.089478,0.07012,0.2215,0.047982,0.041917,0.038564,0.060051,0.033686,0.032463,0.030624,0.029606,0.028527,0.027608,0.026843,0.026096,0.025468,0.024857,0.024349,0.023834,0.023437,0.023059,0.022712,0.022754,0.022071,0.021826,0.021602,0.021386,0.02127,0.021089,0.020975,0.021509,0.020728,0.020683,0.020666
2.7609e-13,0.62398,0.40086,0.55214,3.0829,0.49026,0.39377,0.58265,3.9423,0.47098,0.34697,0.47032,3.689,0.43825,0.33208,0.40491,3.124,0.34741,0.21711,0.30091,2.2464,0.29853,0.18973,0.27233,1.6835,0.23164,0.13937,0.19913,1.2019,0.15744,0.087662,0.06923,0.19974,0.045781,0.041038,0.037862,0.05389,0.035543,0.033247,0.031683,0.030701,0.029602,0.028751,0.027948,0.027356,0.026685,0.026115,0.025602,0.025258,0.024764,0.024365,0.024058,0.024081,0.023406,0.023185,0.022946,0.022856,0.022689,0.022515,0.022372,0.022533,0.022199,0.022192,0.022121
2.4457e-13,0.67012,0.37623,0.44908,3.4893,0.59871,0.55582,0.73194,5.2566,0.57958,0.40294,0.66379,4.6109,0.55302,0.35918,0.39444,3.1566,0.38964,0.281,0.314,2.6579,0.33024,0.24846,0.33758,2.2368,0.29568,0.20185,0.23067,1.7235,0.20846,0.11597,0.094362,0.24016,0.059857,0.05299,0.048515,0.065127,0.044753,0.042273,0.04011,0.038575,0.037263,0.036017,0.034964,0.034099,0.033194,0.032459,0.031787,0.030985,0.030612,0.030102,0.029661,0.029371,0.028905,0.02856,0.028223,0.027971,0.027816,0.027608,0.027409,0.027381,0.027157,0.027112,0.027056
2.2974e-13,0.58018,0.32551,0.31107,2.4904,0.36483,0.30414,0.4315,2.8261,0.35308,0.25981,0.42095,2.8916,0.37609,0.25778,0.28231,2.3252,0.2902,0.21271,0.23727,1.9856,0.26124,0.16617,0.24483,1.8554,0.22489,0.16309,0.18009,1.3714,0.17201,0.092393,0.074263,0.19252,0.046121,0.04039,0.037188,0.051374,0.032244,0.031262,0.02923,0.028188,0.027121,0.026157,0.025327,0.024573,0.023912,0.023332,0.022788,0.02224,0.021843,0.021448,0.021081,0.021022,0.020448,0.020176,0.019938,0.019699,0.019558,0.019383,0.019237,0.019538,0.019009,0.018956,0.018897
2.0125e-13,0.42781,0.21865,0.2378,1.5728,0.24549,0.20021,0.25073,1.7414,0.19099,0.13256,0.19343,1.2053,0.20519,0.14023,0.13766,1.0446,0.12572,0.084886,0.10558,0.82377,0.10417,0.06643,0.095656,0.68954,0.086105,0.0579,0.081162,0.51578,0.06492,0.037353,0.029161,0.079577,0.021304,0.018833,0.017449,0.022272,0.015793,0.015405,0.014895,0.014407,0.014089,0.013724,0.013394,0.013077,0.012838,0.012597,0.012378,0.012201,0.012017,0.011845,0.011699,0.011472,0.01142,0.011319,0.011236,0.011232,0.011082,0.011018,0.010959,0.011325,0.010871,0.010852,0.010821
1.6954e-13,0.3961,0.26281,0.28373,1.9056,0.29939,0.28694,0.36169,2.0854,0.25127,0.18529,0.29215,2.0162,0.2688,0.18662,0.20041,1.7125,0.22679,0.15701,0.18463,1.4752,0.18188,0.11326,0.14602,1.0105,0.12613,0.091957,0.11776,0.90535,0.10027,0.048392,0.042616,0.11604,0.026771,0.024081,0.022545,0.032403,0.020334,0.01933,0.018668,0.018094,0.017441,0.016938,0.016495,0.016048,0.01571,0.015375,0.015068,0.01485,0.014554,0.014326,0.014111,0.014136,0.01377,0.013622,0.013505,0.013398,0.01325,0.013159,0.013082,0.01282,0.012936,0.0129,0.012882
3.1391e-13,0.54619,0.34432,0.49744,2.7239,0.36184,0.26997,0.31789,2.1329,0.26605,0.18479,0.25093,2.0346,0.23798,0.18035,0.18892,1.6102,0.19277,0.14109,0.17583,1.4318,0.1662,0.10631,0.16937,1.008,0.1435,0.088746,0.11882,0.92431,0.11361,0.053769,0.046396,0.13978,0.032107,0.027273,0.025304,0.039092,0.022799,0.021799,0.020663,0.019953,0.019369,0.018825,0.018341,0.018002,0.017524,0.017179,0.016848,0.016488,0.016308,0.016064,0.015849,0.015822,0.015458,0.015305,0.015162,0.015199,0.014934,0.014834,0.014731,0.014979,0.014642,0.014605,0.014557
2.7925e-13,1.0559,0.68727,0.96735,7.413,0.90432,0.69679,1.043,8.1738,1.0499,0.73607,0.97853,7.3076,1.0198,0.73533,0.93714,6.7755,0.83888,0.62049,0.81237,6.0562,0.66711,0.46771,0.56813,4.4975,0.53303,0.37118,0.52001,3.367,0.4363,0.22807,0.19912,0.46258,0.11665,0.097016,0.087705,0.13276,0.079636,0.073685,0.0684,0.066175,0.062888,0.060758,0.058758,0.05715,0.055452,0.054033,0.052865,0.052082,0.050806,0.049891,0.049104,0.04881,0.047605,0.047067,0.046568,0.046687,0.045752,0.045391,0.045159,0.045002,0.044628,0.044524,0.044449
2.7089e-13,0.74595,0.36856,0.54513,3.9434,0.48258,0.35755,0.44515,3.3441,0.40646,0.28901,0.4273,2.9407,0.41717,0.31755,0.45697,3.0174,0.37479,0.27826,0.34454,2.2603,0.36765,0.23664,0.31617,2.5125,0.30441,0.2294,0.28417,2.2195,0.22887,0.11408,0.094011,0.28828,0.058163,0.04801,0.043849,0.079522,0.040593,0.037861,0.035709,0.034332,0.033161,0.032062,0.031136,0.030299,0.029543,0.028826,0.028216,0.027697,0.027214,0.026745,0.026358,0.026327,0.025632,0.02537,0.025098,0.024974,0.024743,0.024571,0.024396,0.025029,0.024166,0.0241,0.024057
3.3146e-13,0.67901,0.3356,0.4024,3.3216,0.36709,0.23415,0.36326,2.3413,0.27118,0.18043,0.231,2.0387,0.24497,0.20034,0.22627,1.8022,0.22158,0.15451,0.2307,1.4407,0.23335,0.15374,0.19689,1.453,0.18813,0.1197,0.18063,1.3182,0.15788,0.08395,0.070162,0.18843,0.042948,0.037409,0.034145,0.04798,0.030326,0.028104,0.027297,0.026325,0.025159,0.024421,0.023757,0.023269,0.022571,0.022094,0.02166,0.021452,0.020905,0.020584,0.020312,0.020037,0.019812,0.01961,0.019417,0.019218,0.019144,0.019013,0.018888,0.019168,0.01879,0.018743,0.018715
2.4776e-13,0.50716,0.29222,0.31736,2.2015,0.3177,0.20957,0.25347,1.9602,0.20224,0.13327,0.19393,1.6806,0.21398,0.14708,0.17451,1.2407,0.17308,0.11042,0.15308,1.0482,0.14995,0.099341,0.14158,0.99074,0.12981,0.080357,0.10502,0.86407,0.096073,0.050894,0.047131,0.1222,0.029983,0.025852,0.024274,0.032075,0.021087,0.020274,0.019608,0.019077,0.018228,0.017732,0.017275,0.016871,0.016499,0.016182,0.0159,0.015641,0.015387,0.015169,0.014975,0.014788,0.014642,0.014497,0.014359,0.014392,0.014202,0.01412,0.014071,0.013977,0.013925,0.013893,0.013869
1.7124e-13,0.3392,0.20766,0.22904,1.6292,0.21715,0.14176,0.16791,1.3161,0.13668,0.099344,0.14379,0.83758,0.26759,0.15043,0.11501,0.68535,0.09613,0.072116,0.08158,0.67755,0.079649,0.052326,0.071328,0.53814,0.062231,0.044285,0.058554,0.39071,0.046989,0.025313,0.01975,0.087451,0.014786,0.013033,0.012142,0.017782,0.01154,0.011117,0.01055,0.010365,0.010104,0.0098711,0.0096775,0.0094847,0.0093156,0.0091659,0.0090308,0.0088496,0.0087935,0.0086863,0.0085912,0.0086226,0.0084172,0.0083557,0.0082939,0.008247,0.0082046,0.0081552,0.0081251,0.0083372,0.0080788,0.0080567,0.0080467
2.107e-13,0.45083,0.24831,0.37736,2.3868,0.30933,0.19897,0.21325,1.8332,0.21787,0.14382,0.18425,1.5558,0.27501,0.17214,0.16916,1.2346,0.17598,0.098917,0.1372,1.0395,0.13635,0.090927,0.11164,0.80323,0.1114,0.0642,0.10033,0.70111,0.08873,0.048446,0.03744,0.1303,0.024252,0.020452,0.018781,0.027104,0.01699,0.015918,0.015301,0.014694,0.014293,0.013894,0.013535,0.013204,0.012937,0.012665,0.012451,0.012362,0.01204,0.011882,0.011721,0.0116,0.011452,0.01134,0.01122,0.011269,0.011101,0.01103,0.01096,0.011236,0.010882,0.010862,0.010835
3.5835e-13,0.60711,0.36586,0.42203,2.8467,0.3938,0.25095,0.30756,2.3541,0.26788,0.19173,0.24543,2.1721,0.26457,0.18501,0.2291,1.8243,0.24405,0.18221,0.23769,1.5545,0.23724,0.15327,0.227,1.757,0.23008,0.1338,0.216,1.4953,0.19722,0.095615,0.077444,0.2292,0.050963,0.042178,0.037743,0.055332,0.033529,0.031141,0.029717,0.028333,0.02717,0.026237,0.025411,0.024559,0.023978,0.023397,0.022892,0.022488,0.02197,0.021604,0.021265,0.02078,0.020664,0.020423,0.02018,0.020109,0.019867,0.019731,0.019622,0.019579,0.019356,0.019305,0.019262
3.4172e-13,0.61984,0.36769,0.39872,3.1867,0.40489,0.26187,0.35864,2.5123,0.35803,0.24193,0.30441,2.5553,0.32214,0.2247,0.29079,2.3743,0.28181,0.22628,0.2929,2.1416,0.28926,0.20571,0.28843,2.1328,0.27876,0.18312,0.26265,1.8635,0.24225,0.11551,0.091727,0.25653,0.058614,0.050328,0.046015,0.069922,0.040043,0.038093,0.036116,0.034673,0.033464,0.032378,0.031466,0.030484,0.029757,0.029074,0.028479,0.02801,0.027393,0.026934,0.026524,0.026159,0.025783,0.025479,0.025201,0.025096,0.024798,0.024617,0.024486,0.024468,0.02418,0.024126,0.024084
3.1454e-13,0.64875,0.39422,0.5009,3.4401,0.44185,0.31722,0.41835,2.8449,0.41109,0.28858,0.3536,2.9404,0.383,0.24238,0.32771,2.7363,0.34472,0.21895,0.27981,2.2634,0.24837,0.21558,0.28777,1.8087,0.21001,0.16608,0.22731,1.5355,0.20879,0.10469,0.078623,0.19441,0.052196,0.045618,0.042592,0.058378,0.0378,0.035159,0.033525,0.03231,0.03117,0.030211,0.029375,0.028369,0.027955,0.027358,0.026816,0.026338,0.025926,0.025537,0.025178,0.025117,0.024552,0.024308,0.024077,0.023959,0.023775,0.023608,0.02351,0.023168,0.02324,0.023193,0.023163
2.5444e-13,0.77301,0.42772,0.56875,4.2487,0.4788,0.40394,0.63794,4.3868,0.50435,0.35157,0.4706,3.7491,0.4361,0.31204,0.43857,3.4255,0.4244,0.27199,0.36774,2.4808,0.35042,0.24156,0.32374,2.2392,0.27464,0.18259,0.24166,1.7694,0.22227,0.13302,0.10946,0.2771,0.067321,0.057418,0.052745,0.061337,0.046204,0.043176,0.040991,0.03951,0.037936,0.03669,0.035559,0.034272,0.03367,0.032858,0.032112,0.031767,0.030846,0.03034,0.029855,0.029611,0.028962,0.028632,0.028301,0.028309,0.027828,0.027605,0.027411,0.027198,0.027174,0.027067,0.027003
3.055e-13,0.81481,0.51985,0.78362,4.9155,0.67334,0.62228,0.79689,5.8843,0.80616,0.54642,0.65104,5.0614,0.68452,0.48082,0.6364,4.519,0.6206,0.40806,0.56074,3.588,0.4714,0.33018,0.38196,2.9381,0.32611,0.23751,0.33258,2.1224,0.26214,0.14005,0.1151,0.26468,0.074694,0.064873,0.060072,0.081458,0.054459,0.051206,0.048892,0.047198,0.045443,0.044063,0.042808,0.041818,0.040723,0.039807,0.039032,0.038079,0.037657,0.037075,0.036518,0.035997,0.035506,0.035129,0.034761,0.034581,0.034221,0.033973,0.033809,0.033463,0.033388,0.033293,0.033247
2.2855e-13,0.55357,0.33083,0.48006,3.8935,0.34884,0.25369,0.29299,2.0762,0.3032,0.18074,0.23812,1.8294,0.244,0.17625,0.21953,1.5811,0.19236,0.14453,0.17682,1.2504,0.14714,0.11408,0.14444,1.1987,0.11817,0.098639,0.11249,0.73362,0.10343,0.048833,0.046665,0.1085,0.030321,0.027334,0.025566,0.036433,0.022804,0.021887,0.020881,0.020338,0.01955,0.019043,0.018554,0.018153,0.017753,0.017381,0.017071,0.016757,0.016536,0.016294,0.016076,0.015926,0.015682,0.015531,0.015393,0.015137,0.015179,0.015075,0.014992,0.015205,0.014888,0.014852,0.014848
2.3854e-13,0.83701,0.47835,0.72785,7.078,0.62207,0.53652,0.72271,5.9359,0.75351,0.48918,0.63851,5.1061,0.65562,0.47243,0.60663,4.58,0.5944,0.40892,0.5322,3.6586,0.44529,0.31032,0.38971,3.0341,0.3364,0.21927,0.34772,2.2692,0.26496,0.15158,0.12961,0.28121,0.076546,0.065413,0.059216,0.084444,0.054085,0.050224,0.047614,0.045733,0.043767,0.042393,0.041052,0.039893,0.038879,0.037928,0.037162,0.036492,0.035703,0.035125,0.034542,0.033899,0.033535,0.033154,0.032811,0.03273,0.032249,0.031994,0.031833,0.032062,0.031464,0.031379,0.031355
2.7827e-13,0.87896,0.56011,0.72653,6.3575,0.73298,0.55342,0.85809,6.8042,0.79516,0.58901,0.85804,7.0265,0.87975,0.53864,0.75476,5.7726,0.72948,0.48121,0.60286,4.5814,0.5766,0.37304,0.52891,3.6195,0.41812,0.31215,0.42628,3.04,0.39836,0.1939,0.17574,0.41644,0.10123,0.087924,0.080854,0.10591,0.072529,0.067302,0.064086,0.061882,0.059688,0.057845,0.056242,0.05473,0.053344,0.052138,0.051018,0.050013,0.049192,0.048411,0.047747,0.047789,0.046404,0.045886,0.045382,0.045044,0.044756,0.044411,0.044128,0.043593,0.043721,0.04359,0.043534
1.7159e-13,0.69428,0.38575,0.58041,7.3446,0.49399,0.34859,0.52501,4.6341,0.51077,0.37133,0.54597,4.4059,0.57142,0.33102,0.46817,4.102,0.46762,0.3111,0.40632,2.9141,0.38309,0.24989,0.351,2.387,0.29459,0.19263,0.2687,1.8407,0.24253,0.13477,0.10583,0.2363,0.06447,0.057027,0.052575,0.062101,0.047568,0.043712,0.042014,0.040239,0.038802,0.037489,0.036379,0.035243,0.034418,0.033552,0.032804,0.032195,0.031517,0.030972,0.030485,0.030296,0.029551,0.029204,0.028862,0.028765,0.028401,0.028163,0.02795,0.027694,0.027661,0.027561,0.027529
2.137e-13,0.54226,0.30728,0.53367,5.4537,0.3066,0.1671,0.22272,1.6405,0.2081,0.13451,0.17067,1.1444,0.24346,0.14922,0.15868,1.1198,0.13425,0.095114,0.13184,0.81804,0.11895,0.081773,0.094881,0.759,0.096088,0.070673,0.081688,0.61194,0.072089,0.039523,0.033931,0.09293,0.021669,0.019221,0.017788,0.023511,0.016877,0.015831,0.015303,0.01486,0.014397,0.01402,0.013686,0.01337,0.013123,0.01288,0.012663,0.012439,0.012289,0.012116,0.011962,0.011965,0.011693,0.011588,0.011493,0.011453,0.011346,0.011275,0.011214,0.011272,0.011134,0.011113,0.011074
1.9545e-13,0.45422,0.23017,0.33371,2.4996,0.26665,0.17085,0.19836,1.4444,0.19914,0.12317,0.16858,1.2708,0.27303,0.16386,0.14805,1.0677,0.11979,0.080752,0.10942,0.76919,0.10212,0.06787,0.086685,0.62958,0.069439,0.05482,0.071064,0.49779,0.056811,0.031876,0.026418,0.089571,0.016629,0.015122,0.014319,0.021797,0.013008,0.012295,0.011839,0.011544,0.011159,0.010872,0.010613,0.010345,0.010173,0.0099753,0.009807,0.0096338,0.0095101,0.0093845,0.0092669,0.0092221,0.0090601,0.0089687,0.008886,0.0090074,0.0087794,0.008724,0.0086751,0.0090345,0.0086025,0.0085869,0.0085615
1.7216e-13,0.33825,0.2037,0.23073,1.6089,0.2288,0.15391,0.20469,1.3749,0.15158,0.10546,0.14434,0.98367,0.2157,0.12951,0.1126,0.72372,0.09095,0.064283,0.079112,0.60516,0.074264,0.052968,0.071017,0.53841,0.061247,0.04284,0.05734,0.42509,0.055396,0.030449,0.026,0.085035,0.018212,0.015872,0.014789,0.0186,0.013205,0.012327,0.011963,0.011604,0.011223,0.010931,0.01067,0.010452,0.010202,0.010006,0.0098294,0.0096943,0.0095095,0.0093851,0.0092643,0.0092754,0.00905,0.0089591,0.0088684,0.0089225,0.0087777,0.0087199,0.0086685,0.0090158,0.008613,0.0085884,0.0085814
3.4274e-13,0.73591,0.39712,0.3979,2.6307,0.46049,0.44427,0.86402,5.8652,0.6595,0.43852,0.55387,4.4231,0.56294,0.44479,0.54405,3.6758,0.51846,0.32184,0.41716,3.539,0.38221,0.25812,0.29543,2.7145,0.28496,0.20556,0.26787,1.9551,0.21849,0.10982,0.091648,0.33417,0.066167,0.050138,0.044103,0.089466,0.037743,0.035331,0.033368,0.031801,0.030615,0.029368,0.028343,0.027334,0.026541,0.025799,0.025137,0.02429,0.023996,0.023503,0.02308,0.023172,0.022273,0.021961,0.02163,0.021251,0.021183,0.020978,0.020847,0.020689,0.020467,0.020359,0.020324
3.2598e-13,0.78093,0.44077,0.518,3.5725,0.62396,0.6131,0.94121,6.7463,0.73087,0.53561,0.78222,5.8496,0.6777,0.48,0.63679,4.4537,0.56819,0.34488,0.49676,3.2531,0.42917,0.30403,0.40234,2.9085,0.35291,0.25998,0.30824,2.143,0.27107,0.14246,0.12815,0.37903,0.080772,0.072135,0.068156,0.11006,0.05669,0.054981,0.052327,0.050174,0.048388,0.046756,0.045352,0.044371,0.04293,0.041856,0.040921,0.040178,0.039296,0.038659,0.038029,0.037018,0.036939,0.036481,0.036042,0.035771,0.035471,0.035177,0.035034,0.034334,0.034548,0.034445,0.034408
1.7686e-13,0.77303,0.47025,0.58543,4.2104,0.71886,0.89267,1.1917,7.2359,0.9325,0.70884,1.1409,7.4154,0.8238,0.64966,0.78331,5.57,0.7257,0.42342,0.53268,3.7845,0.49165,0.36578,0.46638,3.1666,0.42183,0.26689,0.32135,2.5756,0.26241,0.16972,0.13577,0.3656,0.094877,0.082933,0.077433,0.12546,0.069302,0.065702,0.06234,0.059997,0.058148,0.056432,0.054833,0.053454,0.05219,0.051076,0.050028,0.049287,0.048285,0.047499,0.046854,0.046379,0.045509,0.045033,0.044585,0.044283,0.04399,0.043624,0.043395,0.043083,0.043021,0.042886,0.042854
2.3355e-13,0.70434,0.4413,0.51286,2.9378,0.64966,0.63884,1.118,7.6377,0.83553,0.59095,0.84223,6.5027,0.72949,0.53418,0.63748,4.8513,0.58312,0.40352,0.50072,3.4346,0.48375,0.328,0.44421,2.9953,0.38799,0.27321,0.33753,2.5378,0.2982,0.17269,0.12992,0.38766,0.091796,0.078473,0.071739,0.11765,0.064213,0.060357,0.057337,0.055048,0.05309,0.051394,0.049972,0.048952,0.047368,0.04631,0.045385,0.044772,0.043802,0.04306,0.042448,0.042362,0.04127,0.040862,0.040514,0.040364,0.039899,0.039638,0.039444,0.038965,0.039008,0.038954,0.03889
3.7529e-13,1.1209,0.57596,0.5808,4.1229,0.7293,0.68047,1.2862,9.4913,0.85722,0.61132,0.78605,6.147,0.58301,0.48927,0.54786,3.9204,0.54441,0.35214,0.47118,3.8398,0.45139,0.29719,0.38889,2.5565,0.3399,0.25121,0.29741,2.118,0.2654,0.17237,0.12137,0.37528,0.079662,0.069128,0.064529,0.10881,0.055558,0.052214,0.049748,0.047567,0.04602,0.04452,0.043232,0.041763,0.040813,0.039859,0.038989,0.038159,0.037376,0.036761,0.03616,0.035585,0.03509,0.034682,0.034317,0.034491,0.033587,0.033317,0.033089,0.033079,0.032764,0.03262,0.032513
2.0764e-13,0.56852,0.33335,0.30388,2.2381,0.37661,0.31898,0.4934,2.7507,0.39518,0.26257,0.35828,2.7175,0.35919,0.21949,0.29052,2.2949,0.30249,0.1984,0.24599,1.8525,0.25616,0.15664,0.21239,1.7347,0.18261,0.14344,0.17094,1.4191,0.15732,0.088156,0.066898,0.19987,0.038995,0.033786,0.031479,0.048169,0.027898,0.02624,0.024847,0.023904,0.023172,0.0224,0.021733,0.021166,0.020668,0.020222,0.019815,0.019492,0.019081,0.018786,0.018534,0.01814,0.017979,0.017789,0.017593,0.017448,0.017354,0.017229,0.017134,0.017126,0.016942,0.016901,0.016866
2.2635e-13,0.79751,0.43582,0.52434,4.0311,0.7345,0.6629,1.0375,6.2632,0.78736,0.5556,0.66991,5.3054,0.59567,0.38461,0.46342,3.3538,0.41662,0.28054,0.36356,2.6932,0.34607,0.2255,0.29287,2.2924,0.22878,0.16769,0.21844,1.6238,0.21727,0.11479,0.088174,0.23644,0.062359,0.055728,0.051623,0.069907,0.046005,0.043722,0.042018,0.040546,0.039339,0.038154,0.037171,0.036248,0.035397,0.034652,0.033973,0.033526,0.032821,0.032289,0.031887,0.031222,0.03097,0.030664,0.030353,0.030349,0.029921,0.02971,0.029526,0.030177,0.029324,0.029201,0.02919
2.3254e-13,1.0668,0.60954,0.72451,5.4239,1.01,0.99776,1.5983,10.646,1.2065,0.80242,0.98145,7.7869,0.94447,0.603,0.76712,5.2513,0.63162,0.44757,0.64217,3.8369,0.53901,0.37049,0.43976,3.3921,0.39895,0.29196,0.35782,2.7096,0.32714,0.19877,0.15474,0.33429,0.11583,0.10072,0.092346,0.10949,0.081905,0.077405,0.074233,0.071971,0.069546,0.067395,0.065634,0.064088,0.062475,0.061154,0.059962,0.059164,0.057972,0.057071,0.056347,0.055639,0.054804,0.054245,0.053712,0.053459,0.052974,0.052623,0.052337,0.052554,0.051886,0.051729,0.051692
2.5769e-13,1.0873,0.64652,0.77857,5.706,1.0684,1.3019,1.5607,10.525,1.3646,1.0046,1.6237,12.37,1.3611,1.0414,1.3025,8.8652,1.1062,0.69121,0.86793,6.4347,0.83656,0.60555,0.73014,4.5903,0.64013,0.44273,0.54939,4.3421,0.43142,0.28036,0.20211,0.45508,0.15772,0.13979,0.13015,0.14358,0.11687,0.11084,0.10661,0.10353,0.10035,0.097628,0.095071,0.0932,0.090892,0.08906,0.087385,0.086073,0.084812,0.083449,0.082384,0.082195,0.080276,0.07952,0.078864,0.078455,0.077826,0.077243,0.076931,0.076123,0.076287,0.076151,0.076037
2.7632e-13,1.157,0.67351,0.73991,5.9707,1.001,1.2193,1.6513,9.8552,1.2649,0.95332,1.5129,9.6653,1.096,0.88489,1.0275,6.9318,0.92273,0.53458,0.64314,5.1376,0.62901,0.46811,0.60041,3.8594,0.52286,0.36674,0.41182,3.4245,0.31424,0.19342,0.14829,0.3567,0.11261,0.099496,0.093475,0.11866,0.084971,0.080501,0.077019,0.07455,0.072377,0.070324,0.06846,0.066998,0.065363,0.064001,0.062752,0.06154,0.060781,0.05982,0.059046,0.058793,0.057418,0.056871,0.056363,0.055933,0.055594,0.055177,0.054912,0.054691,0.054499,0.054316,0.054251
3.5293e-13,0.74689,0.48994,0.54098,3.5215,0.53373,0.46009,0.61245,4.3179,0.53205,0.37832,0.61453,4.3879,0.44084,0.32271,0.40203,3.0414,0.418,0.24392,0.33408,2.5335,0.29888,0.23779,0.28388,1.9185,0.28255,0.17715,0.23396,1.8044,0.18209,0.1084,0.078512,0.31031,0.065394,0.054028,0.051406,0.088763,0.045,0.042445,0.040848,0.039381,0.038455,0.037387,0.036447,0.035822,0.034828,0.034124,0.033494,0.032772,0.032463,0.031947,0.031541,0.031431,0.030735,0.030446,0.030139,0.029928,0.029749,0.029555,0.029358,0.029126,0.029147,0.029101,0.029032
2.8808e-13,0.73059,0.50255,0.59435,3.7956,0.61496,0.54926,0.96239,6.7784,0.68065,0.44262,0.65899,4.5656,0.61536,0.40571,0.55983,3.3964,0.41544,0.31229,0.3769,2.8578,0.37646,0.2584,0.33589,2.4835,0.32271,0.22862,0.25403,2.1321,0.21664,0.13922,0.10003,0.30859,0.063324,0.056538,0.052724,0.076416,0.046895,0.044088,0.04233,0.040529,0.039707,0.038448,0.037393,0.036416,0.035542,0.034724,0.034028,0.033404,0.032777,0.032254,0.031738,0.0319,0.030863,0.030518,0.030183,0.029693,0.029664,0.029446,0.029185,0.029404,0.028963,0.028883,0.028805
2.6437e-13,1.121,0.67945,0.72406,5.7629,1.0063,1.0856,1.7656,10.042,1.145,0.80243,1.1334,6.3206,0.862,0.5959,0.67858,4.556,0.54664,0.3424,0.43457,3.1141,0.38783,0.29037,0.34524,2.8773,0.30497,0.22353,0.24978,2.0494,0.19785,0.13962,0.10412,0.25809,0.073694,0.067119,0.063311,0.084282,0.058888,0.056492,0.053906,0.052746,0.051139,0.049837,0.048674,0.04741,0.046576,0.045727,0.044908,0.044501,0.043416,0.042846,0.04232,0.041723,0.041274,0.040866,0.040464,0.040802,0.039965,0.039664,0.039466,0.039305,0.039231,0.039087,0.039005
2.5342e-13,0.68281,0.35471,0.37192,3.2279,0.52182,0.5052,0.784,4.1134,0.55187,0.42318,0.6181,3.7503,0.48798,0.35731,0.39294,2.8987,0.36253,0.22749,0.27267,2.0619,0.25179,0.19505,0.24036,1.7225,0.19371,0.14383,0.1764,1.3774,0.14795,0.09666,0.069426,0.17357,0.046062,0.040632,0.038508,0.052099,0.035293,0.033358,0.03203,0.031051,0.030236,0.029446,0.028719,0.028201,0.027473,0.026971,0.026482,0.026183,0.025625,0.025257,0.02495,0.02471,0.024307,0.024056,0.023831,0.023829,0.023576,0.023384,0.023277,0.023242,0.023086,0.022991,0.022977
2.2759e-13,0.51326,0.35207,0.33263,2.0888,0.36886,0.35949,0.50045,3.8006,0.34626,0.21933,0.29549,2.0053,0.36313,0.20596,0.19411,1.263,0.17642,0.12586,0.14268,0.90712,0.13613,0.088844,0.11722,0.85764,0.10535,0.071472,0.094531,0.74677,0.083573,0.055484,0.039292,0.12068,0.028723,0.024966,0.023505,0.033041,0.021193,0.020335,0.019312,0.018773,0.018257,0.017754,0.017335,0.016792,0.016566,0.016241,0.015939,0.015735,0.01543,0.015223,0.015039,0.014954,0.014649,0.01452,0.014377,0.014353,0.014187,0.014097,0.014018,0.014329,0.013924,0.013921,0.013872
2.1201e-13,0.45987,0.25121,0.28875,2.0972,0.34586,0.30516,0.40988,2.9366,0.28919,0.20748,0.27896,1.778,0.29582,0.18214,0.16934,1.2463,0.15587,0.096181,0.12461,0.97111,0.11559,0.088297,0.10867,0.79793,0.096585,0.061387,0.081584,0.58823,0.074024,0.044793,0.034696,0.094619,0.024538,0.022491,0.021434,0.02962,0.020028,0.019199,0.018457,0.018001,0.017555,0.017147,0.016767,0.016486,0.016135,0.015866,0.015602,0.015415,0.015148,0.014962,0.014803,0.014589,0.014491,0.014357,0.014239,0.014154,0.014092,0.014005,0.013958,0.014049,0.013819,0.013802,0.013799
2.8974e-13,0.47763,0.2405,0.30035,1.8338,0.274,0.17865,0.26437,1.8175,0.19693,0.14182,0.21613,1.452,0.2508,0.15625,0.14805,1.1829,0.12848,0.096375,0.13674,0.86778,0.10954,0.081451,0.087173,0.85068,0.09271,0.066139,0.085667,0.65249,0.071503,0.042478,0.034856,0.08708,0.025009,0.02201,0.020381,0.025401,0.018249,0.017411,0.016519,0.016006,0.015509,0.015056,0.014651,0.014396,0.013965,0.013679,0.013402,0.013123,0.012945,0.012751,0.012566,0.012405,0.012241,0.012115,0.012019,0.011969,0.011824,0.011739,0.011673,0.011998,0.011564,0.011523,0.01153
2.1131e-13,0.54361,0.37588,0.43458,3.053,0.48576,0.51223,0.71298,4.2794,0.52402,0.41883,0.61239,3.7376,0.47545,0.32928,0.38917,2.8176,0.34446,0.20122,0.28939,2.2258,0.26599,0.18927,0.25132,1.7117,0.19964,0.13595,0.17428,1.4157,0.14383,0.093839,0.070021,0.18673,0.050833,0.044682,0.042258,0.052346,0.037806,0.036108,0.034743,0.033595,0.032354,0.031451,0.030622,0.02991,0.029163,0.028512,0.027945,0.027675,0.027028,0.026576,0.026213,0.025981,0.025483,0.025213,0.024942,0.02513,0.024642,0.024448,0.024339,0.02425,0.024092,0.024031,0.023984
3.1844e-13,0.6698,0.45456,0.60102,4.3006,0.58258,0.52867,0.78011,5.3223,0.60063,0.45406,0.67027,4.5989,0.56037,0.41055,0.54378,3.4082,0.42834,0.28319,0.42397,2.9258,0.37325,0.25708,0.36094,2.7722,0.29131,0.21219,0.27563,2.3683,0.22814,0.13479,0.11024,0.27602,0.071143,0.062529,0.058087,0.079363,0.052394,0.048911,0.046626,0.045078,0.043095,0.041664,0.040439,0.039253,0.03833,0.037421,0.036614,0.036111,0.035316,0.034687,0.034129,0.033617,0.033239,0.032841,0.032506,0.03235,0.03198,0.03174,0.031549,0.031674,0.031274,0.031192,0.031126
2.3872e-13,0.85956,0.56731,0.80346,5.3138,0.79622,0.6884,0.9904,7.5297,0.97684,0.63183,0.99081,7.5946,1.0175,0.57228,0.84752,5.7777,0.87772,0.5589,0.7246,5.0207,0.66555,0.42086,0.56836,4.1731,0.48318,0.31329,0.39582,3.4473,0.39473,0.21797,0.17697,0.40232,0.11396,0.10332,0.095796,0.12032,0.084972,0.081012,0.077793,0.075061,0.072017,0.069805,0.067832,0.066045,0.064497,0.063028,0.061702,0.060484,0.059545,0.058597,0.057736,0.057649,0.056149,0.055505,0.054891,0.054021,0.054093,0.053715,0.053356,0.053015,0.05288,0.052733,0.052656
2.0608e-13,0.47816,0.28025,0.32302,2.4944,0.32337,0.2267,0.42456,2.888,0.3422,0.22415,0.30127,2.2815,0.28747,0.18489,0.27574,1.7683,0.23489,0.14935,0.20617,1.3856,0.193,0.13549,0.16046,1.1922,0.14523,0.098021,0.13455,0.96249,0.11185,0.06229,0.058708,0.24618,0.04155,0.032588,0.030859,0.065985,0.025493,0.02309,0.021873,0.021251,0.020394,0.019808,0.01926,0.018856,0.018355,0.017974,0.017619,0.01728,0.017006,0.016751,0.016517,0.016311,0.016123,0.01594,0.015769,0.015847,0.015576,0.015462,0.015366,0.015484,0.01528,0.01523,0.015205
3.3412e-13,0.63036,0.36373,0.40081,3.4823,0.44388,0.30205,0.42153,2.7785,0.35448,0.25523,0.37954,3.0549,0.3681,0.24917,0.33078,2.2712,0.30636,0.18992,0.2401,1.897,0.26214,0.16253,0.19485,1.6195,0.16436,0.11201,0.15299,1.1911,0.1338,0.074672,0.065789,0.1498,0.04079,0.037346,0.034886,0.0477,0.031246,0.030642,0.029323,0.028411,0.027362,0.026657,0.026004,0.025468,0.024834,0.024374,0.02391,0.023579,0.023137,0.022803,0.022506,0.022246,0.021936,0.021716,0.021511,0.021398,0.021259,0.021108,0.021002,0.021561,0.020828,0.020762,0.020726
2.2037e-13,0.38274,0.22968,0.25235,1.9802,0.30983,0.17723,0.27002,1.5634,0.17608,0.11514,0.15644,1.3264,0.19819,0.11039,0.13611,1.0182,0.122,0.09078,0.10531,0.78627,0.10878,0.068699,0.081065,0.68321,0.086262,0.062302,0.071216,0.55518,0.063743,0.03799,0.031156,0.095929,0.021544,0.019102,0.017702,0.026309,0.016877,0.016037,0.015464,0.015039,0.014627,0.01428,0.013953,0.013664,0.013385,0.013144,0.012926,0.012725,0.01253,0.012357,0.012204,0.012117,0.011928,0.011815,0.011697,0.011718,0.011554,0.011477,0.011361,0.011389,0.01135,0.011321,0.011285
2.1074e-13,0.37595,0.2089,0.28147,1.7532,0.24228,0.19773,0.28556,1.7453,0.20396,0.14444,0.21185,1.3488,0.22248,0.14537,0.14589,0.95474,0.1168,0.071127,0.094649,0.71,0.085542,0.066112,0.081837,0.6459,0.06752,0.052328,0.059444,0.47106,0.052173,0.030656,0.026619,0.076345,0.018723,0.017078,0.016199,0.022556,0.014955,0.014276,0.013842,0.013372,0.013039,0.012701,0.012407,0.012073,0.011888,0.01167,0.011467,0.011325,0.011121,0.010964,0.010828,0.010744,0.010575,0.010476,0.010379,0.010413,0.010248,0.010178,0.010126,0.010277,0.010042,0.010017,0.01
2.0432e-13,0.41773,0.25318,0.34072,2.3332,0.22771,0.1552,0.1995,1.5706,0.17918,0.11756,0.15474,1.2763,0.21309,0.11288,0.13892,1.0341,0.12459,0.082504,0.11189,0.73122,0.10517,0.076484,0.092373,0.65851,0.077719,0.057245,0.068046,0.5467,0.055284,0.034209,0.030756,0.089224,0.02037,0.018365,0.017215,0.024225,0.01617,0.01552,0.014931,0.01455,0.014072,0.013738,0.013415,0.013087,0.012887,0.012652,0.012433,0.012254,0.012073,0.011914,0.011764,0.011679,0.01152,0.011402,0.011293,0.01129,0.01118,0.011111,0.011071,0.011366,0.010956,0.010934,0.01092
2.0282e-13,0.46013,0.24674,0.34833,2.0901,0.29031,0.17306,0.22031,1.8013,0.18368,0.13047,0.17998,1.3575,0.29417,0.14166,0.15726,1.2502,0.15214,0.10484,0.13384,0.92818,0.12247,0.076112,0.10814,0.76067,0.097155,0.064451,0.082683,0.64259,0.072434,0.042701,0.034134,0.11434,0.023063,0.020193,0.018885,0.025562,0.017059,0.016412,0.015992,0.015634,0.015052,0.014658,0.014285,0.014011,0.013675,0.013396,0.013158,0.01292,0.012736,0.012554,0.012378,0.01234,0.012088,0.011962,0.011865,0.011748,0.011682,0.011599,0.011497,0.011662,0.011438,0.011411,0.011391
3.0174e-13,0.66093,0.33469,0.40489,3.185,0.41818,0.24124,0.30681,1.9793,0.27783,0.20179,0.28135,2.1892,0.28004,0.18461,0.25571,2.0812,0.24339,0.16891,0.21178,1.5333,0.19545,0.11022,0.16269,1.271,0.16353,0.095016,0.13586,1.1303,0.12875,0.067371,0.056507,0.12295,0.03618,0.030798,0.028848,0.040354,0.025027,0.024005,0.023212,0.022595,0.021665,0.021067,0.020527,0.020115,0.019577,0.019177,0.018821,0.018347,0.01819,0.017908,0.017659,0.017558,0.017231,0.017048,0.01688,0.016848,0.016633,0.016511,0.016381,0.016865,0.016296,0.016247,0.016239
3.4838e-13,0.68875,0.35193,0.49106,4.1629,0.3875,0.25818,0.36575,2.7888,0.34052,0.23522,0.33726,2.7511,0.3113,0.19822,0.30433,2.3551,0.28041,0.19799,0.2582,1.7652,0.2455,0.1483,0.21249,1.6493,0.21483,0.11893,0.16631,1.3904,0.15805,0.078591,0.070104,0.16398,0.045322,0.039674,0.037114,0.05212,0.032608,0.031007,0.029467,0.028675,0.027535,0.026701,0.025958,0.025307,0.024688,0.024139,0.023662,0.023154,0.022795,0.022434,0.0221,0.021913,0.021533,0.021293,0.021058,0.020886,0.020758,0.020591,0.02044,0.020471,0.020335,0.020266,0.020256
3.2323e-13,0.72045,0.38494,0.56119,4.4489,0.46263,0.42451,0.64759,5.1108,0.53183,0.36254,0.59467,4.2035,0.45232,0.3491,0.46167,3.2696,0.33225,0.24851,0.30483,2.315,0.33018,0.22443,0.26073,1.8897,0.25096,0.17381,0.20545,1.434,0.19822,0.10602,0.093902,0.23709,0.057298,0.051222,0.048009,0.058868,0.044237,0.04202,0.040393,0.038945,0.03775,0.036667,0.035684,0.034718,0.034048,0.033328,0.032673,0.032228,0.031613,0.031153,0.03073,0.030374,0.029917,0.029619,0.029334,0.029189,0.028935,0.028753,0.028633,0.028318,0.028331,0.028296,0.028225
2.6757e-13,0.64996,0.3425,0.54105,3.8965,0.36268,0.25629,0.32246,2.6673,0.35255,0.23647,0.32492,2.7368,0.34515,0.23143,0.31175,2.2781,0.26446,0.20456,0.2569,1.9847,0.25098,0.15029,0.19379,1.6598,0.18954,0.12183,0.13984,1.2055,0.15169,0.084594,0.070446,0.16444,0.04673,0.040268,0.036652,0.053471,0.032746,0.030919,0.029611,0.028327,0.027354,0.026474,0.025675,0.025115,0.02438,0.023797,0.023295,0.02284,0.022443,0.022057,0.021709,0.021371,0.02111,0.020861,0.020634,0.020557,0.020276,0.020117,0.019966,0.020014,0.019793,0.019735,0.019687
3.5711e-13,0.65807,0.36227,0.56816,3.2556,0.3307,0.19888,0.22892,2.0035,0.22645,0.15114,0.20103,1.4097,0.25799,0.15461,0.17529,1.2073,0.15011,0.11974,0.16485,1.011,0.13276,0.093122,0.11315,0.90274,0.11539,0.074546,0.096766,0.73538,0.090504,0.054084,0.044133,0.12238,0.02954,0.026205,0.024066,0.030732,0.022271,0.020957,0.020438,0.019899,0.019134,0.018599,0.018153,0.017731,0.017355,0.017009,0.016702,0.016395,0.016189,0.015959,0.015756,0.015705,0.015384,0.015242,0.015107,0.015144,0.014924,0.014828,0.014753,0.015226,0.014666,0.01461,0.014595
2.8468e-13,0.74577,0.42493,0.66927,4.5046,0.55043,0.40574,0.55949,4.5187,0.5903,0.3889,0.58962,4.3989,0.59174,0.33279,0.49794,3.7298,0.4951,0.33184,0.45444,3.0359,0.4114,0.2469,0.34206,2.5061,0.296,0.1831,0.23495,1.9951,0.22201,0.1286,0.10197,0.21646,0.068378,0.061106,0.056386,0.068357,0.051171,0.048236,0.046394,0.044541,0.042803,0.041404,0.040159,0.039164,0.038172,0.037215,0.036428,0.035838,0.035096,0.034518,0.033985,0.033749,0.03302,0.032651,0.032275,0.031985,0.031795,0.03157,0.031388,0.031154,0.031072,0.030978,0.030939
