1.7747e-13,0.61129,0.2996,0.37213,2.5883,0.27406,0.18166,0.25462,1.5415,0.1951,0.12557,0.15888,1.3657,0.19713,0.12712,0.15043,1.2088,0.13638,0.10042,0.14341,0.92919,0.097622,0.078379,0.11369,0.71479,0.10139,0.07552,0.096164,0.61662,0.066073,0.043749,0.034503,0.090167,0.022559,0.020161,0.018825,0.021355,0.017196,0.016379,0.0157,0.015302,0.01489,0.014491,0.014132,0.01378,0.01354,0.013265,0.013028,0.012855,0.01262,0.01245,0.01228,0.01222,0.012,0.011884,0.011771,0.011804,0.011626,0.011553,0.011522,0.011636,0.011379,0.011339,0.011341
4.6946e-13,0.69197,0.39111,0.43416,2.7669,0.43832,0.25015,0.2807,2.0599,0.26168,0.18765,0.2251,1.7723,0.22866,0.13823,0.18861,1.3327,0.17067,0.13057,0.15059,1.1098,0.13558,0.094533,0.12413,0.90955,0.10913,0.071472,0.088052,0.68492,0.083526,0.050092,0.042311,0.11077,0.028354,0.026407,0.025126,0.032262,0.023202,0.022093,0.021703,0.021127,0.020528,0.020049,0.019626,0.019286,0.018914,0.018582,0.018304,0.018061,0.017785,0.017574,0.01738,0.017277,0.017019,0.016873,0.016726,0.016739,0.016559,0.016459,0.016343,0.017456,0.01629,0.016247,0.016252
2.4564e-13,0.66078,0.41007,0.45014,3.5789,0.41152,0.22339,0.23472,1.5332,0.19623,0.13001,0.18458,1.0878,0.19534,0.11652,0.13538,0.99692,0.11535,0.082656,0.10423,0.65947,0.090844,0.07112,0.09537,0.57398,0.081092,0.061863,0.07173,0.44133,0.059351,0.038396,0.035825,0.089472,0.026115,0.024522,0.02337,0.024695,0.022043,0.021296,0.020621,0.020166,0.019752,0.019338,0.018961,0.018665,0.018333,0.018054,0.017788,0.01757,0.017346,0.017156,0.016972,0.016873,0.016669,0.016537,0.016414,0.016351,0.016253,0.016182,0.016145,0.015859,0.01597,0.015927,0.01593
1.952e-13,0.64888,0.45702,0.44662,4.1736,0.4844,0.26212,0.22032,1.3489,0.19525,0.12716,0.15601,0.78665,0.16776,0.09655,0.10947,0.62947,0.092958,0.071025,0.085821,0.48164,0.084529,0.060039,0.066619,0.39863,0.057134,0.050595,0.056566,0.32985,0.049465,0.037677,0.032318,0.079657,0.02728,0.025818,0.024888,0.027244,0.023624,0.023016,0.022437,0.021911,0.021528,0.021135,0.020792,0.020455,0.020156,0.019879,0.019625,0.019349,0.019185,0.018985,0.01881,0.018758,0.018489,0.018351,0.018231,0.018221,0.018067,0.017994,0.017962,0.018132,0.017783,0.017749,0.017722
2.2908e-13,0.65669,0.43776,0.44436,4.194,0.48891,0.27365,0.23824,1.6137,0.20942,0.14325,0.18243,1.0307,0.23371,0.13261,0.14362,0.81315,0.12984,0.082665,0.10206,0.62164,0.093079,0.078024,0.097221,0.53637,0.078589,0.067505,0.065763,0.46152,0.060587,0.038836,0.038962,0.10821,0.029998,0.028292,0.027269,0.029602,0.025805,0.025027,0.024338,0.02387,0.023393,0.022949,0.022552,0.022214,0.021837,0.021521,0.021226,0.020947,0.020726,0.020508,0.020305,0.020132,0.019951,0.019798,0.019651,0.019723,0.019473,0.019389,0.019322,0.019309,0.019178,0.019139,0.01912
2.7618e-13,0.64278,0.37059,0.44584,3.479,0.46804,0.24844,0.26452,1.8872,0.24532,0.13672,0.18147,1.1344,0.20501,0.13082,0.14802,1.1252,0.16873,0.099491,0.13175,0.76206,0.1138,0.084809,0.11404,0.725,0.098373,0.072053,0.082268,0.62053,0.069783,0.045047,0.0414,0.10019,0.029882,0.027102,0.025432,0.031878,0.023775,0.022465,0.021788,0.021199,0.020677,0.020145,0.019692,0.019379,0.018907,0.018565,0.018242,0.018007,0.017693,0.017461,0.017259,0.01706,0.016843,0.016689,0.016526,0.016531,0.016346,0.016234,0.016137,0.016649,0.016058,0.016013,0.016002
4.0262e-13,0.67559,0.36957,0.51541,3.1836,0.4541,0.25758,0.27406,1.7175,0.25744,0.15448,0.17644,1.192,0.16608,0.13144,0.1462,1.091,0.14537,0.097448,0.12267,0.8698,0.11679,0.099245,0.11444,0.77751,0.098464,0.063388,0.077719,0.68891,0.074358,0.047378,0.038818,0.09395,0.029014,0.026853,0.025602,0.032919,0.023339,0.022402,0.021906,0.02137,0.020806,0.020352,0.019935,0.019556,0.019231,0.018927,0.018631,0.018387,0.018148,0.017921,0.017735,0.017557,0.017386,0.017244,0.017093,0.01717,0.016925,0.01682,0.016692,0.017349,0.016684,0.016618,0.016606
4.2632e-13,0.79128,0.42277,0.52503,3.5536,0.41648,0.33326,0.41317,3.2476,0.34744,0.23924,0.29004,2.4201,0.32438,0.18224,0.21759,1.6971,0.22507,0.16372,0.18582,1.4882,0.18985,0.12379,0.1622,0.97697,0.12711,0.093639,0.11896,0.7882,0.10856,0.058086,0.045308,0.11721,0.034039,0.031034,0.029485,0.038051,0.025718,0.025136,0.024659,0.023801,0.023313,0.022736,0.022241,0.021766,0.02133,0.020951,0.020609,0.020225,0.019972,0.019728,0.019476,0.019353,0.019051,0.018873,0.01871,0.018744,0.01849,0.018388,0.018373,0.018391,0.018063,0.01801,0.018002
4.5076e-13,0.6604,0.3148,0.43259,3.0438,0.35656,0.23846,0.3128,2.1597,0.25977,0.15945,0.18511,1.4882,0.21729,0.12263,0.1471,1.1278,0.1619,0.098327,0.13436,0.74649,0.11398,0.085988,0.11271,0.65499,0.11408,0.065267,0.083784,0.52673,0.074987,0.042001,0.037962,0.090891,0.028189,0.02554,0.024075,0.028197,0.022407,0.021428,0.020618,0.020173,0.01967,0.019213,0.018797,0.018522,0.018109,0.017804,0.017524,0.017283,0.017061,0.016853,0.016663,0.016627,0.016304,0.016171,0.016047,0.016208,0.015885,0.015807,0.015801,0.016807,0.015605,0.015576,0.015542
2.9144e-13,0.48264,0.30338,0.31063,2.484,0.31996,0.21075,0.22136,1.4278,0.17295,0.11932,0.13502,0.88753,0.19197,0.095881,0.11038,0.82219,0.11818,0.076322,0.099554,0.64891,0.093771,0.072582,0.092103,0.53977,0.085423,0.054682,0.062368,0.50241,0.053531,0.035108,0.034065,0.080466,0.024368,0.0224,0.02126,0.02315,0.01983,0.019418,0.018811,0.018324,0.017855,0.017477,0.017117,0.016792,0.016521,0.016246,0.015996,0.015839,0.015582,0.015392,0.015232,0.015078,0.014925,0.014799,0.014674,0.014688,0.014528,0.014453,0.014374,0.014913,0.014305,0.014277,0.014266
1.847e-13,0.43951,0.30706,0.30429,2.2904,0.33241,0.21366,0.21407,1.1719,0.13176,0.085327,0.098465,0.5774,0.16537,0.082424,0.073557,0.56694,0.082486,0.052797,0.061624,0.41255,0.065483,0.045631,0.053962,0.39813,0.054106,0.039908,0.047286,0.35762,0.043692,0.029336,0.025167,0.069394,0.019749,0.01841,0.017493,0.019293,0.016084,0.015612,0.015185,0.014818,0.014419,0.01411,0.013824,0.013542,0.013327,0.01312,0.012918,0.012741,0.012578,0.01243,0.012289,0.012219,0.012056,0.011953,0.011864,0.011883,0.011732,0.011685,0.011652,0.011547,0.011505,0.011484,0.011478
1.9974e-13,0.43763,0.26811,0.29774,1.8026,0.2822,0.16901,0.19856,1.2554,0.13925,0.095627,0.13016,0.77546,0.1504,0.080543,0.092335,0.67825,0.085949,0.058778,0.070206,0.54111,0.065766,0.050194,0.062393,0.50133,0.06101,0.042443,0.061921,0.38501,0.0488,0.027404,0.025538,0.06913,0.018682,0.017361,0.016691,0.018505,0.015057,0.014783,0.014293,0.013966,0.013647,0.013347,0.013074,0.012901,0.012604,0.0124,0.012209,0.01205,0.011883,0.011743,0.011607,0.011485,0.011379,0.01128,0.011185,0.01116,0.011069,0.011001,0.010942,0.011053,0.01089,0.01087,0.010841
5.0751e-13,0.83449,0.45614,0.58801,3.3654,0.42909,0.25038,0.3461,2.1361,0.25285,0.16615,0.21692,1.3044,0.18699,0.1274,0.14064,0.98298,0.12431,0.087248,0.1227,0.83688,0.12348,0.084176,0.10288,0.73145,0.087197,0.068233,0.085036,0.61476,0.073136,0.047961,0.036964,0.079975,0.030922,0.028342,0.026819,0.029972,0.02534,0.024471,0.023551,0.022871,0.022306,0.02179,0.021337,0.020848,0.020495,0.020149,0.019818,0.019482,0.019273,0.019039,0.018806,0.01864,0.01842,0.018255,0.018104,0.018058,0.017903,0.01781,0.01774,0.017917,0.017592,0.017533,0.01753
3.7706e-13,0.66073,0.38607,0.45722,3.1903,0.38529,0.21173,0.26309,2.0902,0.25251,0.14764,0.17634,1.1686,0.16628,0.11598,0.13459,1.0682,0.12781,0.081017,0.11899,0.71197,0.11508,0.078402,0.10173,0.73271,0.094421,0.065852,0.080501,0.54199,0.072523,0.039352,0.032905,0.077848,0.027968,0.025878,0.02458,0.027463,0.023113,0.022627,0.021925,0.021381,0.020927,0.020503,0.02013,0.019735,0.019438,0.019141,0.018868,0.018649,0.01839,0.018194,0.018,0.017848,0.017649,0.017511,0.017386,0.017353,0.017191,0.017121,0.017086,0.017646,0.016931,0.016889,0.016844
5.7426e-13,1.2739,0.7336,0.90298,8.4787,0.47934,0.33678,0.48765,4.4838,0.50293,0.4045,0.51634,3.5893,0.48603,0.3564,0.43302,3.3923,0.38174,0.29514,0.42452,2.4962,0.32504,0.25544,0.28495,1.9205,0.25621,0.15867,0.21315,1.5901,0.20459,0.12266,0.08083,0.20145,0.064815,0.057982,0.054122,0.059357,0.049104,0.045866,0.04414,0.04264,0.041333,0.040219,0.039238,0.03812,0.037381,0.03664,0.035982,0.035455,0.034839,0.034339,0.033877,0.033498,0.033104,0.032793,0.032508,0.032459,0.032015,0.03182,0.031606,0.031356,0.031486,0.031396,0.031346
2.9946e-13,0.69012,0.41105,0.48031,4.302,0.40092,0.24814,0.33317,2.4538,0.26412,0.18078,0.27914,2.0321,0.25102,0.15287,0.21429,1.623,0.20789,0.14402,0.20237,1.2554,0.17585,0.11216,0.14019,0.98472,0.13408,0.10392,0.11637,0.73543,0.11281,0.055184,0.052756,0.10733,0.034398,0.031498,0.029685,0.036778,0.026494,0.026018,0.02482,0.024153,0.023573,0.023003,0.022507,0.022081,0.021611,0.021227,0.020871,0.020417,0.0203,0.020041,0.019811,0.019679,0.01939,0.019218,0.019061,0.018989,0.018863,0.018752,0.01867,0.018762,0.018526,0.018499,0.018466
4.4462e-13,1.0182,0.55497,0.63993,4.9213,0.46735,0.24316,0.31227,2.1644,0.26972,0.18744,0.26908,1.7148,0.2,0.13859,0.16379,1.2277,0.15955,0.10871,0.13525,1.0278,0.13738,0.084835,0.10883,0.98503,0.11112,0.075705,0.093172,0.71935,0.080932,0.047487,0.042877,0.095812,0.02927,0.026721,0.025402,0.031235,0.022879,0.022418,0.021764,0.021142,0.020635,0.020148,0.019729,0.019255,0.018952,0.018616,0.018326,0.018031,0.01781,0.017586,0.01738,0.017045,0.017018,0.016869,0.016738,0.016724,0.016523,0.016452,0.016426,0.016556,0.016165,0.016152,0.016121
2.9812e-13,0.76783,0.38319,0.63727,3.2922,0.37891,0.22653,0.28256,1.9283,0.22429,0.16661,0.21879,1.1314,0.15829,0.11315,0.15402,0.99345,0.13334,0.093487,0.11741,0.95901,0.12115,0.073623,0.10431,0.80272,0.11073,0.07081,0.0908,0.71421,0.072699,0.045779,0.042154,0.10193,0.027817,0.025587,0.024659,0.031386,0.021991,0.021899,0.021348,0.020747,0.020428,0.020008,0.019617,0.019263,0.01894,0.018637,0.018381,0.018147,0.017924,0.017701,0.017504,0.01743,0.017166,0.017038,0.016909,0.016944,0.016728,0.016649,0.016629,0.016561,0.016411,0.01638,0.016364
1.4996e-13,0.3791,0.24648,0.34668,2.161,0.27387,0.14379,0.14536,1.094,0.11769,0.088241,0.1093,0.69809,0.13298,0.091036,0.086655,0.53985,0.06773,0.051716,0.061262,0.50982,0.060306,0.042284,0.057814,0.35264,0.043956,0.034133,0.043535,0.31521,0.035322,0.021023,0.021472,0.092055,0.013341,0.012546,0.012103,0.014136,0.011073,0.011035,0.010691,0.010466,0.010296,0.010099,0.0099169,0.0097648,0.0096122,0.0094719,0.0093421,0.0092492,0.0091273,0.0090273,0.008937,0.0088642,0.0087886,0.0087149,0.0086548,0.0086304,0.0085795,0.0085373,0.0085147,0.0085548,0.0084219,0.0084155,0.0084197
1.5762e-13,0.57926,0.41978,0.6963,3.4408,0.25793,0.14539,0.15395,1.7599,0.13863,0.094987,0.11625,0.95707,0.13605,0.070755,0.080318,0.7928,0.074738,0.050656,0.061084,0.54122,0.052681,0.038193,0.052901,0.38487,0.04812,0.037818,0.041207,0.36285,0.0435,0.025377,0.023799,0.1036,0.018454,0.016963,0.01585,0.021156,0.014974,0.01447,0.014072,0.013736,0.013406,0.013136,0.012884,0.012636,0.012441,0.012254,0.012083,0.011892,0.011778,0.011649,0.011526,0.011436,0.01131,0.011222,0.011138,0.01104,0.010994,0.01095,0.010902,0.01078,0.010859,0.0108,0.010849
1.9447e-13,0.96721,0.45789,0.78716,5.9501,0.32195,0.19668,0.19271,1.6181,0.18892,0.13231,0.15791,1.0629,0.121,0.086429,0.12162,1.1498,0.092878,0.067509,0.085012,0.75539,0.076283,0.051918,0.072193,0.48433,0.068735,0.051727,0.061669,0.43748,0.058041,0.034486,0.034482,0.06066,0.025641,0.024597,0.02374,0.02603,0.022599,0.021982,0.021389,0.020934,0.020592,0.020231,0.019899,0.019614,0.019296,0.019036,0.018794,0.018568,0.01837,0.018183,0.018007,0.017871,0.017738,0.017601,0.01749,0.017401,0.017299,0.017209,0.017125,0.01666,0.017087,0.017012,0.017064
2.4693e-13,1.383,0.57512,0.95946,9.0567,0.402,0.24125,0.27318,2.3898,0.23078,0.16707,0.18472,1.5516,0.16617,0.12593,0.14003,1.2714,0.13389,0.083248,0.10858,0.8972,0.10634,0.076302,0.092889,0.74233,0.080427,0.06666,0.077915,0.49983,0.075488,0.044887,0.044423,0.089692,0.034377,0.032878,0.031857,0.033704,0.029305,0.028995,0.028115,0.02749,0.027023,0.026512,0.026073,0.025664,0.025235,0.024874,0.024541,0.02419,0.023983,0.023719,0.023486,0.023221,0.023117,0.022935,0.022776,0.022678,0.022544,0.022407,0.022295,0.021762,0.022266,0.022158,0.02222
3.2166e-13,1.3621,0.60136,0.89626,9.2067,0.53874,0.32618,0.40634,3.3408,0.32161,0.22022,0.27362,2.4567,0.27942,0.18897,0.22394,1.7902,0.22021,0.15906,0.19031,1.476,0.18101,0.11902,0.17296,1.1079,0.12426,0.10203,0.12329,0.83003,0.12771,0.067596,0.059829,0.12354,0.042967,0.039753,0.038051,0.042556,0.034404,0.033682,0.032395,0.031627,0.030889,0.030218,0.029627,0.029074,0.028541,0.028068,0.027643,0.027147,0.026927,0.026598,0.026307,0.026117,0.025806,0.025572,0.02537,0.025348,0.025088,0.02492,0.024818,0.0248,0.024675,0.024587,0.024615
3.1997e-13,0.94289,0.52353,0.59744,5.8149,0.51579,0.32443,0.31955,2.8206,0.27709,0.19479,0.25668,2.2292,0.27535,0.17111,0.22456,1.65,0.20441,0.15115,0.17123,1.4756,0.16847,0.12392,0.16472,0.88261,0.14321,0.10215,0.13652,0.83392,0.10994,0.062485,0.052104,0.12099,0.038144,0.035075,0.033292,0.037995,0.031555,0.029947,0.029037,0.028373,0.027655,0.027047,0.026535,0.026048,0.025556,0.025157,0.024777,0.024501,0.024145,0.023857,0.023602,0.023169,0.02314,0.022952,0.02276,0.022835,0.022523,0.022401,0.022215,0.022508,0.022232,0.022162,0.022149
3.9574e-13,1.4053,0.64661,1.0954,10.137,0.51291,0.31179,0.38669,4.8643,0.31827,0.19247,0.21299,2.2581,0.19834,0.13795,0.18753,1.5691,0.16611,0.12192,0.145,1.0045,0.13635,0.089489,0.13239,0.82351,0.098768,0.076606,0.090946,0.66233,0.092732,0.056397,0.044227,0.10194,0.035,0.032432,0.030985,0.035681,0.028553,0.027897,0.027148,0.026501,0.025897,0.025358,0.024885,0.024468,0.024042,0.023653,0.023329,0.022942,0.02276,0.022507,0.02227,0.021951,0.021865,0.021691,0.021522,0.021492,0.021326,0.021221,0.021183,0.021377,0.020954,0.020905,0.020922
2.6191e-13,0.87786,0.63912,1.0866,5.8127,0.46201,0.29377,0.26245,2.8755,0.23169,0.15524,0.16824,1.4426,0.17255,0.11343,0.14024,2.0446,0.13555,0.10888,0.13363,0.94728,0.10462,0.066333,0.089475,0.6885,0.080057,0.064641,0.07899,0.58537,0.065685,0.044163,0.03758,0.081282,0.032777,0.030225,0.028781,0.031469,0.026936,0.025992,0.025253,0.024618,0.024116,0.023616,0.023171,0.022733,0.022392,0.022048,0.02174,0.021451,0.021186,0.02095,0.020732,0.020591,0.020354,0.020201,0.02005,0.020197,0.019835,0.019755,0.019658,0.019518,0.019524,0.019475,0.019464
5.1295e-13,1.376,0.8139,0.9011,9.9252,0.53779,0.34317,0.38787,4.5445,0.36265,0.26434,0.30245,2.0581,0.23145,0.19028,0.1899,2.1345,0.16474,0.15606,0.17734,1.0135,0.1577,0.12804,0.1384,0.90741,0.12479,0.10345,0.11336,0.74679,0.1165,0.07341,0.061715,0.11478,0.051317,0.048954,0.046901,0.047621,0.044425,0.042966,0.041972,0.041074,0.040231,0.039475,0.038792,0.038162,0.037547,0.037019,0.036524,0.03609,0.035641,0.035256,0.034902,0.034683,0.034283,0.034037,0.033815,0.033591,0.033396,0.033252,0.033084,0.032779,0.032882,0.032858,0.032759
5.2295e-13,1.8259,0.87054,0.92496,11.48,0.50993,0.32742,0.46557,3.7327,0.46404,0.40101,0.43894,3.4133,0.42388,0.33755,0.42516,3.2372,0.39227,0.28179,0.345,2.5059,0.28524,0.21436,0.27732,1.7835,0.23268,0.18042,0.21994,1.5622,0.18141,0.11385,0.079326,0.17524,0.068461,0.062978,0.059816,0.061744,0.054824,0.053122,0.051615,0.050176,0.049178,0.048138,0.047219,0.046325,0.045523,0.044769,0.044112,0.043465,0.042989,0.042434,0.041973,0.041639,0.041147,0.040817,0.040533,0.040304,0.040007,0.039785,0.039528,0.039395,0.039457,0.039314,0.039308
4.2425e-13,2.9164,1.2976,1.0485,19.331,0.69199,0.44777,0.40504,4.1288,0.4307,0.33284,0.33988,2.7011,0.2574,0.2316,0.24912,2.4748,0.21593,0.17974,0.16742,1.1272,0.16991,0.14002,0.16512,0.85337,0.12846,0.12485,0.13253,0.6531,0.11778,0.096458,0.095074,0.12122,0.085921,0.084387,0.082721,0.084011,0.079254,0.077765,0.076506,0.075292,0.074075,0.072991,0.071976,0.07101,0.07012,0.069283,0.068505,0.067829,0.067154,0.066531,0.065995,0.06549,0.065009,0.064586,0.064233,0.063634,0.063552,0.063269,0.062893,0.062559,0.062882,0.062702,0.062748
2.8078e-13,1.5997,0.92882,1.4502,10.213,0.58065,0.34496,0.34023,2.1829,0.24841,0.2045,0.2206,1.8707,0.1999,0.14196,0.15334,1.5098,0.15127,0.11872,0.14298,0.86417,0.10722,0.084729,0.097858,0.63288,0.097624,0.076973,0.095008,0.53715,0.081291,0.057187,0.053344,0.088197,0.046871,0.045066,0.043751,0.044706,0.041726,0.041092,0.040094,0.03934,0.038722,0.038086,0.037495,0.036963,0.036467,0.036001,0.035574,0.035266,0.034806,0.03448,0.034183,0.033809,0.033658,0.033419,0.033213,0.033056,0.032879,0.032746,0.032672,0.032994,0.032393,0.032324,0.032353
2.0901e-13,0.64003,0.548,0.92853,3.4018,0.36705,0.18074,0.19036,2.2741,0.15568,0.098644,0.11841,0.89311,0.16121,0.077222,0.081132,0.72439,0.07603,0.057792,0.068354,0.48742,0.060021,0.041319,0.061212,0.44542,0.056369,0.03993,0.04551,0.36945,0.042222,0.023042,0.020395,0.097378,0.017372,0.016304,0.01574,0.018518,0.014926,0.014425,0.013949,0.013698,0.013398,0.013157,0.012919,0.012731,0.012527,0.012344,0.012192,0.012069,0.011896,0.011773,0.011659,0.011559,0.011463,0.011371,0.011275,0.011229,0.011182,0.01114,0.011107,0.011151,0.011003,0.010943,0.011022
2.0144e-13,0.53979,0.32363,0.45277,2.8157,0.3373,0.16587,0.14988,1.5425,0.14975,0.092104,0.10514,0.73947,0.13054,0.078381,0.082591,0.57951,0.073245,0.053239,0.069037,0.44285,0.055118,0.047032,0.050809,0.38217,0.049203,0.037465,0.046926,0.3315,0.03936,0.027161,0.022543,0.070045,0.017403,0.01651,0.01591,0.018546,0.015133,0.014669,0.014387,0.014079,0.013792,0.013539,0.013305,0.013121,0.012905,0.012733,0.012569,0.012403,0.012281,0.012153,0.01204,0.011953,0.01183,0.011742,0.011655,0.011625,0.011539,0.011482,0.011413,0.011484,0.011394,0.011363,0.011362
4.7484e-13,0.93708,0.41055,0.41106,3.021,0.29076,0.21076,0.25376,1.4414,0.21317,0.14355,0.16367,1.0992,0.18346,0.10668,0.13084,0.89731,0.11638,0.085171,0.12752,0.82792,0.11101,0.073647,0.089912,0.56992,0.081979,0.058993,0.072211,0.51084,0.062107,0.040507,0.031764,0.078816,0.024313,0.02212,0.021055,0.025771,0.019574,0.019051,0.018278,0.017913,0.01751,0.017139,0.016782,0.016461,0.016194,0.01592,0.015682,0.015502,0.015264,0.015081,0.014911,0.014697,0.014607,0.014484,0.01437,0.014193,0.014202,0.014135,0.014061,0.015828,0.013949,0.013923,0.013918
4.1329e-13,0.71984,0.34738,0.34797,2.7305,0.3459,0.18038,0.23494,1.4853,0.20357,0.13428,0.15617,1.1422,0.21159,0.11415,0.13314,0.94328,0.12116,0.079186,0.12231,0.79176,0.11943,0.074477,0.089505,0.63807,0.09294,0.057838,0.084416,0.49687,0.064618,0.037084,0.032236,0.083247,0.021272,0.019289,0.018279,0.026565,0.016812,0.016241,0.015664,0.015255,0.0149,0.014558,0.014261,0.013912,0.013714,0.013472,0.013262,0.013149,0.012899,0.012745,0.012603,0.012563,0.012327,0.012223,0.012135,0.011898,0.011983,0.011929,0.011913,0.012895,0.011789,0.011758,0.011745
4.2178e-13,0.77404,0.37258,0.37798,2.9054,0.35866,0.22164,0.29243,1.8048,0.21471,0.13659,0.18293,1.2142,0.17903,0.12848,0.15364,0.91764,0.15697,0.087189,0.11903,0.87342,0.11508,0.078903,0.090324,0.68255,0.10219,0.069706,0.091933,0.58356,0.061363,0.042208,0.033396,0.079432,0.023599,0.021826,0.020734,0.029347,0.018831,0.018171,0.017708,0.017065,0.016729,0.01634,0.015967,0.015655,0.015372,0.01509,0.01484,0.01467,0.014416,0.014228,0.01405,0.014073,0.013741,0.013615,0.013495,0.013444,0.013332,0.013242,0.013141,0.014121,0.013131,0.013077,0.01305
2.9866e-13,0.68494,0.38122,0.3248,3.2187,0.37256,0.23411,0.24572,1.3986,0.20249,0.12207,0.15912,1.0228,0.17956,0.10881,0.11092,0.74294,0.10913,0.064102,0.096638,0.62876,0.080422,0.064454,0.076211,0.53036,0.072856,0.054195,0.064353,0.3754,0.051994,0.035094,0.030575,0.074683,0.02251,0.021558,0.020855,0.02419,0.019093,0.018878,0.018442,0.018045,0.017636,0.017296,0.01699,0.016679,0.01646,0.01622,0.015993,0.015806,0.015617,0.015449,0.015287,0.01521,0.01502,0.014903,0.014798,0.014719,0.014658,0.014587,0.01451,0.014827,0.014463,0.014425,0.014391
2.9494e-13,0.72528,0.38996,0.38803,3.4571,0.31489,0.21382,0.2084,1.2576,0.17406,0.12628,0.13978,0.77891,0.18435,0.10384,0.10562,0.63416,0.089567,0.068892,0.088962,0.55889,0.084926,0.058084,0.066677,0.48576,0.061422,0.047787,0.058285,0.37126,0.052938,0.035387,0.0314,0.082653,0.024235,0.023033,0.022128,0.025651,0.020839,0.020268,0.019748,0.019292,0.018804,0.018441,0.0181,0.017815,0.017479,0.017226,0.016979,0.016768,0.01656,0.016373,0.016205,0.016042,0.015907,0.015785,0.01566,0.015712,0.015534,0.015458,0.015422,0.0156,0.015239,0.015203,0.015203
1.6696e-13,0.55587,0.3837,0.39374,3.3298,0.43898,0.25629,0.23074,1.2111,0.16335,0.11061,0.1195,0.65128,0.1584,0.095138,0.092861,0.64881,0.085357,0.061127,0.073972,0.50833,0.069584,0.052049,0.056126,0.36013,0.052092,0.040959,0.04686,0.27683,0.051772,0.032164,0.029656,0.068159,0.025168,0.023613,0.022587,0.024867,0.021554,0.020772,0.02021,0.019754,0.019346,0.018969,0.018622,0.018299,0.018017,0.01776,0.017509,0.017302,0.017086,0.016902,0.01673,0.016545,0.01644,0.016309,0.016171,0.016208,0.01604,0.015981,0.015945,0.016105,0.015763,0.015727,0.015733
1.9889e-13,0.58511,0.37799,0.35552,3.4605,0.46091,0.25719,0.22946,1.4485,0.18453,0.11693,0.13946,0.91361,0.18158,0.11189,0.12291,0.65019,0.093996,0.068018,0.079064,0.63586,0.083593,0.062988,0.067705,0.43006,0.061346,0.052667,0.05367,0.37367,0.053969,0.031538,0.030207,0.068516,0.02505,0.023911,0.023087,0.025735,0.02208,0.021391,0.020887,0.020555,0.020093,0.019747,0.019406,0.019075,0.018838,0.018583,0.018341,0.018129,0.017935,0.017754,0.017581,0.017443,0.017299,0.01717,0.017038,0.016945,0.016902,0.016846,0.016786,0.016908,0.016631,0.01661,0.016603
2.2258e-13,0.70145,0.44193,0.40929,3.6921,0.45446,0.27441,0.27611,1.7178,0.23233,0.13872,0.17092,0.98853,0.15529,0.099019,0.11516,0.68513,0.098728,0.075036,0.082003,0.58718,0.075896,0.06447,0.07244,0.51026,0.059095,0.055361,0.062442,0.38412,0.048556,0.033824,0.032028,0.058593,0.025277,0.0241,0.023236,0.02525,0.02174,0.021459,0.020877,0.020593,0.020059,0.019691,0.019359,0.019002,0.018765,0.018503,0.018258,0.018013,0.017848,0.017662,0.017484,0.017283,0.017204,0.01707,0.016947,0.016845,0.016791,0.016719,0.016674,0.016871,0.016527,0.016496,0.016488
2.9344e-13,0.78448,0.44635,0.45725,3.4353,0.44798,0.28746,0.31938,1.8906,0.24395,0.1656,0.1678,1.1145,0.17588,0.12105,0.14025,0.75916,0.11616,0.085,0.10216,0.76234,0.088832,0.069596,0.094641,0.59043,0.074236,0.067808,0.077277,0.49584,0.049423,0.03786,0.03362,0.074085,0.024638,0.023124,0.022356,0.027599,0.020128,0.020063,0.019671,0.01933,0.018877,0.018521,0.018217,0.017912,0.017648,0.017401,0.017162,0.016903,0.016764,0.01659,0.016428,0.016189,0.01614,0.01602,0.015895,0.015918,0.015758,0.015674,0.015599,0.016469,0.015547,0.015507,0.015482
3.5244e-13,0.79903,0.42252,0.46087,3.0092,0.4102,0.26694,0.28093,1.7879,0.23434,0.15299,0.18808,1.2447,0.15381,0.11083,0.16326,0.97964,0.14445,0.088935,0.12606,0.921,0.12324,0.082518,0.11051,0.65637,0.095933,0.076454,0.090569,0.62207,0.059672,0.042023,0.029552,0.086899,0.023668,0.02096,0.019829,0.026112,0.017286,0.016997,0.016618,0.01615,0.015854,0.015529,0.015214,0.014967,0.014699,0.014479,0.014265,0.014034,0.013898,0.013742,0.013589,0.013589,0.013374,0.013257,0.01315,0.013048,0.013028,0.012966,0.012897,0.013519,0.012828,0.012782,0.012779
3.3298e-13,0.76436,0.42003,0.48059,2.7508,0.39473,0.25909,0.37211,2.6891,0.31285,0.19259,0.28813,1.9641,0.22965,0.17296,0.22062,1.4174,0.19165,0.10323,0.13984,1.083,0.15294,0.096483,0.11975,0.84484,0.11274,0.085415,0.10468,0.71259,0.081914,0.058444,0.041905,0.10767,0.030736,0.027832,0.026255,0.031628,0.023702,0.022692,0.022042,0.021262,0.020641,0.020092,0.019593,0.019251,0.018788,0.01844,0.018094,0.017753,0.017551,0.017323,0.017098,0.017133,0.016732,0.016558,0.016428,0.016226,0.016195,0.016085,0.015938,0.016757,0.015938,0.015895,0.015874
1.9863e-13,0.55868,0.28769,0.38706,2.3901,0.35415,0.22579,0.30451,2.2489,0.25952,0.16457,0.18621,1.3195,0.16473,0.10989,0.13679,0.88795,0.11461,0.069736,0.10837,0.82729,0.094017,0.063164,0.10015,0.59533,0.079365,0.058699,0.073198,0.52546,0.049589,0.036366,0.030377,0.07076,0.020883,0.019087,0.018149,0.022464,0.016831,0.015968,0.015614,0.01514,0.014775,0.01444,0.014136,0.013887,0.013617,0.013396,0.013181,0.012967,0.012813,0.012662,0.012509,0.012408,0.012274,0.012165,0.012056,0.012108,0.011946,0.011879,0.011845,0.012407,0.011707,0.01168,0.011682
2.1135e-13,0.55633,0.32483,0.38136,2.7883,0.37241,0.19318,0.21559,1.2219,0.1687,0.11896,0.12862,0.83797,0.11826,0.078956,0.10094,0.81491,0.092235,0.066815,0.073819,0.63222,0.078532,0.058976,0.069948,0.51974,0.067686,0.046491,0.057719,0.39263,0.052741,0.029217,0.02618,0.058069,0.017695,0.016351,0.015772,0.019392,0.014714,0.014049,0.013622,0.013322,0.01302,0.012773,0.012531,0.012309,0.012119,0.011929,0.011754,0.011623,0.011465,0.01134,0.01122,0.011146,0.011014,0.01093,0.010829,0.010819,0.010727,0.010673,0.010631,0.011088,0.010572,0.010556,0.010547
1.6359e-13,0.42466,0.36143,0.3437,2.8486,0.4299,0.23934,0.2045,1.3877,0.17138,0.1076,0.12527,0.74258,0.14579,0.094068,0.095339,0.50086,0.074148,0.057883,0.073557,0.4785,0.058373,0.052108,0.059117,0.41917,0.054763,0.043738,0.049184,0.33371,0.045025,0.026951,0.02429,0.068138,0.021559,0.02008,0.019178,0.02141,0.018403,0.017555,0.017104,0.016702,0.016333,0.016022,0.015717,0.015486,0.015218,0.014988,0.014777,0.014596,0.014422,0.014267,0.014118,0.01399,0.013869,0.013759,0.013654,0.01374,0.013523,0.013475,0.013414,0.013355,0.01329,0.013292,0.013261
1.9611e-13,0.5778,0.42853,0.40377,3.0461,0.42907,0.31098,0.27896,1.5854,0.21666,0.13251,0.14874,0.7747,0.19408,0.10669,0.093155,0.6179,0.083222,0.062353,0.074221,0.48585,0.067294,0.057742,0.0669,0.39973,0.0645,0.046368,0.052664,0.32385,0.050815,0.03403,0.029956,0.097671,0.024103,0.022781,0.021921,0.024815,0.020767,0.02006,0.019641,0.019202,0.018845,0.018493,0.018164,0.017894,0.017602,0.017353,0.017116,0.016965,0.016723,0.016551,0.016387,0.016188,0.016106,0.015989,0.015853,0.015893,0.015728,0.015669,0.015613,0.015511,0.015501,0.015463,0.01545
2.5909e-13,0.59266,0.3367,0.36608,2.858,0.33386,0.24174,0.26147,1.6307,0.21317,0.10919,0.15078,0.97976,0.19298,0.10221,0.10733,0.72094,0.084826,0.056679,0.087069,0.4946,0.074278,0.057313,0.063064,0.4872,0.064053,0.047294,0.059642,0.37577,0.053743,0.034807,0.030448,0.08349,0.025027,0.02357,0.022612,0.022702,0.021046,0.020434,0.019981,0.019534,0.01908,0.018689,0.018337,0.018005,0.017729,0.01745,0.017206,0.016937,0.016784,0.016597,0.016424,0.016145,0.016112,0.01599,0.015863,0.015914,0.015713,0.015635,0.015566,0.015568,0.015456,0.015418,0.015396
1.6763e-13,0.48869,0.27774,0.33512,2.2614,0.29976,0.16922,0.20724,1.189,0.17058,0.10731,0.12111,0.77362,0.16314,0.098374,0.088039,0.63455,0.080124,0.056914,0.070769,0.47303,0.067174,0.045333,0.05352,0.4366,0.059102,0.033311,0.048085,0.35193,0.0443,0.028878,0.023798,0.074443,0.016349,0.015132,0.014356,0.016581,0.013243,0.012847,0.012394,0.012032,0.011768,0.011505,0.01127,0.011016,0.010851,0.010676,0.010503,0.010369,0.01022,0.0101,0.0099797,0.009897,0.009779,0.0096983,0.0096236,0.0095087,0.0095065,0.0094493,0.0094048,0.0095919,0.0093679,0.0093381,0.0093293
3.5706e-13,0.74214,0.38729,0.61864,3.448,0.49187,0.25584,0.26413,1.842,0.26233,0.17822,0.20413,1.2199,0.19035,0.12472,0.16496,1.1029,0.13701,0.093845,0.10926,0.77247,0.11475,0.080303,0.092357,0.69317,0.090503,0.065673,0.083148,0.59314,0.072967,0.043887,0.040452,0.089488,0.029577,0.02715,0.025822,0.034204,0.023754,0.022908,0.022451,0.021832,0.021351,0.02091,0.020489,0.020159,0.019772,0.019453,0.019168,0.018866,0.018685,0.018458,0.018262,0.018011,0.017931,0.017771,0.017621,0.017419,0.017471,0.017374,0.017294,0.017852,0.01717,0.017136,0.017135
2.5261e-13,0.52146,0.33908,0.40368,2.6731,0.37819,0.20671,0.26741,1.9372,0.21389,0.13137,0.17633,1.2394,0.11953,0.093812,0.12761,0.74112,0.11247,0.073067,0.097752,0.72413,0.081142,0.0581,0.073809,0.6149,0.073226,0.051956,0.061905,0.54881,0.053137,0.033287,0.028643,0.076974,0.019221,0.017654,0.016847,0.020298,0.015858,0.01534,0.014777,0.014469,0.0142,0.013912,0.01365,0.013403,0.013203,0.013007,0.012814,0.012665,0.012513,0.012368,0.012242,0.012082,0.012029,0.011923,0.011836,0.011872,0.011724,0.011667,0.011601,0.011697,0.011523,0.0115,0.011488
3.8075e-13,1.1886,0.55084,0.64354,7.275,0.36287,0.2353,0.2841,3.5568,0.338,0.24849,0.28563,2.287,0.24868,0.19878,0.26764,2.1581,0.26,0.18799,0.21424,1.5618,0.20063,0.12601,0.18971,1.2353,0.1433,0.12045,0.14397,1.0847,0.10639,0.070044,0.054187,0.14267,0.0445,0.040937,0.038932,0.047435,0.036118,0.034429,0.033864,0.033095,0.032424,0.031802,0.031231,0.030749,0.030218,0.029736,0.029331,0.028946,0.028648,0.0283,0.028014,0.027746,0.027462,0.027255,0.027068,0.026777,0.026754,0.026623,0.026509,0.026518,0.026377,0.026281,0.026278
3.6257e-13,0.93557,0.46048,0.4889,4.9595,0.36448,0.24865,0.33392,2.1159,0.35195,0.22223,0.27292,2.1213,0.27441,0.16891,0.25285,1.8069,0.22091,0.14918,0.22838,1.5843,0.24196,0.14031,0.18788,1.4486,0.1845,0.12693,0.16797,1.132,0.14736,0.086874,0.064491,0.16834,0.046345,0.040761,0.038066,0.056925,0.03549,0.032732,0.031888,0.030614,0.029762,0.029029,0.028326,0.027815,0.027179,0.026643,0.026183,0.025831,0.025423,0.025056,0.024737,0.024672,0.024173,0.023954,0.023745,0.023467,0.023456,0.023322,0.023201,0.022733,0.023012,0.022939,0.022927
3.6156e-13,0.79732,0.37986,0.45893,3.7391,0.35808,0.23635,0.22962,1.4145,0.18368,0.13613,0.15083,1.105,0.12832,0.095864,0.12677,0.75598,0.13202,0.093193,0.12381,0.70791,0.11059,0.062981,0.077189,0.70406,0.086509,0.060387,0.075407,0.48684,0.066001,0.040142,0.030126,0.080777,0.024799,0.022133,0.020773,0.024376,0.019823,0.018912,0.018207,0.01768,0.017263,0.016892,0.016555,0.016314,0.015984,0.015726,0.015504,0.015255,0.015102,0.014931,0.014769,0.014544,0.014482,0.014365,0.014259,0.014165,0.014092,0.014022,0.013944,0.014067,0.013893,0.013846,0.013866
3.9854e-13,0.73262,0.37707,0.63447,3.4488,0.48737,0.23891,0.25198,1.6217,0.2115,0.15005,0.17028,1.09,0.181,0.10833,0.12335,1.0358,0.12343,0.082128,0.091952,0.73604,0.091797,0.077144,0.090639,0.58602,0.084663,0.061079,0.0817,0.53396,0.068454,0.036018,0.030886,0.080691,0.026434,0.024091,0.022908,0.028193,0.021142,0.020528,0.019909,0.019477,0.018964,0.018564,0.018204,0.017824,0.017575,0.01732,0.017063,0.016768,0.016621,0.016444,0.016276,0.016077,0.015987,0.015843,0.015729,0.015661,0.015557,0.015477,0.015377,0.015742,0.015304,0.015266,0.015295
1.5837e-13,0.41426,0.26933,0.40971,2.1188,0.27852,0.14417,0.1458,1.0327,0.1269,0.08029,0.099168,0.59397,0.087764,0.065856,0.063431,0.49441,0.058831,0.044144,0.055162,0.47078,0.054133,0.037305,0.047581,0.3514,0.044837,0.033227,0.041678,0.25902,0.035394,0.020794,0.021299,0.062377,0.0144,0.01331,0.012842,0.016169,0.012005,0.011673,0.011371,0.011231,0.010928,0.010729,0.010541,0.010344,0.010207,0.010064,0.0099285,0.0097997,0.0096912,0.0095862,0.0094869,0.0093626,0.0093265,0.0092518,0.0091865,0.0091262,0.0090864,0.0090522,0.0090081,0.0092917,0.0089435,0.0089102,0.0089579
2.1947e-13,0.55242,0.45223,0.72123,2.5275,0.31365,0.1851,0.16335,1.1193,0.13021,0.092241,0.11892,0.836,0.09974,0.080079,0.082384,0.5964,0.078601,0.058035,0.072469,0.45393,0.068511,0.041373,0.054909,0.40106,0.054495,0.042688,0.053487,0.3286,0.035773,0.022963,0.021892,0.06286,0.017697,0.016478,0.015712,0.017542,0.014709,0.014446,0.013978,0.013648,0.013376,0.013111,0.012863,0.012619,0.012435,0.012238,0.012067,0.011953,0.011767,0.011631,0.011503,0.011327,0.011297,0.0112,0.011122,0.011026,0.010997,0.010942,0.010894,0.010779,0.01083,0.010789,0.010818
1.8518e-13,0.5183,0.33953,0.64429,2.6396,0.3114,0.20137,0.18486,2.0141,0.13671,0.09648,0.11132,1.3281,0.14482,0.09131,0.09065,0.64451,0.089675,0.053174,0.068735,0.50936,0.070175,0.04786,0.068715,0.44131,0.061342,0.037173,0.052795,0.33612,0.048067,0.031348,0.024337,0.098148,0.020119,0.018712,0.017746,0.019704,0.016665,0.016222,0.015845,0.015334,0.015061,0.014752,0.014471,0.014212,0.013983,0.013773,0.013574,0.013412,0.013252,0.013099,0.012952,0.012825,0.012743,0.012633,0.012556,0.012481,0.012399,0.012346,0.012305,0.012092,0.012231,0.012211,0.012192
2.8331e-13,0.8238,0.45169,0.68365,4.1269,0.32086,0.22717,0.25044,2.6679,0.20076,0.11981,0.14964,1.4845,0.16553,0.11145,0.13623,0.96238,0.1189,0.094001,0.12162,0.84078,0.11142,0.074076,0.094151,0.72681,0.093434,0.066195,0.086514,0.54462,0.078572,0.049815,0.039174,0.092805,0.027688,0.025219,0.024124,0.030549,0.02146,0.021294,0.020932,0.020431,0.019984,0.019585,0.019214,0.018884,0.018612,0.018327,0.018078,0.017856,0.017642,0.017447,0.017269,0.017089,0.016977,0.016831,0.016712,0.016612,0.016554,0.016487,0.01645,0.016682,0.016228,0.016205,0.01622
3.739e-13,1.1957,0.64907,0.66621,6.8907,0.41666,0.25456,0.32725,2.6384,0.32182,0.19816,0.2368,1.809,0.25419,0.15431,0.21662,1.4084,0.18498,0.14466,0.19102,1.3274,0.19107,0.12603,0.14853,1.1384,0.14208,0.10689,0.14094,1.0278,0.11943,0.075329,0.060981,0.1402,0.040602,0.036155,0.033814,0.049559,0.030691,0.0297,0.028893,0.02816,0.027319,0.026683,0.026092,0.025774,0.025155,0.024729,0.024345,0.024016,0.02367,0.023358,0.023086,0.022988,0.022633,0.02243,0.022247,0.02207,0.021987,0.021856,0.021727,0.022205,0.021601,0.021541,0.021538
4.4846e-13,1.2163,0.59894,0.60314,6.2007,0.44193,0.24258,0.29475,2.3499,0.30405,0.20359,0.26244,1.741,0.2351,0.14705,0.21151,1.2999,0.20382,0.14571,0.21851,1.2417,0.1802,0.12835,0.13473,1.027,0.138,0.099709,0.11763,0.9223,0.094986,0.062611,0.051815,0.12794,0.029389,0.027301,0.026374,0.036074,0.023379,0.023512,0.022648,0.022298,0.021686,0.021233,0.020817,0.020626,0.020129,0.019815,0.019514,0.01925,0.019028,0.018801,0.018599,0.018426,0.01824,0.018098,0.017969,0.018007,0.017703,0.017595,0.01741,0.018304,0.017601,0.017511,0.017459
5.1143e-13,1.1732,0.61022,0.90309,6.4576,0.46888,0.26684,0.37816,6.4084,0.3918,0.24036,0.29725,2.8944,0.27665,0.17963,0.22713,1.7033,0.19573,0.12919,0.17216,1.4247,0.18507,0.12076,0.14908,1.0599,0.12246,0.095786,0.10575,0.88295,0.099426,0.062413,0.050355,0.14815,0.037539,0.034845,0.033409,0.043268,0.030422,0.029359,0.028654,0.02807,0.027272,0.026697,0.026145,0.025745,0.025209,0.024798,0.024429,0.024126,0.023769,0.023483,0.023212,0.022931,0.022736,0.022549,0.022362,0.022144,0.022102,0.021985,0.021878,0.022426,0.02167,0.021655,0.021628
2.745e-13,1.7592,0.86086,0.83678,13.188,0.50573,0.28667,0.2918,5.9079,0.40024,0.27082,0.30839,3.5073,0.20587,0.16297,0.18634,1.5597,0.15213,0.11779,0.13489,1.1668,0.13139,0.10152,0.12857,0.78635,0.101,0.082054,0.088211,0.58813,0.080879,0.066845,0.05919,0.16058,0.05487,0.05353,0.051884,0.057615,0.050932,0.049408,0.048557,0.047762,0.046937,0.046226,0.045567,0.04498,0.044372,0.043828,0.043332,0.04295,0.042489,0.04209,0.041752,0.041325,0.041116,0.040847,0.040617,0.040106,0.04019,0.040047,0.039921,0.040132,0.039741,0.039647,0.039648
3.8665e-13,2.4525,1.0769,0.93901,17.551,0.60972,0.35798,0.36008,6.6935,0.51169,0.35029,0.3758,3.5308,0.27882,0.22573,0.26324,2.4929,0.23667,0.16884,0.18936,1.4646,0.19413,0.13882,0.18579,1.0613,0.1237,0.11196,0.11256,0.7607,0.11155,0.091563,0.081094,0.17735,0.075305,0.07344,0.071694,0.07736,0.069495,0.067381,0.066348,0.065368,0.06415,0.063193,0.062303,0.061452,0.060646,0.059901,0.059222,0.058623,0.058054,0.057504,0.057043,0.056424,0.056159,0.055787,0.055471,0.054745,0.05489,0.054659,0.054406,0.054291,0.054288,0.054135,0.054169
