1.0878e-13,0.72081,0.42883,0.44072,3.1129,0.67786,0.64834,1.1396,7.8251,0.80438,0.59636,0.76849,6.1222,0.72865,0.45575,0.66025,5.4928,0.6391,0.40975,0.56384,4.2222,0.6445,0.43826,0.51673,4.1202,0.46071,0.31399,0.4153,3.2565,0.33285,0.18268,0.1664,0.4724,0.10469,0.083396,0.073352,0.11704,0.064275,0.059179,0.056142,0.05309,0.051033,0.049279,0.047665,0.045779,0.044836,0.043702,0.042638,0.0418,0.040943,0.040181,0.039519,0.039434,0.038184,0.03771,0.037289,0.037336,0.036612,0.03631,0.03606,0.035682,0.035633,0.035531,0.035472
3.0912e-13,0.94397,0.57483,0.61918,4.3111,0.89126,0.82255,1.2361,7.9275,0.8897,0.61346,0.82209,7.2942,0.78407,0.54985,0.69546,5.1334,0.65836,0.40306,0.5351,4.1318,0.61325,0.40907,0.44685,3.8829,0.45681,0.28202,0.37101,2.8177,0.31183,0.17096,0.14716,0.37613,0.09877,0.083984,0.078009,0.10026,0.068817,0.065198,0.06198,0.060189,0.057729,0.056024,0.054489,0.053199,0.051809,0.050756,0.049698,0.048921,0.047963,0.047253,0.046594,0.046607,0.045283,0.044825,0.044369,0.044615,0.043788,0.043495,0.043302,0.042647,0.042811,0.042717,0.042703
2.0117e-13,1.0194,0.62737,0.68617,4.6908,0.9117,0.92568,1.8294,12.454,1.2646,0.925,1.1643,9.4144,1.0015,0.65743,1.0735,7.3375,0.89469,0.62113,0.85554,6.2443,0.86813,0.59322,0.74689,5.7667,0.62665,0.45417,0.58,4.422,0.4813,0.25222,0.21617,0.52841,0.13381,0.11146,0.10183,0.14819,0.091765,0.084747,0.08201,0.078286,0.07571,0.073373,0.071332,0.069161,0.06759,0.066109,0.06464,0.063365,0.062368,0.061402,0.060475,0.060188,0.058609,0.05804,0.057398,0.056102,0.056569,0.056151,0.055796,0.055735,0.055272,0.055063,0.055022
2.4448e-13,0.84204,0.52029,0.60595,3.835,0.8012,0.72376,1.1331,7.2646,0.71314,0.48279,0.68603,5.244,0.72881,0.44185,0.47387,3.8084,0.45229,0.30979,0.39188,2.8476,0.389,0.25615,0.33226,2.5252,0.27477,0.19782,0.25623,1.6047,0.20372,0.12845,0.12759,0.27482,0.079353,0.071436,0.067469,0.082592,0.061185,0.059062,0.057303,0.055403,0.053716,0.052388,0.051222,0.050477,0.049123,0.048263,0.047425,0.046692,0.046021,0.04546,0.044895,0.045074,0.043859,0.043457,0.043099,0.043109,0.042607,0.042334,0.042144,0.041719,0.041778,0.041691,0.04166
1.9643e-13,1.1842,0.70624,0.76398,5.3131,0.99134,0.96709,1.6149,10.878,1.0871,0.7019,1.0352,7.6708,1.0277,0.62076,0.73502,5.8094,0.5897,0.40929,0.52959,3.7771,0.53776,0.30497,0.43952,3.5017,0.36796,0.25446,0.34837,2.0107,0.27453,0.16464,0.15425,0.3316,0.10488,0.093746,0.088446,0.10648,0.081731,0.078093,0.076172,0.073511,0.071533,0.069756,0.068212,0.0668,0.065422,0.064206,0.063149,0.062279,0.061304,0.060564,0.059813,0.059475,0.058407,0.0579,0.057437,0.057737,0.056762,0.056416,0.056116,0.055644,0.055662,0.055524,0.055537
3.0641e-13,0.93691,0.4783,0.50869,4.124,0.59526,0.66057,0.93413,6.0295,0.72811,0.50532,0.90648,6.334,0.74711,0.49126,0.67141,4.8413,0.49906,0.35035,0.47932,3.9042,0.47527,0.29058,0.39031,3.062,0.34711,0.26024,0.26852,1.7764,0.24298,0.13764,0.11455,0.29791,0.080477,0.07052,0.066322,0.086498,0.060866,0.057671,0.055679,0.053734,0.052127,0.050594,0.049232,0.048492,0.046999,0.046004,0.045064,0.044116,0.043653,0.042948,0.042332,0.041649,0.041217,0.040807,0.040433,0.040412,0.03986,0.039594,0.039425,0.038841,0.038935,0.038861,0.038836
3.3737e-13,0.80418,0.43477,0.56065,3.7333,0.6356,0.60718,0.71815,4.5228,0.59687,0.37198,0.59515,4.6616,0.59315,0.36283,0.51665,3.295,0.4294,0.25516,0.36955,3.0796,0.35514,0.22569,0.31489,2.3689,0.26863,0.19929,0.20334,1.5179,0.18248,0.10329,0.085869,0.27595,0.062544,0.052872,0.049163,0.077468,0.042827,0.040842,0.038963,0.037555,0.036447,0.035333,0.034317,0.03364,0.032622,0.031936,0.031234,0.030455,0.030119,0.029617,0.02916,0.029035,0.028366,0.028039,0.027715,0.027557,0.027351,0.027126,0.026979,0.026771,0.026628,0.026552,0.026541
3.3925e-13,0.7729,0.49602,0.76611,3.3554,0.53185,0.40765,0.62103,4.1921,0.46398,0.30723,0.55392,3.113,0.39508,0.29543,0.46538,2.7286,0.36171,0.23299,0.35121,2.2063,0.28746,0.18138,0.27172,2.0381,0.24214,0.17308,0.1833,1.5103,0.15014,0.081157,0.072686,0.21386,0.051705,0.043232,0.039087,0.057151,0.037641,0.035037,0.033068,0.031863,0.030899,0.029935,0.029083,0.028469,0.027647,0.026985,0.026422,0.026036,0.025434,0.025012,0.024607,0.024212,0.023918,0.02361,0.023346,0.023057,0.022958,0.022744,0.022562,0.022947,0.022333,0.022241,0.022153
2.3806e-13,0.59435,0.3755,0.6114,2.7635,0.49833,0.41245,0.57802,3.8227,0.45384,0.2972,0.46178,3.3598,0.43588,0.2701,0.37446,2.5143,0.33179,0.2073,0.26934,2.0626,0.27967,0.17631,0.22721,1.7176,0.21971,0.12509,0.17665,1.2688,0.15667,0.089017,0.07784,0.16961,0.049593,0.043853,0.041001,0.046736,0.037051,0.034869,0.033201,0.032251,0.030979,0.030089,0.029253,0.028548,0.027827,0.027198,0.026657,0.026299,0.025707,0.025321,0.024951,0.024515,0.02428,0.024012,0.023764,0.023861,0.023425,0.02326,0.023124,0.023239,0.022898,0.022847,0.022797
2.4663e-13,0.71597,0.43963,0.45529,3.406,0.69081,0.61915,0.81992,4.8021,0.62167,0.36587,0.54814,4.2367,0.53378,0.32771,0.3679,3.1393,0.40729,0.24919,0.35636,2.6837,0.38069,0.24232,0.24449,2.2884,0.26638,0.17512,0.2281,1.5819,0.20013,0.10809,0.094529,0.23125,0.061686,0.054609,0.051494,0.06738,0.04405,0.042751,0.0409,0.039621,0.038255,0.037197,0.036193,0.035388,0.034498,0.03382,0.033115,0.032598,0.031993,0.03152,0.031091,0.03101,0.030308,0.029979,0.029697,0.029669,0.029268,0.029067,0.028896,0.028731,0.028665,0.028584,0.028574
2.3715e-13,0.55496,0.2978,0.34248,2.3455,0.42804,0.37683,0.46412,2.6674,0.36392,0.23454,0.37846,2.9102,0.38862,0.2188,0.28417,2.167,0.29339,0.20219,0.25104,2.1271,0.27738,0.17726,0.19003,1.837,0.19225,0.14408,0.17683,1.2545,0.15017,0.085891,0.068286,0.18817,0.039737,0.033512,0.030897,0.045017,0.027199,0.02529,0.024099,0.022903,0.022174,0.02144,0.020731,0.020197,0.019611,0.019151,0.018685,0.018382,0.017928,0.017624,0.017336,0.016898,0.016787,0.016586,0.016367,0.016085,0.016056,0.015915,0.015755,0.015938,0.015669,0.015611,0.015559
1.7672e-13,0.43225,0.26722,0.30773,1.6935,0.2935,0.22582,0.299,1.8714,0.22748,0.12152,0.18864,1.2603,0.23825,0.13252,0.14013,0.99566,0.12416,0.087749,0.098349,0.75371,0.11161,0.074453,0.093366,0.70697,0.07916,0.057585,0.080063,0.54346,0.05998,0.036448,0.034603,0.088901,0.024818,0.022305,0.021192,0.027174,0.019466,0.018799,0.018107,0.01771,0.017187,0.016781,0.016435,0.016063,0.015787,0.015522,0.015276,0.015076,0.014849,0.014676,0.014501,0.014211,0.014208,0.014085,0.013978,0.013824,0.013814,0.013737,0.013652,0.013724,0.013583,0.013562,0.013537
2.058e-13,0.4499,0.23806,0.28194,1.9809,0.35828,0.31254,0.32154,2.0401,0.26209,0.17943,0.29506,2.219,0.25399,0.17267,0.21365,1.6364,0.18156,0.13307,0.19097,1.4606,0.16962,0.10722,0.13402,1.0994,0.12824,0.094741,0.12273,0.76193,0.090261,0.052788,0.042308,0.12426,0.026882,0.023735,0.022162,0.037087,0.020543,0.019435,0.018745,0.018155,0.017607,0.017142,0.016727,0.016391,0.016018,0.015714,0.015427,0.015173,0.014943,0.01475,0.014554,0.014449,0.014192,0.014079,0.013953,0.01377,0.013785,0.013705,0.013638,0.013712,0.013509,0.013475,0.013457
3.1643e-13,0.68193,0.34943,0.61318,2.6096,0.39254,0.28124,0.31212,1.9283,0.27406,0.18621,0.25181,1.9856,0.26777,0.17248,0.20598,1.5756,0.20239,0.13572,0.18034,1.5358,0.17162,0.10775,0.13904,1.2116,0.13921,0.10236,0.12622,0.9506,0.10692,0.061654,0.050382,0.12288,0.032299,0.028738,0.027056,0.036926,0.024538,0.02335,0.022489,0.021734,0.020895,0.020312,0.019804,0.019371,0.018896,0.01849,0.018137,0.017757,0.017543,0.017279,0.017056,0.016895,0.016615,0.016453,0.016301,0.016217,0.01608,0.015981,0.0159,0.015911,0.015702,0.015669,0.015654
2.3706e-13,1.2906,0.83833,1.0797,8.505,0.96175,0.78576,1.1228,8.5121,1.0476,0.81222,1.0506,7.9353,0.95042,0.58453,0.97105,7.4131,0.78782,0.54467,0.80618,5.5011,0.68959,0.46859,0.67127,5.2166,0.56734,0.36522,0.50346,3.9052,0.45407,0.24378,0.1972,0.41028,0.121,0.10566,0.097366,0.1206,0.088337,0.081343,0.076088,0.073956,0.070913,0.068622,0.066564,0.064959,0.063175,0.061646,0.060336,0.05945,0.058117,0.057067,0.056212,0.055587,0.054662,0.053996,0.05334,0.052725,0.052553,0.052157,0.051794,0.051859,0.051391,0.051216,0.051167
2.653e-13,0.68765,0.37479,0.54378,3.6301,0.47557,0.35773,0.42642,3.1232,0.38779,0.28241,0.35073,2.9272,0.37797,0.24974,0.35653,3.3444,0.36294,0.27932,0.39029,2.8961,0.30038,0.25507,0.32143,2.5399,0.29856,0.22681,0.30687,1.88,0.25621,0.13107,0.1027,0.30315,0.055636,0.046236,0.04228,0.061512,0.035819,0.033034,0.031671,0.031037,0.029186,0.028109,0.027172,0.026508,0.025679,0.024988,0.024373,0.024061,0.023286,0.022862,0.022474,0.021967,0.021738,0.021439,0.021177,0.020883,0.020757,0.020541,0.020366,0.020677,0.020184,0.020094,0.020034
3.3613e-13,0.71523,0.35375,0.47241,2.8066,0.37,0.24591,0.32566,2.024,0.27373,0.18736,0.2493,1.9653,0.2633,0.17292,0.22765,1.7786,0.23005,0.15319,0.20502,1.724,0.20016,0.14019,0.20685,1.4759,0.17403,0.12864,0.1634,1.3486,0.153,0.079717,0.054898,0.20709,0.036051,0.030273,0.027892,0.044998,0.024914,0.023248,0.022451,0.021867,0.020987,0.020358,0.019808,0.0193,0.018882,0.018459,0.0181,0.017828,0.017507,0.017237,0.016985,0.016883,0.016561,0.016384,0.01622,0.016009,0.016006,0.015885,0.01579,0.016355,0.015663,0.015638,0.015606
2.8513e-13,0.52514,0.26599,0.33527,2.0554,0.29511,0.20254,0.24243,1.6212,0.22432,0.14974,0.19717,1.5442,0.19598,0.15279,0.1654,1.3056,0.16664,0.11595,0.14343,1.3326,0.14118,0.096069,0.13166,1.0151,0.1357,0.083279,0.10004,0.78514,0.09597,0.056628,0.044188,0.13065,0.026406,0.023081,0.021452,0.029465,0.019325,0.018415,0.01762,0.017036,0.016463,0.016001,0.015605,0.015295,0.014902,0.014618,0.014343,0.014221,0.013895,0.013701,0.013526,0.013241,0.013224,0.013079,0.012974,0.012902,0.012793,0.012713,0.012632,0.013021,0.012529,0.012521,0.012497
1.9487e-13,0.32658,0.23047,0.30965,1.547,0.22411,0.16948,0.18614,1.1143,0.1716,0.093982,0.13775,0.85687,0.25349,0.13718,0.11225,0.6956,0.092263,0.066472,0.086063,0.6836,0.068899,0.059774,0.072899,0.54128,0.061789,0.044191,0.058082,0.33657,0.049388,0.030032,0.023334,0.083993,0.018443,0.016907,0.016298,0.018219,0.014609,0.014243,0.013842,0.01352,0.013151,0.012868,0.012609,0.012359,0.012143,0.011935,0.011735,0.011588,0.011423,0.011281,0.01115,0.011016,0.010928,0.010832,0.010767,0.010731,0.010621,0.010562,0.010519,0.010731,0.010439,0.010418,0.010407
2.3025e-13,0.52661,0.26596,0.3607,2.1685,0.24595,0.17502,0.23062,1.9039,0.21843,0.16035,0.2112,1.63,0.27802,0.16903,0.17631,1.2426,0.14629,0.099354,0.13759,0.94293,0.12954,0.092053,0.12513,0.96607,0.11089,0.071141,0.10509,0.75251,0.083546,0.049233,0.038297,0.12157,0.024429,0.021592,0.020231,0.028154,0.018112,0.017515,0.016722,0.01627,0.015685,0.015287,0.01492,0.014525,0.014285,0.014015,0.013748,0.013532,0.01333,0.013131,0.012969,0.012762,0.012672,0.012541,0.012449,0.012325,0.012268,0.01219,0.012152,0.012349,0.012003,0.01198,0.011982
3.0077e-13,0.74578,0.35149,0.42424,2.6071,0.33647,0.23138,0.31442,2.1182,0.28959,0.21082,0.28887,2.1375,0.28961,0.19703,0.25786,1.7722,0.28407,0.18979,0.25653,2.012,0.22498,0.16413,0.23021,1.8467,0.2272,0.13412,0.2035,1.506,0.19525,0.10344,0.07677,0.22484,0.044557,0.034974,0.031263,0.049299,0.027395,0.025274,0.023543,0.022881,0.021606,0.020836,0.020194,0.019505,0.019084,0.018631,0.018208,0.01792,0.017542,0.017234,0.016986,0.016613,0.016501,0.016316,0.016158,0.015987,0.015901,0.01578,0.015677,0.01586,0.01553,0.015495,0.015465
3.4149e-13,0.74759,0.36005,0.5215,3.2343,0.44539,0.24978,0.39264,2.6901,0.34047,0.23919,0.34554,2.395,0.39295,0.20561,0.30901,2.2871,0.37197,0.23426,0.30751,2.2136,0.26858,0.20062,0.30737,2.0803,0.26956,0.16666,0.23721,1.8011,0.23058,0.11825,0.086464,0.27386,0.048744,0.040196,0.037075,0.056193,0.03257,0.031322,0.029558,0.028673,0.027766,0.026952,0.026304,0.025771,0.025138,0.024615,0.02416,0.023894,0.0234,0.023056,0.022773,0.022342,0.022157,0.021944,0.021752,0.021434,0.021416,0.021253,0.021112,0.021296,0.021029,0.020942,0.0209
3.3425e-13,0.72186,0.41081,0.56605,3.598,0.4622,0.28798,0.37942,3.1225,0.41797,0.28126,0.38392,2.9154,0.39837,0.23429,0.31342,2.9725,0.33012,0.21706,0.29322,1.9817,0.29708,0.18482,0.26083,1.722,0.23546,0.15527,0.20377,1.448,0.16391,0.091822,0.07115,0.21797,0.041221,0.03681,0.034657,0.045541,0.029927,0.029051,0.028079,0.027443,0.026337,0.025605,0.024926,0.024515,0.02378,0.023295,0.022811,0.022507,0.022058,0.021686,0.021392,0.021017,0.020805,0.020582,0.020363,0.020333,0.020039,0.0199,0.01981,0.019899,0.019574,0.019525,0.0195
3.3749e-13,0.84098,0.4605,0.52216,4.2644,0.47344,0.35685,0.51221,3.971,0.52654,0.34313,0.48848,3.6721,0.46906,0.34253,0.42297,3.2456,0.39092,0.24551,0.34795,3.0725,0.33578,0.21716,0.31542,2.2653,0.26648,0.18597,0.23752,1.9487,0.17823,0.10415,0.090653,0.25191,0.058786,0.050737,0.046901,0.06778,0.044918,0.04143,0.039795,0.038192,0.037079,0.036061,0.035161,0.034412,0.033595,0.032948,0.032309,0.031946,0.031335,0.030891,0.030509,0.030292,0.029759,0.029492,0.029227,0.029303,0.028854,0.028669,0.028575,0.028639,0.028273,0.028256,0.028221
3.0779e-13,0.85031,0.5462,0.78666,5.5478,0.6762,0.5548,0.75984,6.5968,0.78479,0.55582,0.75851,5.0624,0.72495,0.39248,0.61469,5.1472,0.60645,0.36687,0.48932,3.5983,0.47393,0.31689,0.42922,2.9927,0.33351,0.24628,0.28098,2.1129,0.23758,0.14097,0.10558,0.28009,0.06675,0.060551,0.057405,0.07158,0.05186,0.050109,0.047544,0.046375,0.045019,0.043951,0.04289,0.041969,0.041223,0.040448,0.039769,0.038967,0.038562,0.038013,0.037581,0.037192,0.036599,0.036265,0.035956,0.035766,0.035432,0.035221,0.034993,0.035363,0.0348,0.034713,0.034668
2.8067e-13,0.70886,0.35685,0.46331,4.19,0.37732,0.24005,0.26883,2.4802,0.26837,0.20935,0.2567,1.7279,0.26853,0.1509,0.1996,1.6842,0.21104,0.14322,0.18343,1.2122,0.16025,0.10032,0.15526,1.0411,0.12252,0.080109,0.09922,0.76179,0.091213,0.053258,0.042066,0.11082,0.030643,0.028016,0.026607,0.032174,0.024513,0.023433,0.022543,0.022143,0.021528,0.021041,0.020606,0.020221,0.019857,0.019535,0.019237,0.0188,0.018701,0.01847,0.018273,0.018089,0.017874,0.017732,0.017582,0.017487,0.017378,0.017278,0.017192,0.01709,0.017091,0.017049,0.017031
2.1501e-13,1.1304,0.64839,0.79085,7.9702,0.64165,0.51383,0.72548,6.3908,0.69863,0.55375,0.68952,5.2488,0.64747,0.38669,0.62725,4.9937,0.51954,0.37074,0.51516,3.5701,0.45509,0.30803,0.42357,3.4749,0.34796,0.23102,0.31286,2.4336,0.27691,0.15938,0.12582,0.25996,0.07999,0.07131,0.06651,0.080639,0.059354,0.056255,0.053207,0.051747,0.04985,0.048513,0.047247,0.046282,0.045145,0.044216,0.043407,0.042584,0.041995,0.041367,0.040843,0.040283,0.039793,0.039422,0.039063,0.038741,0.038514,0.038277,0.038053,0.037968,0.037787,0.037683,0.037659
2.8026e-13,1.0725,0.70051,0.79815,7.3174,0.72603,0.58916,0.75736,6.5362,0.88542,0.67341,0.75024,6.2515,0.80103,0.47243,0.6485,5.5375,0.71167,0.44314,0.61565,4.7391,0.50839,0.33716,0.51646,3.8001,0.45706,0.287,0.42344,3.0969,0.33292,0.17162,0.15835,0.35605,0.096194,0.083997,0.077635,0.10494,0.070853,0.066196,0.063881,0.061566,0.059906,0.05816,0.056701,0.055583,0.054096,0.053034,0.052092,0.051395,0.050455,0.049672,0.049037,0.047993,0.047835,0.047356,0.046895,0.046729,0.046301,0.046023,0.04573,0.045761,0.045414,0.045365,0.045242
1.8546e-13,1.1378,0.59926,0.58188,7.6588,0.51273,0.37473,0.46654,4.5715,0.50849,0.38792,0.4454,3.7642,0.51628,0.32123,0.43154,3.8343,0.46278,0.28987,0.38462,3.0627,0.34245,0.23198,0.34097,2.4247,0.28731,0.16846,0.25627,1.9625,0.21362,0.116,0.10435,0.21263,0.066444,0.060605,0.056938,0.071957,0.051389,0.049838,0.048034,0.046265,0.045148,0.04397,0.04296,0.042151,0.041087,0.040311,0.039627,0.039045,0.038449,0.037903,0.037417,0.036613,0.036522,0.036185,0.035877,0.035855,0.035375,0.035169,0.034993,0.034744,0.034699,0.034645,0.034559
2.3317e-13,0.91973,0.34704,0.43077,5.0705,0.32488,0.22042,0.22228,1.5662,0.20765,0.13948,0.17665,1.2423,0.23484,0.14667,0.17025,1.2108,0.1374,0.091235,0.12255,0.80664,0.11688,0.076113,0.11424,0.71309,0.099173,0.069068,0.083208,0.58443,0.068729,0.044268,0.036945,0.091249,0.02915,0.026954,0.02598,0.02758,0.02479,0.023662,0.023112,0.022544,0.022134,0.021734,0.021369,0.021057,0.020679,0.020399,0.020116,0.01991,0.019672,0.019448,0.019268,0.019058,0.018941,0.018799,0.018676,0.01861,0.018478,0.018386,0.018357,0.018835,0.018222,0.018167,0.018163
2.3137e-13,0.50947,0.25076,0.3272,2.2107,0.24498,0.15435,0.19357,1.6413,0.17838,0.13794,0.15294,1.2266,0.28182,0.16183,0.13176,1.0679,0.12854,0.084238,0.10326,0.71762,0.10067,0.07156,0.093038,0.67832,0.086011,0.049138,0.081927,0.48283,0.056131,0.033762,0.028737,0.083833,0.019778,0.018097,0.017232,0.020585,0.016028,0.015388,0.014826,0.014369,0.014075,0.013764,0.013486,0.013234,0.012989,0.012786,0.01259,0.012456,0.012255,0.012112,0.011992,0.011783,0.011743,0.011651,0.011575,0.011504,0.01144,0.011382,0.01134,0.011855,0.011231,0.011229,0.011215
1.939e-13,0.34047,0.18993,0.26135,1.6613,0.23996,0.16531,0.21824,1.2656,0.15601,0.12208,0.14476,0.8892,0.20225,0.12116,0.11847,0.84605,0.11299,0.071387,0.08987,0.61088,0.075088,0.056839,0.068389,0.51241,0.067241,0.042385,0.055672,0.38397,0.047428,0.025064,0.024148,0.075936,0.016367,0.014695,0.013653,0.018237,0.012466,0.012101,0.011602,0.011188,0.010934,0.010674,0.010423,0.010154,0.010015,0.0098295,0.0096741,0.009516,0.0093906,0.0092662,0.0091521,0.0090298,0.0089709,0.0088893,0.0088336,0.0088854,0.008707,0.008664,0.0086339,0.0087475,0.0085456,0.0085383,0.0085238
2.9095e-13,0.67037,0.36509,0.35269,2.6885,0.51819,0.41057,0.78126,6.4636,0.62686,0.41919,0.55471,4.6214,0.56447,0.41662,0.5339,3.5764,0.53368,0.28917,0.45647,3.1221,0.43727,0.28931,0.36205,2.6352,0.31867,0.2519,0.28023,1.9503,0.20422,0.11842,0.10139,0.31567,0.066329,0.054715,0.049622,0.087908,0.044614,0.04224,0.040674,0.038649,0.037483,0.036318,0.035338,0.034578,0.033621,0.032879,0.032182,0.031456,0.031105,0.030569,0.030137,0.030066,0.029297,0.028936,0.028661,0.028485,0.028159,0.027954,0.027741,0.027918,0.027503,0.027437,0.027349
2.733e-13,0.69533,0.42521,0.47504,3.0479,0.5643,0.56704,0.89789,6.6566,0.75979,0.52946,0.67261,5.722,0.6629,0.42861,0.48018,4.0731,0.55734,0.31805,0.50569,3.3556,0.43062,0.28616,0.43634,2.8745,0.34481,0.23225,0.31562,2.0867,0.25618,0.1525,0.11926,0.35237,0.068254,0.060753,0.056632,0.099892,0.051273,0.045721,0.043868,0.042295,0.0406,0.039313,0.03825,0.037327,0.036226,0.035414,0.034622,0.034115,0.033386,0.032852,0.032352,0.032615,0.031368,0.031021,0.030695,0.030649,0.030179,0.029966,0.029774,0.02961,0.029435,0.029362,0.029286
1.8309e-13,0.84129,0.52123,0.61288,3.9613,0.81628,0.77428,1.1454,7.6521,0.87618,0.6691,0.89791,7.6735,0.81478,0.52504,0.76293,5.7213,0.68106,0.35975,0.6184,4.0684,0.53599,0.33197,0.45742,3.3908,0.40138,0.25313,0.34661,2.437,0.28728,0.16328,0.12612,0.4214,0.09534,0.082198,0.078466,0.12888,0.066358,0.063073,0.060748,0.058322,0.056579,0.054786,0.053164,0.051968,0.050439,0.049314,0.048233,0.046984,0.046494,0.045688,0.044996,0.044575,0.043682,0.043227,0.042737,0.042511,0.042001,0.04168,0.04151,0.040735,0.040941,0.040773,0.040705
1.9523e-13,0.85307,0.49533,0.45719,3.5907,0.63967,0.6283,1.0184,7.2491,0.82456,0.58131,0.72169,5.5366,0.64628,0.49997,0.6658,4.8844,0.5695,0.31448,0.50563,3.8544,0.4663,0.31192,0.42926,3.272,0.37376,0.26147,0.32096,2.5777,0.28875,0.19447,0.1365,0.41973,0.097179,0.085371,0.077343,0.10861,0.068957,0.064907,0.062468,0.059503,0.057725,0.055883,0.054285,0.052691,0.051441,0.050281,0.049232,0.048429,0.047522,0.046694,0.046027,0.045694,0.044783,0.044284,0.043821,0.043435,0.043118,0.042797,0.042564,0.042382,0.042167,0.042079,0.041988
3.7753e-13,0.87202,0.56092,0.59319,3.4441,0.67518,0.64276,1.2851,8.2019,0.86927,0.62717,0.72886,5.7012,0.59987,0.48718,0.62701,4.3065,0.5368,0.36196,0.43783,3.6421,0.39924,0.28653,0.38765,3.001,0.32216,0.24726,0.30037,2.0383,0.20823,0.1416,0.11766,0.32352,0.084352,0.06856,0.063509,0.10063,0.056753,0.05289,0.051291,0.049064,0.047896,0.046506,0.04532,0.044248,0.043397,0.042528,0.041772,0.04123,0.040532,0.03995,0.039478,0.039287,0.038476,0.038137,0.037762,0.037423,0.037355,0.037094,0.03686,0.037147,0.03674,0.036601,0.03657
2.3242e-13,0.54919,0.33845,0.36977,2.1869,0.41936,0.28939,0.50244,3.1058,0.35579,0.24814,0.33254,2.5277,0.3454,0.22679,0.3253,2.1484,0.30343,0.15074,0.24884,1.9216,0.26956,0.19495,0.21178,1.5948,0.19338,0.13935,0.17541,1.2116,0.14731,0.091427,0.069672,0.20323,0.04384,0.037313,0.033954,0.056178,0.028732,0.027474,0.025898,0.025054,0.023996,0.023169,0.022449,0.021982,0.021242,0.020763,0.020271,0.019966,0.019508,0.019164,0.018861,0.018742,0.018247,0.018031,0.01781,0.017935,0.017519,0.017362,0.017204,0.017049,0.017059,0.016999,0.016959
2.327e-13,0.76247,0.46157,0.54971,3.4872,0.6814,0.58764,1.0808,6.5272,0.76098,0.5041,0.62447,4.9665,0.55031,0.31111,0.43953,3.1376,0.41629,0.24327,0.39065,2.55,0.38277,0.21636,0.28475,2.2042,0.28323,0.20485,0.26295,1.7462,0.21261,0.12195,0.08936,0.27079,0.064091,0.058123,0.054514,0.073456,0.049518,0.046282,0.044733,0.043212,0.042001,0.040834,0.039841,0.03889,0.038048,0.037292,0.03664,0.035901,0.035421,0.034907,0.034413,0.034592,0.033698,0.033316,0.032977,0.032174,0.032578,0.032361,0.032199,0.032119,0.031883,0.031819,0.031759
2.5704e-13,1.2377,0.72291,0.75275,5.7869,0.97738,0.9558,1.6151,10.875,1.0374,0.80726,0.90494,6.7542,0.84606,0.55577,0.76856,4.8665,0.61723,0.44158,0.62692,3.9956,0.55107,0.32288,0.42088,3.5751,0.40579,0.30406,0.38308,2.7321,0.34131,0.19678,0.16809,0.38847,0.10865,0.098364,0.091907,0.11949,0.083084,0.079903,0.076352,0.073807,0.072157,0.070192,0.068529,0.066973,0.065461,0.064136,0.063056,0.0622,0.061002,0.060193,0.059404,0.059334,0.058081,0.057437,0.056927,0.056007,0.056129,0.055781,0.055471,0.054799,0.055024,0.054857,0.054751
2.8173e-13,1.3295,0.807,0.8652,6.7015,1.1842,1.3169,1.7193,10.098,1.2665,1.0617,1.387,13.256,1.3783,0.87356,1.2845,9.2451,1.1558,0.6883,1.0019,6.3337,0.80915,0.52321,0.65676,5.6857,0.60964,0.40002,0.55205,3.6923,0.41292,0.25574,0.20731,0.44242,0.15084,0.13509,0.12537,0.16675,0.11233,0.10753,0.10273,0.099133,0.096106,0.093337,0.090789,0.088566,0.086416,0.084505,0.082785,0.080901,0.080009,0.078685,0.077588,0.076911,0.075387,0.074632,0.073947,0.073389,0.072671,0.072192,0.071878,0.070753,0.071062,0.070876,0.070761
2.9225e-13,1.1523,0.73261,0.9538,6.2403,1.1871,1.108,1.6351,10.331,1.092,0.87987,1.204,11.079,1.1244,0.73025,1.0458,7.5869,0.87839,0.51496,0.75485,4.9811,0.69448,0.43855,0.5131,4.0431,0.50243,0.332,0.42835,2.6937,0.30631,0.19158,0.15765,0.35742,0.12267,0.11001,0.1024,0.13113,0.093443,0.089202,0.085384,0.082261,0.079559,0.077172,0.07502,0.073406,0.071386,0.069772,0.068309,0.066867,0.065946,0.064857,0.063906,0.063463,0.06205,0.061448,0.060859,0.060442,0.059735,0.059332,0.059092,0.0581,0.058425,0.058152,0.058098
3.6113e-13,0.7189,0.41644,0.62482,3.68,0.51536,0.40502,0.59478,4.3194,0.48141,0.37095,0.49454,4.2714,0.49223,0.35972,0.47216,3.1099,0.43262,0.27272,0.34804,2.3811,0.34036,0.19526,0.26512,1.8749,0.26176,0.1849,0.20912,1.4203,0.16866,0.10786,0.082611,0.28869,0.065826,0.054016,0.049742,0.087905,0.04441,0.041396,0.039768,0.038193,0.037148,0.036096,0.03511,0.03437,0.033504,0.032811,0.03217,0.031554,0.031146,0.030669,0.030267,0.030017,0.029429,0.029157,0.028891,0.028597,0.028476,0.028282,0.028171,0.027712,0.027895,0.027832,0.027775
3.5783e-13,0.76358,0.53345,0.59192,3.7783,0.62067,0.54992,0.8406,6.8293,0.66762,0.47618,0.60908,4.0049,0.60903,0.38878,0.56344,3.3092,0.46103,0.32618,0.41445,2.7117,0.33807,0.2322,0.29961,2.212,0.29652,0.21001,0.24345,1.8672,0.20913,0.13241,0.10122,0.25888,0.072209,0.062508,0.059006,0.086241,0.053158,0.050657,0.048534,0.04661,0.04563,0.04443,0.043341,0.042488,0.041567,0.040779,0.04009,0.039405,0.038845,0.038331,0.03788,0.037478,0.037027,0.036674,0.036354,0.036016,0.035946,0.035714,0.035535,0.035204,0.035287,0.035212,0.035155
2.5538e-13,1.0235,0.76139,0.87926,5.4075,0.96809,0.94119,1.7402,11.595,1.0662,0.79373,0.93196,6.8001,0.82913,0.46635,0.69013,4.0152,0.63549,0.38383,0.45892,3.2955,0.49955,0.26484,0.3217,2.4749,0.29727,0.21858,0.24747,1.5514,0.20087,0.13271,0.10781,0.22893,0.079236,0.07294,0.069007,0.082766,0.062269,0.05956,0.057282,0.055492,0.05391,0.052363,0.051062,0.049777,0.048585,0.047575,0.046673,0.046115,0.044929,0.044312,0.043705,0.043064,0.042483,0.042034,0.041632,0.041135,0.040987,0.040686,0.040493,0.040287,0.040055,0.039928,0.039874
2.5416e-13,0.62318,0.4117,0.44198,2.822,0.49358,0.4579,0.71659,4.2074,0.54458,0.41412,0.50706,4.5109,0.48306,0.289,0.41318,2.7931,0.42697,0.2235,0.28512,2.0734,0.29457,0.19044,0.23174,1.7642,0.20372,0.14052,0.16315,1.242,0.14508,0.098,0.068073,0.16254,0.050329,0.046126,0.043001,0.058647,0.039431,0.037837,0.036431,0.035103,0.034078,0.033086,0.032183,0.031358,0.030601,0.029938,0.029339,0.028702,0.028295,0.027838,0.027413,0.027123,0.02668,0.026382,0.026117,0.02573,0.025647,0.025482,0.025357,0.02495,0.024994,0.024931,0.024856
2.2383e-13,0.61276,0.34973,0.36135,2.1216,0.34029,0.30022,0.50144,3.6391,0.36021,0.21632,0.29744,1.8887,0.35587,0.19736,0.23441,1.426,0.15677,0.12044,0.14373,1.1145,0.12953,0.094189,0.11547,0.94434,0.11073,0.08128,0.093184,0.66422,0.082411,0.049418,0.039767,0.11826,0.031114,0.027085,0.024313,0.035425,0.023065,0.02186,0.020989,0.020417,0.019905,0.01945,0.019022,0.018463,0.018268,0.017926,0.017627,0.01743,0.017124,0.0169,0.016702,0.016579,0.016316,0.016175,0.016057,0.016001,0.01585,0.015746,0.015681,0.015853,0.015542,0.015519,0.015497
1.7961e-13,0.52913,0.27156,0.34089,1.7895,0.32045,0.30347,0.4654,3.1232,0.31434,0.18578,0.24519,1.619,0.31749,0.17036,0.17939,1.3454,0.17416,0.10782,0.1419,0.87848,0.13741,0.083446,0.10034,0.74743,0.10247,0.06804,0.088979,0.51725,0.065826,0.038093,0.036123,0.098244,0.026266,0.024057,0.022888,0.028464,0.020757,0.019969,0.019229,0.018684,0.018279,0.017846,0.017461,0.017034,0.016756,0.016473,0.016191,0.015978,0.015696,0.015508,0.015315,0.015176,0.014994,0.014851,0.014726,0.014487,0.014523,0.014444,0.01437,0.014179,0.014244,0.014237,0.014221
2.1396e-13,0.44025,0.23475,0.26932,1.7959,0.31391,0.22756,0.27137,1.8246,0.20527,0.13661,0.15967,1.4844,0.25472,0.15716,0.15731,0.95755,0.16442,0.10199,0.12899,0.9065,0.11679,0.079741,0.095753,0.85012,0.081127,0.061393,0.08533,0.54733,0.07285,0.042097,0.035863,0.1008,0.022954,0.020052,0.018808,0.027796,0.016377,0.015798,0.015162,0.014674,0.014183,0.013794,0.013436,0.013209,0.012839,0.012582,0.012339,0.012175,0.011912,0.01174,0.011586,0.011462,0.011303,0.01118,0.011067,0.010987,0.010901,0.010822,0.010734,0.010813,0.010701,0.010684,0.010657
2.2131e-13,0.56666,0.3709,0.39784,3.079,0.53428,0.49597,0.77023,4.5661,0.48351,0.41083,0.51828,4.5568,0.45647,0.27501,0.44222,2.8524,0.40685,0.24758,0.29888,2.0229,0.27593,0.15834,0.21843,1.6717,0.17454,0.12663,0.16837,1.1545,0.13675,0.078855,0.062865,0.18575,0.045586,0.040202,0.037034,0.050906,0.033726,0.031879,0.030794,0.029798,0.028821,0.02799,0.027237,0.026613,0.025925,0.025366,0.024847,0.024399,0.023958,0.023597,0.023269,0.023086,0.02264,0.022392,0.022183,0.022019,0.021794,0.021658,0.021554,0.021539,0.021315,0.021251,0.02121
2.5649e-13,0.67899,0.40113,0.61044,3.3957,0.63802,0.47914,0.79717,5.7733,0.60976,0.42661,0.59642,4.6382,0.55704,0.34185,0.52964,3.6937,0.42953,0.30083,0.38808,2.8323,0.35319,0.22818,0.29288,2.4637,0.26489,0.20223,0.2584,1.8614,0.18919,0.12063,0.10125,0.25207,0.061656,0.054134,0.050783,0.071305,0.045009,0.043282,0.041842,0.040127,0.039013,0.03785,0.036865,0.036124,0.035177,0.034455,0.033787,0.033261,0.032656,0.032154,0.031712,0.031385,0.03091,0.030594,0.030281,0.030534,0.029885,0.02967,0.029522,0.029455,0.029263,0.029197,0.029136
2.7705e-13,0.87322,0.55628,0.86555,5.3504,0.81476,0.70207,0.94984,8.4586,1.0571,0.70384,0.81022,5.8948,1.0577,0.57978,0.8387,6.6639,0.90493,0.53437,0.67296,4.8898,0.57294,0.37994,0.53433,3.844,0.52993,0.34673,0.43659,3.0167,0.3146,0.18194,0.15118,0.34451,0.10294,0.093359,0.087334,0.10948,0.081278,0.077274,0.074607,0.072157,0.069857,0.067838,0.066143,0.064605,0.063172,0.061928,0.060759,0.059561,0.058864,0.057922,0.057157,0.056007,0.055634,0.055114,0.05461,0.054234,0.053871,0.053519,0.053182,0.053135,0.052746,0.052678,0.05254
2.6595e-13,0.50566,0.25043,0.27752,2.0972,0.30318,0.24317,0.38739,2.9704,0.29179,0.18619,0.27057,1.9727,0.22839,0.1954,0.22541,1.5924,0.20954,0.13883,0.18409,1.3408,0.17206,0.11268,0.16357,1.2579,0.14708,0.10078,0.13612,0.91328,0.11651,0.056621,0.052186,0.23966,0.04027,0.033575,0.031447,0.066287,0.025918,0.024492,0.023369,0.022718,0.022226,0.02162,0.021109,0.020626,0.020234,0.019859,0.019484,0.018998,0.018913,0.018647,0.018404,0.018234,0.01798,0.017809,0.017655,0.017523,0.01743,0.017302,0.017198,0.017567,0.017156,0.017105,0.017059
3.6054e-13,0.59436,0.35646,0.45734,2.9589,0.4249,0.32509,0.4384,3.1278,0.36661,0.23448,0.35508,2.7585,0.36854,0.24758,0.30053,2.029,0.29697,0.20414,0.22259,1.6187,0.19988,0.142,0.18615,1.3907,0.20494,0.11822,0.14371,0.93513,0.11832,0.083946,0.068219,0.13958,0.047538,0.042404,0.039676,0.049756,0.034715,0.034089,0.032676,0.031523,0.030575,0.029715,0.028955,0.028138,0.027621,0.027067,0.02655,0.025968,0.025706,0.025334,0.024989,0.024532,0.024319,0.024091,0.023858,0.023949,0.023517,0.023373,0.023267,0.023152,0.022995,0.022951,0.022922
2.833e-13,0.42932,0.27191,0.27999,1.8332,0.2422,0.17471,0.22943,1.7635,0.20082,0.13336,0.16957,1.1516,0.19078,0.11642,0.13754,0.94142,0.11256,0.083852,0.11978,0.77069,0.11262,0.069583,0.086419,0.63842,0.098003,0.058383,0.074352,0.5237,0.058478,0.042733,0.033163,0.088442,0.024721,0.02166,0.020752,0.028539,0.018755,0.017936,0.017508,0.016827,0.016371,0.015954,0.015573,0.015291,0.014953,0.014665,0.014408,0.014164,0.013998,0.013816,0.013644,0.013383,0.013334,0.013208,0.013089,0.012998,0.012938,0.012859,0.012815,0.013221,0.012711,0.012673,0.012665
2.2526e-13,0.37568,0.22857,0.2656,1.4785,0.23907,0.17741,0.28345,1.7638,0.2039,0.14423,0.16848,1.3966,0.20578,0.12188,0.15512,1.0157,0.13592,0.080184,0.10961,0.76054,0.095047,0.056162,0.077684,0.58617,0.074057,0.044929,0.054429,0.41503,0.039656,0.032621,0.027078,0.080167,0.016849,0.0161,0.015166,0.019054,0.013908,0.013432,0.012859,0.012535,0.012206,0.011894,0.011623,0.011322,0.01114,0.010941,0.010753,0.010597,0.010415,0.010285,0.010161,0.010185,0.0099014,0.0098227,0.0097324,0.0097947,0.0096136,0.0095469,0.0094897,0.0098651,0.0094352,0.0094193,0.0094141
2.5669e-13,0.46863,0.24722,0.32413,2.0554,0.24794,0.17083,0.18741,1.3193,0.17756,0.11339,0.13658,0.99094,0.15294,0.11274,0.12979,1.0921,0.12292,0.092697,0.10719,0.8232,0.096741,0.070913,0.090512,0.66714,0.08136,0.048476,0.075343,0.48639,0.05951,0.034034,0.028846,0.091708,0.019995,0.017927,0.017046,0.020244,0.015724,0.015174,0.014604,0.014121,0.013868,0.013537,0.013253,0.012924,0.012756,0.012559,0.012345,0.012174,0.012009,0.011869,0.011738,0.011644,0.011484,0.011395,0.011309,0.011204,0.011183,0.011122,0.011051,0.011562,0.011013,0.010987,0.010968
3.2265e-13,0.55954,0.27832,0.35168,2.2893,0.26805,0.17703,0.21877,1.5672,0.19365,0.12687,0.14882,1.301,0.22922,0.16471,0.14439,1.1131,0.13242,0.084244,0.10412,0.90487,0.11061,0.0715,0.10088,0.70753,0.083574,0.064501,0.075948,0.6044,0.064202,0.03359,0.031978,0.12389,0.022372,0.020108,0.018803,0.024518,0.017778,0.016953,0.016415,0.015879,0.015407,0.015034,0.0147,0.014375,0.014117,0.013882,0.013648,0.013418,0.013266,0.013088,0.012933,0.012733,0.012663,0.012544,0.012454,0.012339,0.012308,0.012238,0.012203,0.012555,0.012053,0.012051,0.012018
3.127e-13,0.71448,0.34171,0.44062,3.5633,0.34332,0.24173,0.29474,2.375,0.29444,0.19509,0.21316,2.3295,0.27706,0.19556,0.21771,1.6981,0.18393,0.12764,0.15344,1.3567,0.16323,0.11231,0.15325,1.1136,0.14145,0.089342,0.12829,0.92337,0.096642,0.054344,0.046791,0.14143,0.036093,0.030665,0.02778,0.037381,0.027163,0.025261,0.02421,0.02343,0.022619,0.022039,0.021515,0.021017,0.020573,0.020174,0.019815,0.019444,0.019232,0.01895,0.018708,0.018418,0.018285,0.018103,0.017944,0.017784,0.01769,0.017575,0.017453,0.017482,0.017381,0.017341,0.017304
3.4156e-13,0.75576,0.37481,0.44571,3.9253,0.31665,0.25736,0.34507,2.8326,0.31026,0.21175,0.25124,2.306,0.26336,0.20063,0.26079,1.9719,0.2189,0.16394,0.21894,1.7048,0.20951,0.14681,0.20608,1.477,0.17654,0.11987,0.18533,1.1611,0.13368,0.071241,0.057249,0.16042,0.042286,0.037607,0.034976,0.046019,0.033611,0.030822,0.029677,0.028734,0.028001,0.02729,0.026656,0.0261,0.025578,0.025101,0.024649,0.024147,0.023959,0.023619,0.023332,0.023181,0.02283,0.022615,0.02243,0.022225,0.02213,0.021981,0.02178,0.021961,0.021823,0.021738,0.021706
2.8363e-13,0.79235,0.45462,0.51504,3.9423,0.46422,0.43896,0.67366,4.6707,0.51634,0.36866,0.49492,3.6952,0.46281,0.29398,0.4188,3.4534,0.39586,0.25371,0.33875,2.4595,0.29965,0.17862,0.25442,2.1042,0.23571,0.17663,0.22365,1.4885,0.17537,0.10954,0.087645,0.20746,0.064415,0.055603,0.050356,0.065141,0.046807,0.043697,0.042084,0.040355,0.038873,0.037634,0.036564,0.035525,0.034645,0.033822,0.03314,0.03241,0.031921,0.031367,0.0309,0.030844,0.029984,0.029654,0.029394,0.02927,0.028825,0.028603,0.028416,0.028198,0.028137,0.028035,0.027966
2.9744e-13,0.66846,0.37489,0.55872,3.6907,0.3624,0.28271,0.32768,3.2936,0.33278,0.23448,0.26011,2.4839,0.3932,0.21283,0.29005,2.4683,0.2491,0.17895,0.25264,1.9698,0.21158,0.14827,0.18668,1.3687,0.2056,0.13529,0.18097,1.0067,0.13266,0.075364,0.063304,0.16562,0.044201,0.039176,0.035867,0.047903,0.033453,0.03201,0.030801,0.030009,0.029136,0.028368,0.02771,0.027138,0.026573,0.0261,0.025631,0.02516,0.024893,0.024571,0.024254,0.024093,0.023663,0.023467,0.023252,0.023283,0.022977,0.022831,0.022657,0.022951,0.022586,0.022528,0.022496
4.1073e-13,0.75926,0.38581,0.54268,3.177,0.35593,0.20701,0.24923,2.0078,0.24065,0.16267,0.19186,1.5786,0.25123,0.16314,0.17084,1.3713,0.15013,0.10165,0.14383,1.1064,0.12966,0.087836,0.1137,0.85366,0.12379,0.07096,0.096243,0.62389,0.082977,0.050298,0.041785,0.12768,0.031122,0.028578,0.026789,0.028901,0.025058,0.023915,0.023301,0.022522,0.022048,0.021568,0.021106,0.020768,0.02035,0.020026,0.019718,0.019422,0.019203,0.018981,0.018767,0.018576,0.0184,0.018255,0.018125,0.017973,0.017929,0.017849,0.017801,0.017834,0.017596,0.017559,0.01754
3.0526e-13,0.75749,0.46029,0.64213,4.0859,0.60113,0.45716,0.60289,5.3478,0.59766,0.39063,0.49348,3.4903,0.62043,0.34911,0.47268,4.2098,0.50715,0.3018,0.41463,2.9551,0.32511,0.23178,0.29829,2.1575,0.31329,0.20568,0.24467,1.6188,0.18475,0.10839,0.094616,0.18951,0.062026,0.057015,0.054123,0.065956,0.049207,0.047778,0.046464,0.044845,0.043669,0.042549,0.041566,0.040669,0.039854,0.039109,0.038442,0.037812,0.037374,0.036792,0.036335,0.035674,0.035428,0.035135,0.034833,0.034868,0.034415,0.034203,0.034095,0.03401,0.033698,0.033649,0.033597
