NaN,0.78376,0.68166,5.3022,6.2067,17.81,2.1765,2.7293,NaN,NaN,3.1944,2.6037,3.9546,NaN,3.4895,NaN,7.039,5.0609,3.7338,5.3485,1.2823,NaN,3.7037,9.2803,4.8529,4.0911,2.728,1.9846,6.5875,4.2225,7.622,10.684,4.9515,4.5107,6.1452,5.3286,0.35618,3.2065,5.993,3.5023,7.2776,2.2692,1.0787,9.2566,6.3051,2.7372,4.3974,0.91948,1.2415,7.6659,3.3407,NaN,NaN,1.3402,NaN,NaN,NaN,NaN,NaN,NaN,NaN,3.1637,2.7696,NaN,NaN,0.67279,NaN,NaN,NaN,4.6799,2.779,6.3978,6.2227,NaN,2.2911,NaN,NaN,NaN,NaN,NaN,NaN,5.1372,NaN,NaN,NaN,NaN,NaN,NaN,0.95745,NaN,6.2663,3.0753,1.206,5.1585,NaN,NaN,NaN,NaN,NaN,NaN
NaN,1.9045,4.6462,1.0948,1.8147,8.3149,1.5644,1.8876,NaN,NaN,8.4468,2.8917,6.9437,NaN,7.4888,NaN,15.101,5.5539,6.4361,3.0072,28.692,NaN,5.6205,6.015,1.2686,2.2061,2.7349,2.9353,1.514,3.479,8.6508,9.3505,6.2502,2.225,6.8457,2.2132,2.5656,9.8767,6.7115,5.4375,42.608,3.3248,5.283,2.1255,7.8978,1.2686,3.9895,1.5376,5.548,0.9024,3.7457,NaN,NaN,2.1969,NaN,NaN,NaN,NaN,NaN,NaN,NaN,1.8811,1.9141,NaN,NaN,1.3983,NaN,NaN,NaN,8.3136,0.27913,1.9741,17.046,NaN,1.4855,NaN,NaN,NaN,NaN,NaN,NaN,10.995,NaN,NaN,NaN,NaN,NaN,NaN,2.1534,NaN,9.3788,2.4724,2.6946,2.7757,NaN,NaN,NaN,NaN,NaN,NaN
NaN,1.6674,3.7389,2.251,7.3053,1.5877,4.2422,2.8635,NaN,NaN,2.5611,6.068,1.385,NaN,7.9614,NaN,9.7406,2.964,7.5061,2.2605,14.617,NaN,3.5939,4.6615,3.2807,2.3857,4.683,3.9135,3.9059,6.9593,8.0272,7.1231,2.4411,8.7487,8.2115,9.7598,2.4661,0.48748,3.5494,2.1446,3.028,5.6688,9.0403,1.9857,16.331,2.3673,2.0916,8.889,11.456,5.1712,4.4109,NaN,NaN,7.9089,NaN,NaN,NaN,NaN,NaN,NaN,NaN,3.327,3.6652,NaN,NaN,2.1849,NaN,NaN,NaN,3.9058,9.5081,6.2182,10.447,NaN,9.2487,NaN,NaN,NaN,NaN,NaN,NaN,11.277,NaN,NaN,NaN,NaN,NaN,NaN,4.525,NaN,1.6194,2.1081,4.8376,4.6836,NaN,NaN,NaN,NaN,NaN,NaN
NaN,1.9384,3.5465,9.4291,4.8999,8.8485,7.3087,3.6154,NaN,NaN,5.1214,3.3774,8.5883,NaN,3.4118,NaN,3.9426,9.8792,4.9515,4.249,9.5864,NaN,4.6596,3.3145,2.1065,1.9394,2.5866,3.4715,2.4523,3.8857,6.3654,4.955,2.8138,5.8616,4.689,7.3138,1.2295,1.8086,4.4409,5.1394,6.3594,15.303,9.4972,2.2898,4.1667,0.99253,4.4819,6.416,7.7258,7.4451,4.3742,NaN,NaN,13.174,NaN,NaN,NaN,NaN,NaN,NaN,NaN,20.297,4.8432,NaN,NaN,1.1823,NaN,NaN,NaN,3.704,7.1314,13.503,5.9115,NaN,4.3539,NaN,NaN,NaN,NaN,NaN,NaN,3.2262,NaN,NaN,NaN,NaN,NaN,NaN,0.94327,NaN,3.9958,3.6303,4.1655,2.4476,NaN,NaN,NaN,NaN,NaN,NaN
NaN,2.1718,3.4094,2.187,2.861,4.2967,2.019,6.408,NaN,NaN,9.7319,3.3435,6.4857,NaN,1.8058,NaN,4.1653,1.7718,12.668,2.8378,10.301,NaN,4.7152,0.76843,2.1218,3.0325,8.0182,4.6225,2.2955,7.7328,8.9024,7.4623,5.8725,3.552,1.0888,2.9106,3.8562,5.6369,7.3459,3.6947,8.966,10.47,6.4663,12.049,10.765,1.7087,2.706,11.813,3.2539,3.9252,14.436,NaN,NaN,12.407,NaN,NaN,NaN,NaN,NaN,NaN,NaN,5.6972,20.199,NaN,NaN,1.5074,NaN,NaN,NaN,3.0748,3.0451,13.784,2.9483,NaN,8.7888,NaN,NaN,NaN,NaN,NaN,NaN,5.3107,NaN,NaN,NaN,NaN,NaN,NaN,2.2165,NaN,15.836,2.5286,5.992,3.4824,NaN,NaN,NaN,NaN,NaN,NaN
NaN,4.1203,3.5358,3.1889,5.1973,3.9394,2.4247,4.0248,NaN,NaN,8.8423,7.9784,2.7447,NaN,3.6384,NaN,4.3829,11.157,1.4702,6.8944,10.453,NaN,9.3423,2.6412,3.8027,9.5192,6.3383,3.3531,2.4736,4.8072,9.6733,6.1613,12.532,5.7283,7.312,1.8206,6.0044,1.4101,0.71066,14.687,4.9255,4.8119,5.9977,3.2075,0.8697,4.0556,6.8805,10.872,2.0828,6.052,5.6097,NaN,NaN,5.0181,NaN,NaN,NaN,NaN,NaN,NaN,NaN,2.7637,4.3024,NaN,NaN,2.4889,NaN,NaN,NaN,4.6635,8.8854,31.58,2.8905,NaN,3.9666,NaN,NaN,NaN,NaN,NaN,NaN,2.998,NaN,NaN,NaN,NaN,NaN,NaN,5.0543,NaN,7.5674,2.8622,5.0211,4.5574,NaN,NaN,NaN,NaN,NaN,NaN
NaN,2.2187,1.4707,2.1838,4.293,1.8701,4.0851,4.6592,NaN,NaN,12.787,3.0218,1.5653,NaN,5.2917,NaN,7.6582,2.7277,3.549,5.602,5.9906,NaN,4.5252,1.8061,0.84126,6.717,2.7441,10.446,4.2798,2.9803,3.8423,9.6348,2.3193,24.241,3.4267,8.6455,1.3307,3.1498,6.8091,7.4852,3.1049,5.6573,3.2519,5.3761,1.6422,2.2969,10.007,10.19,3.8763,5.9279,4.0344,NaN,NaN,1.8678,NaN,NaN,NaN,NaN,NaN,NaN,NaN,8.861,8.4057,NaN,NaN,3.7451,NaN,NaN,NaN,1.3349,3.6703,2.3042,3.3694,NaN,1.1559,NaN,NaN,NaN,NaN,NaN,NaN,4.5235,NaN,NaN,NaN,NaN,NaN,NaN,6.8096,NaN,4.3278,1.1724,3.1496,3.615,NaN,NaN,NaN,NaN,NaN,NaN
NaN,13.746,8.0229,7.1052,8.9106,6.6566,4.6512,2.5981,NaN,NaN,14.071,4.1189,2.872,NaN,10.744,NaN,15.508,3.6363,5.6853,1.6629,3.318,NaN,6.4685,2.957,3.9701,2.4304,12.481,3.5196,5.3317,7.1915,6.8709,3.839,8.4462,4.9068,8.0821,1.9034,9.9586,9.1741,3.9928,2.734,1.2822,8.3062,2.8954,4.7745,6.0027,8.0592,4.3303,5.1886,1.6268,2.8198,5.3711,NaN,NaN,1.4566,NaN,NaN,NaN,NaN,NaN,NaN,NaN,2.1482,4.9906,NaN,NaN,4.2213,NaN,NaN,NaN,5.9792,0.46382,1.0405,13.166,NaN,6.9026,NaN,NaN,NaN,NaN,NaN,NaN,11.393,NaN,NaN,NaN,NaN,NaN,NaN,7.7218,NaN,11.669,4.7415,10.226,1.9188,NaN,NaN,NaN,NaN,NaN,NaN
NaN,2.4413,2.9369,1.0337,9.6186,2.5053,2.6085,3.5031,NaN,NaN,2.1077,4.7839,17.328,NaN,3.8242,NaN,3.6884,11.527,5.1241,8.6278,10.59,NaN,1.6453,5.323,8.8349,2.1593,10.524,2.2377,13.288,12.385,9.768,1.8966,4.5156,6.7241,3.8061,7.7369,1.0768,4.2491,2.4661,6.0911,0.96478,1.9093,13.822,12.397,5.1624,2.8295,4.8493,2.6611,3.3539,4.5644,2.6219,NaN,NaN,2.1368,NaN,NaN,NaN,NaN,NaN,NaN,NaN,2.1607,7.5926,NaN,NaN,1.1198,NaN,NaN,NaN,2.4066,3.4684,4.6651,6.6215,NaN,1.6589,NaN,NaN,NaN,NaN,NaN,NaN,4.3859,NaN,NaN,NaN,NaN,NaN,NaN,22.321,NaN,5.624,4.2536,2.3234,4.0662,NaN,NaN,NaN,NaN,NaN,NaN
NaN,6.0029,0.97579,1.2636,9.6513,9.7238,8.3625,3.7956,NaN,NaN,2.875,0.43851,1.5955,NaN,6.1816,NaN,8.1463,2.2125,2.7684,6.7571,9.8435,NaN,3.0625,4.211,0.52004,4.8957,3.676,0.35447,8.3956,6.7684,5.3141,9.8324,3.4768,7.0556,6.0979,4.7009,2.4611,6.6863,2.826,4.0989,5.4053,4.4441,9.884,6.9642,4.1555,2.9048,4.3953,6.8167,10.03,6.916,7.1001,NaN,NaN,3.8235,NaN,NaN,NaN,NaN,NaN,NaN,NaN,3.7295,2.8865,NaN,NaN,5.3222,NaN,NaN,NaN,1.9309,6.852,7.7735,5.1396,NaN,4.0132,NaN,NaN,NaN,NaN,NaN,NaN,2.633,NaN,NaN,NaN,NaN,NaN,NaN,6.8369,NaN,3.9799,4.2479,2.1225,7.2965,NaN,NaN,NaN,NaN,NaN,NaN
NaN,3.0949,2.4062,5.1371,2.2599,3.9541,4.3057,4.2675,NaN,NaN,2.0325,1.8531,4.4335,NaN,3.9447,NaN,4.9314,6.7505,7.2145,7.6991,6.1713,NaN,0.33003,2.5367,3.394,4.5747,4.0824,5.2772,5.3452,5.7179,13.53,1.5946,6.1432,7.4437,4.6762,3.2021,0.16896,4.9,7.9018,1.9706,6.7219,9.1432,9.7085,0.96393,2.8538,3.0418,2.9134,4.0646,16.497,3.9584,5.6078,NaN,NaN,3.8,NaN,NaN,NaN,NaN,NaN,NaN,NaN,6.331,6.4645,NaN,NaN,4.6117,NaN,NaN,NaN,4.387,17.923,9.5823,5.1939,NaN,4.6323,NaN,NaN,NaN,NaN,NaN,NaN,2.507,NaN,NaN,NaN,NaN,NaN,NaN,2.6585,NaN,3.4785,3.4586,2.2954,7.9497,NaN,NaN,NaN,NaN,NaN,NaN
NaN,9.0188,3.0224,9.0498,6.8001,6.6385,5.201,3.9498,NaN,NaN,2.023,3.1408,4.4985,NaN,2.5933,NaN,6.4208,3.3984,3.7112,3.8329,5.3991,NaN,3.6247,7.1301,5.0218,2.0999,3.5905,2.5189,0.19206,4.8713,7.3641,6.7166,1.1862,3.9772,5.3282,3.7617,1.7401,2.849,3.7936,8.2655,5.0048,7.463,4.73,3.9499,3.8362,4.7525,1.5768,2.4107,2.7972,1.4898,5.9806,NaN,NaN,6.194,NaN,NaN,NaN,NaN,NaN,NaN,NaN,4.1657,2.7178,NaN,NaN,1.2613,NaN,NaN,NaN,7.9699,6.9447,17.122,3.5213,NaN,5.5746,NaN,NaN,NaN,NaN,NaN,NaN,4.6981,NaN,NaN,NaN,NaN,NaN,NaN,7.661,NaN,0.97697,1.9817,5.0923,2.9658,NaN,NaN,NaN,NaN,NaN,NaN
NaN,2.4417,1.2532,2.2771,1.7556,2.4885,3.2922,0.75579,NaN,NaN,9.1147,5.4422,1.9866,NaN,5.8076,NaN,10.188,4.5976,12.15,4.2077,9.5273,NaN,6.5895,5.6416,0.68523,13.518,3.0137,5.9077,0.87611,5.0325,5.3014,11.107,3.657,6.053,1.8584,5.8014,2.5667,1.2964,1.3777,16.98,0.94146,22.05,4.8094,2.6916,1.5935,4.1382,1.5716,4.8327,0.66343,3.1757,8.4744,NaN,NaN,2.4285,NaN,NaN,NaN,NaN,NaN,NaN,NaN,0.40748,9.1198,NaN,NaN,5.6647,NaN,NaN,NaN,5.6802,6.6539,12.991,3.9871,NaN,3.1064,NaN,NaN,NaN,NaN,NaN,NaN,13.203,NaN,NaN,NaN,NaN,NaN,NaN,3.585,NaN,1.6859,1.0959,0.3906,4.9885,NaN,NaN,NaN,NaN,NaN,NaN
NaN,2.0168,5.2812,3.6573,10.697,3.3569,1.6635,6.7193,NaN,NaN,1.6345,3.6373,5.9731,NaN,11.626,NaN,1.2476,5.5701,8.3142,15.185,6.1898,NaN,2.6898,1.8901,11.427,3.1388,22.886,2.1294,4.679,12.09,14.532,5.177,5.7548,2.4595,1.7113,12.852,2.0324,2.9465,5.5795,4.0496,1.6144,1.7394,5.5296,3.2564,7.7834,9.7922,3.059,7.8139,5.7943,4.8863,7.177,NaN,NaN,1.4549,NaN,NaN,NaN,NaN,NaN,NaN,NaN,6.3016,3.4046,NaN,NaN,5.0447,NaN,NaN,NaN,1.4,2.3469,3.2614,1.2666,NaN,5.1622,NaN,NaN,NaN,NaN,NaN,NaN,0.62128,NaN,NaN,NaN,NaN,NaN,NaN,3.9789,NaN,8.1375,7.1773,3.3126,4.0107,NaN,NaN,NaN,NaN,NaN,NaN
NaN,11.419,1.7951,1.3217,7.0025,3.5804,1.764,3.867,NaN,NaN,13.417,6.3735,2.846,NaN,3.3534,NaN,7.0949,6.6492,6.5944,1.8922,3.6048,NaN,1.8129,1.5363,1.7561,14.595,11.445,1.1608,2.4554,4.2996,4.6619,4.4305,5.8397,7.1477,7.6192,3.5444,3.7357,6.6793,10.2,3.2945,1.3935,4.4631,6.2676,8.1051,3.1443,7.688,9.5157,5.0617,2.5429,2.3717,2.4948,NaN,NaN,3.1604,NaN,NaN,NaN,NaN,NaN,NaN,NaN,4.8108,3.802,NaN,NaN,23.321,NaN,NaN,NaN,6.0336,1.3503,6.3862,6.4451,NaN,5.033,NaN,NaN,NaN,NaN,NaN,NaN,8.0874,NaN,NaN,NaN,NaN,NaN,NaN,7.3603,NaN,7.7274,5.8431,5.4028,3.3245,NaN,NaN,NaN,NaN,NaN,NaN
NaN,3.7948,1.0813,1.491,3.537,3.8504,7.3249,3.8016,NaN,NaN,7.5684,2.6305,2.2121,NaN,5.7373,NaN,4.8233,4.4894,7.3907,6.2044,4.5148,NaN,1.6319,2.8564,1.6229,5.6112,7.3196,3.3897,7.8473,4.8482,2.2512,5.9921,9.5881,4.1329,8.9029,2.5626,2.0833,16.798,1.9804,3.4829,6.4128,7.2947,7.2276,10.819,0.78809,4.2725,4.6531,1.0806,1.2748,6.393,5.8199,NaN,NaN,0.98434,NaN,NaN,NaN,NaN,NaN,NaN,NaN,2.089,3.8789,NaN,NaN,10.465,NaN,NaN,NaN,2.8657,3.4654,3.3607,7.8629,NaN,3.6228,NaN,NaN,NaN,NaN,NaN,NaN,2.3797,NaN,NaN,NaN,NaN,NaN,NaN,3.1924,NaN,0.40912,5.3738,2.5191,3.6884,NaN,NaN,NaN,NaN,NaN,NaN
NaN,1.7231,3.9015,7.7883,12.445,0.78672,2.7976,7.1955,NaN,NaN,2.687,2.2909,0.75862,NaN,11.26,NaN,3.5637,4.385,4.2447,6.2886,5.6435,NaN,2.6658,2.8735,4.7563,1.6085,2.802,3.6383,8.2525,1.8715,0.70631,2.5016,5.9119,1.1781,3.457,8.3559,1.3333,4.9934,5.6394,0.8107,6.8462,2.5687,3.2912,2.3905,4.3768,9.5445,4.4738,5.0859,3.8601,5.2041,0.52935,NaN,NaN,1.2607,NaN,NaN,NaN,NaN,NaN,NaN,NaN,14.75,2.0842,NaN,NaN,2.0375,NaN,NaN,NaN,3.4779,0.7362,3.4444,9.5454,NaN,8.663,NaN,NaN,NaN,NaN,NaN,NaN,4.1686,NaN,NaN,NaN,NaN,NaN,NaN,1.5648,NaN,6.7479,2.4237,4.4378,6.1148,NaN,NaN,NaN,NaN,NaN,NaN
NaN,2.042,1.3719,2.6539,1.6037,1.3233,1.3937,5.1982,NaN,NaN,6.3679,7.5057,5.9254,NaN,3.8582,NaN,5.975,4.9812,10.95,6.3092,4.588,NaN,5.2939,0.6931,2.1804,4.4231,7.3618,5.5807,3.0571,3.9848,1.1755,4.5373,6.7448,6.1176,8.9027,3.1407,1.3044,7.3075,4.8184,2.2821,3.4093,8.5339,6.0436,8.3077,6.2996,5.9919,4.9614,1.628,1.517,2.5822,2.052,NaN,NaN,4.2589,NaN,NaN,NaN,NaN,NaN,NaN,NaN,2.0541,4.8868,NaN,NaN,6.4327,NaN,NaN,NaN,5.8559,3.4522,4.7795,9.3941,NaN,6.6559,NaN,NaN,NaN,NaN,NaN,NaN,1.0184,NaN,NaN,NaN,NaN,NaN,NaN,5.2484,NaN,4.5411,2.3841,5.2063,2.6725,NaN,NaN,NaN,NaN,NaN,NaN
NaN,2.8401,9.9111,10.222,4.6228,3.9582,4.056,1.6415,NaN,NaN,5.9843,2.8526,1.5961,NaN,3.6938,NaN,4.6945,4.4076,18.043,4.0851,6.1359,NaN,8.1917,3.0913,3.391,16.225,6.6918,1.7354,4.5618,1.9878,6.8425,3.3971,3.3811,1.6207,3.2192,2.3892,6.4827,4.9763,6.7264,3.3315,1.5292,3.6553,4.0446,3.5488,24.992,7.4786,2.5979,1.4498,3.4818,2.368,5.6579,NaN,NaN,5.3892,NaN,NaN,NaN,NaN,NaN,NaN,NaN,11.43,5.2587,NaN,NaN,1.2243,NaN,NaN,NaN,13.309,2.1676,4.7728,3.5363,NaN,10.967,NaN,NaN,NaN,NaN,NaN,NaN,8.9517,NaN,NaN,NaN,NaN,NaN,NaN,11.946,NaN,2.9186,1.8523,4.2778,0.39953,NaN,NaN,NaN,NaN,NaN,NaN
NaN,11.662,1.1226,7.4892,3.3038,1.454,3.2568,4.8327,NaN,NaN,5.5808,2.9663,15.458,NaN,1.9849,NaN,2.3109,3.5789,4.3253,2.7241,3.2217,NaN,2.9757,1.4651,3.9041,0.96973,5.6786,9.2186,0.62525,4.5681,2.0687,3.2108,3.3635,7.9862,6.7801,4.0255,7.9107,4.7623,4.5899,5.8055,2.015,6.0895,3.6449,10.753,4.4003,6.5433,6.1605,1.2546,1.5435,6.9884,1.9037,NaN,NaN,2.2416,NaN,NaN,NaN,NaN,NaN,NaN,NaN,1.604,6.3608,NaN,NaN,1.7104,NaN,NaN,NaN,1.5481,1.6627,3.4199,5.2934,NaN,2.5396,NaN,NaN,NaN,NaN,NaN,NaN,2.6719,NaN,NaN,NaN,NaN,NaN,NaN,1.6458,NaN,2.9407,5.94,4.1658,2.3502,NaN,NaN,NaN,NaN,NaN,NaN
NaN,2.0561,4.2822,5.8812,0.41696,2.89,0.47025,4.2272,NaN,NaN,6.7155,5.5435,1.9651,NaN,8.9535,NaN,7.5141,9.7724,7.14,7.115,6.1902,NaN,9.4954,2.1337,3.0635,14.841,7.1879,2.5134,8.123,1.571,3.5568,5.9671,4.6123,1.8227,2.4191,11.361,7.3472,5.4313,17.887,2.0838,8.1379,1.8073,1.9892,2.1445,5.5624,2.6702,9.6802,3.8776,3.6073,3.2637,2.6704,NaN,NaN,4.1443,NaN,NaN,NaN,NaN,NaN,NaN,NaN,10.083,6.5487,NaN,NaN,4.6128,NaN,NaN,NaN,10.117,1.7049,0.33252,5.0966,NaN,8.5241,NaN,NaN,NaN,NaN,NaN,NaN,3.7669,NaN,NaN,NaN,NaN,NaN,NaN,11.893,NaN,7.3945,2.6877,5.7577,6.6334,NaN,NaN,NaN,NaN,NaN,NaN
NaN,6.5129,1.6303,3.351,3.7504,2.1378,3.0261,3.7136,NaN,NaN,5.8436,38.594,4.3745,NaN,7.5607,NaN,6.8184,10.421,3.4311,5.3954,2.7598,NaN,10.351,4.2821,0.77174,7.7629,12.433,2.9131,2.9459,3.6345,14.603,7.2191,4.0538,1.4556,3.8755,1.0422,7.0669,1.6948,14.972,3.7431,8.1105,3.8653,5.3523,1.9884,12.018,6.9024,8.0481,4.0874,8.5708,3.1415,1.5964,NaN,NaN,3.4126,NaN,NaN,NaN,NaN,NaN,NaN,NaN,10.167,11.15,NaN,NaN,3.1312,NaN,NaN,NaN,10.774,7.664,5.21,31.232,NaN,6.6568,NaN,NaN,NaN,NaN,NaN,NaN,6.1651,NaN,NaN,NaN,NaN,NaN,NaN,6.574,NaN,10.16,3.0383,3.4317,3.1058,NaN,NaN,NaN,NaN,NaN,NaN
NaN,2.5627,5.8623,2.804,2.4525,3.4679,2.5468,2.2386,NaN,NaN,7.9955,6.3167,1.3743,NaN,1.8689,NaN,5.6798,3.4451,10.203,2.2406,8.0975,NaN,7.8854,3.6376,1.6305,1.6121,5.0905,4.0301,1.9332,1.5707,5.7859,3.4651,1.1391,0.60058,4.3445,8.5573,2.5281,5.315,5.5922,1.5061,0.86628,3.5177,7.3351,6.0529,4.068,4.2567,1.8934,0.39064,1.2546,0.51439,1.6315,NaN,NaN,6.6997,NaN,NaN,NaN,NaN,NaN,NaN,NaN,10.125,3.3606,NaN,NaN,3.3995,NaN,NaN,NaN,8.1441,7.9896,11.792,2.5039,NaN,2.7767,NaN,NaN,NaN,NaN,NaN,NaN,2.1092,NaN,NaN,NaN,NaN,NaN,NaN,15.998,NaN,2.9454,2.2145,0.99714,2.1992,NaN,NaN,NaN,NaN,NaN,NaN
NaN,3.2797,6.5464,3.5318,3.1367,6.5328,6.8239,2.7539,NaN,NaN,3.9205,2.6388,4.2546,NaN,2.3964,NaN,5.7824,3.7965,6.2428,12.381,12.448,NaN,4.6294,6.927,3.8757,9.1096,3.3519,3.284,3.6171,4.2173,8.7651,11.034,0.069619,3.5694,1.0216,3.2977,6.4784,4.5467,4.628,1.384,6.3809,2.6104,5.9659,3.9997,1.5774,7.0801,3.5535,0.30461,3.5934,1.3433,2.2468,NaN,NaN,3.1813,NaN,NaN,NaN,NaN,NaN,NaN,NaN,2.9568,0.65565,NaN,NaN,4.1358,NaN,NaN,NaN,12.925,6.7707,6.075,17.318,NaN,13.267,NaN,NaN,NaN,NaN,NaN,NaN,15.175,NaN,NaN,NaN,NaN,NaN,NaN,11.817,NaN,0.95065,2.1855,0.71985,4.5962,NaN,NaN,NaN,NaN,NaN,NaN
NaN,2.6142,5.7115,4.8529,5.7544,7.9853,3.7339,6.202,NaN,NaN,6.2408,2.0864,10.752,NaN,15.915,NaN,0.9569,4.5686,0.57676,9.3267,4.7241,NaN,21.437,2.828,10.381,13.08,6.0749,1.0456,4.1936,8.175,4.5836,3.2746,12.612,3.1039,6.0853,4.2485,1.4479,10.674,4.1012,3.8603,2.1717,7.216,7.7705,2.7139,6.1799,4.2896,1.6097,5.1231,0.91166,9.7056,10.723,NaN,NaN,4.6287,NaN,NaN,NaN,NaN,NaN,NaN,NaN,4.3868,3.493,NaN,NaN,4.7068,NaN,NaN,NaN,3.6839,1.8892,1.3092,3.2898,NaN,6.8147,NaN,NaN,NaN,NaN,NaN,NaN,3.1756,NaN,NaN,NaN,NaN,NaN,NaN,12.807,NaN,6.0057,4.6964,1.9648,3.4504,NaN,NaN,NaN,NaN,NaN,NaN
NaN,4.7734,9.2047,7.0193,1.2957,4.972,1.5248,2.5084,NaN,NaN,4.9318,2.301,6.0539,NaN,2.1025,NaN,5.2607,3.1192,10.085,5.444,2.9069,NaN,14.693,4.147,5.4692,1.5638,4.6336,3.6206,6.0777,6.9365,4.8792,4.828,5.9267,2.2637,4.5522,3.6255,1.9123,9.2722,7.6319,3.9466,1.9576,1.9506,0.83615,3.425,5.1597,7.9018,3.0636,2.4619,8.1791,5.2468,5.5597,NaN,NaN,3.5976,NaN,NaN,NaN,NaN,NaN,NaN,NaN,6.3681,1.0532,NaN,NaN,0.64848,NaN,NaN,NaN,4.164,4.2198,1.8847,0.81785,NaN,6.3584,NaN,NaN,NaN,NaN,NaN,NaN,1.2457,NaN,NaN,NaN,NaN,NaN,NaN,7.503,NaN,5.1814,1.5529,11.56,2.0582,NaN,NaN,NaN,NaN,NaN,NaN
NaN,2.6386,3.3527,1.0306,11.587,6.418,6.1087,5.9792,NaN,NaN,1.6569,3.1276,2.3966,NaN,8.0325,NaN,4.9323,1.0158,3.4652,3.684,9.6081,NaN,4.7775,6.8922,2.5569,7.1083,3.791,6.5519,1.5862,4.4922,12.141,1.1326,4.0183,2.143,2.3413,3.571,2.6701,7.6381,3.5969,1.9787,11.355,2.0817,6.7939,0.97109,3.2078,2.6044,3.5077,3.067,2.7764,0.55009,1.3421,NaN,NaN,2.6137,NaN,NaN,NaN,NaN,NaN,NaN,NaN,3.9853,1.7374,NaN,NaN,3.2375,NaN,NaN,NaN,7.5913,6.2738,6.5156,10.88,NaN,6.7389,NaN,NaN,NaN,NaN,NaN,NaN,5.03,NaN,NaN,NaN,NaN,NaN,NaN,6.252,NaN,3.5746,0.39429,3.4263,2.0322,NaN,NaN,NaN,NaN,NaN,NaN
NaN,3.2845,2.9426,1.4777,13.257,6.9421,2.2506,4.3432,NaN,NaN,2.1043,4.5644,9.4516,NaN,4.7086,NaN,5.8958,6.4633,5.952,5.6663,18.752,NaN,5.2337,2.4401,9.4164,4.7907,2.0532,13.827,0.26184,8.0811,5.3349,6.5677,4.3377,2.8841,2.5621,3.5352,1.6304,6.9299,1.2277,7.1559,6.176,7.9133,5.6522,4.6129,2.6823,5.2878,9.3348,9.5592,6.035,3.2684,2.2839,NaN,NaN,3.2457,NaN,NaN,NaN,NaN,NaN,NaN,NaN,3.3078,2.5153,NaN,NaN,3.3431,NaN,NaN,NaN,10.308,5.8466,3.5164,9.0673,NaN,4.9239,NaN,NaN,NaN,NaN,NaN,NaN,5.4113,NaN,NaN,NaN,NaN,NaN,NaN,14.575,NaN,2.052,3.8925,1.7868,1.4445,NaN,NaN,NaN,NaN,NaN,NaN
NaN,7.7961,1.206,2.0825,8.9439,5.3533,6.3301,4.8866,NaN,NaN,4.0759,2.1139,3.9671,NaN,5.7198,NaN,3.8168,3.0254,5.9484,4.6206,5.3511,NaN,5.2059,5.7253,2.0705,11.425,8.7058,22.946,5.0919,6.442,4.9962,8.1778,3.9384,1.7094,11.897,6.6748,6.5997,4.9746,13.845,5.3853,8.1447,4.8642,1.7592,15.211,1.5926,4.2497,6.1137,2.7259,2.358,1.7933,2.9128,NaN,NaN,6.142,NaN,NaN,NaN,NaN,NaN,NaN,NaN,7.8734,4.6064,NaN,NaN,3.7302,NaN,NaN,NaN,5.1821,4.2087,3.6885,2.0666,NaN,2.8892,NaN,NaN,NaN,NaN,NaN,NaN,2.5823,NaN,NaN,NaN,NaN,NaN,NaN,19.125,NaN,5.4405,2.5493,3.8239,7.1115,NaN,NaN,NaN,NaN,NaN,NaN
NaN,2.9647,4.1003,3.4857,4.2698,2.4286,1.037,3.085,NaN,NaN,6.8251,5.8266,11.874,NaN,6.0467,NaN,6.8861,3.8688,4.366,4.8223,10.546,NaN,5.198,4.2599,3.1752,8.6482,7.416,3.8477,6.6534,10.797,4.3979,5.8539,20.371,4.7808,6.5102,4.7008,12.068,0.94377,2.1897,6.7124,2.8811,2.4051,12.291,0.82912,1.2657,6.9949,9.0693,5.0928,3.8543,6.19,4.8765,NaN,NaN,0.49116,NaN,NaN,NaN,NaN,NaN,NaN,NaN,2.899,3.4216,NaN,NaN,5.6669,NaN,NaN,NaN,5.1948,10.242,1.8055,5.8108,NaN,5.4035,NaN,NaN,NaN,NaN,NaN,NaN,4.0954,NaN,NaN,NaN,NaN,NaN,NaN,10.977,NaN,1.254,2.0217,7.8726,6.3828,NaN,NaN,NaN,NaN,NaN,NaN
NaN,6.5022,3.3295,6.8309,1.3926,5.3929,2.4937,5.4538,NaN,NaN,4.3717,11.511,9.8876,NaN,13.796,NaN,17.185,5.2601,4.5406,4.0307,20.118,NaN,6.3384,5.1731,2.5303,12.622,6.9026,4.6898,5.0104,12.564,6.5051,7.6137,16.434,4.0127,4.0368,2.4733,15.855,3.4761,3.7244,11.275,6.7056,3.6198,10.528,5.0468,0.65103,9.0674,4.6261,3.192,3.6095,6.0957,7.3644,NaN,NaN,9.4917,NaN,NaN,NaN,NaN,NaN,NaN,NaN,4.1007,2.5712,NaN,NaN,3.0579,NaN,NaN,NaN,5.5751,8.0995,0.90461,1.7824,NaN,5.1508,NaN,NaN,NaN,NaN,NaN,NaN,6.1848,NaN,NaN,NaN,NaN,NaN,NaN,6.3795,NaN,2.5195,3.3794,1.8006,3.2689,NaN,NaN,NaN,NaN,NaN,NaN
NaN,32.317,6.401,1.1496,0.80601,7.4393,2.4015,4.0822,NaN,NaN,1.9209,1.9433,3.2002,NaN,3.0149,NaN,11.275,5.288,5.7278,1.076,4.53,NaN,26.408,3.1479,12.926,5.5981,6.1064,11.567,2.1182,4.7337,1.3964,4.7018,5.6354,1.4711,4.6237,1.0968,3.6089,14.315,3.996,6.5289,4.4328,2.2686,12.046,2.2929,1.1362,4.192,2.8843,4.3334,8.6113,10.416,2.558,NaN,NaN,3.0132,NaN,NaN,NaN,NaN,NaN,NaN,NaN,14.832,1.5444,NaN,NaN,5.8317,NaN,NaN,NaN,6.024,1.7705,8.427,3.4541,NaN,4.4713,NaN,NaN,NaN,NaN,NaN,NaN,1.4846,NaN,NaN,NaN,NaN,NaN,NaN,5.2181,NaN,2.5859,10.082,5.7792,5.7557,NaN,NaN,NaN,NaN,NaN,NaN
NaN,3.5952,0.74007,7.7778,1.7714,4.9005,5.2235,10.776,NaN,NaN,10.54,4.1669,7.3957,NaN,8.6255,NaN,14.163,8.9973,4.9196,7.8984,4.5221,NaN,3.2581,1.8126,3.1076,7.3875,6.1896,2.3977,1.7494,7.8652,1.5199,3.253,5.742,4.263,6.0365,1.2373,3.9681,6.3918,5.4884,4.8361,0.74393,2.5038,12.234,3.8468,4.7754,2.4018,2.508,10.487,5.0416,1.8931,4.72,NaN,NaN,9.3176,NaN,NaN,NaN,NaN,NaN,NaN,NaN,0.64746,0.5112,NaN,NaN,1.9353,NaN,NaN,NaN,4.5539,4.6801,11.853,5.0771,NaN,7.8226,NaN,NaN,NaN,NaN,NaN,NaN,1.74,NaN,NaN,NaN,NaN,NaN,NaN,3.2405,NaN,2.9757,3.2294,7.4381,1.7597,NaN,NaN,NaN,NaN,NaN,NaN
NaN,5.7512,4.4436,1.9855,5.5786,7.7302,4.8837,1.7531,NaN,NaN,3.2299,2.3685,3.344,NaN,6.292,NaN,10.333,2.312,5.6759,1.8929,6.429,NaN,9.9307,3.0172,0.67541,2.4488,9.2111,6.5906,0.81764,7.9706,5.19,4.8826,4.5372,6.1226,3.5699,1.5609,1.5137,2.1661,3.4817,13.935,4.1608,2.7178,2.6716,7.793,9.4467,7.0974,2.6062,1.0529,2.6807,4.9135,6.8201,NaN,NaN,6.3569,NaN,NaN,NaN,NaN,NaN,NaN,NaN,1.9731,6.0347,NaN,NaN,0.98339,NaN,NaN,NaN,3.9068,7.1865,7.841,4.4463,NaN,3.728,NaN,NaN,NaN,NaN,NaN,NaN,13.987,NaN,NaN,NaN,NaN,NaN,NaN,4.9107,NaN,2.419,0.8474,4.2674,3.9603,NaN,NaN,NaN,NaN,NaN,NaN
NaN,5.8994,2.5619,0.84912,5.2807,3.5568,5.9435,1.5586,NaN,NaN,3.6349,2.1469,5.4982,NaN,2.929,NaN,5.0537,1.3136,3.4382,2.5981,3.9649,NaN,3.1026,5.7227,4.0435,3.6746,3.1984,8.4927,3.0449,1.9201,1.3615,4.2242,7.1683,1.6857,6.1353,4.0036,5.5532,2.4057,0.65577,7.9111,4.263,7.9061,2.0672,6.5614,2.5799,9.9684,7.2628,6.0143,2.191,2.9964,2.4976,NaN,NaN,7.241,NaN,NaN,NaN,NaN,NaN,NaN,NaN,2.5235,2.0061,NaN,NaN,6.3277,NaN,NaN,NaN,1.3885,3.3739,3.0193,0.64527,NaN,1.8006,NaN,NaN,NaN,NaN,NaN,NaN,16.417,NaN,NaN,NaN,NaN,NaN,NaN,11.111,NaN,2.3499,3.4982,5.8738,5.7143,NaN,NaN,NaN,NaN,NaN,NaN
NaN,19.983,0.61646,3.1314,3.6543,7.6584,4.6232,2.7271,NaN,NaN,2.1085,1.4774,4.3857,NaN,19.253,NaN,5.4559,6.2959,8.3453,6.0563,1.3628,NaN,5.3216,3.1087,3.7387,9.1442,2.1728,4.2167,5.5252,3.1334,1.6111,5.988,4.7964,5.9345,1.3312,3.8702,7.1344,4.7846,8.6084,1.8624,8.6622,2.5785,3.6186,3.0225,1.0494,6.8602,5.4649,4.3493,4.9388,15.993,7.4475,NaN,NaN,2.5015,NaN,NaN,NaN,NaN,NaN,NaN,NaN,3.8855,9.8091,NaN,NaN,12.73,NaN,NaN,NaN,5.9143,5.2448,3.5547,3.7235,NaN,2.7058,NaN,NaN,NaN,NaN,NaN,NaN,5.9334,NaN,NaN,NaN,NaN,NaN,NaN,7.2565,NaN,1.7336,1.4796,4.9168,9.9535,NaN,NaN,NaN,NaN,NaN,NaN
NaN,3.5247,4.0447,5.9611,3.981,4.0474,2.4577,2.7302,NaN,NaN,5.7111,4.5962,7.396,NaN,1.7276,NaN,11.437,11.664,5.9362,4.2372,9.4427,NaN,4.3815,7.9804,5.8903,12.156,9.0436,5.9792,15.728,7.3931,15.501,6.4711,15.254,3.2207,3.5244,4.7442,10.272,5.5473,2.1675,2.9546,4.6178,7.5359,15.764,5.349,1.3013,6.3985,5.8572,2.9873,3.0917,3.7726,5.6428,NaN,NaN,8.5349,NaN,NaN,NaN,NaN,NaN,NaN,NaN,4.1655,4.0136,NaN,NaN,6.6031,NaN,NaN,NaN,7.9248,3.2594,1.0505,4.6166,NaN,7.2849,NaN,NaN,NaN,NaN,NaN,NaN,6.248,NaN,NaN,NaN,NaN,NaN,NaN,4.5058,NaN,2.1562,1.8171,0.96047,2.2534,NaN,NaN,NaN,NaN,NaN,NaN
NaN,8.2632,3.8749,3.1493,6.9525,1.2222,1.8837,1.7442,NaN,NaN,7.4405,5.505,10.079,NaN,6.9226,NaN,5.9651,7.3377,3.6309,7.4668,3.7978,NaN,3.2183,2.8118,4.6562,11.28,4.2646,5.2594,5.2912,4.0647,5.76,3.7795,4.8187,5.1606,0.51313,1.9611,4.2941,1.5064,6.0784,3.2486,13.385,3.3806,9.3421,1.9743,3.6966,2.7308,1.9854,6.3269,4.2824,14.154,5.1792,NaN,NaN,2.7878,NaN,NaN,NaN,NaN,NaN,NaN,NaN,0.97073,5.0184,NaN,NaN,4.6396,NaN,NaN,NaN,3.2903,1.8276,7.7231,0.68976,NaN,0.44942,NaN,NaN,NaN,NaN,NaN,NaN,2.9487,NaN,NaN,NaN,NaN,NaN,NaN,2.3202,NaN,7.8879,6.5715,1.5413,0.21805,NaN,NaN,NaN,NaN,NaN,NaN
NaN,5.0861,2.6032,4.2067,7.5141,5.4078,4.8462,6.2483,NaN,NaN,20.37,2.2678,3.5238,NaN,6.3952,NaN,3.7779,9.0526,7.087,5.9698,8.8191,NaN,3.4726,6.5442,4.0476,9.4217,3.1441,5.7366,1.1319,6.0726,1.3858,2.3257,3.6882,4.0961,4.5439,1.4222,6.2346,2.1327,3.9299,0.59713,2.1097,0.53335,3.6987,4.2399,1.6074,11.597,4.4529,1.2645,5.4173,3.3567,4.6881,NaN,NaN,4.0011,NaN,NaN,NaN,NaN,NaN,NaN,NaN,1.871,2.0624,NaN,NaN,2.0681,NaN,NaN,NaN,2.7155,4.4564,1.8818,9.0512,NaN,2.0223,NaN,NaN,NaN,NaN,NaN,NaN,1.7863,NaN,NaN,NaN,NaN,NaN,NaN,1.1492,NaN,2.4846,1.3736,6.6711,12.04,NaN,NaN,NaN,NaN,NaN,NaN
NaN,2.0036,8.2647,4.6073,8.8426,4.4783,8.6942,4.1663,NaN,NaN,3.4423,10.548,7.056,NaN,2.614,NaN,2.7704,2.1107,1.1432,5.7301,10.49,NaN,6.8499,2.529,8.3104,2.4129,5.0021,0.91951,5.961,1.1091,5.467,13.537,5.4409,4.5495,7.8365,1.1586,5.0681,2.1674,2.7983,0.79529,2.1874,7.5029,3.4202,4.6338,1.9968,4.561,2.2335,4.973,1.8085,5.994,5.4379,NaN,NaN,4.0183,NaN,NaN,NaN,NaN,NaN,NaN,NaN,10.284,4.4061,NaN,NaN,1.6478,NaN,NaN,NaN,6.0798,7.9708,1.4728,2.291,NaN,8.4709,NaN,NaN,NaN,NaN,NaN,NaN,0.79563,NaN,NaN,NaN,NaN,NaN,NaN,1.9514,NaN,12.694,12.538,7.2152,8.7454,NaN,NaN,NaN,NaN,NaN,NaN
NaN,5.2045,1.4897,2.4136,3.7718,4.621,18.461,2.4495,NaN,NaN,2.4172,3.0004,13.664,NaN,7.7475,NaN,5.7212,2.0236,14.993,2.4911,5.1301,NaN,2.1096,1.4946,1.7853,11.213,7.5868,8.5784,3.0167,3.7818,5.0118,8.1073,2.8695,8.3155,3.4923,2.3185,5.1571,3.7429,5.1964,8.902,3.601,10.826,0.48767,5.785,1.8069,4.3759,13.058,2.2128,2.554,8.4154,1.5808,NaN,NaN,2.972,NaN,NaN,NaN,NaN,NaN,NaN,NaN,4.2352,2.6783,NaN,NaN,1.4681,NaN,NaN,NaN,2.2226,0.86104,7.8526,4.0612,NaN,4.8281,NaN,NaN,NaN,NaN,NaN,NaN,0.72456,NaN,NaN,NaN,NaN,NaN,NaN,3.3745,NaN,2.4717,3.6302,1.516,10.771,NaN,NaN,NaN,NaN,NaN,NaN
NaN,2.062,2.8504,3.8209,3.3293,4.1863,9.9861,4.1732,NaN,NaN,6.0735,2.3958,41.657,NaN,9.3949,NaN,4.3779,2.5283,5.49,6.2684,11.354,NaN,1.8362,2.996,4.8022,18.64,2.9975,7.7782,8.8863,9.2221,3.3871,3.9393,4.4423,2.8849,6.1612,1.5305,6.9666,2.2316,4.9403,9.1986,6.2942,5.0203,2.7445,6.6232,4.4654,5.8108,4.2599,1.7935,3.9114,9.4863,2.0918,NaN,NaN,10.759,NaN,NaN,NaN,NaN,NaN,NaN,NaN,3.0714,1.748,NaN,NaN,4.8186,NaN,NaN,NaN,4.0866,2.7231,4.2245,2.3035,NaN,5.7467,NaN,NaN,NaN,NaN,NaN,NaN,3.0933,NaN,NaN,NaN,NaN,NaN,NaN,4.9315,NaN,2.7415,3.9097,2.13,5.4466,NaN,NaN,NaN,NaN,NaN,NaN
NaN,6.3793,3.0413,3.1401,5.5827,3.239,6.4594,2.6119,NaN,NaN,2.8385,0.95837,8.7301,NaN,3.0894,NaN,4.0572,1.4543,1.2381,3.0534,5.0046,NaN,6.1953,3.8863,5.8942,1.6324,2.7522,3.0947,2.6368,9.4361,5.4361,2.2054,3.1806,4.5158,7.0786,3.7983,12.865,1.3453,7.0379,0.89627,2.6515,1.5915,7.7647,10.086,2.872,6.5172,2.2401,1.6313,3.664,5.4893,3.5217,NaN,NaN,1.5624,NaN,NaN,NaN,NaN,NaN,NaN,NaN,5.2197,13.872,NaN,NaN,8.09,NaN,NaN,NaN,1.0725,5.9405,2.8179,4.2138,NaN,4.3742,NaN,NaN,NaN,NaN,NaN,NaN,10.961,NaN,NaN,NaN,NaN,NaN,NaN,7.8586,NaN,2.7268,5.1441,0.76965,6.603,NaN,NaN,NaN,NaN,NaN,NaN
NaN,15.057,4.8106,4.2336,4.5366,5.1115,8.3643,4.5926,NaN,NaN,4.1715,2.2717,1.8384,NaN,2.9842,NaN,5.2401,1.3657,8.4439,2.6952,4.9755,NaN,6.5972,2.8385,2.0514,0.90015,3.9062,8.6416,0.44468,10.164,3.7068,0.59534,3.6348,4.9582,3.7636,0.84545,3.5423,2.2802,0.97015,0.64959,5.47,3.6415,3.6657,0.90128,7.2146,1.1301,4.305,5.5323,1.0436,13.107,1.1031,NaN,NaN,4.6151,NaN,NaN,NaN,NaN,NaN,NaN,NaN,8.1113,9.7582,NaN,NaN,1.9745,NaN,NaN,NaN,3.3318,3.2863,4.2674,2.4737,NaN,1.4096,NaN,NaN,NaN,NaN,NaN,NaN,3.1912,NaN,NaN,NaN,NaN,NaN,NaN,17.364,NaN,2.549,0.58928,4.7807,5.4358,NaN,NaN,NaN,NaN,NaN,NaN
NaN,7.4975,2.2132,0.52937,5.0741,5.2126,0.1755,4.5823,NaN,NaN,2.2762,5.0445,3.192,NaN,12.688,NaN,3.8609,3.7426,0.15614,16.972,9.4403,NaN,4.0958,2.378,3.853,1.2618,3.412,11.698,5.1348,3.0591,8.2191,6.9819,0.88454,8.4175,3.7897,4.8933,7.6524,5.587,6.0012,6.2174,5.1444,2.0262,2.5993,2.4066,5.7453,3.1647,4.1023,19.471,4.4303,4.5281,6.4865,NaN,NaN,8.199,NaN,NaN,NaN,NaN,NaN,NaN,NaN,6.5245,2.0344,NaN,NaN,6.0882,NaN,NaN,NaN,0.39681,2.9033,3.6344,1.786,NaN,4.1907,NaN,NaN,NaN,NaN,NaN,NaN,3.6677,NaN,NaN,NaN,NaN,NaN,NaN,3.1132,NaN,0.98576,7.2264,4.2504,4.6519,NaN,NaN,NaN,NaN,NaN,NaN
NaN,10.788,2.9646,4.1732,2.3809,5.0568,17.668,4.6546,NaN,NaN,0.63153,3.9444,9.8155,NaN,16.085,NaN,7.2391,1.6882,12.835,5.7567,4.2033,NaN,2.1303,7.6728,3.7194,2.621,4.686,10.576,0.39446,1.9647,4.2109,2.7119,2.9117,3.8988,1.2145,3.6282,10.363,1.5738,5.2985,1.8042,3.9704,7.8829,2.12,7.9831,4.094,7.4973,12.419,4.9194,3.8853,16.203,2.344,NaN,NaN,6.1444,NaN,NaN,NaN,NaN,NaN,NaN,NaN,5.4925,0.90854,NaN,NaN,2.6064,NaN,NaN,NaN,1.9895,2.6282,5.2003,6.1486,NaN,4.7283,NaN,NaN,NaN,NaN,NaN,NaN,6.1038,NaN,NaN,NaN,NaN,NaN,NaN,5.5652,NaN,6.0653,0.74917,4.2493,6.1252,NaN,NaN,NaN,NaN,NaN,NaN
NaN,11.099,7.7688,4.0595,5.5494,3.2981,10.888,1.1133,NaN,NaN,4.6444,9.1556,5.8764,NaN,8.793,NaN,4.4216,1.6754,3.3585,4.8166,6.3672,NaN,3.9069,1.3978,3.8282,1.4473,4.2736,8.0627,4.4574,2.62,2.8958,1.2978,4.9847,2.9432,3.73,4.3581,4.3387,3.2584,11.047,3.4262,3.3794,6.5197,12.74,5.8053,5.3472,12.964,65.43,2.2445,6.6941,14.802,3.3452,NaN,NaN,1.4692,NaN,NaN,NaN,NaN,NaN,NaN,NaN,2.6418,3.0087,NaN,NaN,2.3745,NaN,NaN,NaN,4.559,0.55046,5.5326,4.0559,NaN,6.3739,NaN,NaN,NaN,NaN,NaN,NaN,5.0703,NaN,NaN,NaN,NaN,NaN,NaN,5.8842,NaN,4.5488,4.3174,1.7316,4.4512,NaN,NaN,NaN,NaN,NaN,NaN
NaN,6.377,1.7346,0.28916,3.9663,6.4082,3.7539,5.953,NaN,NaN,3.4656,3.621,3.6669,NaN,7.2864,NaN,2.5041,1.5948,3.6484,24.7,6.0533,NaN,3.2321,2.1077,3.5839,5.4602,0.68057,5.2312,1.7868,2.0906,8.139,8.0687,1.039,4.3232,2.8114,4.204,3.9942,2.4294,2.3757,6.5684,5.8658,2.01,2.9908,15.338,7.8741,6.511,4.9296,1.0048,3.7112,3.8257,9.1828,NaN,NaN,4.4663,NaN,NaN,NaN,NaN,NaN,NaN,NaN,2.8662,2.3502,NaN,NaN,1.647,NaN,NaN,NaN,2.9914,2.0663,7.4721,1.6735,NaN,3.9868,NaN,NaN,NaN,NaN,NaN,NaN,1.3187,NaN,NaN,NaN,NaN,NaN,NaN,5.0138,NaN,4.5596,15.125,0.69366,5.8502,NaN,NaN,NaN,NaN,NaN,NaN
NaN,3.3129,2.7795,2.5486,4.8894,8.6241,3.6116,4.9132,NaN,NaN,5.3094,5.1649,1.4494,NaN,7.6945,NaN,1.4806,14.924,9.5594,4.5595,1.9732,NaN,2.7963,2.3112,8.8995,2.1691,3.2914,1.4971,5.8508,2.9018,8.9852,8.7697,2.7746,13.232,6.4505,7.8455,4.8044,13.153,3.5665,0.88543,6.9181,4.1948,1.0477,8.5588,7.5955,1.7937,2.1184,4.0785,3.1136,1.547,6.0334,NaN,NaN,4.2213,NaN,NaN,NaN,NaN,NaN,NaN,NaN,1.3471,3.1949,NaN,NaN,1.7297,NaN,NaN,NaN,4.2118,6.3035,6.3717,1.9624,NaN,0.72819,NaN,NaN,NaN,NaN,NaN,NaN,2.2349,NaN,NaN,NaN,NaN,NaN,NaN,7.2883,NaN,4.6844,10.363,2.8657,4.7397,NaN,NaN,NaN,NaN,NaN,NaN
NaN,0.59514,2.6412,3.2911,3.7095,7.6957,1.0338,7.7619,NaN,NaN,4.778,22.71,1.5827,NaN,9.5929,NaN,3.0031,3.4145,2.0196,23.667,7.7222,NaN,5.29,6.8912,4.3336,10.38,13.285,2.708,17.412,3.2549,6.6474,1.1884,4.6948,8.0432,0.99354,2.7943,12.345,2.8094,9.0761,1.3793,2.0315,2.1464,22.275,0.56232,5.3452,5.063,4.6146,5.4805,6.5794,2.9817,7.6098,NaN,NaN,3.8445,NaN,NaN,NaN,NaN,NaN,NaN,NaN,2.3592,1.7416,NaN,NaN,6.4918,NaN,NaN,NaN,5.2831,16.704,3.5279,3.7475,NaN,2.5049,NaN,NaN,NaN,NaN,NaN,NaN,6.9453,NaN,NaN,NaN,NaN,NaN,NaN,3.5068,NaN,2.8039,1.6777,3.8748,8.5055,NaN,NaN,NaN,NaN,NaN,NaN
NaN,8.5859,3.1773,1.8456,9.5756,5.9137,4.8997,5.826,NaN,NaN,5.1338,5.1733,2.5886,NaN,7.2469,NaN,5.7571,8.1214,16.887,4.9541,2.7256,NaN,3.381,4.7077,3.9312,10.141,2.2767,2.4447,4.1685,2.9362,6.6485,7.5144,2.2235,10.585,1.4672,5.848,5.5332,4.6959,8.9565,5.1258,5.8021,2.4925,2.2725,4.7652,5.5536,2.7097,17.883,3.6198,7.576,11.057,8.1621,NaN,NaN,3.1281,NaN,NaN,NaN,NaN,NaN,NaN,NaN,14.438,8.4641,NaN,NaN,3.6607,NaN,NaN,NaN,5.9406,3.9564,3.3684,4.6322,NaN,2.7738,NaN,NaN,NaN,NaN,NaN,NaN,21.756,NaN,NaN,NaN,NaN,NaN,NaN,6.2926,NaN,4.7306,5.5753,2.0849,2.3891,NaN,NaN,NaN,NaN,NaN,NaN
NaN,6.2496,11.593,8.3979,3.5387,7.1257,3.6004,2.7954,NaN,NaN,7.9905,3.8389,6.2247,NaN,1.1723,NaN,11.075,3.9676,16.01,7.1741,7.0061,NaN,23.556,3.5236,3.1413,14.116,6.0298,5.4425,6.8133,2.299,4.3658,4.4293,10.994,3.199,6.6907,2.061,7.3657,0.80747,4.5759,11.211,1.3721,5.4671,5.9699,10.319,2.801,1.9967,5.4322,7.1675,2.8735,3.5264,5.7396,NaN,NaN,4.8771,NaN,NaN,NaN,NaN,NaN,NaN,NaN,21.728,4.2657,NaN,NaN,8.2232,NaN,NaN,NaN,12.209,3.028,2.3147,1.2253,NaN,2.2332,NaN,NaN,NaN,NaN,NaN,NaN,8.5409,NaN,NaN,NaN,NaN,NaN,NaN,5.993,NaN,2.9752,2.4279,8.3971,11.994,NaN,NaN,NaN,NaN,NaN,NaN
NaN,31.559,5.493,5.5652,1.0433,12.329,1.5791,12.887,NaN,NaN,5.7065,7.4755,6.3693,NaN,12.638,NaN,1.8569,4.3363,23.698,7.8958,15.77,NaN,7.4399,4.3875,4.056,10.137,4.1506,4.6122,4.1561,9.273,5.0809,6.4141,7.5537,8.5483,6.0939,2.553,14.394,4.6098,5.21,7.5044,7.2985,3.4076,5.6013,2.6433,2.3996,4.6663,6.0131,4.2145,5.9476,7.2841,7.4018,NaN,NaN,5.4544,NaN,NaN,NaN,NaN,NaN,NaN,NaN,9.0189,2.3904,NaN,NaN,5.1738,NaN,NaN,NaN,8.5457,7.313,6.167,0.18009,NaN,3.1835,NaN,NaN,NaN,NaN,NaN,NaN,9.4074,NaN,NaN,NaN,NaN,NaN,NaN,10.789,NaN,2.7475,6.0589,6.903,2.7719,NaN,NaN,NaN,NaN,NaN,NaN
NaN,3.3776,5.1559,4.2905,8.0261,4.5409,5.3599,2.4498,NaN,NaN,7.6129,7.1068,8.2736,NaN,6.9569,NaN,10.154,11.538,11.849,4.8951,8.9853,NaN,8.1153,7.2138,4.6532,15.908,7.3453,4.87,8.4564,2.9515,3.4264,10.422,26.141,4.5408,4.164,4.7218,7.6345,1.6498,1.5812,2.2591,1.0012,4.6141,5.7673,3.2874,2.0434,4.6104,5.3248,3.468,1.5201,7.1547,4.7366,NaN,NaN,6.7044,NaN,NaN,NaN,NaN,NaN,NaN,NaN,1.5744,5.2634,NaN,NaN,5.5164,NaN,NaN,NaN,12.027,2.3335,1.2582,8.7333,NaN,4.7213,NaN,NaN,NaN,NaN,NaN,NaN,8.4412,NaN,NaN,NaN,NaN,NaN,NaN,3.4106,NaN,6.4837,2.9949,4.838,4.212,NaN,NaN,NaN,NaN,NaN,NaN
NaN,8.7009,2.4894,8.0971,10.102,6.5522,5.6924,4.7997,NaN,NaN,4.98,5.4716,3.7149,NaN,11.428,NaN,19.577,4.7613,4.7911,10.892,28.681,NaN,5.3892,0.54636,2.7244,8.3674,2.4484,5.0846,6.4484,13.599,6.7048,5.8492,5.732,7.1135,1.7839,3.3922,10.579,7.7928,4.1789,8.3203,4.0242,10.503,4.6663,9.449,2.243,6.4288,6.9423,4.6507,3.5299,2.1595,3.6789,NaN,NaN,2.7962,NaN,NaN,NaN,NaN,NaN,NaN,NaN,6.1442,8.0938,NaN,NaN,8.0423,NaN,NaN,NaN,10.361,4.1272,2.9674,3.7551,NaN,3.2122,NaN,NaN,NaN,NaN,NaN,NaN,3.3078,NaN,NaN,NaN,NaN,NaN,NaN,6.9087,NaN,4.8494,3.2543,3.0997,14.909,NaN,NaN,NaN,NaN,NaN,NaN
NaN,2.531,0.95282,3.7007,4.9688,6.9283,4.126,3.7642,NaN,NaN,4.1798,7.0681,4.0355,NaN,3.8407,NaN,2.3236,8.7699,15.02,8.6341,0.59124,NaN,5.8283,6.0679,5.4743,3.8529,10.179,2.4629,3.2398,3.8731,11.584,14.426,2.1366,9.1366,10.735,5.8829,5.2224,1.9517,4.9258,3.6785,3.125,4.7392,4.1022,2.1798,3.6853,4.7005,0.59699,8.8754,0.22868,4.5304,3.3141,NaN,NaN,1.5521,NaN,NaN,NaN,NaN,NaN,NaN,NaN,2.3343,6.7163,NaN,NaN,4.3782,NaN,NaN,NaN,9.7993,6.1432,2.0361,9.7493,NaN,1.3776,NaN,NaN,NaN,NaN,NaN,NaN,12.916,NaN,NaN,NaN,NaN,NaN,NaN,16.538,NaN,5.4501,1.4835,7.7489,21.487,NaN,NaN,NaN,NaN,NaN,NaN
NaN,1.1256,4.2842,4.7513,10.64,4.2662,7.7126,2.5649,NaN,NaN,1.3976,5.5574,1.5907,NaN,4.2257,NaN,4.0216,0.70609,18.383,5.9495,4.8973,NaN,3.9494,1.7426,7.6935,13.632,4.8116,5.1342,0.95466,6.4741,6.9589,6.1854,1.0408,7.3284,4.4454,7.5542,15.154,7.7145,3.1977,3.911,3.1675,0.30736,3.638,2.1392,16.8,1.4498,2.9542,5.1105,7.0545,3.5224,5.7427,NaN,NaN,3.2765,NaN,NaN,NaN,NaN,NaN,NaN,NaN,2.8785,2.3176,NaN,NaN,12.27,NaN,NaN,NaN,2.1071,6.53,6.0234,1.724,NaN,12.06,NaN,NaN,NaN,NaN,NaN,NaN,4.8541,NaN,NaN,NaN,NaN,NaN,NaN,3.8358,NaN,5.4331,1.5424,4.4726,1.2617,NaN,NaN,NaN,NaN,NaN,NaN
NaN,1.0632,1.5838,6.4138,1.6491,12.53,8.9718,6.3583,NaN,NaN,2.0444,5.088,2.2414,NaN,8.3323,NaN,1.6249,3.2292,20.161,4.9547,8.0966,NaN,8.5995,6.488,3.1336,7.707,6.6196,5.75,8.6527,3.4651,6.0814,1.5623,5.3273,3.5794,1.7359,5.0929,0.65633,2.3467,2.4749,2.544,4.2048,2.1446,6.607,5.0715,5.3951,3.8734,17.672,18.105,8.242,2.2116,7.2735,NaN,NaN,5.6108,NaN,NaN,NaN,NaN,NaN,NaN,NaN,4.9662,2.5267,NaN,NaN,3.2609,NaN,NaN,NaN,2.679,6.7711,0.86731,6.2517,NaN,1.6214,NaN,NaN,NaN,NaN,NaN,NaN,4.3731,NaN,NaN,NaN,NaN,NaN,NaN,2.6967,NaN,2.2628,5.8762,0.79847,7.6815,NaN,NaN,NaN,NaN,NaN,NaN
NaN,1.8826,11.031,5.1418,2.9332,2.5261,2.5377,4.6447,NaN,NaN,1.3328,6.1634,7.7525,NaN,4.1429,NaN,3.0671,6.6757,2.1561,4.8476,3.465,NaN,4.4648,5.1975,1.671,2.5571,11.245,9.116,1.4036,3.9576,8.0027,8.8397,7.4521,16.956,1.9011,4.5757,2.7124,8.8389,21.793,6.3883,7.6208,5.5437,0.77955,9.9235,4.3455,2.9726,0.8536,14.591,1.2334,3.0261,3.1302,NaN,NaN,4.4741,NaN,NaN,NaN,NaN,NaN,NaN,NaN,12.996,3.3097,NaN,NaN,7.0314,NaN,NaN,NaN,3.0562,4.5278,7.4019,3.5459,NaN,2.5501,NaN,NaN,NaN,NaN,NaN,NaN,6.024,NaN,NaN,NaN,NaN,NaN,NaN,1.64,NaN,4.0133,0.53096,4.5134,3.7895,NaN,NaN,NaN,NaN,NaN,NaN
NaN,14.854,4.9367,7.743,2.6568,7.1098,2.064,15.435,NaN,NaN,4.3724,6.1399,4.2485,NaN,12.28,NaN,3.209,3.3326,8.5849,5.7328,11.5,NaN,11.313,6.0145,3.5088,15.929,6.7563,5.607,5.8186,5.248,10.249,5.0075,9.534,12.67,3.6955,2.9624,18.906,7.786,12.372,5.8506,3.4142,8.6395,5.5642,2.0396,1.391,6.2362,6.7067,3.1511,4.9095,7.8228,8.8645,NaN,NaN,5.1585,NaN,NaN,NaN,NaN,NaN,NaN,NaN,15.103,3.7092,NaN,NaN,3.5295,NaN,NaN,NaN,19.309,5.1266,22.764,2.0692,NaN,2.2447,NaN,NaN,NaN,NaN,NaN,NaN,5.7729,NaN,NaN,NaN,NaN,NaN,NaN,3.8873,NaN,3.5866,3.4275,5.6841,1.2147,NaN,NaN,NaN,NaN,NaN,NaN
NaN,9.2365,4.8211,11.704,7.9411,2.4827,10.834,5.5758,NaN,NaN,6.2218,12.485,8.64,NaN,4.0026,NaN,17.996,6.2375,3.9588,5.0729,6.3026,NaN,8.3914,3.7351,5.0676,5.7196,10.439,3.1302,8.633,5.271,2.3665,8.0113,5.2202,10.195,11.699,5.5293,4.8937,3.7575,5.7094,3.4421,4.7661,6.4308,3.83,4.4301,7.2949,3.4365,4.5802,2.8196,2.2346,2.9386,10.629,NaN,NaN,3.963,NaN,NaN,NaN,NaN,NaN,NaN,NaN,3.7269,8.0561,NaN,NaN,7.7709,NaN,NaN,NaN,10.32,3.9424,3.79,3.9055,NaN,6.7065,NaN,NaN,NaN,NaN,NaN,NaN,5.5225,NaN,NaN,NaN,NaN,NaN,NaN,2.7179,NaN,6.7662,0.77296,4.0245,6.7694,NaN,NaN,NaN,NaN,NaN,NaN
NaN,14.2,3.8241,9.3601,1.4235,12.83,4.1629,9.4458,NaN,NaN,4.8837,15.897,15.039,NaN,15.644,NaN,7.9404,1.4269,6.7678,5.2335,19.348,NaN,12.451,7.5755,1.2252,17.718,14.751,3.5897,3.9935,12.857,5.7502,8.2883,15.638,9.0531,6.1139,1.0965,18.759,4.1489,6.3095,7.3766,4.3908,3.6548,7.4998,4.3877,0.79428,16.472,3.538,0.9634,4.9841,3.9347,11.214,NaN,NaN,11.947,NaN,NaN,NaN,NaN,NaN,NaN,NaN,5.509,3.2273,NaN,NaN,3.7346,NaN,NaN,NaN,7.708,12.449,8.2808,1.7708,NaN,11.308,NaN,NaN,NaN,NaN,NaN,NaN,4.4707,NaN,NaN,NaN,NaN,NaN,NaN,2.3273,NaN,5.5151,4.7363,3.9356,3.3671,NaN,NaN,NaN,NaN,NaN,NaN
NaN,3.1745,5.7602,9.3749,10.398,2.3992,3.5513,5.6037,NaN,NaN,7.2902,6.2723,5.1589,NaN,8.6968,NaN,1.3288,2.4334,7.5044,4.708,6.1545,NaN,2.6872,6.2065,4.3546,8.2315,4.7642,2.8834,2.7095,2.5441,3.7532,0.28953,10.418,4.2109,4.6609,13.843,10.178,11.905,1.243,0.44027,2.9931,3.6021,4.0655,3.2775,5.8801,2.6888,7.0641,9.1019,2.3512,3.1426,4.3959,NaN,NaN,0.94571,NaN,NaN,NaN,NaN,NaN,NaN,NaN,4.2539,3.069,NaN,NaN,5.3374,NaN,NaN,NaN,7.4019,2.5083,4.1607,10.06,NaN,5.0079,NaN,NaN,NaN,NaN,NaN,NaN,8.7686,NaN,NaN,NaN,NaN,NaN,NaN,4.9034,NaN,4.299,3.2117,6.8869,1.8041,NaN,NaN,NaN,NaN,NaN,NaN
NaN,14.682,1.3337,6.8967,4.6528,12.337,4.0524,4.0954,NaN,NaN,5.2477,11.07,3.1885,NaN,1.2951,NaN,2.3283,2.9124,9.9602,6.3199,9.6631,NaN,11.968,3.7503,3.3731,12.42,5.2656,5.3362,14.903,3.6373,3.9955,1.6175,2.3228,7.3954,0.61027,3.7689,11.167,6.0367,4.2962,5.3935,5.7301,5.9548,5.0912,2.6266,11.677,1.6695,3.7851,5.3465,5.4629,4.8964,5.8668,NaN,NaN,8.0807,NaN,NaN,NaN,NaN,NaN,NaN,NaN,4.7786,1.1058,NaN,NaN,8.5601,NaN,NaN,NaN,5.9105,6.4286,2.2399,7.4701,NaN,14.049,NaN,NaN,NaN,NaN,NaN,NaN,6.1157,NaN,NaN,NaN,NaN,NaN,NaN,5.6298,NaN,1.9285,1.8411,15.495,3.2332,NaN,NaN,NaN,NaN,NaN,NaN
NaN,29.016,2.5338,3.8195,8.3646,5.4984,4.3838,7.8328,NaN,NaN,9.3168,2.9693,4.4514,NaN,3.4339,NaN,3.5527,10.633,10.276,6.1747,3.7967,NaN,6.5004,5.8466,5.4879,5.9782,5.2383,3.6754,2.4861,10.565,6.3657,5.4713,8.6322,15.322,2.6892,10.078,6.4398,7.4137,1.1184,2.0999,0.85063,6.1789,9.3003,2.5845,18.226,4.0781,8.0519,7.3571,5.3967,3.4196,1.1636,NaN,NaN,8.445,NaN,NaN,NaN,NaN,NaN,NaN,NaN,11.255,5.2796,NaN,NaN,7.3067,NaN,NaN,NaN,4.1749,10.491,5.829,5.4838,NaN,3.2163,NaN,NaN,NaN,NaN,NaN,NaN,24.64,NaN,NaN,NaN,NaN,NaN,NaN,1.7143,NaN,2.243,1.3725,3.4969,6.9654,NaN,NaN,NaN,NaN,NaN,NaN
NaN,5.9566,4.2001,6.194,5.1784,8.6207,3.5483,7.6995,NaN,NaN,4.8178,6.429,3.5163,NaN,7.8651,NaN,7.1324,14.963,11.279,6.8091,8.2596,NaN,1.977,5.2368,7.8783,4.929,3.8529,30.892,3.2197,5.3069,33.952,1.6771,1.6599,8.4685,2.1973,5.477,16.911,12.085,3.3768,2.2647,1.5223,5.5683,3.9215,7.7807,10.007,3.4355,5.0379,4.323,6.975,3.35,3.9977,NaN,NaN,3.638,NaN,NaN,NaN,NaN,NaN,NaN,NaN,12.926,1.7882,NaN,NaN,6.9016,NaN,NaN,NaN,4.3264,1.3903,2.9856,12.838,NaN,4.1305,NaN,NaN,NaN,NaN,NaN,NaN,15,NaN,NaN,NaN,NaN,NaN,NaN,10.895,NaN,4.5644,5.4351,3.6499,6.1115,NaN,NaN,NaN,NaN,NaN,NaN
NaN,5.8926,5.6684,9.1791,4.7976,14.555,7.8344,6.0099,NaN,NaN,12.956,23.889,10.887,NaN,10.089,NaN,8.7287,7.2243,2.4533,20.71,12.43,NaN,22.681,3.0191,2.5826,4.9061,10.907,4.1561,6.4558,12.33,3.9937,6.6135,12.851,9.6196,6.712,3.9631,6.5004,2.7279,6.2252,0.84041,5.4816,4.3314,17.165,7.6403,5.767,10.193,1.8276,8.324,6.6435,0.94151,10.363,NaN,NaN,2.9043,NaN,NaN,NaN,NaN,NaN,NaN,NaN,4.8181,4.4461,NaN,NaN,5.7127,NaN,NaN,NaN,12.543,2.5557,1.2962,4.8629,NaN,2.4754,NaN,NaN,NaN,NaN,NaN,NaN,6.6897,NaN,NaN,NaN,NaN,NaN,NaN,3.8242,NaN,7.8065,1.8367,8.0014,7.6199,NaN,NaN,NaN,NaN,NaN,NaN
NaN,6.6054,0.95846,6.2888,8.2201,12.074,5.0762,6.1303,NaN,NaN,2.1887,6.7326,5.4195,NaN,6.6311,NaN,2.6104,5.6422,5.4631,4.37,8.9491,NaN,12.772,1.444,3.1328,11.408,2.1922,1.7456,11.528,2.7048,6.4735,14.637,1.9071,5.7818,5.3007,10.575,10.268,14.436,22.008,6.7736,1.3961,4.3044,4.9827,4.0926,5.2893,3.2293,3.3443,5.8794,7.0995,4.7283,1.4087,NaN,NaN,2.8989,NaN,NaN,NaN,NaN,NaN,NaN,NaN,7.8947,3.1078,NaN,NaN,15.964,NaN,NaN,NaN,17.83,6.1436,6.4879,6.8842,NaN,3.0124,NaN,NaN,NaN,NaN,NaN,NaN,3.5169,NaN,NaN,NaN,NaN,NaN,NaN,5.4441,NaN,1.5219,3.6791,2.245,5.9718,NaN,NaN,NaN,NaN,NaN,NaN
NaN,3.275,1.5059,5.9037,8.0289,4.69,10.671,12.168,NaN,NaN,8.75,1.3675,1.5008,NaN,7.8061,NaN,2.556,3.8532,4.8626,3.5542,31.298,NaN,5.8471,3.5481,1.2696,2.9919,9.3264,7.1353,6.9865,8.0832,6.3476,0.8679,4.9962,1.1515,10.203,3.1974,2.1052,3.6282,0.70675,9.9523,3.1942,6.3143,2.446,2.2963,2.283,0.9702,7.3819,11.068,3.9763,1.791,5.0592,NaN,NaN,14.526,NaN,NaN,NaN,NaN,NaN,NaN,NaN,2.7204,5.3958,NaN,NaN,14.084,NaN,NaN,NaN,5.0439,1.6737,4.4859,5.0977,NaN,2.2211,NaN,NaN,NaN,NaN,NaN,NaN,2.7121,NaN,NaN,NaN,NaN,NaN,NaN,2.113,NaN,2.6528,1.2449,3.2268,3.5358,NaN,NaN,NaN,NaN,NaN,NaN
NaN,18.672,5.4161,10.545,12.924,10.754,12.486,14.081,NaN,NaN,12.891,7.5508,13.283,NaN,16.847,NaN,14.06,9.6557,18.56,11.085,9.4272,NaN,13.201,16.341,9.3274,6.0356,6.8829,13.008,9.5244,10.238,17.206,7.9777,8.0595,14.793,5.9411,10.146,15.837,11.457,5.0033,7.6831,9.6338,9.828,4.4684,18.652,15.373,2.9117,7.2349,20.014,12.249,9.6129,9.9017,NaN,NaN,6.2404,NaN,NaN,NaN,NaN,NaN,NaN,NaN,11.351,14.111,NaN,NaN,15.514,NaN,NaN,NaN,9.3824,14.646,13.312,16.018,NaN,7.872,NaN,NaN,NaN,NaN,NaN,NaN,16.511,NaN,NaN,NaN,NaN,NaN,NaN,14.765,NaN,7.7635,6.1275,24.7,12.934,NaN,NaN,NaN,NaN,NaN,NaN
NaN,17.249,5.9193,12.097,4.527,37.468,37.92,5.672,NaN,NaN,17.517,15.827,6.3588,NaN,8.3224,NaN,7.595,7.5928,8.6185,8.2363,6.3772,NaN,4.9726,8.7221,6.8745,7.4642,5.6387,10.645,3.8993,8.6846,15.123,4.9767,4.0987,11.993,0.84127,10.231,20.725,10.813,7.5873,14.353,12.445,16.165,11.407,27.44,17.088,2.6655,7.3708,11.308,11.234,13.929,5.7163,NaN,NaN,1.7059,NaN,NaN,NaN,NaN,NaN,NaN,NaN,13.494,10.06,NaN,NaN,9.2081,NaN,NaN,NaN,6.8244,3.518,3.401,20.035,NaN,7.3383,NaN,NaN,NaN,NaN,NaN,NaN,13.461,NaN,NaN,NaN,NaN,NaN,NaN,6.3989,NaN,12.414,1.3258,10.719,8.2271,NaN,NaN,NaN,NaN,NaN,NaN
NaN,4.5052,6.0119,3.4119,0.56225,3.7423,5.7861,3.6391,NaN,NaN,2.8309,9.3563,15.972,NaN,11.425,NaN,7.3189,1.1879,3.4421,7.4723,13.991,NaN,4.9937,5.6133,1.4052,14.108,5.3997,10.476,8.514,10.469,6.3341,3.1074,12.85,3.7475,4.3096,1.1943,16.055,2.6965,1.4998,5.4581,3.4967,2.7691,12.515,4.0028,2.4845,7.6075,4.0442,7.5706,4.9434,3.2329,7.5135,NaN,NaN,10.023,NaN,NaN,NaN,NaN,NaN,NaN,NaN,5.0584,1.0365,NaN,NaN,1.6684,NaN,NaN,NaN,11.737,7.8347,3.4957,1.2146,NaN,6.35,NaN,NaN,NaN,NaN,NaN,NaN,5.2298,NaN,NaN,NaN,NaN,NaN,NaN,2.2594,NaN,1.6564,2.4989,1.7849,5.5164,NaN,NaN,NaN,NaN,NaN,NaN
NaN,1.823,3.0399,6.2986,12.242,4.0594,8.0393,3.9223,NaN,NaN,4.122,1.2125,1.4814,NaN,3.9193,NaN,2.0868,4.6215,3.8079,5.1996,6.3965,NaN,6.0788,4.8387,3.0364,0.36562,8.4941,16.59,8.9695,17.041,7.2263,1.3587,3.1107,6.784,4.416,1.6107,5.1451,3.1573,3.6014,4.686,3.912,2.4958,12.885,3.0459,11.237,2.4351,2.8164,4.6988,8.5221,4.7965,4.0951,NaN,NaN,5.7125,NaN,NaN,NaN,NaN,NaN,NaN,NaN,2.4145,6.4297,NaN,NaN,15.393,NaN,NaN,NaN,6.3929,7.6104,7.282,12.884,NaN,3.6652,NaN,NaN,NaN,NaN,NaN,NaN,10.224,NaN,NaN,NaN,NaN,NaN,NaN,4.4175,NaN,2.838,2.1895,3.2678,2.2807,NaN,NaN,NaN,NaN,NaN,NaN
NaN,1.7745,1.3639,2.7623,5.2313,4.5251,7.6498,7.0625,NaN,NaN,2.5546,5.107,2.0272,NaN,5.88,NaN,2.12,6.1592,0.9464,3.1445,6.6303,NaN,4.5376,2.6593,3.8897,3.6193,4.0129,32.395,3.2422,6.6433,4.1234,4.6236,0.83659,4.8032,4.1511,2.9312,5.4314,8.4847,4.733,2.3843,2.5024,4.9683,7.0817,3.0311,10.792,1.5829,11.343,8.418,8.746,6.0226,2.5486,NaN,NaN,3.2324,NaN,NaN,NaN,NaN,NaN,NaN,NaN,3.6694,3.8172,NaN,NaN,11.269,NaN,NaN,NaN,9.5157,4.0023,3.4331,2.8027,NaN,0.64758,NaN,NaN,NaN,NaN,NaN,NaN,21.353,NaN,NaN,NaN,NaN,NaN,NaN,1.3164,NaN,2.0904,1.7795,3.531,6.5266,NaN,NaN,NaN,NaN,NaN,NaN
NaN,11.614,8.3743,9.6412,10.665,5.919,9.6215,14.112,NaN,NaN,9.4678,12.172,15.363,NaN,7.7734,NaN,8.6062,15.976,6.5678,6.1416,9.2665,NaN,2.015,21.518,12.595,9.8736,9.0715,8.4504,8.2578,16.141,11.811,12.126,11.929,27.764,7.0561,3.3932,9.9676,8.5655,14.845,7.9842,7.7769,11.156,19.204,13.215,9.9139,4.6087,11.336,12.384,13.326,11.92,0.53067,NaN,NaN,8.6703,NaN,NaN,NaN,NaN,NaN,NaN,NaN,34.313,8.9972,NaN,NaN,8.4268,NaN,NaN,NaN,4.358,8.4216,2.5588,6.4248,NaN,10.546,NaN,NaN,NaN,NaN,NaN,NaN,6.5173,NaN,NaN,NaN,NaN,NaN,NaN,5.8107,NaN,11.454,2.1611,11.571,13.606,NaN,NaN,NaN,NaN,NaN,NaN
NaN,6.0598,5.1634,2.2853,7.4254,3.5247,6.1885,1.1109,NaN,NaN,7.0225,8.6436,2.7875,NaN,2.8953,NaN,7.505,8.855,7.7176,7.1051,6.5087,NaN,10.367,2.0658,5.6334,5.0536,6.7686,7.3602,5.7109,4.4941,4.1612,5.4125,6.2834,8.9336,9.8243,3.9848,5.2367,6.4986,4.7493,9.6452,0.89286,3.7535,6.8255,32.007,9.5761,5.2373,4.6111,17.607,6.2716,3.9057,5.6385,NaN,NaN,7.1579,NaN,NaN,NaN,NaN,NaN,NaN,NaN,4.7786,9.563,NaN,NaN,4.2634,NaN,NaN,NaN,7.4743,6.1606,3.4327,9.1549,NaN,2.7612,NaN,NaN,NaN,NaN,NaN,NaN,7.6911,NaN,NaN,NaN,NaN,NaN,NaN,7.2065,NaN,5.1919,1.2195,8.691,4.8523,NaN,NaN,NaN,NaN,NaN,NaN
NaN,6.1294,4.0047,9.715,4.5318,1.7644,8.369,8.4858,NaN,NaN,4.6507,3.7346,5.2081,NaN,3.5217,NaN,13.377,8.5378,6.6911,9.5613,7.6532,NaN,9.7468,1.9923,13.803,11.451,3.1218,13.828,9.1231,7.9946,6.0797,11.485,7.9818,14.13,3.8329,7.2074,11.677,8.4584,7.219,21.284,8.124,18.379,11.782,15.519,2.296,5.3388,3.1165,7.0851,13.527,15.79,14.235,NaN,NaN,4.4739,NaN,NaN,NaN,NaN,NaN,NaN,NaN,4.6015,37.199,NaN,NaN,12.651,NaN,NaN,NaN,3.892,3.2125,2.1399,9.4697,NaN,12.53,NaN,NaN,NaN,NaN,NaN,NaN,13.362,NaN,NaN,NaN,NaN,NaN,NaN,3.6357,NaN,12.535,1.6468,14.825,4.809,NaN,NaN,NaN,NaN,NaN,NaN
NaN,4.4094,4.2462,10.681,5.1412,2.5025,10.998,7.381,NaN,NaN,2.3259,4.1589,3.3769,NaN,3.608,NaN,9.4534,4.5841,3.9654,5.1854,7.8344,NaN,6.3952,2.5039,2.5467,7.1372,3.1586,2.4645,5.9181,3.6718,3.9652,5.5424,7.6432,4.1487,4.4729,2.1345,5.9949,6.3636,3.4176,8.8081,3.5581,32.87,8.7089,5.3795,4.2885,8.0913,2.6581,8.5772,9.6316,2.266,0.4397,NaN,NaN,2.6513,NaN,NaN,NaN,NaN,NaN,NaN,NaN,2.7788,5.4221,NaN,NaN,2.6884,NaN,NaN,NaN,4.2359,1.8624,3.0698,5.6167,NaN,5.6539,NaN,NaN,NaN,NaN,NaN,NaN,5.4483,NaN,NaN,NaN,NaN,NaN,NaN,0.98949,NaN,5.7639,4.5339,2.7195,6.9045,NaN,NaN,NaN,NaN,NaN,NaN
NaN,6.4926,2.5336,3.1572,5.3269,7.4618,16.497,2.5614,NaN,NaN,3.8219,8.2971,6.6579,NaN,4.976,NaN,21.1,2.7674,3.3671,2.5969,5.5984,NaN,2.5698,3.2826,2.6925,5.4868,17.625,1.1646,6.8363,6.4277,4.6069,3.8933,3.5309,3.5788,6.7524,5.2529,8.1704,2.6317,4.0151,7.8835,1.9549,4.867,5.8871,2.8247,11.751,2.9281,4.8899,7.1756,5.9357,4.4025,6.0577,NaN,NaN,2.6004,NaN,NaN,NaN,NaN,NaN,NaN,NaN,2.1269,3.7842,NaN,NaN,2.6776,NaN,NaN,NaN,2.9925,2.6995,0.99108,5.257,NaN,7.9073,NaN,NaN,NaN,NaN,NaN,NaN,31.366,NaN,NaN,NaN,NaN,NaN,NaN,3.5449,NaN,2.4569,6.705,2.2019,9.6336,NaN,NaN,NaN,NaN,NaN,NaN
NaN,2.9948,4.355,4.7321,5.8934,1.5366,2.3794,0.92408,NaN,NaN,7.3916,4.5502,3.8544,NaN,3.399,NaN,7.5408,4.1763,15.462,5.1168,9.6751,NaN,4.8495,5.6464,1.4397,7.3108,3.6998,4.3063,5.1862,4.3122,2.0326,9.6917,14.322,16.348,2.878,2.5255,5.6197,0.36417,2.9173,6.0625,2.804,10.189,5.174,3.1086,0.30461,3.627,4.9939,2.1888,0.81944,2.9441,3.5211,NaN,NaN,2.8622,NaN,NaN,NaN,NaN,NaN,NaN,NaN,2.6343,10.486,NaN,NaN,4.7511,NaN,NaN,NaN,1.8216,6.3395,3.9856,3.9941,NaN,5.2279,NaN,NaN,NaN,NaN,NaN,NaN,3.9579,NaN,NaN,NaN,NaN,NaN,NaN,8.4311,NaN,10.6,6.9134,4.845,2.1131,NaN,NaN,NaN,NaN,NaN,NaN
NaN,1.3499,5.7458,2.0778,4.1203,7.9665,8.4725,4.9628,NaN,NaN,5.4919,3.1087,3.8164,NaN,6.439,NaN,3.3238,7.544,5.8754,7.7697,5.7629,NaN,4.3019,5.4929,3.1472,1.447,3.4637,11.683,0.77629,10.683,8.5177,3.9611,5.8424,5.9209,3.7201,1.4795,4.0061,3.7151,1.7547,4.0709,3.1313,6.9136,8.9618,4.2152,10.865,2.1753,2.4494,1.7585,10.04,1.9899,4.93,NaN,NaN,2.0262,NaN,NaN,NaN,NaN,NaN,NaN,NaN,2.5339,6.5377,NaN,NaN,7.4042,NaN,NaN,NaN,4.2859,8.9905,8.9587,8.8607,NaN,3.0575,NaN,NaN,NaN,NaN,NaN,NaN,4.7555,NaN,NaN,NaN,NaN,NaN,NaN,5.1535,NaN,6.9961,4.5883,2.2845,4.5316,NaN,NaN,NaN,NaN,NaN,NaN
NaN,2.1688,1.5268,4.4678,3.3504,5.1685,5.2709,1.5536,NaN,NaN,2.9604,1.245,4.9439,NaN,8.1829,NaN,4.7422,9.0259,3.7998,4.7483,5.8047,NaN,2.7846,4.8966,4.201,2.4732,5.6438,8.2938,4.2864,3.4224,2.7227,8.2053,0.94388,5.0105,2.5052,5.0756,30.348,8.0717,1.0951,1.4912,1.9898,7.639,10.914,7.6881,9.8698,2.7844,9.345,4.1334,11.399,6.504,2.5151,NaN,NaN,2.1351,NaN,NaN,NaN,NaN,NaN,NaN,NaN,2.7974,8.8,NaN,NaN,6.5642,NaN,NaN,NaN,8.9853,2.5065,4.169,9.724,NaN,3.1048,NaN,NaN,NaN,NaN,NaN,NaN,21.584,NaN,NaN,NaN,NaN,NaN,NaN,5.4295,NaN,3.8999,2.6264,9.5683,6.2441,NaN,NaN,NaN,NaN,NaN,NaN
NaN,9.0545,6.6596,3.3443,11.625,6.3518,10.717,5.0069,NaN,NaN,5.88,2.5269,5.4245,NaN,5.3779,NaN,6.6592,9.432,11.401,9.0646,1.7712,NaN,8.2279,1.3221,2.3794,1.4874,18.321,7.3397,2.8157,1.891,23.531,5.2218,3.7997,5.3594,7.8296,2.5799,7.3623,2.6172,7.3188,12.593,8.5819,16.721,6.0662,16.468,11.549,15.296,5.2368,7.5444,9.0829,5.8081,5.1362,NaN,NaN,16.164,NaN,NaN,NaN,NaN,NaN,NaN,NaN,2.9506,8.3353,NaN,NaN,18.48,NaN,NaN,NaN,11.738,2.6893,3.9766,5.8881,NaN,2.1405,NaN,NaN,NaN,NaN,NaN,NaN,8.4297,NaN,NaN,NaN,NaN,NaN,NaN,7.1136,NaN,4.2242,2.6774,7.0319,6.675,NaN,NaN,NaN,NaN,NaN,NaN
NaN,14.455,17.412,6.9672,5.5652,1.7097,10.685,3.3308,NaN,NaN,7.1289,23.049,6.0234,NaN,7.0067,NaN,13.93,19.628,3.7674,5.583,10.54,NaN,7.8415,6.4735,8.9667,5.7416,11.39,35.593,8.6501,5.9433,7.4713,5.91,5.1409,11.93,14.656,2.8413,4.1511,6.8874,4.3309,4.901,8.5985,10.294,9.037,7.3444,3.8006,7.9902,3.6228,9.6995,6.0689,3.3962,3.8766,NaN,NaN,33.845,NaN,NaN,NaN,NaN,NaN,NaN,NaN,6.3455,6.9775,NaN,NaN,5.4032,NaN,NaN,NaN,7.3821,14.57,8.0617,16.124,NaN,8.3024,NaN,NaN,NaN,NaN,NaN,NaN,12.694,NaN,NaN,NaN,NaN,NaN,NaN,8.2592,NaN,12.317,2.7224,27.807,12.567,NaN,NaN,NaN,NaN,NaN,NaN
NaN,1.1819,4.6877,1.6484,1.5203,2.414,9.5818,3.7932,NaN,NaN,4.3451,11.074,5.6781,NaN,11.247,NaN,2.5914,3.5679,4.3632,4.9995,3.492,NaN,4.8257,6.3258,3.4555,0.56676,2.1199,4.726,1.0558,3.7369,10.019,1.7315,1.2299,8.7731,5.9518,1.2951,3.2252,2.8482,1.4759,7.551,0.71387,2.2336,7.4579,2.9499,14.24,3.1106,3.2681,7.7844,5.4269,4.8662,11.569,NaN,NaN,9.4759,NaN,NaN,NaN,NaN,NaN,NaN,NaN,2.5874,5.6587,NaN,NaN,3.4734,NaN,NaN,NaN,2.0432,14.955,3.3437,5.7947,NaN,2.7955,NaN,NaN,NaN,NaN,NaN,NaN,4.2194,NaN,NaN,NaN,NaN,NaN,NaN,0.5875,NaN,10.437,7.0709,6.2912,2.6216,NaN,NaN,NaN,NaN,NaN,NaN
NaN,3.5348,1.956,8.3683,2.9041,1.4452,10.774,5.3216,NaN,NaN,3.1981,12.005,17.252,NaN,8.3096,NaN,4.3586,2.958,2.6941,3.4365,5.939,NaN,2.5888,4.0663,0.56158,14.397,8.6216,4.6922,1.1421,11.627,6.9127,1.0512,5.551,1.8216,8.1005,4.7593,6.7307,3.404,6.1025,17.883,4.8114,5.3658,6.3751,4.0108,8.4694,6.4366,5.9531,4.6259,8.0578,12.13,10.697,NaN,NaN,3.5628,NaN,NaN,NaN,NaN,NaN,NaN,NaN,4.7996,5.9618,NaN,NaN,2.4332,NaN,NaN,NaN,7.2118,7.9152,2.1924,4.1724,NaN,2.7922,NaN,NaN,NaN,NaN,NaN,NaN,4.0185,NaN,NaN,NaN,NaN,NaN,NaN,5.7907,NaN,6.8895,8.4585,6.2789,0.42935,NaN,NaN,NaN,NaN,NaN,NaN
NaN,2.8999,2.1244,8.0813,5.0592,2.4631,4.2417,0.66868,NaN,NaN,3.8562,2.2137,2.5385,NaN,3.2752,NaN,6.3548,13.705,12.494,6.0654,10.136,NaN,4.5091,4.3733,1.1249,7.5955,3.3149,4.5115,6.247,3.1109,0.44511,9.7026,10.43,20.644,2.7351,2.6683,3.631,0.54194,4.1313,6.8718,2.806,21.147,5.2251,4.4401,2.3248,3.6138,4.9522,9.9338,1.583,3.6409,2.1532,NaN,NaN,2.4234,NaN,NaN,NaN,NaN,NaN,NaN,NaN,4.249,10.823,NaN,NaN,1.5602,NaN,NaN,NaN,1.7254,4.1176,2.024,2.2002,NaN,0.98062,NaN,NaN,NaN,NaN,NaN,NaN,0.95108,NaN,NaN,NaN,NaN,NaN,NaN,5.4919,NaN,6.4025,4.9816,1.9698,4.5398,NaN,NaN,NaN,NaN,NaN,NaN
NaN,8.4595,2.599,5.9959,3.7254,7.1159,6.6922,9.3807,NaN,NaN,2.5028,5.0902,3.4062,NaN,8.0376,NaN,6.4808,6.9118,3.3904,5.0276,5.5321,NaN,2.8168,8.0657,1.4666,6.6087,3.2986,8.4159,4.7872,14.143,1.5043,10.205,7.3679,5.6687,7.3156,1.0119,3.9015,7.3945,1.071,6.6671,2.3954,3.2342,3.5757,8.0135,7.9077,5.0681,4.5001,0.97409,12.49,2.2525,5.2965,NaN,NaN,1.938,NaN,NaN,NaN,NaN,NaN,NaN,NaN,1.8149,4.6093,NaN,NaN,4.0503,NaN,NaN,NaN,2.3429,4.1051,7.9438,3.3544,NaN,3.975,NaN,NaN,NaN,NaN,NaN,NaN,1.3699,NaN,NaN,NaN,NaN,NaN,NaN,0.64444,NaN,5.7306,6.1152,3.6538,3.1254,NaN,NaN,NaN,NaN,NaN,NaN
NaN,11.861,0.48478,4.5753,3.2103,1.9947,9.201,10.886,NaN,NaN,0.17227,3.2718,1.6403,NaN,7.3418,NaN,12.27,4.5775,5.6148,9.8012,5.0946,NaN,1.9002,1.9238,6.2954,4.7877,2.7518,2.2828,24.974,6.5181,0.41418,2.8436,3.9551,3.0377,4.529,2.6048,6.8178,5.5307,2.0459,7.3775,6.6026,2.6181,5.3718,2.9716,2.3527,3.9135,5.4961,2.7295,5.6396,1.8859,5.549,NaN,NaN,3.1751,NaN,NaN,NaN,NaN,NaN,NaN,NaN,20.088,6.7661,NaN,NaN,9.8907,NaN,NaN,NaN,3.6927,5.7859,6.5532,6.9719,NaN,4.4799,NaN,NaN,NaN,NaN,NaN,NaN,14.406,NaN,NaN,NaN,NaN,NaN,NaN,4.0577,NaN,4.8062,6.4112,3.1784,2.8188,NaN,NaN,NaN,NaN,NaN,NaN
NaN,10.446,6.0012,2.1859,2.49,2.6732,6.3399,5.4135,NaN,NaN,2.2381,1.2766,7.1358,NaN,10.698,NaN,5.7583,4.9719,8.5004,3.0318,1.4798,NaN,5.4806,5.0442,1.8526,7.7691,2.219,0.90811,10.047,8.4495,3.5961,7.4214,5.3783,11.481,2.1159,6.6891,3.6325,3.6898,9.5774,4.9704,2.0812,5.9598,11.286,3.2704,9.0859,6.7058,7.5426,5.859,12.967,0.6561,2.3442,NaN,NaN,6.2172,NaN,NaN,NaN,NaN,NaN,NaN,NaN,3.318,12.515,NaN,NaN,3.5592,NaN,NaN,NaN,9.0832,5.3198,5.6818,2.6408,NaN,7.7998,NaN,NaN,NaN,NaN,NaN,NaN,5.1588,NaN,NaN,NaN,NaN,NaN,NaN,2.2979,NaN,7.0633,7.5978,4.6384,5.372,NaN,NaN,NaN,NaN,NaN,NaN
NaN,4.4974,5.8335,3.9318,2.3437,1.8018,15.08,4.905,NaN,NaN,4.239,2.0574,1.6768,NaN,5.5829,NaN,3.7753,1.3119,5.5835,6.5338,1.4674,NaN,4.3793,4.7632,3.0308,4.5169,2.8057,3.4697,2.3188,3.1095,1.4878,5.1392,6.2925,3.3723,2.8303,1.708,2.9461,3.8764,2.3552,8.4662,0.76163,6.4199,14.307,0.42842,6.1873,3.3139,4.3372,7.9643,8.8746,2.9412,3.239,NaN,NaN,8.3036,NaN,NaN,NaN,NaN,NaN,NaN,NaN,8.0757,4.5678,NaN,NaN,5.4043,NaN,NaN,NaN,3.802,1.798,2.2629,7.8063,NaN,3.6693,NaN,NaN,NaN,NaN,NaN,NaN,4.8398,NaN,NaN,NaN,NaN,NaN,NaN,0.55594,NaN,1.9305,4.1427,7.0651,18.11,NaN,NaN,NaN,NaN,NaN,NaN
NaN,2.949,2.9075,3.1068,5.0574,6.4266,8.5384,3.4935,NaN,NaN,1.7048,2.7969,1.2556,NaN,5.7638,NaN,8.007,5.2532,6.1595,2.6979,3.9387,NaN,1.667,3.9769,5.8419,4.9977,3.6586,5.143,1.7475,7.7457,3.2965,4.1343,2.557,3.4134,8.5542,0.75608,1.6919,6.3708,5.1038,3.3049,1.5137,11.81,17.94,3.8883,3.4389,9.1087,3.4588,1.0133,4.847,5.5027,3.6462,NaN,NaN,2.6582,NaN,NaN,NaN,NaN,NaN,NaN,NaN,11.617,4.6975,NaN,NaN,4.6884,NaN,NaN,NaN,7.8809,2.5174,4.7574,0.41443,NaN,5.0626,NaN,NaN,NaN,NaN,NaN,NaN,4.883,NaN,NaN,NaN,NaN,NaN,NaN,6.7014,NaN,6.1016,2.8599,6.964,6.1298,NaN,NaN,NaN,NaN,NaN,NaN
NaN,2.0102,4.0846,0.78984,3.566,1.6759,8.9803,5.6606,NaN,NaN,0.94847,1.8944,2.0901,NaN,4.7137,NaN,3.4104,5.0859,6.6082,7.6614,0.55047,NaN,8.0814,2.6309,3.5048,6.2151,4.0396,3.9105,4.0442,2.0511,6.7102,3.2317,8.2841,6.5735,1.1427,6.1274,3.4125,5.141,2.5171,18.84,3.4785,17.28,18.108,2.4119,3.8868,7.7842,3.1492,8.4432,10.317,2.5915,3.5917,NaN,NaN,2.0207,NaN,NaN,NaN,NaN,NaN,NaN,NaN,5.8876,2.2917,NaN,NaN,4.2754,NaN,NaN,NaN,1.5762,0.89439,5.6829,1.7026,NaN,5.3472,NaN,NaN,NaN,NaN,NaN,NaN,2.9625,NaN,NaN,NaN,NaN,NaN,NaN,12.993,NaN,2.1419,1.3905,6.6512,5.6119,NaN,NaN,NaN,NaN,NaN,NaN
NaN,7.5285,2.3552,5.3209,4.091,5.1249,8.7248,5.8623,NaN,NaN,2.5512,4.2347,2.8213,NaN,7.6067,NaN,2.1905,1.5572,4.1212,13.84,8.2663,NaN,2.9446,6.9148,1.542,5.8372,4.0204,7.7671,3.9717,17.702,2.4937,17.072,9.3781,4.6346,7.0525,1.7738,3.5084,1.5971,2.2431,2.9675,5.4422,3.2171,4.9485,9.4503,11.673,2.28,9.9703,1.8669,8.4911,4.8258,3.6801,NaN,NaN,4.497,NaN,NaN,NaN,NaN,NaN,NaN,NaN,3.8947,5.1024,NaN,NaN,9.139,NaN,NaN,NaN,3.4357,5.215,7.9953,4.2607,NaN,5.1277,NaN,NaN,NaN,NaN,NaN,NaN,5.3881,NaN,NaN,NaN,NaN,NaN,NaN,1.6727,NaN,2.6074,6.8463,4.0937,4.1981,NaN,NaN,NaN,NaN,NaN,NaN
NaN,11.256,10.429,4.5411,3.5189,11.584,1.6876,2.6606,NaN,NaN,2.8773,3.3693,4.3657,NaN,8.4258,NaN,1.661,5.3486,12.833,11.805,1.2513,NaN,5.9027,2.956,3.1967,1.297,1.1347,12.409,7.5574,6.1154,1.7393,0.84041,4.3405,2.9933,2.3101,6.5027,8.3328,17.086,5.7383,12.104,5.5205,2.0509,4.7171,5.331,4.3786,5.0393,3.7204,5.208,3.8368,4.7397,5.3913,NaN,NaN,6.7756,NaN,NaN,NaN,NaN,NaN,NaN,NaN,7.4982,3.0277,NaN,NaN,5.0227,NaN,NaN,NaN,8.0992,3.9474,13.339,3.4681,NaN,5.0142,NaN,NaN,NaN,NaN,NaN,NaN,8.2928,NaN,NaN,NaN,NaN,NaN,NaN,2.6513,NaN,4.3275,6.4656,4.7285,3.9344,NaN,NaN,NaN,NaN,NaN,NaN
NaN,3.3984,4.4517,5.5183,4.4463,4.302,7.5601,11.407,NaN,NaN,3.8585,5.2529,8.4331,NaN,1.1858,NaN,3.8489,10.079,7.2377,16.703,4.7976,NaN,2.9848,0.99191,0.24038,37.214,11.265,3.7269,2.9081,1.7121,7.2399,14.355,5.188,3.712,6.9501,1.5743,3.9523,0.72829,1.1976,11.062,1.8949,7.0233,10.111,16.978,12.161,3.2449,3.8879,5.4852,4.6876,5.963,4.3138,NaN,NaN,3.391,NaN,NaN,NaN,NaN,NaN,NaN,NaN,9.3525,3.1661,NaN,NaN,2.1138,NaN,NaN,NaN,4.5437,2.2831,4.0072,1.6574,NaN,2.493,NaN,NaN,NaN,NaN,NaN,NaN,3.753,NaN,NaN,NaN,NaN,NaN,NaN,7.963,NaN,2.4384,3.9355,6.7695,6.404,NaN,NaN,NaN,NaN,NaN,NaN
NaN,2.7264,6.8885,7.5983,6.7251,3.2119,5.6266,2.9272,NaN,NaN,9.2633,7.3019,4.287,NaN,11.521,NaN,6.7163,5.5554,5.5731,1.7885,26.146,NaN,7.4377,4.0767,10.118,5.1372,12.943,5.577,8.751,3.7586,6.9981,20.919,8.5379,15.296,6.4469,3.1982,3.4331,3.6126,2.3213,7.6843,3.1636,7.0941,6.0248,5.9965,1.5552,4.2542,3.5152,2.2417,9.6237,3.2875,2.5778,NaN,NaN,16.077,NaN,NaN,NaN,NaN,NaN,NaN,NaN,4.9206,2.951,NaN,NaN,4.2434,NaN,NaN,NaN,2.5652,6.0397,7.4018,2.5974,NaN,3.1038,NaN,NaN,NaN,NaN,NaN,NaN,7.4743,NaN,NaN,NaN,NaN,NaN,NaN,4.7424,NaN,13.448,2.0752,7.1873,3.9789,NaN,NaN,NaN,NaN,NaN,NaN
NaN,1.9319,3.0133,1.133,2.7122,0.20325,13.366,5.8483,NaN,NaN,1.9184,2.5757,2.4177,NaN,5.7548,NaN,3.0249,4.3129,7.2862,5.0291,2.6218,NaN,5.3833,2.73,3.7878,3.9706,6.1456,4.5757,3.259,2.2092,6.9569,2.9752,7.2094,4.7917,2.8033,2.7322,2.8368,3.2354,2.4244,15.935,1.5658,2.7289,21.639,1.0683,3.9108,5.3234,2.1711,7.0552,17.838,4.0342,2.842,NaN,NaN,3.1924,NaN,NaN,NaN,NaN,NaN,NaN,NaN,6.5888,3.7034,NaN,NaN,4.8269,NaN,NaN,NaN,3.2204,3.0916,2.5288,3.0747,NaN,1.3312,NaN,NaN,NaN,NaN,NaN,NaN,4.4014,NaN,NaN,NaN,NaN,NaN,NaN,4.4123,NaN,6.8281,5.4564,2.1317,5.1077,NaN,NaN,NaN,NaN,NaN,NaN
NaN,3.2952,3.9827,4.7965,2.377,2.2831,6.7254,3.1148,NaN,NaN,2.1235,0.92996,5.3697,NaN,3.7418,NaN,9.4992,2.6067,4.5619,11.611,5.4891,NaN,8.0076,1.9162,2.8681,2.9867,6.1272,3.2832,26.456,0.48354,3.3369,6.0067,1.4328,1.3121,2.1592,4.0656,1.5443,5.8892,8.7359,6.8922,2.7298,9.0597,7.3226,22.205,6.0643,5.4149,3.6685,2.3936,1.4789,9.3982,4.8151,NaN,NaN,6.1132,NaN,NaN,NaN,NaN,NaN,NaN,NaN,3.3607,4.0039,NaN,NaN,6.2027,NaN,NaN,NaN,15.385,3.6292,2.2758,3.0477,NaN,1.9103,NaN,NaN,NaN,NaN,NaN,NaN,7.4775,NaN,NaN,NaN,NaN,NaN,NaN,3.2823,NaN,3.144,5.6988,3.5462,3.0875,NaN,NaN,NaN,NaN,NaN,NaN
NaN,3.4884,4.6882,4.3381,2.3738,10.242,6.6094,7.2858,NaN,NaN,2.519,2.4794,2.1627,NaN,14.552,NaN,2.9304,10.236,3.8525,5.2396,2.7133,NaN,6.4766,1.792,2.4065,4.7712,1.8163,3.5147,3.4533,2.4446,7.745,14.931,3.4804,7.5411,3.5655,0.76419,2.2968,12.97,5.9483,9.7989,4.3068,2.2975,2.7801,1.611,3.967,2.9788,5.166,10.203,4.6466,5.3876,5.9343,NaN,NaN,1.3287,NaN,NaN,NaN,NaN,NaN,NaN,NaN,7.137,5.1097,NaN,NaN,3.9732,NaN,NaN,NaN,3.2898,7.1512,1.7238,9.0784,NaN,2.5426,NaN,NaN,NaN,NaN,NaN,NaN,5.6327,NaN,NaN,NaN,NaN,NaN,NaN,5.1994,NaN,3.9191,15.914,3.8239,1.6495,NaN,NaN,NaN,NaN,NaN,NaN
NaN,0.97861,3.0911,5.3206,2.0961,8.7226,4.7466,17.523,NaN,NaN,1.1991,0.23752,6.7982,NaN,3.5605,NaN,2.3899,4.4633,1.9276,2.8084,7.2334,NaN,1.6708,3.7377,1.1351,16.581,1.3147,1.834,3.7071,5.5545,8.5062,1.6697,4.7474,2.2206,3.3393,2.3107,1.4438,3.0141,3.1795,9.9166,1.0242,3.982,4.9245,9.5042,3.5702,2.7044,4.0558,1.5445,20.453,5.21,14.324,NaN,NaN,3.7851,NaN,NaN,NaN,NaN,NaN,NaN,NaN,8.1384,4.9813,NaN,NaN,1.5613,NaN,NaN,NaN,3.6911,4.5792,2.7807,4.1597,NaN,3.1894,NaN,NaN,NaN,NaN,NaN,NaN,3.9741,NaN,NaN,NaN,NaN,NaN,NaN,3.3865,NaN,1.4556,3.7479,3.613,5.3535,NaN,NaN,NaN,NaN,NaN,NaN
NaN,2.5536,1.5982,3.1057,1.8985,2.4801,8.6377,10.907,NaN,NaN,2.1509,3.6502,5.9235,NaN,3.6081,NaN,2.5632,7.5104,7.3784,23.23,3.7635,NaN,4.0748,1.4115,2.4886,4.3628,7.2336,4.3243,2.7649,0.77492,2.447,7.4522,6.9322,3.0927,5.2843,1.7083,1.1341,1.6714,2.5602,10.396,0.65918,5.3756,2.7524,9.0241,1.3863,2.1695,0.84258,6.0832,5.1369,7.409,3.3292,NaN,NaN,0.82439,NaN,NaN,NaN,NaN,NaN,NaN,NaN,9.7379,5.853,NaN,NaN,3.9671,NaN,NaN,NaN,6.8491,2.1059,2.9742,4.6602,NaN,1.9711,NaN,NaN,NaN,NaN,NaN,NaN,5.5148,NaN,NaN,NaN,NaN,NaN,NaN,5.3927,NaN,2.9194,3.7891,4.0174,7.704,NaN,NaN,NaN,NaN,NaN,NaN
NaN,2.1925,3.9932,0.53154,4.205,1.0876,3.746,13.428,NaN,NaN,3.044,0.73554,4.1342,NaN,5.9081,NaN,0.81682,1.9049,6.0993,5.4332,12.072,NaN,8.1962,1.9131,1.3854,7.8407,1.4703,6.605,3.9045,2.9323,3.8,29.886,8.3673,3.8061,1.5674,4.4161,3.6198,2.9817,1.1931,27.71,3.2984,3.1553,12.469,3.9923,5.3817,4.2772,4.5511,11.189,6.5013,5.5393,9.1163,NaN,NaN,2.9501,NaN,NaN,NaN,NaN,NaN,NaN,NaN,3.1977,0.50926,NaN,NaN,2.249,NaN,NaN,NaN,4.1725,4.8286,2.7546,0.52809,NaN,3.9898,NaN,NaN,NaN,NaN,NaN,NaN,5.1917,NaN,NaN,NaN,NaN,NaN,NaN,0.70428,NaN,8.1477,4.4364,3.714,2.0453,NaN,NaN,NaN,NaN,NaN,NaN
NaN,0.77351,2.7152,5.8526,6.7104,0.93607,3.1994,5.9638,NaN,NaN,2.6004,1.4991,5.9042,NaN,2.4918,NaN,2.6639,3.6528,3.698,6.1554,6.2808,NaN,2.7623,1.6093,1.8547,2.5625,3.7456,13.793,3.1672,3.0542,5.0462,2.5982,6.9006,7.9337,4.9396,4.5834,2.848,5.1303,6.4495,4.4407,5.2611,8.4992,5.144,9.0548,4.3948,2.6091,4.3472,2.661,1.1966,7.434,11.564,NaN,NaN,1.6019,NaN,NaN,NaN,NaN,NaN,NaN,NaN,9.8157,3.7365,NaN,NaN,1.5235,NaN,NaN,NaN,2.7328,6.1483,1.922,7.2554,NaN,4.5333,NaN,NaN,NaN,NaN,NaN,NaN,8.457,NaN,NaN,NaN,NaN,NaN,NaN,4.6807,NaN,18.859,2.5254,1.3505,3.6934,NaN,NaN,NaN,NaN,NaN,NaN
NaN,1.9605,2.4101,2.3791,5.5206,3.2444,2.679,1.4954,NaN,NaN,1.2233,1.3396,3.5162,NaN,2.2078,NaN,5.0749,2.8923,4.6408,12.177,4.4706,NaN,3.5072,1.0682,0.30663,6.807,11.337,5.3108,8.8343,6.5143,6.7689,2.4562,4.6724,14.232,10.879,3.1645,3.9784,1.3738,2.0471,11.73,0.96495,6.1515,6.425,1.024,4.4505,8.013,1.6668,2.7258,2.8225,2.9491,3.4763,NaN,NaN,7.2001,NaN,NaN,NaN,NaN,NaN,NaN,NaN,6.2592,4.9247,NaN,NaN,0.392,NaN,NaN,NaN,2.4005,4.7199,3.5188,7.9852,NaN,4.9336,NaN,NaN,NaN,NaN,NaN,NaN,13.773,NaN,NaN,NaN,NaN,NaN,NaN,2.0429,NaN,4.621,2.2384,14.429,1.9016,NaN,NaN,NaN,NaN,NaN,NaN
NaN,3.1973,3.519,5.9506,1.5882,2.9963,0.77556,4.0876,NaN,NaN,7.9561,10.18,7.8751,NaN,5.4544,NaN,10.646,4.0561,2.0937,8.0009,11.388,NaN,5.3271,3.3763,1.666,11.211,4.0892,3.4841,6.2262,6.2699,11.567,11.584,25.527,6.4889,3.0875,3.2332,7.0338,2.5029,1.2741,10.937,0.46769,5.9353,6.1226,5.7647,0.58967,3.1227,5.1767,6.6586,3.1992,4.8784,3.326,NaN,NaN,2.5687,NaN,NaN,NaN,NaN,NaN,NaN,NaN,2.5908,6.9167,NaN,NaN,1.8453,NaN,NaN,NaN,3.1299,8.7758,0.90261,2.4575,NaN,5.8692,NaN,NaN,NaN,NaN,NaN,NaN,2.9212,NaN,NaN,NaN,NaN,NaN,NaN,6.5704,NaN,3.6442,1.1944,4.9894,1.9537,NaN,NaN,NaN,NaN,NaN,NaN
NaN,7.4148,1.6544,10.889,0.91419,4.8068,5.0288,2.3513,NaN,NaN,2.8003,1.3072,4.7465,NaN,4.4929,NaN,3.4862,1.5678,6.001,6.9596,5.2924,NaN,22.568,5.858,5.8795,10.254,4.4402,5.3766,9.8057,0.99518,4.1805,2.6528,4.7543,2.4001,1.2313,2.0003,0.52981,9.4691,4.0745,5.1304,5.8072,5.7729,6.2144,6.542,5.7472,4.6231,1.7465,1.812,4.7023,5.9628,5.6452,NaN,NaN,6.9551,NaN,NaN,NaN,NaN,NaN,NaN,NaN,1.2309,5.9361,NaN,NaN,3.4904,NaN,NaN,NaN,12.064,7.2667,0.9549,2.2556,NaN,2.5226,NaN,NaN,NaN,NaN,NaN,NaN,7.704,NaN,NaN,NaN,NaN,NaN,NaN,3.8797,NaN,5.7132,9.5417,2.3292,11.73,NaN,NaN,NaN,NaN,NaN,NaN
NaN,1.8999,7.8392,1.3667,3.9127,3.1904,4.6209,4.8283,NaN,NaN,3.1898,5.0368,4.3657,NaN,9.0817,NaN,2.6715,10.943,0.55681,7.1739,5.2309,NaN,3.251,4.3953,4.5668,6.3846,14.419,20.47,11.555,4.1227,13.194,9.1167,5.3072,11.474,2.572,3.0668,1.5301,4.3062,0.68686,5.107,3.0403,5.1031,14.632,2.3771,3.3828,3.0419,1.545,6.9411,1.2345,2.0286,4.9888,NaN,NaN,5.2587,NaN,NaN,NaN,NaN,NaN,NaN,NaN,7.2243,1.8404,NaN,NaN,1.8839,NaN,NaN,NaN,1.7534,6.212,11.359,3.4124,NaN,10.199,NaN,NaN,NaN,NaN,NaN,NaN,9.5859,NaN,NaN,NaN,NaN,NaN,NaN,2.3108,NaN,4.8194,7.0362,10.077,1.2808,NaN,NaN,NaN,NaN,NaN,NaN
NaN,3.1291,3.0514,3.9978,4.4475,3.635,5.2958,1.7361,NaN,NaN,4.0262,5.5978,3.828,NaN,4.2851,NaN,5.9761,6.1713,19.492,2.9327,4.1426,NaN,4.4394,1.7957,5.9048,1.5129,4.1318,9.0121,3.671,4.3847,6.0825,4.7707,10.045,1.6532,6.3161,8.1689,6.3842,9.1983,1.1158,13.826,4.4738,4.4409,11.841,3.3145,5.693,2.0883,6.3306,7.1319,5.0272,6.8556,1.2467,NaN,NaN,2.6127,NaN,NaN,NaN,NaN,NaN,NaN,NaN,12.319,5.2857,NaN,NaN,4.4358,NaN,NaN,NaN,8.3904,2.6288,3.0108,4.1465,NaN,4.1299,NaN,NaN,NaN,NaN,NaN,NaN,4.2815,NaN,NaN,NaN,NaN,NaN,NaN,6.1956,NaN,5.5674,3.4199,4.1341,6.7876,NaN,NaN,NaN,NaN,NaN,NaN
NaN,1.8373,3.5952,2.3105,2.7742,1.859,5.0616,8.8981,NaN,NaN,1.3078,1.1448,2.7303,NaN,3.2657,NaN,3.7017,5.6343,2.0196,7.1077,4.9607,NaN,1.2584,2.7408,6.6317,3.9189,4.9766,2.9932,2.7437,0.45595,7.2616,3.4733,8.1397,7.2485,3.3192,3.397,0.76584,2.9241,4.4207,6.9157,0.46352,7.6241,9.3146,3.7057,1.9384,4.7648,3.0875,3.5531,5.3656,1.6896,3.2998,NaN,NaN,2.8174,NaN,NaN,NaN,NaN,NaN,NaN,NaN,9.7919,5.2731,NaN,NaN,4.2315,NaN,NaN,NaN,2.1644,6.2804,2.7142,4.7672,NaN,5.3364,NaN,NaN,NaN,NaN,NaN,NaN,4.3198,NaN,NaN,NaN,NaN,NaN,NaN,3.3635,NaN,8.6265,1.9119,1.8924,3.708,NaN,NaN,NaN,NaN,NaN,NaN
NaN,4.293,3.3984,2.0164,8.8945,6.9664,3.9925,1.9188,NaN,NaN,1.5204,3.436,3.4376,NaN,4.5838,NaN,5.9621,2.9615,3.4967,11.271,13.555,NaN,7.1384,6.7683,2.199,6.6807,3.693,3.4599,5.8174,3.0528,2.7488,9.1782,9.0103,5.8482,1.0097,5.2017,4.8313,1.3919,4.4559,4.2826,4.6163,9.1977,4.0554,3.4811,3.5048,4.3416,4.181,4.0589,2.6051,0.90898,7.6984,NaN,NaN,13.272,NaN,NaN,NaN,NaN,NaN,NaN,NaN,10.948,10.688,NaN,NaN,3.8127,NaN,NaN,NaN,2.3906,3.4543,2.7336,10.102,NaN,2.5382,NaN,NaN,NaN,NaN,NaN,NaN,15.149,NaN,NaN,NaN,NaN,NaN,NaN,10.796,NaN,4.7945,3.1846,3.2277,3.7924,NaN,NaN,NaN,NaN,NaN,NaN
NaN,0.33421,2.6938,3.8472,4.1039,3.1042,0.69933,5.3042,NaN,NaN,7.2917,2.3075,1.3289,NaN,0.69782,NaN,6.8957,10.017,3.973,3.3085,6.2956,NaN,3.384,5.6386,1.2773,5.5129,1.7273,7.5674,1.5181,5.0234,4.0135,3.9021,4.9521,10.392,1.4529,9.6862,2.6682,1.5547,1.4019,4.271,3.8277,5.7246,5.1472,1.7994,1.1201,4.3811,7.3785,1.5675,2.5068,7.0261,4.2267,NaN,NaN,5.6919,NaN,NaN,NaN,NaN,NaN,NaN,NaN,1.564,7.0273,NaN,NaN,4.0548,NaN,NaN,NaN,1.9487,21.576,2.1111,10.322,NaN,2.9938,NaN,NaN,NaN,NaN,NaN,NaN,3.3057,NaN,NaN,NaN,NaN,NaN,NaN,10.789,NaN,5.6428,4.8291,3.8879,8.0035,NaN,NaN,NaN,NaN,NaN,NaN
NaN,4.9791,2.914,2.774,7.4477,11.871,6.4468,0.37513,NaN,NaN,4.3409,2.1805,2.5719,NaN,5.0822,NaN,6.5308,11.218,7.4052,5.1125,10.985,NaN,1.3645,10.266,7.4848,10.972,1.4131,3.1464,4.4179,9.4565,2.8701,5.3829,5.5091,5.0422,7.3565,3.3781,3.2688,7.5737,1.1285,3.9818,0.80734,5.284,9.2474,8.0744,3.9034,5.3756,3.9732,2.5263,1.8465,1.7704,6.4807,NaN,NaN,2.2584,NaN,NaN,NaN,NaN,NaN,NaN,NaN,10.369,12.985,NaN,NaN,2.5858,NaN,NaN,NaN,6.8972,6.1726,3.6573,1.4475,NaN,2.7718,NaN,NaN,NaN,NaN,NaN,NaN,34.696,NaN,NaN,NaN,NaN,NaN,NaN,2.856,NaN,10.402,5.3825,2.9518,3.7087,NaN,NaN,NaN,NaN,NaN,NaN
NaN,2.2313,2.1142,6.632,4.7938,1.5607,8.4919,13.732,NaN,NaN,2.4639,3.9522,0.8934,NaN,4.5814,NaN,6.3306,8.1696,1.2071,2.4691,4.7904,NaN,5.6603,8.6671,4.951,1.6559,3.8199,4.8365,2.9433,32.87,6.7424,3.8246,8.0604,6.1987,8.1472,4.2687,3.3712,7.6301,3.1507,1.2278,4.6452,3.1278,5.1056,3.3055,0.6617,2.8172,1.8902,20.877,1.3784,4.9238,2.8437,NaN,NaN,0.50583,NaN,NaN,NaN,NaN,NaN,NaN,NaN,3.2959,0.67433,NaN,NaN,0.76196,NaN,NaN,NaN,12.664,16.59,4.6103,4.7916,NaN,1.3938,NaN,NaN,NaN,NaN,NaN,NaN,2.4405,NaN,NaN,NaN,NaN,NaN,NaN,1.5714,NaN,15.596,8.2751,2.1703,9.6279,NaN,NaN,NaN,NaN,NaN,NaN
NaN,2.2265,5.4382,6.3738,8.9819,2.8311,7.9772,2.4977,NaN,NaN,2.6753,1.4691,4.5936,NaN,4.8225,NaN,5.4743,5.8914,5.6543,16.289,2.6299,NaN,3.0069,3.6708,5.596,6.8148,9.2889,3.2618,2.9138,1.2422,13.035,17.062,3.6864,2.3688,2.7518,1.5875,3.3318,5.3246,1.2566,2.4982,5.2027,1.1028,7.7288,3.791,0.80641,2.6809,0.96852,2.3111,2.1267,2.4566,9.0751,NaN,NaN,1.2031,NaN,NaN,NaN,NaN,NaN,NaN,NaN,3.8528,1.5146,NaN,NaN,10.232,NaN,NaN,NaN,6.2836,1.225,5.2147,4.2455,NaN,2.7927,NaN,NaN,NaN,NaN,NaN,NaN,7.4459,NaN,NaN,NaN,NaN,NaN,NaN,1.9144,NaN,3.1271,2.8091,3.2344,1.8047,NaN,NaN,NaN,NaN,NaN,NaN
NaN,1.7256,1.925,2.608,1.5675,13.831,7.6338,3.3933,NaN,NaN,4.307,5.2917,3.9173,NaN,1.0728,NaN,1.8286,9.0512,3.3759,13.788,4.1841,NaN,7.0639,7.8511,7.4685,3.4902,1.1121,5.0619,6.261,6.6571,6.3862,3.9801,6.5091,6.7034,7.3465,0.52529,3.6792,0.99941,0.28933,8.5015,1.0934,7.7127,5.1767,3.0343,1.459,2.575,4.1799,13.243,10.451,6.0729,9.0793,NaN,NaN,0.92397,NaN,NaN,NaN,NaN,NaN,NaN,NaN,2.0014,8.0137,NaN,NaN,6.7621,NaN,NaN,NaN,4.7355,0.57624,6.0248,2.8034,NaN,7.0157,NaN,NaN,NaN,NaN,NaN,NaN,4.3964,NaN,NaN,NaN,NaN,NaN,NaN,2.8745,NaN,6.6189,2.7034,1.6521,3.1573,NaN,NaN,NaN,NaN,NaN,NaN
NaN,4.2797,4.4148,5.4808,5.5009,8.0118,6.2637,1.472,NaN,NaN,3.2213,4.4521,5.3848,NaN,0.8011,NaN,3.9452,0.52137,17.974,5.2222,8.9802,NaN,0.81153,6.0929,2.3154,0.84183,5.5717,8.7244,5.5187,7.3168,3.2072,2.8069,0.61692,0.87991,3.5413,5.4394,1.4058,2.3652,9.0604,4.9616,3.5542,6.2003,6.463,2.1454,6.8878,2.7184,3.3598,10.863,25.08,5.8357,6.0571,NaN,NaN,14.922,NaN,NaN,NaN,NaN,NaN,NaN,NaN,5.7224,8.0169,NaN,NaN,3.3973,NaN,NaN,NaN,0.23315,2.512,9.8236,7.3076,NaN,2.6272,NaN,NaN,NaN,NaN,NaN,NaN,2.9715,NaN,NaN,NaN,NaN,NaN,NaN,3.1506,NaN,10.187,2.3008,8.2992,1.4589,NaN,NaN,NaN,NaN,NaN,NaN
NaN,1.9023,0.53819,7.2461,6.8819,2.5797,0.35259,3.405,NaN,NaN,3.4257,3.0917,1.2079,NaN,2.9354,NaN,3.1641,4.4529,7.2738,8.1564,4.6545,NaN,3.8654,3.7352,0.61843,1.6726,1.7106,5.9046,3.5764,1.6658,7.7071,8.693,7.3295,9.5837,2.4405,1.8057,2.4584,2.7566,3.1872,7.6663,6.9417,4.8599,7.2672,6.6401,3.1827,3.7492,9.1338,10.227,1.4856,5.9899,3.2124,NaN,NaN,2.7941,NaN,NaN,NaN,NaN,NaN,NaN,NaN,5.861,9.7212,NaN,NaN,1.4636,NaN,NaN,NaN,2.6781,4.9545,7.8931,5.2419,NaN,3.5554,NaN,NaN,NaN,NaN,NaN,NaN,6.3242,NaN,NaN,NaN,NaN,NaN,NaN,3.2178,NaN,6.7053,0.9413,5.514,2.2937,NaN,NaN,NaN,NaN,NaN,NaN
NaN,9.9607,3.3434,5.0891,2.9257,10.906,12.703,7.9135,NaN,NaN,1.9709,3.4507,2.8976,NaN,6.1861,NaN,4.978,5.2814,8.5217,6.1431,12.184,NaN,1.7748,8.4256,6.0857,9.2319,1.8185,2.7399,3.7066,4.528,7.0965,7.5738,2.3274,3.0612,6.2952,2.1544,3.7476,4.9857,1.0923,5.5291,2.8719,4.9,10.387,9.9185,2.1777,3.8874,2.4139,3.3884,2.7162,2.2445,4.5944,NaN,NaN,2.5655,NaN,NaN,NaN,NaN,NaN,NaN,NaN,8.3308,2.5257,NaN,NaN,1.0102,NaN,NaN,NaN,7.9939,0.42419,5.0984,3.1902,NaN,3.6403,NaN,NaN,NaN,NaN,NaN,NaN,11.245,NaN,NaN,NaN,NaN,NaN,NaN,3.9495,NaN,8.7068,6.1554,1.4589,2.4388,NaN,NaN,NaN,NaN,NaN,NaN
NaN,3.1582,3.9292,3.7811,1.0736,9.5285,5.4441,6.5582,NaN,NaN,3.8327,4.3178,3.7248,NaN,4.9267,NaN,6.6223,3.8513,13.048,8.3313,4.1413,NaN,17.338,8.7055,0.86965,1.5599,4.6554,1.572,2.9357,9.2598,4.8601,8.5363,6.6511,2.614,4.0849,4.6485,4.002,2.5629,1.9058,2.7723,7.527,2.0352,5.741,8.1026,2.1583,3.8709,3.3346,8.496,11.063,9.2028,1.3969,NaN,NaN,1.4289,NaN,NaN,NaN,NaN,NaN,NaN,NaN,3.8796,19.917,NaN,NaN,4.8026,NaN,NaN,NaN,6.1356,6.4266,0.87067,3.3918,NaN,4.9807,NaN,NaN,NaN,NaN,NaN,NaN,6.7192,NaN,NaN,NaN,NaN,NaN,NaN,3.6315,NaN,9.9221,6.0446,2.8509,9.8517,NaN,NaN,NaN,NaN,NaN,NaN
NaN,0.75713,10.532,2.7635,9.8304,4.0563,5.3439,4.6014,NaN,NaN,6.1567,7.0713,5.1675,NaN,4.18,NaN,6.5327,0.63225,1.6558,7.5779,11.755,NaN,4.2922,8.7733,2.9015,5.9058,2.5344,3.7156,7.4341,9.9719,7.3038,1.8559,13.131,8.0218,3.9041,3.9336,5.9288,4.734,1.5309,1.0267,2.4152,5.0933,6.0987,3.4387,5.1537,0.97296,3.9485,4.0589,4.3972,0.97134,7.824,NaN,NaN,1.136,NaN,NaN,NaN,NaN,NaN,NaN,NaN,3.0435,5.5573,NaN,NaN,4.1581,NaN,NaN,NaN,13.053,2.5085,1.4513,3.9755,NaN,1.349,NaN,NaN,NaN,NaN,NaN,NaN,13.459,NaN,NaN,NaN,NaN,NaN,NaN,1.9558,NaN,9.2336,1.2087,3.64,5.8393,NaN,NaN,NaN,NaN,NaN,NaN
NaN,9.3541,5.6238,1.8144,1.1528,7.3188,5.0354,1.535,NaN,NaN,1.5385,6.6486,2.3386,NaN,2.059,NaN,4.5915,9.2625,2.3695,4.063,8.6161,NaN,0.5228,2.2972,3.5372,2.2681,4.1486,5.53,1.7491,4.2527,3.9654,11.063,9.063,4.1968,5.7352,11.139,8.7473,14.887,2.0718,14.616,7.9691,4.3679,7.9296,6.8485,9.5954,4.9566,6.6612,4.0667,6.7374,4.3993,5.2977,NaN,NaN,0.087166,NaN,NaN,NaN,NaN,NaN,NaN,NaN,5.2659,10.574,NaN,NaN,8.8845,NaN,NaN,NaN,7.0146,4.2599,10.921,4.3794,NaN,3.5342,NaN,NaN,NaN,NaN,NaN,NaN,5.8193,NaN,NaN,NaN,NaN,NaN,NaN,1.8022,NaN,1.0402,5.6771,8.4958,9.8014,NaN,NaN,NaN,NaN,NaN,NaN
NaN,1.6368,2.5875,9.551,5.1286,9.1309,8.7985,1.3257,NaN,NaN,7.0769,10.468,5.8559,NaN,0.98234,NaN,12.972,0.88321,5.4471,4.5313,11.935,NaN,4.5971,1.1507,2.4872,1.0523,9.1184,4.2715,10.925,7.8496,1.8714,2.1827,3.663,7.2016,8.6605,6.2876,1.8242,3.0971,4.4936,7.0866,5.0436,1.0292,9.9355,2.9263,7.7525,2.3335,4.6982,12.374,3.7099,5.7148,3.9315,NaN,NaN,15.618,NaN,NaN,NaN,NaN,NaN,NaN,NaN,4.9413,3.9035,NaN,NaN,0.5207,NaN,NaN,NaN,2.9507,6.0915,4.3763,11.114,NaN,3.5846,NaN,NaN,NaN,NaN,NaN,NaN,3.4835,NaN,NaN,NaN,NaN,NaN,NaN,2.627,NaN,1.6076,2.1968,1.0584,1.9444,NaN,NaN,NaN,NaN,NaN,NaN
NaN,1.8316,1.8703,7.2865,11.075,6.0863,3.4268,2.646,NaN,NaN,1.5866,3.5389,3.2219,NaN,4.3736,NaN,1.78,6.3302,4.2446,12.467,3.4613,NaN,3.4611,6.1149,2.8314,4.7506,10.064,1.7523,3.3802,2.7325,5.8104,8.0359,8.39,13.42,3.4681,2.933,2.9046,3.6682,3.1363,6.6502,4.107,1.9507,7.7886,8.6606,1.2297,4.6701,2.5285,5.2296,1.5169,7.7611,10.994,NaN,NaN,2.5298,NaN,NaN,NaN,NaN,NaN,NaN,NaN,4.8335,1.3319,NaN,NaN,1.8848,NaN,NaN,NaN,6.5625,2.1938,7.5193,30.339,NaN,3.3228,NaN,NaN,NaN,NaN,NaN,NaN,7.6982,NaN,NaN,NaN,NaN,NaN,NaN,3.3926,NaN,3.5167,2.052,2.1689,2.1598,NaN,NaN,NaN,NaN,NaN,NaN
NaN,0.78964,9.1192,6.7841,12.787,3.9997,8.2685,8.8163,NaN,NaN,10.541,6.7928,5.3389,NaN,3.9121,NaN,3.209,5.3878,3.7603,12.336,9.3775,NaN,5.406,10.04,1.255,7.5768,1.2072,3.7787,12.267,4.8243,5.7683,4.5528,9.3463,13.395,5.3335,2.7598,2.4551,6.6439,2.9853,2.2925,2.3552,3.6053,5.5304,3.8833,7.4637,1.9641,3.7542,1.119,2.8902,2.7721,7.2803,NaN,NaN,0.47706,NaN,NaN,NaN,NaN,NaN,NaN,NaN,0.61019,7.6293,NaN,NaN,3.4862,NaN,NaN,NaN,9.8788,1.2968,3.0731,3.5994,NaN,1.2336,NaN,NaN,NaN,NaN,NaN,NaN,18.729,NaN,NaN,NaN,NaN,NaN,NaN,2.3113,NaN,7.1785,1.9493,3.8428,4.6531,NaN,NaN,NaN,NaN,NaN,NaN
NaN,2.1249,3.9145,3.4275,1.5517,5.5621,2.3855,5.679,NaN,NaN,3.6839,1.309,8.5555,NaN,0.19784,NaN,2.8096,6.8545,6.0192,4.1857,10.778,NaN,5.2653,9.5936,3.0205,7.6016,4.2159,2.6308,1.74,7.7994,8.7381,7.1765,5.5372,9.892,0.71327,3.1353,5.0124,3.7176,1.7053,3.0107,5.6843,1.7555,4.7926,3.8014,4.7526,1.8102,1.4639,2.761,0.49352,2.3935,4.338,NaN,NaN,2.6659,NaN,NaN,NaN,NaN,NaN,NaN,NaN,0.046144,2.7318,NaN,NaN,1.4572,NaN,NaN,NaN,10.831,3.3039,5.3018,16.472,NaN,2.8325,NaN,NaN,NaN,NaN,NaN,NaN,3.764,NaN,NaN,NaN,NaN,NaN,NaN,2.3528,NaN,4.9144,3.0469,2.3828,7.0524,NaN,NaN,NaN,NaN,NaN,NaN
NaN,7.0681,3.3142,4.1434,8.6578,2.9884,5.8076,5.548,NaN,NaN,2.4251,6.6675,6.8781,NaN,3.5134,NaN,6.8564,14.47,4.5278,8.3659,2.6042,NaN,6.6962,3.7072,4.1987,8.9795,1.8982,0.64049,0.44592,7.319,2.9863,9.4966,13.437,0.92624,5.7746,4.4369,2.5998,0.24652,5.2157,3.0441,5.1147,9.465,0.73673,2.1835,7.6854,3.944,3.4794,1.4857,4.1013,4.4652,4.7493,NaN,NaN,0.26402,NaN,NaN,NaN,NaN,NaN,NaN,NaN,2.9,3.1128,NaN,NaN,5.6676,NaN,NaN,NaN,2.2613,4.5099,5.9009,3.7711,NaN,5.1559,NaN,NaN,NaN,NaN,NaN,NaN,6.5338,NaN,NaN,NaN,NaN,NaN,NaN,5.5663,NaN,5.3919,5.5705,7.3183,0.93226,NaN,NaN,NaN,NaN,NaN,NaN
NaN,6.7841,7.1253,3.3904,3.8893,4.1706,3.8092,3.1104,NaN,NaN,13.033,5.507,0.75885,NaN,5.7319,NaN,5.8652,13.612,3.6137,4.9085,4.1083,NaN,1.0919,1.0922,12.978,9.6089,6.1522,9.1774,3.3828,3.2252,5.3096,2.919,3.8002,3.2583,5.0251,2.7587,3.6616,3.6745,7.7215,8.2542,14.86,5.4805,10.904,0.87053,2.8651,0.53656,1.5213,11.607,6.8528,4.8433,2.1755,NaN,NaN,4.6145,NaN,NaN,NaN,NaN,NaN,NaN,NaN,4.0286,3.1067,NaN,NaN,4.0158,NaN,NaN,NaN,2.73,2.12,13.727,1.2347,NaN,0.23126,NaN,NaN,NaN,NaN,NaN,NaN,3.6468,NaN,NaN,NaN,NaN,NaN,NaN,3.6363,NaN,6.5021,8.3157,5.2992,2.2998,NaN,NaN,NaN,NaN,NaN,NaN
NaN,3.5764,3.5366,6.3656,4.5551,9.8876,0.58172,3.9267,NaN,NaN,56.433,2.186,1.8412,NaN,3.3923,NaN,5.8278,4.5667,8.2755,4.5825,5.8688,NaN,4.2162,6.5985,2.5889,7.247,1.5348,3.2634,8.5483,1.3375,6.3151,9.7265,5.0999,8.2643,4.7049,6.9245,1.674,2.5723,4.5245,10.066,2.132,5.2228,10.754,1.9783,0.14152,3.7742,10.69,4.7361,12.807,9.6843,4.8957,NaN,NaN,1.2733,NaN,NaN,NaN,NaN,NaN,NaN,NaN,5.9222,8.4272,NaN,NaN,2.7102,NaN,NaN,NaN,4.824,1.009,0.99287,7.634,NaN,1.5418,NaN,NaN,NaN,NaN,NaN,NaN,7.4168,NaN,NaN,NaN,NaN,NaN,NaN,8.3137,NaN,3.5705,5.6851,1.106,2.1759,NaN,NaN,NaN,NaN,NaN,NaN
