NaN,13.576,28.614,6.6572,11.541,24.055,6.6556,26.823,3.4429,9.3553,10.866,NaN,6.6718,3.0199,5.7465,1.2909,7.1841,NaN,20.241,5.1219,49.29,13.735,50.613,19.765,9.3301,NaN,55.914,29.214,53.767,15.439,NaN,19.406,17.115,37.855,51.978,21.112,NaN,34.261,26.352,17.83,39.717,54.208,33.471,34.651,19.264,11.306,18.701,12.785,NaN,NaN,NaN,NaN,NaN,49.817,NaN,36.654,NaN,NaN,NaN,39.069,18.152,35.815,20.313,44.767,NaN,48.755,NaN,NaN,NaN,NaN,NaN,NaN,NaN,NaN,NaN,NaN,27.157,NaN,NaN,34.215,NaN,NaN,NaN,NaN,36.275,55.997,30.924,NaN,NaN,NaN,6.5974,NaN,47.36,57.87,54.424,13.152,109.12,65.876,NaN,NaN
NaN,5.6235,3.3051,0.97867,8.2418,3.8629,5.2195,10.072,5.2224,2.9348,5.0547,NaN,6.1476,4.7342,4.3675,3.5017,3.8793,NaN,8.0242,6.9814,8.955,6.058,4.8878,9.9889,10.367,NaN,3.99,6.4422,9.554,4.4496,NaN,5.8968,2.485,7.4617,6.1366,4.9714,NaN,9.9515,10.747,5.1067,1.8152,17.113,4.2823,9.9514,6.2774,7.2835,7.4141,2.2803,NaN,NaN,NaN,NaN,NaN,2.4009,NaN,12.904,NaN,NaN,NaN,13.241,3.0295,6.1383,3.5667,6.61,NaN,16.804,NaN,NaN,NaN,NaN,NaN,NaN,NaN,NaN,NaN,NaN,13.423,NaN,NaN,16.538,NaN,NaN,NaN,NaN,24.353,18.014,2.5388,NaN,NaN,NaN,10.776,NaN,22.021,24.006,7.4557,7.1942,23.022,3.609,NaN,NaN
NaN,9.0744,5.3887,6.0213,5.0085,4.3645,7.4811,8.3899,3.5136,16.477,6.8305,NaN,4.2488,7.5336,9.4931,6.3237,12.283,NaN,15.992,7.5129,11.587,9.9719,2.8878,11.017,10.543,NaN,1.2703,6.7837,6.7082,8.4757,NaN,6.3161,13.119,6.3943,9.1861,9.5107,NaN,13.436,9.2014,9.6009,2.7091,5.7811,14.459,6.8464,4.3889,10.345,5.7073,8.5694,NaN,NaN,NaN,NaN,NaN,10.777,NaN,9.4163,NaN,NaN,NaN,13.521,9.1902,8.2287,7.7733,0.69165,NaN,11.537,NaN,NaN,NaN,NaN,NaN,NaN,NaN,NaN,NaN,NaN,9.1808,NaN,NaN,6.3208,NaN,NaN,NaN,NaN,11.999,3.0218,11.005,NaN,NaN,NaN,12.393,NaN,16.902,19.675,10.899,19.982,12.045,24.804,NaN,NaN
NaN,12.861,17.128,4.8142,12.799,9.3396,9.6492,11.024,7.247,34.843,9.0172,NaN,9.7439,13.302,18.885,5.4605,20.339,NaN,30.337,15.653,24.119,15.252,13.224,22.728,25.433,NaN,11.379,5.7141,5.9261,12.478,NaN,7.1947,35.176,21.659,27.232,19.143,NaN,13.889,20.398,21.768,6.6282,9.6733,14.656,7.0397,5.4536,21.447,12.595,16.467,NaN,NaN,NaN,NaN,NaN,12.489,NaN,12.99,NaN,NaN,NaN,11.053,19.748,26.467,6.9509,18.874,NaN,46.29,NaN,NaN,NaN,NaN,NaN,NaN,NaN,NaN,NaN,NaN,26.109,NaN,NaN,7.2735,NaN,NaN,NaN,NaN,7.2105,11.926,30.5,NaN,NaN,NaN,22.157,NaN,12.701,42.685,48.033,33.612,38.74,13.47,NaN,NaN
NaN,6.1803,3.7083,7.1272,1.9167,6.6384,1.3278,4.0299,7.8697,10.271,1.941,NaN,5.4069,5.8747,2.7477,3.5311,3.3432,NaN,13.792,0.80799,3.5031,2.8609,1.6708,3.9845,7.5772,NaN,6.5441,6.7527,4.8561,6.5316,NaN,2.9351,1.8711,5.1416,7.9948,5.9521,NaN,3.0329,4.909,0.44056,4.2006,7.7444,6.3962,3.2039,3.0242,9.093,3.3975,6.2139,NaN,NaN,NaN,NaN,NaN,0.68042,NaN,5.352,NaN,NaN,NaN,18.717,9.0108,4.6363,7.7938,6.9897,NaN,3.9431,NaN,NaN,NaN,NaN,NaN,NaN,NaN,NaN,NaN,NaN,16.128,NaN,NaN,4.6499,NaN,NaN,NaN,NaN,6.4553,6.9352,13.703,NaN,NaN,NaN,15.41,NaN,12.015,23.71,10.484,17.447,18.706,7.8549,NaN,NaN
NaN,4.0852,1.4745,6.0813,1.7432,3.3741,3.9013,10.906,7.2814,10.372,0.57889,NaN,10.244,7.638,2.4393,3.4843,7.2601,NaN,9.4555,7.1767,11.767,8.1239,7.0794,3.5987,8.6607,NaN,6.8009,12.983,8.6466,4.1356,NaN,9.6375,7.1097,3.8013,5.5918,7.9815,NaN,8.2597,1.7722,10.946,11.289,3.511,10.377,4.4699,7.0954,7.2032,5.0653,3.6337,NaN,NaN,NaN,NaN,NaN,7.0193,NaN,5.6839,NaN,NaN,NaN,7.5414,10.304,15.78,5.532,8.7343,NaN,13.318,NaN,NaN,NaN,NaN,NaN,NaN,NaN,NaN,NaN,NaN,10.641,NaN,NaN,12.8,NaN,NaN,NaN,NaN,7.9347,8.5934,2.2716,NaN,NaN,NaN,16.199,NaN,19.809,2.2046,12.198,8.1413,17.418,15.443,NaN,NaN
NaN,3.3332,9.9337,13.255,7.2844,7.0134,9.3339,12.84,10.108,11.035,2.516,NaN,14.471,3.588,6.7789,6.1694,11.773,NaN,12.301,14.69,2.9534,8.3584,14.624,0.78195,13.281,NaN,7.293,4.0107,9.6479,5.715,NaN,4.2712,10.398,7.0703,4.6645,5.7207,NaN,11.921,14.047,8.5613,9.7861,13.986,7.0924,0.71432,3.7905,9.9151,13.232,12.418,NaN,NaN,NaN,NaN,NaN,17.858,NaN,6.5127,NaN,NaN,NaN,16.258,19.949,7.8478,16.352,7.657,NaN,18.095,NaN,NaN,NaN,NaN,NaN,NaN,NaN,NaN,NaN,NaN,8.4049,NaN,NaN,5.4134,NaN,NaN,NaN,NaN,12.912,8.5496,24.012,NaN,NaN,NaN,17.505,NaN,13.149,17.167,26.031,15.038,16.533,9.7147,NaN,NaN
NaN,14.313,5.59,6.9997,11.859,7.5913,22.808,15.601,11.634,9.4137,6.7131,NaN,12.931,27.907,17.504,6.452,7.0244,NaN,23.102,5.4442,6.2489,16.345,2.9097,9.4412,13.925,NaN,13.11,6.6162,20.683,11.979,NaN,19.088,12.815,3.6142,19.627,8.0685,NaN,19.448,7.6124,5.9423,15.232,27.007,6.31,10.328,7.2654,13.8,14.596,11.095,NaN,NaN,NaN,NaN,NaN,26.789,NaN,20.271,NaN,NaN,NaN,21.42,7.6191,20.464,3.208,10.44,NaN,19.139,NaN,NaN,NaN,NaN,NaN,NaN,NaN,NaN,NaN,NaN,33.694,NaN,NaN,25.925,NaN,NaN,NaN,NaN,24.446,17.769,7.509,NaN,NaN,NaN,6.9214,NaN,34.762,20.781,2.6682,14.672,13.98,16.556,NaN,NaN
NaN,16.612,18.804,3.1628,9.3985,13.449,13.042,8.95,13.8,6.4302,4.2737,NaN,14.521,12.667,12.194,12.428,11.978,NaN,7.9391,23.432,15.118,11.085,2.8414,10.713,22.803,NaN,4.2455,11.871,11.814,22.813,NaN,6.8748,1.1207,11.992,8.7034,9.8087,NaN,5.3377,10.791,8.9115,9.5616,17.441,9.846,14.108,6.7332,5.9273,5.1552,4.758,NaN,NaN,NaN,NaN,NaN,8.9287,NaN,4.5549,NaN,NaN,NaN,25.744,7.155,8.8394,11.472,13.91,NaN,17.147,NaN,NaN,NaN,NaN,NaN,NaN,NaN,NaN,NaN,NaN,14.946,NaN,NaN,9.1214,NaN,NaN,NaN,NaN,10.06,10.279,7.5803,NaN,NaN,NaN,10.454,NaN,9.9504,14.176,24.276,21.44,32.093,30.384,NaN,NaN
NaN,11.309,12.216,7.6156,10.324,3.9487,2.8182,9.6183,10.808,6.2334,10.127,NaN,11.182,11.292,17.163,3.3263,3.2549,NaN,16.315,15.568,12.886,3.917,8.2443,10.475,5.5916,NaN,5.8434,11.706,3.8398,19.583,NaN,10.375,13.648,13.523,6.1442,3.0284,NaN,6.165,11.757,3.4346,12.925,21.34,4.4743,13.159,6.964,9.4356,5.3161,6.1014,NaN,NaN,NaN,NaN,NaN,1.4203,NaN,4.1288,NaN,NaN,NaN,9.6387,10.361,6.2071,15.589,7.3729,NaN,15.043,NaN,NaN,NaN,NaN,NaN,NaN,NaN,NaN,NaN,NaN,16.479,NaN,NaN,7.6538,NaN,NaN,NaN,NaN,3.5493,19.96,7.7948,NaN,NaN,NaN,10.461,NaN,5.412,30.522,12.514,8.3935,8.2581,21.716,NaN,NaN
NaN,3.8646,11.345,9.4122,6.5074,9.9762,6.4583,16.068,3.0094,9.469,9.6983,NaN,14.301,6.9826,13.735,6.0902,11.449,NaN,18.143,15.396,4.8649,9.3092,3.4961,15.561,3.9839,NaN,8.2431,15.316,7.3176,15.945,NaN,9.5982,3.0351,15.654,3.4042,6.3119,NaN,4.3054,10.735,4.6296,16.629,15.789,11.648,6.7742,8.4629,8.7745,10.047,5.2996,NaN,NaN,NaN,NaN,NaN,6.4355,NaN,6.1083,NaN,NaN,NaN,2.0811,10.552,9.5443,11.527,7.5871,NaN,11.995,NaN,NaN,NaN,NaN,NaN,NaN,NaN,NaN,NaN,NaN,18.372,NaN,NaN,10.73,NaN,NaN,NaN,NaN,8.525,24.185,14.282,NaN,NaN,NaN,9.9974,NaN,3.7006,28.774,19.109,11.754,13.599,17.77,NaN,NaN
NaN,10.082,8.0102,8.3172,8.9937,4.0046,5.6922,2.2455,1.0497,8.0303,5.2175,NaN,2.0821,0.72844,8.1435,3.7411,10.249,NaN,13.78,2.6657,19.507,5.0952,7.9212,6.78,5.1735,NaN,1.5191,8.9637,3.8688,8.2559,NaN,1.3554,3.0492,1.9564,2.654,5.544,NaN,6.0573,6.0649,6.8522,7.6877,9.6526,3.6233,2.0665,6.4851,16.294,2.8467,9.0499,NaN,NaN,NaN,NaN,NaN,6.9556,NaN,5.628,NaN,NaN,NaN,6.8457,8.6438,4.4187,4.5875,5.2914,NaN,4.0804,NaN,NaN,NaN,NaN,NaN,NaN,NaN,NaN,NaN,NaN,19.862,NaN,NaN,21.107,NaN,NaN,NaN,NaN,15.557,12.273,4.9469,NaN,NaN,NaN,14.857,NaN,8.0861,44.594,18.741,17.672,4.654,5.1567,NaN,NaN
NaN,5.5701,8.792,11.847,9.9315,6.0525,5.0226,9.9252,7.9062,8.4228,4.6949,NaN,10.352,0.53686,3.8239,6.5534,8.5908,NaN,14.547,11.591,3.6953,5.8401,12.495,3.5035,11.765,NaN,0.89636,5.3742,5.324,4.1747,NaN,2.0208,13.781,4.9619,4.5844,3.9572,NaN,13.034,7.4188,5.4139,0.35899,5.5355,7.5596,8.2085,2.1328,12.926,8.8624,2.4289,NaN,NaN,NaN,NaN,NaN,6.8634,NaN,12.94,NaN,NaN,NaN,11.015,12.001,4.6342,9.7457,5.1157,NaN,14.846,NaN,NaN,NaN,NaN,NaN,NaN,NaN,NaN,NaN,NaN,8.1684,NaN,NaN,8.739,NaN,NaN,NaN,NaN,10.697,10.953,14.499,NaN,NaN,NaN,10.668,NaN,2.5202,56.681,19.676,26.582,7.8707,24.16,NaN,NaN
NaN,3.5179,23.732,3.2601,2.1229,18.197,11.598,4.3695,10.783,3.7193,6.8415,NaN,15.539,15.496,15.158,8.6054,9.6844,NaN,19.075,15.351,7.0598,10.205,17.397,8.7937,6.3648,NaN,4.3421,9.3118,8.8418,4.6651,NaN,9.3948,9.4386,10.513,13.093,13.322,NaN,2.7262,7.702,7.3622,15.577,14.004,3.8414,7.0244,11.519,12.67,3.5437,10.587,NaN,NaN,NaN,NaN,NaN,7.2229,NaN,7.6279,NaN,NaN,NaN,9.0768,12.239,7.118,8.6851,11.28,NaN,3.5219,NaN,NaN,NaN,NaN,NaN,NaN,NaN,NaN,NaN,NaN,6.7172,NaN,NaN,6.6506,NaN,NaN,NaN,NaN,6.5756,16.489,4.5985,NaN,NaN,NaN,7.8594,NaN,5.9249,5.3642,11.095,7.1519,18.872,18.205,NaN,NaN
NaN,8.1601,4.5841,13.108,11.903,10.674,11.359,7.2193,6.1804,19.685,2.4155,NaN,10.389,12.231,14.656,11.614,7.0459,NaN,8.608,18.718,11.302,3.1858,15.308,9.7399,5.9427,NaN,9.9879,10.236,19.913,10.099,NaN,12.072,9.9299,8.2683,1.3522,10.605,NaN,14.742,11.246,10.26,4.0424,15.864,14.761,9.4396,1.0805,10.42,2.3136,15.283,NaN,NaN,NaN,NaN,NaN,3.7922,NaN,14.651,NaN,NaN,NaN,1.1155,6.8634,3.1664,8.7805,10.033,NaN,2.1274,NaN,NaN,NaN,NaN,NaN,NaN,NaN,NaN,NaN,NaN,16.468,NaN,NaN,4.3129,NaN,NaN,NaN,NaN,9.6606,14.222,7.57,NaN,NaN,NaN,4.3426,NaN,1.337,5.4284,6.2144,10.73,25.662,12.184,NaN,NaN
NaN,5.3128,18.981,16.332,16.555,8.7593,6.1036,17.597,6.997,14.116,8.8028,NaN,13.665,18.201,20.574,2.7189,10.13,NaN,13.916,18.494,14.991,9.0792,15.514,3.0797,7.5845,NaN,4.1856,17.299,8.4581,13.813,NaN,10.811,10.11,13.219,2.1779,13.499,NaN,10.353,12.516,12.091,17.155,24.644,19.838,10.968,10.61,6.3139,11.132,14.779,NaN,NaN,NaN,NaN,NaN,6.4524,NaN,12.727,NaN,NaN,NaN,1.6074,12.483,5.9018,15.188,12.111,NaN,7.1811,NaN,NaN,NaN,NaN,NaN,NaN,NaN,NaN,NaN,NaN,19.335,NaN,NaN,11.088,NaN,NaN,NaN,NaN,14.49,21.781,14.177,NaN,NaN,NaN,2.3673,NaN,3.4492,19.414,12.037,3.571,16.242,19.469,NaN,NaN
NaN,11.212,11.614,4.9619,2.5656,2.4312,9.6803,9.6343,9.4881,0.75931,8.7312,NaN,11.022,14.854,6.0324,2.8571,11.323,NaN,5.3678,9.3025,9.6142,5.5924,20.452,8.8153,8.5163,NaN,5.3048,13.655,3.7259,12.718,NaN,6.3316,3.388,8.9809,16.954,3.3665,NaN,5.9672,2.6851,4.3259,17.101,11.673,13.395,9.4606,5.4691,17.601,3.9885,8.7557,NaN,NaN,NaN,NaN,NaN,4.656,NaN,7.9127,NaN,NaN,NaN,10.747,20.787,6.7819,6.1866,18.794,NaN,10.989,NaN,NaN,NaN,NaN,NaN,NaN,NaN,NaN,NaN,NaN,2.3258,NaN,NaN,3.9016,NaN,NaN,NaN,NaN,2.9877,7.3863,8.4262,NaN,NaN,NaN,5.5598,NaN,3.7708,11.071,18.344,8.4612,17.303,20.48,NaN,NaN
NaN,5.9133,12.164,18.656,6.629,9.2452,2.7057,17.235,3.4958,19.709,10.563,NaN,16.247,20.469,15.984,11.171,4.9246,NaN,5.4966,10.311,13.592,11.384,8.5357,2.5282,2.4736,NaN,8.0829,14.338,7.6111,14.866,NaN,4.6834,22.935,10.956,2.601,12.301,NaN,4.4485,4.0304,20.734,15.136,12.068,21.492,9.1239,8.072,10.082,10.801,18.532,NaN,NaN,NaN,NaN,NaN,8.2594,NaN,9.5974,NaN,NaN,NaN,6.1597,6.0032,11.394,10.425,9.5261,NaN,13.517,NaN,NaN,NaN,NaN,NaN,NaN,NaN,NaN,NaN,NaN,14.513,NaN,NaN,13.49,NaN,NaN,NaN,NaN,7.4877,9.3847,12.788,NaN,NaN,NaN,15.455,NaN,7.1139,19.218,13.577,10.134,7.6829,30.068,NaN,NaN
NaN,7.4951,8.233,6.9848,4.1179,10.049,2.9632,13.808,2.4495,9.1672,8.5624,NaN,10.546,13.483,7.7406,11.03,6.6413,NaN,12.246,5.0187,12.311,9.9289,5.2195,14.229,2.6956,NaN,12.152,11.194,3.7736,13.602,NaN,7.4997,7.4775,5.2728,2.1986,7.5772,NaN,5.7234,3.2922,7.9931,10.89,3.3685,3.7108,5.5807,8.2074,1.7654,12.109,9.317,NaN,NaN,NaN,NaN,NaN,14.453,NaN,4.3848,NaN,NaN,NaN,7.7258,7.432,13.806,4.2836,3.4492,NaN,16.137,NaN,NaN,NaN,NaN,NaN,NaN,NaN,NaN,NaN,NaN,1.9241,NaN,NaN,12.961,NaN,NaN,NaN,NaN,34.914,15.993,18.322,NaN,NaN,NaN,25.594,NaN,1.6452,5.5576,13.047,7.8577,21.823,21.624,NaN,NaN
NaN,8.9088,4.0629,2.9257,2.5576,3.3391,2.6313,3.6659,3.9579,9.2902,1.9662,NaN,5.1341,2.8819,5.023,1.5996,3.0629,NaN,5.7899,7.5678,5.1459,0.68921,5.5466,3.684,2.6978,NaN,2.568,5.0647,0.83256,7.6359,NaN,3.0925,11.585,2.4011,3.4212,7.7243,NaN,5.5904,2.187,7.3215,0.74671,3.7848,8.5045,10.798,3.8914,1.7323,8.3512,1.8916,NaN,NaN,NaN,NaN,NaN,3.3017,NaN,11.506,NaN,NaN,NaN,3.6838,3.791,4.221,5.5209,2.3835,NaN,7.5122,NaN,NaN,NaN,NaN,NaN,NaN,NaN,NaN,NaN,NaN,8.2592,NaN,NaN,7.7965,NaN,NaN,NaN,NaN,9.5395,8.3533,4.7204,NaN,NaN,NaN,2.3617,NaN,12.159,32.024,13.618,14.059,17.869,16.045,NaN,NaN
NaN,15.262,3.2651,14.394,8.8778,9.3623,12.674,10.839,9.5199,10.74,4.4791,NaN,15.538,3.5764,4.2815,11.706,6.4084,NaN,8.6988,4.7291,3.9325,3.4774,2.5471,4.8959,13.858,NaN,7.9733,6.4924,16.076,0.60983,NaN,2.9447,6.7895,8.7627,4.8177,7.7953,NaN,2.7247,3.2013,2.1104,11.535,8.6085,6.5946,8.723,1.4795,14.343,9.0752,12.003,NaN,NaN,NaN,NaN,NaN,1.2385,NaN,2.9369,NaN,NaN,NaN,12.661,15.388,6.8275,10.175,14.548,NaN,10.53,NaN,NaN,NaN,NaN,NaN,NaN,NaN,NaN,NaN,NaN,6.6417,NaN,NaN,6.0431,NaN,NaN,NaN,NaN,6.9759,8.0755,14.819,NaN,NaN,NaN,8.2869,NaN,8.6492,3.5054,20.254,2.9634,4.5148,11.28,NaN,NaN
NaN,0.8862,4.6342,17.317,4.8211,11.891,12.34,1.7781,10.649,16.923,6.077,NaN,9.7259,8.6676,10.386,13.876,4.9515,NaN,13.133,3.9787,18.308,2.5343,3.9145,9.864,13.354,NaN,2.7915,5.8958,10.765,12.232,NaN,11.948,11.885,8.3138,10.135,11.943,NaN,0.16467,2.9982,16.356,7.0995,7.766,4.2048,11.39,4.7882,7.5361,9.7668,13.788,NaN,NaN,NaN,NaN,NaN,3.4228,NaN,8.5238,NaN,NaN,NaN,11.892,10.741,11.408,10.22,4.4923,NaN,2.2097,NaN,NaN,NaN,NaN,NaN,NaN,NaN,NaN,NaN,NaN,12.196,NaN,NaN,8.8026,NaN,NaN,NaN,NaN,11.191,3.2485,12.787,NaN,NaN,NaN,5.9504,NaN,13.591,16.407,13.067,10.923,20.795,13.606,NaN,NaN
NaN,12.19,2.1253,12.211,2.9313,12.44,4.9295,10.508,11.666,17.027,16.01,NaN,12.641,15.277,12.203,17.681,4.2635,NaN,2.7463,3.1089,13.735,4.1736,6.1546,22.416,8.3223,NaN,13.424,13.809,6.1008,24.06,NaN,4.2444,15.241,6.6318,4.7918,5.9398,NaN,11.887,7.5062,18.039,19.607,4.9065,9.119,5.5372,10.122,9.6694,3.9148,14.922,NaN,NaN,NaN,NaN,NaN,14.917,NaN,4.1905,NaN,NaN,NaN,5.3062,6.0369,14.09,8.0329,6.1229,NaN,6.3619,NaN,NaN,NaN,NaN,NaN,NaN,NaN,NaN,NaN,NaN,14.057,NaN,NaN,7.9851,NaN,NaN,NaN,NaN,24.358,11.232,14.995,NaN,NaN,NaN,14.217,NaN,8.7803,30.07,10.607,22.718,2.7709,28.079,NaN,NaN
NaN,12.49,14.305,7.928,11.542,7.3257,1.6036,11.452,8.0023,8.8068,14.729,NaN,9.3764,14.423,9.3981,13.814,2.2775,NaN,7.0221,3.0845,15.164,3.2435,6.1395,20.361,8.2489,NaN,14.081,16.101,6.7999,19.635,NaN,6.213,2.2977,7.3481,9.0322,4.3168,NaN,14.445,6.3263,7.3935,22.914,6.58,17.889,5.4628,16.293,5.8767,11.767,10.67,NaN,NaN,NaN,NaN,NaN,13.716,NaN,14.313,NaN,NaN,NaN,10.104,5.7044,8.2981,13.682,9.5626,NaN,10.71,NaN,NaN,NaN,NaN,NaN,NaN,NaN,NaN,NaN,NaN,11.117,NaN,NaN,7.4823,NaN,NaN,NaN,NaN,24.032,7.4049,9.4956,NaN,NaN,NaN,13.092,NaN,6.2285,33.63,16.381,26.707,21.042,13.687,NaN,NaN
NaN,8.451,13.609,7.274,14.951,10.93,8.662,19.744,11.932,8.7529,9.3657,NaN,18.209,14.689,12.106,5.2195,12.067,NaN,5.8652,3.3865,3.7383,4.3672,23.08,22.339,10.135,NaN,4.0703,14.708,2.8292,3.2127,NaN,5.9776,14.981,12.068,9.107,8.1691,NaN,9.0753,9.063,8.9433,11.473,12.357,7.0757,5.5388,7.2799,4.4889,8.1049,13.152,NaN,NaN,NaN,NaN,NaN,10.343,NaN,6.843,NaN,NaN,NaN,18.312,17.057,10.121,10.041,6.7597,NaN,6.8043,NaN,NaN,NaN,NaN,NaN,NaN,NaN,NaN,NaN,NaN,7.6918,NaN,NaN,5.1971,NaN,NaN,NaN,NaN,2.9139,9.2289,14.519,NaN,NaN,NaN,8.9914,NaN,18.235,15.729,26.05,11.38,20.123,9.6905,NaN,NaN
NaN,7.0113,16.703,6.4131,5.8295,9.967,8.8675,7.2203,8.0853,4.1367,7.1402,NaN,6.79,7.6145,8.6063,7.5752,10.642,NaN,5.7956,12.327,11.862,2.6787,24.527,9.7038,20.152,NaN,1.0648,16.004,9.6924,13.163,NaN,4.2317,0.94871,6.4662,3.6246,7.5281,NaN,6.9134,3.6442,3.7884,4.2287,4.5064,6.5114,2.725,10.54,3.3605,6.9012,5.1974,NaN,NaN,NaN,NaN,NaN,9.1546,NaN,9.4287,NaN,NaN,NaN,7.8307,16.214,11.041,13.344,12.134,NaN,4.7186,NaN,NaN,NaN,NaN,NaN,NaN,NaN,NaN,NaN,NaN,9.9927,NaN,NaN,3.0984,NaN,NaN,NaN,NaN,2.839,13.23,6.5966,NaN,NaN,NaN,18.495,NaN,15.175,16.123,61.306,20.005,24.968,8.2004,NaN,NaN
NaN,7.6027,5.7963,10.53,8.1836,4.4924,0.40039,10.543,9.6624,14.032,13.999,NaN,12.096,12.749,12.573,9.3521,5.9272,NaN,8.5729,12.165,18.56,8.8569,11.212,15.586,8.6888,NaN,15.986,15.615,6.6498,13.265,NaN,10.097,2.7929,10.627,12.128,5.2328,NaN,11.753,3.2849,6.4588,25.927,13.077,18.857,3.5034,17.431,2.2282,9.4708,3.4898,NaN,NaN,NaN,NaN,NaN,7.5976,NaN,10.526,NaN,NaN,NaN,15.446,6.5932,7.6063,11.977,16.612,NaN,2.9957,NaN,NaN,NaN,NaN,NaN,NaN,NaN,NaN,NaN,NaN,10.947,NaN,NaN,11.011,NaN,NaN,NaN,NaN,6.8165,7.4439,6.7577,NaN,NaN,NaN,29.537,NaN,5.7451,39.532,18.001,20.348,5.6014,8.0268,NaN,NaN
NaN,7.3899,9.285,15.255,9.4766,2.8474,8.2922,2.4664,3.014,10.819,12.724,NaN,6.7134,5.1304,8.9547,8.2375,12.492,NaN,10.141,5.3961,1.108,4.5607,12.582,9.9897,10.473,NaN,7.7657,14.306,13.289,8.5185,NaN,17.102,9.1138,0.88247,3.8937,10.09,NaN,9.9482,6.3141,2.0602,11.233,5.2836,11.098,7.6579,8.5672,9.2853,9.6676,5.1686,NaN,NaN,NaN,NaN,NaN,8.5998,NaN,21.093,NaN,NaN,NaN,9.2843,9.0385,6.3188,9.2172,13.345,NaN,17.521,NaN,NaN,NaN,NaN,NaN,NaN,NaN,NaN,NaN,NaN,8.6941,NaN,NaN,6.0963,NaN,NaN,NaN,NaN,14.744,13.265,9.1881,NaN,NaN,NaN,24.681,NaN,20.387,43.362,8.8369,35.302,7.948,7.27,NaN,NaN
NaN,2.9381,9.3122,2.8557,6.3969,9.4594,8.6346,19.158,11.412,15.182,6.4827,NaN,18.78,13.76,4.9508,2.3444,7.362,NaN,8.052,6.8555,15.797,12.477,9.0622,11.778,10.006,NaN,16.973,8.9903,0.64492,19.446,NaN,1.9626,4.557,9.6823,4.9201,10.85,NaN,10.688,7.7283,13.793,16.061,13.293,10.571,4.4309,10.281,10.138,13.028,14.341,NaN,NaN,NaN,NaN,NaN,14.629,NaN,2.7803,NaN,NaN,NaN,5.3846,18.562,10.755,22.384,8.1161,NaN,9.5821,NaN,NaN,NaN,NaN,NaN,NaN,NaN,NaN,NaN,NaN,4.8947,NaN,NaN,16.147,NaN,NaN,NaN,NaN,19.368,7.0053,16.072,NaN,NaN,NaN,6.6201,NaN,18.271,28.915,19.97,16.891,5.2243,29.69,NaN,NaN
NaN,3.4948,4.773,10.775,3.374,4.2892,14.23,8.6127,12.377,15.174,7.8867,NaN,7.4197,5.3373,11.354,9.3391,16.455,NaN,6.4282,9.9383,8.9704,12.767,10.052,10.764,12.828,NaN,9.6404,10.928,14.553,15.292,NaN,12.811,12.112,8.0225,3.6749,1.872,NaN,5.0567,5.2627,5.724,15.079,2.1666,15.292,15.029,2.2751,0.47047,2.4152,3.4814,NaN,NaN,NaN,NaN,NaN,13.112,NaN,23.917,NaN,NaN,NaN,9.2525,9.7621,27.383,38.344,4.8774,NaN,30.463,NaN,NaN,NaN,NaN,NaN,NaN,NaN,NaN,NaN,NaN,11.101,NaN,NaN,31.731,NaN,NaN,NaN,NaN,11.691,14.846,6.4302,NaN,NaN,NaN,19.238,NaN,6.4791,37.715,20.162,33.122,10.327,57.929,NaN,NaN
NaN,4.319,13.534,7.5618,7.5767,3.7837,17.265,7.8129,8.0058,14.269,3.675,NaN,10.009,3.963,7.7905,10.199,17.544,NaN,6.2419,8.1747,5.0353,12.855,4.7726,8.5785,9.398,NaN,11.572,20.856,9.1935,12.421,NaN,10.245,10.923,8.8251,2.945,1.4622,NaN,13.529,12.551,3.2091,20.947,17.202,21.546,7.2304,8.2306,8.5861,17.009,23.529,NaN,NaN,NaN,NaN,NaN,9.436,NaN,8.646,NaN,NaN,NaN,15.748,7.2511,17.015,17.993,1.0416,NaN,34.067,NaN,NaN,NaN,NaN,NaN,NaN,NaN,NaN,NaN,NaN,8.9963,NaN,NaN,6.3661,NaN,NaN,NaN,NaN,7.6911,10.651,11.844,NaN,NaN,NaN,17.974,NaN,6.6248,12.798,15.566,4.8858,6.6998,18.928,NaN,NaN
NaN,4.2177,5.4756,6.9901,19.389,12.571,5.151,12.592,8.1769,10.944,8.7555,NaN,10.406,10.949,12.202,12.281,11.785,NaN,3.9495,2.1326,8.8871,9.5956,12.798,5.5217,8.6164,NaN,13.999,9.195,18.044,4.3638,NaN,3.2906,11.94,10.361,10.596,8.7579,NaN,9.0324,7.0896,10.336,5.3092,7.0975,13.908,12.156,8.619,17.905,19.41,2.2375,NaN,NaN,NaN,NaN,NaN,8.9914,NaN,4.9676,NaN,NaN,NaN,24.473,28.773,14.013,8.1963,12.721,NaN,13.092,NaN,NaN,NaN,NaN,NaN,NaN,NaN,NaN,NaN,NaN,16.107,NaN,NaN,6.0126,NaN,NaN,NaN,NaN,8.084,14.331,12.728,NaN,NaN,NaN,2.8035,NaN,14.227,5.5356,10.052,5.7756,0.99518,22.526,NaN,NaN
NaN,7.7551,10.227,4.8819,5.2606,5.1751,0.7629,7.7083,7.189,5.3183,11.349,NaN,2.0861,5.1264,9.2709,14.644,2.0075,NaN,7.754,8.3156,5.5209,12.026,14.523,6.5527,11.4,NaN,9.8979,9.4717,7.1764,25.111,NaN,12.284,5.0215,2.9019,7.8928,3.5698,NaN,5.2571,9.2601,7.5019,7.8218,6.1572,11.538,7.45,2.5079,3.4673,11.738,9.7492,NaN,NaN,NaN,NaN,NaN,10.1,NaN,6.9889,NaN,NaN,NaN,5.3068,6.1925,4.9734,11.796,7.1548,NaN,22.138,NaN,NaN,NaN,NaN,NaN,NaN,NaN,NaN,NaN,NaN,11.365,NaN,NaN,12.64,NaN,NaN,NaN,NaN,12.362,12.77,7.6548,NaN,NaN,NaN,10.715,NaN,6.0959,14.727,9.9589,14.657,28.074,21.847,NaN,NaN
NaN,4.1636,3.1746,3.7599,5.6594,4.7679,4.6286,5.2282,5.7608,2.6098,5.0659,NaN,3.8848,2.8543,5.7149,5.4007,0.87525,NaN,4.8992,8.1778,6.007,4.9932,11.716,7.8052,6.0748,NaN,6.2711,8.4978,10.076,2.619,NaN,1.2022,3.749,9.4459,6.496,3.7134,NaN,6.834,5.4022,1.2494,6.9134,6.8655,3.8541,2.5705,4.5534,8.9772,5.3922,10.692,NaN,NaN,NaN,NaN,NaN,9.0383,NaN,5.0709,NaN,NaN,NaN,9.4274,7.8309,9.099,3.0793,14.003,NaN,9.451,NaN,NaN,NaN,NaN,NaN,NaN,NaN,NaN,NaN,NaN,12.772,NaN,NaN,13.442,NaN,NaN,NaN,NaN,10.408,10.742,9.1399,NaN,NaN,NaN,13.705,NaN,8.3851,13.674,35.006,19.29,49.353,7.5544,NaN,NaN
NaN,3.0436,9.2767,9.1965,13.785,14.906,12.963,17.816,12.261,19.731,2.2136,NaN,20.849,14.164,13.735,6.1597,13.648,NaN,6.9836,5.9411,17.393,2.8409,23.437,15.362,14.615,NaN,14.056,9.2965,13.861,17.051,NaN,10.912,29.522,13.832,10.292,7.6088,NaN,17.111,20.582,13.13,7.654,10.522,16.248,16.886,25.127,8.6182,19.033,11.345,NaN,NaN,NaN,NaN,NaN,13.388,NaN,10.15,NaN,NaN,NaN,17.85,8.3074,28.507,35.202,11.848,NaN,26.434,NaN,NaN,NaN,NaN,NaN,NaN,NaN,NaN,NaN,NaN,5.6781,NaN,NaN,13.83,NaN,NaN,NaN,NaN,12.871,21.089,16.9,NaN,NaN,NaN,25.204,NaN,13.226,30.74,18.563,19.981,1.8867,26.299,NaN,NaN
NaN,3.791,6.5661,6.5098,8.7186,8.4353,8.0478,10.706,6.1689,3.6474,3.295,NaN,6.7973,5.4339,4.7334,7.843,9.6844,NaN,4.9926,12.392,2.4042,0.3228,7.0261,6.2334,16.044,NaN,8.5957,10.244,8.9201,4.3538,NaN,2.5048,13.676,5.7792,6.3355,7.1272,NaN,4.5144,13.265,6.724,3.7024,9.8,12.122,16.119,4.9346,4.488,16.973,21.309,NaN,NaN,NaN,NaN,NaN,10.85,NaN,10.499,NaN,NaN,NaN,7.7873,4.1168,6.1737,8.9873,12.038,NaN,8.4041,NaN,NaN,NaN,NaN,NaN,NaN,NaN,NaN,NaN,NaN,15.389,NaN,NaN,8.2085,NaN,NaN,NaN,NaN,4.1493,8.899,22.607,NaN,NaN,NaN,8.2963,NaN,4.7729,10.734,19.024,16.412,8.7491,7.7327,NaN,NaN
NaN,5.6013,11.164,15.259,6.4494,9.242,0.78378,11.402,4.4327,1.2333,3.0385,NaN,3.8674,2.6066,5.8216,4.0867,10.982,NaN,7.3151,8.4558,6.4673,12.42,7.1664,4.6129,4.3044,NaN,16.582,11.621,10.067,5.9899,NaN,9.9727,6.5202,2.255,9.9877,7.5068,NaN,10.313,2.8816,10.754,11.126,3.7694,13.108,7.3189,8.1764,2.8041,10.039,7.6267,NaN,NaN,NaN,NaN,NaN,8.2499,NaN,10.64,NaN,NaN,NaN,0.51425,17.916,17.024,23.89,10.494,NaN,21.911,NaN,NaN,NaN,NaN,NaN,NaN,NaN,NaN,NaN,NaN,5.3737,NaN,NaN,13.57,NaN,NaN,NaN,NaN,17.128,20.459,7.1779,NaN,NaN,NaN,13.348,NaN,2.5975,2.4391,14.349,9.0838,9.6761,4.2948,NaN,NaN
NaN,1.559,6.299,5.4816,7.6319,10.568,10.774,3.0925,6.5324,10.778,24.215,NaN,7.4124,4.5949,5.6667,2.6544,8.5395,NaN,4.0716,13.725,12.252,17.336,6.6682,24.379,21.385,NaN,30.448,16.594,28.562,15.383,NaN,6.8655,5.1238,39.734,14.599,16.277,NaN,18.733,14.488,13.382,36.084,17.2,42.806,26.351,14.389,36.166,31.981,12.888,NaN,NaN,NaN,NaN,NaN,23.119,NaN,4.8494,NaN,NaN,NaN,9.9952,17.083,50.689,18.596,26.945,NaN,21.953,NaN,NaN,NaN,NaN,NaN,NaN,NaN,NaN,NaN,NaN,32.4,NaN,NaN,8.0076,NaN,NaN,NaN,NaN,25.819,8.4511,9.3085,NaN,NaN,NaN,6.523,NaN,14.4,16.176,28.868,21.27,25.076,12.398,NaN,NaN
NaN,5.436,4.4138,3.6309,3.899,3.5319,7.737,3.5477,2.7846,2.5817,2.4394,NaN,4.0881,2.1725,1.5095,3.6819,3.891,NaN,16.715,16.009,1.5108,2.1614,4.9547,1.096,2.7142,NaN,5.141,6.1892,8.9443,1.4641,NaN,3.4582,1.3217,1.8369,2.743,4.428,NaN,1.543,4.5358,9.8667,9.5442,4.2593,6.538,6.7317,6.2594,8.3558,9.0161,6.5717,NaN,NaN,NaN,NaN,NaN,3.9479,NaN,7.7549,NaN,NaN,NaN,10.907,2.0489,5.4782,12.703,5.6275,NaN,4.8756,NaN,NaN,NaN,NaN,NaN,NaN,NaN,NaN,NaN,NaN,4.231,NaN,NaN,9.8334,NaN,NaN,NaN,NaN,6.8577,4.5161,10.728,NaN,NaN,NaN,4.0133,NaN,1.3487,2.4366,2.2857,1.7619,4.2617,9.9038,NaN,NaN
NaN,1.5191,2.0631,1.6384,2.3037,2.9448,1.1971,0.72677,1.5399,2.9006,0.77291,NaN,3.4253,3.2318,7.7655,7.8248,0.84137,NaN,5.1449,1.9561,4.6182,4.7883,10.098,4.2454,3.164,NaN,2.1299,6.3867,4.917,1.9675,NaN,1.6452,3.6876,1.8795,2.3369,6.0549,NaN,3.5453,5.0834,1.7216,5.4326,3.4052,6.709,1.9464,12.098,5.6955,2.6557,4.7145,NaN,NaN,NaN,NaN,NaN,2.7441,NaN,0.48344,NaN,NaN,NaN,7.165,5.5849,7.045,12.03,7.7982,NaN,2.5562,NaN,NaN,NaN,NaN,NaN,NaN,NaN,NaN,NaN,NaN,7.4322,NaN,NaN,6.52,NaN,NaN,NaN,NaN,7.6031,4.6239,4.1696,NaN,NaN,NaN,6.9266,NaN,2.3995,9.4211,2.4185,7.5592,5.2171,9.0472,NaN,NaN
NaN,4.6659,4.752,9.478,6.9998,4.3066,9.182,5.1683,9.2065,5.3056,5.6489,NaN,1.9585,7.249,7.6787,1.8498,6.5765,NaN,8.9107,13.708,9.2499,11.863,11.003,18.671,8.6064,NaN,7.2032,5.5866,8.8197,17.443,NaN,2.8332,13.333,7.0428,6.4685,6.6376,NaN,13.722,11.443,4.4885,11.083,9.5452,13.85,9.0607,3.1195,11.453,12.598,3.7325,NaN,NaN,NaN,NaN,NaN,9.1798,NaN,14.983,NaN,NaN,NaN,4.9933,7.3322,17.531,26.52,4.4433,NaN,11.228,NaN,NaN,NaN,NaN,NaN,NaN,NaN,NaN,NaN,NaN,6.4657,NaN,NaN,4.6989,NaN,NaN,NaN,NaN,14.782,20.927,7.5949,NaN,NaN,NaN,4.9078,NaN,13.252,23.377,4.868,18.789,13.564,16.31,NaN,NaN
NaN,6.0053,11.978,3.8114,9.5119,7.828,28.109,11.476,14.016,13.834,9.6918,NaN,14.492,13.734,4.8607,10.24,12.197,NaN,1.4875,16.489,18.156,20.868,8.9689,20.99,5.3135,NaN,10.602,1.7236,13.677,16.114,NaN,0.49567,13.265,2.7783,6.8219,10.85,NaN,5.486,4.8978,11.906,15.024,11.835,19.693,7.3656,11.642,2.3912,12.656,7.4306,NaN,NaN,NaN,NaN,NaN,17.483,NaN,10.494,NaN,NaN,NaN,1.1326,14.634,6.4824,24.177,12.256,NaN,6.3923,NaN,NaN,NaN,NaN,NaN,NaN,NaN,NaN,NaN,NaN,22.044,NaN,NaN,9.8441,NaN,NaN,NaN,NaN,4.7294,21.852,7.7357,NaN,NaN,NaN,12.503,NaN,9.0292,20.909,27.913,20.961,5.4187,18.949,NaN,NaN
NaN,5.5441,2.0746,8.4958,4.2697,2.4452,15.886,10.259,7.6677,7.7674,3.3779,NaN,6.2454,7.4857,12.745,3.0373,9.746,NaN,11.8,11.114,5.7325,5.3233,2.5285,6.3855,6.9734,NaN,8.6041,8.4734,10.488,11.219,NaN,1.9685,3.3695,12.71,8.3836,6.0027,NaN,9.9487,6.3181,5.2585,7.2926,9.4914,17.916,10.295,3.2399,8.454,14.113,3.2676,NaN,NaN,NaN,NaN,NaN,8.4484,NaN,5.8627,NaN,NaN,NaN,1.0325,2.3265,1.7132,4.2874,15.228,NaN,7.7114,NaN,NaN,NaN,NaN,NaN,NaN,NaN,NaN,NaN,NaN,9.0899,NaN,NaN,9.9712,NaN,NaN,NaN,NaN,22.823,8.9321,6.5139,NaN,NaN,NaN,6.8159,NaN,12.411,17.535,15.866,9.5531,6.9528,4.2049,NaN,NaN
NaN,3.169,10.333,4.9813,8.1513,1.293,8.4331,8.0701,1.5619,6.3558,17.454,NaN,7.242,7.6998,8.5697,4.9981,3.1725,NaN,19.334,10.937,19.748,9.2679,2.8849,17.009,20.36,NaN,9.728,9.6937,11.625,12.243,NaN,10.428,15.676,9.3286,7.8036,16.01,NaN,19.175,6.1417,7.6473,13.648,9.693,15.616,12.573,20.076,9.4279,4.5726,11.599,NaN,NaN,NaN,NaN,NaN,4.9248,NaN,11.027,NaN,NaN,NaN,5.0368,12.459,11.567,5.3868,22.222,NaN,14.634,NaN,NaN,NaN,NaN,NaN,NaN,NaN,NaN,NaN,NaN,19.006,NaN,NaN,14.653,NaN,NaN,NaN,NaN,17.073,16.15,7.0448,NaN,NaN,NaN,13.487,NaN,5.1804,2.4341,15.415,6.1788,6.287,8.3577,NaN,NaN
NaN,1.7357,3.9568,4.5784,4.3308,6.8052,7.3076,10.97,4.7407,4.9754,8.9695,NaN,4.5613,4.2766,2.7272,5.8752,6.8151,NaN,8.8518,6.9775,4.6716,8.5333,5.5586,9.3161,9.1272,NaN,8.0269,6.8767,12.727,9.0535,NaN,8.5452,8.5563,6.2196,4.9619,12.588,NaN,8.1978,4.805,0.85298,4.1162,4.0278,3.1566,3.6141,12.329,12.89,2.6466,5.6369,NaN,NaN,NaN,NaN,NaN,3.6017,NaN,6.4612,NaN,NaN,NaN,7.4495,8.4323,7.2672,13.933,1.4803,NaN,4.7325,NaN,NaN,NaN,NaN,NaN,NaN,NaN,NaN,NaN,NaN,11.855,NaN,NaN,3.8479,NaN,NaN,NaN,NaN,5.4859,5.6311,7.2191,NaN,NaN,NaN,7.1153,NaN,16.33,3.4248,7.8703,1.1977,12.727,10.76,NaN,NaN
NaN,7.8458,0.8753,1.2604,1.4966,9.6572,3.4058,13.163,10.93,5.8942,6.2068,NaN,4.5098,6.5143,8.5284,6.8874,4.0013,NaN,8.1902,10.164,13.015,8.4466,5.1103,8.7264,9.1456,NaN,11.013,4.6234,5.3533,7.652,NaN,2.4584,2.7219,7.7341,2.8778,5.4394,NaN,4.1898,5.7296,5.7075,10.312,8.292,9.9214,3.2443,12.879,8.5245,15.438,10.086,NaN,NaN,NaN,NaN,NaN,11.361,NaN,2.7155,NaN,NaN,NaN,4.3803,2.986,1.4543,12.867,0.96818,NaN,6.9142,NaN,NaN,NaN,NaN,NaN,NaN,NaN,NaN,NaN,NaN,3.1447,NaN,NaN,7.5805,NaN,NaN,NaN,NaN,17.59,22.24,19.516,NaN,NaN,NaN,10.048,NaN,3.8829,7.9039,8.0282,11.128,13.18,7.3964,NaN,NaN
NaN,4.2925,4.3884,3.723,1.2383,10.593,11.99,11.27,10.404,4.0382,7.7985,NaN,5.2859,10.976,2.8871,8.696,7.7259,NaN,6.7554,14.445,13.41,15.662,4.0282,10.351,3.4685,NaN,8.2337,7.9883,3.3471,13.761,NaN,5.2386,4.3482,6.1009,1.8799,10.417,NaN,2.1616,6.3799,5.9989,7.3507,12.067,16.796,6.1731,9.3245,4.3728,3.1693,11.157,NaN,NaN,NaN,NaN,NaN,13.184,NaN,3.4791,NaN,NaN,NaN,11.768,9.5348,7.1355,13.974,9.3674,NaN,6.2286,NaN,NaN,NaN,NaN,NaN,NaN,NaN,NaN,NaN,NaN,13.17,NaN,NaN,8.3293,NaN,NaN,NaN,NaN,21.499,20.436,13.175,NaN,NaN,NaN,8.0481,NaN,12.064,5.9279,16.415,7.3598,10.938,11.439,NaN,NaN
NaN,17.321,10.106,8.4227,4.17,9.7098,9.5422,21.749,12.888,13.429,23.534,NaN,4.9996,20.918,7.7654,3.909,3.9928,NaN,4.221,18.446,9.8718,24.68,9.9921,20.839,14.927,NaN,23.6,9.5708,5.098,34.771,NaN,10.353,9.683,11.84,10.96,10.261,NaN,9.3361,18.887,10.908,19.285,11.942,4.4407,7.126,16.602,16.59,7.3723,18.173,NaN,NaN,NaN,NaN,NaN,19.777,NaN,8.5121,NaN,NaN,NaN,4.6306,10.169,17.779,21.462,11.104,NaN,8.6008,NaN,NaN,NaN,NaN,NaN,NaN,NaN,NaN,NaN,NaN,14.557,NaN,NaN,5.0354,NaN,NaN,NaN,NaN,5.1519,12.097,13.903,NaN,NaN,NaN,19.205,NaN,17.149,16.195,2.6853,18.651,0.8122,6.2974,NaN,NaN
NaN,17.259,3.1046,16.279,15.582,16.171,35.604,16.437,2.444,21.217,22.429,NaN,5.0924,9.9712,11.323,7.6082,8.1223,NaN,23.535,17.911,21.635,20.088,13.472,22.867,11.803,NaN,32.747,12.708,13.221,28.398,NaN,10.978,8.594,28.77,30.942,11.757,NaN,17.782,36.575,10.068,9.6856,19.627,19.004,7.8479,24.171,11.003,10.99,9.3695,NaN,NaN,NaN,NaN,NaN,31.561,NaN,20.628,NaN,NaN,NaN,8.1119,14.636,27.398,24.858,23.596,NaN,1.4773,NaN,NaN,NaN,NaN,NaN,NaN,NaN,NaN,NaN,NaN,9.0396,NaN,NaN,17.984,NaN,NaN,NaN,NaN,7.6003,16.166,20.639,NaN,NaN,NaN,12.286,NaN,12.653,14.008,3.6459,21.279,8.8754,9.0585,NaN,NaN
NaN,2.6753,5.8296,1.9466,1.2662,4.315,5.195,5.8369,1.5237,1.8143,2.6735,NaN,10.027,6.4853,4.1772,2.0489,2.3102,NaN,3.3912,9.7517,3.3838,5.0724,1.8725,3.7164,3.2205,NaN,2.8716,5.7439,2.2896,0.80128,NaN,2.3271,1.104,3.263,2.9616,1.6425,NaN,3.9421,1.5994,1.9625,7.9434,7.439,2.6679,3.7882,0.64504,9.4038,17.291,12.16,NaN,NaN,NaN,NaN,NaN,2.4553,NaN,6.0999,NaN,NaN,NaN,7.5292,13.247,9.8272,5.6996,2.4828,NaN,4.4334,NaN,NaN,NaN,NaN,NaN,NaN,NaN,NaN,NaN,NaN,5.486,NaN,NaN,6.6305,NaN,NaN,NaN,NaN,13.932,2.7426,15.948,NaN,NaN,NaN,7.3515,NaN,10.365,18.719,19.078,13.917,20.584,11.014,NaN,NaN
NaN,8.9582,3.7443,15.601,13.374,9.483,11.057,11.12,10.367,9.2726,5.5542,NaN,10.939,6.6972,5.5042,4.0917,11.725,NaN,14.492,12.958,9.201,10.205,14.133,3.9854,19.484,NaN,4.8007,11.129,18.404,9.9802,NaN,2.1017,12.954,15.269,2.6658,13.253,NaN,7.1896,6.8051,11.316,3.8402,13.533,9.9529,5.5398,11.15,7.0978,18.231,11.436,NaN,NaN,NaN,NaN,NaN,15.051,NaN,8.1281,NaN,NaN,NaN,11.735,12.169,5.9856,13.469,9.355,NaN,11.493,NaN,NaN,NaN,NaN,NaN,NaN,NaN,NaN,NaN,NaN,26.944,NaN,NaN,15.429,NaN,NaN,NaN,NaN,25.244,13.332,30.056,NaN,NaN,NaN,8.5976,NaN,10.612,29.06,19.715,16.466,2.3846,17.935,NaN,NaN
NaN,6.9719,9.0347,1.7138,1.8272,2.7207,6.1115,3.2507,4.831,2.7745,7.0907,NaN,2.7998,5.7241,8.43,8.3983,6.8384,NaN,7.3702,2.4077,3.1176,6.8682,13.882,5.3406,1.1998,NaN,3.9707,6.9827,7.5291,4.2961,NaN,5.2501,5.142,0.56591,4.3678,6.4132,NaN,4.828,8.5615,1.6224,3.693,5.8892,1.5758,10.228,8.0503,14.821,11.222,17.925,NaN,NaN,NaN,NaN,NaN,12.731,NaN,11.421,NaN,NaN,NaN,3.3248,8.4427,3.1625,14.059,14.021,NaN,7.4789,NaN,NaN,NaN,NaN,NaN,NaN,NaN,NaN,NaN,NaN,14.932,NaN,NaN,4.1706,NaN,NaN,NaN,NaN,21.304,32.932,7.0246,NaN,NaN,NaN,8.1376,NaN,15.097,0.63457,47.839,4.6911,20.957,24.525,NaN,NaN
NaN,15.957,14.256,11.906,4.5939,7.2361,13.167,1.875,0.5486,14.9,3.6049,NaN,3.6845,3.0081,7.3734,6.3113,7.2007,NaN,10.584,2.9234,4.704,10.583,18.33,9.7758,2.6,NaN,2.2349,16.737,5.0679,8.9905,NaN,3.7028,12.384,18.338,8.3285,17.415,NaN,10.259,13.833,12.918,8.6778,17.784,9.5459,14.314,4.2131,15.475,17.228,15.116,NaN,NaN,NaN,NaN,NaN,17.493,NaN,3.8794,NaN,NaN,NaN,33.066,10.65,13.106,6.9702,14.417,NaN,4.0201,NaN,NaN,NaN,NaN,NaN,NaN,NaN,NaN,NaN,NaN,21.243,NaN,NaN,15.081,NaN,NaN,NaN,NaN,39.713,22.386,5.8422,NaN,NaN,NaN,3.8973,NaN,9.3775,14.04,32.274,37.637,18.858,13.182,NaN,NaN
NaN,2.131,5.977,9.5365,4.2829,8.5107,12.585,5.1318,11.563,7.4169,7.8759,NaN,12.172,3.7943,6.0365,4.6193,10.057,NaN,9.4579,7.1968,4.2839,9.8235,8.7448,7.1637,3.2199,NaN,10.475,7.712,7.0221,4.2677,NaN,2.2028,3.3238,4.2114,4.9184,5.8195,NaN,4.2147,9.6334,3.7312,10.807,7.657,9.0119,12.143,5.3374,2.9344,2.304,7.0488,NaN,NaN,NaN,NaN,NaN,24.507,NaN,1.8374,NaN,NaN,NaN,6.241,9.843,12.52,18.306,11.036,NaN,29.025,NaN,NaN,NaN,NaN,NaN,NaN,NaN,NaN,NaN,NaN,4.6296,NaN,NaN,14.097,NaN,NaN,NaN,NaN,12.057,16.831,13.548,NaN,NaN,NaN,12.655,NaN,17.242,19.537,13.349,31.846,17.825,19.679,NaN,NaN
NaN,15.303,3.133,7.6255,3.6827,0.79798,5.8731,0.91347,1.5483,9.9514,2.8022,NaN,3.4629,3.3401,4.8917,5.8976,4.3447,NaN,3.9874,3.6923,5.75,8.2241,5.7262,4.6188,3.4282,NaN,8.9826,6.2363,2.0771,4.6263,NaN,3.4348,3.78,11.672,9.3975,12.767,NaN,13.446,7.4744,8.6241,6.3771,11.46,11.906,8.8957,12.877,9.412,6.5527,10.288,NaN,NaN,NaN,NaN,NaN,5.6652,NaN,11.265,NaN,NaN,NaN,11.3,0.74277,14.986,9.812,9.3395,NaN,12.765,NaN,NaN,NaN,NaN,NaN,NaN,NaN,NaN,NaN,NaN,11.225,NaN,NaN,7.0975,NaN,NaN,NaN,NaN,13.673,8.4663,4.7895,NaN,NaN,NaN,32.58,NaN,20.175,25.166,41.011,10.199,17.841,11.643,NaN,NaN
NaN,4.9653,3.8467,2.1777,6.0735,8.3608,12.729,5.0561,5.9572,5.577,0.70945,NaN,4.4138,8.9081,2.3147,4.6532,11.573,NaN,3.6537,10.186,4.6851,8.8177,28.339,2.8232,3.1785,NaN,9.1242,4.3153,10.366,7.4912,NaN,6.2023,3.6824,8.4382,8.0282,9.4692,NaN,13.863,16.271,7.732,11.312,9.6634,23.673,3.0529,14.996,19.701,8.8999,25.331,NaN,NaN,NaN,NaN,NaN,9.5076,NaN,14.097,NaN,NaN,NaN,0.88999,4.2468,5.7264,15.191,11.932,NaN,4.1895,NaN,NaN,NaN,NaN,NaN,NaN,NaN,NaN,NaN,NaN,14.113,NaN,NaN,21.793,NaN,NaN,NaN,NaN,6.4469,7.7282,3.8241,NaN,NaN,NaN,4.0575,NaN,3.3707,14.632,10.087,7.5999,12.909,18.377,NaN,NaN
NaN,5.3382,4.0689,1.912,5.7691,2.2352,7.0346,7.2523,7.1485,2.2841,6.4871,NaN,9.3462,6.8591,2.8098,1.0116,1.2877,NaN,11.23,12.018,4.3619,4.4149,4.4414,6.3583,9.5132,NaN,1.5355,3.3066,4.075,4.3641,NaN,0.5905,7.6812,7.1073,4.938,4.0138,NaN,2.5522,11.833,8.3079,5.7828,10.711,10.178,1.0299,5.7786,8.5672,3.3458,18.573,NaN,NaN,NaN,NaN,NaN,5.5295,NaN,12.354,NaN,NaN,NaN,2.4613,10.362,2.6454,10.517,2.0707,NaN,8.0167,NaN,NaN,NaN,NaN,NaN,NaN,NaN,NaN,NaN,NaN,9.1961,NaN,NaN,8.2582,NaN,NaN,NaN,NaN,3.1363,5.2749,13.795,NaN,NaN,NaN,3.4127,NaN,5.047,15.287,12.01,4.9404,9.2133,2.9159,NaN,NaN
NaN,0.46325,3.8361,3.0673,1.7935,6.6634,1.0793,5.8081,3.2875,3.9607,2.2091,NaN,10.637,10.056,9.4225,4.7037,3.506,NaN,4.2534,2.1597,4.8312,13.36,6.8001,9.571,3.1979,NaN,8.5403,5.2007,3.6436,7.7826,NaN,3.9794,3.2711,5.4575,4.4135,4.3984,NaN,4.6781,8.7108,7.5751,12.92,3.4091,3.4627,4.5826,5.9249,13.252,15.084,2.8009,NaN,NaN,NaN,NaN,NaN,2.5114,NaN,12.277,NaN,NaN,NaN,6.5915,17.357,7.3896,9.6362,7.7716,NaN,7.3874,NaN,NaN,NaN,NaN,NaN,NaN,NaN,NaN,NaN,NaN,8.924,NaN,NaN,5.6499,NaN,NaN,NaN,NaN,6.3546,4.3533,2.8688,NaN,NaN,NaN,7.0591,NaN,1.3711,26.937,20.166,5.9442,12.186,2.9847,NaN,NaN
NaN,4.594,2.9445,3.916,2.3964,1.837,7.1608,4.8891,2.5273,6.6649,1.1786,NaN,2.3761,7.3818,6.0464,4.0161,4.2426,NaN,6.0639,2.7506,5.7448,8.7186,6.5071,2.9322,5.3555,NaN,8.2006,1.9407,5.3367,2.6499,NaN,2.1025,0.90278,3.7211,4.4817,4.8972,NaN,5.1238,4.6517,2.9308,1.4775,12.863,8.5149,7.1146,12.259,3.3263,10.39,13.69,NaN,NaN,NaN,NaN,NaN,3.8552,NaN,5.826,NaN,NaN,NaN,8.1604,6.2216,2.3483,11.155,7.1947,NaN,11.377,NaN,NaN,NaN,NaN,NaN,NaN,NaN,NaN,NaN,NaN,10.112,NaN,NaN,6.7262,NaN,NaN,NaN,NaN,8.2997,21.595,3.9929,NaN,NaN,NaN,4.9629,NaN,4.5367,26.739,15.259,27.825,4.9872,11.671,NaN,NaN
NaN,10.437,9.5018,6.0526,5.2507,5.8374,14.792,11.461,9.169,2.6615,5.943,NaN,7.6808,3.8005,5.0909,6.6909,7.8902,NaN,7.4943,8.348,8.9111,8.6148,15.59,1.7562,4.8925,NaN,10.083,19.749,4.5741,13.587,NaN,1.6876,9.1343,18.362,2.3586,18.543,NaN,8.37,5.6403,11.459,6.5175,17.12,16.892,8.0433,7.6056,18.789,22.081,28.12,NaN,NaN,NaN,NaN,NaN,13.887,NaN,15.617,NaN,NaN,NaN,18.81,12.439,13.403,20.512,2.2134,NaN,17.884,NaN,NaN,NaN,NaN,NaN,NaN,NaN,NaN,NaN,NaN,27.911,NaN,NaN,8.7629,NaN,NaN,NaN,NaN,52.833,67.423,21.942,NaN,NaN,NaN,4.1046,NaN,8.0962,21.636,26.322,22.506,20.404,18.347,NaN,NaN
NaN,8.8928,6.0508,6.1518,4.0673,5.5225,11.629,7.7145,8.4668,5.2774,5.9903,NaN,10.824,7.2016,4.3908,9.4469,8.5449,NaN,8.8261,12.401,9.7643,3.9013,6.1347,9.0154,8.4957,NaN,6.0525,6.7326,5.1312,9.3461,NaN,1.3941,2.8452,14.753,13.323,10.473,NaN,16.036,4.7216,18.598,8.9824,6.3917,19.048,18.581,7.6175,5.1919,7.6632,12.172,NaN,NaN,NaN,NaN,NaN,16.481,NaN,4.5441,NaN,NaN,NaN,11.473,6.0463,11.458,18.568,3.3001,NaN,10.754,NaN,NaN,NaN,NaN,NaN,NaN,NaN,NaN,NaN,NaN,18.059,NaN,NaN,7.3181,NaN,NaN,NaN,NaN,13.63,8.3729,7.2892,NaN,NaN,NaN,4.5994,NaN,10.987,24.404,29.79,15.902,9.2177,8.5395,NaN,NaN
NaN,4.8673,10.921,6.6336,14.341,2.7597,15.205,9.8342,6.8064,8.547,10.382,NaN,5.4882,3.9553,5.1049,9.0987,4.668,NaN,21.577,13.847,14.869,2.031,7.5895,11.914,20.526,NaN,5.3605,33.852,6.2718,7.5083,NaN,12.74,9.521,22.438,5.9989,13.07,NaN,17.343,23.126,14.793,20.425,37.48,20.605,20.134,21.448,23.262,28.273,21.684,NaN,NaN,NaN,NaN,NaN,21.946,NaN,18.733,NaN,NaN,NaN,29.739,26.785,17.205,26.36,16.85,NaN,10.451,NaN,NaN,NaN,NaN,NaN,NaN,NaN,NaN,NaN,NaN,14.841,NaN,NaN,10.386,NaN,NaN,NaN,NaN,33.358,26.659,19.6,NaN,NaN,NaN,15.952,NaN,16.496,23.06,30.967,4.5093,10.906,14.953,NaN,NaN
NaN,4.2286,9.9955,0.5441,4.4325,4.771,3.1482,4.6655,1.7289,6.4161,12.394,NaN,11.172,4.5492,5.8779,5.5784,14.063,NaN,7.9681,2.469,8.2033,3.895,5.7254,7.5706,4.909,NaN,2.4909,3.6461,1.0885,3.3989,NaN,7.0657,6.3716,7.1905,3.8701,9.8546,NaN,7.2438,9.4637,14.64,8.7385,12.135,10.606,10.638,2.2469,11.379,6.3113,26.396,NaN,NaN,NaN,NaN,NaN,4.7743,NaN,13.149,NaN,NaN,NaN,2.5099,5.7001,1.5364,12.112,11.96,NaN,14.44,NaN,NaN,NaN,NaN,NaN,NaN,NaN,NaN,NaN,NaN,9.7084,NaN,NaN,14.508,NaN,NaN,NaN,NaN,4.857,11.119,4.4582,NaN,NaN,NaN,7.3098,NaN,9.0115,14.312,18.726,13.355,9.0431,7.2782,NaN,NaN
NaN,3.3708,7.196,2.1952,2.965,3.3682,4.7998,6.9231,1.9235,4.2012,4.8895,NaN,8.9408,10.222,6.9513,4.6953,4.7531,NaN,6.692,12.084,1.3814,6.8654,11.409,4.5867,9.9978,NaN,6.1647,8.8423,4.9226,11.882,NaN,4.5478,2.683,9.5296,3.4343,5.2585,NaN,8.6701,10.137,17.294,1.1915,13.278,8.3298,5.3616,8.2242,6.4543,8.4091,7.0604,NaN,NaN,NaN,NaN,NaN,5.4398,NaN,3.4811,NaN,NaN,NaN,10.459,6.4629,5.5373,15.864,7.1103,NaN,11.154,NaN,NaN,NaN,NaN,NaN,NaN,NaN,NaN,NaN,NaN,2.8044,NaN,NaN,8.4077,NaN,NaN,NaN,NaN,3.5398,5.2819,6.7585,NaN,NaN,NaN,8.0698,NaN,9.284,1.8413,1.8552,9.7831,4.6165,13.15,NaN,NaN
NaN,5.1659,1.4933,8.2141,5.8841,5.6608,9.0873,8.4269,3.5537,5.8678,3.9608,NaN,7.6466,2.7913,3.7514,5.3569,8.068,NaN,6.7148,7.5717,6.2693,11.223,13.42,3.7739,8.0956,NaN,3.4084,9.59,12.176,3.6424,NaN,4.6942,7.895,6.6634,2.2712,12.096,NaN,1.9596,0.61133,8.3921,2.3731,14.505,10.881,6.4916,6.8862,1.7418,24.945,8.7846,NaN,NaN,NaN,NaN,NaN,9.9187,NaN,7.729,NaN,NaN,NaN,4.9784,12.393,11.193,13.723,15.521,NaN,2.9829,NaN,NaN,NaN,NaN,NaN,NaN,NaN,NaN,NaN,NaN,15.069,NaN,NaN,13.768,NaN,NaN,NaN,NaN,10.841,8.8691,8.6937,NaN,NaN,NaN,6.6077,NaN,7.22,21.658,10.097,11.463,12.526,8.586,NaN,NaN
NaN,7.2632,4.1595,11.497,6.6177,9.7742,15.434,6.2765,6.6805,6.2771,7.1398,NaN,10.406,5.7233,8.0041,8.1604,12.136,NaN,3.2969,6.0781,8.6791,22.36,11.308,7.9448,13.762,NaN,7.4425,17.312,14.688,10.6,NaN,10.567,11.811,13.648,4.2309,20.42,NaN,6.5194,17.53,15.745,14.236,15.448,8.755,2.9581,3.8571,5.8525,31.58,15.795,NaN,NaN,NaN,NaN,NaN,8.9607,NaN,10.913,NaN,NaN,NaN,7.1863,11.122,24.255,14.878,15.546,NaN,15.955,NaN,NaN,NaN,NaN,NaN,NaN,NaN,NaN,NaN,NaN,24.342,NaN,NaN,21.34,NaN,NaN,NaN,NaN,8.6482,7.12,39.046,NaN,NaN,NaN,21.268,NaN,5.2872,21.334,18.78,17.352,12.59,12.001,NaN,NaN
NaN,6.8917,1.8028,5.9776,6.7997,0.53647,6.5183,7.3414,4.6,4.5282,4.1713,NaN,6.0986,10.33,6.3985,9.1434,4.5343,NaN,14.545,5.939,8.595,9.6443,1.5443,8.5395,14.225,NaN,6.8441,4.98,10.152,6.8248,NaN,8.6783,3.6227,9.3534,8.5804,5.925,NaN,14.064,4.3158,16.465,14.823,13.379,11.412,14.668,18.422,3.6063,5.2329,3.5447,NaN,NaN,NaN,NaN,NaN,6.0969,NaN,3.4057,NaN,NaN,NaN,3.1164,7.0548,14.306,16.312,3.8272,NaN,12.026,NaN,NaN,NaN,NaN,NaN,NaN,NaN,NaN,NaN,NaN,19.276,NaN,NaN,11.904,NaN,NaN,NaN,NaN,16.203,6.2715,30.996,NaN,NaN,NaN,21.972,NaN,11.975,11.975,24.739,20.833,20.168,17.812,NaN,NaN
NaN,1.6891,5.459,5.0778,3.9381,3.1318,4.737,8.8522,2.2165,2.7063,6.0281,NaN,8.2024,2.4058,2.2353,4.0364,7.9242,NaN,3.1379,4.2788,3.6111,12.226,3.7182,6.438,3.5051,NaN,7.0936,6.9193,4.1242,8.3423,NaN,1.1809,5.0107,7.4488,3.3889,1.5078,NaN,6.0451,7.4529,10.927,7.3704,10.383,2.5913,5.2868,8.9662,5.1792,4.1666,4.5824,NaN,NaN,NaN,NaN,NaN,9.1355,NaN,5.4806,NaN,NaN,NaN,4.7401,2.7531,3.3801,12.985,4.0687,NaN,6.1702,NaN,NaN,NaN,NaN,NaN,NaN,NaN,NaN,NaN,NaN,3.4682,NaN,NaN,8.2993,NaN,NaN,NaN,NaN,2.5571,6.6184,4.2006,NaN,NaN,NaN,2.0874,NaN,11.408,11.18,4.4205,12.348,10.369,9.5309,NaN,NaN
NaN,2.1946,5.9253,2.5717,2.0921,5.681,8.6525,1.2354,6.1221,6.1069,4.9438,NaN,6.0982,7.3893,9.0463,5.6829,7.3828,NaN,7.9301,7.2053,7.3649,4.3917,5.2947,4.8412,1.5911,NaN,6.4066,4.1468,7.1444,10.08,NaN,3.0597,4.7957,2.9772,1.3498,7.3734,NaN,3.3608,5.7976,6.2402,2.9899,6.0692,5.8228,2.7633,3.6979,9.3846,9.7555,5.7838,NaN,NaN,NaN,NaN,NaN,12.497,NaN,15.451,NaN,NaN,NaN,2.7025,11.972,7.1036,13.718,9.9865,NaN,7.0309,NaN,NaN,NaN,NaN,NaN,NaN,NaN,NaN,NaN,NaN,7.1077,NaN,NaN,4.2697,NaN,NaN,NaN,NaN,8.3769,3.4397,6.4941,NaN,NaN,NaN,15.125,NaN,9.4898,6.31,13.45,20.416,19.269,5.65,NaN,NaN
NaN,15.929,8.7384,17.413,5.5058,20.979,21.34,16.36,17.343,16.773,14.166,NaN,21.434,20.377,21.238,15.229,19.933,NaN,10.085,20.09,23.614,35.154,24.02,8.9106,24.422,NaN,8.6892,26.324,29.013,15.034,NaN,21.03,17.523,21.098,2.5078,22.487,NaN,11.987,16.931,10.959,7.5944,23.371,11.06,27.581,6.1647,7.7878,17.266,8.0662,NaN,NaN,NaN,NaN,NaN,31.297,NaN,25.592,NaN,NaN,NaN,9.8147,37.075,24.027,38.351,28.179,NaN,20.381,NaN,NaN,NaN,NaN,NaN,NaN,NaN,NaN,NaN,NaN,29.26,NaN,NaN,25.026,NaN,NaN,NaN,NaN,16.031,20.417,31.329,NaN,NaN,NaN,25.86,NaN,16.329,20.423,18.006,25.776,24.205,6.1597,NaN,NaN
NaN,10.68,8.9063,12.673,5.6838,8.5556,15.169,10.009,4.5285,12.278,12.995,NaN,12.287,16.096,13.542,10.47,7.6123,NaN,6.6218,10.741,10.958,24.253,9.9636,8.9701,14.096,NaN,3.0091,11.74,12.402,8.1004,NaN,13.787,9.928,13.28,4.4742,15.192,NaN,12.95,20.569,10.41,14.57,27.333,0.68642,22.334,17.116,10.055,18.064,2.6141,NaN,NaN,NaN,NaN,NaN,23.376,NaN,9.9942,NaN,NaN,NaN,10.032,12.48,28.576,18.331,21.752,NaN,14.701,NaN,NaN,NaN,NaN,NaN,NaN,NaN,NaN,NaN,NaN,25.21,NaN,NaN,18.511,NaN,NaN,NaN,NaN,12.915,25.904,32.871,NaN,NaN,NaN,26.124,NaN,4.438,16.802,9.3933,21.091,18.722,19.45,NaN,NaN
NaN,3.3683,1.4996,1.5185,10.757,1.7736,9.8679,6.3686,3.7569,7.3149,6.8866,NaN,3.3095,6.3742,5.7808,5.8008,5.4036,NaN,1.7532,7.5429,4.5237,11.691,7.6174,7.5125,4.9267,NaN,3.4764,7.8333,2.5852,5.7639,NaN,10.965,2.4787,9.0267,3.217,3.7782,NaN,2.461,9.1923,13.867,18.831,17.646,2.6523,16.618,21.267,3.317,8.0843,20.122,NaN,NaN,NaN,NaN,NaN,7.3202,NaN,6.4521,NaN,NaN,NaN,15.584,12.436,8.1371,19.697,6.1152,NaN,9.0266,NaN,NaN,NaN,NaN,NaN,NaN,NaN,NaN,NaN,NaN,21.347,NaN,NaN,13.176,NaN,NaN,NaN,NaN,23.891,15.048,3.2861,NaN,NaN,NaN,13.491,NaN,15.39,22.059,30.879,18.108,8.6973,21.568,NaN,NaN
NaN,6.0537,7.1042,6.3438,3.3492,4.9559,7.3987,6.0307,9.1744,8.3902,6.5016,NaN,4.9649,10.182,6.473,5.2022,6.914,NaN,1.3081,1.8077,6.2193,17.076,8.5813,8.1958,4.5612,NaN,6.1608,3.0756,2.6053,7.5396,NaN,4.4301,2.5138,4.943,2.0866,10.408,NaN,3.9243,5.835,13.506,12.671,14.377,3.348,6.0228,4.9919,6.0832,4.7094,3.389,NaN,NaN,NaN,NaN,NaN,11.599,NaN,11.852,NaN,NaN,NaN,2.345,6.2831,4.8361,6.6629,19.622,NaN,9.905,NaN,NaN,NaN,NaN,NaN,NaN,NaN,NaN,NaN,NaN,1.2364,NaN,NaN,12.417,NaN,NaN,NaN,NaN,4.3181,9.9225,3.0441,NaN,NaN,NaN,5.5994,NaN,9.9073,16.721,1.967,13.182,7.9462,22.207,NaN,NaN
NaN,1.0368,4.6104,4.7639,5.8727,8.1188,10.845,3.704,10.963,4.6602,7.7401,NaN,5.5146,9.7856,9.0164,7.8356,8.0395,NaN,3.5888,6.4169,7.9434,6.4717,9.4341,11.329,2.5503,NaN,9.0822,9.1054,7.523,3.2204,NaN,3.2453,2.4822,0.44398,4.9714,8.3987,NaN,11.05,4.6203,13.947,9.2346,21.341,3.1219,3.1536,6.8876,6.8298,9.0407,7.3741,NaN,NaN,NaN,NaN,NaN,7.7195,NaN,8.6469,NaN,NaN,NaN,9.5143,4.4376,3.6204,9.2761,17.01,NaN,14.067,NaN,NaN,NaN,NaN,NaN,NaN,NaN,NaN,NaN,NaN,2.4932,NaN,NaN,6.7957,NaN,NaN,NaN,NaN,6.4914,6.9842,9.5513,NaN,NaN,NaN,6.5253,NaN,2.8386,6.9906,5.782,5.6558,45.073,18.321,NaN,NaN
NaN,10.3,10.774,7.1975,4.5735,9.504,11.959,9.286,12.05,15.406,11.109,NaN,15.1,14.204,11.293,10.739,10.727,NaN,10.19,17.673,18.401,4.1468,7.4895,9.0101,16.146,NaN,8.3098,8.4577,11.677,10.575,NaN,8.7299,10.473,14.625,10.571,8.4543,NaN,7.9247,7.8401,14.709,14.289,20.932,16.147,21.772,3.103,8.6452,11.047,14.052,NaN,NaN,NaN,NaN,NaN,30.095,NaN,9.2346,NaN,NaN,NaN,13.607,16.133,6.7085,18.303,11.329,NaN,28.191,NaN,NaN,NaN,NaN,NaN,NaN,NaN,NaN,NaN,NaN,21.87,NaN,NaN,17.122,NaN,NaN,NaN,NaN,8.7497,12.76,17.241,NaN,NaN,NaN,6.4778,NaN,19.009,26.655,15.975,36.441,6.6682,20.466,NaN,NaN
NaN,9.051,14.956,3.0759,10.98,12.691,18.25,10.881,10.468,25.334,13.152,NaN,10.274,15.41,12.556,15.188,19.152,NaN,31.931,12.656,17.305,15.701,28.314,3.3588,19.747,NaN,14.541,18.663,11.106,13.664,NaN,6.8796,10.353,20.768,11.97,10.536,NaN,10.178,5.3522,28.271,2.4433,36.454,6.2054,13.614,11.171,10.694,11.632,24.39,NaN,NaN,NaN,NaN,NaN,8.8334,NaN,20.242,NaN,NaN,NaN,15.191,14.32,0.34742,32.475,27.062,NaN,32.661,NaN,NaN,NaN,NaN,NaN,NaN,NaN,NaN,NaN,NaN,17.368,NaN,NaN,26.741,NaN,NaN,NaN,NaN,7.7633,12.362,38.323,NaN,NaN,NaN,38.308,NaN,15.902,12.937,28.709,13.11,36.939,15.716,NaN,NaN
NaN,4.4095,2.3393,11.261,2.2171,1.903,13.68,3.1856,6.798,18.639,6.802,NaN,7.449,12.174,7.9639,14.711,12.891,NaN,19.389,11.181,9.6329,5.7498,3.7283,6.2721,10.695,NaN,10.54,5.3385,8.1856,14.456,NaN,1.7206,13.328,25.821,17.511,11.451,NaN,15.077,11.07,16.957,6.0496,9.9374,10.813,14.66,6.9595,10.023,3.4689,21.608,NaN,NaN,NaN,NaN,NaN,20.31,NaN,8.9155,NaN,NaN,NaN,22.493,13.047,17.017,6.1112,15.642,NaN,28.737,NaN,NaN,NaN,NaN,NaN,NaN,NaN,NaN,NaN,NaN,28.01,NaN,NaN,14.22,NaN,NaN,NaN,NaN,24.353,7.7659,31.369,NaN,NaN,NaN,8.5462,NaN,22.18,32.906,39.766,32.405,6.7325,19.767,NaN,NaN
NaN,9.2069,14.571,9.7989,10.343,14.932,14.961,8.2,7.3167,6.1021,8.106,NaN,7.7688,6.1545,9.8515,16.446,15.078,NaN,16.067,24.601,11.992,3.1616,30.216,13.648,1.9836,NaN,11.22,14.495,8.576,15.103,NaN,1.6732,4.9742,28.717,20.453,19.973,NaN,41.484,9.8441,17.963,5.811,24.116,10.056,18.603,5.2444,11.297,4.9022,9.4162,NaN,NaN,NaN,NaN,NaN,15.974,NaN,9.9707,NaN,NaN,NaN,9.4564,9.0464,8.3025,13.111,10.47,NaN,15.123,NaN,NaN,NaN,NaN,NaN,NaN,NaN,NaN,NaN,NaN,16.408,NaN,NaN,7.0242,NaN,NaN,NaN,NaN,27.383,14.584,13.798,NaN,NaN,NaN,1.5695,NaN,16.537,27.331,42.558,16.62,15.739,22.833,NaN,NaN
NaN,10.607,12.594,1.6705,7.4051,13.904,16.227,14,10.095,11.105,1.3175,NaN,9.8195,2.1934,12.173,15.886,17.39,NaN,6.1045,25.823,12.022,8.4451,17.486,16.741,9.5978,NaN,18.463,12.255,8.8212,12.807,NaN,5.2393,10.569,20.767,15.835,17.287,NaN,26.34,3.9358,21.648,14.609,11.597,17.759,13.151,13.78,3.2983,13.812,6.8762,NaN,NaN,NaN,NaN,NaN,18.931,NaN,15.886,NaN,NaN,NaN,6.7427,4.6865,18.173,12.513,13.131,NaN,15.366,NaN,NaN,NaN,NaN,NaN,NaN,NaN,NaN,NaN,NaN,16.855,NaN,NaN,4.8628,NaN,NaN,NaN,NaN,14.389,2.2449,5.4561,NaN,NaN,NaN,7.9279,NaN,21.639,26.267,25.26,13.708,14.024,14.528,NaN,NaN
NaN,10.16,19.404,20.125,16.157,2.236,4.7324,5.9208,13.242,9.2548,6.8975,NaN,3.0305,6.595,3.4294,8.867,14.581,NaN,19.653,13.535,11.991,18.98,21.83,5.2714,10.982,NaN,12.974,16.541,14.31,6.4212,NaN,8.6765,14.878,16.335,12.882,3.5449,NaN,26.92,9.483,16.606,7.1074,12.265,8.0667,6.5794,11.768,12.472,12.111,3.5472,NaN,NaN,NaN,NaN,NaN,13.027,NaN,3.837,NaN,NaN,NaN,10.264,7.5176,21.378,19.835,16.875,NaN,27.051,NaN,NaN,NaN,NaN,NaN,NaN,NaN,NaN,NaN,NaN,9.7519,NaN,NaN,8.2075,NaN,NaN,NaN,NaN,12.401,14.753,2.2288,NaN,NaN,NaN,11.46,NaN,5.7099,38.305,31.183,0.28231,5.4872,11.113,NaN,NaN
NaN,6.2762,6.1639,3.4277,2.2267,3.5853,3.9942,4.8984,11.157,10.271,2.6132,NaN,2.7261,9.7711,10.206,6.4302,10.795,NaN,5.2299,5.5654,1.5961,13.341,9.6666,6.1417,2.763,NaN,7.9097,5.361,7.3827,13.59,NaN,10.024,0.42213,5.7619,7.3353,9.4957,NaN,3.4006,6.7198,9.7569,10.313,13.44,5.6247,8.9432,3.5889,7.6898,3.156,4.3608,NaN,NaN,NaN,NaN,NaN,6.7532,NaN,7.6478,NaN,NaN,NaN,3.0347,5.1759,10.351,6.5927,19.866,NaN,5.8403,NaN,NaN,NaN,NaN,NaN,NaN,NaN,NaN,NaN,NaN,10.384,NaN,NaN,21.895,NaN,NaN,NaN,NaN,5.8321,6.2977,3.4904,NaN,NaN,NaN,8.6686,NaN,6.9764,16.898,6.0158,13.704,32.646,22.655,NaN,NaN
NaN,1.6253,3.2835,3.4255,3.0938,1.5678,1.8175,3.3349,4.5695,1.961,1.919,NaN,1.9601,3.2281,2.981,0.49087,4.6501,NaN,6.3113,4.5229,6.4238,6.3422,9.5823,7.6687,6.5539,NaN,6.8036,6.1936,6.4567,4.2693,NaN,6.2362,1.9615,7.2816,6.1636,7.1603,NaN,2.8617,6.3,1.7383,6.43,17.423,7.1149,1.5896,4.9761,6.9603,10.926,9.6401,NaN,NaN,NaN,NaN,NaN,1.7177,NaN,5.3763,NaN,NaN,NaN,5.6386,3.9525,6.9956,11.074,12.952,NaN,7.9947,NaN,NaN,NaN,NaN,NaN,NaN,NaN,NaN,NaN,NaN,4.257,NaN,NaN,13.972,NaN,NaN,NaN,NaN,4.1219,4.7863,6.3852,NaN,NaN,NaN,5.7878,NaN,4.1504,8.7396,15.102,7.0415,12.845,6.4443,NaN,NaN
NaN,9.802,12.723,3.5941,5.1992,8.4791,20.616,6.3163,9.6991,15.583,11.266,NaN,14.284,8.3419,7.3617,11.769,10.822,NaN,5.122,10.534,17.599,15.08,17.157,6.0509,7.175,NaN,2.8386,9.1594,10.932,12.505,NaN,6.1529,10.996,3.4592,13.208,16.525,NaN,7.1496,5.7161,11.402,5.2226,20.698,21.243,17.284,5.904,11.747,8.0476,15.851,NaN,NaN,NaN,NaN,NaN,9.0778,NaN,20.412,NaN,NaN,NaN,9.6459,17.19,10.727,37.053,24.219,NaN,16.055,NaN,NaN,NaN,NaN,NaN,NaN,NaN,NaN,NaN,NaN,39.395,NaN,NaN,30.093,NaN,NaN,NaN,NaN,13.369,18.176,22.209,NaN,NaN,NaN,35.085,NaN,9.8699,6.8213,9.6289,22.857,34.993,12.839,NaN,NaN
NaN,10.868,20.986,14.664,8.6852,9.0257,34.319,16.152,12.879,35.879,18.696,NaN,14.821,32.386,21.909,27.731,25.667,NaN,36.185,21.649,31.108,27.377,11.6,5.9778,31.005,NaN,25.087,28.435,15.725,11.624,NaN,24.61,25.118,23.765,11.93,19.446,NaN,18.721,13.007,37.044,14.435,55.799,10.965,46.275,46.074,22.369,23.646,22.074,NaN,NaN,NaN,NaN,NaN,30.329,NaN,24.524,NaN,NaN,NaN,16.574,23.558,17.31,48.835,30.62,NaN,36.192,NaN,NaN,NaN,NaN,NaN,NaN,NaN,NaN,NaN,NaN,44.272,NaN,NaN,56.578,NaN,NaN,NaN,NaN,16.59,27.843,33.696,NaN,NaN,NaN,40.865,NaN,21.9,14.641,22.379,15.196,46.225,25.179,NaN,NaN
NaN,8.3662,7.8129,11.612,18.175,13.925,13.086,12.54,12.681,8.4021,11.134,NaN,7.3385,6.4874,6.1847,18.904,6.4736,NaN,26.475,20.911,13.412,25.313,40.893,8.9887,5.0719,NaN,17.895,16.745,9.2075,11.819,NaN,24.855,22.913,6.9033,5.4191,4.5985,NaN,25.733,13.477,17.712,16.571,6.4173,17.181,15.628,32.313,9.2127,14.676,10.58,NaN,NaN,NaN,NaN,NaN,31.714,NaN,13.935,NaN,NaN,NaN,24.226,10.121,23.061,7.3778,39.096,NaN,8.607,NaN,NaN,NaN,NaN,NaN,NaN,NaN,NaN,NaN,NaN,11.823,NaN,NaN,30.98,NaN,NaN,NaN,NaN,4.4717,13.125,13.932,NaN,NaN,NaN,2.851,NaN,12.656,18.799,15.632,12.805,15.768,4.7975,NaN,NaN
NaN,6.5218,6.4233,7.5793,9.0226,4.5577,11.758,5.923,4.1597,9.0576,8.3245,NaN,5.4319,7.7613,6.6608,10.561,15.881,NaN,4.3547,2.5251,5.6996,4.9775,15.365,3.6671,7.1843,NaN,7.2773,11.267,4.414,1.137,NaN,3.0806,8.7247,6.4196,3.4495,3.9403,NaN,11.807,8.1894,9.9866,4.0111,9.911,9.1595,6.8661,3.1235,8.4422,4.1796,9.0032,NaN,NaN,NaN,NaN,NaN,9.5012,NaN,3.8896,NaN,NaN,NaN,9.3265,4.5807,4.7278,4.2921,14.311,NaN,11.443,NaN,NaN,NaN,NaN,NaN,NaN,NaN,NaN,NaN,NaN,2.6986,NaN,NaN,17.145,NaN,NaN,NaN,NaN,19.233,9.694,13.097,NaN,NaN,NaN,24.023,NaN,4.9023,20.418,15.763,29.819,12.488,5.9079,NaN,NaN
NaN,9.1663,12.502,15.837,10.635,2.1345,0.9296,7.912,11.06,7.5853,5.0455,NaN,4.1553,7.3823,2.1226,6.6969,12.844,NaN,16.041,12.183,6.6063,14.468,16.376,3.9057,9.4284,NaN,11.152,9.8756,11.014,6.0385,NaN,2.3478,7.3902,11.282,15.894,7.3113,NaN,28.178,7.5891,15.059,7.646,9.1225,2.2075,11.936,10.068,9.5614,13.132,2.2559,NaN,NaN,NaN,NaN,NaN,10.827,NaN,1.799,NaN,NaN,NaN,7.1284,9.8842,6.3493,6.8159,8.5476,NaN,14.18,NaN,NaN,NaN,NaN,NaN,NaN,NaN,NaN,NaN,NaN,8.4906,NaN,NaN,2.5657,NaN,NaN,NaN,NaN,12.568,2.4778,3.7036,NaN,NaN,NaN,12.423,NaN,9.3841,4.1176,46.3,14.451,3.5952,16.097,NaN,NaN
NaN,5.0729,4.3774,3.5605,5.9883,9.7743,11.795,12.801,14.157,9.0817,4.2399,NaN,8.6759,6.2859,13.623,3.3055,17.112,NaN,11.442,9.9738,5.4285,7.7793,2.9358,5.812,9.0623,NaN,8.6058,7.7543,5.0466,21.369,NaN,12.169,3.7015,14.843,11.542,10.94,NaN,14.319,7.1802,10.237,3.9512,8.2905,9.8844,4.2026,8.9257,17.486,8.0645,9.2833,NaN,NaN,NaN,NaN,NaN,12.638,NaN,8.6057,NaN,NaN,NaN,5.412,3.2242,10.806,1.5312,7.0237,NaN,5.3088,NaN,NaN,NaN,NaN,NaN,NaN,NaN,NaN,NaN,NaN,15.94,NaN,NaN,16.84,NaN,NaN,NaN,NaN,6.1151,4.0619,4.65,NaN,NaN,NaN,13.358,NaN,3.4061,16.685,9.5034,6.6341,44.248,6.4901,NaN,NaN
NaN,2.6688,2.9414,2.866,3.1552,2.9445,1.7579,1.871,1.8842,2.5357,3.9867,NaN,2.5269,1.7434,1.8564,4.642,1.0288,NaN,6.4846,1.609,0.75033,6.8266,1.8113,1.6292,5.6504,NaN,6.2313,3.196,2.483,2.8927,NaN,2.5676,3.9347,6.1535,1.0209,2.8215,NaN,3.9757,9.184,5.7187,3.2004,6.2357,4.3692,4.5472,13.408,3.6621,2.8487,9.5936,NaN,NaN,NaN,NaN,NaN,4.1528,NaN,3.2504,NaN,NaN,NaN,5.4149,0.7636,2.7541,6.8425,4.5108,NaN,5.9806,NaN,NaN,NaN,NaN,NaN,NaN,NaN,NaN,NaN,NaN,8.99,NaN,NaN,13.138,NaN,NaN,NaN,NaN,7.1194,3.1109,10.594,NaN,NaN,NaN,6.4465,NaN,6.3092,8.5029,12.022,6.6318,15.378,3.3097,NaN,NaN
NaN,6.179,4.9022,2.7036,3.6931,1.1904,7.3315,2.967,1.379,6.1605,5.5825,NaN,3.8326,6.4507,4.8453,2.5994,2.5676,NaN,8.3097,1.4794,6.622,10.749,4.8867,3.9922,4.3417,NaN,4.4629,6.0055,2.4522,5.7093,NaN,1.2061,3.7629,3.624,7.0042,3.8464,NaN,5.6422,4.9211,4.4246,6.8958,10.817,5.0814,6.415,3.8635,8.0644,7.1497,3.7347,NaN,NaN,NaN,NaN,NaN,9.8123,NaN,8.2929,NaN,NaN,NaN,2.2642,3.8734,4.6256,10.863,7.7142,NaN,1.5333,NaN,NaN,NaN,NaN,NaN,NaN,NaN,NaN,NaN,NaN,15.456,NaN,NaN,22.449,NaN,NaN,NaN,NaN,2.4549,7.1727,5.9308,NaN,NaN,NaN,8.9959,NaN,4.1901,12.503,11.608,15.21,14.286,3.4858,NaN,NaN
NaN,1.7253,6.6832,5.0026,14.187,13.634,3.0261,10.427,8.6906,4.2295,10.323,NaN,1.6854,12.899,9.2823,13.528,8.9287,NaN,19.592,14.872,17.481,22.58,32.866,3.7404,9.7639,NaN,12.977,18.975,10.121,9.461,NaN,23.397,18.969,7.7252,9.2109,8.1775,NaN,26.86,10.803,9.92,10.879,10.28,10.299,12.114,36.779,2.7026,19.151,10.585,NaN,NaN,NaN,NaN,NaN,36.019,NaN,9.0391,NaN,NaN,NaN,37.757,7.8865,11.512,22.14,32.643,NaN,13.837,NaN,NaN,NaN,NaN,NaN,NaN,NaN,NaN,NaN,NaN,15.898,NaN,NaN,25.546,NaN,NaN,NaN,NaN,6.9961,18.089,4.0317,NaN,NaN,NaN,15.515,NaN,6.8173,14.854,23.632,14.268,11.198,26.76,NaN,NaN
NaN,15.652,5.589,9.0168,15.751,6.3827,4.2959,3.1522,7.5035,7.1856,6.4134,NaN,11.222,21.208,5.6213,9.171,13.807,NaN,14.227,20.194,12.55,7.635,9.8408,10.189,13.52,NaN,1.4085,9.3681,5.3506,9.328,NaN,5.2253,15.334,8.2328,6.2709,5.0172,NaN,12.798,10.619,19.56,8.1489,9.9466,9.7958,5.5734,11.84,7.9282,8.3299,3.7815,NaN,NaN,NaN,NaN,NaN,22.417,NaN,18,NaN,NaN,NaN,26.4,14.972,8.8393,19.713,8.1414,NaN,31.134,NaN,NaN,NaN,NaN,NaN,NaN,NaN,NaN,NaN,NaN,11.635,NaN,NaN,23.771,NaN,NaN,NaN,NaN,22.611,16.869,12.336,NaN,NaN,NaN,13.732,NaN,6.3353,32.543,16.452,25.783,15.538,22.758,NaN,NaN
NaN,20.372,24.804,12.208,30.431,36.846,28.152,15.752,7.9431,11.282,2.6913,NaN,22.463,34.041,8.607,27.995,27.528,NaN,55.418,40.215,40.614,15.025,62.412,13.36,20.987,NaN,20.559,30.481,18.43,20.489,NaN,27.497,23.831,3.1925,20.946,2.6712,NaN,48.947,17.301,27.212,26.386,21.366,5.8367,17.137,37.668,16.174,19.182,6.8372,NaN,NaN,NaN,NaN,NaN,40.304,NaN,18.203,NaN,NaN,NaN,15.874,30.85,13.55,15.612,60.526,NaN,13.551,NaN,NaN,NaN,NaN,NaN,NaN,NaN,NaN,NaN,NaN,7.8677,NaN,NaN,22.013,NaN,NaN,NaN,NaN,19.138,13.026,14.616,NaN,NaN,NaN,27.612,NaN,6.2084,15.423,34.474,28.253,15.505,23.371,NaN,NaN
NaN,4.6476,1.2967,5.2911,5.3612,5.5478,2.3113,8.2275,6.7798,6.3993,2.1716,NaN,2.6769,6.3335,6.304,1.7017,8.0692,NaN,7.1055,7.785,4.2155,7.4371,2.0127,6.1851,4.1862,NaN,8.3903,2.9041,1.4785,12.472,NaN,5.3293,2.7515,11.222,5.8251,11.084,NaN,7.0645,7.3795,6.2383,8.0803,6.6895,7.2535,3.7638,12.031,10.072,3.1469,6.2978,NaN,NaN,NaN,NaN,NaN,14.762,NaN,3.7466,NaN,NaN,NaN,3.8447,6.4792,6.7604,7.7364,5.8483,NaN,4.6478,NaN,NaN,NaN,NaN,NaN,NaN,NaN,NaN,NaN,NaN,8.8355,NaN,NaN,15.545,NaN,NaN,NaN,NaN,7.3667,4.3509,3.4548,NaN,NaN,NaN,11.358,NaN,3.4761,5.2749,9.5574,10.995,10.655,7.4741,NaN,NaN
NaN,5.9863,6.9531,3.5989,3.0588,1.1871,3.9644,7.3985,2.9435,3.2781,6.4371,NaN,1.1671,2.4398,1.7543,5.3284,3.6491,NaN,12.014,4.3462,3.3307,6.2531,6.0146,3.332,11.79,NaN,15.538,2.8689,6.4485,2.0372,NaN,0.84542,3.7343,6.2572,2.2687,3.5023,NaN,2.0556,11.721,1.6444,6.8211,5.1462,9.4498,1.7932,5.1882,5.4385,3.5531,3.8006,NaN,NaN,NaN,NaN,NaN,7.0191,NaN,4.5621,NaN,NaN,NaN,7.6533,4.8217,6.2073,1.2153,1.1851,NaN,12.256,NaN,NaN,NaN,NaN,NaN,NaN,NaN,NaN,NaN,NaN,3.8168,NaN,NaN,4.0289,NaN,NaN,NaN,NaN,6.1195,2.9495,5.3842,NaN,NaN,NaN,6.1106,NaN,7.5135,20.798,11.623,11.085,24.68,8.741,NaN,NaN
NaN,2.8991,8.7682,5.7404,3.2994,8.8881,14.842,7.0812,0.24701,8.6765,1.2336,NaN,9.859,1.8164,3.9973,7.9015,5.6152,NaN,4.4756,3.5574,16.806,8.9472,15.164,2.5515,16.37,NaN,5.7253,7.674,12.864,7.0422,NaN,8.1615,8.4245,1.5272,4.814,11.41,NaN,14.986,3.324,8.2848,8.6347,18.678,14.51,13.261,14.551,14.712,18.054,13.291,NaN,NaN,NaN,NaN,NaN,26.106,NaN,19.058,NaN,NaN,NaN,36.321,11.558,4.7702,15.264,25.632,NaN,29.953,NaN,NaN,NaN,NaN,NaN,NaN,NaN,NaN,NaN,NaN,0.65437,NaN,NaN,20.135,NaN,NaN,NaN,NaN,11.051,17.789,10.527,NaN,NaN,NaN,14.124,NaN,15.599,19.908,17.477,9.4189,29.877,11.137,NaN,NaN
NaN,1.9586,8.6272,2.3946,7.9629,6.4234,8.9133,5.2786,5.2935,7.268,5.1583,NaN,5.2537,10.802,6.9404,3.4354,1.1272,NaN,7.3405,11.397,14.575,4.8002,6.6532,5.9523,12.82,NaN,10.75,9.5403,8.0436,3.3992,NaN,6.726,12.607,8.3717,5.9067,9.7539,NaN,13.113,6.3028,14.753,7.5684,23.189,5.2403,17.498,14.966,12.983,8.2073,5.6455,NaN,NaN,NaN,NaN,NaN,11.537,NaN,12.907,NaN,NaN,NaN,13.98,14.133,2.6913,22.797,23.696,NaN,21.442,NaN,NaN,NaN,NaN,NaN,NaN,NaN,NaN,NaN,NaN,17.929,NaN,NaN,22.825,NaN,NaN,NaN,NaN,6.6995,20.094,11.4,NaN,NaN,NaN,8.0853,NaN,14.564,13.324,9.3769,10.573,14.409,7.2451,NaN,NaN
NaN,25.155,23.039,14.404,23.723,34.66,27.515,23.631,13.187,10.492,3.5024,NaN,24.186,28.333,13.065,22.721,21.791,NaN,49.878,33.502,47.443,27.2,66.105,5.3411,29.524,NaN,22.064,40.81,20.225,27.582,NaN,41.505,30.388,7.1518,30.273,5.4178,NaN,51.659,15.034,30.442,24.761,10.103,5.0748,12.042,62.941,12.941,43.88,4.8134,NaN,NaN,NaN,NaN,NaN,71.062,NaN,16.254,NaN,NaN,NaN,57.188,26.318,5.1871,60.61,69.79,NaN,14.69,NaN,NaN,NaN,NaN,NaN,NaN,NaN,NaN,NaN,NaN,15.919,NaN,NaN,23.612,NaN,NaN,NaN,NaN,17.216,33.231,10.123,NaN,NaN,NaN,8.7157,NaN,10.238,33.401,10.118,15.941,13.261,23.854,NaN,NaN
NaN,7.0904,3.6815,4.6436,6.2799,1.2407,6.6151,14.376,5.2102,8.1326,6.1525,NaN,4.5585,10.258,2.9791,1.6164,6.1497,NaN,5.8761,5.2836,9.1499,29.31,13.204,8.9428,10.053,NaN,6.9938,6.3027,4.8517,8.6603,NaN,2.6414,6.6302,5.722,1.0403,3.8128,NaN,7.1545,3.0818,11.713,16.902,15.017,2.3858,5.7358,10.769,17.396,7.179,5.5387,NaN,NaN,NaN,NaN,NaN,19.453,NaN,8.5847,NaN,NaN,NaN,4.0349,6.9998,7.6252,9.7466,4.1923,NaN,17.459,NaN,NaN,NaN,NaN,NaN,NaN,NaN,NaN,NaN,NaN,3.3124,NaN,NaN,38.803,NaN,NaN,NaN,NaN,1.7006,14.208,11.259,NaN,NaN,NaN,5.8916,NaN,3.033,20.047,18.091,5.6263,47.351,18.355,NaN,NaN
NaN,2.5902,2.2637,3.8217,0.86658,1.4148,0.062819,7.5259,3.7488,4.2216,3.3895,NaN,1.7632,8.1643,5.3559,2.1791,4.1643,NaN,9.1789,2.4533,2.1162,6.2114,3.3636,6.4908,7.1533,NaN,4.8627,5.7542,1.3365,4.1037,NaN,4.1114,2.6084,2.7031,2.4531,1.6929,NaN,6.0073,2.8719,1.1701,3.7278,14.489,2.0425,4.1438,13.246,5.6536,9.4576,3.832,NaN,NaN,NaN,NaN,NaN,3.7987,NaN,7.0954,NaN,NaN,NaN,8.1386,7.0657,2.9933,11.136,4.9918,NaN,1.8048,NaN,NaN,NaN,NaN,NaN,NaN,NaN,NaN,NaN,NaN,1.0595,NaN,NaN,2.3842,NaN,NaN,NaN,NaN,9.1928,7.4731,7.6384,NaN,NaN,NaN,11.372,NaN,8.4056,11.737,8.1607,4.2211,6.4039,8.3127,NaN,NaN
NaN,3.014,4.7636,7.2801,4.4519,3.8632,5.9881,2.6589,6.0609,2.0415,1.1071,NaN,6.7123,6.2689,4.8262,1.8094,4.6363,NaN,8.9862,4.6174,10.995,8.0573,4.915,2.238,13.357,NaN,4.0796,12.983,3.5938,3.7537,NaN,7.6355,5.7673,5.8832,2.9795,1.2568,NaN,15.532,2.9589,1.335,9.9251,10.68,3.2286,5.3823,19.46,5.033,16.305,12.108,NaN,NaN,NaN,NaN,NaN,25.54,NaN,14.335,NaN,NaN,NaN,21.059,5.7552,9.5912,16.21,18.926,NaN,12.585,NaN,NaN,NaN,NaN,NaN,NaN,NaN,NaN,NaN,NaN,3.6098,NaN,NaN,21.714,NaN,NaN,NaN,NaN,4.027,12.612,11.474,NaN,NaN,NaN,20.64,NaN,10.477,14.324,8.9818,12.536,10.982,5.3487,NaN,NaN
NaN,22.927,20.108,16.456,13.157,23.788,24.933,25.432,17.51,19.171,14.108,NaN,21.523,6.8068,7.6003,7.8829,6.7958,NaN,22.811,10.938,43.49,35.455,36.033,13.758,28.037,NaN,30.477,42.746,20.461,25.681,NaN,47.763,29.017,20.946,9.4696,17.14,NaN,47,12.393,9.1148,7.7663,23.043,32.983,8.4911,67.267,11.906,67.949,1.761,NaN,NaN,NaN,NaN,NaN,104.14,NaN,65.381,NaN,NaN,NaN,146.43,35.357,37.436,88.457,63.442,NaN,53.673,NaN,NaN,NaN,NaN,NaN,NaN,NaN,NaN,NaN,NaN,30.884,NaN,NaN,19.375,NaN,NaN,NaN,NaN,15.716,59.943,16.458,NaN,NaN,NaN,57.448,NaN,10.41,78.217,31.788,55.84,59.499,96.385,NaN,NaN
NaN,6.1749,12.861,22.824,4.7703,17.426,12.219,15.48,12.063,4.025,2.3747,NaN,11.602,11.068,5.3487,13.405,17.13,NaN,28.005,13.773,15.134,10.702,29.974,5.2639,11.839,NaN,19.304,9.7934,10.723,8.6462,NaN,13.159,5.8302,10.11,8.9886,4.4638,NaN,26.904,9.1943,8.6656,18.29,14.957,4.9257,5.4589,16.844,16.491,10.268,8.3417,NaN,NaN,NaN,NaN,NaN,24.24,NaN,4.1974,NaN,NaN,NaN,15.895,19.653,6.8087,11.401,32.67,NaN,15.746,NaN,NaN,NaN,NaN,NaN,NaN,NaN,NaN,NaN,NaN,3.8272,NaN,NaN,14.845,NaN,NaN,NaN,NaN,7.8499,4.1784,4.1886,NaN,NaN,NaN,13.795,NaN,8.1598,60.435,10.012,24.428,3.0721,1.3162,NaN,NaN
NaN,4.8772,14.566,11.825,16.589,1.2807,3.7798,2.7727,6.4925,6.1657,6.5891,NaN,6.7371,10.719,4.7804,6.5385,16.619,NaN,13.352,11.741,15.733,9.4858,9.7939,8.6903,8.1166,NaN,14.315,7.8373,4.2875,0.27154,NaN,10.128,9.4809,12.011,3.1484,8.4285,NaN,3.0522,10.545,15.42,0.87512,14.93,0.098892,11.083,12.462,4.4036,7.3104,1.9279,NaN,NaN,NaN,NaN,NaN,23.869,NaN,11.241,NaN,NaN,NaN,33.55,3.265,15.605,22.68,11.369,NaN,6.9524,NaN,NaN,NaN,NaN,NaN,NaN,NaN,NaN,NaN,NaN,8.8259,NaN,NaN,13.355,NaN,NaN,NaN,NaN,2.2384,11.38,6.2504,NaN,NaN,NaN,15.558,NaN,9.0823,35.889,8.6966,27.173,29.494,22.772,NaN,NaN
NaN,7.1778,5.2695,6.2042,10.641,6.8389,4.6934,4.2665,2.5724,6.7703,2.0665,NaN,4.3459,7.7794,3.0425,4.6757,10.542,NaN,7.3032,5.8157,7.2549,8.7196,12.422,2.7437,7.3224,NaN,3.1396,10.398,4.2415,2.843,NaN,6.5211,9.0898,6.1963,13.323,7.5712,NaN,4.3041,12.435,8.4404,6.7123,7.477,3.5748,8.8425,1.5733,10.602,6.4564,0.83194,NaN,NaN,NaN,NaN,NaN,13.39,NaN,1.4331,NaN,NaN,NaN,12.059,10.085,12.985,3.2088,8.8717,NaN,5.7174,NaN,NaN,NaN,NaN,NaN,NaN,NaN,NaN,NaN,NaN,9.7264,NaN,NaN,13.693,NaN,NaN,NaN,NaN,7.2149,7.9553,5.6108,NaN,NaN,NaN,17.427,NaN,1.3534,14.198,13.742,9.6948,21.955,9.694,NaN,NaN
NaN,6.9662,7.6112,13.052,2.527,6.3309,4.846,8.0616,10.755,11.412,5.3489,NaN,9.7555,6.0468,7.0099,4.578,8.2251,NaN,12.473,8.8231,4.2936,11.692,12.745,5.0914,8.864,NaN,13.326,7.0381,12.147,8.4463,NaN,9.4827,6.7203,8.9097,7.6564,1.8746,NaN,17.844,8.3047,5.6884,18.15,3.6533,5.5302,3.8705,9.5878,6.5903,3.0228,9.8673,NaN,NaN,NaN,NaN,NaN,9.4192,NaN,13.814,NaN,NaN,NaN,9.5408,9.6139,13.087,10.431,6.7125,NaN,22.3,NaN,NaN,NaN,NaN,NaN,NaN,NaN,NaN,NaN,NaN,3.0867,NaN,NaN,10.19,NaN,NaN,NaN,NaN,15.217,9.4623,4.6264,NaN,NaN,NaN,17.081,NaN,21.607,33.375,23.1,7.9513,4.409,10.456,NaN,NaN
NaN,10.708,2.835,2.716,6.5698,5.8469,2.1696,11.342,5.8154,5.7611,8.2523,NaN,3.8841,7.2649,4.0224,3.6513,9.7795,NaN,4.1614,7.556,7.5936,16.901,16.984,4.3588,5.4647,NaN,10.634,15.482,4.6135,12.98,NaN,2.1354,3.6127,5.5529,4.9552,2.8273,NaN,2.9089,3.9821,3.1266,7.204,7.8878,4.0778,5.0793,9.6701,10.035,3.2218,6.1054,NaN,NaN,NaN,NaN,NaN,11.55,NaN,3.9263,NaN,NaN,NaN,4.3713,8.4078,9.8549,14.09,6.4954,NaN,8.1665,NaN,NaN,NaN,NaN,NaN,NaN,NaN,NaN,NaN,NaN,5.8611,NaN,NaN,9.4698,NaN,NaN,NaN,NaN,7.727,10.636,9.1892,NaN,NaN,NaN,7.8937,NaN,3.6768,16.684,14.279,7.0134,23.599,22.506,NaN,NaN
NaN,6.1006,5.7924,11.89,8.4278,3.0925,13.355,10.658,9.7093,19.502,4.7461,NaN,8.6985,4.3219,12.396,7.9207,4.305,NaN,0.94726,9.0678,19.938,9.4303,4.9518,6.1403,5.1503,NaN,3.0627,18.576,14.771,5.9253,NaN,5.5683,5.8369,6.7985,7.6504,9.4038,NaN,17.181,5.7944,11.558,2.1847,23.384,9.5806,9.7701,11.077,23.471,11.049,17.178,NaN,NaN,NaN,NaN,NaN,10.502,NaN,10.78,NaN,NaN,NaN,5.137,3.4928,2.3215,5.6046,15.164,NaN,48.248,NaN,NaN,NaN,NaN,NaN,NaN,NaN,NaN,NaN,NaN,18.711,NaN,NaN,24.538,NaN,NaN,NaN,NaN,8.7383,31.287,24.517,NaN,NaN,NaN,7.8047,NaN,29.852,31.654,14.809,29.908,42.465,41.807,NaN,NaN
NaN,24.065,11.911,17.76,18.766,7.7519,12.57,12.02,22.922,23.81,17.558,NaN,23.45,14.68,22.04,26.903,27.48,NaN,22.444,47.888,17.66,24.128,39.307,30.028,13.711,NaN,31.307,20.671,8.7915,12.372,NaN,7.4091,16.682,14.428,56.164,21.904,NaN,43.608,16.22,40.31,8.8383,22.857,15.867,15.477,5.9496,8.6989,35.959,6.7754,NaN,NaN,NaN,NaN,NaN,44.603,NaN,40.181,NaN,NaN,NaN,76.57,19.068,34.437,45.651,16.047,NaN,40.842,NaN,NaN,NaN,NaN,NaN,NaN,NaN,NaN,NaN,NaN,3.2443,NaN,NaN,23.2,NaN,NaN,NaN,NaN,5.141,24.276,15.619,NaN,NaN,NaN,41.789,NaN,8.0654,70.171,8.4717,23.645,34.182,59.336,NaN,NaN
NaN,9.4929,21.848,8.8443,20.795,11.171,8.9591,7.7426,9.0659,2.3599,5.3198,NaN,11.52,16.328,1.6164,6.1898,14.684,NaN,19.254,0.81633,26.762,14.002,16.065,8.7438,15.552,NaN,11.066,14.743,8.0985,8.7951,NaN,21.375,14.695,14.44,6.2662,5.7706,NaN,16.118,15.824,10.254,6.1109,13.152,5.9198,14.716,26.956,3.1471,18.88,3.616,NaN,NaN,NaN,NaN,NaN,42.493,NaN,11.245,NaN,NaN,NaN,53.16,17.317,12.351,29.402,31.393,NaN,6.9383,NaN,NaN,NaN,NaN,NaN,NaN,NaN,NaN,NaN,NaN,9.0286,NaN,NaN,14.89,NaN,NaN,NaN,NaN,3.614,20.042,6.6565,NaN,NaN,NaN,19.318,NaN,12.037,24.877,8.6921,23.542,25.975,18.447,NaN,NaN
NaN,12.444,7.7603,11.633,7.7782,12.885,7.2018,7.453,7.9942,5.3723,2.7688,NaN,6.5328,6.8318,1.4743,4.7534,20.717,NaN,12.397,14.639,2.7013,3.6881,17.793,3.0706,2.7862,NaN,5.4657,6.7591,4.7891,12.859,NaN,5.5959,8.7312,11.027,8.1189,7.7798,NaN,28.279,9.884,22.336,15.734,10.579,2.1578,6.3533,18.855,16.194,18.028,13.819,NaN,NaN,NaN,NaN,NaN,15.59,NaN,10.267,NaN,NaN,NaN,28.228,24.327,23.841,10.21,8.5459,NaN,20.378,NaN,NaN,NaN,NaN,NaN,NaN,NaN,NaN,NaN,NaN,15.625,NaN,NaN,5.21,NaN,NaN,NaN,NaN,3.6216,9.3479,8.4224,NaN,NaN,NaN,17.905,NaN,23.569,42.793,26.574,13.88,19,23.473,NaN,NaN
NaN,9.5763,11.325,10.781,15.226,6.4456,8.5629,13.654,3.4191,3.8104,0.72721,NaN,4.453,13.55,8.9052,5.7309,19.037,NaN,17.862,16.298,15.253,16.33,14.402,7.3311,5.6729,NaN,6.5955,6.9501,2.3689,7.0968,NaN,5.7647,14.446,8.9051,5.3486,9.7836,NaN,12.022,17.364,17.726,9.7147,21.026,4.9746,9.0905,10.504,4.9283,18.445,15.024,NaN,NaN,NaN,NaN,NaN,7.6411,NaN,8.7041,NaN,NaN,NaN,15.748,10.489,5.7614,2.486,21.425,NaN,22.898,NaN,NaN,NaN,NaN,NaN,NaN,NaN,NaN,NaN,NaN,6.9853,NaN,NaN,5.5559,NaN,NaN,NaN,NaN,16.355,7.8572,15.642,NaN,NaN,NaN,2.58,NaN,24.348,22.18,21.16,4.2476,11.486,15.391,NaN,NaN
NaN,12.21,1.6609,7.2097,3.1636,15.081,11.691,9.1045,8.9128,5.4404,10.281,NaN,12.473,13.752,1.4464,6.3275,16.155,NaN,3.4805,13.321,7.465,16.914,9.0724,2.6817,8.9918,NaN,18.777,17.791,7.4105,23.99,NaN,13.754,3.4303,6.6493,11.034,10.31,NaN,15.348,13.28,11.518,4.3869,11.603,14.419,9.8235,6.5657,6.1816,5.9589,8.86,NaN,NaN,NaN,NaN,NaN,18.744,NaN,1.7698,NaN,NaN,NaN,5.7686,16.588,17.591,12.992,13.076,NaN,12.749,NaN,NaN,NaN,NaN,NaN,NaN,NaN,NaN,NaN,NaN,4.6299,NaN,NaN,25.759,NaN,NaN,NaN,NaN,18.09,6.969,2.0113,NaN,NaN,NaN,16.718,NaN,9.0004,18.944,18.071,33.201,15.146,32.2,NaN,NaN
NaN,7.8677,4.1971,23.394,14.677,10.385,27.327,24.594,5.1611,16.495,18.959,NaN,23.273,32.186,4.7776,20.673,14.69,NaN,10.365,6.6912,22.912,6.6966,4.9895,12.025,15.118,NaN,11.016,15.594,12.556,6.3467,NaN,4.6111,14.057,27.937,15.899,2.8278,NaN,5.9442,8.3332,17.729,12.76,15.992,18.453,20.515,17.596,19.038,14.711,2.4916,NaN,NaN,NaN,NaN,NaN,20.439,NaN,11.854,NaN,NaN,NaN,26.646,9.3835,31.682,26.675,19.321,NaN,38.731,NaN,NaN,NaN,NaN,NaN,NaN,NaN,NaN,NaN,NaN,30.832,NaN,NaN,9.4746,NaN,NaN,NaN,NaN,11.495,32.67,5.2563,NaN,NaN,NaN,10.367,NaN,11.558,32.118,7.9132,23.408,23.519,3.8355,NaN,NaN
NaN,0.97082,4.6521,3.5809,5.4862,8.9263,8.8544,5.9857,2.9042,5.6858,10.934,NaN,5.0824,2.5086,5.9523,4.9395,1.044,NaN,4.9655,1.626,10.171,2.3763,3.4722,3.5101,5.4429,NaN,9.9309,8.0587,9.0754,2.9671,NaN,9.5581,5.976,8.388,7.0851,6.7692,NaN,3.4118,5.296,11.33,8.7957,6.4191,5.9404,5.8896,6.241,2.5496,11.688,2.8944,NaN,NaN,NaN,NaN,NaN,14.727,NaN,10.797,NaN,NaN,NaN,31.706,9.8566,11.322,8.6632,9.5368,NaN,17.058,NaN,NaN,NaN,NaN,NaN,NaN,NaN,NaN,NaN,NaN,6.3162,NaN,NaN,18.732,NaN,NaN,NaN,NaN,24.062,10.402,5.0366,NaN,NaN,NaN,22.227,NaN,29.662,24.733,10.593,17.646,35.029,31.692,NaN,NaN
NaN,10.491,11.226,13.238,7.7002,8.436,5.1413,10.181,8.0181,8.6805,9.9181,NaN,1.0068,9.5991,7.4088,12.138,2.5626,NaN,8.8829,9.8099,2.9841,13.597,14.602,4.932,20.205,NaN,9.1042,14.441,11.041,13.864,NaN,4.8656,12.81,6.098,6.2848,3.6908,NaN,25.245,6.6081,21.877,12.13,5.5093,11.724,4.9943,18.962,11.24,26.436,7.9708,NaN,NaN,NaN,NaN,NaN,27.225,NaN,7.8297,NaN,NaN,NaN,16.5,9.2451,20.337,17.242,3.8849,NaN,8.2614,NaN,NaN,NaN,NaN,NaN,NaN,NaN,NaN,NaN,NaN,5.7242,NaN,NaN,11.571,NaN,NaN,NaN,NaN,13.727,9.7926,9.7087,NaN,NaN,NaN,14.638,NaN,9.0923,16.31,35.499,41.58,31.757,37.352,NaN,NaN
NaN,13.935,2.4265,5.8788,5.2127,5.4868,4.2015,5.4695,6.1731,12.191,2.7939,NaN,6.1258,4.969,10.152,1.3342,6.5219,NaN,12.92,9.9915,13.644,6.459,3.368,11.233,0.53625,NaN,9.4495,3.5193,7.7383,9.5607,NaN,6.02,11.108,3.7217,11.783,7.9893,NaN,16.126,1.7163,7.8683,11.056,9.2001,15.981,4.4607,4.6597,12.64,14.804,7.5122,NaN,NaN,NaN,NaN,NaN,7.6066,NaN,14.516,NaN,NaN,NaN,7.6788,7.9006,3.4109,4.1665,1.5396,NaN,13.528,NaN,NaN,NaN,NaN,NaN,NaN,NaN,NaN,NaN,NaN,11.828,NaN,NaN,11.859,NaN,NaN,NaN,NaN,12.105,8.223,5.0973,NaN,NaN,NaN,25.19,NaN,6.3377,25.848,5.2897,3.3711,17.66,7.1311,NaN,NaN
NaN,6.679,11.78,17.094,4.064,4.4213,4.1399,6.9971,7.1173,10.627,7.5652,NaN,5.9331,6.9475,6.8908,4.6163,17.267,NaN,14.578,3.4479,20.47,10.986,14.141,4.5162,18.9,NaN,6.9333,6.3634,5.383,0.53824,NaN,5.3262,10.18,8.2207,16.43,4.8093,NaN,16.791,12.367,16.71,11.46,10.484,10.599,3.2728,10.656,11.113,7.4434,10.249,NaN,NaN,NaN,NaN,NaN,23.88,NaN,4.7803,NaN,NaN,NaN,18.653,10.773,12.478,13.209,7.4901,NaN,12.408,NaN,NaN,NaN,NaN,NaN,NaN,NaN,NaN,NaN,NaN,11.881,NaN,NaN,18.999,NaN,NaN,NaN,NaN,11.762,13.674,9.5427,NaN,NaN,NaN,25.788,NaN,8.5898,13.319,31.499,27.032,46.573,21.942,NaN,NaN
NaN,6.2967,0.92312,9.7014,7.983,11.226,11.926,14.683,1.1382,2.8197,12.197,NaN,2.6383,8.4188,5.1128,4.6876,18.708,NaN,10.906,7.8884,7.7186,14.293,3.9007,3.0473,1.048,NaN,15.336,12.243,9.0526,18.828,NaN,11.99,10.213,10.352,11.383,8.3958,NaN,14.548,13.612,9.3373,1.3187,10.633,8.1001,6.1836,8.5084,2.9239,6.2376,11.674,NaN,NaN,NaN,NaN,NaN,20.283,NaN,6.8442,NaN,NaN,NaN,6.5469,12.184,25.992,13.326,3.874,NaN,7.6531,NaN,NaN,NaN,NaN,NaN,NaN,NaN,NaN,NaN,NaN,4.5755,NaN,NaN,10.576,NaN,NaN,NaN,NaN,16.307,7.0408,10.439,NaN,NaN,NaN,20.243,NaN,4.6148,12.948,4.015,29.307,22.071,14.904,NaN,NaN
NaN,6.4082,3.0619,6.3776,1.3287,4.1754,15.473,3.7073,2.219,11.122,4.5191,NaN,2.5572,9.3378,3.76,1.6833,11.441,NaN,3.5884,12.094,22.537,8.2214,6.695,7.568,4.9657,NaN,20.627,7.4943,12.676,3.0363,NaN,7.5487,7.2581,21.372,7.4961,3.382,NaN,5.5351,13.33,1.9802,9.1059,5.7145,12.825,6.3156,17.232,10.204,17.598,10.769,NaN,NaN,NaN,NaN,NaN,6.8199,NaN,6.7615,NaN,NaN,NaN,6.527,3.4749,6.3022,9.1739,11.071,NaN,10.877,NaN,NaN,NaN,NaN,NaN,NaN,NaN,NaN,NaN,NaN,21.225,NaN,NaN,9.1976,NaN,NaN,NaN,NaN,13.186,8.9397,8.1169,NaN,NaN,NaN,15.696,NaN,6.4648,15.055,14.407,17.438,18.658,5.7271,NaN,NaN
NaN,10.715,7.4137,22.553,4.276,8.8735,33.176,4.3664,10.131,21.545,26.817,NaN,24.296,5.8741,7.0691,7.9307,6.1608,NaN,22.335,43.343,20.411,21.324,23.648,15.204,17.481,NaN,17.206,25.477,24.456,29.26,NaN,11.334,28.195,6.0179,13.959,17.001,NaN,45.328,18.208,18.414,20.307,51.931,11.586,22.048,22.881,8.1818,29.476,19.947,NaN,NaN,NaN,NaN,NaN,39.475,NaN,3.2205,NaN,NaN,NaN,7.7778,26.971,37.494,24.767,8.6221,NaN,20.266,NaN,NaN,NaN,NaN,NaN,NaN,NaN,NaN,NaN,NaN,48.927,NaN,NaN,33.586,NaN,NaN,NaN,NaN,53.969,25.012,15.083,NaN,NaN,NaN,11.303,NaN,20.133,38.558,33.41,108.24,38.105,72.442,NaN,NaN
NaN,7.9635,2.1532,4.9576,5.6864,1.9297,6.9522,7.5022,6.1649,7.3708,2.3576,NaN,1.6003,12.274,6.4671,5.5941,0.80401,NaN,6.0395,12.364,2.1665,0.38026,8.9726,2.1436,8.4038,NaN,4.0038,8.4024,2.8085,10.029,NaN,7.7388,1.5781,8.6218,8.9442,8.0969,NaN,8.6588,5.656,4.2557,8.2423,4.3922,6.1231,4.3304,4.4412,7.3455,0.52609,9.2797,NaN,NaN,NaN,NaN,NaN,9.1836,NaN,8.9004,NaN,NaN,NaN,4.661,8.4498,3.4873,2.8563,11.641,NaN,6.6509,NaN,NaN,NaN,NaN,NaN,NaN,NaN,NaN,NaN,NaN,13.255,NaN,NaN,7.7145,NaN,NaN,NaN,NaN,1.7531,1.2544,9.6504,NaN,NaN,NaN,15.424,NaN,26.001,9.539,2.6205,15.374,6.1759,25.435,NaN,NaN
NaN,15.207,6.4159,2.5784,5.0211,6.756,3.6474,0.99021,4.14,11.548,1.3565,NaN,6.612,8.5153,6.0524,3.8091,10.401,NaN,12.277,8.5653,10.874,4.8235,9.642,3.7173,1.7912,NaN,10.769,2.4582,4.8498,8.4004,NaN,2.5973,12.172,7.9246,19.056,2.3747,NaN,14.116,7.403,7.0449,7.6931,7.2326,7.6414,2.3683,11.591,7.1298,11.385,6.2918,NaN,NaN,NaN,NaN,NaN,10.659,NaN,12.99,NaN,NaN,NaN,9.4847,3.7669,18.819,11.67,13.116,NaN,4.5831,NaN,NaN,NaN,NaN,NaN,NaN,NaN,NaN,NaN,NaN,19.577,NaN,NaN,5.9383,NaN,NaN,NaN,NaN,1.2658,5.6775,6.659,NaN,NaN,NaN,13.897,NaN,25.558,22.401,23.037,11.712,5.9405,16.346,NaN,NaN
NaN,4.6609,10.104,13.172,6.1584,6.8689,5.5671,7.3104,8.1826,12.309,7.6145,NaN,1.8524,4.5843,10.934,5.6498,12.872,NaN,12.84,4.9366,13.961,14.33,7.5295,5.9996,18.747,NaN,5.2283,4.2138,5.7863,3.8399,NaN,4.5867,12.175,12.668,14.199,4.3831,NaN,10.85,7.8472,10.504,10.38,11.211,7.6516,2.9547,4.7805,11.633,10.223,12.243,NaN,NaN,NaN,NaN,NaN,16.48,NaN,6.1557,NaN,NaN,NaN,9.4695,15.603,12.596,10.827,15.314,NaN,23.049,NaN,NaN,NaN,NaN,NaN,NaN,NaN,NaN,NaN,NaN,15.641,NaN,NaN,9.9267,NaN,NaN,NaN,NaN,12.236,13.556,12.396,NaN,NaN,NaN,15.868,NaN,28.339,15.799,29.139,18.693,42.858,12.609,NaN,NaN
NaN,7.1067,8.5972,21.666,4.8918,7.9843,14.331,14.229,6.0384,15.94,14.85,NaN,14.954,12.056,6.4002,7.9502,11.102,NaN,19.172,24.727,4.2005,15.037,28.282,8.006,13.781,NaN,21.341,17.186,27.944,24.338,NaN,9.9506,10.009,5.4362,20.507,19.508,NaN,30.169,11.961,13.639,20.063,45.188,13.317,29.155,6.1459,7.1798,7.2243,13.736,NaN,NaN,NaN,NaN,NaN,27.795,NaN,24.647,NaN,NaN,NaN,13.05,24.08,30.739,8.6757,8.2305,NaN,32.728,NaN,NaN,NaN,NaN,NaN,NaN,NaN,NaN,NaN,NaN,14.87,NaN,NaN,22.236,NaN,NaN,NaN,NaN,29.437,44.112,18.045,NaN,NaN,NaN,19.112,NaN,14.264,52.221,39.558,48.509,56.361,62.941,NaN,NaN
NaN,13.81,5.7693,2.773,3.1286,5.0946,2.8017,4.0197,4.7818,9.0181,2.8029,NaN,7.8616,6.6691,4.6696,8.3008,4.4745,NaN,17.913,5.3401,8.6828,4.0809,11.462,4.1479,11.06,NaN,17.091,0.80278,12.107,5.8135,NaN,10.758,6.6375,5.0439,1.2223,4.1673,NaN,5.9923,11.327,3.0219,10.191,10.602,4.0108,9.6183,12.65,4.2423,5.503,10.182,NaN,NaN,NaN,NaN,NaN,15.987,NaN,2.288,NaN,NaN,NaN,8.9096,2.0501,6.585,8.2991,2.2816,NaN,2.559,NaN,NaN,NaN,NaN,NaN,NaN,NaN,NaN,NaN,NaN,3.9755,NaN,NaN,9.3594,NaN,NaN,NaN,NaN,17.425,5.3678,5.5813,NaN,NaN,NaN,15.563,NaN,27.146,18.903,14.176,20.176,17.29,24.117,NaN,NaN
NaN,4.5566,4.731,5.0619,16.713,7.886,13.783,23.336,7.5927,3.6859,5.8879,NaN,3.7783,12.722,3.3672,5.5711,47.534,NaN,27.953,11.574,20.498,23.701,11.667,11.35,23.907,NaN,19.667,20.843,14.929,4.244,NaN,13.758,12.952,22.344,24.617,12.005,NaN,22.183,6.2829,10.088,13.263,7.3635,11.943,10.852,4.7833,29.516,14.605,16.407,NaN,NaN,NaN,NaN,NaN,19.03,NaN,2.1042,NaN,NaN,NaN,7.4223,14.791,21.26,9.4161,5.3292,NaN,15.178,NaN,NaN,NaN,NaN,NaN,NaN,NaN,NaN,NaN,NaN,8.0534,NaN,NaN,1.6502,NaN,NaN,NaN,NaN,26.426,19.144,4.8831,NaN,NaN,NaN,3.4996,NaN,37.314,14.337,8.789,6.3544,12.338,3.1697,NaN,NaN
NaN,4.5469,7.3407,1.4086,5.7091,13.284,7.3583,10.937,4.8536,11.182,9.6404,NaN,7.5073,2.9142,7.0111,10.618,10.087,NaN,6.1953,3.7683,10.27,7.466,1.911,10.838,8.6166,NaN,13.964,6.5234,23.247,9.2672,NaN,9.1903,3.5972,24.146,7.7299,7.3194,NaN,15.888,12.306,10.914,27.147,12.175,24.293,17.606,17.938,19.291,26.585,3.811,NaN,NaN,NaN,NaN,NaN,15.271,NaN,3.587,NaN,NaN,NaN,7.6115,10.357,25.703,9.631,10.404,NaN,13.983,NaN,NaN,NaN,NaN,NaN,NaN,NaN,NaN,NaN,NaN,18.574,NaN,NaN,6.3757,NaN,NaN,NaN,NaN,18.947,6.2956,5.0977,NaN,NaN,NaN,10.349,NaN,5.611,9.7531,23.896,8.7688,9.7162,17.633,NaN,NaN
NaN,7.1386,12.947,17.687,10.38,7.9852,9.0722,2.8429,9.1618,5.6898,5.5307,NaN,6.7606,1.3673,4.1533,3.2716,13.642,NaN,18.836,13.703,10.531,13.441,16.298,6.8748,9.3956,NaN,12.377,4.1887,10.206,0.54169,NaN,5.0309,13.684,10.449,7.0927,3.4152,NaN,14.814,12.877,11.652,2.2138,14.803,2.7954,4.425,5.3757,5.3873,16.79,8.5265,NaN,NaN,NaN,NaN,NaN,16.213,NaN,6.0289,NaN,NaN,NaN,7.3493,13.077,18.747,18.57,5.0579,NaN,12.656,NaN,NaN,NaN,NaN,NaN,NaN,NaN,NaN,NaN,NaN,10.216,NaN,NaN,15.838,NaN,NaN,NaN,NaN,17.22,8.3715,13.841,NaN,NaN,NaN,3.6524,NaN,8.6359,40.865,16.568,4.2997,7.3644,4.2301,NaN,NaN
