3.2089,6.2076,NaN,11.403,8.8599,10.106,2.3904,3.4981,2.7747,0.92684,6.7907,1.8101,1.0322,2.3729,NaN,4.9647,11.917,7.2446,12.943,29.875,22.007,4.3423,3.3667,23.431,3.84,NaN,8.6138,20.905,18.537,6.8795,5.5861,8.0801,0.90486,10.957,14.499,11.973,18.277,5.2461,5.7302,6.3066,3.0567,9.2443,NaN,NaN,NaN,NaN,NaN,NaN,NaN,NaN,NaN,NaN,NaN,3.4359,NaN,NaN,NaN,16.893,5.0372,NaN,NaN,NaN,NaN,NaN,NaN,NaN,NaN,NaN,1.5338,NaN,NaN,NaN,3.3969,NaN,5.6968,NaN,NaN,NaN,15.208,NaN,4.8989,3.6129,2.4609,5.8127,24.821,3.5504,10.131,4.7841,10.224,4.2338,NaN,NaN,NaN,NaN,NaN,13.577,NaN,NaN,6.9981,NaN
5.3459,4.8547,NaN,2.1171,8.4668,6.4729,1.8296,1.4304,8.095,3.7741,12.957,19.748,3.7846,17.849,NaN,10.034,10.901,9.4711,8.7912,8.3015,15.597,3.3522,3.0572,7.143,8.5684,NaN,9.0718,9.2819,19.724,9.7961,13.518,25.169,7.9939,6.4871,5.6272,6.7972,13.295,11.227,2.8046,5.0611,6.1444,1.9956,NaN,NaN,NaN,NaN,NaN,NaN,NaN,NaN,NaN,NaN,NaN,2.339,NaN,NaN,NaN,6.9263,4.6808,NaN,NaN,NaN,NaN,NaN,NaN,NaN,NaN,NaN,12.949,NaN,NaN,NaN,11.852,NaN,5.9903,NaN,NaN,NaN,14.547,NaN,6.8301,2.4472,1.9922,4.8682,11.56,13.637,15.493,1.8615,3.063,4.3557,NaN,NaN,NaN,NaN,NaN,5.5138,NaN,NaN,6.218,NaN
5.7506,2.5669,NaN,13.237,7.5965,5.7201,4.9892,6.6568,7.888,2.0415,6.0239,1.6553,14.895,5.5501,NaN,6.3432,9.6731,8.3472,7.5723,11.204,8.4195,9.4532,12.693,58.538,5.8055,NaN,2.1294,3.4265,7.9859,13.153,14.272,29.193,1.4112,6.7579,7.2245,7.138,5.7559,17.401,9.2031,11.337,2.7433,10.398,NaN,NaN,NaN,NaN,NaN,NaN,NaN,NaN,NaN,NaN,NaN,5.6036,NaN,NaN,NaN,16.458,4.3247,NaN,NaN,NaN,NaN,NaN,NaN,NaN,NaN,NaN,4.4822,NaN,NaN,NaN,1.9842,NaN,0.33053,NaN,NaN,NaN,9.5011,NaN,9.249,7.6991,9.5984,12.014,6.9062,10.374,10.387,4.8426,4.0896,2.6134,NaN,NaN,NaN,NaN,NaN,6.2308,NaN,NaN,3.7289,NaN
1.9165,2.8157,NaN,10.605,6.703,3.0546,1.0832,5.2242,14.502,2.9477,4.8621,10.654,9.389,2.2224,NaN,3.977,1.2578,9.4389,1.5672,14.447,16.559,4.0937,19.318,15.729,7.026,NaN,6.6413,5.0842,7.9798,3.2816,15.226,59.257,5.424,17.014,6.6491,5.0002,7.2054,5.5499,10.58,9.3341,6.8948,4.8007,NaN,NaN,NaN,NaN,NaN,NaN,NaN,NaN,NaN,NaN,NaN,3.4677,NaN,NaN,NaN,2.0021,4.8306,NaN,NaN,NaN,NaN,NaN,NaN,NaN,NaN,NaN,8.237,NaN,NaN,NaN,2.0252,NaN,6.1087,NaN,NaN,NaN,10.279,NaN,5.6815,6.6027,5.674,5.279,13.148,3.3171,7.1661,5.7452,7.2198,4.7836,NaN,NaN,NaN,NaN,NaN,9.7158,NaN,NaN,3.5985,NaN
1.6615,0.77514,NaN,4.1809,6.0665,7.9747,1.0055,15.479,14.981,4.0388,1.476,2.2342,6.6038,5.7939,NaN,15.218,9.9061,17.094,1.5796,16.789,2.8399,5.0884,11.902,8.9681,4.1458,NaN,9.307,8.103,3.3754,14.176,11.654,16.868,8.7872,5.7127,5.3434,4.392,5.0825,6.44,12.91,8.4086,11.986,4.8034,NaN,NaN,NaN,NaN,NaN,NaN,NaN,NaN,NaN,NaN,NaN,3.3717,NaN,NaN,NaN,5.1224,17.715,NaN,NaN,NaN,NaN,NaN,NaN,NaN,NaN,NaN,7.731,NaN,NaN,NaN,4.5855,NaN,5.5942,NaN,NaN,NaN,3.8201,NaN,6.8729,12.604,21.044,2.6411,6.2579,2.6433,4.7555,5.004,4.2311,3.8803,NaN,NaN,NaN,NaN,NaN,7.5457,NaN,NaN,16.967,NaN
4.083,7.9849,NaN,12.39,10.553,5.1843,9.4397,9.6716,2.6948,6.1832,15.182,2.5906,7.2895,7.2548,NaN,10.153,17.772,17.413,3.5188,4.7003,10.548,11.372,22.077,3.534,7.5069,NaN,6.4566,7.0765,1.1924,5.3174,0.86669,10.873,3.9034,41.996,4.1053,6.6174,14.352,2.2206,9.7098,7.4499,2.8295,3.2707,NaN,NaN,NaN,NaN,NaN,NaN,NaN,NaN,NaN,NaN,NaN,6.3665,NaN,NaN,NaN,14.494,2.5394,NaN,NaN,NaN,NaN,NaN,NaN,NaN,NaN,NaN,26.158,NaN,NaN,NaN,7.7343,NaN,25.633,NaN,NaN,NaN,10.804,NaN,14.833,7.3902,7.5211,13.801,3.1725,5.1645,13.074,13.385,2.4982,4.4383,NaN,NaN,NaN,NaN,NaN,8.0044,NaN,NaN,6.2702,NaN
7.2378,2.3726,NaN,5.085,9.4754,5.3683,8.1927,7.6642,1.5391,11.695,5.2777,3.8592,3.6254,4.493,NaN,40.15,1.5089,17.858,4.2803,5.9768,2.0327,9.8456,8.4688,10.832,6.4223,NaN,8.7467,11.265,3.5818,3.5544,16.577,4.8378,7.2763,8.4462,6.8891,3.0497,2.6592,11.046,20.206,4.7052,1.8287,1.8374,NaN,NaN,NaN,NaN,NaN,NaN,NaN,NaN,NaN,NaN,NaN,12.703,NaN,NaN,NaN,7.8899,1.2328,NaN,NaN,NaN,NaN,NaN,NaN,NaN,NaN,NaN,7.2582,NaN,NaN,NaN,7.9434,NaN,4.1444,NaN,NaN,NaN,4.1354,NaN,6.6708,3.9012,9.4778,5.3713,5.9889,9.5245,6.7133,16.137,3.7188,12.252,NaN,NaN,NaN,NaN,NaN,3.4752,NaN,NaN,12.413,NaN
5.5651,6.2498,NaN,11.84,3.687,15.661,13.791,8.4593,3.8352,2.3188,3.4638,2.9541,3.2221,3.2636,NaN,8.2914,11.189,3.5803,17.262,5.8957,5.5447,8.0651,10.95,4.9886,4.3483,NaN,12.518,5.1462,6.1778,25.033,6.0262,20.236,12.065,11.712,3.818,7.2284,14.244,5.8468,4.3625,8.4898,3.1091,7.6618,NaN,NaN,NaN,NaN,NaN,NaN,NaN,NaN,NaN,NaN,NaN,13.055,NaN,NaN,NaN,4.2355,5.6762,NaN,NaN,NaN,NaN,NaN,NaN,NaN,NaN,NaN,9.9324,NaN,NaN,NaN,6.0762,NaN,4.0095,NaN,NaN,NaN,8.557,NaN,9.6846,1.9903,0.32605,6.4495,8.27,4.287,30.384,8.0741,9.391,1.0494,NaN,NaN,NaN,NaN,NaN,11.636,NaN,NaN,7.2028,NaN
5.4176,15.141,NaN,2.5604,3.9532,9.067,9.4697,10.494,12.642,11.104,4.2016,10.477,8.48,13.892,NaN,6.7794,4.9933,5.8349,5.827,12.072,3.0555,8.9968,14.151,4.4437,2.7783,NaN,4.4478,9.7717,21.607,25.9,6.5,7.2663,7.9031,15.574,2.8771,1.9924,2.8313,4.7177,3.5915,6.1559,8.6911,14.742,NaN,NaN,NaN,NaN,NaN,NaN,NaN,NaN,NaN,NaN,NaN,8.3721,NaN,NaN,NaN,6.9948,10.152,NaN,NaN,NaN,NaN,NaN,NaN,NaN,NaN,NaN,5.478,NaN,NaN,NaN,2.4102,NaN,7.9042,NaN,NaN,NaN,6.4632,NaN,9.1945,2.8219,2.8709,6.356,18.859,8.6499,6.364,5.9131,9.8503,14.192,NaN,NaN,NaN,NaN,NaN,14.085,NaN,NaN,3.3673,NaN
8.3798,9.7465,NaN,9.4768,5.1865,6.102,6.3609,10.079,13.956,9.9578,7.5453,8.3195,9.9087,6.8299,NaN,10.636,9.1085,5.2936,5.611,28.116,5.16,15.545,5.4946,19.169,5.9742,NaN,9.9522,7.4568,4.6128,10.382,2.9269,5.2297,13.914,5.3872,4.7831,12.386,5.4823,17.646,2.3414,6.2159,0.76205,6.0898,NaN,NaN,NaN,NaN,NaN,NaN,NaN,NaN,NaN,NaN,NaN,1.2405,NaN,NaN,NaN,5.3909,7.9765,NaN,NaN,NaN,NaN,NaN,NaN,NaN,NaN,NaN,4.2168,NaN,NaN,NaN,5.4986,NaN,5.4086,NaN,NaN,NaN,13.789,NaN,16.538,25.863,7.9886,7.4336,9.6313,2.9896,5.7624,2.8878,6.9054,8.4006,NaN,NaN,NaN,NaN,NaN,8.0262,NaN,NaN,0.89464,NaN
2.3544,4.6193,NaN,7.7157,2.3566,3.9915,6.732,9.661,3.9451,5.47,15.8,7.5754,2.6981,25.656,NaN,6.0426,5.1205,13.192,6.6289,2.8985,3.4544,7.465,12.69,8.0057,1.3019,NaN,4.3405,8.3114,8.1169,12.09,7.5326,24.324,10.208,2.6828,9.9205,8.8107,6.9602,18.1,6.6834,2.1289,1.0735,4.1217,NaN,NaN,NaN,NaN,NaN,NaN,NaN,NaN,NaN,NaN,NaN,4.81,NaN,NaN,NaN,2.1756,3.5013,NaN,NaN,NaN,NaN,NaN,NaN,NaN,NaN,NaN,5.7581,NaN,NaN,NaN,3.6879,NaN,2.1039,NaN,NaN,NaN,4.1157,NaN,8.0065,6.5523,9.221,2.7202,7.999,3.1804,9.9709,6.2655,3.468,1.6633,NaN,NaN,NaN,NaN,NaN,2.4477,NaN,NaN,4.4239,NaN
8.9646,11.357,NaN,4.9888,8.7557,7.5818,28.355,6.9081,7.5737,5.9295,20.778,15.851,3.086,6.4289,NaN,4.4006,10.154,18.248,3.497,16.971,19.968,7.6814,19.224,7.5996,14.29,NaN,8.724,7.3535,5.4193,15.774,8.5521,0.22503,7.1735,10.495,5.4263,4.2588,3.5462,11.34,8.6447,2.9839,10.562,5.4804,NaN,NaN,NaN,NaN,NaN,NaN,NaN,NaN,NaN,NaN,NaN,8.6718,NaN,NaN,NaN,15.939,6.5622,NaN,NaN,NaN,NaN,NaN,NaN,NaN,NaN,NaN,2.717,NaN,NaN,NaN,4.59,NaN,4.388,NaN,NaN,NaN,28.53,NaN,6.3573,3.6939,6.6084,6.3459,2.7972,1.558,2.7233,15.026,3.0983,4.0867,NaN,NaN,NaN,NaN,NaN,3.4311,NaN,NaN,4.7104,NaN
11.204,4.8454,NaN,0.9668,2.8544,8.271,6.6692,8.9808,2.344,9.6163,11.77,4.1351,5.0743,2.6069,NaN,10.41,8.2429,20.97,2.1329,2.3948,3.3865,5.6113,16.134,8.768,7.6456,NaN,8.7347,9.7921,5.5111,6.7627,15.296,0.95595,4.1837,9.135,3.2945,3.7921,4.7425,12.538,6.6173,5.8081,3.1177,4.0142,NaN,NaN,NaN,NaN,NaN,NaN,NaN,NaN,NaN,NaN,NaN,5.0617,NaN,NaN,NaN,17.93,4.8458,NaN,NaN,NaN,NaN,NaN,NaN,NaN,NaN,NaN,4.0482,NaN,NaN,NaN,21.278,NaN,1.1134,NaN,NaN,NaN,4.6168,NaN,5.0029,4.5643,14.501,8.0059,1.6381,4.0448,25.349,12.876,7.6325,4.8888,NaN,NaN,NaN,NaN,NaN,4.5417,NaN,NaN,4.3658,NaN
3.0536,13.841,NaN,2.0771,6.2181,15.489,1.6619,8.1669,6.0268,8.858,7.8478,6.8428,6.7083,31.008,NaN,9.4599,1.0504,7.2995,8.8419,9.7895,8.3132,8.5922,15.867,6.6377,0.13026,NaN,12.594,6.0601,9.9855,11.235,7.8443,16.343,5.1606,9.8484,4.6081,8.8146,6.0372,2.6499,1.9007,11.88,0.073954,25.206,NaN,NaN,NaN,NaN,NaN,NaN,NaN,NaN,NaN,NaN,NaN,11.891,NaN,NaN,NaN,5.1783,14.773,NaN,NaN,NaN,NaN,NaN,NaN,NaN,NaN,NaN,4.7057,NaN,NaN,NaN,8.0219,NaN,3.128,NaN,NaN,NaN,12.032,NaN,17.283,3.559,4.4201,5.2884,7.7339,2.9066,5.5015,12.225,1.4992,5.9098,NaN,NaN,NaN,NaN,NaN,9.5651,NaN,NaN,4.6786,NaN
10.803,3.8651,NaN,5.6662,3.3629,8.2851,9.5946,12.508,9.6725,14.046,7.1937,3.4895,4.7805,19.915,NaN,9.5798,4.4978,2.4524,3.1846,17.708,5.0095,9.453,13.774,14.866,7.8395,NaN,9.4171,5.4849,5.0604,3.5175,19.114,22.457,3.5249,4.3225,9.0965,2.5994,2.0504,3.148,23.871,1.9387,6.5297,7.3129,NaN,NaN,NaN,NaN,NaN,NaN,NaN,NaN,NaN,NaN,NaN,14.341,NaN,NaN,NaN,8.9173,5.5522,NaN,NaN,NaN,NaN,NaN,NaN,NaN,NaN,NaN,3.4635,NaN,NaN,NaN,5.997,NaN,12.838,NaN,NaN,NaN,19.878,NaN,6.1475,5.4724,8.6221,9.2674,3.9509,8.3686,4.7786,2.3253,11.888,5.7622,NaN,NaN,NaN,NaN,NaN,2.4868,NaN,NaN,3.8869,NaN
12.355,2.9515,NaN,8.8361,9.9957,9.6707,6.156,12.121,16.664,10.916,16.312,9.0352,7.5141,12.083,NaN,17.022,7.3712,6.4234,2.4326,25.476,7.328,15.836,7.1446,9.6227,15.814,NaN,9.4855,18.213,2.9134,7.9609,9.3112,2.3584,5.6474,5.0119,10.68,9.8799,2.8625,10.682,10.379,4.9057,7.5653,2.9759,NaN,NaN,NaN,NaN,NaN,NaN,NaN,NaN,NaN,NaN,NaN,8.5412,NaN,NaN,NaN,23.956,12.577,NaN,NaN,NaN,NaN,NaN,NaN,NaN,NaN,NaN,3.2365,NaN,NaN,NaN,3.6113,NaN,8.83,NaN,NaN,NaN,18.783,NaN,18.691,13.335,11.309,5.7888,6.2911,6.0153,8.0209,2.8688,8.4751,8.0521,NaN,NaN,NaN,NaN,NaN,3.165,NaN,NaN,4.1051,NaN
15.867,1.4348,NaN,5.0784,12.308,15.616,3.7675,13.009,78.249,6.317,5.3567,12.498,8.3847,7.1566,NaN,33.311,28.295,4.8897,4.3806,2.4233,7.743,7.7206,8.6802,22.266,4.145,NaN,28.325,9.2413,4.625,16.284,12.108,6.1454,5.5242,5.2203,11.107,17.652,6.7007,18.956,14.594,21.751,6.2865,8.5644,NaN,NaN,NaN,NaN,NaN,NaN,NaN,NaN,NaN,NaN,NaN,0.38439,NaN,NaN,NaN,9.9748,14.119,NaN,NaN,NaN,NaN,NaN,NaN,NaN,NaN,NaN,0.42541,NaN,NaN,NaN,12.87,NaN,6.2433,NaN,NaN,NaN,24.48,NaN,8.4393,6.7895,4.2862,11.001,6.0606,3.8215,2.4802,2.3295,6.0619,2.2184,NaN,NaN,NaN,NaN,NaN,2.6798,NaN,NaN,5.8413,NaN
5.2599,3.6468,NaN,8.9304,7.7384,13.667,25.99,11.208,8.0313,5.2362,19.503,7.407,14.785,13.121,NaN,15.373,4.5548,8.648,2.8817,8.0086,3.1362,27.415,10.879,2.8147,16.761,NaN,8.3556,12.129,4.7344,5.678,2.9801,7.706,2.374,2.0989,3.9645,12.075,5.5135,2.1267,5.6408,1.3574,7.483,0.93537,NaN,NaN,NaN,NaN,NaN,NaN,NaN,NaN,NaN,NaN,NaN,2.545,NaN,NaN,NaN,4.8698,7.6287,NaN,NaN,NaN,NaN,NaN,NaN,NaN,NaN,NaN,3.7057,NaN,NaN,NaN,1.9814,NaN,1.4435,NaN,NaN,NaN,14.04,NaN,15.308,2.3769,16.24,10.66,2.4268,9.8902,15.275,10.356,14.29,3.8433,NaN,NaN,NaN,NaN,NaN,1.7613,NaN,NaN,2.259,NaN
3.5279,5.9322,NaN,3.4591,3.8193,2.8894,6.585,25.785,6.0484,15.023,16.257,2.2759,2.2337,16.943,NaN,3.5949,2.6998,11.836,6.3712,6.7771,2.2444,2.194,5.8784,1.7616,6.0913,NaN,8.9007,6.0841,9.3635,3.8242,12.312,8.0507,3.3375,5.3659,7.3133,5.6322,1.4411,1.2261,3.9607,6.9,6.4964,5.3368,NaN,NaN,NaN,NaN,NaN,NaN,NaN,NaN,NaN,NaN,NaN,4.6447,NaN,NaN,NaN,4.3916,14.527,NaN,NaN,NaN,NaN,NaN,NaN,NaN,NaN,NaN,9.2643,NaN,NaN,NaN,3.7736,NaN,6.1651,NaN,NaN,NaN,14.176,NaN,2.3021,12,9.773,5.8907,5.1591,7.731,11.143,12.048,14.657,10.899,NaN,NaN,NaN,NaN,NaN,11.056,NaN,NaN,7.3906,NaN
6.0699,2.6229,NaN,9.539,5.4339,10.53,11.7,5.6609,13.008,6.3066,5.6753,3.6674,11.336,8.6851,NaN,7.3288,18.486,11.085,1.4179,10.061,2.6955,13.174,1.9825,8.0142,4.7409,NaN,10.821,12.876,12.705,5.8616,8.0276,7.2434,9.7484,1.0077,1.9445,4.3216,14.969,10.088,4.2581,4.1668,1.9091,5.0382,NaN,NaN,NaN,NaN,NaN,NaN,NaN,NaN,NaN,NaN,NaN,5.7306,NaN,NaN,NaN,2.6874,12.303,NaN,NaN,NaN,NaN,NaN,NaN,NaN,NaN,NaN,3.5454,NaN,NaN,NaN,7.4356,NaN,9.5882,NaN,NaN,NaN,6.5975,NaN,7.398,5.2205,6.0092,3.432,3.3937,4.8429,1.1516,8.7491,17.35,12.351,NaN,NaN,NaN,NaN,NaN,6.2948,NaN,NaN,3.1668,NaN
1.8268,2.1643,NaN,9.667,8.972,21.678,9.436,7.9018,7.8192,10.46,6.1299,3.8932,1.9656,5.3047,NaN,7.3032,3.552,5.7978,9.0573,12.537,3.9145,0.43771,7.1028,23.337,3.7392,NaN,2.2713,22.477,12.388,13.285,9.8422,17.758,3.6386,1.5807,14.443,7.0433,3.368,4.943,21.927,10.332,7.1111,11.344,NaN,NaN,NaN,NaN,NaN,NaN,NaN,NaN,NaN,NaN,NaN,5.9245,NaN,NaN,NaN,5.0203,16.58,NaN,NaN,NaN,NaN,NaN,NaN,NaN,NaN,NaN,5,NaN,NaN,NaN,12.582,NaN,4.1882,NaN,NaN,NaN,16.363,NaN,11.838,9.8973,10.416,13.298,2.1284,4.0841,2.5891,15.692,6.4646,3.7359,NaN,NaN,NaN,NaN,NaN,2.9186,NaN,NaN,2.7094,NaN
16.106,3.4274,NaN,8.2909,1.2871,3.0133,7.6387,6.9529,11.063,6.0515,11.971,4.4852,23.872,2.3774,NaN,1.4991,5.9716,4.0139,4.0107,10.592,4.1192,10.537,13.925,11.981,9.268,NaN,3.4211,13.815,7.0236,3.9709,5.3624,11.239,2.8614,11.466,19.617,11.125,7.2734,2.1065,5.0864,14.02,4.9203,8.7127,NaN,NaN,NaN,NaN,NaN,NaN,NaN,NaN,NaN,NaN,NaN,18.849,NaN,NaN,NaN,1.6566,6.5954,NaN,NaN,NaN,NaN,NaN,NaN,NaN,NaN,NaN,6.6096,NaN,NaN,NaN,6.9274,NaN,3.4663,NaN,NaN,NaN,8.3699,NaN,11.038,6.4222,14.597,6.088,7.0722,7.3773,4.4895,11.438,20.871,4.765,NaN,NaN,NaN,NaN,NaN,8.3457,NaN,NaN,5.3884,NaN
4.4348,2.8168,NaN,4.2027,9.9061,3.1822,13.548,4.7504,0.61543,6.888,24.501,5.5551,31.283,13.551,NaN,7.9061,3.4307,1.8106,2.9512,6.4564,7.777,18.609,6.3169,4.2842,11.457,NaN,7.5446,11.387,8.3924,3.512,10.818,11.264,5.8789,4.9159,1.0236,2.2881,2.1981,7.7971,3.9725,1.3363,6.9863,3.8728,NaN,NaN,NaN,NaN,NaN,NaN,NaN,NaN,NaN,NaN,NaN,15.045,NaN,NaN,NaN,1.3193,8.8337,NaN,NaN,NaN,NaN,NaN,NaN,NaN,NaN,NaN,1.9637,NaN,NaN,NaN,5.6527,NaN,8.2239,NaN,NaN,NaN,6.0589,NaN,12.263,3.2735,10.111,3.1994,17.36,2.1509,3.3563,4.9091,7.8188,7.9763,NaN,NaN,NaN,NaN,NaN,5.319,NaN,NaN,2.9612,NaN
8.839,6.6483,NaN,5.0064,4.1699,5.1768,0.86346,13.239,2.6963,11.644,16.634,2.2686,15.784,2.3817,NaN,10.991,2.2234,7.9016,2.9056,1.5932,3.4432,4.6356,2.439,2.1651,12.548,NaN,5.7677,2.8223,7.0793,4.278,12.348,1.6361,8.2971,9.2121,3.0476,5.7544,8.7735,6.2938,4.5129,3.0922,3.6958,7.2181,NaN,NaN,NaN,NaN,NaN,NaN,NaN,NaN,NaN,NaN,NaN,10.174,NaN,NaN,NaN,9.1274,6.2476,NaN,NaN,NaN,NaN,NaN,NaN,NaN,NaN,NaN,3.8275,NaN,NaN,NaN,6.3931,NaN,6.1555,NaN,NaN,NaN,3.48,NaN,6.0612,3.2116,6.8425,1.2604,5.8529,5.1856,8.5866,8.3325,10.113,9.4613,NaN,NaN,NaN,NaN,NaN,4.4578,NaN,NaN,5.1498,NaN
4.9792,4.3759,NaN,5.5419,3.6353,34.744,4.8337,15.245,8.9456,9.3645,6.0205,16.444,23.061,5.0728,NaN,8.7503,5.2048,26.282,24.885,1.966,22.663,6.0534,22.732,10.086,6.1942,NaN,10.408,6.2794,6.6943,11.836,26.636,10.027,24.553,8.5757,5.1856,7.8108,3.1806,10.016,5.1579,12.937,3.1659,4.5431,NaN,NaN,NaN,NaN,NaN,NaN,NaN,NaN,NaN,NaN,NaN,4.6229,NaN,NaN,NaN,11.189,8.5786,NaN,NaN,NaN,NaN,NaN,NaN,NaN,NaN,NaN,4.2017,NaN,NaN,NaN,8.845,NaN,14.807,NaN,NaN,NaN,3.5237,NaN,8.0239,4.6485,12.714,5.0852,0.25308,11.173,10.632,12.205,3.0197,4.4948,NaN,NaN,NaN,NaN,NaN,9.2869,NaN,NaN,10.633,NaN
9.1332,15.551,NaN,7.5165,6.4568,4.2417,8.6859,5.8247,6.2713,33.796,9.3148,12.326,20.746,3.895,NaN,20.707,17.002,4.6613,10.549,13.601,23.396,9.1204,18.136,15.368,12.366,NaN,10.841,8.6479,8.5688,9.787,8.6929,15.755,37.79,6.4838,2.6801,2.2202,5.0017,13.001,14.271,15.557,2.8959,10.466,NaN,NaN,NaN,NaN,NaN,NaN,NaN,NaN,NaN,NaN,NaN,5.3292,NaN,NaN,NaN,14.654,14.326,NaN,NaN,NaN,NaN,NaN,NaN,NaN,NaN,NaN,4.0073,NaN,NaN,NaN,12.852,NaN,11.065,NaN,NaN,NaN,2.8412,NaN,11.901,7.1779,6.1668,3.91,8.3879,11.972,6.4279,7.7308,3.1594,8.9765,NaN,NaN,NaN,NaN,NaN,6.4525,NaN,NaN,5.0631,NaN
11.774,3.162,NaN,7.4516,7.8356,10.576,5.1366,8.2786,0.44373,0.91091,14.34,11.474,6.5951,3.6444,NaN,15.259,8.5341,14.782,3.6527,5.7364,11.418,5.7579,7.4783,5.4035,17.774,NaN,10.269,2.1984,4.4465,11.084,12.017,5.152,10.861,6.2503,7.456,2.1269,6.8286,10.415,5.2018,3.814,11.197,8.8797,NaN,NaN,NaN,NaN,NaN,NaN,NaN,NaN,NaN,NaN,NaN,3.5922,NaN,NaN,NaN,11.656,4.4618,NaN,NaN,NaN,NaN,NaN,NaN,NaN,NaN,NaN,1.3011,NaN,NaN,NaN,9.2624,NaN,3.5614,NaN,NaN,NaN,0.77823,NaN,12.926,3.749,2.7573,1.9562,6.7526,1.9311,5.6155,2.917,16.599,5.4345,NaN,NaN,NaN,NaN,NaN,7.742,NaN,NaN,15.324,NaN
10.873,7.8498,NaN,12.003,2.5803,9.0118,4.608,9.5331,9.7548,2.4124,6.6158,2.042,1.4618,0.68975,NaN,7.1391,2.0221,16.028,5.0599,6.7369,2.4362,7.231,4.8584,2.8523,6.3482,NaN,3.9236,14.826,9.2073,2.6185,2.2947,10.365,3.4809,6.0247,4.6658,1.6507,14.392,1.9383,7.1322,3.9878,8.0966,13.697,NaN,NaN,NaN,NaN,NaN,NaN,NaN,NaN,NaN,NaN,NaN,3.1083,NaN,NaN,NaN,10.001,5.7423,NaN,NaN,NaN,NaN,NaN,NaN,NaN,NaN,NaN,0.5642,NaN,NaN,NaN,6.358,NaN,23.462,NaN,NaN,NaN,36.904,NaN,1.0896,3.5264,8.8463,3.9817,5.6072,3.1621,14.261,0.28244,6.9223,10.905,NaN,NaN,NaN,NaN,NaN,4.5148,NaN,NaN,9.3226,NaN
10.767,13.343,NaN,6.3072,6.3761,1.9087,12.758,2.3223,0.77669,7.7256,2.3272,9.1783,11.79,5.7305,NaN,8.7845,11.48,15.659,4.1719,6.4599,3.4715,9.3731,1.8431,6.1824,6.6485,NaN,12.52,2.437,7.3255,1.5697,29.309,9.7687,5.357,9.3641,8.0757,2.2918,5.3268,8.3093,14.459,4.4115,1.9375,4.3107,NaN,NaN,NaN,NaN,NaN,NaN,NaN,NaN,NaN,NaN,NaN,37.307,NaN,NaN,NaN,9.6808,10.866,NaN,NaN,NaN,NaN,NaN,NaN,NaN,NaN,NaN,22.444,NaN,NaN,NaN,7.1555,NaN,8.0292,NaN,NaN,NaN,5.7441,NaN,0.69824,4.884,1.0749,4.6947,7.7056,3.3206,2.0704,1.6861,3.5642,7.0391,NaN,NaN,NaN,NaN,NaN,17.343,NaN,NaN,1.5245,NaN
8.506,24.588,NaN,15.448,8.64,16.507,2.115,7.4211,3.5161,2.5776,5.7617,45.609,6.0514,7.2613,NaN,7.7584,10.244,16.546,3.6261,20.546,10.044,8.0029,6.681,25.366,13.337,NaN,1.8204,21.806,1.7241,3.0156,22.368,14.893,1.7471,5.3439,6.4291,5.8715,13.452,3.628,2.2361,4.2277,3.8596,12.906,NaN,NaN,NaN,NaN,NaN,NaN,NaN,NaN,NaN,NaN,NaN,20.725,NaN,NaN,NaN,20.932,8.8318,NaN,NaN,NaN,NaN,NaN,NaN,NaN,NaN,NaN,33.103,NaN,NaN,NaN,12.322,NaN,5.0879,NaN,NaN,NaN,5.7549,NaN,10.834,11.224,8.6153,10.299,6.6758,16.497,12.272,10.907,10.58,10.331,NaN,NaN,NaN,NaN,NaN,10.589,NaN,NaN,7.5434,NaN
2.9285,14.802,NaN,5.0929,5.9891,14.91,4.3851,4.527,3.3743,3.7382,5.7489,5.4543,5.3146,13.625,NaN,7.301,10.197,10.608,1.8458,26.742,8.6345,7.7564,12.655,12.288,9.7924,NaN,0.22304,11.313,4.3431,2.6782,16.351,7.0877,1.3201,6.6295,7.4906,7.5828,6.8929,8.4559,3.5581,4.8492,1.7275,9.5493,NaN,NaN,NaN,NaN,NaN,NaN,NaN,NaN,NaN,NaN,NaN,4.7833,NaN,NaN,NaN,2.627,12.724,NaN,NaN,NaN,NaN,NaN,NaN,NaN,NaN,NaN,13.653,NaN,NaN,NaN,3.6672,NaN,3.3478,NaN,NaN,NaN,4.0637,NaN,3.1852,9.3589,19.014,11.409,9.2716,7.6971,2.0407,5.9705,4.0572,11.302,NaN,NaN,NaN,NaN,NaN,6.1976,NaN,NaN,4.1248,NaN
10.702,5.2238,NaN,9.8292,3.6229,4.7941,5.6985,13.202,2.1238,7.3126,1.626,4.2535,9.8127,4.6093,NaN,7.3582,6.2041,9.165,4.4957,9.9838,17.307,7.1175,22.046,2.8775,20.88,NaN,5.0912,5.1781,5.051,4.9163,6.933,13.832,13.627,8.2403,8.0049,20.545,1.0148,9.7649,1.3217,9.11,5.7316,7.2785,NaN,NaN,NaN,NaN,NaN,NaN,NaN,NaN,NaN,NaN,NaN,5.8391,NaN,NaN,NaN,12.601,12.218,NaN,NaN,NaN,NaN,NaN,NaN,NaN,NaN,NaN,7.7836,NaN,NaN,NaN,8.3714,NaN,10.123,NaN,NaN,NaN,6.7742,NaN,4.3687,6.7508,7.9411,10.866,2.132,5.3819,4.6795,1.4849,6.7029,3.6705,NaN,NaN,NaN,NaN,NaN,2.9204,NaN,NaN,49.133,NaN
15.671,5.5027,NaN,5.0008,4.947,17.117,7.8931,35.675,5.7428,10.925,5.4659,4.3846,5.2599,11.952,NaN,9.4438,2.9754,10.664,5.3936,1.0389,28.814,9.5455,8.1361,4.5965,22.383,NaN,7.683,3.5547,2.5703,6.0417,9.5003,4.4392,4.6685,11.538,6.2365,12.72,9.9069,2.1575,5.7474,4.1219,19.622,5.7733,NaN,NaN,NaN,NaN,NaN,NaN,NaN,NaN,NaN,NaN,NaN,0.53142,NaN,NaN,NaN,12.949,2.8274,NaN,NaN,NaN,NaN,NaN,NaN,NaN,NaN,NaN,3.5008,NaN,NaN,NaN,10.337,NaN,9.0296,NaN,NaN,NaN,2.9043,NaN,5.982,2.6822,4.2033,0.29992,2.1582,1.2512,3.371,5.2586,9.5819,11.049,NaN,NaN,NaN,NaN,NaN,7.3209,NaN,NaN,10.701,NaN
11.855,13.178,NaN,6.2982,10.378,1.9361,3.7723,9.0634,8.745,6.7255,31.023,25.84,7.4541,11.683,NaN,7.7057,10.23,6.1132,7.4974,60.361,14.548,4.4443,6.5137,10.554,11.904,NaN,4.5668,3.8671,7.7288,9.8334,17.886,12.138,11.082,4.2685,10.276,6.5754,7.274,8.6738,3.1166,6.5383,8.3523,3.2816,NaN,NaN,NaN,NaN,NaN,NaN,NaN,NaN,NaN,NaN,NaN,6.0572,NaN,NaN,NaN,5.4471,5.2434,NaN,NaN,NaN,NaN,NaN,NaN,NaN,NaN,NaN,2.8816,NaN,NaN,NaN,8.0144,NaN,11.974,NaN,NaN,NaN,5.7738,NaN,4.8722,1.5795,7.912,19.423,4.5982,11.828,9.5507,14.881,7.6853,10.022,NaN,NaN,NaN,NaN,NaN,1.3413,NaN,NaN,6.7288,NaN
11.141,8.6494,NaN,5.446,5.3321,7.9386,3.3994,6.345,3.7092,2.1919,4.7343,11.919,5.2862,7.4332,NaN,3.0411,16.892,10.469,6.7474,6.0739,9.8595,15.021,18.557,17.722,9.0664,NaN,9.4317,6.8187,5.1643,3.0492,10.003,11.753,7.8729,8.173,6.2322,2.4988,7.7243,9.9533,5.804,7.0782,5.3457,35.195,NaN,NaN,NaN,NaN,NaN,NaN,NaN,NaN,NaN,NaN,NaN,11.026,NaN,NaN,NaN,6.3988,5.3787,NaN,NaN,NaN,NaN,NaN,NaN,NaN,NaN,NaN,3.5532,NaN,NaN,NaN,5.9937,NaN,6.9883,NaN,NaN,NaN,13.118,NaN,1.9503,5.8671,8.0371,7.1173,5.0689,5.7514,8.8833,36.375,14.49,3.4192,NaN,NaN,NaN,NaN,NaN,7.2932,NaN,NaN,10.933,NaN
26.164,41.831,NaN,6.2915,4.4651,5.5344,13.917,5.7342,1.1156,5.8146,1.6365,9.7937,4.4807,3.8775,NaN,13.404,20.313,6.541,9.8488,14.34,11.788,10.008,3.5464,7.232,7.1373,NaN,6.3838,10.132,3.6681,6.9459,23.962,1.9988,2.8371,8.9261,6.6416,1.4719,13.198,2.4082,3.7121,4.8847,7.1622,14.472,NaN,NaN,NaN,NaN,NaN,NaN,NaN,NaN,NaN,NaN,NaN,17.385,NaN,NaN,NaN,6.6476,3.4954,NaN,NaN,NaN,NaN,NaN,NaN,NaN,NaN,NaN,11.629,NaN,NaN,NaN,6.3317,NaN,20.646,NaN,NaN,NaN,9.7318,NaN,8.1524,6.3216,8.5438,3.2365,8.6976,2.6841,8.1941,30.668,18.444,17.793,NaN,NaN,NaN,NaN,NaN,14.955,NaN,NaN,7.4383,NaN
15.151,6.7176,NaN,9.6161,6.6548,6.5618,9.1454,3.011,2.671,6.4023,11.337,7.3975,6.6804,10.718,NaN,3.5608,10.359,15.406,2.3988,6.1799,6.3725,6.6628,9.0267,17.268,14.813,NaN,2.4397,8.0367,6.126,3.0545,8.9139,2.4543,6.7901,10.818,3.8088,3.4651,5.248,33.176,6.7605,7.5215,9.8264,18.603,NaN,NaN,NaN,NaN,NaN,NaN,NaN,NaN,NaN,NaN,NaN,4.503,NaN,NaN,NaN,26.078,1.9121,NaN,NaN,NaN,NaN,NaN,NaN,NaN,NaN,NaN,6.2804,NaN,NaN,NaN,13.263,NaN,5.8058,NaN,NaN,NaN,18.069,NaN,1.4614,6.7288,14,10.892,12.864,6.3719,2.4763,9.3602,25.961,19.868,NaN,NaN,NaN,NaN,NaN,3.9432,NaN,NaN,8.5262,NaN
1.5475,6.7814,NaN,43.191,18.356,8.0881,3.7028,8.5806,12.928,7.2297,12.272,7.4686,7.0543,2.0899,NaN,6.7041,24.776,13.821,6.6943,0.94008,14.328,17.089,10.369,0.86936,22.12,NaN,4.3498,0.40291,3.9824,10.787,8.6468,15.317,3.9364,7.9034,16.733,5.4872,10.169,6.1905,3.4325,18.596,8.7114,20.456,NaN,NaN,NaN,NaN,NaN,NaN,NaN,NaN,NaN,NaN,NaN,8.8108,NaN,NaN,NaN,19.006,4.2804,NaN,NaN,NaN,NaN,NaN,NaN,NaN,NaN,NaN,6.1593,NaN,NaN,NaN,8.7931,NaN,3.4789,NaN,NaN,NaN,4.9157,NaN,8.9556,4.1015,4.614,10.497,11.7,13.839,8.1655,7.0273,4.301,19.45,NaN,NaN,NaN,NaN,NaN,3.5829,NaN,NaN,17.834,NaN
4.0694,7.4279,NaN,6.7894,4.151,1.721,6.4791,8.0639,8.0971,6.6468,10.417,4.7306,1.2548,5.2568,NaN,8.2184,6.5192,4.4798,7.0964,13.055,4.9184,27.684,5.4865,11.093,10.334,NaN,5.6305,19.602,9.0047,4.9401,5.499,12.056,8.3991,12.131,6.3482,8.1034,3.1651,2.1462,5.0959,4.4076,2.5556,5.9428,NaN,NaN,NaN,NaN,NaN,NaN,NaN,NaN,NaN,NaN,NaN,7.1043,NaN,NaN,NaN,20.532,8.5604,NaN,NaN,NaN,NaN,NaN,NaN,NaN,NaN,NaN,3.9341,NaN,NaN,NaN,6.4358,NaN,8.7508,NaN,NaN,NaN,11.769,NaN,9.4011,14.373,8.2363,9.5484,8.5745,2.8849,3.0509,20.878,1.8869,16.371,NaN,NaN,NaN,NaN,NaN,22.981,NaN,NaN,9.6713,NaN
10.516,5.8343,NaN,6.0869,3.2322,3.9305,7.22,54.134,10.184,5.4911,7.8982,0.79645,5.847,11.212,NaN,9.2232,6.0861,5.4311,0.96037,2.5867,2.3735,10.156,7.7435,1.7506,1.5338,NaN,9.8717,3.0653,3.7846,3.2066,8.2757,3.1534,20.972,14.119,22.383,4.7216,11.113,7.4178,4.4891,8.7848,3.7516,8.6212,NaN,NaN,NaN,NaN,NaN,NaN,NaN,NaN,NaN,NaN,NaN,5.3698,NaN,NaN,NaN,9.3923,8.9551,NaN,NaN,NaN,NaN,NaN,NaN,NaN,NaN,NaN,4.53,NaN,NaN,NaN,28.166,NaN,5.3185,NaN,NaN,NaN,7.4083,NaN,2.029,5.0606,6.6219,3.44,3.1056,7.8264,11.556,1.4916,3.9916,2.499,NaN,NaN,NaN,NaN,NaN,8.2236,NaN,NaN,4.5297,NaN
15.539,13.562,NaN,6.0136,2.2339,9.7087,14.621,26.829,10.254,0.53368,8.2933,10.82,6.0482,4.8448,NaN,2.0638,14.261,5.2085,1.1493,24.946,1.1072,8.6086,8.1194,6.8247,6.8082,NaN,1.0388,1.9682,3.9755,6.9501,6.907,3.608,1.2237,6.5494,5.5023,4.7757,4.9289,6.4997,1.403,3.7743,2.8286,5.2667,NaN,NaN,NaN,NaN,NaN,NaN,NaN,NaN,NaN,NaN,NaN,3.8966,NaN,NaN,NaN,4.3937,9.542,NaN,NaN,NaN,NaN,NaN,NaN,NaN,NaN,NaN,2.1364,NaN,NaN,NaN,5.3087,NaN,13.161,NaN,NaN,NaN,4.676,NaN,3.3572,6.0703,7.8411,13.818,11.485,1.491,7.9479,3.6195,12.143,2.5274,NaN,NaN,NaN,NaN,NaN,4.5655,NaN,NaN,0.74619,NaN
17.162,5.9663,NaN,11.177,4.6129,3.8088,10.586,8.4927,13.04,0.48833,10.949,7.7662,4.3938,11.384,NaN,2.37,8.3683,6.8822,6.0475,26.598,5.2556,10.32,8.5621,8.3658,2.3222,NaN,1.5209,3.3344,4.7992,4.3653,4.101,4.7248,2.8514,5.2696,8.9037,7.0935,6.1191,7.2257,2.5988,4.4581,2.4524,3.2201,NaN,NaN,NaN,NaN,NaN,NaN,NaN,NaN,NaN,NaN,NaN,5.5826,NaN,NaN,NaN,1.2809,6.4601,NaN,NaN,NaN,NaN,NaN,NaN,NaN,NaN,NaN,2.3821,NaN,NaN,NaN,6.0306,NaN,23.791,NaN,NaN,NaN,0.82653,NaN,2.3809,19.675,4.1766,3.0267,10.772,3.2468,2.6263,8.5711,2.6143,3.4455,NaN,NaN,NaN,NaN,NaN,10.527,NaN,NaN,5.4283,NaN
9.3303,6.9965,NaN,12.828,6.3616,19.398,5.7334,13.424,6.4747,3.2467,6.2251,18.274,2.5886,3.7178,NaN,6.6729,24.441,7.4275,7.6993,7.4308,19.387,15.391,5.3293,7.8884,17.091,NaN,2.4314,4.5769,7.0258,1.398,5.4537,16.687,7.1899,8.8888,4.2931,3.5422,7.7525,5.2112,3.6361,4.0665,1.4,6.9479,NaN,NaN,NaN,NaN,NaN,NaN,NaN,NaN,NaN,NaN,NaN,8.9438,NaN,NaN,NaN,13.28,7.4086,NaN,NaN,NaN,NaN,NaN,NaN,NaN,NaN,NaN,8.865,NaN,NaN,NaN,2.586,NaN,7.4771,NaN,NaN,NaN,9.8545,NaN,9.2661,5.7489,6.1099,1.6749,4.385,5.9661,14.881,16.357,4.4894,12.157,NaN,NaN,NaN,NaN,NaN,28.384,NaN,NaN,4.5004,NaN
7.4163,5.1536,NaN,2.9145,2.638,10.067,5.8645,7.9965,10.904,8.8239,1.2685,11.083,3.685,6.8301,NaN,12.222,13.91,5.3503,1.8589,13.685,14.763,16.835,3.6157,4.066,4.1598,NaN,7.2052,9.0563,1.8624,3.4055,19.82,5.6054,6.2151,2.0056,6.1526,2.5047,3.6968,3.892,19.692,8.1906,5.1104,5.8706,NaN,NaN,NaN,NaN,NaN,NaN,NaN,NaN,NaN,NaN,NaN,8.7038,NaN,NaN,NaN,23.426,7.5492,NaN,NaN,NaN,NaN,NaN,NaN,NaN,NaN,NaN,14.575,NaN,NaN,NaN,3.3777,NaN,9.9884,NaN,NaN,NaN,10.129,NaN,7.5528,5.9203,9.4246,2.3799,70.97,8.0885,6.8616,10.877,12.275,9.8245,NaN,NaN,NaN,NaN,NaN,10.707,NaN,NaN,14.782,NaN
14.379,14.381,NaN,22.766,4.5099,23.773,0.47032,10.354,8.6531,5.1361,9.2853,2.8153,4.4468,5.5059,NaN,7.9407,4.0302,27.876,12.662,5.7841,6.0589,16.472,8.1282,6.5778,6.4971,NaN,12.112,9.6035,1.2779,28.552,2.4338,4.0366,3.2356,11.303,4.6383,5.6961,15.624,6.2648,1.5277,3.2522,4.7578,0.51323,NaN,NaN,NaN,NaN,NaN,NaN,NaN,NaN,NaN,NaN,NaN,13.381,NaN,NaN,NaN,9.498,4.7537,NaN,NaN,NaN,NaN,NaN,NaN,NaN,NaN,NaN,6.7293,NaN,NaN,NaN,9.4461,NaN,8.4663,NaN,NaN,NaN,4.2368,NaN,6.2839,7.3778,3.9048,7.6683,3.0718,4.0191,3.1412,11.516,7.7531,4.6624,NaN,NaN,NaN,NaN,NaN,3.264,NaN,NaN,11.694,NaN
6.0269,6.8275,NaN,10.182,3.5728,3.7764,4.9174,22,11.431,4.8057,3.6487,5.3962,3.7811,6.9532,NaN,1.6901,11.365,2.6944,4.9749,16.525,8.0143,4.5746,1.3126,15.633,5.5942,NaN,11.987,4.7649,6.3513,18.795,15.599,0.92401,16.609,5.7522,25.939,7.3793,1.0872,2.5216,6.035,6.2257,3.97,2.9549,NaN,NaN,NaN,NaN,NaN,NaN,NaN,NaN,NaN,NaN,NaN,3.4773,NaN,NaN,NaN,16.081,13.69,NaN,NaN,NaN,NaN,NaN,NaN,NaN,NaN,NaN,1.845,NaN,NaN,NaN,3.7145,NaN,12.878,NaN,NaN,NaN,3.4745,NaN,4.6176,7.2925,8.1317,28.613,17.652,5.251,2.8634,3.148,0.80857,2.9446,NaN,NaN,NaN,NaN,NaN,1.3687,NaN,NaN,4.5103,NaN
13.88,8.254,NaN,6.6688,5.2809,3.4711,8.5168,15.905,12.487,0.23285,7.5316,7.0431,4.8031,11.241,NaN,1.9958,4.554,2.8659,2.4095,17.915,8.2958,9.9916,13.954,8.4513,0.66667,NaN,4.2656,6.6023,4.4645,9.2335,8.9181,2.1893,6.4624,3.3508,12.532,5.0351,6.2757,1.7821,4.4696,4.8966,3.5994,1.4693,NaN,NaN,NaN,NaN,NaN,NaN,NaN,NaN,NaN,NaN,NaN,9.5202,NaN,NaN,NaN,5.5158,11.296,NaN,NaN,NaN,NaN,NaN,NaN,NaN,NaN,NaN,3.5556,NaN,NaN,NaN,7.6477,NaN,10.236,NaN,NaN,NaN,5.2832,NaN,2.686,10.622,3.4166,4.2662,9.327,4.1362,8.186,12.197,3.5265,4.6626,NaN,NaN,NaN,NaN,NaN,4.3347,NaN,NaN,4.1928,NaN
1.457,2.0844,NaN,16.56,6.8666,3.9521,2.0395,2.9738,5.4596,12.164,16.462,11.582,4.866,10.875,NaN,24.177,13.169,17.061,4.0443,9.221,5.2413,5.9022,13.658,3.4555,24.982,NaN,5.0135,6.5768,16.812,8.9028,3.8133,13.082,9.756,15.39,7.2081,8.1927,6.2523,11.977,11.26,6.1279,4.6432,8.8303,NaN,NaN,NaN,NaN,NaN,NaN,NaN,NaN,NaN,NaN,NaN,1.1079,NaN,NaN,NaN,8.4656,4.6695,NaN,NaN,NaN,NaN,NaN,NaN,NaN,NaN,NaN,2.5736,NaN,NaN,NaN,4.1821,NaN,2.7295,NaN,NaN,NaN,7.347,NaN,12.383,4.5273,3.0529,2.4462,6.2928,13.834,32.951,15.83,6.2287,2.0681,NaN,NaN,NaN,NaN,NaN,3.4051,NaN,NaN,10.516,NaN
5.1919,5.925,NaN,7.6589,6.3466,7.3281,7.5972,4.3808,7.126,4.4577,9.5261,4.1239,10.303,10.747,NaN,1.5354,14.229,9.9049,4.2622,9.8101,2.6339,2.8752,7.9936,9.1137,6.2612,NaN,1.5365,3.2452,8.1627,15.286,4.9578,4.5879,11.528,5.0867,5.7755,2.8377,3.5614,16.444,4.8963,29.429,7.6439,3.986,NaN,NaN,NaN,NaN,NaN,NaN,NaN,NaN,NaN,NaN,NaN,4.1473,NaN,NaN,NaN,5.1499,7.3662,NaN,NaN,NaN,NaN,NaN,NaN,NaN,NaN,NaN,5.2867,NaN,NaN,NaN,9.008,NaN,9.9131,NaN,NaN,NaN,5.109,NaN,10.298,1.5647,3.5772,2.1054,2.4078,8.5139,4.6629,10.133,18.815,2.212,NaN,NaN,NaN,NaN,NaN,9.1179,NaN,NaN,12.229,NaN
3.7318,0.76893,NaN,0.6476,0.54131,12.354,7.2577,12.96,2.8117,13.303,17.868,5.8722,3.5064,3.1126,NaN,11.963,6.8146,14.677,13.985,3.004,5.8213,8.7061,1.9374,5.9272,7.0107,NaN,7.2491,10.858,0.21155,21.398,1.2659,3.242,3.9917,13.259,13.337,3.8848,7.4945,12.533,2.0925,9.9487,3.2818,28.134,NaN,NaN,NaN,NaN,NaN,NaN,NaN,NaN,NaN,NaN,NaN,4.2855,NaN,NaN,NaN,7.6286,7.0177,NaN,NaN,NaN,NaN,NaN,NaN,NaN,NaN,NaN,4.2228,NaN,NaN,NaN,6.4171,NaN,9.1922,NaN,NaN,NaN,46.266,NaN,5.8626,18.03,10.479,4.9219,7.3278,4.382,4.2062,7.6837,14.247,10.014,NaN,NaN,NaN,NaN,NaN,5.1244,NaN,NaN,9.3214,NaN
2.6947,3.5514,NaN,7.5146,6.6718,3.6735,16.532,6.3457,3.043,2.415,8.111,1.1776,7.015,3.8988,NaN,63.294,8.7387,17.163,6.6108,6.4349,6.0534,10.442,7.2895,6.7196,11.247,NaN,13.526,14.251,8.9881,3.2168,7.9317,4.1855,9.6124,9.7979,5.8285,0.97176,6.046,8.1054,6.0427,4.4445,5.7403,4.8305,NaN,NaN,NaN,NaN,NaN,NaN,NaN,NaN,NaN,NaN,NaN,0.28107,NaN,NaN,NaN,11.557,0.58932,NaN,NaN,NaN,NaN,NaN,NaN,NaN,NaN,NaN,3.8734,NaN,NaN,NaN,0.59145,NaN,18.809,NaN,NaN,NaN,2.7438,NaN,4.4285,12.131,7.9158,9.3463,18.633,11.133,4.3261,15.815,5.2341,3.0473,NaN,NaN,NaN,NaN,NaN,3.2957,NaN,NaN,5.4221,NaN
10.151,13.141,NaN,14.36,2.1745,4.5122,6.0481,9.1078,4.1511,4.8481,6.7459,3.9151,4.1901,3.4109,NaN,4.5306,7.0422,14.905,1.6962,18.369,10.78,12.458,10.498,16.777,20.307,NaN,0.8129,27.543,8.6086,8.21,7.5285,9.4765,3.757,26.623,13.626,3.1887,10.896,10.212,9.2432,3.9769,5.1001,3.0334,NaN,NaN,NaN,NaN,NaN,NaN,NaN,NaN,NaN,NaN,NaN,3.46,NaN,NaN,NaN,5.0284,5.233,NaN,NaN,NaN,NaN,NaN,NaN,NaN,NaN,NaN,7.6573,NaN,NaN,NaN,8.5965,NaN,9.7542,NaN,NaN,NaN,4.8197,NaN,11.246,15.039,1.6084,5.8198,5.2789,8.5155,12.398,3.2341,4.8622,13.874,NaN,NaN,NaN,NaN,NaN,6.826,NaN,NaN,6.0503,NaN
7.6818,7.4556,NaN,18.403,4.6524,3.3349,10.507,1.2316,3.3907,1.6207,4.5108,1.9928,4.5636,8.4519,NaN,12.434,14.286,5.6172,9.9983,10.546,11.233,4.8698,17.977,10.586,5.4323,NaN,6.7818,10.277,5.1707,4.0399,6.3885,11.631,1.3472,5.5027,8.9792,13.745,5.0423,4.8489,6.2993,4.9848,4.7307,8.2179,NaN,NaN,NaN,NaN,NaN,NaN,NaN,NaN,NaN,NaN,NaN,12.389,NaN,NaN,NaN,7.5011,3.9695,NaN,NaN,NaN,NaN,NaN,NaN,NaN,NaN,NaN,8.1964,NaN,NaN,NaN,9.0249,NaN,8.8584,NaN,NaN,NaN,6.2075,NaN,5.9293,7.6731,4.703,8.0908,5.4888,8.2609,5.9078,7.3887,10.449,3.6443,NaN,NaN,NaN,NaN,NaN,5.4735,NaN,NaN,4.9825,NaN
6.2837,5.5446,NaN,8.4845,8.8125,12.73,3.3681,4.5463,5.2061,6.4341,8.4456,4.6133,6.367,3.1691,NaN,5.0114,4.1551,14.871,5.1639,55.881,6.1747,7.0136,15.229,12.645,10.224,NaN,8.7514,10.718,5.8487,9.4873,6.8269,9.0002,10.92,15.489,18.483,2.1205,19.183,13.225,10.956,1.0833,5.6234,7.824,NaN,NaN,NaN,NaN,NaN,NaN,NaN,NaN,NaN,NaN,NaN,3.0376,NaN,NaN,NaN,8.0374,5.7012,NaN,NaN,NaN,NaN,NaN,NaN,NaN,NaN,NaN,10.275,NaN,NaN,NaN,12.08,NaN,8.3659,NaN,NaN,NaN,9.3271,NaN,1.8886,8.0191,2.2194,6.0448,4.8281,1.8277,11.98,10.314,0.96996,18.722,NaN,NaN,NaN,NaN,NaN,13.079,NaN,NaN,8.0911,NaN
9.5069,4.2818,NaN,6.5808,6.7873,8.2131,5.9978,7.9339,4.0989,6.3532,4.8373,4.6387,3.4124,5.649,NaN,21.489,17.694,11.653,5.2625,10.314,1.8674,6.7321,2.0813,7.2912,5.6041,NaN,6.4234,1.831,6.5296,4.5765,12.282,7.4913,3.7315,5.4516,8.7384,9.5763,2.7269,5.5357,2.7412,3.1209,4.4374,7.8134,NaN,NaN,NaN,NaN,NaN,NaN,NaN,NaN,NaN,NaN,NaN,5.0064,NaN,NaN,NaN,17.003,4.0752,NaN,NaN,NaN,NaN,NaN,NaN,NaN,NaN,NaN,8.6301,NaN,NaN,NaN,4.7079,NaN,9.7395,NaN,NaN,NaN,5.9701,NaN,7.0987,2.9808,8.8851,4.8298,2.2513,5.0129,30.687,3.1962,3.5107,17.872,NaN,NaN,NaN,NaN,NaN,1.2971,NaN,NaN,16.466,NaN
14.176,4.622,NaN,13.485,6.4389,6.4386,10.892,9.7388,4.3667,3.8104,20.787,3.8963,7.6379,2.4622,NaN,3.8507,4.9664,4.281,16.085,14.436,2.2337,20.489,5.8257,6.3311,5.1288,NaN,4.2881,5.9114,4.7145,6.7257,7.0527,14.547,2.9321,4.4615,11.236,2.0478,6.1812,8.7695,4.398,14.415,4.3449,2.2488,NaN,NaN,NaN,NaN,NaN,NaN,NaN,NaN,NaN,NaN,NaN,2.2409,NaN,NaN,NaN,2.4346,6.0815,NaN,NaN,NaN,NaN,NaN,NaN,NaN,NaN,NaN,7.6253,NaN,NaN,NaN,7.0576,NaN,19.864,NaN,NaN,NaN,6.4116,NaN,2.6517,11.092,5.3387,2.5011,5.3692,3.3228,8.0041,4.2642,8.4576,6.5054,NaN,NaN,NaN,NaN,NaN,14.818,NaN,NaN,14.939,NaN
5.0696,7.1742,NaN,10.16,5.0534,5.7266,1.8302,6.6407,7.1913,14.687,5.6952,5.1917,3.0807,3.928,NaN,11.735,5.464,5.9948,8.9578,8.069,8.3844,9.2386,2.6223,5.0015,3.4573,NaN,10.613,6.2778,10.639,2.2894,4.9049,5.5103,6.8979,4.8233,2.3287,15.759,7.23,3.9529,2.0893,22.311,5.2851,3.0697,NaN,NaN,NaN,NaN,NaN,NaN,NaN,NaN,NaN,NaN,NaN,10.198,NaN,NaN,NaN,8.3912,4.6662,NaN,NaN,NaN,NaN,NaN,NaN,NaN,NaN,NaN,6.3198,NaN,NaN,NaN,12.273,NaN,1.5417,NaN,NaN,NaN,3.1164,NaN,2.9032,9.1145,4.0939,3.2212,50.705,5.0653,7.5228,5.3364,10.853,29.642,NaN,NaN,NaN,NaN,NaN,29.02,NaN,NaN,5.5332,NaN
7.1849,4.8642,NaN,8.2786,8.7742,6.2534,3.9381,5.8186,5.8297,7.6942,17.125,13.128,4.4885,1.024,NaN,15.709,2.9086,9.5726,6.3217,14.773,13.812,8.8775,6.4964,13.854,17.91,NaN,15.627,23.858,3.9724,21.402,11.203,4.5445,5.7919,1.5561,11.806,11.202,13.586,6.1256,6.8833,17.09,4.1515,8.1183,NaN,NaN,NaN,NaN,NaN,NaN,NaN,NaN,NaN,NaN,NaN,5.5368,NaN,NaN,NaN,13.3,6.5832,NaN,NaN,NaN,NaN,NaN,NaN,NaN,NaN,NaN,7.3446,NaN,NaN,NaN,5.0165,NaN,10.297,NaN,NaN,NaN,24.085,NaN,6.8224,15.112,2.5393,20.025,8.6635,6.6993,4.7722,1.7692,20.053,7.2806,NaN,NaN,NaN,NaN,NaN,3.6166,NaN,NaN,1.6921,NaN
14.668,2.4064,NaN,8.3954,3.954,8.5246,6.4048,10.806,13.9,3.6454,8.8355,13.066,8.4916,3.7662,NaN,15.993,2.5018,11.877,5.8361,16.342,19.381,16.575,4.7137,6.2383,6.9998,NaN,4.13,3.9423,5.2089,3.8234,7.0372,10.212,13.964,6.7961,7.4224,6.569,5.2999,3.6724,4.1995,11.451,3.0817,5.296,NaN,NaN,NaN,NaN,NaN,NaN,NaN,NaN,NaN,NaN,NaN,2.1322,NaN,NaN,NaN,10.239,3.4923,NaN,NaN,NaN,NaN,NaN,NaN,NaN,NaN,NaN,3.8165,NaN,NaN,NaN,7.4657,NaN,14.217,NaN,NaN,NaN,9.1616,NaN,12.641,16.527,6.1671,25.055,7.9354,1.3854,3.6239,2.8542,3.3595,9.3793,NaN,NaN,NaN,NaN,NaN,0.63718,NaN,NaN,3.897,NaN
0.92025,5.2106,NaN,6.7164,9.3854,1.0035,3.899,20.254,1.9481,8.2482,8.7808,3.3111,6.2852,2.5307,NaN,7.3655,8.7136,8.0242,9.088,1.5427,8.3401,11.97,12.211,14.819,8.1754,NaN,9.5979,1.8999,7.7132,1.4823,6.1493,10.325,6.2428,5.5947,8.283,8.6732,11.755,4.689,2.2485,5.6101,5.545,6.4722,NaN,NaN,NaN,NaN,NaN,NaN,NaN,NaN,NaN,NaN,NaN,4.9817,NaN,NaN,NaN,13.845,4.481,NaN,NaN,NaN,NaN,NaN,NaN,NaN,NaN,NaN,2.6846,NaN,NaN,NaN,4.4755,NaN,18.804,NaN,NaN,NaN,2.5445,NaN,7.7859,17.602,5.2378,6.2727,5.5715,3.515,9.9873,2.4494,4.8587,3.4134,NaN,NaN,NaN,NaN,NaN,5.5859,NaN,NaN,8.2764,NaN
12.021,8.0566,NaN,9.9712,11.02,1.2628,7.8133,10.091,6.7291,9.5848,8.8423,14.279,7.9387,7.4349,NaN,12.745,7.3453,16.48,5.4305,17.92,1.9572,12.296,4.6614,16.246,0.94709,NaN,33.995,6.1837,4.7289,7.7646,11.636,8.7376,2.9661,12.837,5.2871,11.643,9.6366,23.489,8.4218,3.0103,9.3976,12,NaN,NaN,NaN,NaN,NaN,NaN,NaN,NaN,NaN,NaN,NaN,3.7988,NaN,NaN,NaN,7.7092,3.6129,NaN,NaN,NaN,NaN,NaN,NaN,NaN,NaN,NaN,7.1561,NaN,NaN,NaN,8.333,NaN,2.7555,NaN,NaN,NaN,15.426,NaN,9.5736,9.4489,9.5826,5.1313,3.9554,9.6823,6.6163,5.9722,0.31435,11.211,NaN,NaN,NaN,NaN,NaN,2.5473,NaN,NaN,9.8811,NaN
6.9364,3.8882,NaN,5.0787,11.904,3.9217,8.4902,9.6268,6.2571,4.7373,9.8126,5.5732,39.657,15.461,NaN,4.8405,10.587,8.228,6.3729,9.7398,7.3208,5.7574,36.225,18.168,8.8991,NaN,11.015,10.23,7.4957,6.2908,5.1565,5.9042,8.8857,3.5141,6.6146,6.9042,4.7594,4.9255,2.7415,7.7748,3.8598,7.2612,NaN,NaN,NaN,NaN,NaN,NaN,NaN,NaN,NaN,NaN,NaN,2.807,NaN,NaN,NaN,9.8979,5.5642,NaN,NaN,NaN,NaN,NaN,NaN,NaN,NaN,NaN,4.9399,NaN,NaN,NaN,11.44,NaN,2.4257,NaN,NaN,NaN,4.682,NaN,10.124,5.1094,14.445,3.4812,5.4264,3.4628,7.7741,5.4465,1.6561,2.0578,NaN,NaN,NaN,NaN,NaN,7.3348,NaN,NaN,4.1543,NaN
5.7529,5.5927,NaN,2.5806,4.2473,3.8653,6.1099,2.8477,5.5993,11.984,5.8243,1.5903,5.6806,3.5847,NaN,8.1366,5.3993,13.611,3.9831,21.114,7.5364,4.5369,9.1681,4.4265,8.358,NaN,6.8037,2.7136,3.3064,6.487,7.4526,19.175,5.902,5.5298,9.6372,6.2578,17.694,8.1248,4.1291,1.0591,2.4058,3.3552,NaN,NaN,NaN,NaN,NaN,NaN,NaN,NaN,NaN,NaN,NaN,3.9709,NaN,NaN,NaN,10.642,9.582,NaN,NaN,NaN,NaN,NaN,NaN,NaN,NaN,NaN,4.9984,NaN,NaN,NaN,2.0978,NaN,7.2271,NaN,NaN,NaN,15.857,NaN,7.8509,5.0866,2.9664,3.7437,8.4182,9.8635,4.3289,6.1675,10.847,12.91,NaN,NaN,NaN,NaN,NaN,13.492,NaN,NaN,5.929,NaN
2.1814,4.9169,NaN,5.5962,3.0012,5.1597,3.9823,3.8526,5.2715,15.683,18.639,8.092,1.6645,7.1334,NaN,2.157,3.8899,18.015,17.557,20.847,8.1793,15.095,7.9331,6.056,14.576,NaN,16.18,13.924,7.1163,10.221,3.582,4.3145,2.557,4.8468,8.8406,16.61,8.2126,5.9844,7.3903,0.85765,4.4317,8.72,NaN,NaN,NaN,NaN,NaN,NaN,NaN,NaN,NaN,NaN,NaN,6.0919,NaN,NaN,NaN,8.5602,6.3682,NaN,NaN,NaN,NaN,NaN,NaN,NaN,NaN,NaN,6.6148,NaN,NaN,NaN,3.3097,NaN,4.4932,NaN,NaN,NaN,5.8083,NaN,2.6788,4.6678,8.287,0.93856,10.8,7.2934,4.9053,6.5189,4.9069,4.6909,NaN,NaN,NaN,NaN,NaN,3.47,NaN,NaN,6.1773,NaN
8.2545,4.715,NaN,14.146,6.5138,4.9712,11.142,3.329,2.081,1.6524,12.152,3.9143,5.5923,1.4812,NaN,3.0741,8.0037,6.1893,13.021,1.7282,3.4113,10.824,3.825,10.484,8.1665,NaN,7.7544,9.2015,3.8769,0.59365,7.1867,6.3025,5.1535,7.1884,7.6263,11.376,12.905,2.5253,2.5908,1.6212,9.2846,5.0082,NaN,NaN,NaN,NaN,NaN,NaN,NaN,NaN,NaN,NaN,NaN,5.7072,NaN,NaN,NaN,6.0029,0.72615,NaN,NaN,NaN,NaN,NaN,NaN,NaN,NaN,NaN,3.692,NaN,NaN,NaN,4.0495,NaN,5.0552,NaN,NaN,NaN,9.7479,NaN,5.3877,3.5073,3.9548,3.97,6.5944,2.4429,2.3295,1.6539,4.838,8.2617,NaN,NaN,NaN,NaN,NaN,2.2426,NaN,NaN,8.0341,NaN
6.4225,5.3861,NaN,7.9643,7.5942,3.024,13.068,2.4037,2.4252,1.6256,7.6721,3.4074,5.9515,4.0552,NaN,3.6452,9.0655,7.5204,4.8172,6.7732,3.3883,8.254,3.6558,4.2552,10.825,NaN,8.3326,4.9256,9.9619,4.159,4.0382,3.9058,5.3664,7.7743,3.2777,14.241,15.131,4.1832,10.106,1.6016,16.984,1.3249,NaN,NaN,NaN,NaN,NaN,NaN,NaN,NaN,NaN,NaN,NaN,5.6259,NaN,NaN,NaN,14.094,4.954,NaN,NaN,NaN,NaN,NaN,NaN,NaN,NaN,NaN,6.1756,NaN,NaN,NaN,6.6208,NaN,8.3024,NaN,NaN,NaN,6.3337,NaN,4.7858,4.2448,3.0862,4.7084,3.3956,1.6247,4.5241,6.0073,7.0554,5.9166,NaN,NaN,NaN,NaN,NaN,3.1295,NaN,NaN,4.9884,NaN
10.021,7.0414,NaN,3.3781,26.802,2.342,10.179,9.3041,3.481,11.65,10.601,13.495,8.3089,15.454,NaN,9.725,5.3608,16.098,6.0897,9.6648,7.1551,9.5232,7.0649,16.872,2.2057,NaN,18.878,8.9347,7.7993,15.884,8.941,8.5734,8.2392,9.1007,9.1769,7.1694,22.512,20.118,21.508,14.418,11.495,11.991,NaN,NaN,NaN,NaN,NaN,NaN,NaN,NaN,NaN,NaN,NaN,1.2956,NaN,NaN,NaN,21.502,3.5665,NaN,NaN,NaN,NaN,NaN,NaN,NaN,NaN,NaN,27.898,NaN,NaN,NaN,7.9105,NaN,5.9357,NaN,NaN,NaN,19.502,NaN,2.5022,5.4166,4.4515,6.0668,9.005,22.432,3.5904,2.6111,17.307,19.024,NaN,NaN,NaN,NaN,NaN,2.2082,NaN,NaN,16.654,NaN
4.9839,1.6194,NaN,4.7352,0.94033,4.6099,11.672,0.68807,3.3324,3.7486,9.8198,6.0091,1.5276,14.993,NaN,4.188,0.62694,25.38,9.6225,24.08,10.113,8.1234,14.631,13.098,15.448,NaN,6.3919,7.963,2.6957,0.58444,2.2574,9.1306,2.373,2.7961,15.979,8.6137,11.751,8.8966,3.2576,8.6942,2.4537,12.414,NaN,NaN,NaN,NaN,NaN,NaN,NaN,NaN,NaN,NaN,NaN,10.646,NaN,NaN,NaN,7.5065,14.875,NaN,NaN,NaN,NaN,NaN,NaN,NaN,NaN,NaN,3.0339,NaN,NaN,NaN,7.7321,NaN,13.3,NaN,NaN,NaN,17.285,NaN,11.386,21.798,4.3352,1.009,8.8771,10.16,7.0894,12.37,8.2137,4.908,NaN,NaN,NaN,NaN,NaN,2.4516,NaN,NaN,3.1813,NaN
19.852,6.6902,NaN,7.9724,7.3508,15.381,5.4683,24.406,7.5201,11.581,39.421,41.01,5.5269,7.5934,NaN,5.2473,20.159,4.3719,9.4167,13.055,4.8164,4.7736,3.588,2.7637,6.7226,NaN,3.7637,7.8434,4.9771,8.3128,11.966,13.349,2.5563,9.7592,1.2959,10.446,8.6842,4.7995,0.58867,5.1965,3.0603,7.4458,NaN,NaN,NaN,NaN,NaN,NaN,NaN,NaN,NaN,NaN,NaN,3.5437,NaN,NaN,NaN,4.5966,10.85,NaN,NaN,NaN,NaN,NaN,NaN,NaN,NaN,NaN,13.023,NaN,NaN,NaN,0.43737,NaN,17.332,NaN,NaN,NaN,3.2415,NaN,39.349,13.262,6.4828,3.3771,10.864,10.831,0.62762,0.82637,3.1857,6.8865,NaN,NaN,NaN,NaN,NaN,11.11,NaN,NaN,2.0239,NaN
14.766,19.196,NaN,14.309,12.407,8.6803,6.0223,6.0656,4.3378,4.0229,12.176,13.394,9.5798,19.871,NaN,10.185,10.887,9.4311,11.104,8.5197,13.064,5.6269,10.604,14.444,23.968,NaN,26.096,8.424,5.4725,6.8664,9.609,12.141,13.313,9.3335,2.9955,7.9246,14.459,7.6543,4.7765,10.771,28.116,19.01,NaN,NaN,NaN,NaN,NaN,NaN,NaN,NaN,NaN,NaN,NaN,6.0851,NaN,NaN,NaN,17.64,8.8332,NaN,NaN,NaN,NaN,NaN,NaN,NaN,NaN,NaN,20.324,NaN,NaN,NaN,15.555,NaN,6.679,NaN,NaN,NaN,12.374,NaN,6.8633,20.595,6.2485,10.378,17.353,6.8291,9.0963,3.4691,12.471,12.086,NaN,NaN,NaN,NaN,NaN,7.2286,NaN,NaN,11.145,NaN
10.531,14.063,NaN,14.691,16.543,6.317,13.286,5.4301,3.7257,20.642,27.661,12.043,6.8904,17.409,NaN,11.599,16.833,10.454,8.795,12.044,7.6142,6.6692,14.009,8.842,22.639,NaN,31.663,6.3576,8.0603,6.9389,12.123,10.106,11.605,6.8759,8.6862,18.161,13.363,12.875,20.812,12.071,9.1781,23.844,NaN,NaN,NaN,NaN,NaN,NaN,NaN,NaN,NaN,NaN,NaN,6.4135,NaN,NaN,NaN,11.898,7.3072,NaN,NaN,NaN,NaN,NaN,NaN,NaN,NaN,NaN,29.77,NaN,NaN,NaN,6.0005,NaN,7.549,NaN,NaN,NaN,7.7711,NaN,5.3906,9.6407,5.8538,17.927,13.74,5.1906,4.8894,3.5816,21.804,16.399,NaN,NaN,NaN,NaN,NaN,3.8494,NaN,NaN,6.8815,NaN
12.035,5.1901,NaN,3.2652,11.122,10.195,6.9166,15.176,3.4838,7.0467,21.652,11.039,15.637,7.4037,NaN,7.4853,2.6721,1.1708,7.7105,6.8356,3.9031,8.6141,8.767,30.803,3.8546,NaN,4.5815,1.4653,4.0412,2.8553,9.6225,0.93124,3.9147,1.3792,6.1629,3.6483,4.8502,1.6778,14.775,18.703,1.8886,5.8695,NaN,NaN,NaN,NaN,NaN,NaN,NaN,NaN,NaN,NaN,NaN,2.4554,NaN,NaN,NaN,9.302,6.0254,NaN,NaN,NaN,NaN,NaN,NaN,NaN,NaN,NaN,4.701,NaN,NaN,NaN,3.8602,NaN,3.5321,NaN,NaN,NaN,7.5663,NaN,2.509,3.6628,8.7745,5.8903,7.8681,2.7089,1.5424,5.5992,1.5868,1.8304,NaN,NaN,NaN,NaN,NaN,6.2273,NaN,NaN,1.5064,NaN
12.077,8.8816,NaN,11.361,11.197,29.057,9.4281,12.301,6.289,3.1971,12.204,6.5333,6.84,8.7495,NaN,5.879,6.0582,10.928,2.3626,18.285,17.23,8.8695,3.1751,1.6132,6.7534,NaN,4.8479,2.0528,4.2809,23.018,5.4304,9.99,3.674,8.0056,2.7921,4.4453,4.5637,11.156,4.0957,7.9841,2.0291,17.78,NaN,NaN,NaN,NaN,NaN,NaN,NaN,NaN,NaN,NaN,NaN,2.5194,NaN,NaN,NaN,8.2425,7.404,NaN,NaN,NaN,NaN,NaN,NaN,NaN,NaN,NaN,14.685,NaN,NaN,NaN,6.0748,NaN,9.795,NaN,NaN,NaN,6.6969,NaN,11.543,1.8837,3.5861,4.6918,14.305,8.442,2.769,19.788,2.1569,7.6686,NaN,NaN,NaN,NaN,NaN,2.1225,NaN,NaN,3.0928,NaN
15.573,10.146,NaN,25.115,6.3936,19.925,5.1566,3.8919,1.5757,2.1096,18.716,6.0526,4.3481,59.955,NaN,8.9361,14.125,4.6041,7.5448,12.559,6.6751,6.4154,6.396,8.9029,10.12,NaN,2.0054,15.933,4.9943,0.46731,1.6734,11.345,5.2264,7.1992,2.883,6.1631,10.332,5.3156,11.309,0.77149,14.522,13.756,NaN,NaN,NaN,NaN,NaN,NaN,NaN,NaN,NaN,NaN,NaN,12.208,NaN,NaN,NaN,4.9171,3.7366,NaN,NaN,NaN,NaN,NaN,NaN,NaN,NaN,NaN,6.2229,NaN,NaN,NaN,14.116,NaN,17.112,NaN,NaN,NaN,8.0861,NaN,9.6716,10.435,4.0646,1.7569,8.3664,3.0607,14.246,8.7871,6.3284,7.3341,NaN,NaN,NaN,NaN,NaN,11.894,NaN,NaN,14.681,NaN
13.088,19.477,NaN,5.7358,8.1659,4.1985,17.147,8.0762,10.01,5.7155,28.605,21.83,6.1855,9.2903,NaN,10.17,10.733,11.764,7.0415,14.64,4.8024,7.7635,5.8591,11.576,19.563,NaN,15.363,10.748,10.006,5.7474,7.0593,9.8818,13.783,10.231,3.4108,17.194,10.361,5.2891,3.3111,6.6761,6.0146,9.8108,NaN,NaN,NaN,NaN,NaN,NaN,NaN,NaN,NaN,NaN,NaN,28.273,NaN,NaN,NaN,6.7475,4.6615,NaN,NaN,NaN,NaN,NaN,NaN,NaN,NaN,NaN,8.6004,NaN,NaN,NaN,6.1073,NaN,13.757,NaN,NaN,NaN,12.107,NaN,10.251,13.937,8.2857,3.4361,4.1553,1.9727,8.4952,14.448,7.8501,9.3833,NaN,NaN,NaN,NaN,NaN,6.063,NaN,NaN,26.463,NaN
8.1279,5.8927,NaN,5.9549,20.684,3.3325,6.8881,9.0383,11.631,10.518,7.2119,23.489,6.6489,11.841,NaN,7.8467,6.8638,22.587,6.0864,8.0073,3.8613,10.12,4.7051,4.5132,5.4788,NaN,6.1526,3.8551,8.6502,25.323,5.7594,9.6786,6.9873,7.2273,2.3206,4.1679,12.345,20.996,0.77468,4.2389,7.5334,9.0771,NaN,NaN,NaN,NaN,NaN,NaN,NaN,NaN,NaN,NaN,NaN,1.8958,NaN,NaN,NaN,8.077,6.0012,NaN,NaN,NaN,NaN,NaN,NaN,NaN,NaN,NaN,12.1,NaN,NaN,NaN,11.461,NaN,10.441,NaN,NaN,NaN,17.629,NaN,4.9352,7.6387,1.7474,11.101,1.9669,6.1022,2.8364,13.218,3.9858,17.776,NaN,NaN,NaN,NaN,NaN,9.1726,NaN,NaN,3.1137,NaN
12.507,9.0437,NaN,4.1426,19.828,5.5613,5.2344,8.9599,13.461,6.7107,2.4846,12.198,2.8596,4.5644,NaN,12.802,6.5985,13.861,2.9518,8.5353,2.0251,15.547,9.0209,3.0059,2.2522,NaN,6.6006,3.7892,7.3327,5.8788,10.249,9.4818,4.3828,6.7015,6.3513,13.963,7.5433,7.8827,3.9429,9.9093,8.5549,12.418,NaN,NaN,NaN,NaN,NaN,NaN,NaN,NaN,NaN,NaN,NaN,4.7475,NaN,NaN,NaN,7.7001,20.488,NaN,NaN,NaN,NaN,NaN,NaN,NaN,NaN,NaN,12.873,NaN,NaN,NaN,11.158,NaN,9.7369,NaN,NaN,NaN,7.2942,NaN,6.915,13.443,6.8204,6.7408,1.725,2.0116,2.0919,9.2609,1.8082,11.868,NaN,NaN,NaN,NaN,NaN,5.4395,NaN,NaN,3.9986,NaN
25.256,12.757,NaN,34,4.1253,7.6895,4.7274,5.7177,2.8547,14.465,7.4347,25.487,3.6497,2.851,NaN,7.9514,10.471,6.6159,10.591,2.8294,6.1093,8.1147,5.8261,27.077,2.7941,NaN,18.858,7.5456,3.5255,3.7094,10.171,21.368,0.65692,5.2779,2.4763,5.7756,6.7363,3.5525,6.5394,2.3302,7.733,12.363,NaN,NaN,NaN,NaN,NaN,NaN,NaN,NaN,NaN,NaN,NaN,3.0381,NaN,NaN,NaN,5.4179,10.544,NaN,NaN,NaN,NaN,NaN,NaN,NaN,NaN,NaN,19.344,NaN,NaN,NaN,5.5841,NaN,1.7723,NaN,NaN,NaN,18.582,NaN,8.2441,6.2349,11.065,2.2168,3.2032,0.89225,3.8235,8.8391,2.2263,4.1711,NaN,NaN,NaN,NaN,NaN,6.7002,NaN,NaN,6.9795,NaN
14.165,6.7056,NaN,17.775,2.8647,5.518,10.12,6.7843,2.764,21.294,9.2583,10.883,2.6448,6.075,NaN,9.6421,23.171,8.3455,7.2261,11.512,10.143,11.914,10.281,13.989,6.7819,NaN,40.271,4.8394,6.137,10.047,9.4726,27.555,3.298,9.2552,2.7615,8.4986,5.4031,3.4265,5.0484,7.1375,5.9935,2.7292,NaN,NaN,NaN,NaN,NaN,NaN,NaN,NaN,NaN,NaN,NaN,2.5856,NaN,NaN,NaN,7.0532,6.5337,NaN,NaN,NaN,NaN,NaN,NaN,NaN,NaN,NaN,4.0783,NaN,NaN,NaN,6.6252,NaN,10.427,NaN,NaN,NaN,11.518,NaN,10.48,8.0849,8.4587,4.865,7.4921,3.655,4.9068,8.4715,3.244,4.4811,NaN,NaN,NaN,NaN,NaN,15.143,NaN,NaN,14.783,NaN
0.69127,8.9018,NaN,9.6881,18.073,5.6219,1.3452,4.0144,3.0405,7.2854,13.135,2.7102,10.576,5.0374,NaN,17.215,11.841,28.816,1.4952,11.048,5.3484,6.5335,13.871,11.519,2.4083,NaN,27.84,9.5013,7.7401,4.6733,14.015,7.6833,3.1935,11.723,8.8375,6.5594,3.9826,10.408,4.2333,4.9903,7.4309,5.881,NaN,NaN,NaN,NaN,NaN,NaN,NaN,NaN,NaN,NaN,NaN,11.51,NaN,NaN,NaN,7.9918,4.7385,NaN,NaN,NaN,NaN,NaN,NaN,NaN,NaN,NaN,24.498,NaN,NaN,NaN,3.0266,NaN,25.936,NaN,NaN,NaN,10.123,NaN,3.5353,26.581,1.5538,7.5623,4.8988,5.2352,4.9818,5.8591,5.6269,12.192,NaN,NaN,NaN,NaN,NaN,9.3425,NaN,NaN,3.1604,NaN
13.982,2.0812,NaN,21.73,11.815,3.0365,5.6815,5.5713,4.4672,6.4391,21.206,10.722,5.4665,6.7243,NaN,18.764,9.4506,6.4999,1.9387,5.9046,17.085,5.7513,7.6948,6.3293,10.842,NaN,5.2274,1.5828,3.8628,7.1098,1.4932,9.5853,10.101,0.30315,1.494,4.8318,8.2122,9.4197,16.68,4.541,10.816,5.7961,NaN,NaN,NaN,NaN,NaN,NaN,NaN,NaN,NaN,NaN,NaN,3.262,NaN,NaN,NaN,8.9927,5.976,NaN,NaN,NaN,NaN,NaN,NaN,NaN,NaN,NaN,13.71,NaN,NaN,NaN,4.8611,NaN,9.8664,NaN,NaN,NaN,15.09,NaN,11.653,2.6679,3.7357,3.5199,12.075,5.725,5.7171,24.265,0.90181,2.437,NaN,NaN,NaN,NaN,NaN,1.4642,NaN,NaN,6.1907,NaN
3.5152,8.2024,NaN,24.477,2.9172,1.1995,6.5458,9.7773,2.7928,3.183,27.338,7.4636,4.3058,25.899,NaN,10.648,9.0678,3.0005,6.8271,2.9285,3.5514,4.9793,7.776,5.9316,23.042,NaN,5.6942,7.2332,1.4002,5.7288,4.6242,13.748,4.1775,12.07,0.37004,5.3507,7.083,3.2319,3.9147,0.25594,14.681,12.126,NaN,NaN,NaN,NaN,NaN,NaN,NaN,NaN,NaN,NaN,NaN,8.6815,NaN,NaN,NaN,10.648,4.1481,NaN,NaN,NaN,NaN,NaN,NaN,NaN,NaN,NaN,2.1028,NaN,NaN,NaN,9.6741,NaN,16.27,NaN,NaN,NaN,42.124,NaN,11.157,3.5613,4.5195,3.536,6.8207,3.4482,5.1142,3.9798,17.304,3.0077,NaN,NaN,NaN,NaN,NaN,3.7763,NaN,NaN,14.411,NaN
5.0239,7.5255,NaN,30.196,9.8326,11.211,2.9635,9.7572,5.7058,16.69,20.947,33.295,6.1117,7.6446,NaN,6.5723,7.5929,7.361,19.414,16.893,6.1452,5.8829,2.2881,6.6159,9.8957,NaN,7.6821,2.6607,3.0695,6.6497,9.8619,18.462,8.8437,4.7872,5.8141,14.601,24.822,18.266,0.68818,8.972,6.9316,4.5239,NaN,NaN,NaN,NaN,NaN,NaN,NaN,NaN,NaN,NaN,NaN,13.314,NaN,NaN,NaN,10.214,6.3034,NaN,NaN,NaN,NaN,NaN,NaN,NaN,NaN,NaN,14.202,NaN,NaN,NaN,8.3331,NaN,8.6033,NaN,NaN,NaN,22.389,NaN,12.146,21.797,13.458,6.3946,2.5052,8.8091,3.2139,2.5433,5.8809,15.09,NaN,NaN,NaN,NaN,NaN,7.3147,NaN,NaN,4.729,NaN
10.176,1.6982,NaN,4.6231,18.416,17.045,25.128,7.7209,8.9837,8.2194,11.875,19.761,6.6473,6.928,NaN,16.409,7.7435,15.933,7.5828,21.056,6.2218,11.537,4.075,6.1054,5.0568,NaN,6.9476,4.9043,7.4474,20.958,8.9406,11.167,6.4179,5.9875,3.2818,10.646,16.156,40.358,1.0513,10.91,6.3283,8.8295,NaN,NaN,NaN,NaN,NaN,NaN,NaN,NaN,NaN,NaN,NaN,5.4377,NaN,NaN,NaN,11.55,6.553,NaN,NaN,NaN,NaN,NaN,NaN,NaN,NaN,NaN,15.634,NaN,NaN,NaN,16.355,NaN,14.535,NaN,NaN,NaN,11.054,NaN,10.575,17.567,2.3424,3.6642,4.8203,9.7252,2.596,1.8345,19,14.58,NaN,NaN,NaN,NaN,NaN,6.7409,NaN,NaN,5.1894,NaN
29.194,1.3761,NaN,9.1089,18.908,9.936,0.86638,5.9444,17.272,7.487,20.412,9.115,4.4167,3.8982,NaN,9.3211,82.038,5.8201,12.006,8.2426,13.173,2.4527,9.8873,22.61,2.8504,NaN,0.9894,17.249,10.411,10.305,9.9057,7.3499,2.4844,4.057,1.7431,5.2288,5.0116,2.3592,4.0288,8.9315,5.5326,12.323,NaN,NaN,NaN,NaN,NaN,NaN,NaN,NaN,NaN,NaN,NaN,3.8425,NaN,NaN,NaN,11.799,9.9927,NaN,NaN,NaN,NaN,NaN,NaN,NaN,NaN,NaN,14.749,NaN,NaN,NaN,7.2337,NaN,31.298,NaN,NaN,NaN,3.1364,NaN,4.4111,5.3539,6.4658,2.7202,14.375,7.5724,3.3964,11.779,3.0066,1.3775,NaN,NaN,NaN,NaN,NaN,2.4986,NaN,NaN,12.567,NaN
4.0104,6.1384,NaN,7.7146,4.9169,12.093,7.0356,6.3586,2.7397,10.657,10.856,8.0452,1.6218,1.6668,NaN,8.7507,4.991,5.8308,6.1211,2.8425,2.7908,5.2468,5.3262,23.087,3.4341,NaN,4.1437,5.0684,4.1238,11.481,7.9184,6.1696,16.728,1.732,8.7586,9.3995,3.4027,10.789,3.686,9.387,5.2812,3.7213,NaN,NaN,NaN,NaN,NaN,NaN,NaN,NaN,NaN,NaN,NaN,4.4849,NaN,NaN,NaN,9.8773,6.6073,NaN,NaN,NaN,NaN,NaN,NaN,NaN,NaN,NaN,9.6331,NaN,NaN,NaN,12.832,NaN,11.944,NaN,NaN,NaN,9.1736,NaN,3.4216,6.8561,8.5525,6.8919,8.3321,2.0626,4.1202,5.0943,1.5231,3.5284,NaN,NaN,NaN,NaN,NaN,5.4682,NaN,NaN,5.1008,NaN
5.4863,8.2877,NaN,14.004,20.187,7.6915,4.5281,7.8523,3.6759,10.004,8.6534,4.7008,4.4431,3.7408,NaN,19.585,9.6074,25.216,1.8671,9.8642,5.1639,6.9117,11.761,12.828,0.95052,NaN,16.811,10.217,6.8421,2.8393,12.122,6.4589,2.7806,9.5985,9.415,7.6727,2.8844,7.2331,4.7464,5.8218,12.118,6.6077,NaN,NaN,NaN,NaN,NaN,NaN,NaN,NaN,NaN,NaN,NaN,8.229,NaN,NaN,NaN,1.7498,5.2811,NaN,NaN,NaN,NaN,NaN,NaN,NaN,NaN,NaN,15.859,NaN,NaN,NaN,1.4058,NaN,3.5208,NaN,NaN,NaN,8.0745,NaN,1.2633,7.1851,11.384,28.05,6.9361,2.1007,23.772,18.522,3.8965,8.277,NaN,NaN,NaN,NaN,NaN,2.7024,NaN,NaN,12.071,NaN
6.1904,8.3126,NaN,18.248,3.1135,3.674,7.7997,5.2563,2.6887,3.6318,33.354,9.9419,6.1891,6.3803,NaN,17.677,8.5227,6.9694,11.577,0.78573,11.036,4.8058,9.1005,2.8617,7.5316,NaN,7.791,3.3931,4.8485,7.9017,6.9807,1.5679,15.856,10.095,4.1934,3.4701,12.169,1.7805,6.6098,5.2086,10.636,5.7246,NaN,NaN,NaN,NaN,NaN,NaN,NaN,NaN,NaN,NaN,NaN,1.1226,NaN,NaN,NaN,8.8282,6.9896,NaN,NaN,NaN,NaN,NaN,NaN,NaN,NaN,NaN,8.2065,NaN,NaN,NaN,7.3945,NaN,8.8235,NaN,NaN,NaN,26.589,NaN,3.7594,9.0248,1.756,3.5753,3.9509,3.4768,6.9345,4.5445,10.212,6.8713,NaN,NaN,NaN,NaN,NaN,0.7157,NaN,NaN,8.2231,NaN
13.95,11.011,NaN,7.4359,16.472,11.796,6.3867,11.138,3.6552,7.0208,5.6195,23.107,4.5763,16.779,NaN,2.1035,1.7188,13.929,8.3646,1.1155,11.232,2.9494,1.6211,6.8136,7.4652,NaN,0.33016,6.1664,6.1469,7.3684,8.1363,14.308,9.8466,6.3253,0.38023,2.793,4.1991,20.159,8.8099,10.707,8.552,9.3033,NaN,NaN,NaN,NaN,NaN,NaN,NaN,NaN,NaN,NaN,NaN,9.0802,NaN,NaN,NaN,8.1077,1.5596,NaN,NaN,NaN,NaN,NaN,NaN,NaN,NaN,NaN,12.15,NaN,NaN,NaN,4.195,NaN,20.49,NaN,NaN,NaN,8.9807,NaN,3.6725,8.0126,16.206,2.5011,3.537,7.2107,2.4953,17.389,6.932,7.8401,NaN,NaN,NaN,NaN,NaN,8.2639,NaN,NaN,15.537,NaN
8.6,3.2213,NaN,9.4759,8.4788,9.1275,10.817,6.5605,10.725,3.9331,10.539,32.998,6.2683,3.1074,NaN,2.7625,2.1101,30.071,6.9878,34.25,3.9055,28.639,6.1795,0.75558,4.5364,NaN,4.882,5.9124,5.785,3.4311,8.0871,6.276,2.8666,3.517,5.3913,8.4797,16.945,6.2707,8.2179,4.1466,4.6375,2.4031,NaN,NaN,NaN,NaN,NaN,NaN,NaN,NaN,NaN,NaN,NaN,11.301,NaN,NaN,NaN,5.064,11.48,NaN,NaN,NaN,NaN,NaN,NaN,NaN,NaN,NaN,7.9428,NaN,NaN,NaN,7.5802,NaN,3.1902,NaN,NaN,NaN,8.2444,NaN,13.975,5.8182,14.329,14.034,2.6816,7.1148,4.2485,1.7376,0.40818,5.4167,NaN,NaN,NaN,NaN,NaN,6.058,NaN,NaN,13.628,NaN
22.311,7.1033,NaN,5.9001,11.019,14.859,5.8553,2.9328,4.9977,7.1336,21.054,5.949,5.614,3.1074,NaN,12.102,9.7588,8.2765,9.8831,10.702,25.039,6.0991,9.7598,9.4993,5.2822,NaN,5.891,14.901,31.751,19.606,8.3076,12.293,2.9667,2.5192,3.236,7.7396,8.777,4.7918,3.6657,3.1351,3.4094,11.229,NaN,NaN,NaN,NaN,NaN,NaN,NaN,NaN,NaN,NaN,NaN,3.533,NaN,NaN,NaN,5.383,7.0377,NaN,NaN,NaN,NaN,NaN,NaN,NaN,NaN,NaN,4.8051,NaN,NaN,NaN,10.672,NaN,15.904,NaN,NaN,NaN,5.2105,NaN,8.7093,7.8839,5.7875,3.7571,14.244,8.5489,4.9886,15.294,6.0078,9.2617,NaN,NaN,NaN,NaN,NaN,3.8821,NaN,NaN,8.6223,NaN
12.493,14.799,NaN,3.2447,3.7903,9.8146,8.708,2.835,0.67365,2.7844,3.1867,9.7317,10.452,10.428,NaN,13.574,13.632,6.9369,1.3184,5.8754,3.6873,3.3739,15.671,1.258,2.888,NaN,10.738,2.903,6.547,26.609,9.22,19.042,1.2088,11.446,7.5517,8.8154,4.6124,11.453,4.6052,4.0259,8.8108,6.2462,NaN,NaN,NaN,NaN,NaN,NaN,NaN,NaN,NaN,NaN,NaN,14.161,NaN,NaN,NaN,6.3512,5.0127,NaN,NaN,NaN,NaN,NaN,NaN,NaN,NaN,NaN,7.7112,NaN,NaN,NaN,16.243,NaN,7.6176,NaN,NaN,NaN,5.2862,NaN,8.6612,12.841,3.6725,2.3327,13.57,5.0698,2.9863,3.5723,3.2404,5.0385,NaN,NaN,NaN,NaN,NaN,5.1135,NaN,NaN,1.4264,NaN
10.33,9.6995,NaN,5.5583,6.3057,6.0927,5.0443,1.6659,4.5287,15.267,11.637,19.139,5.5481,9.5857,NaN,13.265,20.66,2.5831,5.0525,7.2018,2.9516,1.759,7.6517,4.8626,5.8085,NaN,6.893,12.707,3.8776,11.369,12.446,10.445,4.9765,8.0317,4.8438,7.6786,16.627,0.7565,4.4446,3.3761,9.2827,9.4823,NaN,NaN,NaN,NaN,NaN,NaN,NaN,NaN,NaN,NaN,NaN,3.1008,NaN,NaN,NaN,9.2594,8.2366,NaN,NaN,NaN,NaN,NaN,NaN,NaN,NaN,NaN,5.6201,NaN,NaN,NaN,13.738,NaN,7.2107,NaN,NaN,NaN,4.3188,NaN,9.4144,11.356,9.7707,2.069,0.61128,1.6689,11.482,22.498,6.7379,0.7563,NaN,NaN,NaN,NaN,NaN,3.8944,NaN,NaN,6.9576,NaN
14.387,3.4052,NaN,11.682,6.1614,0.54888,4.8261,2.041,1.2576,3.1409,13.643,11.927,7.1222,8.5128,NaN,12,7.1056,34.04,9.7528,3.7799,6.5045,2.897,5.5625,2.8497,6.13,NaN,12.368,4.9217,3.6102,5.2771,2.3016,6.9627,15.133,10.737,6.8404,3.7843,14.757,12.159,13.744,3.7157,6.8019,4.8863,NaN,NaN,NaN,NaN,NaN,NaN,NaN,NaN,NaN,NaN,NaN,6.961,NaN,NaN,NaN,5.4194,9.4885,NaN,NaN,NaN,NaN,NaN,NaN,NaN,NaN,NaN,7.8913,NaN,NaN,NaN,4.7287,NaN,7.7804,NaN,NaN,NaN,17.571,NaN,2.3093,9.562,1.6153,1.7437,6.2271,7.6955,8.5045,3.508,10.896,6.9978,NaN,NaN,NaN,NaN,NaN,6.4828,NaN,NaN,9.1631,NaN
2.078,4.8331,NaN,10.193,9.3638,33.17,7.8156,8.3857,8.4497,1.6785,18.154,4.111,5.2539,7.4337,NaN,19.781,5.7816,5.5164,11.409,10.585,5.8814,5.8476,19.466,9.6404,10.474,NaN,7.2039,4.6038,2.0316,2.1367,17.436,19.283,1.8815,9.5037,4.9693,1.4014,9.3431,3.1335,4.255,8.8699,4.0847,9.2452,NaN,NaN,NaN,NaN,NaN,NaN,NaN,NaN,NaN,NaN,NaN,5.6781,NaN,NaN,NaN,6.3456,11.026,NaN,NaN,NaN,NaN,NaN,NaN,NaN,NaN,NaN,5.5113,NaN,NaN,NaN,3.3496,NaN,1.9172,NaN,NaN,NaN,3.1245,NaN,5.6614,4.4098,6.4262,3.1659,12.513,3.3385,13.212,4.2031,21.145,1.3012,NaN,NaN,NaN,NaN,NaN,6.2883,NaN,NaN,3.8786,NaN
4.4046,11.723,NaN,12.438,10.046,12.745,3.1858,7.6067,9.5499,14.441,12.699,16.935,5.6584,6.355,NaN,10.049,13.353,4.3222,10.316,7.6842,1.6551,1.5625,5.42,4.6258,8.9516,NaN,12.364,7.5698,4.8526,6.9618,7.7119,9.0466,20.534,55.31,1.6044,4.2506,12.072,5.4,6.0555,6.1915,6.2315,11.815,NaN,NaN,NaN,NaN,NaN,NaN,NaN,NaN,NaN,NaN,NaN,14.279,NaN,NaN,NaN,7.3333,3.7393,NaN,NaN,NaN,NaN,NaN,NaN,NaN,NaN,NaN,9.0866,NaN,NaN,NaN,3.8625,NaN,6.2185,NaN,NaN,NaN,4.7921,NaN,16.916,16.492,5.7687,4.0655,2.8466,12.508,2.4435,3.297,4.798,5.9882,NaN,NaN,NaN,NaN,NaN,1.3215,NaN,NaN,6.2573,NaN
9.4838,2.0207,NaN,15.969,14.907,16.218,9.0531,6.6995,9.2216,11.866,8.6918,11.455,4.8094,6.8031,NaN,8.795,10.497,11.455,6.0603,8.926,9.4035,11.527,6.9043,2.9694,3.0112,NaN,9.9008,10.543,8.8448,6.7213,10.958,15.033,16.758,4.2347,5.4801,4.5662,13.65,17.931,2.7583,9.2249,4.7153,6.3608,NaN,NaN,NaN,NaN,NaN,NaN,NaN,NaN,NaN,NaN,NaN,3.0829,NaN,NaN,NaN,1.0415,8.6836,NaN,NaN,NaN,NaN,NaN,NaN,NaN,NaN,NaN,13.005,NaN,NaN,NaN,16.65,NaN,10.614,NaN,NaN,NaN,25.107,NaN,8.1701,15.133,16.996,16.738,7.6731,5.165,6.4785,3.7157,9.1285,9.9838,NaN,NaN,NaN,NaN,NaN,9.3588,NaN,NaN,8.3723,NaN
8.7957,11.673,NaN,6.6928,8.1507,9.5309,5.4605,0.98004,5.7832,12.497,13.955,16.247,5.1858,13.472,NaN,6.7942,13.739,3.7275,8.5957,7.9621,14.794,2.4054,10.151,4.7676,7.172,NaN,8.2879,11.525,5.7317,14.395,16.634,11.425,5.2082,5.883,4.8269,7.5897,11.23,1.2283,2.2788,4.8886,3.3087,12.337,NaN,NaN,NaN,NaN,NaN,NaN,NaN,NaN,NaN,NaN,NaN,3.0144,NaN,NaN,NaN,9.802,13.995,NaN,NaN,NaN,NaN,NaN,NaN,NaN,NaN,NaN,4.4796,NaN,NaN,NaN,7.3725,NaN,15.253,NaN,NaN,NaN,1.2901,NaN,14.928,5.2876,3.4508,4.68,11.4,15.743,16.629,7.706,7.9938,2.8437,NaN,NaN,NaN,NaN,NaN,2.3518,NaN,NaN,15.819,NaN
10.966,2.6878,NaN,5.7031,12.577,9.7839,2.0742,15.472,4.9048,7.7387,22.64,25.667,7.6619,6.5796,NaN,5.7218,2.3553,13.794,9.6573,8.6105,3.4031,7.5298,4.2498,15.615,15.799,NaN,4.5382,18.965,8.5181,13.174,3.8156,17.397,2.0077,4.8335,6.1626,4.1312,9.769,6.0302,6.5791,5.6332,5.4786,5.7285,NaN,NaN,NaN,NaN,NaN,NaN,NaN,NaN,NaN,NaN,NaN,1.4463,NaN,NaN,NaN,18.324,1.3007,NaN,NaN,NaN,NaN,NaN,NaN,NaN,NaN,NaN,15.69,NaN,NaN,NaN,8.2555,NaN,8.2153,NaN,NaN,NaN,2.8494,NaN,8.7962,4.4814,5.955,1.4352,24.524,3.6767,12.134,3.2687,17.703,11.517,NaN,NaN,NaN,NaN,NaN,7.2952,NaN,NaN,0.41429,NaN
5.9795,17.318,NaN,9.3841,11.92,6.4914,0.93641,9.3096,10.893,4.256,12.088,7.5031,5.6421,17.999,NaN,4.0081,5.7097,6.4912,12.097,4.1663,17.37,1.7613,5.4731,13.406,5.8567,NaN,1.043,6.1218,20.131,8.2456,5.3656,14.955,4.1227,5.0916,4.9002,4.1634,8.9313,12.296,4.6469,3.7098,5.4941,12.4,NaN,NaN,NaN,NaN,NaN,NaN,NaN,NaN,NaN,NaN,NaN,6.3242,NaN,NaN,NaN,5.6626,4.4442,NaN,NaN,NaN,NaN,NaN,NaN,NaN,NaN,NaN,7.9723,NaN,NaN,NaN,5.8984,NaN,8.1785,NaN,NaN,NaN,10.274,NaN,9.2631,0.70696,3.0089,5.8702,4.645,4.9976,7.9102,5.4292,17.333,15.406,NaN,NaN,NaN,NaN,NaN,1.4514,NaN,NaN,15.992,NaN
19.604,8.8797,NaN,7.0302,17.095,5.0875,16.999,5.4033,3.1622,7.3544,4.9524,4.0587,10.702,2.7595,NaN,4.0598,1.0468,4.3501,13.4,6.8631,4.6376,19.874,6.4118,13.202,3.451,NaN,4.6955,8.9201,3.2267,2.7614,2.3845,9.5437,5.2212,3.7383,5.6422,7.802,5.3248,11.184,4.1087,7.3082,5.0614,4.1462,NaN,NaN,NaN,NaN,NaN,NaN,NaN,NaN,NaN,NaN,NaN,14.571,NaN,NaN,NaN,5.2738,2.9471,NaN,NaN,NaN,NaN,NaN,NaN,NaN,NaN,NaN,8.7748,NaN,NaN,NaN,6.3765,NaN,2.7709,NaN,NaN,NaN,6.2302,NaN,9.3481,12.755,7.0385,2.2708,8.6692,10.834,4.6358,3.4853,2.9032,16.124,NaN,NaN,NaN,NaN,NaN,11.109,NaN,NaN,3.9444,NaN
3.4826,9.6185,NaN,13.742,8.3838,8.8174,2.9081,6.9723,10.71,5.9548,15.458,18.667,5.4057,3.852,NaN,2.46,6.6379,7.6678,18.025,7.151,14.691,3.8041,9.5761,9.303,3.4648,NaN,10.111,9.1704,3.9494,2.5277,5.83,13.599,17.405,5.7934,7.307,6.7111,18.303,0.98927,5.504,7.2576,9.1329,13.596,NaN,NaN,NaN,NaN,NaN,NaN,NaN,NaN,NaN,NaN,NaN,4.832,NaN,NaN,NaN,11.736,1.3152,NaN,NaN,NaN,NaN,NaN,NaN,NaN,NaN,NaN,2.5126,NaN,NaN,NaN,8.0439,NaN,5.6863,NaN,NaN,NaN,1.7568,NaN,12.982,5.6949,3.3283,3.4267,12.962,10.5,4.9666,3.0944,18.713,3.02,NaN,NaN,NaN,NaN,NaN,1.3648,NaN,NaN,10.492,NaN
5.6606,2.3623,NaN,4.2129,12.302,7.9448,6.5378,1.0946,5.1808,17.097,24.04,7.3847,11.445,14.28,NaN,7.7474,5.7055,22.141,8.9121,3.2748,4.4894,1.9672,4.877,16.11,5.0058,NaN,6.4623,15.377,5.0008,5.135,7.622,7.6065,7.988,3.5682,0.62496,8.3423,14.055,3.9467,1.9094,1.0414,2.3514,9.5762,NaN,NaN,NaN,NaN,NaN,NaN,NaN,NaN,NaN,NaN,NaN,2.7209,NaN,NaN,NaN,15.644,22.047,NaN,NaN,NaN,NaN,NaN,NaN,NaN,NaN,NaN,10.753,NaN,NaN,NaN,9.1069,NaN,2.1167,NaN,NaN,NaN,9.3452,NaN,4.4481,17.003,7.8092,1.8632,12.663,11.842,9.1942,12.018,12.017,13.462,NaN,NaN,NaN,NaN,NaN,5.4564,NaN,NaN,8.7711,NaN
10.77,1.6808,NaN,10.736,8.0894,5.8605,8.7343,11.621,2.1298,8.7843,43.198,9.5935,7.6872,4.1212,NaN,8.2683,3.4109,10.63,2.7885,7.727,6.4393,12.036,5.9692,16.749,5.3765,NaN,13.626,4.1956,4.4532,5.28,18.942,18.181,16.307,8.3117,5.8743,2.7196,14.937,8.0535,11.617,14.317,9.1878,18.427,NaN,NaN,NaN,NaN,NaN,NaN,NaN,NaN,NaN,NaN,NaN,3.271,NaN,NaN,NaN,14.348,1.0431,NaN,NaN,NaN,NaN,NaN,NaN,NaN,NaN,NaN,0.57073,NaN,NaN,NaN,3.0685,NaN,9.5911,NaN,NaN,NaN,1.0866,NaN,10.07,2.425,6.751,1.2335,8.7683,5.0094,17.81,11.046,9.5968,9.2522,NaN,NaN,NaN,NaN,NaN,3.0396,NaN,NaN,10.851,NaN
4.6604,3.8671,NaN,2.9163,4.7812,4.8184,2.9638,7.038,5.3968,5.515,18.068,4.2114,5.7354,5.2341,NaN,18.323,8.4211,9.9231,2.596,4.8392,3.3257,7.7963,6.1476,9.097,2.9058,NaN,7.9485,6.9906,2.5756,1.0547,11.017,11.746,7.5762,4.1412,12.164,1.5634,6.0026,1.3827,7.1378,12.593,10.612,7.7589,NaN,NaN,NaN,NaN,NaN,NaN,NaN,NaN,NaN,NaN,NaN,6.4914,NaN,NaN,NaN,15.264,9.7668,NaN,NaN,NaN,NaN,NaN,NaN,NaN,NaN,NaN,5.8734,NaN,NaN,NaN,4.0679,NaN,12.969,NaN,NaN,NaN,4.3203,NaN,4.2866,1.2733,7.1777,0.37324,8.1862,10.562,10.025,6.659,7.2188,7.4236,NaN,NaN,NaN,NaN,NaN,7.7053,NaN,NaN,11.446,NaN
5.1865,5.9485,NaN,9.8411,4.099,9.5909,7.8546,7.7274,1.8714,5.3051,6.4833,3.746,7.6944,9.223,NaN,16.997,20.47,19.11,2.4879,5.7737,7.3569,7.9921,5.6777,17.016,5.1897,NaN,3.2576,12.318,3.7447,2.983,10.293,2.908,3.4227,8.1387,3.5445,6.0078,6.14,4.4047,3.3822,3.2355,3.4061,6.3554,NaN,NaN,NaN,NaN,NaN,NaN,NaN,NaN,NaN,NaN,NaN,8.8777,NaN,NaN,NaN,6.6994,5.711,NaN,NaN,NaN,NaN,NaN,NaN,NaN,NaN,NaN,4.0207,NaN,NaN,NaN,8.8971,NaN,12.556,NaN,NaN,NaN,10.613,NaN,6.0652,4.5716,8.5255,4.1537,5.1263,6.3474,3.4734,9.8586,2.3064,4.3825,NaN,NaN,NaN,NaN,NaN,3.6479,NaN,NaN,9.0201,NaN
13.139,4.4528,NaN,10.569,16.16,4.0316,3.2636,8.1036,2.5563,11.959,10.691,15.253,7.5384,5.8095,NaN,10.961,2.136,7.1632,15.622,7.0734,4.5117,4.3368,7.1886,7.3541,9.045,NaN,2.0546,4.7904,1.652,20.103,6.2286,8.08,0.99421,8.108,9.3312,3.6811,4.0431,3.8051,4.1681,3.8448,12.648,8.5522,NaN,NaN,NaN,NaN,NaN,NaN,NaN,NaN,NaN,NaN,NaN,5.7225,NaN,NaN,NaN,3.3992,5.0211,NaN,NaN,NaN,NaN,NaN,NaN,NaN,NaN,NaN,20.63,NaN,NaN,NaN,35.546,NaN,1.408,NaN,NaN,NaN,13.943,NaN,6.8412,5.0433,1.5974,2.0785,9.5788,0.88826,11.4,4.7252,10.698,9.9432,NaN,NaN,NaN,NaN,NaN,9.9641,NaN,NaN,2.3376,NaN
7.9687,9.0958,NaN,9.714,9.7896,6.7699,5.9373,7.8381,11.366,23.188,12.438,17.016,7.0785,15.302,NaN,2.2881,9.6939,4.4898,5.5437,11.944,14.31,5.3434,5.577,15.549,4.2901,NaN,11.866,7.5229,15.372,22.299,8.3258,6.2474,5.1432,13.84,5.3721,14.928,14.894,4.122,6.1276,10.702,15.793,20.13,NaN,NaN,NaN,NaN,NaN,NaN,NaN,NaN,NaN,NaN,NaN,2.8514,NaN,NaN,NaN,5.8513,7.0454,NaN,NaN,NaN,NaN,NaN,NaN,NaN,NaN,NaN,0.94185,NaN,NaN,NaN,6.2579,NaN,5.5614,NaN,NaN,NaN,1.5235,NaN,9.7751,1.8489,16.981,4.4975,35.952,9.7665,24.372,16.613,14.394,3.6684,NaN,NaN,NaN,NaN,NaN,3.366,NaN,NaN,15.612,NaN
27.733,10.101,NaN,5.1034,4.2145,4.9266,11.507,6.7839,6.3382,14.188,20.258,11.916,10.361,5.7536,NaN,10.069,6.7635,10.937,5.1305,10.35,9.8501,9.3835,32.246,6.6235,9.9008,NaN,14.581,2.8338,10.5,6.2186,1.7342,6.0195,6.1042,8.5503,3.8285,7.1901,15.063,1.294,10.28,4.3834,10.283,14.913,NaN,NaN,NaN,NaN,NaN,NaN,NaN,NaN,NaN,NaN,NaN,5.6988,NaN,NaN,NaN,8.9886,2.7231,NaN,NaN,NaN,NaN,NaN,NaN,NaN,NaN,NaN,4.9821,NaN,NaN,NaN,6.8309,NaN,4.2649,NaN,NaN,NaN,2.5793,NaN,11.552,7.2686,1.7226,2.6326,12.837,9.4,2.9821,4.5218,8.4998,11.081,NaN,NaN,NaN,NaN,NaN,1.2152,NaN,NaN,3.3903,NaN
3.9401,18.08,NaN,17.566,15.051,7.4255,3.9713,6.5869,3.2568,6.3275,40.118,15.67,3.644,3.7392,NaN,12.277,10.385,10.435,2.4461,9.6279,2.8674,8.0301,11.359,8.4231,3.0666,NaN,10.505,5.273,6.1262,6.7874,20.243,15.65,7.4919,5.7543,3.1191,8.4546,20.69,3.9686,4.2973,19.174,6.9462,10.84,NaN,NaN,NaN,NaN,NaN,NaN,NaN,NaN,NaN,NaN,NaN,3.6347,NaN,NaN,NaN,10.293,3.0123,NaN,NaN,NaN,NaN,NaN,NaN,NaN,NaN,NaN,4.3603,NaN,NaN,NaN,4.6466,NaN,11.189,NaN,NaN,NaN,3.6681,NaN,9.7763,3.423,4.2834,3.5808,10.593,2.1564,7.0411,6.7996,7.7612,5.3376,NaN,NaN,NaN,NaN,NaN,1.3338,NaN,NaN,6.5067,NaN
2.6956,14.174,NaN,4.8664,12.074,6.041,6.2799,13.202,11.584,11.141,5.623,4.891,15.568,7.1141,NaN,7.5393,2.32,14.673,2.6524,2.4979,8.798,18.269,7.3116,8.5613,5.3101,NaN,4.2254,16.108,10.51,3.1227,5.1216,7.6029,9.8233,9.1191,12.071,19.531,5.5612,4.044,4.7923,9.406,9.654,8.7774,NaN,NaN,NaN,NaN,NaN,NaN,NaN,NaN,NaN,NaN,NaN,5.8814,NaN,NaN,NaN,25.194,12.527,NaN,NaN,NaN,NaN,NaN,NaN,NaN,NaN,NaN,21.894,NaN,NaN,NaN,2.9371,NaN,11.959,NaN,NaN,NaN,5.8821,NaN,8.6299,19.77,8.5029,6.6894,5.5815,9.9504,12.211,7.2365,13.968,9.4049,NaN,NaN,NaN,NaN,NaN,6.0745,NaN,NaN,5.2854,NaN
5.7048,0.93792,NaN,11.039,16.156,20.899,8.2077,5.4654,14.237,0.27899,7.482,11.71,1.9951,0.40832,NaN,1.8579,3.5281,29.046,4.0264,5.5083,6.3088,4.5844,10.398,11.207,5,NaN,16.24,9.2517,11.426,7.9035,17.016,15.056,9.1551,7.7405,3.0391,13.996,8.8387,26.713,3.6074,5.3411,2.3696,5.266,NaN,NaN,NaN,NaN,NaN,NaN,NaN,NaN,NaN,NaN,NaN,4.3809,NaN,NaN,NaN,0.8157,9.6912,NaN,NaN,NaN,NaN,NaN,NaN,NaN,NaN,NaN,19.514,NaN,NaN,NaN,0.9665,NaN,10.006,NaN,NaN,NaN,5.6851,NaN,3.9066,3.4919,14.704,11.124,5.703,9.8934,33.613,5.9793,17.548,9.7753,NaN,NaN,NaN,NaN,NaN,12.215,NaN,NaN,2.0901,NaN
17.925,1.3002,NaN,22.543,6.7923,7.2484,3.9571,13.653,2.1232,2.029,9.7219,30.803,5.8681,7.7512,NaN,5.5666,10.696,11.55,8.5394,15.28,25.35,10.239,14.069,21.599,15.858,NaN,7.0694,1.2129,5.2847,6.0897,17.535,3.7008,3.0738,1.4425,7.1043,1.9166,14.597,7.6409,3.5046,4.1244,5.367,3.7441,NaN,NaN,NaN,NaN,NaN,NaN,NaN,NaN,NaN,NaN,NaN,6.6074,NaN,NaN,NaN,3.8059,3.3389,NaN,NaN,NaN,NaN,NaN,NaN,NaN,NaN,NaN,14.188,NaN,NaN,NaN,18.01,NaN,7.1427,NaN,NaN,NaN,7.5847,NaN,2.2752,6.901,4.9345,4.5909,9.0437,3.6967,8.938,12.072,6.1124,2.0258,NaN,NaN,NaN,NaN,NaN,3.9014,NaN,NaN,3.8557,NaN
31.108,7.8862,NaN,12.616,3.1772,9.654,17.225,4.9019,5.7768,5.2411,11.35,4.0774,1.7915,55.963,NaN,4.5517,9.0666,9.4736,8.4487,14.556,6.5766,2.656,4.9467,4.4652,10.723,NaN,5.9822,17.211,20.145,14.803,10.425,12.417,6.9739,3.7794,8.9053,31.375,6.2536,3.1686,5.6304,7.3407,3.7005,8.4315,NaN,NaN,NaN,NaN,NaN,NaN,NaN,NaN,NaN,NaN,NaN,18.869,NaN,NaN,NaN,3.248,4.2496,NaN,NaN,NaN,NaN,NaN,NaN,NaN,NaN,NaN,1.1252,NaN,NaN,NaN,15.24,NaN,9.0016,NaN,NaN,NaN,9.2236,NaN,9.2826,12.992,7.1379,9.7562,12.916,5.9954,12.257,19.964,5.3244,7.5764,NaN,NaN,NaN,NaN,NaN,16.55,NaN,NaN,7.0973,NaN
13.925,15.565,NaN,5.3397,11.407,10.564,5.1045,8.6742,8.1228,25.011,9.0483,5.035,5.3744,5.4363,NaN,6.2195,20.204,7.6925,1.6656,2.8312,11.706,11.919,2.5076,4.1801,7.4248,NaN,5.4355,10.309,20.56,13.593,1.173,9.7413,15.657,2.0949,18.754,7.8422,0.81426,15.051,8.0143,5.114,3.4931,12.092,NaN,NaN,NaN,NaN,NaN,NaN,NaN,NaN,NaN,NaN,NaN,7.2156,NaN,NaN,NaN,3.9244,17.784,NaN,NaN,NaN,NaN,NaN,NaN,NaN,NaN,NaN,5.7997,NaN,NaN,NaN,1.2712,NaN,2.882,NaN,NaN,NaN,7.7822,NaN,10.287,4.1914,16.033,4.3442,8.9018,16.423,5.3167,5.5212,8.6156,7.4149,NaN,NaN,NaN,NaN,NaN,4.3474,NaN,NaN,7.5414,NaN
4.3089,8.5351,NaN,25.477,4.7034,4.1244,23.357,2.743,7.1829,8.1174,12.794,8.9599,6.1963,3.353,NaN,9.9064,7.0933,18.335,2.8107,56.833,22.373,6.7168,30.132,12.263,6.47,NaN,12.374,1.0067,8.3297,19.186,0.82217,11.095,20.126,7.0104,7.0391,12.853,7.9754,5.75,6.149,8.9705,5.129,24.02,NaN,NaN,NaN,NaN,NaN,NaN,NaN,NaN,NaN,NaN,NaN,2.8544,NaN,NaN,NaN,6.5917,24.332,NaN,NaN,NaN,NaN,NaN,NaN,NaN,NaN,NaN,6.8211,NaN,NaN,NaN,4.707,NaN,4.7121,NaN,NaN,NaN,4.0025,NaN,2.1169,25.65,4.1346,2.9341,33.3,3.7873,25.804,3.2633,2.3175,3.3427,NaN,NaN,NaN,NaN,NaN,1.8582,NaN,NaN,9.3854,NaN
4.8425,11.12,NaN,7.28,6.3451,7.3277,6.7214,6.3543,10.296,7.4935,9.3316,7.6049,11.599,3.6884,NaN,3.1309,9.6766,11.444,6.9905,14.597,12.015,6.2513,15.021,8.6507,7.0109,NaN,9.6239,5.4973,9.5939,2.3358,12.193,17.671,15.092,3.759,3.9867,6.3788,0.67073,3.8222,9.0357,2.7951,4.9323,17.025,NaN,NaN,NaN,NaN,NaN,NaN,NaN,NaN,NaN,NaN,NaN,5.473,NaN,NaN,NaN,11.646,9.7229,NaN,NaN,NaN,NaN,NaN,NaN,NaN,NaN,NaN,9.9692,NaN,NaN,NaN,4.9853,NaN,9.8629,NaN,NaN,NaN,13.832,NaN,4.0138,17.007,8.5398,4.2098,5.9639,0.98148,0.54041,1.7625,6.7046,9.1698,NaN,NaN,NaN,NaN,NaN,2.2824,NaN,NaN,4.9812,NaN
3.6047,6.7403,NaN,11.153,14.111,8.797,5.7827,17.923,3.087,6.4615,11.155,6.5764,5.7038,7.4109,NaN,16.32,7.3332,19.311,2.9382,28.972,1.0201,3.5955,12.757,10.61,4.0268,NaN,14.464,5.8174,1.8484,12.069,6.5804,13.085,15.6,12.202,9.0507,4.9734,23.791,12.563,10.796,10.629,6.9695,6.9962,NaN,NaN,NaN,NaN,NaN,NaN,NaN,NaN,NaN,NaN,NaN,2.2226,NaN,NaN,NaN,6.5348,5.2779,NaN,NaN,NaN,NaN,NaN,NaN,NaN,NaN,NaN,4.7545,NaN,NaN,NaN,1.6341,NaN,17.153,NaN,NaN,NaN,5.1757,NaN,10.261,3.1708,4.2737,5.5466,11.664,3.3658,14.997,6.4387,6.7621,2.0103,NaN,NaN,NaN,NaN,NaN,7.303,NaN,NaN,10.835,NaN
13.295,6.0781,NaN,12.684,11.01,5.8632,1.2604,16.982,4.9222,2.1907,45.33,7.7096,8.2132,14.784,NaN,9.7198,8.2557,4.245,7.8143,6.9399,45.538,6.6673,11.247,30.445,11.505,NaN,8.0207,1.5027,11.224,7.2529,15.33,4.3209,2.9519,2.3334,11.624,5.5251,14.814,16.335,3.9103,1.9418,2.3455,4.9939,NaN,NaN,NaN,NaN,NaN,NaN,NaN,NaN,NaN,NaN,NaN,5.7741,NaN,NaN,NaN,4.5563,8.6823,NaN,NaN,NaN,NaN,NaN,NaN,NaN,NaN,NaN,16.483,NaN,NaN,NaN,12.49,NaN,9.8874,NaN,NaN,NaN,9.0717,NaN,1.1799,5.2692,3.5026,4.3163,11.558,8.1427,5.7159,73.302,4.8677,5.3648,NaN,NaN,NaN,NaN,NaN,7.5755,NaN,NaN,3.0428,NaN
9.5124,1.2095,NaN,14.737,2.5656,11.577,9.6745,3.9496,0.82328,6.926,16.336,7.8553,9.3715,11.479,NaN,9.7726,5.5269,8.9757,7.5493,5.6558,13.812,1.547,1.1888,6.3727,8.9711,NaN,3.9281,11.382,15.042,7.3716,10.163,1.5108,19.891,7.0632,7.39,16.646,7.1739,3.8512,2.3968,6.494,1.7591,20.791,NaN,NaN,NaN,NaN,NaN,NaN,NaN,NaN,NaN,NaN,NaN,3.6503,NaN,NaN,NaN,14.857,9.6782,NaN,NaN,NaN,NaN,NaN,NaN,NaN,NaN,NaN,8.5921,NaN,NaN,NaN,8.6338,NaN,4.8918,NaN,NaN,NaN,19.737,NaN,0.32166,14.32,4.5172,7.6281,11.058,3.3174,5.2564,12.528,16.029,11.477,NaN,NaN,NaN,NaN,NaN,50.764,NaN,NaN,8.1785,NaN
4.9094,3.8926,NaN,6.6988,4.2178,4.9581,8.8515,9.6411,3.5259,3.8382,11.592,23.755,1.8955,10.042,NaN,11.395,26.572,19.814,3.8598,14.736,9.8216,10.433,9.3121,13.611,7.293,NaN,16.86,3.9911,19.559,14.602,7.1647,7.4266,9.49,3.8071,10.091,4.9428,4.4143,15.026,2.8421,1.8098,6.7782,16.012,NaN,NaN,NaN,NaN,NaN,NaN,NaN,NaN,NaN,NaN,NaN,6.7316,NaN,NaN,NaN,0.18679,1.8762,NaN,NaN,NaN,NaN,NaN,NaN,NaN,NaN,NaN,8.0491,NaN,NaN,NaN,12.001,NaN,4.6079,NaN,NaN,NaN,9.8727,NaN,5.0709,32.303,0.91583,4.3963,31.996,2.069,11.623,7.1276,5.4783,7.6927,NaN,NaN,NaN,NaN,NaN,15.808,NaN,NaN,6.2192,NaN
23.216,19.483,NaN,6.4794,13.817,7.6514,9.5387,9.3488,4.5645,23.335,4.9431,7.0236,4.9993,3.4207,NaN,9.9346,7.7018,6.6862,16.654,14.444,23.661,8.332,4.3725,7.6418,10.125,NaN,14.175,4.9577,6.5346,9.8604,7.8641,15.32,5.7551,15.678,10.534,5.1093,5.102,2.8377,1.8261,3.0334,8.5779,10.635,NaN,NaN,NaN,NaN,NaN,NaN,NaN,NaN,NaN,NaN,NaN,2.517,NaN,NaN,NaN,6.7301,3.8045,NaN,NaN,NaN,NaN,NaN,NaN,NaN,NaN,NaN,6.6921,NaN,NaN,NaN,4.1142,NaN,8.6014,NaN,NaN,NaN,4.4178,NaN,0.34907,8.0706,9.2325,6.1964,4.107,8.8541,1.4069,9.7178,3.5609,8.6828,NaN,NaN,NaN,NaN,NaN,8.426,NaN,NaN,5.2495,NaN
5.7456,4.8554,NaN,15.908,6.8959,6.6671,5.6588,11.396,9.4883,2.7395,5.076,8.1352,10.912,6.1162,NaN,3.4495,4.534,9.093,4.2665,37.512,9.9617,7.9884,4.6295,31.87,11.134,NaN,3.2864,10.46,7.8094,7.492,6.6714,49.791,9.0824,6.4473,11.857,5.5467,10.242,5.3739,7.7723,3.5424,1.9178,9.9891,NaN,NaN,NaN,NaN,NaN,NaN,NaN,NaN,NaN,NaN,NaN,2.869,NaN,NaN,NaN,6.4239,10.222,NaN,NaN,NaN,NaN,NaN,NaN,NaN,NaN,NaN,4.9863,NaN,NaN,NaN,7.0806,NaN,6.8576,NaN,NaN,NaN,2.0901,NaN,4.7583,5.9762,4.1904,6.1648,21.673,3.05,9.3939,5.6616,2.9002,6.403,NaN,NaN,NaN,NaN,NaN,5.9573,NaN,NaN,4.8514,NaN
0.29542,0.78197,NaN,8.9862,8.5618,4.7542,9.639,15.653,9.7444,10.341,13.013,2.4263,8.925,2.8746,NaN,10.232,4.4155,12.79,3.095,17.474,7.1362,5.6829,28.89,12.101,7.86,NaN,11.409,2.6209,13.745,13.76,4.3027,21.12,9.3865,10.044,16.337,4.2178,4.3954,16.8,14.493,9.4483,5.9764,7.6214,NaN,NaN,NaN,NaN,NaN,NaN,NaN,NaN,NaN,NaN,NaN,4.5378,NaN,NaN,NaN,4.3992,7.1476,NaN,NaN,NaN,NaN,NaN,NaN,NaN,NaN,NaN,4.8007,NaN,NaN,NaN,2.6914,NaN,18.052,NaN,NaN,NaN,1.1595,NaN,4.0816,4.7387,5.166,5.4451,19.501,4.2248,6.8503,3.4273,12.084,2.277,NaN,NaN,NaN,NaN,NaN,7.1833,NaN,NaN,4.2463,NaN
5.6924,9.267,NaN,8.4946,7.9461,2.3332,7.2004,6.0175,7.2824,1.8908,11.071,10.317,3.0263,7.0545,NaN,14.718,25.517,7.636,7.6765,12.272,5.5583,2.6546,8.1715,9.6937,4.813,NaN,12.019,7.867,37.696,10.397,6.005,10.288,12.075,6.5779,9.9192,8.1812,7.1243,10.43,2.759,3.8472,4.047,36.522,NaN,NaN,NaN,NaN,NaN,NaN,NaN,NaN,NaN,NaN,NaN,3.2711,NaN,NaN,NaN,5.1299,3.3486,NaN,NaN,NaN,NaN,NaN,NaN,NaN,NaN,NaN,6.4546,NaN,NaN,NaN,16.25,NaN,4.5519,NaN,NaN,NaN,15.749,NaN,4.4947,18.376,2.5449,4.6965,36.19,5.8866,9.999,1.7511,5.486,4.049,NaN,NaN,NaN,NaN,NaN,1.1695,NaN,NaN,9.8192,NaN
13.98,10.553,NaN,5.468,6.4173,12.875,27.053,2.5073,7.8968,4.0043,30.385,19.695,8.3813,11.988,NaN,3.6445,11.327,6.7558,3.1167,10.509,7.4665,3.7061,16.972,30.706,12.111,NaN,4.9255,12.437,4.7567,5.7002,0.84793,6.9016,3.755,4.3476,8.0523,2.9469,5.383,8.8155,4.0503,1.3985,7.7615,9.3795,NaN,NaN,NaN,NaN,NaN,NaN,NaN,NaN,NaN,NaN,NaN,2.3693,NaN,NaN,NaN,6.0976,3.3649,NaN,NaN,NaN,NaN,NaN,NaN,NaN,NaN,NaN,12.656,NaN,NaN,NaN,14.616,NaN,2.114,NaN,NaN,NaN,6.2549,NaN,6.8049,12.951,5.8877,6.8198,17.046,1.642,8.5231,1.4792,5.8328,4.4129,NaN,NaN,NaN,NaN,NaN,10.313,NaN,NaN,6.5132,NaN
6.5802,9.1887,NaN,4.616,4.2127,14.884,37.213,5.2014,12.22,10.159,3.1568,3.9028,6.7737,6.6673,NaN,7.9288,11.261,10.083,7.5509,6.4109,5.7263,1.2812,5.8705,2.6256,4.002,NaN,12.041,14.48,3.2025,8.492,8.5744,3.5264,5.1095,4.9305,12.157,15.699,11.397,2.0652,4.5956,11.965,23.967,3.8764,NaN,NaN,NaN,NaN,NaN,NaN,NaN,NaN,NaN,NaN,NaN,5.0464,NaN,NaN,NaN,13.136,12.978,NaN,NaN,NaN,NaN,NaN,NaN,NaN,NaN,NaN,5.4319,NaN,NaN,NaN,5.2703,NaN,3.7509,NaN,NaN,NaN,44.734,NaN,2.2745,9.7265,2.0122,14.938,3.897,0.48164,4.8437,7.5644,7.3376,6.6498,NaN,NaN,NaN,NaN,NaN,3.3835,NaN,NaN,10.065,NaN
3.7053,6.3872,NaN,35.501,15.869,14.318,12.877,4.9876,10.994,5.8613,12.896,6.4537,14.623,4.1025,NaN,10.919,10.568,11.693,3.1479,5.5885,19.244,7.2418,12.273,0.79529,26.791,NaN,5.6991,1.34,4.3404,10.375,12.849,19.279,4.9163,6.7243,10.008,4.3296,3.7528,3.0859,3.9756,16.855,12.721,11.674,NaN,NaN,NaN,NaN,NaN,NaN,NaN,NaN,NaN,NaN,NaN,8.4794,NaN,NaN,NaN,21.703,10.688,NaN,NaN,NaN,NaN,NaN,NaN,NaN,NaN,NaN,7.118,NaN,NaN,NaN,8.1128,NaN,4.7486,NaN,NaN,NaN,3.9979,NaN,4.8212,4.7597,5.719,9.0611,3.069,2.5731,8.6538,5.668,7.9637,11.483,NaN,NaN,NaN,NaN,NaN,5.4383,NaN,NaN,16.303,NaN
0.64457,2.8509,NaN,12.028,2.2492,12.586,3.5449,1.2737,4.2558,8.2259,11.823,3.5346,3.9491,4.852,NaN,14.286,3.1386,28.793,4.9489,15.298,3.3301,6.6852,9.8289,14.316,10.508,NaN,13.145,8.7171,6.5556,3.9668,15.678,2.3457,19.424,7.6022,6.8336,5.7271,2.4205,13.062,8.1941,10.952,0.98974,2.5194,NaN,NaN,NaN,NaN,NaN,NaN,NaN,NaN,NaN,NaN,NaN,11.135,NaN,NaN,NaN,7.8686,2.3965,NaN,NaN,NaN,NaN,NaN,NaN,NaN,NaN,NaN,0.20102,NaN,NaN,NaN,5.2323,NaN,12.702,NaN,NaN,NaN,10.076,NaN,1.1864,9.4326,7.7374,3.9539,2.8651,4.977,4.9023,8.9607,7.5822,16.438,NaN,NaN,NaN,NaN,NaN,9.5485,NaN,NaN,1.2692,NaN
