13.365,9.8831,8.5463,12.383,9.522,7.3252,2.4593,28.265,16.724,10.969,30.156,35.163,NaN,20.913,22.255,2.1886,6.6099,8.4816,NaN,8.2741,9.6306,NaN,NaN,14.37,14.765,12.701,NaN,NaN,NaN,NaN,14.059,NaN,NaN,3.1952,2.824,5.1076,14.623,6.918,9.091,NaN,NaN,NaN,4.4906,NaN,11.892,NaN,7.8303,NaN,8.2841,NaN,NaN,10.77,NaN,9.9957,NaN,4.1714,6.743,NaN,NaN,NaN,NaN,NaN,NaN,16.932,6.6441,5.1087,11.818,17.163,12.37,2.5089,6.2804,10.883,4.7935,4.2234,NaN,4.2932,NaN,1.3999,18.131,6.0434,5.356,NaN,3.7887,3.6136,1.85,6.1799,8.7708,16.699,9.0849,5.7434,NaN,NaN,12.489,NaN,NaN,6.1194,NaN,13.622,2.6175,2.834
6.2099,1.8899,3.1887,4.3371,6.7201,5.2196,3.2214,6.9703,5.98,7.0519,24.746,8.3379,NaN,11.084,7.4863,8.01,7.101,9.4561,NaN,2.4984,11.473,NaN,NaN,5.2955,1.6737,7.2525,NaN,NaN,NaN,NaN,5.3071,NaN,NaN,0.84297,7.9431,4.5396,17.963,16.995,4.0393,NaN,NaN,NaN,7.7099,NaN,9.0467,NaN,17.495,NaN,5.929,NaN,NaN,3.869,NaN,9.786,NaN,5.7677,11.276,NaN,NaN,NaN,NaN,NaN,NaN,7.4076,5.9147,4.9328,4.5224,6.9145,7.7382,5.6513,9.7629,3.4998,10.372,6.2467,NaN,11.494,NaN,4.4352,6.4284,3.0126,2.5955,NaN,3.0808,10.264,11.213,12.649,1.8517,25.488,5.6322,1.9064,NaN,NaN,7.0727,NaN,NaN,2.3367,NaN,6.4036,5.4713,6.5539
7.3363,0.65977,4.8036,7.8635,6.0642,6.2113,8.7786,6.9413,6.8477,0.59536,25.158,10.436,NaN,3.3372,8.7268,12.517,11.013,18.861,NaN,3.2242,3.1065,NaN,NaN,2.6925,9.166,5.0969,NaN,NaN,NaN,NaN,6.1055,NaN,NaN,7.2904,7.2834,1.8694,3.4573,10.196,7.6799,NaN,NaN,NaN,11.752,NaN,13.068,NaN,1.9936,NaN,2.4622,NaN,NaN,13.254,NaN,14.469,NaN,4.4627,4.5507,NaN,NaN,NaN,NaN,NaN,NaN,3.9317,5.1195,0.87458,5.7319,4.5241,10.362,6.0627,9.5235,1.6273,3.5621,8.2917,NaN,19.316,NaN,6.6686,4.0769,6.3295,6.1274,NaN,12.255,12.178,14.709,2.1616,8.3004,21.834,7.8531,6.7893,NaN,NaN,13.221,NaN,NaN,2.7613,NaN,9.7902,16.851,13.806
7.9359,1.4489,6.301,7.3998,3.724,2.8713,6.0785,6.424,5.5299,4.1152,7.5215,8.2444,NaN,7.7045,3.565,8.9104,5.3724,17.417,NaN,6.2789,5.5612,NaN,NaN,2.4019,8.7886,4.4609,NaN,NaN,NaN,NaN,9.0224,NaN,NaN,8.1824,4.5424,1.4534,0.92402,6.2485,8.5397,NaN,NaN,NaN,10.167,NaN,6.2033,NaN,5.2472,NaN,4.1115,NaN,NaN,9.5559,NaN,4.5943,NaN,2.4662,3.5503,NaN,NaN,NaN,NaN,NaN,NaN,4.8128,9.7183,6.0108,8.7855,6.7811,4.9569,2.0429,3.8138,3.191,4.2147,4.9159,NaN,10.979,NaN,9.0708,5.4229,1.059,3.9363,NaN,10.763,4.612,4.1543,2.5433,4.2635,7.9166,6.3178,8.8309,NaN,NaN,0.67745,NaN,NaN,0.82618,NaN,17.823,17.779,7.7543
9.7632,7.714,9.4315,3.904,3.7036,8.3686,10.849,4.7306,8.3262,7.2064,10.143,3.5837,NaN,1.727,4.8677,7.0356,3.9821,6.6835,NaN,4.0034,7.2023,NaN,NaN,6.5329,2.3354,5.3538,NaN,NaN,NaN,NaN,4.0623,NaN,NaN,3.1122,4.8997,0.99253,2.779,0.25279,8.8,NaN,NaN,NaN,4.9247,NaN,8.1208,NaN,1.8494,NaN,2.9993,NaN,NaN,9.916,NaN,6.0812,NaN,3.8469,2.2048,NaN,NaN,NaN,NaN,NaN,NaN,2.9083,4.1549,2.6341,7.5444,2.5709,5.9464,5.4374,5.5167,2.0122,1.9303,8.715,NaN,5.8112,NaN,2.0407,0.80419,5.6715,3.0468,NaN,6.2819,3.7241,6.5424,3.1777,4.3291,12.551,7.2097,6.1,NaN,NaN,11.276,NaN,NaN,2.9134,NaN,0.70541,2.7341,5.4825
4.0268,3.5434,4.6519,3.6312,4.325,3.296,2.5331,2.5859,4.9639,5.6671,9.2105,2.3999,NaN,6.2939,3.7589,1.737,3.3738,4.2047,NaN,4.6895,3.673,NaN,NaN,1.1372,9.0175,5.4572,NaN,NaN,NaN,NaN,2.4044,NaN,NaN,4.7575,3.1263,1.8366,7.7028,1.8477,8.0733,NaN,NaN,NaN,4.7899,NaN,7.5896,NaN,8.849,NaN,3.5181,NaN,NaN,5.306,NaN,1.8483,NaN,4.3964,2.0811,NaN,NaN,NaN,NaN,NaN,NaN,2.5356,1.0244,5.8261,2.3658,1.4093,3.4098,4.8687,2.696,7.4582,0.97875,1.3852,NaN,8.0044,NaN,1.3684,4.9698,5.4486,3.8019,NaN,3.2095,6.5512,3.1307,3.2336,1.1498,6.1844,4.5052,3.9287,NaN,NaN,3.2888,NaN,NaN,0.60324,NaN,5.5259,7.3739,4.6373
7.9367,4.4028,4.8162,2.9182,1.952,3.6287,5.5797,2.2593,6.083,5.412,5.6354,5.3807,NaN,5.7694,4.9969,6.6508,3.2759,5.3043,NaN,6.8269,6.3213,NaN,NaN,2.4187,6.9833,7.0976,NaN,NaN,NaN,NaN,4.586,NaN,NaN,3.4732,1.6313,1.2642,6.1124,1.7964,1.2364,NaN,NaN,NaN,0.98057,NaN,7.0045,NaN,3.8777,NaN,4.4038,NaN,NaN,2.5483,NaN,1.789,NaN,2.7267,3.5481,NaN,NaN,NaN,NaN,NaN,NaN,4.4738,5.1682,8.6396,4.8383,0.6922,5.6663,6.8035,1.8591,5.997,1.6053,1.5769,NaN,11.101,NaN,7.0461,4.9058,5.0261,5.8156,NaN,10.704,6.953,3.801,3.324,8.1196,3.8495,2.8286,3.9625,NaN,NaN,3.2415,NaN,NaN,0.77779,NaN,0.75582,5.9162,6.3114
12.83,2.6531,3.9873,9.222,11.294,7.2162,3.1256,15.993,10.415,8.6614,24.131,32.59,NaN,11.32,13.25,3.0177,3.0639,2.7153,NaN,4.6059,10.618,NaN,NaN,5.1153,3.5355,7.4576,NaN,NaN,NaN,NaN,7.8038,NaN,NaN,2.8983,8.6047,1.686,18.462,8.1749,2.5419,NaN,NaN,NaN,1.95,NaN,7.8759,NaN,9.4471,NaN,7.468,NaN,NaN,4.9875,NaN,2.7135,NaN,3.0691,10.242,NaN,NaN,NaN,NaN,NaN,NaN,9.081,5.4968,9.0482,9.9111,6.6409,7.1774,4.5838,5.5913,2.6825,1.0942,9.165,NaN,16.627,NaN,4.3128,2.4096,1.5341,4.5009,NaN,8.7779,8.0713,6.267,7.2801,5.1406,22.105,10.579,5.3821,NaN,NaN,4.7023,NaN,NaN,4.0011,NaN,6.1002,3.0604,5.4198
5.3652,5.1214,3.0823,6.5883,6.3706,8.5659,8.9852,1.8356,6.9306,3.2508,21.653,12.392,NaN,4.2663,0.33703,4.5849,9.2928,6.3856,NaN,3.3891,4.5788,NaN,NaN,3.3911,9.3959,6.4433,NaN,NaN,NaN,NaN,8.4965,NaN,NaN,1.5675,10.399,3.211,5.5408,5.5854,12.267,NaN,NaN,NaN,9.0178,NaN,8.29,NaN,1.9658,NaN,12.273,NaN,NaN,10.231,NaN,2.5491,NaN,11.365,15.516,NaN,NaN,NaN,NaN,NaN,NaN,12.141,10.005,21.742,12.769,10.005,9.4504,2.2071,2.6484,5.9694,8.8279,4.362,NaN,17.822,NaN,1.2589,5.8061,2.1566,3.1074,NaN,10.667,9.0784,9.2494,5.267,4.2035,25.172,11.19,8.7144,NaN,NaN,6.3481,NaN,NaN,7.9456,NaN,5.8163,9.7418,7.9833
14.816,5.2715,2.8491,10.116,2.4778,5.3801,15.582,7.6824,9.6955,2.0744,12.268,8.0636,NaN,3.0363,2.0594,10.264,2.5309,10.762,NaN,2.6801,4.9163,NaN,NaN,4.8155,11.01,5.9735,NaN,NaN,NaN,NaN,7.7577,NaN,NaN,3.6245,7.4496,4.5757,5.3845,6.4111,9.9617,NaN,NaN,NaN,10.57,NaN,9.61,NaN,11.288,NaN,7.645,NaN,NaN,8.048,NaN,4.0361,NaN,9.2362,10.593,NaN,NaN,NaN,NaN,NaN,NaN,2.2844,4.1432,14.46,6.8814,1.0831,4.8968,3.8879,9.7677,5.6399,9.4107,2.7994,NaN,14.992,NaN,6.2628,2.1728,6.9935,8.18,NaN,13.221,5.1647,8.5131,2.344,6.6022,9.8636,13.367,13.998,NaN,NaN,1.0706,NaN,NaN,6.4446,NaN,9.1104,12.627,4.7106
8.9588,7.921,5.2598,6.119,3.3115,13.522,10.316,1.879,13.205,6.9422,12.142,1.9425,NaN,1.6396,2.7956,1.7537,8.2001,2.2152,NaN,6.8644,10.675,NaN,NaN,7.6452,3.3704,6.1835,NaN,NaN,NaN,NaN,6.0488,NaN,NaN,3.5477,6.6276,4.3011,5.4357,1.796,8.9508,NaN,NaN,NaN,10.366,NaN,9.0104,NaN,6.6386,NaN,7.894,NaN,NaN,5.6453,NaN,8.2369,NaN,1.9199,4.8581,NaN,NaN,NaN,NaN,NaN,NaN,13.407,11.331,5.9384,1.5207,9.7657,6.113,6.6498,12.062,3.1317,0.76254,8.7916,NaN,3.4777,NaN,4.4332,1.2255,12.265,7.6779,NaN,9.7756,2.7537,5.3141,2.6272,5.4754,14.203,4.8674,4.6689,NaN,NaN,15.663,NaN,NaN,0.54592,NaN,6.1448,2.8861,5.4626
7.3357,6.8716,5.6174,6.1278,1.0715,5.7428,14.07,3.1691,5.5337,7.7661,3.3406,4.0639,NaN,1.3435,3.3718,11.003,3.8506,8.9094,NaN,3.6678,11.091,NaN,NaN,6.5448,2.0348,4.8198,NaN,NaN,NaN,NaN,6.5125,NaN,NaN,1.5961,4.463,0.93897,4.99,2.0965,6.0983,NaN,NaN,NaN,8.095,NaN,3.9001,NaN,5.2582,NaN,3.3214,NaN,NaN,8.8818,NaN,6.3054,NaN,7.1877,8.3875,NaN,NaN,NaN,NaN,NaN,NaN,3.4024,4.4323,4.9735,7.1833,5.5139,4.3368,5.9147,2.3265,2.1309,4.3139,6.342,NaN,4.7026,NaN,3.1351,5.941,5.7144,3.8071,NaN,4.9524,0.96033,3.3322,4.6706,6.7028,8.0762,5.8668,9.7719,NaN,NaN,12.066,NaN,NaN,2.437,NaN,8.4719,5.968,4.6637
4.2123,7.3365,6.7955,3.0778,1.5931,2.4175,5.3872,1.625,5.1055,2.8496,11.419,5.2915,NaN,6.2825,2.4508,3.3994,2.2125,4.7684,NaN,2.1386,4.0398,NaN,NaN,4.7411,3.0871,5.4378,NaN,NaN,NaN,NaN,5.1033,NaN,NaN,0.6821,5.2657,2.2444,4.3154,2.6541,3.6264,NaN,NaN,NaN,6.5268,NaN,8.109,NaN,1.3859,NaN,8.4117,NaN,NaN,4.6194,NaN,3.7056,NaN,3.7577,2.8862,NaN,NaN,NaN,NaN,NaN,NaN,1.1164,2.6246,3.6069,5.8011,2.0883,1.2426,5.5604,1.5976,2.2768,1.7094,2.6039,NaN,7.6651,NaN,5.9494,3.8336,2.5572,1.5064,NaN,4.3387,5.2778,2.3769,4.7076,4.3952,3.1516,2.5693,6.6601,NaN,NaN,1.8826,NaN,NaN,5.1918,NaN,2.0597,6.2339,3.7043
3.6741,14.309,2.153,0.97311,8.3089,9.084,9.0224,1.9903,10.134,1.2473,18.962,14.392,NaN,4.0946,1.1446,5.0137,10.629,2.2186,NaN,6.3744,4.0439,NaN,NaN,0.76283,9.1,7.0899,NaN,NaN,NaN,NaN,4.9475,NaN,NaN,7.2876,2.2344,1.3252,4.9524,12.535,8.5211,NaN,NaN,NaN,12.281,NaN,8.6383,NaN,4.3286,NaN,12.481,NaN,NaN,10.335,NaN,3.3189,NaN,9.2164,13.885,NaN,NaN,NaN,NaN,NaN,NaN,4.2377,12.924,11.344,7.0167,12.36,8.4553,10.013,5.7615,1.09,1.9472,8.0607,NaN,16.714,NaN,2.4257,10.962,10.512,5.1775,NaN,7.1017,8.2542,5.8219,6.9227,2.9065,23.832,8.2924,6.5604,NaN,NaN,5.6548,NaN,NaN,6.9368,NaN,9.1683,5.0152,2.9555
16.452,16.68,5.3747,11.414,6.2385,14.591,21.07,4.5697,15.845,2.8253,14.923,12.04,NaN,5.5776,2.2443,2.2743,8.3985,3.8523,NaN,3.0402,11.323,NaN,NaN,11.967,14.742,15.169,NaN,NaN,NaN,NaN,10.729,NaN,NaN,6.2843,19.22,6.0963,12.904,5.8133,16.522,NaN,NaN,NaN,16.772,NaN,12.819,NaN,10.452,NaN,14.243,NaN,NaN,10.579,NaN,3.5136,NaN,15.087,17.328,NaN,NaN,NaN,NaN,NaN,NaN,15.895,9.6714,32.795,13.949,17.223,9.6476,8.0467,9.102,6.4924,11.407,9.8402,NaN,13.948,NaN,1.115,7.8702,4.9111,5.1024,NaN,3.6282,7.4489,11.387,8.4299,10.343,18.528,8.7968,8.5917,NaN,NaN,9.0434,NaN,NaN,7.9501,NaN,4.5449,6.2029,10.033
21.759,9.0448,6.5872,9.9878,1.961,6.0426,22.327,6.0922,10.254,3.0682,6.322,8.0829,NaN,4.3942,2.9523,7.9523,3.3609,3.8772,NaN,1.6899,7.0202,NaN,NaN,5.669,12.402,10.271,NaN,NaN,NaN,NaN,6.2802,NaN,NaN,3.7451,12.285,6.5037,11.941,4.3654,9.5303,NaN,NaN,NaN,12.013,NaN,9.0367,NaN,14.842,NaN,3.8201,NaN,NaN,4.5615,NaN,4.5139,NaN,13.419,8.4357,NaN,NaN,NaN,NaN,NaN,NaN,1.6029,6.2489,21.445,5.331,2.2055,3.488,1.0592,14.855,1.6871,11.109,3.0517,NaN,10.19,NaN,3.5893,2.3744,5.3147,4.5476,NaN,5.6113,5.2422,12.642,2.7216,7.5809,5.0248,8.0104,12.682,NaN,NaN,3.5518,NaN,NaN,2.0424,NaN,2.7623,6.3675,6.8535
7.3252,18.567,3.3419,5.06,7.4889,7.6313,9.6702,2.3827,12.326,2.0459,15.837,10.176,NaN,3.5911,3.5415,9.6076,9.1228,4.0069,NaN,5.4894,6.5071,NaN,NaN,1.583,13.311,5.1803,NaN,NaN,NaN,NaN,0.87169,NaN,NaN,6.9917,9.1584,4.3167,6.4496,19.418,7.8513,NaN,NaN,NaN,11.265,NaN,8.4128,NaN,6.2306,NaN,7.7245,NaN,NaN,11.518,NaN,0.6016,NaN,7.9148,11.779,NaN,NaN,NaN,NaN,NaN,NaN,12.061,17.667,16.267,7.2796,4.3654,4.7964,13.032,11.035,5.6214,6.7009,8.79,NaN,13.689,NaN,2.9525,10.938,14.22,6.4018,NaN,4.6929,6.7883,17.42,9.8976,6.567,18.548,9.9002,2.6777,NaN,NaN,3.5055,NaN,NaN,0.72035,NaN,9.3335,4.1779,5.7028
20.178,9.7733,11.89,5.646,0.64556,3.7912,22.908,7.9209,13.302,8.5262,4.8768,7.4639,NaN,1.568,1.4626,10.147,4.3117,2.7319,NaN,1.0145,6.77,NaN,NaN,6.7741,11.501,12.195,NaN,NaN,NaN,NaN,6.799,NaN,NaN,7.1749,9.9335,5.1558,11.213,3.397,8.2842,NaN,NaN,NaN,10.248,NaN,7.8478,NaN,11.413,NaN,3.757,NaN,NaN,6.3555,NaN,5.78,NaN,15.791,3.9206,NaN,NaN,NaN,NaN,NaN,NaN,6.8038,8.9351,13.232,13.122,3.5709,5.5388,8.0467,9.3366,6.3331,3.7891,5.767,NaN,8.8169,NaN,2.6642,0.30178,5.1316,2.6657,NaN,13.804,8.0783,12.238,9.3157,7.666,9.7097,2.6101,7.882,NaN,NaN,8.5868,NaN,NaN,7.5222,NaN,3.3585,3.0463,5.912
4.3746,3.2599,3.2233,5.9193,3.1738,4.8903,1.8547,0.91676,1.9643,6.7435,4.5356,2.9003,NaN,3.1721,3.3482,8.92,5.4396,3.0626,NaN,2.593,6.4856,NaN,NaN,7.138,2.9414,3.3443,NaN,NaN,NaN,NaN,2.5769,NaN,NaN,1.3519,2.9346,1.7064,2.0322,1.7879,8.1455,NaN,NaN,NaN,2.0841,NaN,4.7296,NaN,7.4791,NaN,3.3912,NaN,NaN,6.1094,NaN,5.2081,NaN,1.1175,6.5233,NaN,NaN,NaN,NaN,NaN,NaN,4.5619,1.6833,3.7501,10.367,3.5023,3.1453,3.9977,2.2155,7.0726,8.7484,8.8694,NaN,4.1899,NaN,6.7479,3.9613,5.1468,5.1236,NaN,11.233,3.7744,5.3725,6.7168,3.9226,7.7436,3.3383,7.6542,NaN,NaN,3.458,NaN,NaN,3.6878,NaN,4.8446,3.6349,3.8622
1.386,4.7545,2.4863,4.2998,4.2283,5.0309,4.3162,6.5816,2.4425,1.9907,4.4684,2.6519,NaN,1.9667,5.1338,9.331,2.0573,4.134,NaN,3.7678,1.661,NaN,NaN,4.9514,4.3579,5.0686,NaN,NaN,NaN,NaN,1.0887,NaN,NaN,5.9696,0.5447,3.6866,4.3659,2.5543,0.36123,NaN,NaN,NaN,0.92544,NaN,3.1496,NaN,1.6695,NaN,1.4283,NaN,NaN,2.9624,NaN,6.4516,NaN,5.9789,7.3456,NaN,NaN,NaN,NaN,NaN,NaN,4.5938,3.2271,2.7074,6.0047,4.8371,3.6618,3.6515,4.8286,1.4458,5.8131,7.9863,NaN,6.8104,NaN,3.8346,8.192,2.4289,3.718,NaN,5.267,6.7496,3.4711,2.52,3.4605,4.9006,4.0728,4.3003,NaN,NaN,3.86,NaN,NaN,5.0392,NaN,3.9219,5.3864,7.2268
4.168,18.201,4.2591,5.9821,8.8417,15.788,8.4674,0.2905,17.536,0.90666,18.568,10.906,NaN,3.3787,1.0281,11.184,11.865,5.2992,NaN,5.1285,8.7455,NaN,NaN,10.819,13.422,12.992,NaN,NaN,NaN,NaN,4.3134,NaN,NaN,4.3361,3.3321,0.9502,8.549,14.417,7.7775,NaN,NaN,NaN,4.2112,NaN,12.029,NaN,5.2849,NaN,11.395,NaN,NaN,5.2497,NaN,8.5258,NaN,10.351,7.4391,NaN,NaN,NaN,NaN,NaN,NaN,0.80281,8.7708,7.6683,4.0739,12.053,5.9893,16.958,10.42,8.6896,8.0062,12.623,NaN,13.048,NaN,2.0879,9.7114,12.942,8.9223,NaN,2.2863,8.5251,14.55,16.797,8.0896,21.983,15.342,0.79816,NaN,NaN,4.6189,NaN,NaN,3.0314,NaN,9.3997,5.134,4.6864
8.2832,13.441,6.5711,9.2542,5.2475,8.5065,13.771,8.226,18.44,5.5936,14.261,10.656,NaN,0.57818,4.8549,10.306,9.7018,5.8308,NaN,3.202,9.0217,NaN,NaN,11.463,18.321,17.081,NaN,NaN,NaN,NaN,2.8811,NaN,NaN,6.8818,10.913,4.0767,13.628,4.2684,4.9197,NaN,NaN,NaN,5.2941,NaN,10.289,NaN,1.2687,NaN,3.6149,NaN,NaN,7.1612,NaN,7.7284,NaN,15.63,1.218,NaN,NaN,NaN,NaN,NaN,NaN,4.3186,2.5219,11.046,11.96,7.5089,8.1378,13.483,7.6157,8.1034,6.837,12.245,NaN,12.186,NaN,0.22798,3.4915,8.102,4.5059,NaN,11.13,10.065,2.9816,18.085,7.9455,20.806,11.888,3.7964,NaN,NaN,8.417,NaN,NaN,7.2838,NaN,4.9736,4.9409,8.4147
9.9814,7.7799,8.128,3.9082,4.0238,6.8668,12.466,6.9626,9.0493,14.111,3.9096,8.7675,NaN,1.6785,6.4778,14.498,0.49104,4.3315,NaN,4.2621,5.1345,NaN,NaN,2.3756,10.546,6.4003,NaN,NaN,NaN,NaN,3.2016,NaN,NaN,5.4412,5.5144,1.4266,4.2329,3.6466,10.937,NaN,NaN,NaN,5.5114,NaN,7.156,NaN,0.62859,NaN,0.14736,NaN,NaN,7.8244,NaN,5.8783,NaN,11.417,11.091,NaN,NaN,NaN,NaN,NaN,NaN,4.4835,3.971,5.6957,23.847,6.9756,2.7986,13.033,6.1326,6.78,8.6681,7.1462,NaN,11.346,NaN,5.2964,12.455,7.9354,6.6894,NaN,9.7644,7.5888,12.491,7.0606,8.1751,18.665,2.1842,6.3819,NaN,NaN,10.672,NaN,NaN,5.7876,NaN,14.07,6.3283,7.9947
9.922,1.2346,6.3518,6.765,4.8595,13.221,8.611,4.102,2.475,9.0474,5.1344,6.8473,NaN,2.6859,8.6317,6.0221,4.1835,3.8326,NaN,6.961,3.6315,NaN,NaN,5.2915,1.9308,4.6884,NaN,NaN,NaN,NaN,2.6387,NaN,NaN,4.5617,1.7829,2.0391,2.3797,2.3401,3.7288,NaN,NaN,NaN,2.7128,NaN,7.4296,NaN,5.9441,NaN,2.196,NaN,NaN,6.0837,NaN,5.8816,NaN,2.5407,3.305,NaN,NaN,NaN,NaN,NaN,NaN,2.3271,1.9917,4.4749,12.754,6.1856,4.6461,6.833,8.9976,6.9711,7.6869,6.3983,NaN,4.5679,NaN,8.0083,11.837,6.5554,3.0781,NaN,0.32979,2.4443,8.7052,9.5477,3.7992,12.956,10.889,8.806,NaN,NaN,7.8881,NaN,NaN,5.0244,NaN,11.121,7.125,5.3258
4.6957,12.99,11.422,19.312,12.052,9.7905,12.655,9.8939,10.243,1.4163,13.564,17.746,NaN,6.7259,8.8965,5.5753,15.477,15.076,NaN,9.821,5.5145,NaN,NaN,9.1939,28,9.645,NaN,NaN,NaN,NaN,5.1997,NaN,NaN,17.063,5.0685,15.132,10.752,6.458,9.4474,NaN,NaN,NaN,8.3095,NaN,10.78,NaN,14.859,NaN,4.5009,NaN,NaN,9.2235,NaN,12.89,NaN,17.299,6.8201,NaN,NaN,NaN,NaN,NaN,NaN,13.066,5.8147,8.3127,13.119,9.8264,6.7605,3.2548,7.86,2.754,14.708,12.357,NaN,1.953,NaN,1.1358,4.9502,3.7641,7.8067,NaN,10.494,14.167,5.3926,6.4828,7.5022,12.844,9.8307,7.8675,NaN,NaN,4.9387,NaN,NaN,5.718,NaN,6.0753,7.5398,4.3522
6.0313,12.019,11.112,17.028,6.6286,2.8195,4.3761,7.8038,9.5188,7.027,24.224,13.818,NaN,7.3721,16.316,14.298,12.842,20.912,NaN,12.525,1.9651,NaN,NaN,3.7005,31.264,11.855,NaN,NaN,NaN,NaN,3.353,NaN,NaN,20.983,10.562,8.9236,2.8778,6.1149,17.172,NaN,NaN,NaN,4.884,NaN,6.2352,NaN,5.1412,NaN,8.4385,NaN,NaN,6.3413,NaN,11.59,NaN,10.192,8.912,NaN,NaN,NaN,NaN,NaN,NaN,3.8414,10.146,15.527,13.427,4.3589,8.0194,12.123,13.259,9.4065,4.8591,17.781,NaN,6.802,NaN,4.3454,9.5933,15.114,16.355,NaN,7.0948,14.03,7.5562,11.654,3.1926,7.7589,18.51,14.284,NaN,NaN,12.415,NaN,NaN,9.8755,NaN,1.1242,6.8316,9.6338
12.505,13.425,6.4157,3.7322,12.855,3.3402,13.361,3.7221,6.6563,7.5426,6.7728,5.784,NaN,2.1739,16.255,20.873,7.5666,3.7655,NaN,7.6563,3.4688,NaN,NaN,9.643,7.1909,1.8486,NaN,NaN,NaN,NaN,4.0255,NaN,NaN,0.52738,6.2704,2.3521,1.9983,3.8915,5.228,NaN,NaN,NaN,4.4413,NaN,10.269,NaN,11.114,NaN,4.8498,NaN,NaN,7.7184,NaN,10.626,NaN,0.5201,9.438,NaN,NaN,NaN,NaN,NaN,NaN,6.0922,4.3895,12.578,11.842,10.845,2.4402,5.3681,6.9368,13.326,14.775,4.6418,NaN,8.9883,NaN,0.87673,21.018,3.792,9.6667,NaN,16.472,6.5978,6.5088,5.7643,1.7746,7.0052,4.2576,8.5038,NaN,NaN,5.9564,NaN,NaN,7.179,NaN,16.879,9.9807,10.297
4.5028,5.4311,3.6603,6.7435,2.8857,3.3234,5.0531,2.486,1.1711,2.7767,6.3923,4.8829,NaN,1.4852,8.7682,2.3932,2.2316,5.1874,NaN,7.0109,4.1227,NaN,NaN,5.8983,5.4156,6.6525,NaN,NaN,NaN,NaN,3.0373,NaN,NaN,9.6924,1.9263,1.177,2.4605,4.5308,7.4877,NaN,NaN,NaN,5.5072,NaN,8.8388,NaN,7.109,NaN,0.13876,NaN,NaN,6.3078,NaN,7.0658,NaN,5.994,0.90218,NaN,NaN,NaN,NaN,NaN,NaN,2.9377,1.2478,12.884,10.174,3.337,6.3007,9.7903,8.7063,10.404,9.4663,5.8905,NaN,5.1957,NaN,2.879,5.3785,8.0382,9.6373,NaN,4.8007,8.1916,3.4571,8.7271,3.9563,3.1489,11.474,8.6444,NaN,NaN,6.0956,NaN,NaN,7.9308,NaN,2.9535,6.5034,8.6426
0.53226,3.6787,0.96288,2.6064,0.39557,2.64,2.0524,1.9599,1.279,4.1252,10.335,4.3277,NaN,0.69102,3.9331,4.4733,3.3763,2.5588,NaN,2.7056,2.1779,NaN,NaN,0.28561,0.57646,1.9312,NaN,NaN,NaN,NaN,1.9452,NaN,NaN,1.5006,5.4918,1.8937,3.1858,1.2474,0.91642,NaN,NaN,NaN,2.6695,NaN,6.7261,NaN,4.3921,NaN,4.5675,NaN,NaN,1.2734,NaN,3.2876,NaN,2.4571,2.3338,NaN,NaN,NaN,NaN,NaN,NaN,1.3048,1.1655,2.993,3.3045,3.2791,5.5632,1.4345,3.6996,4.5666,2.9378,1.5489,NaN,4.1162,NaN,6.7759,4.4623,4.8272,1.8308,NaN,3.5677,5.6628,5.5286,2.8221,2.724,3.0166,2.4586,0.8574,NaN,NaN,2.0746,NaN,NaN,4.2931,NaN,2.4125,2.6045,5.2514
7.5892,15.166,10.54,7.1839,7.0992,7.9596,12.165,4.9315,5.7831,12.013,19.481,10.428,NaN,7.1691,7.8847,7.2582,9.3324,5.852,NaN,7.0912,7.7003,NaN,NaN,6.7828,8.7179,13.866,NaN,NaN,NaN,NaN,10.219,NaN,NaN,7.7081,8.9822,6.9815,10.642,2.7881,5.2345,NaN,NaN,NaN,4.8673,NaN,4.554,NaN,5.787,NaN,7.6003,NaN,NaN,1.55,NaN,6.5448,NaN,4.6669,6.7207,NaN,NaN,NaN,NaN,NaN,NaN,2.5476,11.422,4.7479,14.747,3.9833,12.819,15.516,6.9341,11.384,3.7465,7.0952,NaN,16.155,NaN,15.92,11.613,5.784,6.4784,NaN,13.769,9.4343,6.579,3.2993,12.091,12.283,7.075,12.864,NaN,NaN,0.70317,NaN,NaN,4.8517,NaN,11.139,13.796,7.3866
0.98165,4.1022,2.1299,4.6918,3.4437,4.1559,4.1604,1.0939,1.9574,3.2808,4.4258,1.1594,NaN,1.8812,0.75322,0.8754,2.7033,4.4261,NaN,4.0637,3.1549,NaN,NaN,2.1057,3.4108,3.5664,NaN,NaN,NaN,NaN,6.0711,NaN,NaN,3.0778,6.2219,0.48471,4.339,2.3358,1.5123,NaN,NaN,NaN,6.3159,NaN,5.3404,NaN,4.6279,NaN,7.3507,NaN,NaN,8.3991,NaN,2.2857,NaN,4.8606,5.2283,NaN,NaN,NaN,NaN,NaN,NaN,6.7349,0.49345,1.7924,7.4344,3.4701,5.6439,3.1903,1.2795,3.909,4.3726,2.7704,NaN,6.7102,NaN,3.5094,2.8675,3.8729,7.704,NaN,6.9902,6.7565,4.2723,0.90958,1.4558,2.3259,3.1621,3.9732,NaN,NaN,2.4673,NaN,NaN,5.2116,NaN,7.2347,1.8477,1.5585
13.441,19.043,30.95,16.843,8.4702,13.006,9.3964,20.619,10.422,2.5667,12.839,25.329,NaN,5.0545,6.2347,7.9116,9.2735,14.763,NaN,24.2,13.843,NaN,NaN,19.744,18.042,12.713,NaN,NaN,NaN,NaN,3.5071,NaN,NaN,12.053,5.3748,17.27,11.237,0.46141,19.225,NaN,NaN,NaN,13.296,NaN,9.7266,NaN,7.8907,NaN,3.0275,NaN,NaN,7.7601,NaN,6.9087,NaN,13.985,14.165,NaN,NaN,NaN,NaN,NaN,NaN,14.443,5.8825,10.761,7.9504,6.0153,10.52,4.9242,5.8353,7.1021,6.3648,12.552,NaN,13.653,NaN,5.7778,14.207,7.7368,15.488,NaN,8.3315,11.811,12.466,14.66,11.605,7.098,5.7068,9.0296,NaN,NaN,3.6433,NaN,NaN,2.3077,NaN,5.4738,6.4503,3.4307
9.0918,19.013,13.991,17.676,13.009,12.212,11.926,23.929,29.671,5.159,43.452,9.4178,NaN,12.694,35.229,8.351,18.523,30.471,NaN,26.023,9.8186,NaN,NaN,9.9908,36.789,12.632,NaN,NaN,NaN,NaN,15.89,NaN,NaN,36.349,13.39,6.5621,16.032,23.464,31.711,NaN,NaN,NaN,12.578,NaN,14.438,NaN,36.06,NaN,15.965,NaN,NaN,19.368,NaN,25.567,NaN,12.435,5.8479,NaN,NaN,NaN,NaN,NaN,NaN,17.386,7.6669,39.456,57.272,18.051,32.028,34.313,35.686,40.57,45.714,18.477,NaN,18.81,NaN,12.042,20.031,44.447,36.08,NaN,13.121,14.075,35.035,25.671,5.7769,2.4163,36.429,31.341,NaN,NaN,37.668,NaN,NaN,18.04,NaN,12.394,8.3759,9.5926
3.5057,1.8557,4.1444,6.0051,2.2481,3.685,4.1714,1.7923,5.0441,6.048,5.4493,6.5534,NaN,1.8428,6.0182,3.6541,4.1358,5.8507,NaN,2.4433,14.692,NaN,NaN,7.8827,5.3761,5.9559,NaN,NaN,NaN,NaN,2.8787,NaN,NaN,8.1401,1.0184,8.8169,5.3785,7.4292,7.8296,NaN,NaN,NaN,7.6057,NaN,6.087,NaN,13.477,NaN,6.9989,NaN,NaN,8.6027,NaN,7.8578,NaN,1.8898,0.8928,NaN,NaN,NaN,NaN,NaN,NaN,1.5886,4.2802,4.7744,11.17,3.5179,1.2338,4.9233,5.2005,4.5011,6.7592,7.438,NaN,5.499,NaN,1.9702,6.8273,6.9491,10.403,NaN,7.8756,2.38,11.589,2.1259,5.0407,6.8209,3.0828,7.6627,NaN,NaN,4.6151,NaN,NaN,6.199,NaN,2.7588,2.9479,4.7704
5.3078,3.7608,4.813,1.589,2.7404,2.736,5.2043,5.1148,6.5924,4.3673,5.3991,4.5892,NaN,3.6034,3.2047,1.7478,1.373,4.5299,NaN,4.3667,4.4604,NaN,NaN,4.2986,1.2647,0.75274,NaN,NaN,NaN,NaN,2.6952,NaN,NaN,5.5089,3.0867,2.2712,2.7007,5.7048,4.2956,NaN,NaN,NaN,5.7528,NaN,11.807,NaN,4.8747,NaN,5.8211,NaN,NaN,7.4295,NaN,9.5853,NaN,4.1124,5.5314,NaN,NaN,NaN,NaN,NaN,NaN,6.8054,8.367,11.486,10.186,3.8926,5.0744,4.0471,3.183,1.9168,4.7523,1.2432,NaN,1.6365,NaN,4.1498,5.5473,7.8653,6.3735,NaN,3.4143,1.3229,7.7921,2.8534,6.6657,2.8984,2.279,6.6932,NaN,NaN,2.8426,NaN,NaN,5.1963,NaN,7.2253,3.917,1.3866
4.2896,12.5,8.2376,6.591,7.289,5.8686,6.9152,4.2212,7.5666,9.5632,15.929,5.5846,NaN,4.2456,4.4942,4.4783,7.0737,7.2999,NaN,6.1624,4.6545,NaN,NaN,2.2309,7.4429,10.802,NaN,NaN,NaN,NaN,5.5298,NaN,NaN,9.8314,8.9309,4.6184,8.7236,3.7552,4.0578,NaN,NaN,NaN,4.8947,NaN,3.6573,NaN,10.483,NaN,3.2804,NaN,NaN,3.6309,NaN,7.5532,NaN,0.99141,4.2873,NaN,NaN,NaN,NaN,NaN,NaN,5.4182,3.6228,4.2384,10.525,6.6714,11.835,11.434,5.9708,10.946,4.4226,8.6101,NaN,14.867,NaN,8.6093,4.9744,5.4288,6.7494,NaN,6.2026,4.0238,7.3198,2.9357,5.8372,9.743,8.5512,7.9565,NaN,NaN,6.618,NaN,NaN,2.905,NaN,4.7396,4.6469,7.5034
6.7527,13.507,11.657,5.352,4.8393,6.6325,8.2298,5.3903,3.6448,13.814,18.011,7.7396,NaN,6.1015,11.206,7.91,9.7317,6.5702,NaN,11.855,7.1815,NaN,NaN,3.5263,9.5175,15.529,NaN,NaN,NaN,NaN,6.8685,NaN,NaN,6.8123,2.994,8.6353,4.4373,2.8784,6.2321,NaN,NaN,NaN,5.3851,NaN,1.9012,NaN,3.324,NaN,2.975,NaN,NaN,4.9478,NaN,6.7292,NaN,4.2333,10.193,NaN,NaN,NaN,NaN,NaN,NaN,3.9985,11.427,2.2893,11.756,2.344,11.933,15.283,7.9609,8.4644,2.7586,5.9356,NaN,15.141,NaN,11.861,11.593,4.698,10.413,NaN,5.5652,5.0731,14.187,2.423,5.9864,14.099,8.2716,14.361,NaN,NaN,8.5715,NaN,NaN,10.568,NaN,9.1189,8.233,2.4544
6.4585,15.139,6.6228,16.171,19.618,15.813,17.651,14.302,10.689,3.9467,21.032,3.4072,NaN,8.6399,20.111,6.1343,24.169,13.696,NaN,11.442,19.953,NaN,NaN,5.1329,15.221,11.695,NaN,NaN,NaN,NaN,0.83322,NaN,NaN,10.728,8.0777,7.2563,7.0764,10.061,9.15,NaN,NaN,NaN,11.502,NaN,11.211,NaN,13.772,NaN,9.3469,NaN,NaN,9.8029,NaN,11.053,NaN,5.2236,6.1352,NaN,NaN,NaN,NaN,NaN,NaN,14.943,6.8681,0.58329,9.7317,7.5604,6.7161,14.004,14.251,11.509,1.3966,3.4282,NaN,5.1338,NaN,17.779,10.79,16.139,13.339,NaN,12.733,5.0987,15.332,6.9847,13.626,13.072,12.081,7.7995,NaN,NaN,7.0011,NaN,NaN,8.7204,NaN,18.342,10.854,5.3573
1.8926,1.3894,17.806,4.3767,6.3987,2.386,2.4618,6.0693,10.484,4.3827,4.2491,9.7637,NaN,5.3652,12.816,8.2544,8.7897,5.8551,NaN,5.9477,6.8462,NaN,NaN,9.6819,2.3966,6.168,NaN,NaN,NaN,NaN,2.0254,NaN,NaN,12.564,7.7091,7.6262,10.548,2.6928,9.7224,NaN,NaN,NaN,3.798,NaN,5.8292,NaN,9.1296,NaN,3.6597,NaN,NaN,7.0685,NaN,9.2946,NaN,8.1813,8.8705,NaN,NaN,NaN,NaN,NaN,NaN,9.9558,6.8818,7.8389,11.631,5.2635,3.8559,4.2214,8.8714,6.7901,5.4437,4.2425,NaN,8.8891,NaN,5.6015,11.143,4.0921,7.2104,NaN,12.246,6.7554,5.0856,7.673,5.1728,15.412,8.0148,7.953,NaN,NaN,7.3016,NaN,NaN,8.5126,NaN,6.028,5.7435,7.9746
1.7194,2.1352,4.3301,2.8176,1.3183,9.0133,3.0235,7.0131,10.522,4.7611,12.965,2.7243,NaN,5.9892,6.6402,4.8496,3.7582,4.4338,NaN,0.92957,11.773,NaN,NaN,7.4614,6.323,0.61166,NaN,NaN,NaN,NaN,0.92339,NaN,NaN,6.7965,7.3412,2.9326,6.9515,3.8372,0.80965,NaN,NaN,NaN,3.0924,NaN,10.473,NaN,9.8351,NaN,9.0919,NaN,NaN,4.9401,NaN,6.8946,NaN,8.9711,4.9091,NaN,NaN,NaN,NaN,NaN,NaN,6.2955,1.4419,1.1407,12.156,3.397,6.1504,3.3039,2.5742,7.2155,6.3918,3.4837,NaN,6.7125,NaN,11.389,5.5382,8.7467,4.2133,NaN,5.7546,4.399,18.25,5.7243,2.8827,4.242,3.9483,2.2174,NaN,NaN,6.561,NaN,NaN,7.4358,NaN,1.5654,5.771,12.391
3.9565,3.4652,1.4227,3.2142,4.0711,5.7973,4.6656,4.5166,5.4327,5.2734,7.9019,8.4324,NaN,0.91429,1.3276,2.6123,3.1203,3.7202,NaN,5.1741,12.449,NaN,NaN,3.3388,3.1652,8.1535,NaN,NaN,NaN,NaN,2.1993,NaN,NaN,3.5814,5.1546,4.3435,4.9442,1.8139,9.596,NaN,NaN,NaN,5.4024,NaN,8.5997,NaN,7.9859,NaN,3.4125,NaN,NaN,7.4762,NaN,5.3707,NaN,8.9543,2.9154,NaN,NaN,NaN,NaN,NaN,NaN,3.6489,6.719,4.8456,5.0292,2.1909,9.6113,6.4425,3.0294,4.6151,5.4664,2.321,NaN,4.7652,NaN,3.3079,6.9322,3.9886,4.4591,NaN,4.7009,7.8857,2.4208,2.0719,2.9146,5.0132,0.95237,5.8805,NaN,NaN,5.659,NaN,NaN,2.5784,NaN,7.1458,6.4804,10.578
1.1093,5.5035,2.2962,1.3221,1.7025,2.2367,0.87938,3.4723,0.25606,4.9159,3.1922,4.2828,NaN,4.6047,4.6212,3.1872,1.4134,2.6045,NaN,3.0764,4.5934,NaN,NaN,4.0234,3.2935,2.3316,NaN,NaN,NaN,NaN,2.065,NaN,NaN,0.31509,4.7001,4.9239,4.4727,4.8758,4.9947,NaN,NaN,NaN,1.0316,NaN,9.9065,NaN,3.6971,NaN,10.279,NaN,NaN,6.9065,NaN,7.7873,NaN,5.3736,6.455,NaN,NaN,NaN,NaN,NaN,NaN,2.576,2.8246,3.6747,5.4109,7.2606,8.1753,7.0975,1.9178,0.58314,6.4033,5.7054,NaN,4.4073,NaN,7.8276,7.904,6.3465,2.4,NaN,12.557,5.7009,7.0885,4.3178,5.3397,5.1087,3.2927,5.2974,NaN,NaN,1.6303,NaN,NaN,1.9292,NaN,4.997,1.2566,8.1472
3.4269,22.414,8.8378,12.903,8.6447,10.543,12.598,5.9948,3.0655,11.999,21.483,19.324,NaN,18.193,19.385,7.8493,22.115,17.789,NaN,11.058,20.292,NaN,NaN,10.573,20.995,16.873,NaN,NaN,NaN,NaN,5.4665,NaN,NaN,21.027,1.0461,4.3363,3.9719,10.274,19.745,NaN,NaN,NaN,11.001,NaN,3.6172,NaN,15.468,NaN,10.245,NaN,NaN,3.2816,NaN,13.385,NaN,14.693,8.4768,NaN,NaN,NaN,NaN,NaN,NaN,7.9825,17.124,5.2378,4.0485,12.438,8.7473,14.913,6.0074,1.445,7.9944,15.382,NaN,14.157,NaN,15.094,7.0643,17.166,4.0403,NaN,10.985,9.3537,8.9826,11.281,9.6125,27.176,16.472,5.6573,NaN,NaN,14.212,NaN,NaN,5.3866,NaN,14.819,10.267,2.2882
2.9436,15.194,7.4247,6.8041,12.299,12.849,11.797,7.1567,9.1397,9.3318,17.843,21.364,NaN,9.2981,8.9403,15.368,17.323,12.832,NaN,8.3351,12.392,NaN,NaN,9.1245,9.5859,13.623,NaN,NaN,NaN,NaN,8.5731,NaN,NaN,3.2791,3.4363,9.9986,12.903,10.169,6.3091,NaN,NaN,NaN,5.7914,NaN,6.5125,NaN,10.729,NaN,5.1538,NaN,NaN,2.977,NaN,2.2168,NaN,16.341,8.634,NaN,NaN,NaN,NaN,NaN,NaN,5.3443,7.8284,3.2327,16.264,12.423,12.464,6.202,7.161,5.6004,6.7988,4.7112,NaN,11.315,NaN,13.934,7.1451,9.6359,6.5786,NaN,15.261,13.356,2.9416,8.7394,12.548,18.462,13.908,10.567,NaN,NaN,16.652,NaN,NaN,2.0205,NaN,18.95,5.865,2.4399
9.8065,4.1609,10.283,13.28,13.329,2.2811,27.207,4.3156,5.6033,8.3134,10.121,6.469,NaN,16.394,24.99,20.967,4.8661,2.7748,NaN,16.222,8.9204,NaN,NaN,5.2141,14.606,2.0302,NaN,NaN,NaN,NaN,5.989,NaN,NaN,6.3382,4.2269,2.9774,7.3503,9.3455,18.006,NaN,NaN,NaN,4.6034,NaN,2.8587,NaN,11.331,NaN,13.587,NaN,NaN,8.9606,NaN,8.5433,NaN,3.8088,6.7672,NaN,NaN,NaN,NaN,NaN,NaN,7.1439,4.5726,6.1159,7.19,15.394,2.6866,5.0775,5.8249,2.4301,4.6439,2.0854,NaN,6.9483,NaN,2.2981,5.2028,11.349,8.456,NaN,13.898,7.0418,1.6891,6.5357,3.0427,3.4502,11.499,6.8397,NaN,NaN,3.0174,NaN,NaN,6.2598,NaN,7.7865,6.3032,5.3259
5.335,4.4636,8.2232,8.2445,2.1718,5.131,3.1179,7.5141,0.80612,6.2226,9.888,7.5649,NaN,12.256,7.1665,7.0099,4.467,7.7098,NaN,4.8621,12.16,NaN,NaN,7.7604,1.0585,5.2317,NaN,NaN,NaN,NaN,8.668,NaN,NaN,2.2575,5.3112,8.2904,4.1218,2.3096,2.9342,NaN,NaN,NaN,2.5982,NaN,12.297,NaN,8.4672,NaN,1.9352,NaN,NaN,3.2143,NaN,12.302,NaN,5.5597,3.4827,NaN,NaN,NaN,NaN,NaN,NaN,11.598,1.0309,6.7284,5.4518,8.7685,4.7109,6.2352,4.2422,11.273,10.362,3.5217,NaN,3.9953,NaN,8.1913,13.802,8.4814,5.1665,NaN,5.5238,1.647,3.5951,6.7071,8.8925,13.453,3.7336,10.258,NaN,NaN,0.28246,NaN,NaN,3.6879,NaN,2.5417,5.8594,7.6801
2.6746,0.73823,7.1862,6.7982,1.7528,1.9185,4.5314,6.5166,2.9206,4.4263,6.713,7.913,NaN,9.0579,3.4574,3.9502,4.2005,5.7806,NaN,4.4103,8.5383,NaN,NaN,2.3156,1.9623,3.0699,NaN,NaN,NaN,NaN,5.4407,NaN,NaN,0.60654,7.3202,6.1796,3.7224,3.3695,3.3894,NaN,NaN,NaN,4.3579,NaN,11.585,NaN,5.7467,NaN,6.861,NaN,NaN,4.6144,NaN,9.7215,NaN,5.4589,5.1011,NaN,NaN,NaN,NaN,NaN,NaN,11.481,4.9008,6.0936,3.9911,7.6193,3.2128,3.1534,3.7292,9.2652,12.373,2.8521,NaN,3.4865,NaN,5.3413,7.7004,7.2727,2.7372,NaN,3.6716,2.704,2.4779,3.8301,6.0358,10.66,2.0721,7.8969,NaN,NaN,2.3527,NaN,NaN,3.6899,NaN,6.5009,5.8829,6.198
5.7136,10.248,3.7438,9.2921,2.1291,6.5713,5.5967,18.282,3.1717,8.1982,17.692,10.855,NaN,9.786,6.2455,0.81225,8.3869,3.0611,NaN,4.6671,21.11,NaN,NaN,18.629,20.753,10.199,NaN,NaN,NaN,NaN,4.9166,NaN,NaN,14.682,10.116,9.6173,7.8838,17.218,11.482,NaN,NaN,NaN,17.789,NaN,17.616,NaN,10.528,NaN,8.297,NaN,NaN,11.291,NaN,10.135,NaN,9.5065,16.825,NaN,NaN,NaN,NaN,NaN,NaN,10.13,17.459,4.5745,15.848,14.023,3.9572,10.173,8.85,4.6065,10.858,8.9525,NaN,20.39,NaN,3.3631,10.567,16.914,6.6897,NaN,20.585,15.424,15.175,20.242,10.852,37.987,3.548,15.662,NaN,NaN,10.571,NaN,NaN,0.75638,NaN,11.981,16.567,9.37
13.27,11.785,6.6155,11.038,5.1465,5.7968,1.2725,6.5293,1.6702,14.44,21.667,18.047,NaN,10.493,4.2983,11.427,9.9403,2.1616,NaN,5.6413,8.208,NaN,NaN,9.5541,7.2205,10.611,NaN,NaN,NaN,NaN,7.3344,NaN,NaN,15.56,5.3594,7.1371,2.5748,9.2833,17.03,NaN,NaN,NaN,22.01,NaN,5.6728,NaN,13.016,NaN,14.006,NaN,NaN,10.015,NaN,3.874,NaN,17.868,15.175,NaN,NaN,NaN,NaN,NaN,NaN,9.4038,10.822,4.9823,4.1732,14.873,9.6321,4.1214,4.8694,9.7541,6.5756,11.487,NaN,26.871,NaN,13.395,4.7075,13.194,19.226,NaN,16.164,14.904,9.188,19.911,6.8158,18.894,3.9326,7.1767,NaN,NaN,13.62,NaN,NaN,1.178,NaN,13.264,12.329,11.135
7.4852,2.035,9.2973,12.159,6.3841,4.596,8.8177,5.3935,7.5595,0.8904,0.66852,4.9309,NaN,9.0351,2.4065,1.2312,11.03,6.0516,NaN,5.5106,6.2322,NaN,NaN,5.3267,8.3417,10.355,NaN,NaN,NaN,NaN,3.6804,NaN,NaN,11.369,2.1498,4.8861,3.9107,9.9305,4.2609,NaN,NaN,NaN,3.1097,NaN,9.1394,NaN,7.3023,NaN,7.8272,NaN,NaN,8.0049,NaN,6.1911,NaN,7.8607,11.397,NaN,NaN,NaN,NaN,NaN,NaN,8.3414,12.166,12.685,9.2242,1.45,7.2655,2.3798,10.98,4.8604,2.7234,4.3216,NaN,5.4433,NaN,6.1112,8.1427,6.4089,8.7289,NaN,10.086,3.5194,7.535,9.3392,3.2428,6.221,8.7389,2.5257,NaN,NaN,6.2236,NaN,NaN,4.2471,NaN,6.0765,9.3566,7.6283
3.0678,3.5288,1.2586,3.6053,2.7195,4.9729,4.246,2.5052,5.1555,3.5599,10.602,8.1935,NaN,2.0638,5.9609,6.0287,6.966,3.1858,NaN,4.2802,6.6949,NaN,NaN,2.576,12.263,10.558,NaN,NaN,NaN,NaN,9.4812,NaN,NaN,4.7702,4.4171,7.1246,1.6755,3.0338,5.609,NaN,NaN,NaN,7.6117,NaN,11.703,NaN,7.5297,NaN,2.3744,NaN,NaN,3.5991,NaN,5.4537,NaN,1.9008,5.5092,NaN,NaN,NaN,NaN,NaN,NaN,6.9757,7.1882,4.1731,1.4958,2.8312,12.683,6.1221,7.2142,3.7622,9.2596,3.3707,NaN,2.6816,NaN,9.244,4.6781,5.5869,12.022,NaN,16.869,7.948,7.1812,6.1645,7.2631,18.24,1.8214,5.5567,NaN,NaN,0.92674,NaN,NaN,3.6665,NaN,6.389,8.1728,11.727
3.4554,3.9703,5.9144,3.9141,2.1105,2.7727,3.9182,4.6427,5.3052,1.9778,6.8618,4.18,NaN,1.2428,3.962,1.55,4.6405,2.3935,NaN,1.6496,1.3887,NaN,NaN,4.7109,4.6697,3.733,NaN,NaN,NaN,NaN,4.6421,NaN,NaN,3.1781,3.4998,3.0389,2.106,4.2383,4.3938,NaN,NaN,NaN,4.645,NaN,7.6445,NaN,1.2525,NaN,4.0802,NaN,NaN,2.6831,NaN,3.1991,NaN,2.0448,5.745,NaN,NaN,NaN,NaN,NaN,NaN,7.4436,6.3139,2.2374,7.2112,8.6626,6.329,2.0545,5.6454,6.8176,5.4351,4.7666,NaN,7.4451,NaN,7.5661,3.6136,0.67339,1.3686,NaN,6.8946,2.929,1.7876,2.6448,1.4628,4.6231,5.7967,4.9814,NaN,NaN,9.3792,NaN,NaN,3.2534,NaN,8.0868,3.704,9.4365
3.5925,3.5693,3.8507,2.1212,4.9059,2.7071,3.629,3.123,4.6488,2.775,4.9817,2.3827,NaN,4.9917,1.7273,2.3945,1.1836,2.3846,NaN,1.616,4.7785,NaN,NaN,4.5766,4.9008,1.7971,NaN,NaN,NaN,NaN,3.6588,NaN,NaN,3.4059,5.4324,4.0258,8.13,2.484,6.0195,NaN,NaN,NaN,2.1559,NaN,3.5678,NaN,5.6287,NaN,2.9697,NaN,NaN,1.2747,NaN,5.033,NaN,1.0434,6.6547,NaN,NaN,NaN,NaN,NaN,NaN,2.7873,3.3777,1.4674,3.5467,8.5435,3.6203,5.3079,1.2698,3.0565,6.1288,5.0686,NaN,6.8825,NaN,3.2369,4.092,3.7791,3.8754,NaN,11.447,4.0101,2.3167,6.8026,3.7885,2.6056,4.0437,2.8427,NaN,NaN,7.9059,NaN,NaN,3.4217,NaN,2.9446,3.1497,12.421
7.2968,10.429,6.2787,2.959,5.5048,7.2172,7.1566,2.5314,6.8727,9.1009,7.8652,4.2406,NaN,7.1601,1.3741,2.9022,0.64259,4.8509,NaN,1.7691,7.4297,NaN,NaN,5.5016,4.5462,6.3086,NaN,NaN,NaN,NaN,6.7682,NaN,NaN,3.5313,8.7338,7.2434,9.7258,1.1074,8.7559,NaN,NaN,NaN,1.5309,NaN,2.5058,NaN,6.158,NaN,1.572,NaN,NaN,0.64,NaN,2.7234,NaN,1.9583,8.5545,NaN,NaN,NaN,NaN,NaN,NaN,2.2913,7.7171,5.2006,8.2194,7.2776,0.51504,9.5173,2.3291,6.883,10.124,5.8554,NaN,14.497,NaN,5.9357,3.4375,6.8674,7.1298,NaN,10.338,5.7282,1.474,6.9556,6.2668,4.3065,2.1547,3.7455,NaN,NaN,2.3765,NaN,NaN,1.8886,NaN,3.3868,2.7332,3.6355
17.177,21.086,14.787,9.7205,8.0071,15.268,18.844,10.713,9.6942,20.816,24.773,9.646,NaN,14.498,14.032,13.098,10.699,6.3541,NaN,13.839,14.448,NaN,NaN,9.6601,6.9771,19.899,NaN,NaN,NaN,NaN,16.02,NaN,NaN,5.6192,10.141,6.129,13.434,5.4267,10.063,NaN,NaN,NaN,10.847,NaN,10.084,NaN,9.0767,NaN,9.2099,NaN,NaN,5.8329,NaN,10.394,NaN,2.3262,11.763,NaN,NaN,NaN,NaN,NaN,NaN,6.7506,18.789,12.436,22.426,7.6714,12.829,22.689,7.3049,20.276,3.5523,9.4705,NaN,26.908,NaN,18.571,20.306,8.7052,6.4857,NaN,16.246,11.388,3.1623,4.3591,15.342,8.7844,10.537,19.881,NaN,NaN,3.8064,NaN,NaN,9.1781,NaN,8.9247,13.08,3.9446
5.0111,3.0968,5.3087,8.4371,0.63782,6.2559,4.2649,1.1722,3.2802,2.9802,12.708,10.258,NaN,7.1136,2.8212,10.431,4.2598,7.3879,NaN,4.0689,6.5985,NaN,NaN,1.2074,6.2773,6.1846,NaN,NaN,NaN,NaN,8.7344,NaN,NaN,7.6585,2.7393,2.8144,4.587,8.7219,4.2194,NaN,NaN,NaN,6.0484,NaN,5.1858,NaN,3.7774,NaN,5.3221,NaN,NaN,5.4772,NaN,1.0136,NaN,6.3804,5.1139,NaN,NaN,NaN,NaN,NaN,NaN,1.6453,11.375,6.8086,5.7855,4.7068,2.5849,8.9996,1.4526,7.7078,7.2321,1.6791,NaN,15.342,NaN,10.791,8.6955,0.96151,10.773,NaN,4.7061,12.527,3.5586,6.1311,7.3494,9.3893,7.2954,1.0815,NaN,NaN,3.0803,NaN,NaN,3.0045,NaN,6.6222,11.508,7.2118
3.7878,8.3845,6.0337,19.501,6.0141,6.7466,6.6911,11.515,1.9354,2.6065,3.1494,12.641,NaN,4.0152,4.8157,7.8904,11.492,12.315,NaN,4.9845,9.7063,NaN,NaN,2.6416,11.881,15.856,NaN,NaN,NaN,NaN,9.2065,NaN,NaN,7.8998,1.2009,8.8731,4.0769,6.5438,5.0582,NaN,NaN,NaN,7.2048,NaN,13.57,NaN,6.9527,NaN,8.0974,NaN,NaN,2.0243,NaN,7.3611,NaN,7.0551,19.015,NaN,NaN,NaN,NaN,NaN,NaN,10.596,14.649,7.9541,12.455,2.8243,11.567,9.674,11.141,5.8292,10.698,3.8533,NaN,4.4038,NaN,8.0419,5.1341,3.9628,9.894,NaN,1.5099,2.9898,6.5624,13.583,1.9958,15.631,6.9847,2.8791,NaN,NaN,2.3444,NaN,NaN,12.042,NaN,6.0677,10.362,6.9082
2.3202,8.3487,9.3072,2.78,14.651,3.5677,12.398,5.1024,5.2926,9.0648,9.064,4.8013,NaN,14.788,11.167,10.626,2.6776,5.3196,NaN,6.0802,13.213,NaN,NaN,8.483,5.9317,3.8118,NaN,NaN,NaN,NaN,9.751,NaN,NaN,4.8265,4.2497,3.8699,11.997,7.367,14.731,NaN,NaN,NaN,5.6954,NaN,4.141,NaN,15.137,NaN,2.198,NaN,NaN,7.7389,NaN,8.1124,NaN,8.8568,3.6286,NaN,NaN,NaN,NaN,NaN,NaN,9.9149,3.3035,9.3913,10.619,14.391,8.2083,3.6456,8.6821,3.2065,3.7117,7.4597,NaN,6.5563,NaN,7.6686,7.409,4.1579,5.2739,NaN,14.772,5.2226,13.364,11.766,12.305,8.3025,3.9898,4.3623,NaN,NaN,3.3544,NaN,NaN,2.8054,NaN,5.8876,7.6804,10.393
3.4518,6.6883,5.1042,2.2371,3.2169,3.0071,5.1308,4.7896,3.4815,6.2181,6.7079,2.6797,NaN,4.8235,7.3442,3.656,3.5427,4.3121,NaN,3.8842,9.0084,NaN,NaN,5.1081,5.705,3.4067,NaN,NaN,NaN,NaN,2.6092,NaN,NaN,3.7158,0.71282,1.776,2.2696,0.3891,2.6702,NaN,NaN,NaN,5.1046,NaN,5.3244,NaN,5.3364,NaN,2.5488,NaN,NaN,2.859,NaN,2.8463,NaN,3.7774,6.6016,NaN,NaN,NaN,NaN,NaN,NaN,6.8613,8.0593,5.5289,4.3531,7.5179,4.8212,2.2974,8.7953,3.8808,2.009,3.416,NaN,2.8892,NaN,4.1033,1.9804,6.4051,2.2781,NaN,3.8449,3.1201,5.5879,10.707,6.66,1.2041,2.157,2.8426,NaN,NaN,6.8393,NaN,NaN,2.5306,NaN,7.0291,2.4541,4.2928
4.5139,5.671,5.2267,2.4059,4.1249,2.8499,4.1071,3.5886,2.2058,6.8327,8.8067,5.1649,NaN,5.9588,5.6351,7.3916,6.565,3.8441,NaN,4.4241,4.2346,NaN,NaN,2.0099,5.2886,8.1099,NaN,NaN,NaN,NaN,5.1427,NaN,NaN,6.0133,2.3458,5.2178,4.5717,3.1433,3.7405,NaN,NaN,NaN,2.778,NaN,3.6815,NaN,2.718,NaN,3.4548,NaN,NaN,3.8591,NaN,0.70231,NaN,3.5199,4.1555,NaN,NaN,NaN,NaN,NaN,NaN,1.6945,4.5664,1.1519,7.4162,3.7757,7.2019,6.6543,5.0287,5.4413,5.9245,4.1469,NaN,9.5143,NaN,6.4995,3.769,4.9627,7.3146,NaN,3.555,2.246,5.7512,5.343,4.6582,11.673,4.3365,7.6266,NaN,NaN,9.4408,NaN,NaN,1.5279,NaN,6.4475,2.5431,7.328
6.9216,9.6362,7.459,0.93149,5.3742,1.7618,4.74,3.3082,4.4426,7.7285,7.987,3.301,NaN,6.8424,3.4132,4.6995,3.5265,4.8699,NaN,1.5616,8.537,NaN,NaN,4.9171,6.4717,6.2655,NaN,NaN,NaN,NaN,4.3355,NaN,NaN,4.5152,5.2029,8.6226,9.564,1.5658,7.8089,NaN,NaN,NaN,1.2694,NaN,2.9847,NaN,3.5591,NaN,4.1509,NaN,NaN,3.6995,NaN,2.0603,NaN,5.0534,5.3125,NaN,NaN,NaN,NaN,NaN,NaN,3.2237,5.3889,0.79714,5.1127,3.0813,4.5211,10.098,2.8324,4.4437,10.587,5.5851,NaN,12.71,NaN,3.2136,3.9367,3.994,6.2469,NaN,6.372,1.1539,2.9505,5.1911,3.5974,9.2957,4.0269,6.8433,NaN,NaN,2.1896,NaN,NaN,2.6728,NaN,6.3386,3.08,7.2507
2.2018,1.8058,6.2115,3.8019,5.3003,4.2711,3.2348,3.6287,0.088229,2.6815,5.0293,2.0481,NaN,6.4126,2.6372,3.5155,3.2031,3.4152,NaN,4.8727,6.0483,NaN,NaN,6.9872,7.1808,3.426,NaN,NaN,NaN,NaN,3.5937,NaN,NaN,1.1534,2.0124,8.7521,0.39142,4.8254,4.7064,NaN,NaN,NaN,1.7911,NaN,2.2364,NaN,4.6258,NaN,6.9473,NaN,NaN,4.3328,NaN,5.2087,NaN,7.96,7.5714,NaN,NaN,NaN,NaN,NaN,NaN,2.0022,1.4476,1.8006,2.6748,2.4861,5.867,1.9028,0.81523,2.8532,3.8031,1.778,NaN,5.8985,NaN,3.8349,1.4752,1.6563,2.3663,NaN,5.5346,1.3366,7.9372,0.83479,5.4582,2.5966,6.4506,8.8969,NaN,NaN,4.6426,NaN,NaN,2.7045,NaN,9.0901,6.2195,3.6086
2.9586,2.085,6.9029,5.9041,2.8986,6.4645,2.5187,4.0984,2.5506,4.9004,14.99,12.515,NaN,3.0899,4.8014,11.157,11.821,8.3827,NaN,5.0502,8.0727,NaN,NaN,2.2807,8.7594,12.241,NaN,NaN,NaN,NaN,3.6878,NaN,NaN,4.3781,3.7307,8.2736,5.1013,2.7238,4.283,NaN,NaN,NaN,5.061,NaN,6.7643,NaN,3.5056,NaN,2.4043,NaN,NaN,6.2968,NaN,7.6848,NaN,3.3653,9.9825,NaN,NaN,NaN,NaN,NaN,NaN,4.4026,6.8452,1.9633,8.4585,4.9349,4.2467,4.1426,2.9283,3.1326,6.1441,0.71195,NaN,7.5283,NaN,6.0615,5.6154,0.91112,6.4835,NaN,2.7507,6.8499,5.5751,8.6732,5.602,21.929,5.9164,3.5092,NaN,NaN,4.2149,NaN,NaN,3.7576,NaN,3.24,8.1965,2.9486
2.496,3.8244,8.1343,7.8739,11.807,3.2589,8.3985,8.1832,4.1722,7.0285,17.627,13.169,NaN,5.4672,3.7096,8.9628,10.945,5.1679,NaN,5.3485,10.178,NaN,NaN,2.109,14.7,15.618,NaN,NaN,NaN,NaN,9.2465,NaN,NaN,10.235,6.2787,12.065,3.5413,2.0626,0.61787,NaN,NaN,NaN,7.6325,NaN,12.169,NaN,6.196,NaN,4.2862,NaN,NaN,4.1999,NaN,8.1246,NaN,5.914,14.547,NaN,NaN,NaN,NaN,NaN,NaN,5.5711,12.017,6.906,11.788,3.9918,7.0776,14.563,9.4332,7.493,10.68,6.174,NaN,6.3105,NaN,6.1461,6.3038,5.5988,12.261,NaN,3.8587,3.0611,10.855,14.234,3.3345,15.376,5.4686,2.3267,NaN,NaN,10.278,NaN,NaN,7.223,NaN,4.9558,6.6796,4.5125
11.625,9.7354,7.1981,7.8529,4.435,2.844,7.5952,7.8844,5.9346,3.8271,9.7252,15.834,NaN,3.1349,8.937,15.987,16.366,5.897,NaN,4.8381,14.179,NaN,NaN,13.47,8.3519,10.173,NaN,NaN,NaN,NaN,8.0825,NaN,NaN,7.062,8.5786,4.9431,15.366,6.1537,17.981,NaN,NaN,NaN,7.6579,NaN,9.5393,NaN,6.9179,NaN,4.2422,NaN,NaN,3.0626,NaN,10.665,NaN,4.4523,7.2639,NaN,NaN,NaN,NaN,NaN,NaN,9.0017,10.076,10.814,7.4127,13.756,10.614,7.4492,10.146,1.9218,4.3175,7.1683,NaN,8.2402,NaN,7.5036,1.7576,12.126,6.823,NaN,9.9267,6.4427,13.366,17.866,8.9745,12.884,3.7402,6.7207,NaN,NaN,4.6197,NaN,NaN,6.1475,NaN,13.459,7.4603,11.82
5.7411,4.503,4.4588,1.3848,0.81039,1.2791,1.3385,3.2304,3.1371,2.6714,0.73351,1.2551,NaN,1.9942,1.7676,2.0722,4.3415,1.2528,NaN,0.35411,2.2707,NaN,NaN,4.276,1.2938,0.9043,NaN,NaN,NaN,NaN,4.8687,NaN,NaN,3.8854,2.363,1.212,3.539,2.0116,5.8007,NaN,NaN,NaN,1.3611,NaN,2.0122,NaN,3.0535,NaN,0.85528,NaN,NaN,1.335,NaN,2.1177,NaN,4.5202,5.3684,NaN,NaN,NaN,NaN,NaN,NaN,2.2948,2.9759,7.0675,4.9647,5.71,5.505,5.5085,3.4167,5.9478,3.6268,5.1965,NaN,2.2176,NaN,6.0835,1.4183,4.2755,4.6893,NaN,2.8847,1.955,5.7253,7.6906,3.9796,3.5598,2.8242,4.0855,NaN,NaN,8.3376,NaN,NaN,2.3552,NaN,4.4496,3.1148,3.8121
1.1097,2.4443,2.2058,0.40412,1.5847,2.4097,1.7908,1.541,1.9305,1.3908,0.56818,2.9806,NaN,0.68017,1.1201,2.666,2.6904,1.228,NaN,0.39732,0.54445,NaN,NaN,2.6177,1.0718,1.4704,NaN,NaN,NaN,NaN,0.99214,NaN,NaN,2.4416,2.2169,3.0675,1.2672,0.32452,3.0268,NaN,NaN,NaN,2.9466,NaN,1.1242,NaN,2.9918,NaN,0.84139,NaN,NaN,0.71096,NaN,2.0963,NaN,6.61,2.4807,NaN,NaN,NaN,NaN,NaN,NaN,1.4772,2.8545,0.53498,3.5837,1.5588,4.6644,1.6229,2.0793,2.3285,3.521,3.3355,NaN,1.9233,NaN,1.5347,1.5966,1.9934,2.8756,NaN,1.9053,0.99395,1.0293,0.85551,1.7073,3.6395,1.1611,3.0941,NaN,NaN,6.0023,NaN,NaN,1.1704,NaN,1.7423,3.0041,2.1717
7.2666,9.9428,8.3274,6.0172,4.9556,4.5141,4.6256,5.2043,4.7011,9.9214,23.707,18.198,NaN,2.1989,7.3086,13.942,19.959,4.7099,NaN,7.5545,12.969,NaN,NaN,13.035,12.964,11.137,NaN,NaN,NaN,NaN,6.7239,NaN,NaN,6.13,11.973,9.5128,14.12,11.699,7.1989,NaN,NaN,NaN,12.949,NaN,7.6701,NaN,9.1029,NaN,1.5658,NaN,NaN,5.3169,NaN,11.784,NaN,4.5286,14.619,NaN,NaN,NaN,NaN,NaN,NaN,5.3894,10.462,11.181,3.637,12.117,7.4659,4.6051,4.1635,4.7009,10.419,2.2693,NaN,13.356,NaN,9.1697,0.70056,5.9079,4.9623,NaN,5.9818,6.2427,18.236,15.8,5.6989,36.079,6.9977,6.6067,NaN,NaN,10.562,NaN,NaN,10.654,NaN,11.335,6.734,5.578
4.0276,5.2263,2.4593,3.6724,0.6775,3.892,5.9202,2.8183,1.9938,7.1918,10.193,5.4018,NaN,4.3399,2.0788,4.4131,3.5782,2.4597,NaN,5.3404,2.2911,NaN,NaN,2.5608,3.2899,3.3601,NaN,NaN,NaN,NaN,1.564,NaN,NaN,2.601,5.0725,3.4602,4.1693,4.3921,2.5629,NaN,NaN,NaN,5.9066,NaN,0.61411,NaN,5.5289,NaN,1.6588,NaN,NaN,4.1527,NaN,3.4117,NaN,3.9332,4.2241,NaN,NaN,NaN,NaN,NaN,NaN,5.067,4.4942,6.5657,1.9471,5.2723,1.48,2.862,2.4453,0.63076,6.7227,2.0316,NaN,16.84,NaN,7.9133,2.087,3.899,4.0793,NaN,4.6451,0.38446,7.7148,5.985,3.1733,11.343,6.5775,5.1974,NaN,NaN,3.5442,NaN,NaN,3.6457,NaN,3.61,3.1863,5.4994
14.018,9.7405,6.7846,7.3717,1.8426,0.27167,4.8188,5.7466,3.1707,1.5169,4.6954,9.9683,NaN,1.4414,1.1939,2.6581,8.8281,1.898,NaN,6.8979,11.421,NaN,NaN,10.763,8.5053,3.7519,NaN,NaN,NaN,NaN,9.0848,NaN,NaN,5.4208,3.4724,7.6516,8.2385,5.984,8.073,NaN,NaN,NaN,2.8759,NaN,6.8098,NaN,0.30468,NaN,4.1992,NaN,NaN,3.0145,NaN,4.9305,NaN,4.3696,5.8244,NaN,NaN,NaN,NaN,NaN,NaN,2.1513,6.5163,6.4714,5.8172,6.9838,3.4333,13.501,2.8425,7.9264,10.858,4.7521,NaN,10.094,NaN,8.8534,11.036,7.5335,3.9026,NaN,6.1147,4.8746,8.4277,7.5545,8.0325,9.6742,6.3789,14.808,NaN,NaN,2.9227,NaN,NaN,11.691,NaN,13.239,6.7258,5.5789
4.4015,2.9703,3.9694,5.797,3.3214,2.3657,3.937,3.1596,1.0555,2.5248,0.45546,3.049,NaN,2.5194,2.6636,1.1449,0.74946,1.5198,NaN,7.4725,2.8702,NaN,NaN,6.5251,5.7742,0.93208,NaN,NaN,NaN,NaN,2.1116,NaN,NaN,4.9418,3.1491,6.1684,0.52258,4.275,4.0698,NaN,NaN,NaN,0.26531,NaN,5.4172,NaN,2.3071,NaN,2.3393,NaN,NaN,3.3922,NaN,5.4439,NaN,5.4895,8.4268,NaN,NaN,NaN,NaN,NaN,NaN,0.04875,3.6974,3.9902,3.1664,6.5209,5.9143,4.6135,0.62184,3.6455,6.6806,4.8514,NaN,6.7881,NaN,4.3851,1.2508,5.9863,1.006,NaN,6.4674,3.7914,2.1804,3.7466,2.9051,2.8327,1.9029,4.3573,NaN,NaN,9.0732,NaN,NaN,5.2238,NaN,2.2702,4.2224,1.7308
2.5847,1.5552,5.5822,6.4468,7.2872,3.4618,5.9797,5.0495,1.7205,6.189,5.1393,4.3768,NaN,7.2894,6.3496,0.27422,2.0803,5.3997,NaN,11.493,6.0136,NaN,NaN,9.1458,11.022,2.9643,NaN,NaN,NaN,NaN,2.937,NaN,NaN,6.9703,4.0556,7.3045,1.0022,6.1025,6.6225,NaN,NaN,NaN,1.9605,NaN,8.4162,NaN,5.8822,NaN,5.9356,NaN,NaN,8.1823,NaN,9.2948,NaN,5.8705,15.192,NaN,NaN,NaN,NaN,NaN,NaN,3.109,2.5788,1.0507,4.6376,5.6398,7.6131,2.3064,3.8464,2.7867,4.6482,3.1683,NaN,8.0887,NaN,4.4197,4.5865,3.9971,4.8479,NaN,8.3451,3.2678,4.9963,2.3365,3.8175,4.5682,2.1607,6.6513,NaN,NaN,9.401,NaN,NaN,7.8188,NaN,4.3493,7.5035,4.3299
7.4975,0.82804,9.6045,2.5147,4.0765,5.6955,2.8405,1.9356,3.1825,8.266,18.213,15.303,NaN,3.935,6.5481,14.995,16.427,3.4903,NaN,0.89347,4.6753,NaN,NaN,7.4436,10.065,10.954,NaN,NaN,NaN,NaN,1.9981,NaN,NaN,1.3542,9.3633,9.1782,8.1479,9.3463,4.0229,NaN,NaN,NaN,5.556,NaN,3.1832,NaN,5.7396,NaN,2.0592,NaN,NaN,4.4946,NaN,8.6679,NaN,2.8508,5.3385,NaN,NaN,NaN,NaN,NaN,NaN,2.499,3.5188,7.9428,1.6476,4.262,6.961,3.4655,1.227,5.7727,7.2239,1.5335,NaN,13.215,NaN,6.283,6.6354,8.212,3.6666,NaN,3.822,8.5961,13.698,4.6762,8.0248,29.329,9.7336,8.3171,NaN,NaN,6.2588,NaN,NaN,2.3079,NaN,5.1492,7.9975,2.7909
13.891,14.01,7.6946,5.511,9.5984,7.4393,10.493,8.0841,2.7487,6.706,13.797,7.3508,NaN,8.4992,8.1515,21.156,14.578,5.896,NaN,6.9925,6.3051,NaN,NaN,7.9273,9.1524,13.592,NaN,NaN,NaN,NaN,15.023,NaN,NaN,2.9436,7.6207,12.604,1.3268,8.4148,8.7852,NaN,NaN,NaN,0.68095,NaN,4.0408,NaN,0.78669,NaN,1.3215,NaN,NaN,5.0248,NaN,4.1741,NaN,2.5958,5.7347,NaN,NaN,NaN,NaN,NaN,NaN,3.1988,4.3095,6.381,2.5381,6.6306,3.5877,9.6348,4.4469,4.1767,6.8546,2.7997,NaN,10.99,NaN,12.575,17.877,7.629,4.3903,NaN,8.1881,2.7927,19.068,5.3623,11.848,19.297,17.859,17.372,NaN,NaN,2.9675,NaN,NaN,10.503,NaN,14.46,14.144,4.4231
13.484,10.074,7.9199,5.0643,8.317,5.2126,9.5801,7.2666,1.7216,4.5665,11.371,2.5213,NaN,8.3038,7.4925,16.909,10.506,5.0156,NaN,3.8498,6.5333,NaN,NaN,7.0995,5.2441,12.315,NaN,NaN,NaN,NaN,13.931,NaN,NaN,2.4811,6.0165,12.196,1.7083,5.9083,5.7983,NaN,NaN,NaN,0.14568,NaN,4.1001,NaN,1.8303,NaN,0.55709,NaN,NaN,1.8336,NaN,5.4989,NaN,2.9698,7.6338,NaN,NaN,NaN,NaN,NaN,NaN,5.4054,7.5754,4.1501,1.9854,8.3073,2.4453,10.334,8.6676,5.553,10.122,2.7661,NaN,10.331,NaN,8.429,18.785,9.9632,3.9004,NaN,9.603,2.7234,19.586,2.4209,12.3,20.949,18.654,18.259,NaN,NaN,1.982,NaN,NaN,10.666,NaN,14.217,15.329,2.9658
4.1543,0.30719,1.8928,6.0698,4.5349,1.4586,5.0206,3.1851,1.7902,5.3689,2.8548,5.1561,NaN,3.8022,6.0765,1.0897,3.6746,3.9712,NaN,9.2677,4.5747,NaN,NaN,6.9058,8.9164,2.9556,NaN,NaN,NaN,NaN,1.345,NaN,NaN,6.2404,4.6692,4.5374,1.524,6.2438,5.578,NaN,NaN,NaN,3.9751,NaN,8.6675,NaN,2.2118,NaN,3.6999,NaN,NaN,4.6005,NaN,8.0724,NaN,1.4593,13.576,NaN,NaN,NaN,NaN,NaN,NaN,0.84678,5.1813,1.3884,4.4019,5.8382,2.9278,3.1216,2.0012,1.8652,8.0315,2.7684,NaN,10.09,NaN,5.9548,1.9566,3.4543,4.5938,NaN,8.7659,3.7966,4.9697,3.843,4.2414,5.137,1.7865,4.6844,NaN,NaN,8.2611,NaN,NaN,8.2423,NaN,4.7132,7.8149,3.243
1.5469,3.1565,3.5033,6.3691,5.9524,2.7926,8.1109,5.9461,1.7432,5.7414,7.1734,4.3336,NaN,9.0669,5.7803,2.5967,2.6662,4.7975,NaN,11.675,5.7198,NaN,NaN,7.5057,11.551,2.0565,NaN,NaN,NaN,NaN,3.6719,NaN,NaN,6.2542,4.1576,5.5781,1.8057,7.8689,6.9825,NaN,NaN,NaN,2.5266,NaN,8.1897,NaN,5.697,NaN,7.6117,NaN,NaN,7.1351,NaN,7.2383,NaN,4.1667,14.308,NaN,NaN,NaN,NaN,NaN,NaN,2.9777,3.6752,1.5286,3.6951,3.0614,1.9439,3.8282,3.3188,5.9567,5.3782,0.53969,NaN,7.686,NaN,6.0715,1.2713,3.3108,5.6337,NaN,7.8839,3.8967,8.7511,1.7687,8.24,2.4702,2.9544,7.8258,NaN,NaN,6.2243,NaN,NaN,7.6426,NaN,4.8331,8.2697,4.1706
2.7792,1.3114,3.1001,6.2635,4.0485,3.6983,3.8193,2.1408,2.3294,1.8059,9.1541,1.4334,NaN,6.8752,2.5099,5.2506,3.4271,2.469,NaN,2.9037,4.8203,NaN,NaN,5.5817,6.2853,4.6509,NaN,NaN,NaN,NaN,4.8592,NaN,NaN,1.5099,1.8282,5.3425,2.5098,5.7413,3.7885,NaN,NaN,NaN,1.2611,NaN,3.4749,NaN,1.9814,NaN,5.4287,NaN,NaN,3.6974,NaN,5.6687,NaN,5.1045,6.1595,NaN,NaN,NaN,NaN,NaN,NaN,1.3711,5.5749,2.0157,4.7309,2.8432,4.0034,3.2578,1.4924,1.4682,1.6551,3.2506,NaN,4.6081,NaN,5.9497,6.2741,2.0216,2.2513,NaN,4.6359,5.0296,8.202,1.7229,5.2128,2.278,7.2786,6.6096,NaN,NaN,7.1794,NaN,NaN,1.6696,NaN,7.3565,3.7704,4.6901
5.2553,3.6452,3.2375,2.8717,0.94212,3.8213,6.323,4.9586,1.9559,3.8754,9.6709,1.4481,NaN,7.0374,4.0406,2.8963,4.2476,0.14528,NaN,5.3596,4.6079,NaN,NaN,4.1231,0.87828,5.3693,NaN,NaN,NaN,NaN,1.9685,NaN,NaN,4.4328,3.644,2.7525,2.3366,4.222,2.4082,NaN,NaN,NaN,4.1541,NaN,5.5535,NaN,1.3896,NaN,3.3454,NaN,NaN,2.4814,NaN,4.2821,NaN,1.2276,1.5822,NaN,NaN,NaN,NaN,NaN,NaN,1.1492,6.8023,6.9875,3.7154,1.5202,1.1412,5.4165,2.4854,7.8649,2.8695,2.9346,NaN,3.192,NaN,5.1459,7.4808,1.1458,3.9295,NaN,5.4773,2.6232,8.3026,1.6858,2.692,3.9468,8.5104,4.3923,NaN,NaN,1.3479,NaN,NaN,6.0096,NaN,3.3266,2.0097,6.4848
6.891,4.9258,4.3724,2.5227,2.1215,2.7364,7.2359,0.63016,5.4822,3.8536,9.2402,1.8165,NaN,8.0909,4.0261,4.7755,2.1438,2.9789,NaN,5.7512,11.172,NaN,NaN,2.8118,2.3459,7.7261,NaN,NaN,NaN,NaN,3.8914,NaN,NaN,4.7067,8.0501,5.5581,7.382,2.1098,3.5843,NaN,NaN,NaN,9.5642,NaN,12.175,NaN,1.7838,NaN,4.7041,NaN,NaN,4.3564,NaN,8.8546,NaN,4.3185,4.3909,NaN,NaN,NaN,NaN,NaN,NaN,0.46128,6.4387,10.347,8.4461,3.5975,4.4584,3.8868,5.0214,8.1718,2.5046,2.3387,NaN,3.8207,NaN,4.0744,4.0331,4.1956,6.6851,NaN,13.293,4.1244,14.135,7.6695,6.4347,2.9006,5.5783,9.5813,NaN,NaN,10.224,NaN,NaN,1.5631,NaN,5.5935,3.4782,9.9522
10.182,5.2716,13.591,4.5221,4.8651,6.3431,10.906,4.6238,4.9941,4.294,20.014,15.537,NaN,4.8305,9.2153,18.124,13.861,6.4582,NaN,6.41,5.5107,NaN,NaN,6.8948,13.731,14.34,NaN,NaN,NaN,NaN,5.5294,NaN,NaN,2.5832,8.9495,11.135,4.7296,5.4933,7.9755,NaN,NaN,NaN,3.6437,NaN,5.6222,NaN,5.1252,NaN,7.2151,NaN,NaN,1.6478,NaN,9.6201,NaN,6.4962,3.8334,NaN,NaN,NaN,NaN,NaN,NaN,4.5115,4.2556,6.1306,9.501,3.5139,10.225,5.8294,3.0491,5.092,8.2313,3.3138,NaN,12.074,NaN,10.1,9.3318,18.963,6.5501,NaN,5.0403,14.5,8.8705,1.6892,7.6389,28.223,12.359,5.0481,NaN,NaN,5.3155,NaN,NaN,6.5681,NaN,6.7249,10.661,3.4186
13.334,12.287,13.077,5.8046,8.0959,6.4925,12.243,9.4541,2.203,8.0251,20.383,7.2524,NaN,5.1403,8.7351,22.086,15.408,9.9306,NaN,9.1332,8.1055,NaN,NaN,5.1974,7.3089,13.315,NaN,NaN,NaN,NaN,6.8418,NaN,NaN,4.4902,10.767,11.888,2.2856,4.1453,13.218,NaN,NaN,NaN,3.609,NaN,5.8074,NaN,4.0696,NaN,5.6515,NaN,NaN,3.2137,NaN,6.6502,NaN,8.5585,4.2346,NaN,NaN,NaN,NaN,NaN,NaN,6.6219,3.445,9.4871,3.9731,6.6865,9.4201,4.957,6.0278,5.2704,1.3111,2.0072,NaN,8.4073,NaN,13.058,11.227,11.006,6.0964,NaN,6.8098,9.5859,13.365,4.4304,9.8415,26.289,14.429,9.0617,NaN,NaN,2.9082,NaN,NaN,5.7295,NaN,9.6075,13.613,2.4223
2.2315,1.6746,7.2554,6.8294,7.7194,4.593,7.7948,8.3891,2.9388,5.2202,5.6576,2.9118,NaN,10.537,2.7922,7.3635,7.4121,4.0241,NaN,17.522,4.8073,NaN,NaN,9.123,8.3149,2.0879,NaN,NaN,NaN,NaN,5.9871,NaN,NaN,9.628,5.5365,7.2395,5.1385,12.597,9.1186,NaN,NaN,NaN,11.221,NaN,3.6149,NaN,7.1421,NaN,6.5913,NaN,NaN,3.8782,NaN,4.5449,NaN,3.3732,18.88,NaN,NaN,NaN,NaN,NaN,NaN,7.2909,4.4724,1.7956,4.6848,4.1329,7.821,6.8069,7.2826,5.6975,3.4005,2.4821,NaN,2.3782,NaN,4.7106,5.1818,1.1852,4.4244,NaN,6.6643,6.7983,4.3093,9.8405,6.1387,4.2323,2.7792,5.4054,NaN,NaN,4.9973,NaN,NaN,8.4952,NaN,1.8659,3.3224,5.2948
2.624,3.5534,10.352,6.6031,8.7386,6.5357,8.4393,4.1733,2.985,3.7349,4.7379,3.2744,NaN,10.788,1.1979,7.3866,8.0075,4.5443,NaN,9.1337,5.7684,NaN,NaN,10.653,8.4751,2.7252,NaN,NaN,NaN,NaN,4.6757,NaN,NaN,5.2941,7.0305,9.6282,4.0114,6.0628,6.266,NaN,NaN,NaN,9.0462,NaN,3.32,NaN,6.6263,NaN,5.7549,NaN,NaN,4.4289,NaN,5.4352,NaN,6.4202,17.983,NaN,NaN,NaN,NaN,NaN,NaN,6.4818,1.7884,6.5707,8.1596,2.4579,15.85,4.7771,6.1249,4.473,0.47863,2.4296,NaN,5.4337,NaN,2.2712,2.0729,3.0413,8.4862,NaN,7.7424,3.3553,9.0478,3.8091,1.8498,3.805,4.0317,12.828,NaN,NaN,5.3269,NaN,NaN,7.9037,NaN,7.9307,0.87626,4.3871
5.5623,5.6826,4.7875,2.4246,8.5,4.2473,5.7774,3.1038,1.4491,6.7388,6.3888,1.7515,NaN,4.5192,4.7043,2.5304,4.1147,4.6346,NaN,5.4428,5.8439,NaN,NaN,4.6744,3.1123,1.6409,NaN,NaN,NaN,NaN,7.2522,NaN,NaN,5.1746,2.5903,1.9265,3.6516,1.6561,8.7651,NaN,NaN,NaN,6.055,NaN,5.1645,NaN,5.3175,NaN,3.6073,NaN,NaN,1.5947,NaN,5.8326,NaN,2.9347,9.1384,NaN,NaN,NaN,NaN,NaN,NaN,4.1164,3.2515,5.7532,7.6745,1.8409,7.8511,4.7691,8.5835,3.1444,1.4765,0.82204,NaN,4.4018,NaN,3.0974,4.3076,2.0822,5.5695,NaN,1.7684,2.8022,0.47754,4.3958,5.3262,1.5427,0.53769,7.7204,NaN,NaN,1.1099,NaN,NaN,6.0584,NaN,4.5841,1.5316,7.6498
1.3856,2.2156,2.2958,1.343,3.2887,2.6016,1.7997,4.3573,2.2683,0.54571,4.4689,2.3741,NaN,3.674,0.88507,3.1119,3.0972,1.9794,NaN,3.1577,1.8658,NaN,NaN,1.1049,2.5947,4.3808,NaN,NaN,NaN,NaN,3.576,NaN,NaN,4.0689,1.969,3.3361,4.7093,3.7261,2.6679,NaN,NaN,NaN,1.9121,NaN,0.36666,NaN,1.8224,NaN,6.3159,NaN,NaN,1.6007,NaN,2.7247,NaN,2.7749,1.3586,NaN,NaN,NaN,NaN,NaN,NaN,1.8744,3.0905,1.3004,0.8064,2.2149,6.1264,0.83649,5.1542,5.119,3.1027,1.86,NaN,2.138,NaN,4.6793,2.2416,1.1301,5.5045,NaN,2.0207,1.5437,7.541,4.0681,5.2666,5.2373,7.7523,4.8372,NaN,NaN,2.3351,NaN,NaN,1.9843,NaN,5.5266,7.1911,4.9949
10.004,8.1743,8.3078,9.1985,7.3645,6.1817,4.1145,7.7838,2.7966,7.8052,6.046,7.8042,NaN,14.781,6.4955,9.5014,12.122,4.9953,NaN,7.8425,7.0884,NaN,NaN,5.8673,1.7599,16.508,NaN,NaN,NaN,NaN,18.252,NaN,NaN,12.338,4.1887,12.572,2.1658,10.572,14.965,NaN,NaN,NaN,2.3346,NaN,9.392,NaN,2.0698,NaN,4.1904,NaN,NaN,3.9196,NaN,6.5597,NaN,7.2993,11.59,NaN,NaN,NaN,NaN,NaN,NaN,3.0075,5.7172,9.5545,10.448,5.659,17.443,10.19,11.472,3.86,6.0809,9.264,NaN,12.949,NaN,12.539,8.799,7.3186,12.273,NaN,9.28,7.3239,19.336,4.3905,11.264,5.2157,16.9,15.783,NaN,NaN,9.6055,NaN,NaN,5.3286,NaN,12.639,14.52,9.4217
12.901,4.2559,9.3763,1.421,1.7017,4.6335,5.9277,3.2994,9.2153,3.4894,20.174,16.34,NaN,4.4763,8.9068,17.283,10.533,0.72945,NaN,3.4986,6.7276,NaN,NaN,12.812,19.177,12.711,NaN,NaN,NaN,NaN,3.7485,NaN,NaN,3.5121,11.881,7.7616,10.453,6.7453,6.9988,NaN,NaN,NaN,12.665,NaN,2.6213,NaN,10.004,NaN,11.089,NaN,NaN,2.341,NaN,8.2635,NaN,13.735,10.216,NaN,NaN,NaN,NaN,NaN,NaN,6.3173,6.0828,4.8787,12.37,1.0563,13.207,3.1776,3.5627,2.3375,11.845,0.69295,NaN,13.988,NaN,6.7903,5.1962,23.154,7.4747,NaN,11.513,17.607,6.1938,6.1287,2.0451,30.957,9.0393,6.9057,NaN,NaN,9.1888,NaN,NaN,8.5687,NaN,2.6592,7.2339,8.0221
10.179,1.9109,11.727,1.6232,0.21454,2.7162,7.192,3.4385,1.4253,3.6182,11.158,7.4354,NaN,3.7894,5.363,11.82,6.5715,1.4679,NaN,2.8757,8.2117,NaN,NaN,8.0652,7.6942,6.1617,NaN,NaN,NaN,NaN,2.2098,NaN,NaN,2.9063,11.762,9.8059,5.4066,6.3007,8.0261,NaN,NaN,NaN,15.07,NaN,5.319,NaN,7.2169,NaN,6.2433,NaN,NaN,3.458,NaN,5.5758,NaN,8.7529,2.675,NaN,NaN,NaN,NaN,NaN,NaN,6.389,3.3473,4.1338,6.6968,3.1426,6.6192,2.7909,1.5466,4.7779,4.2589,1.726,NaN,7.2665,NaN,1.1801,1.3358,7.1002,5.9659,NaN,8.92,7.4183,7.1161,4.7287,3.8925,24.799,7.1832,9.0009,NaN,NaN,4.2318,NaN,NaN,2.617,NaN,4.3639,6.9213,4.0341
9.6555,8.6246,3.4819,5.0156,8.5196,4.0056,7.2263,8.3934,1.5609,10.041,7.0314,3.1307,NaN,9.4001,1.6671,7.8795,6.5168,8.1545,NaN,21.711,4.1465,NaN,NaN,10.465,5.4047,5.5864,NaN,NaN,NaN,NaN,6.694,NaN,NaN,12.094,5.7565,4.1058,9.8443,11.571,15.163,NaN,NaN,NaN,7.9824,NaN,7.4662,NaN,3.655,NaN,3.5702,NaN,NaN,3.357,NaN,6.7752,NaN,2.291,29.03,NaN,NaN,NaN,NaN,NaN,NaN,5.0625,6.111,4.1278,11.022,2.7815,9.0506,9.1572,4.8909,11.358,5.0487,3.2651,NaN,6.0805,NaN,7.7551,2.5968,4.9307,13.016,NaN,5.8996,5.6411,4.9938,10.851,7.6728,6.523,4.1312,13.552,NaN,NaN,4.1693,NaN,NaN,10.751,NaN,4.9044,7.209,2.8342
6.8258,8.1163,10.211,7.719,11.733,8.085,15.504,7.8452,4.2355,14.275,6.5664,6.9684,NaN,13.873,7.5225,8.6376,7.9315,8.2263,NaN,18.788,11.518,NaN,NaN,14.995,14.652,2.4884,NaN,NaN,NaN,NaN,6.699,NaN,NaN,14.133,10.754,8.6453,5.9438,9.1322,13.58,NaN,NaN,NaN,11.055,NaN,6.6514,NaN,10.825,NaN,11.089,NaN,NaN,6.5847,NaN,10.708,NaN,7.9936,31.279,NaN,NaN,NaN,NaN,NaN,NaN,9.9092,2.9105,15.178,13.573,4.613,13.082,8.7991,12.18,9.755,8.4892,1.7214,NaN,12.667,NaN,9.4283,4.4904,4.4394,17.525,NaN,13.77,4.4578,9.8264,6.1992,7.4534,6.6171,4.0591,18.369,NaN,NaN,6.6802,NaN,NaN,16.395,NaN,11.339,10.202,7.003
8.0629,9.7898,6.7277,4.6681,9.8652,5.8696,9.6166,7.1824,2.6396,11.053,3.0383,3.7549,NaN,9.1187,7.2477,7.1312,4.0243,6.9083,NaN,11.812,8.9324,NaN,NaN,5.4472,5.3882,2.1832,NaN,NaN,NaN,NaN,10.92,NaN,NaN,8.43,5.2025,2.7941,6.2151,2.1242,12.611,NaN,NaN,NaN,7.9818,NaN,0.47464,NaN,6.5792,NaN,6.002,NaN,NaN,1.4328,NaN,2.3762,NaN,3.3188,13.806,NaN,NaN,NaN,NaN,NaN,NaN,7.5676,6.7301,9.1481,8.0519,4.4735,4.5133,9.5771,6.7683,8.0917,6.4733,4.247,NaN,12.226,NaN,3.3615,1.9734,5.2155,7.3289,NaN,2.2553,0.99752,6.3365,7.6284,5.1499,4.3994,2.0956,6.5272,NaN,NaN,4.3213,NaN,NaN,6.0548,NaN,4.3131,6.4465,5.3857
3.1092,3.2199,1.9208,6.4029,3.8503,3.9341,2.3853,4.4115,3.3757,2.2984,1.4962,5.02,NaN,2.4192,2.6481,5.0274,3.0801,4.8643,NaN,12.801,4.0706,NaN,NaN,5.5784,4.8853,1.2207,NaN,NaN,NaN,NaN,2.9465,NaN,NaN,1.4469,5.953,3.3707,0.48112,6.8712,2.9243,NaN,NaN,NaN,2.2147,NaN,4.9205,NaN,2.729,NaN,5.2598,NaN,NaN,1.746,NaN,3.2909,NaN,3.6358,2.6699,NaN,NaN,NaN,NaN,NaN,NaN,1.3399,12.272,3.4461,4.8178,2.595,5.9278,5.6838,5.6253,1.1266,2.4388,2.8036,NaN,5.5283,NaN,2.1876,1.5651,1.3119,2.724,NaN,2.3863,1.9595,7.7369,6.3009,4.5037,1.6255,5.9282,5.4669,NaN,NaN,2.2695,NaN,NaN,2.3178,NaN,5.8098,1.3746,1.6858
7.7287,8.9541,7.0448,10.054,6.4672,3.0735,4.6335,2.6979,5.4879,4.0362,10.666,14.424,NaN,6.3071,7.3461,14.806,10.705,12.209,NaN,2.4783,3.3687,NaN,NaN,17.392,15.871,12.778,NaN,NaN,NaN,NaN,2.1976,NaN,NaN,6.376,8.1593,1.9789,14.823,15.149,17.168,NaN,NaN,NaN,15.482,NaN,8.1387,NaN,7.1893,NaN,3.7384,NaN,NaN,2.1951,NaN,7.3619,NaN,12.891,8.5083,NaN,NaN,NaN,NaN,NaN,NaN,1.2543,9.3607,4.5789,5.2596,10.505,5.665,8.9598,5.1855,2.555,4.4266,7.5282,NaN,19.802,NaN,4.7328,5.856,7.4953,7.9978,NaN,18.335,11.399,11.639,17.751,8.1351,20.83,3.6589,5.0585,NaN,NaN,8.7633,NaN,NaN,7.3806,NaN,7.5202,5.6369,2.8798
3.7154,6.4081,9.07,5.6475,2.2795,2.2752,4.7649,4.1543,4.2891,2.2736,6.2884,15.739,NaN,5.475,13.406,11.461,9.273,0.88094,NaN,3.853,6.0148,NaN,NaN,7.6841,8.1469,10.532,NaN,NaN,NaN,NaN,11.647,NaN,NaN,9.5058,8.7779,2.5568,4.8624,20.839,14.809,NaN,NaN,NaN,10.741,NaN,12.252,NaN,4.9777,NaN,10.328,NaN,NaN,3.224,NaN,8.877,NaN,9.1922,8.7158,NaN,NaN,NaN,NaN,NaN,NaN,4.8599,6.1807,3.712,14.685,7.6952,5.1362,3.5081,1.898,0.67376,4.8746,2.8468,NaN,10.747,NaN,5.4154,11.159,11.258,10.065,NaN,15.653,8.8706,20.729,12.471,14.772,7.1557,15.427,18.695,NaN,NaN,2.4237,NaN,NaN,13.377,NaN,16.198,8.2338,12.421
8.6104,12.125,3.6837,6.156,5.6233,4.094,8.7359,6.1393,4.5245,12.036,5.3204,6.9529,NaN,5.6715,8.3813,4.7237,6.8864,4.621,NaN,15.433,6.7232,NaN,NaN,3.7921,4.2122,8.9102,NaN,NaN,NaN,NaN,8.0605,NaN,NaN,6.7295,4.1725,4.5572,4.2975,4.8546,15.689,NaN,NaN,NaN,1.1014,NaN,6.5233,NaN,4.7242,NaN,2.9445,NaN,NaN,5.7669,NaN,7.1525,NaN,4.7685,13.437,NaN,NaN,NaN,NaN,NaN,NaN,3.3991,3.9144,3.5763,8.4525,3.6682,4.7577,13.828,4.615,7.0025,5.9483,4.6137,NaN,8.6534,NaN,10.706,3.4616,4.4453,9.2497,NaN,1.9347,3.762,7.3231,1.4891,1.6605,2.2244,8.0376,14.226,NaN,NaN,0.19203,NaN,NaN,6.2905,NaN,2.955,10.202,0.21089
3.9128,5.1003,4.4664,4.1674,5.0998,6.0566,9.0934,6.8642,1.324,10.938,3.3653,5.7805,NaN,3.8466,8.8372,6.208,0.15206,6.854,NaN,12.24,8.8334,NaN,NaN,4.7081,7.0845,0.84366,NaN,NaN,NaN,NaN,9.044,NaN,NaN,9.0908,9.5599,5.8942,1.4562,5.4968,4.0968,NaN,NaN,NaN,4.7588,NaN,4.9868,NaN,6.9244,NaN,6.313,NaN,NaN,3.2827,NaN,6.6804,NaN,3.2155,12.403,NaN,NaN,NaN,NaN,NaN,NaN,4.8981,5.1222,11.755,0.68853,3.497,6.603,9.2886,9.9907,3.0911,11.592,4.2998,NaN,7.0519,NaN,9.6407,5.1159,6.4257,7.4701,NaN,5.5976,1.9799,3.6469,2.4277,8.6834,6.109,3.5587,5.1906,NaN,NaN,4.3344,NaN,NaN,7.1368,NaN,3.4873,7.6351,5.0688
5.1684,4.7812,5.4433,6.3822,3.1641,3.5386,2.7229,6.5524,2.2368,4.503,3.7146,8.2361,NaN,4.3628,4.8763,2.9121,5.1426,4.761,NaN,11.316,4.1468,NaN,NaN,2.8194,2.9159,5.6291,NaN,NaN,NaN,NaN,7.3142,NaN,NaN,2.7427,4.6642,4.8648,3.0904,4.7099,3.3167,NaN,NaN,NaN,2.3021,NaN,3.0457,NaN,3.4588,NaN,4.1917,NaN,NaN,3.2,NaN,1.6399,NaN,1.3624,6.0634,NaN,NaN,NaN,NaN,NaN,NaN,4.4492,8.8371,2.5373,3.1283,1.4184,5.6972,8.2447,4.5422,4.8558,3.4957,3.6332,NaN,9.4608,NaN,5.0959,6.341,2.7764,4.4092,NaN,4.5028,6.05,2.9387,4.5602,7.5679,3.0045,4.0996,4.593,NaN,NaN,3.189,NaN,NaN,4.0624,NaN,4.2237,10.129,0.72091
1.6951,3.2074,12.524,8.6127,4.3514,1.4471,4.2527,2.2436,4.46,6.8715,3.0191,3.4742,NaN,4.7131,5.305,5.4432,7.0298,5.8366,NaN,2.8397,10.802,NaN,NaN,5.7603,4.4147,5.7472,NaN,NaN,NaN,NaN,3.0545,NaN,NaN,4.2178,5.2722,2.8572,1.4734,5.6338,3.9114,NaN,NaN,NaN,1.2779,NaN,5.3006,NaN,0.26832,NaN,5.0259,NaN,NaN,1.9044,NaN,7.3667,NaN,8.0491,9.4639,NaN,NaN,NaN,NaN,NaN,NaN,2.6895,4.411,5.3391,10.9,5.4048,1.269,1.765,1.2364,0.78019,4.5332,2.5405,NaN,14.665,NaN,4.1487,4.8664,6.9773,1.8622,NaN,4.3212,5.1861,6.8614,5.8148,4.4685,2.1693,0.78435,3.4219,NaN,NaN,5.507,NaN,NaN,1.8115,NaN,6.2208,3.7062,3.7654
13.723,1.1502,6.3444,7.7298,3.8471,2.4319,4.2662,8.6835,9.4807,8.6297,7.5042,12.317,NaN,2.8672,16.684,6.7601,11.939,2.7679,NaN,6.421,6.2185,NaN,NaN,6.4888,8.7373,5.306,NaN,NaN,NaN,NaN,2.7606,NaN,NaN,7.7613,6.4791,12.523,3.2694,8.5125,11.332,NaN,NaN,NaN,3.7631,NaN,4.7909,NaN,10.116,NaN,9.8161,NaN,NaN,4.3955,NaN,8.6159,NaN,11.095,9.2362,NaN,NaN,NaN,NaN,NaN,NaN,6.8652,4.228,4.4289,5.4688,1.5588,5.8056,2.8059,5.651,2.3046,5.3392,4.3856,NaN,4.2714,NaN,9.2831,1.5127,8.0935,3.1206,NaN,5.6289,6.4906,7.8689,7.7529,5.0885,4.3576,10.875,8.2276,NaN,NaN,2.5123,NaN,NaN,3.374,NaN,5.4095,4.8346,7.176
7.1204,4.1292,1.7341,3.589,3.3904,5.6174,3.5613,5.7014,4.7314,8.096,6.2761,2.3355,NaN,1.4584,8.2247,5.2608,4.1674,2.1054,NaN,3.3403,4.7789,NaN,NaN,5.8271,10.098,3.5014,NaN,NaN,NaN,NaN,5.3416,NaN,NaN,5.5515,9.8439,9.9795,3.7086,3.1412,1.0521,NaN,NaN,NaN,1.9834,NaN,5.9476,NaN,4.5256,NaN,4.6809,NaN,NaN,6.3519,NaN,5.5613,NaN,1.1718,9.5509,NaN,NaN,NaN,NaN,NaN,NaN,7.3723,5.9725,3.758,5.7696,4.4418,7.2712,10.718,6.741,3.3906,7.6721,7.7426,NaN,5.7228,NaN,8.9701,4.4442,5.0904,6.8366,NaN,13.762,5.4809,4.8343,7.088,3.4169,0.7536,5.5808,5.6555,NaN,NaN,5.0479,NaN,NaN,5.9899,NaN,8.1076,9.0133,4.8678
0.77808,6.8829,4.0088,1.9189,4.6515,4.3661,5.7666,3.5541,4.5437,6.0766,2.3642,3.1897,NaN,6.8604,1.7322,2.1081,0.4995,3.6477,NaN,1.4606,6.4283,NaN,NaN,5.6411,1.3027,0.84919,NaN,NaN,NaN,NaN,3.4488,NaN,NaN,4.2171,3.1144,10.927,7.0621,2.6765,10.865,NaN,NaN,NaN,5.8771,NaN,11.14,NaN,5.4951,NaN,4.0832,NaN,NaN,0.34437,NaN,2.7733,NaN,2.9099,3.3131,NaN,NaN,NaN,NaN,NaN,NaN,4.6821,3.2176,6.2053,11.683,4.1785,2.5975,4.1519,5.1384,6.9041,4.3427,2.9289,NaN,9.1309,NaN,2.2627,8.451,6.8414,3.2075,NaN,4.1565,4.89,2.5636,4.8095,5.5535,2.6208,2.9995,3.5585,NaN,NaN,5.3188,NaN,NaN,3.8501,NaN,0.77429,1.1899,0.84097
5.856,4.891,3.2318,7.2598,2.2196,3.4553,4.3145,5.6467,5.9967,2.1603,4.0091,6.1715,NaN,1.8646,3.0621,9.4474,13.554,6.4466,NaN,10.67,4.0823,NaN,NaN,8.2579,6.6791,7.9566,NaN,NaN,NaN,NaN,1.5003,NaN,NaN,7.3047,2.5537,5.4342,6.0427,10.51,2.0092,NaN,NaN,NaN,7.7659,NaN,10.133,NaN,7.481,NaN,9.1704,NaN,NaN,2.8201,NaN,4.053,NaN,3.2609,2.8517,NaN,NaN,NaN,NaN,NaN,NaN,12.112,12.084,2.265,10.636,4.2246,4.9926,5.7547,2.5495,3.7516,3.233,1.1372,NaN,5.986,NaN,7.1421,8.723,6.6853,3.9933,NaN,3.2268,3.6532,2.8905,8.2498,6.635,4.3348,5.0474,2.0594,NaN,NaN,5.177,NaN,NaN,5.617,NaN,2.8614,6.7742,4.8943
6.5834,4.2947,8.2411,2.3042,5.1595,3.6788,1.3483,3.9565,3.2693,3.9792,6.8727,5.2726,NaN,7.8519,4.8294,3.0238,9.4024,7.9726,NaN,1.746,2.3807,NaN,NaN,7.207,3.9574,11.153,NaN,NaN,NaN,NaN,3.212,NaN,NaN,3.0303,3.013,3.8283,3.0777,6.9201,13.748,NaN,NaN,NaN,11.897,NaN,2.029,NaN,11.225,NaN,4.3601,NaN,NaN,4.5663,NaN,7.5608,NaN,1.9739,6.1389,NaN,NaN,NaN,NaN,NaN,NaN,5.955,4.2891,2.3311,9.1592,1.6431,12.732,5.7328,3.6231,7.0333,2.5458,7.078,NaN,12.814,NaN,3.9532,1.5667,4.7339,4.5751,NaN,8.846,6.4945,9.1605,2.6595,7.1958,2.7484,8.9623,14.8,NaN,NaN,9.5887,NaN,NaN,1.8804,NaN,5.3639,9.2871,9.2555
9.7117,8.9549,9.5565,7.661,5.0202,3.7506,7.3286,8.9828,0.33252,8.0629,11.178,8.6461,NaN,6.3583,6.0564,6.2065,14.611,2.989,NaN,9.0587,1.1369,NaN,NaN,5.2334,3.5711,13.36,NaN,NaN,NaN,NaN,7.8254,NaN,NaN,4.9553,1.5588,7.2969,2.4775,6.8842,8.9891,NaN,NaN,NaN,6.0821,NaN,11.817,NaN,4.2681,NaN,7.9634,NaN,NaN,2.057,NaN,5.3016,NaN,3.7805,7.2545,NaN,NaN,NaN,NaN,NaN,NaN,3.533,10.978,6.0089,10.245,5.1545,11.152,7.4582,4.411,10.84,1.5883,7.6493,NaN,13.249,NaN,11.575,8.9322,3.7248,2.4976,NaN,5.4329,4.8526,8.3352,9.1492,9.2569,5.3617,9.1354,8.2399,NaN,NaN,4.0234,NaN,NaN,8.9743,NaN,1.6634,4.7222,11.872
7.0535,3.5316,4.9198,2.9655,1.6306,4.1427,6.3123,3.0384,6.8665,8.7344,12.237,6.5684,NaN,8.4407,2.9254,1.4335,3.001,6.3421,NaN,8.3733,5.5517,NaN,NaN,0.87135,8.2679,7.0468,NaN,NaN,NaN,NaN,3.6885,NaN,NaN,4.7516,3.2299,1.1801,6.8646,3.3448,5.2343,NaN,NaN,NaN,3.6103,NaN,6.9426,NaN,9.7974,NaN,3.2297,NaN,NaN,5.5778,NaN,4.5266,NaN,4.9602,4.811,NaN,NaN,NaN,NaN,NaN,NaN,4.6067,6.3556,7.9288,4.9056,3.5851,5.0035,9.363,4.3604,12.631,3.7775,1.9745,NaN,9.717,NaN,10.312,6.6238,5.06,5.5931,NaN,1.0782,8.5473,4.0576,9.1618,2.9766,10.896,2.8022,6.9082,NaN,NaN,4.7679,NaN,NaN,6.0376,NaN,6.4832,2.4484,3.9644
5.1827,10.09,12.207,14.482,5.8035,6.2121,9.5822,7.821,6.6348,10.91,10.634,15.942,NaN,7.2396,20.015,3.6612,24.896,10.741,NaN,15.017,0.29765,NaN,NaN,6.7366,7.6671,6.2969,NaN,NaN,NaN,NaN,3.013,NaN,NaN,20.501,6.8075,15.095,14.396,18.348,15.318,NaN,NaN,NaN,7.834,NaN,2.7753,NaN,12.686,NaN,4.8684,NaN,NaN,2.8335,NaN,7.2671,NaN,13.372,12.176,NaN,NaN,NaN,NaN,NaN,NaN,7.4331,5.6867,16.146,2.7442,6.2298,4.3863,5.451,2.1661,10.141,6.4487,4.1685,NaN,10.168,NaN,4.6792,1.5519,7.9535,10.855,NaN,16.593,7.793,7.2055,11.619,13.46,7.1696,12.665,0.96937,NaN,NaN,7.0795,NaN,NaN,12.24,NaN,4.5295,22.092,10.778
6.9983,6.3761,2.7609,5.5278,6.8284,1.0625,3.6346,2.4969,5.5985,9.2478,4.9076,3.8226,NaN,9.9351,5.7483,3.0344,8.3901,5.6276,NaN,1.3764,1.6881,NaN,NaN,8.1611,5.8298,4.464,NaN,NaN,NaN,NaN,5.7767,NaN,NaN,4.6611,6.2325,17.163,3.4283,2.6733,13.714,NaN,NaN,NaN,8.3974,NaN,8.5962,NaN,12.787,NaN,6.4506,NaN,NaN,3.6644,NaN,6.2159,NaN,8.4536,7.571,NaN,NaN,NaN,NaN,NaN,NaN,9.0448,3.8995,3.8665,8.8607,4.317,11.506,6.2342,4.4273,3.8592,3.1248,2.4806,NaN,8.9323,NaN,8.534,10.964,7.1757,12.492,NaN,13.934,3.5508,7.2857,3.7409,2.2392,7.8626,12.838,15.292,NaN,NaN,12.781,NaN,NaN,13.826,NaN,12.485,16.113,5.5787
1.7112,6.5219,3.4052,1.2743,3.0346,7.4092,3.063,1.9478,3.4647,6.4462,1.5875,5.5093,NaN,4.5671,4.8653,5.1771,3.5084,4.7697,NaN,7.0699,7.1699,NaN,NaN,1.9649,4.0279,2.6576,NaN,NaN,NaN,NaN,11.239,NaN,NaN,2.6005,3.321,2.1149,2.7606,9.074,2.2052,NaN,NaN,NaN,7.2649,NaN,8.698,NaN,8.4866,NaN,9.6544,NaN,NaN,3.5871,NaN,5.863,NaN,2.711,6.0433,NaN,NaN,NaN,NaN,NaN,NaN,3.0572,2.817,3.7883,2.8771,1.7122,7.6031,4.8985,5.6548,4.4919,2.3449,6.7914,NaN,11.429,NaN,4.1777,4.6289,6.369,4.0203,NaN,5.8281,2.4019,6.5403,4.4879,1.7901,5.594,7.1963,2.6059,NaN,NaN,2.9812,NaN,NaN,1.9273,NaN,1.3949,3.4759,7.9086
2.8963,2.866,2.28,7.0055,4.3296,6.3759,7.6716,2.461,4.3173,4.0118,11.328,7.0871,NaN,3.5377,7.7333,5.7119,3.2666,6.0149,NaN,6.6145,2.3976,NaN,NaN,4.221,5.3311,3.9285,NaN,NaN,NaN,NaN,3.2137,NaN,NaN,6.5287,5.4082,4.5086,1.1771,3.0967,5.1044,NaN,NaN,NaN,8.998,NaN,5.1282,NaN,4.6091,NaN,5.2812,NaN,NaN,4.2343,NaN,4.8094,NaN,1.4892,7.1507,NaN,NaN,NaN,NaN,NaN,NaN,7.8688,2.5276,4.5228,2.4119,2.3187,7.5165,1.6082,4.7691,3.3815,3.066,2.6852,NaN,3.509,NaN,5.3633,1.6229,4.0321,3.4432,NaN,6.8769,6.5667,3.6501,4.4742,2.5561,5.3427,1.2466,6.4439,NaN,NaN,7.971,NaN,NaN,3.2615,NaN,11.583,5.3491,1.4747
7.4628,7.7753,9.7365,3.3145,3.3016,2.3119,5.3554,5.8987,2.5324,1.965,9.0323,4.0751,NaN,6.0734,9.0942,4.8555,18.313,3.603,NaN,0.17983,3.9427,NaN,NaN,1.6594,4.8656,6.1071,NaN,NaN,NaN,NaN,3.2784,NaN,NaN,2.3119,5.9547,0.93108,2.8146,5.6105,6.2352,NaN,NaN,NaN,6.0135,NaN,2.8374,NaN,17.063,NaN,6.7296,NaN,NaN,8.3361,NaN,9.6458,NaN,7.9646,7.1265,NaN,NaN,NaN,NaN,NaN,NaN,5.3897,10.287,6.6381,6.807,2.4581,7.3861,1.1915,5.4598,7.6409,1.6285,4.6193,NaN,1.7534,NaN,1.8339,3.4894,7.9752,3.4219,NaN,6.9731,3.5614,3.1896,9.5593,6.5514,3.6788,4.9465,7.2601,NaN,NaN,3.7393,NaN,NaN,2.7954,NaN,4.8102,6.9236,4.4307
7.6311,4.9645,2.2486,1.3056,3.4659,3.9907,6.9737,1.9675,4.7989,7.622,9.7734,4.1592,NaN,8.6935,5.4185,1.6818,2.8937,7.2169,NaN,3.9387,7.9836,NaN,NaN,0.91033,7.8467,6.9889,NaN,NaN,NaN,NaN,4.2359,NaN,NaN,5.4923,6.3602,2.3629,9.5831,1.6502,7.8416,NaN,NaN,NaN,4.9982,NaN,2.5582,NaN,6.565,NaN,4.3594,NaN,NaN,7.6484,NaN,8.081,NaN,5.3774,1.8418,NaN,NaN,NaN,NaN,NaN,NaN,1.7755,6.8798,6.1948,3.4733,5.2474,4.8368,6.3149,3.0904,11.553,3.6915,3.271,NaN,4.0152,NaN,4.0622,7.2213,1.5939,2.5461,NaN,4.4906,4.2287,7.5722,1.893,5.5221,5.6794,3.478,3.5557,NaN,NaN,2.9363,NaN,NaN,6.1837,NaN,4.5033,5.2888,5.7247
3.1083,18.694,9.4165,22.367,10.131,14.727,19.25,24.52,14.923,15.555,31.719,17.967,NaN,10.008,39.032,4.9757,41.161,16.453,NaN,19.06,17.568,NaN,NaN,5.0403,6.5691,3.7865,NaN,NaN,NaN,NaN,5.1895,NaN,NaN,27.965,22.374,25.613,14.5,20.842,19.894,NaN,NaN,NaN,23.881,NaN,9.6315,NaN,31.308,NaN,5.9989,NaN,NaN,5.9801,NaN,12.954,NaN,24.505,7.328,NaN,NaN,NaN,NaN,NaN,NaN,21.298,18.81,25.919,12.248,21.015,7.5437,4.414,5.904,16.255,18.515,5.324,NaN,21.302,NaN,11.138,8.148,17.541,10.12,NaN,14.681,17.543,21.23,10.722,13.35,29.637,25.066,11.135,NaN,NaN,3.5271,NaN,NaN,19.722,NaN,5.5688,32.685,25.573
1.6537,2.873,3.7283,7.3392,7.5141,3.606,8.2904,7.5205,8.4463,4.9845,11.901,4.1728,NaN,7.1897,4.4438,8.907,6.3364,4.1913,NaN,4.8529,6.1697,NaN,NaN,18.868,7.9611,10.492,NaN,NaN,NaN,NaN,6.0654,NaN,NaN,8.7087,6.3121,4.1144,2.3156,5.7758,11.422,NaN,NaN,NaN,6.4802,NaN,10.57,NaN,11.297,NaN,10.624,NaN,NaN,4.6498,NaN,9.9648,NaN,11.906,10.295,NaN,NaN,NaN,NaN,NaN,NaN,7.5291,3.0248,1.9822,2.8963,0.98429,22.364,9.2097,6.9054,5.275,7.8545,7.6554,NaN,4.7919,NaN,14.031,21.068,11.524,9.6897,NaN,12.4,16.875,5.7395,18.287,2.8389,28.957,16.846,9.2287,NaN,NaN,22.597,NaN,NaN,10.924,NaN,7.6411,10.237,12.481
9.2044,7.3158,11.723,4.9281,1.668,2.8446,4.1453,3.7851,3.3885,5.7241,3.8288,8.3039,NaN,11.694,4.7371,5.5143,16.287,6.4969,NaN,7.9856,5.3906,NaN,NaN,11.252,5.1365,8.0438,NaN,NaN,NaN,NaN,3.0678,NaN,NaN,3.5915,10.08,5.3829,12.788,10.945,5.8653,NaN,NaN,NaN,4.8721,NaN,8.7892,NaN,4.6154,NaN,4.6314,NaN,NaN,8.6889,NaN,5.7136,NaN,8.8566,5.6367,NaN,NaN,NaN,NaN,NaN,NaN,1.9963,6.0744,10.144,4.9227,12.884,5.362,14.613,4.2378,3.6764,10.881,7.601,NaN,10.514,NaN,4.493,6.9846,9.7468,3.3377,NaN,13.341,3.0685,8.47,17.904,15.529,10.711,2.071,15.883,NaN,NaN,5.3947,NaN,NaN,5.8278,NaN,5.8417,9.3417,9.9117
6.1088,1.8822,2.6459,2.3522,4.1746,3.0496,4.2162,8.9713,12.273,1.6679,18.487,4.0284,NaN,7.5891,6.0522,9.9398,6.1595,0.47358,NaN,5.102,2.3397,NaN,NaN,3.1228,4.0366,1.8057,NaN,NaN,NaN,NaN,4.947,NaN,NaN,3.8502,6.2766,3.8364,10.327,7.0501,2.864,NaN,NaN,NaN,12.138,NaN,10.582,NaN,4.7311,NaN,6.9063,NaN,NaN,1.8941,NaN,8.127,NaN,5.6742,2.0681,NaN,NaN,NaN,NaN,NaN,NaN,7.9616,5.2218,6.6549,5.9709,5.9436,5.1764,3.8327,10.033,9.2816,8.9602,6.1319,NaN,4.3443,NaN,3.1676,13.156,7.6585,3.1142,NaN,4.9743,5.9371,1.8983,4.2731,5.6272,6.6434,4.7473,11.68,NaN,NaN,4.3267,NaN,NaN,4.6694,NaN,1.9048,3.8148,16.775
4.4609,0.66265,5.2713,3.0768,3.9154,6.6575,1.3044,2.5814,5.632,0.94229,9.653,2.5562,NaN,5.3758,1.515,8.5881,4.6605,3.9497,NaN,3.1471,3.5895,NaN,NaN,4.1824,5.7198,3.6124,NaN,NaN,NaN,NaN,5.1752,NaN,NaN,3.4166,6.8796,5.0071,11.164,6.3218,9.2835,NaN,NaN,NaN,4.2272,NaN,7.8672,NaN,2.7274,NaN,3.1457,NaN,NaN,16.811,NaN,9.6494,NaN,1.7996,2.2796,NaN,NaN,NaN,NaN,NaN,NaN,6.2965,13.618,3.391,5.3936,2.9889,3.4791,7.1574,8.2391,7.4329,5.5204,6.9573,NaN,5.3691,NaN,2.1083,0.72493,5.1471,2.8986,NaN,8.7814,9.6883,9.522,4.8479,4.7752,7.7196,1.8812,2.935,NaN,NaN,8.3392,NaN,NaN,3.7446,NaN,5.9901,2.6788,3.3242
3.5654,5.713,10.512,8.592,3.3588,2.0899,9.0752,5.9174,4.2,4.5282,4.3001,5.5548,NaN,3.9811,1.9345,8.1331,7.2471,9.0911,NaN,4.438,7.4683,NaN,NaN,0.88509,5.5957,2.9423,NaN,NaN,NaN,NaN,9.5533,NaN,NaN,3.679,2.6055,0.99163,3.7208,4.8312,9.5021,NaN,NaN,NaN,12.887,NaN,4.717,NaN,9.2791,NaN,6.8689,NaN,NaN,12.997,NaN,9.2817,NaN,1.3878,2.8803,NaN,NaN,NaN,NaN,NaN,NaN,4.7119,10.857,2.7026,6.3534,9.3688,3.2127,5.1996,7.4786,6.5671,6.4786,3.7273,NaN,1.7443,NaN,2.8577,3.7311,6.81,2.7015,NaN,6.6863,4.8312,2.0787,6.4613,6.4325,7.6698,3.5886,7.8602,NaN,NaN,1.5926,NaN,NaN,5.3909,NaN,11.828,10.779,8.456
14.059,4.6358,5.4163,1.7891,5.7913,8.1183,10.142,8.5671,12.373,7.9792,31.505,18.045,NaN,8.176,6.8149,7.9327,11.084,8.918,NaN,2.9238,16.555,NaN,NaN,13.248,30.915,7.5294,NaN,NaN,NaN,NaN,5.9626,NaN,NaN,11.119,18.386,4.125,5.4724,16.628,12.883,NaN,NaN,NaN,20.087,NaN,8.7626,NaN,15.852,NaN,2.5486,NaN,NaN,9.4801,NaN,13.24,NaN,16.09,15.953,NaN,NaN,NaN,NaN,NaN,NaN,9.6151,13.593,5.4038,13.819,12.712,14.515,11.518,8.4277,8.7349,16.162,6.516,NaN,26.255,NaN,3.6451,18.699,10.587,9.4847,NaN,32.839,10.746,17.632,14.137,12.098,34.165,11.253,9.5551,NaN,NaN,15.386,NaN,NaN,8.863,NaN,16.403,17.885,17.087
7.4683,3.1729,3.6652,2.1874,8.2278,8.3025,7.329,5.3628,5.6873,6.0474,23.715,10.576,NaN,2.9413,2.5794,5.4727,9.7897,7.6184,NaN,6.1338,7.7318,NaN,NaN,6.9878,18.123,9.4051,NaN,NaN,NaN,NaN,8.5873,NaN,NaN,9.8672,9.9235,2.5885,2.7481,16.326,9.7842,NaN,NaN,NaN,13.641,NaN,8.4195,NaN,11.072,NaN,12.101,NaN,NaN,8.1572,NaN,12.666,NaN,14.12,7.8368,NaN,NaN,NaN,NaN,NaN,NaN,7.1732,7.2356,10.71,13.891,7.5351,2.5734,9.0227,9.6952,4.9965,9.567,6.6941,NaN,21.8,NaN,5.3681,3.5289,1.4366,3.9162,NaN,19.721,9.7067,5.3553,13.387,6.3922,25.992,9.8761,4.8167,NaN,NaN,18.262,NaN,NaN,9.3291,NaN,10.39,10.092,5.8275
1.5367,4.1817,5.2836,10.552,11.235,3.7047,8.6959,12.381,5.826,11.043,2.0635,0.99489,NaN,5.6699,8.5364,9.7534,7.6962,3.1904,NaN,12.413,7.3067,NaN,NaN,5.7508,13.142,5.3357,NaN,NaN,NaN,NaN,10.234,NaN,NaN,8.3428,6.1143,13.239,7.6448,19.976,18.219,NaN,NaN,NaN,4.3612,NaN,6.8198,NaN,5.2473,NaN,10.734,NaN,NaN,7.331,NaN,4.4668,NaN,4.4272,4.3081,NaN,NaN,NaN,NaN,NaN,NaN,10.5,5.9587,15.839,10.33,4.7789,6.4999,5.3895,1.9776,6.1289,6.7975,14.278,NaN,10.842,NaN,1.8681,7.5303,6.4595,4.089,NaN,10.778,1.9397,2.6595,7.6373,2.5047,6.3958,15.528,4.0026,NaN,NaN,18.553,NaN,NaN,2.3082,NaN,8.5225,10.415,8.2673
8.8112,20.381,6.6592,4.2573,5.9381,4.177,10.228,8.8536,11.141,0.73564,28.218,23.071,NaN,12.826,4.0209,10.424,7.7512,14.591,NaN,3.7275,9.3987,NaN,NaN,5.4556,3.7435,14.791,NaN,NaN,NaN,NaN,11.773,NaN,NaN,1.8127,4.4264,8.9127,5.3064,16.142,15.462,NaN,NaN,NaN,6.7607,NaN,3.0046,NaN,17.157,NaN,16.126,NaN,NaN,11.371,NaN,31.155,NaN,13.38,7.4004,NaN,NaN,NaN,NaN,NaN,NaN,10.205,2.1378,6.4098,5.2003,14.683,11.584,7.6041,26.123,5.47,18.712,9.436,NaN,16.748,NaN,4.504,10.116,6.4209,9.3976,NaN,4.324,14.825,19.355,12.857,5.0504,14.863,6.7202,9.0416,NaN,NaN,2.8822,NaN,NaN,8.5015,NaN,7.6466,15.121,12.737
1.0378,5.7404,3.4638,5.7057,6.733,11.212,2.6843,11.979,8.8041,2.0248,14.943,9.3138,NaN,6.4852,7.3195,8.7306,4.4222,11.529,NaN,3.1027,5.1561,NaN,NaN,4.5052,4.1786,3.5705,NaN,NaN,NaN,NaN,4.0203,NaN,NaN,6.5502,4.6467,1.3823,3.3452,9.2621,3.8365,NaN,NaN,NaN,4.2107,NaN,9.5723,NaN,5.3163,NaN,6.7175,NaN,NaN,12.242,NaN,11.786,NaN,12.49,7.1256,NaN,NaN,NaN,NaN,NaN,NaN,9.9984,7.425,7.12,2.563,1.3683,7.4856,11.631,14.26,2.2861,5.7875,16.04,NaN,10.296,NaN,2.3945,5.3167,9.8035,6.971,NaN,15.208,4.5482,9.9557,1.3859,5.2931,11.541,5.8666,6.6087,NaN,NaN,14.75,NaN,NaN,6.4406,NaN,2.5845,12.929,11.118
2.6662,3.0321,9.0387,10.57,6.6092,8.1289,10.091,5.0444,7.8365,3.418,13.445,11.177,NaN,5.3939,10.225,14.09,10.535,16.953,NaN,5.7529,7.3785,NaN,NaN,5.1813,8.2238,2.2714,NaN,NaN,NaN,NaN,8.2421,NaN,NaN,7.6521,3.8929,2.5228,4.3958,8.0454,12.596,NaN,NaN,NaN,16.982,NaN,15.945,NaN,2.7993,NaN,1.1361,NaN,NaN,20.614,NaN,21.457,NaN,8.2521,6.8432,NaN,NaN,NaN,NaN,NaN,NaN,7.409,10.966,5.0096,11.12,10.555,7.4565,11.293,17.847,5.1677,4.263,7.3277,NaN,11.607,NaN,6.8163,4.1219,12.189,2.3704,NaN,17.598,11.697,15.474,1.3563,10.014,10.37,3.6097,8.0315,NaN,NaN,16.726,NaN,NaN,5.4078,NaN,11.055,14.198,7.4781
2.1807,9.8978,2.4132,7.1228,4.458,6.5517,5.5646,10.092,3.8947,4.2805,20.42,6.6287,NaN,2.4048,4.7587,7.8873,2.8182,6.3841,NaN,10.411,8.5096,NaN,NaN,11.589,15.41,6.9012,NaN,NaN,NaN,NaN,12.092,NaN,NaN,2.6194,8.7418,9.2146,7.3351,20.147,18.305,NaN,NaN,NaN,6.5979,NaN,3.4783,NaN,2.4764,NaN,11.073,NaN,NaN,9.1952,NaN,6.8936,NaN,17.331,7.4725,NaN,NaN,NaN,NaN,NaN,NaN,12.791,6.5503,16.311,12.161,9.5491,13.93,7.3195,7.5795,9.1561,13.437,16.558,NaN,16.163,NaN,4.953,12.547,11.666,4.565,NaN,19.299,5.2097,7.7169,11.222,2.9208,13.937,9.9759,7.2115,NaN,NaN,11.825,NaN,NaN,5.7525,NaN,7.5164,13.801,5.0554
12.508,1.7647,11.861,9.0978,7.6617,8.7547,6.3009,18.462,9.1954,6.6558,43.084,22.36,NaN,22.705,15.656,13.109,13.339,14.969,NaN,11.236,21.987,NaN,NaN,7.0427,10.471,15.537,NaN,NaN,NaN,NaN,17.8,NaN,NaN,6.7584,2.7587,12.487,19.381,4.1019,25.06,NaN,NaN,NaN,6.2144,NaN,6.9318,NaN,4.6134,NaN,16.41,NaN,NaN,16.962,NaN,5.6172,NaN,27.063,19.957,NaN,NaN,NaN,NaN,NaN,NaN,19.076,8.0222,9.8679,6.7298,8.4813,10.804,1.4728,17.103,13.372,10.26,24.11,NaN,7.689,NaN,3.3609,3.3665,13.965,5.026,NaN,2.7749,9.5671,9.3938,21.101,13.625,39.217,14.758,12.405,NaN,NaN,8.6427,NaN,NaN,1.4031,NaN,11.793,10.955,8.332
3.3005,2.1255,9.4032,14.041,15.87,1.8157,6.6194,3.951,6.3724,5.1936,22.468,13.213,NaN,1.4523,21.009,5.7425,19.587,22.018,NaN,16.262,5.6102,NaN,NaN,19.439,35.797,6.6126,NaN,NaN,NaN,NaN,5.27,NaN,NaN,15.085,17.775,17.818,5.6606,4.4723,4.5955,NaN,NaN,NaN,5.8017,NaN,18.135,NaN,7.5823,NaN,2.8135,NaN,NaN,7.883,NaN,6.6857,NaN,5.9017,18.421,NaN,NaN,NaN,NaN,NaN,NaN,9.5918,6.7479,6.8488,14.75,10.45,10.736,13.015,9.0032,9.3408,5.6005,15.748,NaN,29.976,NaN,3.7951,13.971,10.982,8.1527,NaN,30.371,24.52,8.0391,10.766,3.8793,35.606,7.31,14.448,NaN,NaN,16.705,NaN,NaN,15.6,NaN,7.154,15.617,5.4766
15.524,9.3538,4.789,19.296,19.748,12.844,29.988,25.704,11.506,2.2027,41.013,3.8308,NaN,17.648,21.559,3.3852,22.23,21.514,NaN,16.947,18.491,NaN,NaN,8.5314,27.775,14.418,NaN,NaN,NaN,NaN,14.65,NaN,NaN,21.445,0.30511,7.3561,11.027,8.329,19.977,NaN,NaN,NaN,9.9534,NaN,7.6716,NaN,10.595,NaN,6.0094,NaN,NaN,10.981,NaN,19.538,NaN,8.3861,6.8491,NaN,NaN,NaN,NaN,NaN,NaN,6.3208,7.5989,12.028,13.693,6.3192,2.4987,18.68,18.521,1.5793,13.727,10.459,NaN,15.309,NaN,16.007,18.41,26.361,26.533,NaN,3.7948,8.936,20.54,14.555,15.827,21.844,14.671,15.112,NaN,NaN,13.891,NaN,NaN,4.2774,NaN,7.206,5.2614,9.4807
6.6345,11.518,9.3715,6.7983,6.6025,8.0542,10.341,4.6448,3.9689,9.1754,15.519,5.7859,NaN,5.8155,5.3646,6.6415,5.2735,0.7941,NaN,3.2664,6.5288,NaN,NaN,5.8242,3.5531,6.6933,NaN,NaN,NaN,NaN,11.173,NaN,NaN,0.52999,9.685,3.7354,6.4593,5.3622,6.8283,NaN,NaN,NaN,10.647,NaN,5.7517,NaN,4.9347,NaN,6.1554,NaN,NaN,7.2019,NaN,10.027,NaN,2.503,4.3837,NaN,NaN,NaN,NaN,NaN,NaN,5.3801,7.7016,5.1736,15.676,2.5868,6.3233,9.1302,6.0529,6.5389,2.443,5.4273,NaN,11.284,NaN,6.3314,11.369,2.9072,5.4103,NaN,13.318,3.4004,5.3277,6.4821,6.6673,8.0282,4.6632,16.781,NaN,NaN,6.3202,NaN,NaN,4.1442,NaN,11.778,8.9065,5.2205
