1.5632,0.7986,4.4124,7.4571,5.4123,4.2137,3.9718,NaN,4.528,9.9223,2.0142,NaN,5.4305,0.4044,NaN,9.2614,4.4597,1.5768,1.6731,0.77026,5.8224,3.7678,3.3971,3.6962,2.2582,3.3473,NaN,4.2413,3.8321,NaN,NaN,3.1437,NaN,4.0801,NaN,3.6198,NaN,NaN,NaN,5.4918,NaN,NaN,NaN,NaN,NaN,NaN,NaN,NaN,NaN,NaN,NaN,NaN,NaN,11.071,NaN,NaN,NaN,NaN,NaN,NaN,NaN,NaN,NaN,NaN,16.627,4.5996,1.7284,NaN,5.1591,NaN,6.4716,2.8306,1.7813,7.5868,1.9863,1.3558,5.3981,4.0701,2.4215,2.6512,4.8438,4.1097,NaN,NaN,5.5427,3.6451,16.069,5.3723,NaN,5.527,5.6963,6.2509,2.752,5.4926,7.6801,6.477,4.2938,2.0802,NaN,2.6352
5.9084,7.7647,2.3923,5.2335,3.3492,4.1806,7.1818,NaN,5.1146,19.109,1.9209,NaN,5.5005,18.962,NaN,8.6645,18.768,10.528,21.677,23.811,14.705,6.3737,11.728,7.3271,14.068,13.345,NaN,5.3145,7.9312,NaN,NaN,5.3987,NaN,4.8199,NaN,19.498,NaN,NaN,NaN,3.2026,NaN,NaN,NaN,NaN,NaN,NaN,NaN,NaN,NaN,NaN,NaN,NaN,NaN,9.5126,NaN,NaN,NaN,NaN,NaN,NaN,NaN,NaN,NaN,NaN,9.6844,6.9209,7.4949,NaN,4.5187,NaN,4.5631,6.4888,6.1815,16.196,1.433,7.456,4.897,11.327,2.4037,22.354,16.673,4.3498,NaN,NaN,7.7308,2.7995,6.3822,7.1524,NaN,7.317,3.4671,10.174,8.4909,4.1342,2.4615,13.784,35.413,16.46,NaN,4.3255
6.2436,5.3776,3.3845,7.4041,3.3895,9.7728,5.5504,NaN,5.4953,3.2736,1.7872,NaN,3.8124,4.7602,NaN,18.678,8.2753,22.31,4.7305,10.53,11.768,7.4591,2.3447,5.5379,9.5365,8.5136,NaN,5.2683,7.723,NaN,NaN,16.409,NaN,3.93,NaN,6.7248,NaN,NaN,NaN,24.664,NaN,NaN,NaN,NaN,NaN,NaN,NaN,NaN,NaN,NaN,NaN,NaN,NaN,5.6536,NaN,NaN,NaN,NaN,NaN,NaN,NaN,NaN,NaN,NaN,5.5428,4.051,2.2006,NaN,8.203,NaN,5.8093,1.327,1.7609,3.8402,3.8374,8.1166,7.8894,2.9748,3.6519,8.6381,4.7713,8.7591,NaN,NaN,4.0439,2.7334,3.0576,0.20453,NaN,2.3762,6.5237,4.0348,6.9203,1.3629,6.5592,8.5087,7.2084,12.401,NaN,0.91179
4.171,7.8521,6.1074,6.3684,7.5198,9.0736,8.3869,NaN,10.089,6.9683,5.1414,NaN,12.023,5.0099,NaN,7.0857,6.3175,18.089,9.1149,3.2357,4.0529,5.5483,3.4883,2.1593,5.454,4.4736,NaN,6.2266,3.117,NaN,NaN,5.1793,NaN,2.8451,NaN,6.9353,NaN,NaN,NaN,15.244,NaN,NaN,NaN,NaN,NaN,NaN,NaN,NaN,NaN,NaN,NaN,NaN,NaN,3.0395,NaN,NaN,NaN,NaN,NaN,NaN,NaN,NaN,NaN,NaN,14.1,9.1143,5.8925,NaN,4.2485,NaN,3.8418,0.69754,8.4849,16.166,4.1098,13.808,8.2839,10.386,12.492,2.9375,4.4527,7.1812,NaN,NaN,5.6408,4.0352,11.183,11.908,NaN,5.7181,10.218,1.6687,6.7289,2.6451,6.5909,2.3873,15.101,6.6141,NaN,4.91
1.642,2.0806,2.6576,4.5082,3.1559,0.4973,3.4255,NaN,2.4703,1.8741,4.3215,NaN,1.3892,2.1522,NaN,3.4243,2.8843,2.2384,0.64118,6.4256,1.445,6.1462,1.3406,4.8889,5.1933,4.1672,NaN,6.768,1.8282,NaN,NaN,1.0847,NaN,2.9637,NaN,3.4191,NaN,NaN,NaN,4.386,NaN,NaN,NaN,NaN,NaN,NaN,NaN,NaN,NaN,NaN,NaN,NaN,NaN,1.6049,NaN,NaN,NaN,NaN,NaN,NaN,NaN,NaN,NaN,NaN,1.1679,0.90756,4.263,NaN,3.6097,NaN,3.1219,2.4262,3.4654,6.1911,4.86,0.34171,8.6821,4.1246,4.8057,1.3228,0.95948,2.8175,NaN,NaN,3.5381,3.8576,2.8003,5.3268,NaN,1.7119,1.1248,3.9772,2.6037,0.84711,2.1141,3.522,2.6684,2.6557,NaN,4.4473
4.0842,2.5879,3.0455,3.8514,4.4013,0.85591,4.2082,NaN,3.4491,2.7966,4.0322,NaN,4.6944,3.3985,NaN,5.4932,5.1465,1.9716,0.60537,8.987,4.6268,3.0642,1.8712,1.5337,3.0175,4.5191,NaN,17.599,4.2428,NaN,NaN,1.6902,NaN,1.9961,NaN,2.8857,NaN,NaN,NaN,3.2758,NaN,NaN,NaN,NaN,NaN,NaN,NaN,NaN,NaN,NaN,NaN,NaN,NaN,3.3243,NaN,NaN,NaN,NaN,NaN,NaN,NaN,NaN,NaN,NaN,7.8318,2.2017,5.1712,NaN,4.9392,NaN,1.7245,4.0639,8.8017,6.8952,5.1528,1.457,9.4886,1.9881,7.6992,2.9984,2.9986,2.0362,NaN,NaN,3.5813,2.7018,4.0851,7.464,NaN,1.9296,2.9732,7.1766,3.6104,0.77707,3.0787,3.3307,4.7054,0.49812,NaN,1.2689
6.0144,2.0728,6.8677,6.3204,1.8348,0.93288,4.3486,NaN,7.3411,2.4303,2.5899,NaN,6.5303,1.7916,NaN,2.2909,5.199,3.4135,2.2645,0.621,2.2932,5.6885,4.6919,2.981,1.8396,6.8273,NaN,5.1952,5.3928,NaN,NaN,4.0446,NaN,3.3053,NaN,4.2301,NaN,NaN,NaN,0.80588,NaN,NaN,NaN,NaN,NaN,NaN,NaN,NaN,NaN,NaN,NaN,NaN,NaN,2.2414,NaN,NaN,NaN,NaN,NaN,NaN,NaN,NaN,NaN,NaN,2.8038,6.363,5.4918,NaN,3.5321,NaN,6.6302,1.9115,2.7445,8.5167,4.9984,4.8943,6.1329,5.848,10.62,7.6298,2.1793,6.0338,NaN,NaN,1.5353,4.0194,8.6482,11.649,NaN,7.7216,2.2588,2.1567,3.8538,3.6356,9.8845,1.0873,3.3274,2.9023,NaN,4.9457
3.5577,6.2899,2.573,8.5981,14.721,1.4231,7.6345,NaN,2.568,13.844,5.4802,NaN,5.0441,6.7829,NaN,17.78,20.14,14.734,7.9984,8.8723,20.775,9.8445,5.7395,6.4656,20.261,5.3228,NaN,6.8561,7.7541,NaN,NaN,9.2862,NaN,6.1416,NaN,8.7409,NaN,NaN,NaN,8.5867,NaN,NaN,NaN,NaN,NaN,NaN,NaN,NaN,NaN,NaN,NaN,NaN,NaN,1.1886,NaN,NaN,NaN,NaN,NaN,NaN,NaN,NaN,NaN,NaN,1.8553,5.4754,4.6874,NaN,3.3734,NaN,1.6588,5.7129,4.4426,4.2894,0.79126,2.4966,3.2947,4.7036,6.5016,11.572,2.3489,5.8294,NaN,NaN,8.0145,2.5925,10.207,7.9022,NaN,1.6821,6.0086,4.1125,1.586,3.4028,5.7322,1.8146,5.7112,14.344,NaN,0.97599
9.936,7.9136,2.6949,3.5737,12.028,9.7542,3.9762,NaN,1.1756,9.7567,6.9305,NaN,8.2672,4.6936,NaN,13.747,15.039,9.3755,4.9992,7.5676,2.4523,7.3305,5.3244,5.9053,11.192,17.004,NaN,8.4692,3.0376,NaN,NaN,5.3055,NaN,1.8331,NaN,25.696,NaN,NaN,NaN,11.069,NaN,NaN,NaN,NaN,NaN,NaN,NaN,NaN,NaN,NaN,NaN,NaN,NaN,3.8481,NaN,NaN,NaN,NaN,NaN,NaN,NaN,NaN,NaN,NaN,0.63748,9.6086,4.768,NaN,3.3473,NaN,6.7653,5.2987,7.8546,4.426,3.238,7.2807,5.7654,5.834,2.657,8.7484,2.3944,7.9983,NaN,NaN,3.8556,4.9927,8.9204,8.6332,NaN,7.3368,4.3909,7.0909,2.2484,5.4508,2.0594,5.5987,9.9488,10.521,NaN,2.6656
3.109,6.0275,3.8989,3.6324,6.2067,3.2126,5.1873,NaN,4.3679,6.506,4.4632,NaN,4.3872,5.834,NaN,0.56953,6.4276,12.501,0.68618,2.0132,10.427,1.7256,2.9679,3.6559,3.9234,1.7894,NaN,4.4377,6.0755,NaN,NaN,9.1914,NaN,2.3755,NaN,11.473,NaN,NaN,NaN,19.989,NaN,NaN,NaN,NaN,NaN,NaN,NaN,NaN,NaN,NaN,NaN,NaN,NaN,4.1865,NaN,NaN,NaN,NaN,NaN,NaN,NaN,NaN,NaN,NaN,9.5718,3.1587,5.8905,NaN,2.7218,NaN,3.2592,7.4275,3.6505,4.5227,0.86362,3.9416,9.5165,4.7485,2.3025,2.6173,2.7247,3.2451,NaN,NaN,9.3682,5.1265,9.6119,8.2133,NaN,7.2254,2.8554,5.7867,3.8323,4.6009,3.4991,3.279,6.8978,7.31,NaN,7.5382
0.9844,2.6092,3.0691,6.8176,11.268,3.8438,3.8155,NaN,3.7186,5.9095,6.0305,NaN,3.3879,5.2943,NaN,3.5475,9.4408,7.9123,4.0298,0.85861,5.303,4.1863,5.5422,2.1453,3.3803,6.6849,NaN,3.9723,8.7633,NaN,NaN,3.5621,NaN,3.4445,NaN,7.5001,NaN,NaN,NaN,2.7171,NaN,NaN,NaN,NaN,NaN,NaN,NaN,NaN,NaN,NaN,NaN,NaN,NaN,2.3441,NaN,NaN,NaN,NaN,NaN,NaN,NaN,NaN,NaN,NaN,10.698,10.039,5.1711,NaN,2.3946,NaN,5.9721,4.2681,9.163,7.8453,0.90382,6.7822,8.7726,6.7937,8.6359,2.4701,3.7926,1.7551,NaN,NaN,5.9669,2.926,7.1154,4.9207,NaN,3.7352,3.2514,2.9736,2.1675,1.7027,9.3558,10.281,5.2236,1.141,NaN,0.31997
4.1564,2.7562,4.9968,3.3478,2.1535,1.8107,4.4835,NaN,7.1237,1.3997,1.8698,NaN,7.9885,2.4104,NaN,2.2847,3.2048,2.5938,6.6707,5.5263,1.9375,6.7806,2.4448,2.2453,2.5131,6.1442,NaN,5.2001,2.7071,NaN,NaN,4.1132,NaN,1.6964,NaN,4.8902,NaN,NaN,NaN,2.1535,NaN,NaN,NaN,NaN,NaN,NaN,NaN,NaN,NaN,NaN,NaN,NaN,NaN,1.7853,NaN,NaN,NaN,NaN,NaN,NaN,NaN,NaN,NaN,NaN,3.696,5.696,5.6049,NaN,3.3354,NaN,8.4937,1.8306,4.3035,2.4267,4.8003,4.8846,8.6429,5.1273,11.598,8.3019,5.9704,1.733,NaN,NaN,0.65289,2.7839,8.1968,8.5594,NaN,10.091,3.6238,1.9039,3.4573,3.7462,10.468,5.5561,0.73602,3.0093,NaN,3.3418
4.8825,2.7733,4.6744,2.8066,3.0934,2.3156,4.2114,NaN,8.3442,1.8442,0.60532,NaN,5.9955,1.6759,NaN,3.3647,3.9998,2.2697,3.5906,1.3311,2.3311,4.668,3.9564,2.6778,2.5683,8.2558,NaN,4.63,5.1248,NaN,NaN,0.71656,NaN,4.6129,NaN,2.3858,NaN,NaN,NaN,1.1952,NaN,NaN,NaN,NaN,NaN,NaN,NaN,NaN,NaN,NaN,NaN,NaN,NaN,2.3448,NaN,NaN,NaN,NaN,NaN,NaN,NaN,NaN,NaN,NaN,1.8627,2.4607,3.5628,NaN,6.2736,NaN,9.3359,1.7994,2.1675,7.2677,3.5632,4.0229,6.5994,5.5791,7.4972,6.3657,2.086,2.408,NaN,NaN,1.4327,4.2168,6.0761,8.2493,NaN,9.8002,3.0701,1.8369,2.1367,5.0882,8.0578,2.774,0.50062,3.8751,NaN,4.1609
9.9081,5.6235,2.984,7.5617,28.288,4.6832,3.0497,NaN,1.1214,9.8314,3.661,NaN,4.638,4.8693,NaN,18.778,10.941,8.3263,1.7158,12.217,10.168,9.5337,4.3804,12.394,4.6283,7.3722,NaN,3.3282,8.0352,NaN,NaN,9.332,NaN,1.4752,NaN,6.0783,NaN,NaN,NaN,6.0887,NaN,NaN,NaN,NaN,NaN,NaN,NaN,NaN,NaN,NaN,NaN,NaN,NaN,2.1122,NaN,NaN,NaN,NaN,NaN,NaN,NaN,NaN,NaN,NaN,5.2055,1.2902,3.5043,NaN,4.3512,NaN,5.5003,1.2853,3.9755,2.7215,7.6078,4.4049,2.6177,7.5711,0.9096,2.9725,5.3624,5.9894,NaN,NaN,3.5467,5.0357,3.7053,2.5535,NaN,7.8116,4.6894,1.9567,5.8263,4.6749,2.9184,4.7681,5.5947,5.9843,NaN,5.9974
4.47,5.6815,3.6181,5.8155,13.594,3.0582,3.9192,NaN,3.3977,3.0555,6.6792,NaN,4.0899,2.8107,NaN,8.0327,11.099,5.9312,2.0617,2.8279,7.36,7.4586,6.2272,0.76987,7.1727,2.303,NaN,6.073,7.3267,NaN,NaN,3.3381,NaN,1.8,NaN,2.9231,NaN,NaN,NaN,3.8461,NaN,NaN,NaN,NaN,NaN,NaN,NaN,NaN,NaN,NaN,NaN,NaN,NaN,2.6081,NaN,NaN,NaN,NaN,NaN,NaN,NaN,NaN,NaN,NaN,4.9389,4.5592,6.7768,NaN,1.0434,NaN,3.7165,6.7387,1.9431,3.0208,7.3089,3.4419,4.3759,2.5965,8.1319,1.8312,4.9565,6.365,NaN,NaN,3.1724,3.622,7.6792,6.0864,NaN,4.8801,3.7477,2.1882,3.9144,2.9028,1.1256,7.9278,5.1319,1.4328,NaN,6.0889
2.2123,6.7397,2.087,7.6834,4.4255,3.176,2.0322,NaN,2.7774,5.7893,3.722,NaN,5.2538,5.4367,NaN,4.358,13.124,6.2504,2.473,5.4205,7.6083,2.8247,7.7879,1.5303,5.5068,5.2117,NaN,5.395,3.6496,NaN,NaN,4.0334,NaN,3.3739,NaN,3.3335,NaN,NaN,NaN,2.6434,NaN,NaN,NaN,NaN,NaN,NaN,NaN,NaN,NaN,NaN,NaN,NaN,NaN,3.8448,NaN,NaN,NaN,NaN,NaN,NaN,NaN,NaN,NaN,NaN,8.3264,5.8799,6.0208,NaN,0.34034,NaN,6.7658,6.4431,1.0507,1.8512,4.3246,3.6078,5.9311,2.487,6.2968,5.7477,3.4099,4.8521,NaN,NaN,4.8299,4.7778,8.7903,5.3409,NaN,2.9916,5.657,2.8802,3.4275,1.6005,6.6623,8.5354,6.9822,2.273,NaN,3.3918
2.4297,4.8547,3.6781,1.0529,31.434,4.1064,3.5252,NaN,2.7679,2.5206,1.5474,NaN,2.2751,2.7336,NaN,8.6044,1.4284,9.7066,4.7301,6.944,1.4372,4.315,2.2214,5.9133,4.9742,3.2417,NaN,3.0414,3.029,NaN,NaN,2.5468,NaN,3.6298,NaN,11.061,NaN,NaN,NaN,2.1469,NaN,NaN,NaN,NaN,NaN,NaN,NaN,NaN,NaN,NaN,NaN,NaN,NaN,2.5193,NaN,NaN,NaN,NaN,NaN,NaN,NaN,NaN,NaN,NaN,8.5268,6.4248,2.0561,NaN,3.0577,NaN,5.7288,3.7135,3.4705,2.7375,4.2448,0.78273,1.7057,5.1743,4.8281,5.4271,4.4753,1.8878,NaN,NaN,2.5355,7.2739,9.4703,1.8985,NaN,1.9164,5.0895,6.9218,7.0559,3.5709,0.93772,2.0163,0.55196,3.7099,NaN,3.5876
8.1935,3.3669,1.7472,6.01,1.8127,0.96676,4.616,NaN,4.2693,3.8437,4.0141,NaN,1.9994,5.1686,NaN,2.7041,4.7156,8.4903,3.5046,8.3911,1.1735,2.8691,6.8272,4.2072,4.403,8.4043,NaN,3.2058,3.7432,NaN,NaN,5.7013,NaN,3.1977,NaN,3.0492,NaN,NaN,NaN,7.7661,NaN,NaN,NaN,NaN,NaN,NaN,NaN,NaN,NaN,NaN,NaN,NaN,NaN,1.3721,NaN,NaN,NaN,NaN,NaN,NaN,NaN,NaN,NaN,NaN,8.1196,6.8061,4.7277,NaN,0.6406,NaN,8.175,1.837,1.0669,4.1294,4.6463,2.7606,3.4964,4.1897,8.277,3.1813,1.0842,1.3902,NaN,NaN,6.8939,1.5158,4.2423,2.8557,NaN,5.1565,2.4142,3.2012,3.9322,5.4432,2.6554,2.8314,5.4355,6.1924,NaN,4.2608
4.226,5.1183,8.0466,1.8691,4.1363,3.0191,3.2068,NaN,3.1636,3.5561,3.8137,NaN,4.5268,5.3004,NaN,8.515,3.5997,2.7713,2.9685,5.3571,3.6131,4.3514,1.1478,5.2775,6.6038,7.6876,NaN,4.0293,4.4008,NaN,NaN,4.361,NaN,3.1496,NaN,12.669,NaN,NaN,NaN,11.435,NaN,NaN,NaN,NaN,NaN,NaN,NaN,NaN,NaN,NaN,NaN,NaN,NaN,5.412,NaN,NaN,NaN,NaN,NaN,NaN,NaN,NaN,NaN,NaN,4.7287,5.025,2.2604,NaN,3.8084,NaN,3.7283,1.425,0.52074,8.1583,2.8815,2.7855,3.849,2.4335,3.6428,3.8327,5.1325,3.4123,NaN,NaN,4.1972,2.8165,1.3637,4.5206,NaN,1.0469,1.1618,1.7247,4.9001,3.4037,4.1434,6.1478,0.83013,5.1864,NaN,15.692
3.5046,6.2849,3.4253,5.1853,3.4213,2.15,2.2385,NaN,2.5646,2.3288,3.7973,NaN,5.9524,3.089,NaN,1.6038,1.773,1.5127,2.8776,3.3411,5.981,4.466,4.9085,1.6106,3.1846,6.3436,NaN,3.2822,7.5916,NaN,NaN,5.0689,NaN,3.2582,NaN,5.8706,NaN,NaN,NaN,3.0537,NaN,NaN,NaN,NaN,NaN,NaN,NaN,NaN,NaN,NaN,NaN,NaN,NaN,3.5116,NaN,NaN,NaN,NaN,NaN,NaN,NaN,NaN,NaN,NaN,1.8754,1.3007,4.433,NaN,4.9856,NaN,1.3499,4.0629,6.4444,7.1577,1.2001,4.4091,2.0035,6.9083,4.1679,7.7569,4.6828,5.7667,NaN,NaN,2.6624,1.8431,2.9703,5.4603,NaN,9.6271,3.9737,3.0898,1.466,2.4249,3.2676,1.5855,3.7833,1.4171,NaN,5.8477
5.3292,5.6993,2.4715,3.3806,31.175,3.8105,4.6962,NaN,4.493,5.3483,4.123,NaN,1.6209,3.4992,NaN,5.9209,2.5268,12.505,3.1073,1.8439,8.4285,6.2463,4.1116,3.9582,11.852,3.4524,NaN,8.2703,4.6278,NaN,NaN,3.2036,NaN,2.2804,NaN,8.3304,NaN,NaN,NaN,4.1005,NaN,NaN,NaN,NaN,NaN,NaN,NaN,NaN,NaN,NaN,NaN,NaN,NaN,6.6658,NaN,NaN,NaN,NaN,NaN,NaN,NaN,NaN,NaN,NaN,7.935,8.3547,4.0041,NaN,2.0207,NaN,3.9239,1.727,2.7396,6.0938,6.1126,6.2713,3.9818,0.9483,1.7523,5.2908,3.094,2.7234,NaN,NaN,4.7124,6.1301,5.5539,2.2508,NaN,0.96048,4.3319,5.5112,6.824,0.70066,4.6336,3.4382,1.1811,2.2005,NaN,4.4336
15.176,2.0882,3.1756,7.6777,20.084,4.1643,6.7477,NaN,6.156,6.6171,2.4294,NaN,3.654,4.4927,NaN,11.987,0.77651,13.805,6.795,4.7843,4.7309,10.155,9.3825,12.661,10.842,3.6324,NaN,5.7307,6.6621,NaN,NaN,5.1015,NaN,7.9605,NaN,13.003,NaN,NaN,NaN,6.941,NaN,NaN,NaN,NaN,NaN,NaN,NaN,NaN,NaN,NaN,NaN,NaN,NaN,3.5904,NaN,NaN,NaN,NaN,NaN,NaN,NaN,NaN,NaN,NaN,6.9697,3.2889,5.9571,NaN,6.3296,NaN,2.7006,0.57235,2.288,3.1078,1.5281,3.4841,7.8375,8.4613,5.4283,5.7096,7.0825,3.5106,NaN,NaN,8.2379,5.5386,1.3267,4.2878,NaN,6.5695,3.184,1.6986,8.7248,4.093,8.2584,7.7414,0.11074,3.3307,NaN,10.604
3.8485,3.0275,6.2577,1.9609,5.4707,4.3225,4.0961,NaN,3.522,3.6379,6.763,NaN,2.2793,1.7764,NaN,2.1008,11.014,2.9812,4.134,6.8933,7.9928,4.4303,6.4374,1.7149,5.5191,7.3969,NaN,4.5085,0.5761,NaN,NaN,4.0867,NaN,1.7898,NaN,7.2751,NaN,NaN,NaN,7.193,NaN,NaN,NaN,NaN,NaN,NaN,NaN,NaN,NaN,NaN,NaN,NaN,NaN,8.5146,NaN,NaN,NaN,NaN,NaN,NaN,NaN,NaN,NaN,NaN,4.4741,8.2748,6.6463,NaN,1.2448,NaN,6.6853,0.3208,4.7868,2.3855,4.3447,5.37,10.246,6.8818,5.9182,1.653,1.6913,6.8231,NaN,NaN,4.8263,1.8888,8.7194,2.4909,NaN,3.7685,3.5202,1.0678,5.1233,6.2199,9.0584,7.2452,4.9355,8.3774,NaN,7.2572
4.2854,4.1139,6.6559,5.7104,4.411,4.3455,1.4927,NaN,5.6909,0.73153,2.2328,NaN,4.8097,7.2172,NaN,6.3708,6.3808,3.7151,11.006,5.0313,2.9559,7.0574,7.6038,5.7867,9.9506,5.8456,NaN,5.5483,1.9617,NaN,NaN,1.4614,NaN,11.198,NaN,11.68,NaN,NaN,NaN,5.4855,NaN,NaN,NaN,NaN,NaN,NaN,NaN,NaN,NaN,NaN,NaN,NaN,NaN,0.51484,NaN,NaN,NaN,NaN,NaN,NaN,NaN,NaN,NaN,NaN,1.7996,2.8756,6.1334,NaN,1.0938,NaN,9.0285,4.5478,3.3812,5.2939,2.2547,6.4583,7.7983,7.1296,5.3817,3.4359,5.542,3.2933,NaN,NaN,3.7975,1.5855,7.5852,7.3323,NaN,10.003,2.7257,5.9052,8.5635,2.6928,2.2014,1.5234,2.7561,1.8742,NaN,11.961
4.2153,7.5345,5.5171,10.738,14.768,5.971,7.4494,NaN,7.3974,1.8773,10.413,NaN,6.3686,3.8261,NaN,3.3703,3.7477,9.2679,0.91728,6.32,5.0504,4.2674,5.5883,5.8938,5.846,5.3115,NaN,9.5692,5.3151,NaN,NaN,6.9291,NaN,8.0172,NaN,12.304,NaN,NaN,NaN,1.8458,NaN,NaN,NaN,NaN,NaN,NaN,NaN,NaN,NaN,NaN,NaN,NaN,NaN,4.4446,NaN,NaN,NaN,NaN,NaN,NaN,NaN,NaN,NaN,NaN,5.6814,7.1968,6.0391,NaN,3.3973,NaN,5.8369,3.8916,6.7567,4.8069,3.364,4.1838,3.11,1.4345,7.4901,7.758,4.9687,7.4187,NaN,NaN,1.2284,5.2352,3.7767,2.0228,NaN,2.7018,3.1098,9.592,7.175,14.272,3.3117,8.0627,3.6756,21.2,NaN,21.395
4.8225,3.8461,5.9797,6.6241,5.8858,2.7692,9.1164,NaN,5.5587,1.4076,10.459,NaN,3.5194,4.5748,NaN,13.453,4.2456,2.7375,5.9936,2.8469,9.1587,2.5682,4.4626,6.0847,7.068,5.6738,NaN,6.9287,7.5747,NaN,NaN,1.8944,NaN,14.967,NaN,6.5058,NaN,NaN,NaN,5.8541,NaN,NaN,NaN,NaN,NaN,NaN,NaN,NaN,NaN,NaN,NaN,NaN,NaN,8.0684,NaN,NaN,NaN,NaN,NaN,NaN,NaN,NaN,NaN,NaN,5.2221,11.989,1.4427,NaN,8.3774,NaN,7.0435,1.4721,11.838,5.6083,3.5972,6.1177,2.5119,5.7009,3.5529,1.9895,7.229,5.7264,NaN,NaN,5.1447,2.9362,5.3802,6.1195,NaN,7.3049,4.6172,10.266,6.1304,7.878,3.0243,4.5426,8.3837,3.5916,NaN,13.467
2.8904,9.8034,3.5347,4.3093,4.1811,3.5169,6.5108,NaN,4.429,1.4758,3.6756,NaN,3.1152,8.6242,NaN,11.378,7.7744,5.8023,7.345,4.6858,10.329,13.89,5.9899,4.0728,8.2247,6.5631,NaN,9.402,9.0141,NaN,NaN,10.547,NaN,15.994,NaN,6.0583,NaN,NaN,NaN,5.6284,NaN,NaN,NaN,NaN,NaN,NaN,NaN,NaN,NaN,NaN,NaN,NaN,NaN,1.7251,NaN,NaN,NaN,NaN,NaN,NaN,NaN,NaN,NaN,NaN,7.157,2.2563,4.262,NaN,1.668,NaN,12.992,5.8542,1.3129,4.7259,0.062715,2.4747,4.8145,2.9764,4.1225,11.012,4.2189,4.3636,NaN,NaN,2.9383,4.2824,6.2238,6.0285,NaN,12.639,2.4986,8.7442,8.5114,4.6728,3.0353,5.4413,3.8132,9.3243,NaN,5.2891
3.7283,9.8985,3.9808,4.2628,7.6594,5.4722,3.0962,NaN,5.6278,3.8029,5.6897,NaN,4.2071,8.8729,NaN,3.7866,3.8051,2.5377,12.06,5.0268,3.006,6.3465,1.9857,2.8868,4.7315,2.7627,NaN,2.282,2.6111,NaN,NaN,5.0732,NaN,8.5407,NaN,3.398,NaN,NaN,NaN,3.3356,NaN,NaN,NaN,NaN,NaN,NaN,NaN,NaN,NaN,NaN,NaN,NaN,NaN,8.5522,NaN,NaN,NaN,NaN,NaN,NaN,NaN,NaN,NaN,NaN,7.8552,1.9205,4.5171,NaN,6.4742,NaN,10.857,4.3025,4.3609,5.7302,3.6458,3.8489,3.488,5.5842,6.1843,4.3314,6.7387,1.9735,NaN,NaN,2.8857,0.34333,6.9667,3.3888,NaN,9.8659,4.7667,10.988,5.4333,2.79,7.2991,4.006,2.9943,10.733,NaN,5.7278
2.1466,3.0341,3.6011,2.6653,0.95817,5.7326,1.6288,NaN,1.8426,0.47119,1.2243,NaN,3.6784,4.7597,NaN,0.57138,2.4724,3.8168,0.67329,3.191,3.2437,0.59389,3.6324,2.1198,4.9872,5.6441,NaN,3.5222,2.8674,NaN,NaN,4.2237,NaN,1.6651,NaN,3.7201,NaN,NaN,NaN,2.5332,NaN,NaN,NaN,NaN,NaN,NaN,NaN,NaN,NaN,NaN,NaN,NaN,NaN,1.9094,NaN,NaN,NaN,NaN,NaN,NaN,NaN,NaN,NaN,NaN,3.2361,4.1719,0.19056,NaN,5.8267,NaN,0.37214,2.2363,3.2071,3.1596,1.7378,3.3838,4.9987,8.1226,1.5588,2.1525,1.9095,2.9943,NaN,NaN,0.52664,2.3873,2.3872,4.6782,NaN,4.9062,5.2622,1.4314,2.0107,2.3679,3.5836,2.3503,5.356,3.1807,NaN,1.2756
1.7842,2.6499,1.3402,2.7576,2.3079,1.4622,2.5155,NaN,0.65785,3.4512,3.8368,NaN,3.655,0.97842,NaN,4.5607,1.4063,0.90838,1.6313,3.1924,3.3089,4.064,2.4059,3.231,1.3321,8.7708,NaN,5.9969,2.4336,NaN,NaN,3.296,NaN,2.4661,NaN,3.0211,NaN,NaN,NaN,0.73975,NaN,NaN,NaN,NaN,NaN,NaN,NaN,NaN,NaN,NaN,NaN,NaN,NaN,4.7563,NaN,NaN,NaN,NaN,NaN,NaN,NaN,NaN,NaN,NaN,2.4991,3.1681,1.1442,NaN,1.79,NaN,3.4995,3.1945,3.0059,1.1475,2.4097,1.3676,1.9486,0.61734,2.2412,1.6849,1.0591,2.1939,NaN,NaN,2.8567,1.7278,1.1714,1.7784,NaN,3.8172,1.8316,5.041,1.2673,1.6756,1.4229,1.5431,1.0514,4.0967,NaN,1.7639
1.2877,0.57758,2.3014,2.8292,1.2244,1.9138,3.1851,NaN,4.8061,1.5855,1.3239,NaN,1.0945,3.2084,NaN,2.1976,0.7853,2.3433,1.6504,0.85378,1.3257,2.2417,2.7531,1.7968,2.207,5.4573,NaN,3.5234,0.86987,NaN,NaN,2.9265,NaN,2.9905,NaN,3.6513,NaN,NaN,NaN,2.605,NaN,NaN,NaN,NaN,NaN,NaN,NaN,NaN,NaN,NaN,NaN,NaN,NaN,3.9324,NaN,NaN,NaN,NaN,NaN,NaN,NaN,NaN,NaN,NaN,1.2468,3.2176,1.8315,NaN,0.90918,NaN,2.5792,3.8014,5.2181,2.5849,2.1235,1.5666,2.8326,5.435,5.8261,3.8,0.61062,1.5252,NaN,NaN,0.88192,1.1758,1.0205,0.12547,NaN,3.4362,2.4081,3.3715,2.4986,1.7586,2.7604,1.6486,1.2746,2.5835,NaN,0.69261
6.6285,5.6862,9.5163,4.9996,8.5156,3.2915,1.6833,NaN,4.827,3.1342,2.5388,NaN,2.3717,1.8621,NaN,11.862,10.121,7.9762,5.647,10.134,2.2404,1.9655,7.9806,3.2208,3.7841,3.4739,NaN,9.2587,5.9968,NaN,NaN,7.5543,NaN,4.2486,NaN,9.2524,NaN,NaN,NaN,2.9771,NaN,NaN,NaN,NaN,NaN,NaN,NaN,NaN,NaN,NaN,NaN,NaN,NaN,3.0821,NaN,NaN,NaN,NaN,NaN,NaN,NaN,NaN,NaN,NaN,4.1391,3.2836,3.4996,NaN,2.7967,NaN,12.659,2.6492,3.6778,8.1148,2.5609,4.0585,7.9959,6.631,1.9961,2.7371,4.1498,1.8807,NaN,NaN,1.2424,3.6603,5.4811,1.635,NaN,4.9799,4.013,1.6271,4.2111,3.1476,1.3477,3.099,2.2758,2.8035,NaN,0.74232
3.6616,2.3833,9.2141,2.5052,5.966,4.0788,5.613,NaN,4.2182,6.848,4.3464,NaN,0.92198,2.0133,NaN,9.7229,8.1313,8.3833,1.1694,5.1566,5.3409,6.9119,2.9312,2.3846,1.9934,3.1348,NaN,8.5906,8.372,NaN,NaN,2.5059,NaN,3.3804,NaN,3.2878,NaN,NaN,NaN,4.6938,NaN,NaN,NaN,NaN,NaN,NaN,NaN,NaN,NaN,NaN,NaN,NaN,NaN,4.7241,NaN,NaN,NaN,NaN,NaN,NaN,NaN,NaN,NaN,NaN,6.7686,2.7943,3.8571,NaN,3.9431,NaN,8.2584,1.212,7.3358,7.6273,2.7194,8.4127,10.37,5.9921,8.8491,6.4607,11.162,4.0474,NaN,NaN,2.1701,5.7219,17.146,7.7248,NaN,4.7236,1.7401,9.3855,4.5865,8.0357,5.3543,4.6337,1.4925,7.429,NaN,2.7138
2.4045,5.2186,3.0866,2.2342,1.9498,3.8475,3.0817,NaN,3.3813,1.0417,2.5903,NaN,4.6738,4.5907,NaN,1.1297,5.2119,3.5306,5.5254,4.3458,4.9714,7.3221,4.8011,1.664,1.1332,5.2116,NaN,2.8905,4.0246,NaN,NaN,2.5003,NaN,4.1939,NaN,4.0412,NaN,NaN,NaN,5.3718,NaN,NaN,NaN,NaN,NaN,NaN,NaN,NaN,NaN,NaN,NaN,NaN,NaN,6.1743,NaN,NaN,NaN,NaN,NaN,NaN,NaN,NaN,NaN,NaN,7.4803,3.6643,5.9112,NaN,3.5655,NaN,6.7491,2.0704,1.0318,2.0181,4.8711,4.2361,3.2155,5.1065,11.02,2.9541,3.3043,5.082,NaN,NaN,0.4997,1.8798,10.207,4.7932,NaN,4.8767,2.7111,8.2118,1.5078,6.6781,2.9628,4.372,1.5932,12.673,NaN,3.6672
5.6288,1.1733,1.6981,3.8415,1.2944,4.0822,1.6535,NaN,3.6548,3.5758,1.8078,NaN,3.0733,3.344,NaN,2.5192,8.2971,3.4376,1.9473,3.8487,3.8631,2.8057,2.9813,3.2097,3.2372,3.4977,NaN,4.1207,8.6556,NaN,NaN,5.1828,NaN,6.5985,NaN,3.352,NaN,NaN,NaN,6.6159,NaN,NaN,NaN,NaN,NaN,NaN,NaN,NaN,NaN,NaN,NaN,NaN,NaN,4.1088,NaN,NaN,NaN,NaN,NaN,NaN,NaN,NaN,NaN,NaN,4.8709,1.8999,5.2536,NaN,5.6872,NaN,2.0468,4.6184,5.365,1.464,6.4267,5.1904,4.6697,9.8735,3.9632,3.1288,1.3344,2.2392,NaN,NaN,2.7164,0.7419,5.4395,5.8155,NaN,4.8659,2.9319,0.88587,1.8418,0.88089,2.9346,2.3061,2.4948,2.8605,NaN,4.2662
3.9732,2.0977,0.3876,1.0436,3.6703,2.7821,2.8271,NaN,2.0689,3.4914,2.4167,NaN,0.76927,1.4485,NaN,3.1395,1.5891,1.0311,3.2138,5.4123,5.1063,5.6598,2.9295,3.9224,1.4318,11.311,NaN,7.5056,0.99065,NaN,NaN,3.6431,NaN,6.0673,NaN,6.0361,NaN,NaN,NaN,3.2277,NaN,NaN,NaN,NaN,NaN,NaN,NaN,NaN,NaN,NaN,NaN,NaN,NaN,3.3624,NaN,NaN,NaN,NaN,NaN,NaN,NaN,NaN,NaN,NaN,1.4562,3.1642,1.7204,NaN,4.3018,NaN,2.7267,4.7083,5.511,3.0055,3.7467,3.6492,5.2166,4.73,4.3684,1.46,3.3885,1.6036,NaN,NaN,3.8771,1.868,1.8463,0.53338,NaN,3.7205,3.8109,4.2876,1.2269,0.43835,2.503,1.3635,1.9372,4.9884,NaN,4.3334
3.2854,1.219,1.5215,0.66355,1.6627,1.1651,1.4364,NaN,3.8179,1.764,0.78681,NaN,1.9249,1.4441,NaN,1.5373,1.5836,1.2177,1.7106,3.3285,2.4272,1.8789,1.6403,1.6647,1.4779,7.0075,NaN,4.5539,3.0056,NaN,NaN,2.9312,NaN,2.4686,NaN,3.0198,NaN,NaN,NaN,2.0188,NaN,NaN,NaN,NaN,NaN,NaN,NaN,NaN,NaN,NaN,NaN,NaN,NaN,0.40157,NaN,NaN,NaN,NaN,NaN,NaN,NaN,NaN,NaN,NaN,5.1697,1.9267,1.7214,NaN,3.5158,NaN,3.5188,1.5845,3.594,1.8993,4.9795,2.6555,0.60508,4.8074,1.3394,1.9326,1.6804,2.2769,NaN,NaN,1.9926,2.7736,1.322,3.7761,NaN,3.2373,0.57462,4.502,1.2125,2.0348,0.29162,2.3086,1.7897,4.0196,NaN,3.8509
1.4703,3.8254,5.5955,10.08,4.3995,1.4958,3.4979,NaN,1.4583,3.2577,6.519,NaN,9.4975,9.963,NaN,3.4481,8.0479,6.0538,1.4857,13.501,2.178,10.587,5.1064,1.5628,3.9824,2.365,NaN,1.027,7.4984,NaN,NaN,9.2544,NaN,4.8718,NaN,3.4787,NaN,NaN,NaN,6.1129,NaN,NaN,NaN,NaN,NaN,NaN,NaN,NaN,NaN,NaN,NaN,NaN,NaN,2.1611,NaN,NaN,NaN,NaN,NaN,NaN,NaN,NaN,NaN,NaN,3.9074,1.6828,2.6657,NaN,2.1842,NaN,11.224,4.1362,5.564,8.3817,3.6694,5.847,7.8973,5.4705,9.2806,5.6584,2.3839,4.0082,NaN,NaN,3.627,8.8904,2.0638,3.6902,NaN,6.022,7.3315,8.3281,4.8148,2.8536,8.9981,12.366,5.777,6.1808,NaN,3.948
3.1293,2.5976,0.77602,5.3556,4.2284,3.7759,6.8362,NaN,3.8291,3.7425,1.3939,NaN,3.9781,3.7075,NaN,1.8504,7.0303,3.4895,4.2851,9.1026,11.286,7.842,4.1038,1.5757,1.9769,4.7757,NaN,5.3136,0.92087,NaN,NaN,3.7859,NaN,8.0039,NaN,5.9593,NaN,NaN,NaN,2.6275,NaN,NaN,NaN,NaN,NaN,NaN,NaN,NaN,NaN,NaN,NaN,NaN,NaN,3.6354,NaN,NaN,NaN,NaN,NaN,NaN,NaN,NaN,NaN,NaN,3.7929,2.2236,3.4261,NaN,1.9346,NaN,6.3676,5.6519,6.5869,5.6107,4.0464,5.5717,7.1022,6.786,1.9316,1.3126,4.6114,2.2101,NaN,NaN,5.5324,4.5222,4.4323,3.0125,NaN,12.148,5.0775,13.202,6.2573,8.9584,10.182,2.6337,4.3223,6.1664,NaN,1.2014
3.0593,5.9696,5.3465,4.0884,3.4871,8.9162,5.6451,NaN,3.5372,9.0059,3.733,NaN,5.2636,3.5271,NaN,5.4632,4.2389,1.9173,6.3538,6.8222,2.9626,2.442,2.2928,2.6545,0.59123,4.6682,NaN,6.4759,3.0021,NaN,NaN,6.3555,NaN,3.9622,NaN,7.4715,NaN,NaN,NaN,1.5757,NaN,NaN,NaN,NaN,NaN,NaN,NaN,NaN,NaN,NaN,NaN,NaN,NaN,6.024,NaN,NaN,NaN,NaN,NaN,NaN,NaN,NaN,NaN,NaN,3.8414,2.5213,6.3157,NaN,7.9705,NaN,4.3566,7.1085,3.536,2.6911,6.5418,6.54,5.9727,0.16442,4.0289,0.85617,3.444,2.9504,NaN,NaN,2.8318,4.9669,1.3532,5.4476,NaN,7.2063,0.77406,12.974,5.8819,8.4117,2.1484,2.3129,5.2902,2.9226,NaN,8.3027
2.8202,2.8416,8.3614,3.7643,0.77465,6.7649,3.9209,NaN,2.3448,5.3031,4.8551,NaN,6.4981,4.4015,NaN,4.2987,0.82086,3.0053,4.5117,4.913,5.7805,4.1242,4.0973,2.7765,2.2128,4.3904,NaN,4.2814,1.4691,NaN,NaN,4.5044,NaN,3.3085,NaN,3.4212,NaN,NaN,NaN,7.2031,NaN,NaN,NaN,NaN,NaN,NaN,NaN,NaN,NaN,NaN,NaN,NaN,NaN,7.5899,NaN,NaN,NaN,NaN,NaN,NaN,NaN,NaN,NaN,NaN,1.1041,3.4853,1.5117,NaN,1.5597,NaN,7.2957,6.7321,1.3756,6.4653,3.3484,2.3553,4.7462,7.1394,5.7078,2.1164,1.4302,1.6841,NaN,NaN,2.7868,3.0713,1.2539,3.066,NaN,3.1582,1.8419,6.8907,4.0961,3.8418,1.4103,1.4174,7.8893,2.8763,NaN,0.77681
3.5281,2.7873,6.2985,2.211,1.2436,2.9571,2.6843,NaN,3.3849,5.1325,2.7431,NaN,1.4068,3.0427,NaN,3.1688,6.1004,4.9138,0.72947,1.4318,4.3039,1.9016,5.5666,4.4265,5.1869,4.6243,NaN,7.7053,2.9988,NaN,NaN,2.7955,NaN,4.9511,NaN,2.933,NaN,NaN,NaN,2.7386,NaN,NaN,NaN,NaN,NaN,NaN,NaN,NaN,NaN,NaN,NaN,NaN,NaN,5.5263,NaN,NaN,NaN,NaN,NaN,NaN,NaN,NaN,NaN,NaN,3.4548,2.2695,1.1436,NaN,0.50721,NaN,7.4227,6.7284,2.9425,4.5936,1.5169,4.7393,4.3908,11.872,5.7205,1.7442,0.71377,1.154,NaN,NaN,3.8378,1.3384,2.5613,4.271,NaN,2.3659,2.2987,4.0315,2.0452,2.2491,0.97249,6.2117,5.1281,0.257,NaN,4.2313
7.731,4.0971,5.5969,2.0658,1.7234,7.8095,5.4716,NaN,6.0117,3.9207,6.7387,NaN,4.2555,2.7992,NaN,6.1187,5.3354,0.58615,1.6103,4.8875,4.9003,1.1702,5.9308,4.6765,3.7494,6.4756,NaN,3.1658,5.2797,NaN,NaN,5.7125,NaN,2.7709,NaN,6.6165,NaN,NaN,NaN,5.4889,NaN,NaN,NaN,NaN,NaN,NaN,NaN,NaN,NaN,NaN,NaN,NaN,NaN,9.5844,NaN,NaN,NaN,NaN,NaN,NaN,NaN,NaN,NaN,NaN,11.026,5.1558,2.3934,NaN,2.8966,NaN,3.4295,8.6354,4.8131,4.9462,1.5388,3.8539,3.6261,7.7771,5.5475,5.0853,6.5701,1.6388,NaN,NaN,4.7367,5.766,5.4715,9.3446,NaN,7.5244,10.764,8.6038,2.1275,8.9775,6.6597,11.542,8.9748,2.2409,NaN,1.1351
11.498,5.6774,4.5282,6.7803,13.725,6.9676,5.6145,NaN,10.193,5.4756,11.611,NaN,10.929,5.5749,NaN,6.3775,6.2413,2.0839,9.7325,6.422,6.5849,9.7792,5.3963,4.1671,5.5918,7.6745,NaN,1.2057,9.9579,NaN,NaN,7.0935,NaN,7.8595,NaN,2.2383,NaN,NaN,NaN,4.7524,NaN,NaN,NaN,NaN,NaN,NaN,NaN,NaN,NaN,NaN,NaN,NaN,NaN,8.3483,NaN,NaN,NaN,NaN,NaN,NaN,NaN,NaN,NaN,NaN,8.7319,10.369,3.5789,NaN,1.1015,NaN,4.6059,2.617,5.8148,5.386,3.076,2.8249,1.4929,3.8425,0.51371,6.9008,2.1916,3.7944,NaN,NaN,2.0066,8.7841,4.7316,8.088,NaN,5.7073,3.3696,4.4378,3.8006,5.8649,3.5851,11.999,5.6218,2.48,NaN,4.2537
1.2124,1.8562,0.22958,4.5479,1.6551,3.9883,3.6201,NaN,3.8825,3.7429,3.1461,NaN,1.2129,6.5313,NaN,6.6978,2.0271,3.6153,6.7846,9.3941,1.5669,1.2444,2.0366,3.0526,1.5406,3.5782,NaN,2.1708,4.4061,NaN,NaN,1.4525,NaN,1.8094,NaN,2.3999,NaN,NaN,NaN,4.548,NaN,NaN,NaN,NaN,NaN,NaN,NaN,NaN,NaN,NaN,NaN,NaN,NaN,5.0057,NaN,NaN,NaN,NaN,NaN,NaN,NaN,NaN,NaN,NaN,0.71972,2.625,1.0984,NaN,4.6281,NaN,3.1692,4.7808,2.9704,3.6039,4.9964,3.6989,10.721,1.6191,0.99249,8.2306,4.9727,4.709,NaN,NaN,2.9212,3.0109,10.295,1.7504,NaN,7.6569,1.3064,6.9741,3.8666,4.719,4.8496,3.234,6.4414,3.0587,NaN,1.5652
0.53678,6.1165,6.6043,2.1113,6.9761,2.9797,5.6933,NaN,5.0253,6.4163,3.4445,NaN,0.98227,7.0025,NaN,4.3149,3.8631,8.8455,4.2675,4.1378,3.9807,5.1046,9.6745,7.0728,3.6278,5.1224,NaN,3.2312,5.833,NaN,NaN,4.7174,NaN,4.657,NaN,2.74,NaN,NaN,NaN,0.8492,NaN,NaN,NaN,NaN,NaN,NaN,NaN,NaN,NaN,NaN,NaN,NaN,NaN,19.312,NaN,NaN,NaN,NaN,NaN,NaN,NaN,NaN,NaN,NaN,5.7245,2.6463,6.0049,NaN,4.507,NaN,5.441,5.7914,6.5574,1.7916,2.7426,0.14134,4.0403,5.7344,4.766,4.1937,5.0167,5.6978,NaN,NaN,2.1643,6.0094,8.6399,5.2703,NaN,5.8616,2.9604,12.309,6.6917,2.0353,2.8476,5.1401,7.2777,1.2257,NaN,2.9804
0.84377,4.1325,0.53856,1.8836,3.7212,4.6576,1.5231,NaN,2.6461,3.8935,2.473,NaN,2.3241,8.0471,NaN,1.5752,3.559,2.7683,2.9324,2.3601,3.6418,4.5067,3.5459,5.5827,3.2762,5.4814,NaN,2.7255,3.4201,NaN,NaN,3.9467,NaN,3.9702,NaN,2.2115,NaN,NaN,NaN,2.7149,NaN,NaN,NaN,NaN,NaN,NaN,NaN,NaN,NaN,NaN,NaN,NaN,NaN,9.0773,NaN,NaN,NaN,NaN,NaN,NaN,NaN,NaN,NaN,NaN,3.1993,3.763,2.2617,NaN,2.2392,NaN,6.1571,4.9892,4.7047,1.2771,1.5732,2.9297,4.8818,8.1676,2.5782,3.6508,3.051,2.1988,NaN,NaN,2.5801,4.604,3.9763,0.98327,NaN,0.93306,2.1038,7.9423,1.2457,1.844,1.5812,1.022,3.6928,1.7252,NaN,2.2491
10.268,5.0372,8.0837,34.584,39.228,24.443,4.6677,NaN,15.088,13.49,9.9149,NaN,26.517,24.415,NaN,19.318,3.5668,2.1358,21.048,8.2458,6.9438,22.496,10.343,9.2473,1.9263,7.372,NaN,17.01,12.365,NaN,NaN,14.552,NaN,22.899,NaN,12.298,NaN,NaN,NaN,10.825,NaN,NaN,NaN,NaN,NaN,NaN,NaN,NaN,NaN,NaN,NaN,NaN,NaN,6.6439,NaN,NaN,NaN,NaN,NaN,NaN,NaN,NaN,NaN,NaN,13.018,12.653,12.827,NaN,7.335,NaN,8.7777,5.784,15.45,10.678,13.102,10.592,4.0967,18.822,13.719,9.699,10.669,2.8452,NaN,NaN,4.2079,7.5905,17.278,3.9685,NaN,11.559,10.34,7.7851,8.5711,6.0818,19.262,11.948,24.439,5.6155,NaN,13.279
7.9656,10.009,8.6199,7.087,8.4627,12.759,8.1903,NaN,10.621,9.301,6.6349,NaN,7.5699,4.997,NaN,7.1069,8.7928,3.4242,4.5514,9.7179,4.6237,8.5805,5.916,3.6235,7.5715,7.0812,NaN,3.8818,5.3169,NaN,NaN,0.81581,NaN,5.8674,NaN,9.9271,NaN,NaN,NaN,5.3021,NaN,NaN,NaN,NaN,NaN,NaN,NaN,NaN,NaN,NaN,NaN,NaN,NaN,12.587,NaN,NaN,NaN,NaN,NaN,NaN,NaN,NaN,NaN,NaN,11.833,4.2827,2.5736,NaN,2.795,NaN,6.6242,5.562,12.212,8.895,3.7835,6.3795,3.9071,12.772,3.8704,1.749,3.8438,5.2755,NaN,NaN,10.89,6.4612,10.824,7.8998,NaN,8.7196,9.2674,11.993,1.0195,6.9958,16.794,6.8209,14.144,4.2714,NaN,5.4646
3.3381,3.5688,2.3331,4.25,2.5178,5.0397,4.1942,NaN,5.5988,1.1635,3.3152,NaN,2.9854,4.5462,NaN,3.3147,0.85096,1.8047,3.8944,4.3024,5.0295,6.6663,5.3041,3.079,2.0405,3.7999,NaN,7.8303,2.7755,NaN,NaN,5.911,NaN,5.1013,NaN,2.8563,NaN,NaN,NaN,3.6154,NaN,NaN,NaN,NaN,NaN,NaN,NaN,NaN,NaN,NaN,NaN,NaN,NaN,2.5673,NaN,NaN,NaN,NaN,NaN,NaN,NaN,NaN,NaN,NaN,1.9256,3.1794,6.4909,NaN,4.4119,NaN,4.5065,5.3545,1.8764,0.22624,0.12348,0.55254,7.9181,4.7932,2.2701,5.2812,1.4035,3.0201,NaN,NaN,4.3207,2.4756,3.4475,1.1247,NaN,4.6322,4.9872,4.4037,0.78126,3.5,7.0469,1.8665,4.203,4.6829,NaN,0.97028
0.80064,2.2458,6.2088,5.5354,5.5601,4.291,1.5886,NaN,0.89501,6.9407,7.2204,NaN,2.2809,6.5996,NaN,4.7713,7.0067,5.4502,4.5777,11.623,4.0716,5.7316,6.7721,2.5943,2.7977,9.009,NaN,7.7776,2.9766,NaN,NaN,6.4172,NaN,7.1467,NaN,6.5741,NaN,NaN,NaN,6.5041,NaN,NaN,NaN,NaN,NaN,NaN,NaN,NaN,NaN,NaN,NaN,NaN,NaN,11.511,NaN,NaN,NaN,NaN,NaN,NaN,NaN,NaN,NaN,NaN,3.255,3.5672,2.0856,NaN,5.6674,NaN,4.2684,8.5636,4.5356,9.5203,3.3038,5.1233,5.5656,9.119,4.4392,3.8197,2.9124,1.4251,NaN,NaN,2.5937,2.1878,3.5101,2.7959,NaN,2.5759,5.3594,4.1855,3.1448,6.6507,3.7874,5.0557,5.0956,6.9052,NaN,5.4174
0.49039,1.1713,4.8641,3.4028,2.6208,4.8156,5.9118,NaN,2.1198,3.9455,6.1035,NaN,4.1212,7.6494,NaN,3.5277,1.6591,2.4959,1.8032,0.86714,6.4412,1.7979,2.1781,3.7644,5.1272,6.6879,NaN,3.3127,1.934,NaN,NaN,2.8305,NaN,6.0491,NaN,2.8166,NaN,NaN,NaN,5.0862,NaN,NaN,NaN,NaN,NaN,NaN,NaN,NaN,NaN,NaN,NaN,NaN,NaN,0.78989,NaN,NaN,NaN,NaN,NaN,NaN,NaN,NaN,NaN,NaN,5.8162,2.1215,0.79301,NaN,4.0931,NaN,9.1,1.6052,3.4122,5.5153,0.67686,1.8833,1.8326,4.3145,1.219,4.0184,1.8734,3.6794,NaN,NaN,1.5225,5.8118,3.9882,4.0194,NaN,4.918,4.4628,3.4452,3.837,0.74178,0.59229,1.5987,4.2643,1.4771,NaN,0.25949
2.2347,1.212,2.9842,2.8855,1.25,1.4518,3.998,NaN,2.5894,2.996,4.6064,NaN,1.5675,4.7444,NaN,2.1306,3.7691,3.8966,3.1148,0.72285,1.0005,1.8735,0.64013,5.3245,5.1049,3.665,NaN,7.2463,1.528,NaN,NaN,2.3201,NaN,6.7468,NaN,1.9399,NaN,NaN,NaN,2.6624,NaN,NaN,NaN,NaN,NaN,NaN,NaN,NaN,NaN,NaN,NaN,NaN,NaN,3.8349,NaN,NaN,NaN,NaN,NaN,NaN,NaN,NaN,NaN,NaN,7.4649,1.8298,1.8819,NaN,4.8061,NaN,9.625,2.973,1.9567,0.87946,2.0908,3.3038,2.7068,5.9071,5.2047,1.915,1.4409,2.2317,NaN,NaN,1.793,3.8778,2.9673,1.8565,NaN,3.9247,2.2604,3.8597,0.23326,2.8985,4.3826,0.86172,2.5433,2.8909,NaN,1.5894
0.67388,1.7309,3.8057,2.174,3.0365,3.868,3.7932,NaN,7.4458,1.8524,3.1949,NaN,3.816,2.6265,NaN,3.3144,3.027,1.8578,1.8583,2.7081,2.0569,1.5417,3.7901,3.1284,2.6536,5.6499,NaN,3.868,2.7504,NaN,NaN,2.0593,NaN,2.6094,NaN,4.3112,NaN,NaN,NaN,2.9197,NaN,NaN,NaN,NaN,NaN,NaN,NaN,NaN,NaN,NaN,NaN,NaN,NaN,1.8966,NaN,NaN,NaN,NaN,NaN,NaN,NaN,NaN,NaN,NaN,3.8996,2.6409,2.5925,NaN,2.2948,NaN,5.9937,3.5156,2.5519,2.571,2.8745,2.2838,2.0973,4.6239,1.9217,2.2164,1.0871,3.334,NaN,NaN,1.3197,2.2623,3.0255,3.4568,NaN,1.6619,1.5814,3.7854,0.66984,2.4184,2.425,1.4119,3.2084,1.9713,NaN,2.915
0.47533,0.35478,1.6559,2.0357,2.09,2.426,2.701,NaN,6.8045,1.3797,1.7327,NaN,1.554,2.8471,NaN,0.034902,2.8244,3.0539,2.7798,1.6427,0.49705,5.5375,2.5171,1.6887,3.3845,4.3292,NaN,1.8596,2.7373,NaN,NaN,2.3796,NaN,3.4359,NaN,2.3244,NaN,NaN,NaN,2.7439,NaN,NaN,NaN,NaN,NaN,NaN,NaN,NaN,NaN,NaN,NaN,NaN,NaN,2.7712,NaN,NaN,NaN,NaN,NaN,NaN,NaN,NaN,NaN,NaN,3.5026,2.5352,4.3457,NaN,3.2226,NaN,6.0972,4.2295,4.8134,4.1683,1.4813,2.7233,0.97172,7.3726,5.7276,1.0592,2.4031,2.7854,NaN,NaN,1.9742,1.6883,1.2254,0.29939,NaN,4.203,0.7637,1.4573,1.8617,2.4945,3.3145,2.3221,1.909,1.9285,NaN,0.92504
4.4518,6.1887,4.5878,18.945,21.121,12.432,3.8534,NaN,16.277,19.83,8.1705,NaN,12.426,2.8504,NaN,3.7974,9.1309,7.1847,12.968,12.11,4.4615,9.9698,15.273,1.716,8.1842,11.351,NaN,3.3622,3.2737,NaN,NaN,6.06,NaN,6.7849,NaN,10.6,NaN,NaN,NaN,3.6098,NaN,NaN,NaN,NaN,NaN,NaN,NaN,NaN,NaN,NaN,NaN,NaN,NaN,12.84,NaN,NaN,NaN,NaN,NaN,NaN,NaN,NaN,NaN,NaN,9.232,1.4404,7.348,NaN,6.8483,NaN,13.452,5.6297,11.795,8.7878,6.5984,8.7348,9.8871,10.81,4.8473,0.96622,3.5634,4.0469,NaN,NaN,19.982,13.879,7.3363,1.5542,NaN,7.6207,18.801,19.791,1.0065,2.4786,14.362,5.0985,5.3483,3.8037,NaN,0.98946
3.6368,1.2937,6.6367,5.2957,8.3641,5.8017,2.1766,NaN,1.5126,8.6708,2.9272,NaN,3.7338,3.2025,NaN,5.6475,6.5084,1.4627,0.9913,0.67041,3.7828,9.5914,11.879,3.5597,3.8046,0.66273,NaN,1.6149,2.2596,NaN,NaN,4.1075,NaN,6.8345,NaN,4.4394,NaN,NaN,NaN,1.1798,NaN,NaN,NaN,NaN,NaN,NaN,NaN,NaN,NaN,NaN,NaN,NaN,NaN,9.635,NaN,NaN,NaN,NaN,NaN,NaN,NaN,NaN,NaN,NaN,8.2477,3.7148,3.271,NaN,3.0244,NaN,4.8347,2.0013,2.7293,4.3346,5.5996,4.7799,2.7053,8.4384,6.4334,0.56695,6.3902,1.3087,NaN,NaN,2.5364,5.3049,2.2009,3.9889,NaN,7.8746,3.1727,6.7929,4.2953,2.2657,3.0141,8.4662,4.1968,2.1752,NaN,2.6823
7.9048,3.0961,11.366,10.188,1.9942,6.2024,5.5938,NaN,5.1318,6.4406,2.6735,NaN,5.9047,3.8253,NaN,8.0833,2.5469,10.351,6.2095,4.4426,2.3614,3.9548,2.9572,10.925,2.5693,7.1399,NaN,3.4894,4.5553,NaN,NaN,2.6788,NaN,6.3664,NaN,4.9555,NaN,NaN,NaN,11.674,NaN,NaN,NaN,NaN,NaN,NaN,NaN,NaN,NaN,NaN,NaN,NaN,NaN,1.6472,NaN,NaN,NaN,NaN,NaN,NaN,NaN,NaN,NaN,NaN,5.4076,2.8256,4.8307,NaN,8.2118,NaN,4.3398,10.111,1.4274,2.3802,4.1596,4.5251,6.1162,6.7743,10.791,3.9064,4.7377,5.4212,NaN,NaN,8.3509,1.559,8.622,4.8023,NaN,5.9507,4.4331,7.5955,1.2711,2.1279,8.6743,3.8055,7.654,0.65104,NaN,1.9212
2.8607,3.5743,5.3355,4.2296,2.4418,4.3315,1.7822,NaN,2.2579,5.9545,2.5678,NaN,1.2698,2.6201,NaN,0.92194,8.3332,1.2565,4.3171,7.248,4.0705,7.9484,4.333,9.7856,4.8535,10.89,NaN,3.6054,2.401,NaN,NaN,2.6159,NaN,1.1913,NaN,0.82749,NaN,NaN,NaN,2.718,NaN,NaN,NaN,NaN,NaN,NaN,NaN,NaN,NaN,NaN,NaN,NaN,NaN,1.8841,NaN,NaN,NaN,NaN,NaN,NaN,NaN,NaN,NaN,NaN,4.522,3.5009,1.6445,NaN,2.2394,NaN,3.665,6.935,2.5921,6.1653,3.6798,4.5795,3.0693,5.3827,3.4429,3.026,4.0785,0.8863,NaN,NaN,1.7453,2.2777,8.012,4.4191,NaN,4.4124,2.5237,6.1052,4.7205,1.6325,2.1315,3.6535,1.631,1.7225,NaN,2.9513
3.1136,3.9587,3.175,3.1224,5.0253,1.9812,5.3836,NaN,2.527,1.3584,7.9023,NaN,3.9261,4.4336,NaN,6.3435,3.0719,4.972,5.8675,2.1964,1.1315,5.407,3.2304,2.3819,2.9252,4.739,NaN,3.7284,7.6942,NaN,NaN,3.984,NaN,7.0935,NaN,4.4171,NaN,NaN,NaN,6.4816,NaN,NaN,NaN,NaN,NaN,NaN,NaN,NaN,NaN,NaN,NaN,NaN,NaN,2.1508,NaN,NaN,NaN,NaN,NaN,NaN,NaN,NaN,NaN,NaN,5.307,6.3193,5.8683,NaN,8.4996,NaN,11.795,1.642,0.8487,4.3899,1.9109,4.544,3.3029,5.644,6.2693,2.3406,2.4947,4.8147,NaN,NaN,2.5864,5.5994,4.4043,3.5009,NaN,3.3706,3.5531,2.7201,3.7177,5.2616,5.2505,3.3135,3.3675,4.0844,NaN,0.66196
1.2764,0.30369,3.0203,1.099,4.6578,7.4487,3.5558,NaN,2.1704,3.2092,4.3864,NaN,5.3144,6.4833,NaN,1.8421,2.5535,0.61081,1.1905,2.5492,4.8151,0.86785,3.6382,2.7414,1.4595,2.3988,NaN,4.0792,2.002,NaN,NaN,3.1553,NaN,1.366,NaN,3.5982,NaN,NaN,NaN,0.88128,NaN,NaN,NaN,NaN,NaN,NaN,NaN,NaN,NaN,NaN,NaN,NaN,NaN,3.6708,NaN,NaN,NaN,NaN,NaN,NaN,NaN,NaN,NaN,NaN,2.6979,3.4703,5.2892,NaN,6.1467,NaN,10.304,2.5113,4.9054,0.23765,3.202,4.9965,3.7296,9.3552,4.8706,0.69314,1.4082,3.5197,NaN,NaN,4.8947,2.5975,1.7635,5.3398,NaN,3.1822,5.0752,5.0876,0.56646,2.3722,3.1785,2.7805,1.2232,4.8085,NaN,1.9915
1.254,2.475,2.1798,5.3685,9.2584,6.3462,2.8774,NaN,4.4759,2.2757,2.9699,NaN,5.0265,7.5611,NaN,1.161,8.7884,5.5015,2.5489,0.32544,5.5253,3.8934,0.99004,2.8733,1.1093,6.7599,NaN,3.5682,1.7423,NaN,NaN,2.3753,NaN,1.8951,NaN,5.0973,NaN,NaN,NaN,1.7596,NaN,NaN,NaN,NaN,NaN,NaN,NaN,NaN,NaN,NaN,NaN,NaN,NaN,4.8757,NaN,NaN,NaN,NaN,NaN,NaN,NaN,NaN,NaN,NaN,7.441,3.3167,3.4049,NaN,2.5767,NaN,3.7885,2.3771,9.7759,1.1968,0.3771,2.5148,5.041,5.0563,4.239,1.1759,3.8828,1.976,NaN,NaN,4.691,2.5887,2.5591,1.7496,NaN,9.6785,1.8036,7.3388,2.0786,6.0508,5.5761,3.102,6.1074,3.751,NaN,1.5746
4.5758,9.6018,5.2851,14.605,29.661,6.8656,6.865,NaN,12.733,15.306,5.5799,NaN,14.177,10.378,NaN,6.8556,8.5882,8.4129,7.0962,7.0179,4.6984,9.4037,15.941,4.1078,9.3753,11.469,NaN,3.1085,5.4112,NaN,NaN,7.949,NaN,10.676,NaN,14.453,NaN,NaN,NaN,2.8892,NaN,NaN,NaN,NaN,NaN,NaN,NaN,NaN,NaN,NaN,NaN,NaN,NaN,10.138,NaN,NaN,NaN,NaN,NaN,NaN,NaN,NaN,NaN,NaN,8.6685,4.1277,12.781,NaN,6.0116,NaN,11.551,8.5421,11.739,4.7753,4.3398,9.6007,10.891,11.903,11.461,2.2144,6.2045,2.9057,NaN,NaN,20.212,13.493,10.87,1.6536,NaN,7.1009,18.842,22.676,2.8848,5.1713,15.189,7.1552,5.579,8.8405,NaN,4.5401
6.1271,9.8967,8.2966,10.041,0.95708,10.324,3.4834,NaN,4.7331,8.7702,6.3271,NaN,4.8188,9.747,NaN,2.0257,3.5955,5.7496,5.5656,8.3324,5.8402,9.0787,0.92108,4.0572,4.7759,6.5462,NaN,3.9569,1.7354,NaN,NaN,5.3436,NaN,9.6236,NaN,4.7447,NaN,NaN,NaN,2.7282,NaN,NaN,NaN,NaN,NaN,NaN,NaN,NaN,NaN,NaN,NaN,NaN,NaN,4.693,NaN,NaN,NaN,NaN,NaN,NaN,NaN,NaN,NaN,NaN,3.3217,2.9998,5.2175,NaN,6.2022,NaN,6.7503,4.2465,1.8684,5.4079,4.8783,1.8529,1.3068,10.525,1.2732,4.3708,2.6042,1.8801,NaN,NaN,4.303,7.0102,7.3794,0.55835,NaN,0.84772,3.8051,4.3501,1.8356,4.0063,2.5546,5.444,4.3083,1.8056,NaN,2.3097
8.3617,4.0441,11.952,13.085,7.423,10.82,3.4505,NaN,4.2311,13.621,5.0452,NaN,6.6767,6.4081,NaN,7.3341,6.9115,12.701,2.0659,12.82,1.3219,6.4234,12.611,8.2992,4.8345,9.0883,NaN,7.4268,1.744,NaN,NaN,8.7191,NaN,2.5213,NaN,5.3777,NaN,NaN,NaN,11.273,NaN,NaN,NaN,NaN,NaN,NaN,NaN,NaN,NaN,NaN,NaN,NaN,NaN,6.9501,NaN,NaN,NaN,NaN,NaN,NaN,NaN,NaN,NaN,NaN,11.446,5.5855,8.2898,NaN,4.9383,NaN,8.7247,15.988,3.2726,7.3573,4.0347,9.2272,7.2498,7.0974,15.306,2.1167,6.4245,2.9171,NaN,NaN,2.9685,1.6124,10.937,2.7941,NaN,4.2617,5.9511,11.451,4.208,1.6739,15.04,6.3354,12.627,3.0496,NaN,4.6337
0.76987,1.0843,6.5692,2.1198,1.4896,7.0353,4.625,NaN,1.2705,1.1517,9.4343,NaN,7.082,7.8128,NaN,5.7892,1.6815,2.3392,1.1836,5.623,3.1734,8.2974,2.1046,12.565,2.0965,10.286,NaN,6.0622,6.7243,NaN,NaN,3.1338,NaN,3.8102,NaN,1.0657,NaN,NaN,NaN,3.186,NaN,NaN,NaN,NaN,NaN,NaN,NaN,NaN,NaN,NaN,NaN,NaN,NaN,6.4867,NaN,NaN,NaN,NaN,NaN,NaN,NaN,NaN,NaN,NaN,2.1265,3.5531,3.7203,NaN,2.2244,NaN,1.9484,6.9435,3.92,3.7595,1.8688,1.0849,4.8568,6.7197,5.8454,5.8606,2.6575,3.0467,NaN,NaN,2.3216,2.3641,7.9543,6.1394,NaN,1.5015,4.8361,8.6345,2.5121,0.43301,4.0273,1.897,8.3637,2.3481,NaN,4.1098
3.5608,1.632,1.259,8.0395,8.4499,4.2072,3.2958,NaN,1.9706,2.7402,4.4503,NaN,10.521,4.799,NaN,5.4211,3.7992,4.1112,0.7057,2.1615,8.0846,3.8629,3.3652,2.2123,3.3093,7.4092,NaN,1.9172,5.0446,NaN,NaN,3.1345,NaN,1.0772,NaN,2.8468,NaN,NaN,NaN,3.5348,NaN,NaN,NaN,NaN,NaN,NaN,NaN,NaN,NaN,NaN,NaN,NaN,NaN,3.0465,NaN,NaN,NaN,NaN,NaN,NaN,NaN,NaN,NaN,NaN,3.9659,2.3923,6.3009,NaN,2.705,NaN,4.9732,2.5282,10.611,0.95045,2.7953,3.8444,3.7383,2.4815,4.5229,1.616,5.1476,4.2602,NaN,NaN,7.7435,1.9503,2.6895,0.58218,NaN,9.9782,1.6161,4.8178,0.73082,2.2987,3.8692,3.7102,3.5835,3.4033,NaN,2.459
3.5531,4.7071,6.8825,4.8492,23.816,10.641,4.2735,NaN,5.9298,12.16,1.3505,NaN,12.548,8.5783,NaN,3.8569,10.086,9.5607,2.2129,8.0506,2.0232,6.6748,10.329,3.1699,3.7854,7.416,NaN,2.6254,3.8546,NaN,NaN,5.572,NaN,8.7232,NaN,13.655,NaN,NaN,NaN,4.7463,NaN,NaN,NaN,NaN,NaN,NaN,NaN,NaN,NaN,NaN,NaN,NaN,NaN,7.4754,NaN,NaN,NaN,NaN,NaN,NaN,NaN,NaN,NaN,NaN,9.4207,2.7023,13.26,NaN,3.7644,NaN,8.0027,14.891,13.568,4.5699,2.8058,7.1694,10.702,8.3534,13.571,2.2459,2.3171,2.9197,NaN,NaN,15.886,7.6873,9.9055,7.1852,NaN,8.6395,12.282,17.153,4.1097,4.8784,17.128,5.8486,10.859,6.1799,NaN,3.8698
5.0834,5.6238,6.1842,4.3851,4.1367,3.953,4.6583,NaN,0.80337,2.4285,1.7841,NaN,4.898,3.3686,NaN,5.1796,1.2667,9.0901,6.4785,13.382,3.2777,0.52248,4.6227,1.3159,1.7826,9.7192,NaN,4.0973,3.3801,NaN,NaN,4.4921,NaN,6.5931,NaN,3.8667,NaN,NaN,NaN,1.3789,NaN,NaN,NaN,NaN,NaN,NaN,NaN,NaN,NaN,NaN,NaN,NaN,NaN,6.7852,NaN,NaN,NaN,NaN,NaN,NaN,NaN,NaN,NaN,NaN,2.4391,4.1102,3.7004,NaN,5.3421,NaN,4.5781,1.1523,4.268,3.7349,2.666,3.9425,1.3669,7.3325,4.2016,0.9134,3.6038,6.1693,NaN,NaN,6.682,7.3785,7.2206,5.4376,NaN,1.7283,2.0192,4.6325,0.72346,3.6854,1.8695,4.448,1.6664,2.9698,NaN,0.39453
2.286,5.7359,4.4011,13.642,13.511,16.885,3.7233,NaN,6.7713,13.195,5.816,NaN,5.9438,4.1202,NaN,8.1043,12.613,8.7317,7.5457,7.3884,1.5111,4.5967,10.457,3.2056,13.342,7.2385,NaN,9.4997,2.3508,NaN,NaN,13.184,NaN,4.9291,NaN,8.1291,NaN,NaN,NaN,4.3729,NaN,NaN,NaN,NaN,NaN,NaN,NaN,NaN,NaN,NaN,NaN,NaN,NaN,14.552,NaN,NaN,NaN,NaN,NaN,NaN,NaN,NaN,NaN,NaN,10.769,8.6406,14.17,NaN,2.3433,NaN,8.9168,16.694,6.748,6.7963,1.0282,10.973,3.623,3.7369,15.088,1.3696,5.3057,0.71698,NaN,NaN,14.646,8.2756,9.6162,4.4489,NaN,4.2173,8.093,12.778,7.2625,0.43522,13.959,7.1053,17.438,3.7459,NaN,6.3826
0.42837,3.4835,3.03,7.7462,8.6414,9.7607,3.1825,NaN,2.2048,4.8264,2.8957,NaN,3.3268,4.4184,NaN,5.0533,5.1023,2.1859,4.989,3.8338,3.1391,3.201,1.3286,6.3386,5.8556,4.3239,NaN,6.6419,2.3537,NaN,NaN,6.2075,NaN,3.0824,NaN,7.1608,NaN,NaN,NaN,9.8066,NaN,NaN,NaN,NaN,NaN,NaN,NaN,NaN,NaN,NaN,NaN,NaN,NaN,8.9175,NaN,NaN,NaN,NaN,NaN,NaN,NaN,NaN,NaN,NaN,6.7614,5.5258,4.7402,NaN,4.4957,NaN,6.1317,4.0547,10.638,5.869,2.2304,5.2082,2.5979,8.2385,4.8569,2.2128,4.5443,3.9534,NaN,NaN,4.4497,2.0165,4.2618,7.0996,NaN,9.7515,0.97443,7.7137,1.2329,1.9347,5.694,1.4535,6.1849,4.2665,NaN,7.5958
1.6253,4.326,2.4218,7.013,12.476,6.6006,6.4776,NaN,3.0931,3.7653,2.3269,NaN,5.0935,9.3038,NaN,3.0703,6.5292,4.5086,3.9578,3.4719,2.409,10.58,0.75141,4.2922,1.2711,7.165,NaN,4.9128,3.6955,NaN,NaN,3.9719,NaN,2.5004,NaN,7.8038,NaN,NaN,NaN,8.8186,NaN,NaN,NaN,NaN,NaN,NaN,NaN,NaN,NaN,NaN,NaN,NaN,NaN,6.1528,NaN,NaN,NaN,NaN,NaN,NaN,NaN,NaN,NaN,NaN,8.4539,7.3968,3.3024,NaN,4.1309,NaN,4.1002,7.2564,14.119,3.61,2.1426,6.1066,2.1431,4.4174,5.1922,1.1095,5.2082,5.077,NaN,NaN,4.6332,2.2388,4.4951,5.0915,NaN,9.9836,3.522,10.081,4.5114,2.6096,8.282,4.7885,6.7447,5.2491,NaN,6.5669
3.0701,6.748,7.8173,8.7851,26.688,16.3,2.4372,NaN,4.928,17.916,3.8064,NaN,13.925,4.428,NaN,7.3213,12.36,8.4283,2.7819,12.54,2.4584,5.5334,11.106,3.9438,2.3494,5.88,NaN,2.7621,5.1221,NaN,NaN,6.645,NaN,7.1111,NaN,12.808,NaN,NaN,NaN,0.21877,NaN,NaN,NaN,NaN,NaN,NaN,NaN,NaN,NaN,NaN,NaN,NaN,NaN,8.999,NaN,NaN,NaN,NaN,NaN,NaN,NaN,NaN,NaN,NaN,8.3374,3.4843,14.225,NaN,3.9483,NaN,9.3234,16.91,14.896,4.5974,2.8024,9.4936,10.501,7.9969,10.766,3.8208,4.7405,3.7222,NaN,NaN,18.993,8.1709,7.9666,4.6032,NaN,9.0451,16.023,17.372,6.7182,4.2655,20.854,5.6325,13.264,4.696,NaN,7.816
4.7497,6.8429,5.6929,6.8478,8.505,5.5248,0.94079,NaN,3.4943,11.733,2.1052,NaN,4.4421,6.1207,NaN,3.8041,5.6415,7.3288,2.5981,4.3683,3.9944,4.0441,4.9317,6.8284,4.1277,5.0411,NaN,4.7364,2.6211,NaN,NaN,4.6498,NaN,1.7253,NaN,5.9432,NaN,NaN,NaN,5.602,NaN,NaN,NaN,NaN,NaN,NaN,NaN,NaN,NaN,NaN,NaN,NaN,NaN,6.7832,NaN,NaN,NaN,NaN,NaN,NaN,NaN,NaN,NaN,NaN,9.6592,0.37708,6.6095,NaN,9.1497,NaN,3.6458,3.2955,8.2986,3.7546,2.1174,7.9286,2.0708,5.6064,10.575,2.5756,4.2816,4.1397,NaN,NaN,10.015,2.0252,6.7173,3.1359,NaN,8.6242,10.19,7.099,3.4956,0.95472,8.9818,2.2808,0.55199,3.1831,NaN,5.0224
2.3177,1.3247,8.3161,11.392,9.0535,15.997,6.474,NaN,11.243,10.229,5.0827,NaN,17.997,9.2265,NaN,4.9966,16.801,2.1954,6.1638,3.5493,7.9289,1.3499,5.3196,3.0885,12.504,11.992,NaN,8.9667,4.5044,NaN,NaN,13.391,NaN,2.4999,NaN,10.623,NaN,NaN,NaN,11.951,NaN,NaN,NaN,NaN,NaN,NaN,NaN,NaN,NaN,NaN,NaN,NaN,NaN,11.39,NaN,NaN,NaN,NaN,NaN,NaN,NaN,NaN,NaN,NaN,4.1584,5.6682,12.016,NaN,4.2316,NaN,10.2,11.857,6.6166,4.935,4.7351,15.854,3.6444,2.9339,15.58,4.9824,7.5917,4.4818,NaN,NaN,17.457,7.9844,14.718,6.5975,NaN,7.2847,9.9135,11.743,6.5726,4.9882,13.793,2.6116,14.056,7.2244,NaN,7.419
3.8314,5.2956,7.316,4.7032,11.681,12.878,9.0714,NaN,5.911,9.7719,3.7754,NaN,9.0273,8.4449,NaN,4.5352,9.7245,5.5486,3.0408,3.6153,6.2448,12.058,5.1974,9.4388,3.1488,4.3655,NaN,3.9293,7.7154,NaN,NaN,7.316,NaN,3.3022,NaN,8.4424,NaN,NaN,NaN,14.691,NaN,NaN,NaN,NaN,NaN,NaN,NaN,NaN,NaN,NaN,NaN,NaN,NaN,8.6275,NaN,NaN,NaN,NaN,NaN,NaN,NaN,NaN,NaN,NaN,12.468,6.5279,8.7486,NaN,3.4372,NaN,7.6017,15.891,15.724,1.989,2.6737,15.241,5.0631,3.7987,1.7316,5.7141,3.8429,1.3197,NaN,NaN,6.9027,6.7146,5.6243,6.9838,NaN,5.3616,8.9955,11.019,5.862,2.9403,13.644,3.158,1.1233,6.1643,NaN,9.6499
3.2814,4.4085,2.8896,2.9057,7.7644,4.1434,4.8429,NaN,2.2947,3.8104,0.34669,NaN,6.9327,6.2663,NaN,0.53617,7.0155,5.4405,2.0191,1.5173,1.4957,8.027,4.9081,4.0093,1.6561,4.1327,NaN,2.9969,0.22391,NaN,NaN,2.9698,NaN,3.0961,NaN,6.2215,NaN,NaN,NaN,6.7536,NaN,NaN,NaN,NaN,NaN,NaN,NaN,NaN,NaN,NaN,NaN,NaN,NaN,7.2613,NaN,NaN,NaN,NaN,NaN,NaN,NaN,NaN,NaN,NaN,5.0636,5.0733,5.3215,NaN,2.0221,NaN,2.7256,6.5655,11.082,2.1697,1.8769,5.8444,2.8342,4.081,4.5231,2.4981,2.9758,4.3569,NaN,NaN,0.45836,3.9892,4.619,4.0502,NaN,5.4777,7.4495,4.8561,5.394,4.3182,7.1558,3.3067,5.9961,3.527,NaN,3.8377
3.0366,0.70382,0.19545,2.8901,1.309,2.7756,1.8763,NaN,5.0949,2.6979,1.6473,NaN,0.65416,2.967,NaN,2.7028,3.5095,2.7401,1.9124,1.1546,1.5862,3.5186,2.5717,0.50322,1.6867,4.1072,NaN,1.2827,3.2649,NaN,NaN,2.3319,NaN,2.2324,NaN,4.8585,NaN,NaN,NaN,2.0315,NaN,NaN,NaN,NaN,NaN,NaN,NaN,NaN,NaN,NaN,NaN,NaN,NaN,3.4582,NaN,NaN,NaN,NaN,NaN,NaN,NaN,NaN,NaN,NaN,3.1385,0.64361,1.3072,NaN,3.0318,NaN,0.31846,1.7302,7.1825,1.2121,2.7618,3.6084,1.8292,5.0327,1.1675,1.4693,0.46743,1.1703,NaN,NaN,1.3972,1.6599,1.4488,4.5876,NaN,4.5901,3.9568,3.1751,2.769,3.5254,5.6359,0.71486,2.8318,1.0492,NaN,2.4718
2.3421,1.1576,0.8815,1.4026,1.3538,1.0767,1.1113,NaN,5.6492,2.4739,2.3583,NaN,1.7844,3.4686,NaN,1.6176,3.8177,2.426,0.85517,1.2008,1.2049,5.1133,1.8798,1.4677,1.881,6.5342,NaN,3.7339,3.5838,NaN,NaN,2.0057,NaN,4.5548,NaN,2.9644,NaN,NaN,NaN,3.4832,NaN,NaN,NaN,NaN,NaN,NaN,NaN,NaN,NaN,NaN,NaN,NaN,NaN,1.9439,NaN,NaN,NaN,NaN,NaN,NaN,NaN,NaN,NaN,NaN,1.5377,1.6943,1.7684,NaN,2.7565,NaN,2.1355,2.2119,5.3382,3.5861,1.6117,2.2312,2.5857,2.5141,3.4331,1.1494,1.487,1.9234,NaN,NaN,1.9841,2.3418,1.0065,1.401,NaN,4.1413,2.8119,3.1916,2.1586,4.9409,2.6737,0.43432,2.3693,1.7912,NaN,1.9675
2.6677,5.1419,4.529,5.134,2.5742,2.0814,8.4492,NaN,3.7213,0.85047,1.1083,NaN,6.7388,3.6629,NaN,5.5076,4.9638,2.2462,5.2428,0.80019,1.7006,5.5787,5.2692,0.68734,3.1122,6.0141,NaN,2.3132,3.3726,NaN,NaN,2.0949,NaN,1.4179,NaN,3.7659,NaN,NaN,NaN,3.0662,NaN,NaN,NaN,NaN,NaN,NaN,NaN,NaN,NaN,NaN,NaN,NaN,NaN,3.2177,NaN,NaN,NaN,NaN,NaN,NaN,NaN,NaN,NaN,NaN,4.1691,6.316,7.4592,NaN,3.0153,NaN,5.9527,3.7084,5.75,8.3277,6.0949,9.3892,5.5869,13.439,11.239,5.2419,3.0011,5.2377,NaN,NaN,2.0109,3.3983,11.882,9.2495,NaN,10.128,4.1967,4.1056,5.248,3.7323,11.272,5.5271,2.6093,2.8819,NaN,2.9887
3.1732,8.0277,9.3471,13.911,30.836,18.542,1.4747,NaN,4.7075,20.413,1.2284,NaN,17.521,7.8559,NaN,6.2272,15.895,9.4847,4.0732,10.557,2.4536,8.3331,12.697,6.4143,2.9472,7.2947,NaN,4.968,6.8584,NaN,NaN,10.985,NaN,9.4775,NaN,14.903,NaN,NaN,NaN,4.148,NaN,NaN,NaN,NaN,NaN,NaN,NaN,NaN,NaN,NaN,NaN,NaN,NaN,10.75,NaN,NaN,NaN,NaN,NaN,NaN,NaN,NaN,NaN,NaN,7.2438,6.6769,15.892,NaN,2.88,NaN,14.298,16.869,16.122,6.2685,3.6013,10.987,8.457,10.027,10.183,3.5637,4.9036,2.0922,NaN,NaN,23.683,10.995,11.704,3.5186,NaN,9.0956,22.116,21.553,7.8604,3.9857,24.407,7.9336,14.427,5.876,NaN,7.6603
1.7698,3.4441,3.4138,8.7422,14.463,12.886,2.6832,NaN,2.081,14.992,2.8245,NaN,5.6544,5.1309,NaN,4.3968,7.7263,7.7111,2.3613,1.1179,2.7985,4.6939,4.3917,6.6753,1.3908,1.5382,NaN,0.713,4.0151,NaN,NaN,8.2783,NaN,3.1825,NaN,8.7208,NaN,NaN,NaN,5.8694,NaN,NaN,NaN,NaN,NaN,NaN,NaN,NaN,NaN,NaN,NaN,NaN,NaN,6.5854,NaN,NaN,NaN,NaN,NaN,NaN,NaN,NaN,NaN,NaN,13.062,7.6744,10.002,NaN,5.8174,NaN,5.2174,12.683,13.585,3.1953,3.1411,7.5389,0.67485,3.0034,12.775,4.6581,2.9045,1.4593,NaN,NaN,7.4116,9.0687,4.2776,0.76457,NaN,4.2866,12.235,8.0204,3.615,1.3711,14.112,2.8071,6.6734,2.0821,NaN,4.776
4.3348,8.6379,9.2577,10.836,7.7559,17.795,5.5248,NaN,6.1297,9.3951,4.7219,NaN,14.176,4.6278,NaN,9.9124,19.028,8.3179,4.6229,10.668,4.2909,8.1787,6.6795,12.919,4.3763,14.858,NaN,11.705,3.5845,NaN,NaN,18.339,NaN,7.576,NaN,12.387,NaN,NaN,NaN,6.6403,NaN,NaN,NaN,NaN,NaN,NaN,NaN,NaN,NaN,NaN,NaN,NaN,NaN,10.914,NaN,NaN,NaN,NaN,NaN,NaN,NaN,NaN,NaN,NaN,0.49828,4.3009,9.53,NaN,8.8436,NaN,17.961,11.758,10.919,9.2165,5.1835,12.647,7.6514,9.5892,11.032,3.9477,5.686,6.2226,NaN,NaN,22.466,8.7612,26.469,5.696,NaN,11.031,19.246,17.966,14.65,1.6024,13.234,11.145,11.229,1.8321,NaN,1.5399
0.77553,3.9469,7.2031,5.7278,1.9668,9.8563,2.1328,NaN,1.2065,7.3326,1.179,NaN,11.161,1.3299,NaN,9.4343,9.9595,5.908,4.1223,5.9459,3.1937,10.191,7.6331,2.6501,2.1807,6.7069,NaN,1.1613,3.0982,NaN,NaN,3.3304,NaN,1.8193,NaN,2.9659,NaN,NaN,NaN,4.162,NaN,NaN,NaN,NaN,NaN,NaN,NaN,NaN,NaN,NaN,NaN,NaN,NaN,8.0058,NaN,NaN,NaN,NaN,NaN,NaN,NaN,NaN,NaN,NaN,3.7857,6.29,3.5679,NaN,3.4358,NaN,7.8854,14.495,14.228,3.7651,3.0699,2.5784,5.9978,5.3746,3.7922,3.6516,4.0633,1.927,NaN,NaN,8.7406,7.8456,8.3287,1.4278,NaN,4.6815,11.739,5.7859,1.3588,2.8221,7.2506,3.4503,6.9443,3.0302,NaN,4.5523
2.955,1.6652,2.613,4.5224,0.89972,0.43138,1.994,NaN,1.2338,4.58,3.8465,NaN,4.1618,2.3477,NaN,3.9377,3.2103,0.19819,3.536,2.0774,3.4608,5.4265,5.1793,1.7388,1.2104,3.4906,NaN,2.1,5.0041,NaN,NaN,5.3821,NaN,3.4957,NaN,6.0712,NaN,NaN,NaN,4.1403,NaN,NaN,NaN,NaN,NaN,NaN,NaN,NaN,NaN,NaN,NaN,NaN,NaN,3.7513,NaN,NaN,NaN,NaN,NaN,NaN,NaN,NaN,NaN,NaN,1.8263,2.7587,2.9134,NaN,0.57284,NaN,2.1662,1.089,7.136,3.8541,0.73013,4.5244,4.4238,7.5304,1.95,1.6365,4.7012,3.7519,NaN,NaN,2.8627,1.5363,3.9069,2.6562,NaN,2.0534,5.5379,3.1478,2.9338,2.5483,3.3028,4.3055,4.8965,1.2432,NaN,2.7297
3.5354,1.94,1.0248,0.9381,0.85837,2.2649,4.8677,NaN,4.4584,5.149,5.7462,NaN,1.3221,5.3711,NaN,3.7386,8.2148,4.1697,1.8033,2.0952,2.1845,6.9428,4.3666,3.1052,2.9868,8.9397,NaN,5.2068,2.9971,NaN,NaN,1.7377,NaN,6.5916,NaN,6.5484,NaN,NaN,NaN,8.4313,NaN,NaN,NaN,NaN,NaN,NaN,NaN,NaN,NaN,NaN,NaN,NaN,NaN,1.9592,NaN,NaN,NaN,NaN,NaN,NaN,NaN,NaN,NaN,NaN,4.5705,1.7683,4.3041,NaN,1.1818,NaN,6.8088,2.392,8.7993,4.2373,0.42796,5.7041,5.954,4.9945,5.4455,1.2518,2.1855,0.20451,NaN,NaN,1.9999,1.7682,2.8343,1.6908,NaN,8.0325,4.4203,4.1287,2.2309,1.7891,4.0719,5.6496,4.4542,1.8966,NaN,1.352
4.3,4.3503,3.83,2.1902,3.9307,2.8761,4.254,NaN,1.0478,3.834,3.3256,NaN,6.3098,1.5794,NaN,3.9466,3.0836,3.1395,1.0675,1.4415,3.4378,3.1844,2.4474,1.3498,1.5437,6.0759,NaN,4.0611,6.8024,NaN,NaN,2.3223,NaN,4.4872,NaN,0.82835,NaN,NaN,NaN,5.3628,NaN,NaN,NaN,NaN,NaN,NaN,NaN,NaN,NaN,NaN,NaN,NaN,NaN,2.3248,NaN,NaN,NaN,NaN,NaN,NaN,NaN,NaN,NaN,NaN,5.4227,6.7521,4.8187,NaN,2.7627,NaN,10.018,0.20151,10.479,7.7879,4.552,5.0994,2.8043,5.359,7.7364,4.8244,1.2397,3.5341,NaN,NaN,4.0968,3.9742,9.7904,9.7894,NaN,0.74237,1.5266,7.8473,5.3841,6.614,6.8799,2.3605,1.1678,4.4698,NaN,4.7726
2.0194,9.1571,10.648,13.033,31.315,18.02,2.4108,NaN,7.1281,19.39,2.6182,NaN,17.25,10.912,NaN,4.9068,18.688,9.0739,5.813,10.001,3.2807,10.486,12.712,6.2054,3.9908,8.2775,NaN,5.6582,6.029,NaN,NaN,11.587,NaN,10.834,NaN,14.894,NaN,NaN,NaN,3.3022,NaN,NaN,NaN,NaN,NaN,NaN,NaN,NaN,NaN,NaN,NaN,NaN,NaN,9.5946,NaN,NaN,NaN,NaN,NaN,NaN,NaN,NaN,NaN,NaN,6.2002,7.5312,14.084,NaN,0.81997,NaN,15.853,17.202,14.323,6.8032,4.3007,10.468,8.3824,11.972,11.737,2.7621,5.8998,0.79352,NaN,NaN,23.241,11.761,13.821,1.1312,NaN,7.7365,22.721,24.04,6.6732,2.6921,21.507,9.2426,16.867,7.7315,NaN,5.4151
7.0043,8.2021,3.2314,5.1598,8.3361,11.845,1.0663,NaN,1.8651,2.4528,10.468,NaN,5.6238,4.225,NaN,6.8468,6.0442,2.1765,3.1462,2.9452,4.0095,4.059,2.9097,3.3916,2.5826,1.9941,NaN,1.2818,2.1624,NaN,NaN,3.1849,NaN,2.1008,NaN,1.3776,NaN,NaN,NaN,2.7692,NaN,NaN,NaN,NaN,NaN,NaN,NaN,NaN,NaN,NaN,NaN,NaN,NaN,0.80709,NaN,NaN,NaN,NaN,NaN,NaN,NaN,NaN,NaN,NaN,13.429,5.8469,2.8632,NaN,3.0001,NaN,4.8581,12.43,1.8541,3.5025,3.8989,10.669,0.33598,5.7238,5.4164,5.6052,3.4952,2.2175,NaN,NaN,13.438,3.9587,6.0049,4.2513,NaN,5.7718,4.2117,3.7388,2.0997,2.7125,8.4785,1.77,4.9516,2.5801,NaN,8.6062
5.6032,10.281,3.0562,11.505,1.2848,13.63,1.0674,NaN,4.4287,11.647,13.055,NaN,8.2331,0.69596,NaN,15.365,20.203,8.8681,3.5849,6.0427,1.1505,5.253,9.2046,4.2595,4.5861,7.733,NaN,5.1576,1.694,NaN,NaN,13.906,NaN,5.1059,NaN,6.3815,NaN,NaN,NaN,1.1985,NaN,NaN,NaN,NaN,NaN,NaN,NaN,NaN,NaN,NaN,NaN,NaN,NaN,9.1086,NaN,NaN,NaN,NaN,NaN,NaN,NaN,NaN,NaN,NaN,1.8557,8.0223,3.1283,NaN,5.2603,NaN,21.313,14.427,6.0627,7.7055,1.7182,5.2829,8.3982,8.5227,2.8652,4.892,0.28475,1.3728,NaN,NaN,15.443,16.168,24.522,8.9399,NaN,7.7117,18.946,12.987,13.789,3.9895,7.7135,15.708,14.711,7.8171,NaN,5.6129
3.6818,1.5406,4.502,3.7131,4.9763,2.7161,7.1122,NaN,1.3014,4.0388,4.9174,NaN,2.8596,3.8964,NaN,6.2165,8.7173,2.4606,4.6233,0.36619,5.1742,4.5509,4.1482,5.5904,6.2302,2.0815,NaN,1.7533,4.9274,NaN,NaN,4.8825,NaN,4.3023,NaN,2.9253,NaN,NaN,NaN,7.791,NaN,NaN,NaN,NaN,NaN,NaN,NaN,NaN,NaN,NaN,NaN,NaN,NaN,3.0789,NaN,NaN,NaN,NaN,NaN,NaN,NaN,NaN,NaN,NaN,4.8679,5.6063,3.3067,NaN,2.7378,NaN,7.7111,10.028,5.6086,3.5562,1.0771,4.8246,8.3516,6.0625,4.6179,2.3956,3.8207,3.2794,NaN,NaN,3.9901,5.951,1.3126,4.9785,NaN,1.5158,4.0694,1.6415,3.6232,2.9206,3.1422,5.8827,4.3729,7.0544,NaN,0.50086
3.256,5.6862,1.5724,5.1859,5.3482,2.5349,8.1111,NaN,4.1676,5.1335,5.5973,NaN,1.6613,3.9159,NaN,1.7674,9.0034,5.2677,2.6139,2.6377,3.5367,8.2771,6.0708,3.4469,6.1876,1.8154,NaN,5.7834,3.2649,NaN,NaN,1.2179,NaN,7.7551,NaN,8.9108,NaN,NaN,NaN,7.7541,NaN,NaN,NaN,NaN,NaN,NaN,NaN,NaN,NaN,NaN,NaN,NaN,NaN,3.4338,NaN,NaN,NaN,NaN,NaN,NaN,NaN,NaN,NaN,NaN,2.0948,1.1046,3.8189,NaN,0.76988,NaN,0.7719,1.4752,5.0336,0.48433,1.8251,4.1207,5.7768,7.6366,1.5042,1.9426,4.3897,4.1255,NaN,NaN,3.339,1.6755,1.5246,1.2271,NaN,6.9735,1.5205,3.1271,3.8463,1.9463,5.0157,5.6052,5.7378,1.3368,NaN,1.1814
2.2513,1.6443,0.57409,3.3973,1.4936,6.1151,8.5266,NaN,6.7147,4.1042,4.017,NaN,3.2116,6.9013,NaN,6.5674,10.309,3.393,1.3267,1.1425,3.0366,5.2092,5.9584,5.0497,3.7729,6.0509,NaN,4.7028,4.4397,NaN,NaN,2.0943,NaN,6.1718,NaN,8.8374,NaN,NaN,NaN,12.228,NaN,NaN,NaN,NaN,NaN,NaN,NaN,NaN,NaN,NaN,NaN,NaN,NaN,6.3788,NaN,NaN,NaN,NaN,NaN,NaN,NaN,NaN,NaN,NaN,5.2962,1.6143,0.71022,NaN,4.2344,NaN,9.5814,3.0659,9.7937,2.9432,3.549,5.8605,4.7409,7.2365,4.4912,1.5394,5.6528,4.5198,NaN,NaN,4.7582,2.9421,2.8817,2.2255,NaN,14.829,4.2827,2.6305,2.3884,1.142,1.4498,10.178,3.0765,2.8775,NaN,1.9787
3.3672,8.3911,9.9526,9.393,25.199,14.109,5.118,NaN,4.9443,15.966,3.2987,NaN,13.785,8.488,NaN,2.6835,14.378,7.6123,5.8112,9.135,2.0188,8.6142,10.378,4.3418,4.1075,7.439,NaN,3.4399,3.3371,NaN,NaN,8.0938,NaN,7.2531,NaN,12.034,NaN,NaN,NaN,1.6136,NaN,NaN,NaN,NaN,NaN,NaN,NaN,NaN,NaN,NaN,NaN,NaN,NaN,8.416,NaN,NaN,NaN,NaN,NaN,NaN,NaN,NaN,NaN,NaN,6.5068,5.7218,8.5615,NaN,0.51812,NaN,11.193,13.017,11.883,7.641,2.076,10.395,10.795,11.42,10.866,3.1908,6.273,2.3461,NaN,NaN,16.835,10.054,11.446,1.984,NaN,7.2177,18.438,21.78,6.6212,2.8454,15.28,7.1151,13.644,7.3601,NaN,4.7432
6.6472,5.7195,2.8989,10.102,4.1974,9.9605,0.45302,NaN,2.9006,6.1418,8.3238,NaN,6.4287,1.6057,NaN,6.6262,10.415,4.1422,3.5819,0.85904,1.9877,4.4944,4.385,2.9167,3.4886,3.2121,NaN,0.27646,1.6321,NaN,NaN,4.3758,NaN,1.1388,NaN,5.9951,NaN,NaN,NaN,2.7927,NaN,NaN,NaN,NaN,NaN,NaN,NaN,NaN,NaN,NaN,NaN,NaN,NaN,2.9693,NaN,NaN,NaN,NaN,NaN,NaN,NaN,NaN,NaN,NaN,1.3049,4.5821,0.52169,NaN,2.3589,NaN,8.4768,5.7456,0.34942,3.9909,2.3989,5.6729,1.88,7.0337,4.9158,7.4261,1.7312,3.3562,NaN,NaN,8.221,2.1044,4.7127,3.4879,NaN,1.5945,0.92408,2.8744,5.3553,4.9624,3.9454,2.9471,2.8314,4.6082,NaN,8.4334
6.7129,4.2247,1.4722,6.5601,4.742,3.7086,3.5089,NaN,3.6952,7.0313,9.9248,NaN,2.7927,6.0817,NaN,6.0523,9.4465,3.0807,3.9656,0.33756,2.8185,0.88994,4.2976,6.5081,2.5026,5.1075,NaN,2.6677,5.7344,NaN,NaN,4.0711,NaN,0.99394,NaN,4.0327,NaN,NaN,NaN,2.8094,NaN,NaN,NaN,NaN,NaN,NaN,NaN,NaN,NaN,NaN,NaN,NaN,NaN,0.54624,NaN,NaN,NaN,NaN,NaN,NaN,NaN,NaN,NaN,NaN,2.5195,2.9765,5.9445,NaN,7.4642,NaN,14.212,11.059,5.8502,1.254,2.2178,3.9696,4.2897,0.60038,2.3852,9.7266,5.3844,3.8015,NaN,NaN,4.8479,13.142,5.2353,2.7598,NaN,6.1889,10.889,3.0629,5.6622,9.5901,1.6393,8.7577,6.7404,12.139,NaN,4.7833
0.44604,5.6822,2.0956,5.4153,4.6208,2.0424,5.144,NaN,1.308,2.7896,5.2668,NaN,2.918,3.8278,NaN,4.6642,3.9433,6.17,1.0905,3.1664,7.7391,3.1568,6.0307,2.9293,8.2803,3.0975,NaN,5.0995,3.6332,NaN,NaN,1.0995,NaN,6.3515,NaN,6.3682,NaN,NaN,NaN,2.9495,NaN,NaN,NaN,NaN,NaN,NaN,NaN,NaN,NaN,NaN,NaN,NaN,NaN,1.9174,NaN,NaN,NaN,NaN,NaN,NaN,NaN,NaN,NaN,NaN,2.4676,2.9358,1.7616,NaN,4.7685,NaN,4.235,4.5011,5.3217,2.7145,3.2825,0.53216,3.0241,6.3682,4.0046,2.139,0.91978,4.6896,NaN,NaN,1.4402,7.0679,4.4797,1.0598,NaN,5.6895,4.6656,2.1026,2.6945,3.8646,1.4967,2.0129,1.7105,6.0585,NaN,5.8577
2.1366,2.9739,1.6401,5.5057,4.1363,4.4906,3.1705,NaN,2.4546,2.9403,2.7535,NaN,4.416,4.7666,NaN,2.0978,7.8936,6.391,6.3149,2.0459,5.4217,5.5333,2.76,5.4517,3.5255,0.72418,NaN,7.4408,3.1048,NaN,NaN,3.1079,NaN,6.5546,NaN,7.3308,NaN,NaN,NaN,5.6479,NaN,NaN,NaN,NaN,NaN,NaN,NaN,NaN,NaN,NaN,NaN,NaN,NaN,1.3371,NaN,NaN,NaN,NaN,NaN,NaN,NaN,NaN,NaN,NaN,3.1145,0.08783,1.526,NaN,1.6288,NaN,1.8866,2.9739,8.5448,2.9189,3.294,3.8438,3.2592,7.0212,1.2065,1.5855,3.2989,6.3856,NaN,NaN,1.4516,5.3988,3.1062,0.52583,NaN,5.8363,4.451,1.6772,2.8739,3.4389,6.1173,2.8598,3.1517,0.92646,NaN,2.1206
1.6574,8.5698,9.5731,11.908,25.365,14.755,5.622,NaN,4.501,16.123,1.7171,NaN,14.595,8.8863,NaN,5.4654,5.9434,8.7194,5.611,11.099,2.9167,8.5911,13.416,4.787,4.3239,5.8291,NaN,1.39,3.9349,NaN,NaN,6.7774,NaN,7.0588,NaN,14.844,NaN,NaN,NaN,3.5017,NaN,NaN,NaN,NaN,NaN,NaN,NaN,NaN,NaN,NaN,NaN,NaN,NaN,11.781,NaN,NaN,NaN,NaN,NaN,NaN,NaN,NaN,NaN,NaN,10.922,5.1425,9.2081,NaN,1.2366,NaN,9.56,12.745,14.938,7.053,3.0541,10.273,9.5186,10.631,9.5198,7.1119,5.3981,4.6351,NaN,NaN,22.71,9.79,18.063,2.3987,NaN,9.0362,19.036,17.196,6.7538,4.3247,13.067,5.1583,10.752,5.647,NaN,9.4292
0.52855,8.6028,3.1738,2.2973,3.0051,7.5648,10.718,NaN,5.4701,2.8083,5.9138,NaN,4.7512,4.1675,NaN,2.3537,4.7093,0.93775,2.926,1.1528,0.90292,7.2986,8.9089,1.4403,3.6402,1.7032,NaN,4.9929,7.8647,NaN,NaN,3.1801,NaN,1.7789,NaN,4.8063,NaN,NaN,NaN,3.7575,NaN,NaN,NaN,NaN,NaN,NaN,NaN,NaN,NaN,NaN,NaN,NaN,NaN,0.87765,NaN,NaN,NaN,NaN,NaN,NaN,NaN,NaN,NaN,NaN,7.6594,8.3355,8.36,NaN,2.69,NaN,10.843,8.2956,10.617,8.2427,9.2306,0.62899,6.1334,3.6768,14.711,0.52934,3.4154,5.2149,NaN,NaN,10.386,5.9278,9.8624,5.1845,NaN,5.4973,7.3211,7.0722,12.846,5.8416,5.7961,0.95944,3.692,6.9971,NaN,6.7524
3.6045,2.7764,0.95641,4.0867,2.517,3.7682,3.8977,NaN,5.2647,3.0027,4.4583,NaN,2.003,7.4962,NaN,7.5772,2.7968,3.9248,4.1927,3.0166,7.0553,2.9906,6.1875,3.612,3.3573,1.924,NaN,0.89586,8.5626,NaN,NaN,4.0581,NaN,4.9139,NaN,1.8898,NaN,NaN,NaN,2.0006,NaN,NaN,NaN,NaN,NaN,NaN,NaN,NaN,NaN,NaN,NaN,NaN,NaN,5.2447,NaN,NaN,NaN,NaN,NaN,NaN,NaN,NaN,NaN,NaN,3.0435,3.4114,4.4672,NaN,11.081,NaN,5.6697,5.6131,3.3228,3.8609,7.4783,4.5915,3.7724,9.7987,3.6839,10.559,5.3754,5.6416,NaN,NaN,3.6092,6.8678,7.3633,1.9676,NaN,7.8656,8.7645,4.5057,2.8946,6.9352,8.9659,1.4662,1.7296,6.2936,NaN,5.7041
3.8469,2.4113,3.1633,2.8595,2.4719,3.1333,7.0525,NaN,5.6748,5.3761,4.5115,NaN,9.3221,0.92562,NaN,4.0937,5.7166,5.379,11.598,3.7174,7.5794,1.4754,7.9118,7.1897,2.1142,0.55393,NaN,3.2323,3.2618,NaN,NaN,0.17737,NaN,4.6838,NaN,7.1156,NaN,NaN,NaN,3.1895,NaN,NaN,NaN,NaN,NaN,NaN,NaN,NaN,NaN,NaN,NaN,NaN,NaN,5.8019,NaN,NaN,NaN,NaN,NaN,NaN,NaN,NaN,NaN,NaN,4.2485,3.8996,3.7969,NaN,3.2401,NaN,4.8736,6.8242,7.3962,6.0465,4.4469,0.66981,0.81573,4.247,3.2993,5.1502,3.272,3.289,NaN,NaN,4.1519,8.2711,3.7798,2.2715,NaN,6.7317,4.5681,1.0424,2.6381,5.1459,4.8376,8.5064,1.194,3.6537,NaN,2.172
2.92,6.5243,2.5204,8.3948,7.8697,4.8012,6.7063,NaN,10.966,2.8266,7.2127,NaN,10.443,8.2713,NaN,8.5184,4.8335,1.1586,8.4682,9.9791,3.8794,7.7119,3.0243,3.6739,1.2026,1.1653,NaN,0.51436,2.7753,NaN,NaN,4.032,NaN,0.8905,NaN,6.6314,NaN,NaN,NaN,5.3963,NaN,NaN,NaN,NaN,NaN,NaN,NaN,NaN,NaN,NaN,NaN,NaN,NaN,8.8435,NaN,NaN,NaN,NaN,NaN,NaN,NaN,NaN,NaN,NaN,5.1762,3.0496,2.4798,NaN,2.0435,NaN,6.6649,1.7536,7.0383,6.3991,7.1643,8.1455,2.6016,2.5975,5.2661,4.2294,5.3261,2.54,NaN,NaN,6.229,9.6204,7.4344,1.9159,NaN,17.436,3.3231,4.2139,2.6235,6.2203,4.8023,8.4636,6.3965,2.1003,NaN,1.1792
6.4706,1.5708,8.053,2.6906,5.5731,2.072,1.9685,NaN,2.2754,6.7091,1.3444,NaN,9.4515,4.0337,NaN,1.1192,1.8216,5.5991,3.2195,4.038,3.2518,9.4386,2.1126,1.393,2.656,2.1551,NaN,0.6073,8.8939,NaN,NaN,2.8509,NaN,2.266,NaN,8.1354,NaN,NaN,NaN,3.7069,NaN,NaN,NaN,NaN,NaN,NaN,NaN,NaN,NaN,NaN,NaN,NaN,NaN,6.3756,NaN,NaN,NaN,NaN,NaN,NaN,NaN,NaN,NaN,NaN,8.6804,6.596,10.333,NaN,6.5828,NaN,13.034,2.6672,10.612,8.9787,5.7835,4.6376,4.4464,5.6179,11.523,6.4588,3.5555,2.8729,NaN,NaN,4.4548,6.1357,8.6227,11.498,NaN,5.3119,1.7636,1.7819,2.4108,2.9531,8.1635,4.9578,2.9739,3.2514,NaN,9.0061
4.7268,1.0863,6.3254,2.1007,4.4582,5.4571,1.9541,NaN,6.9198,4.4141,10.106,NaN,5.2032,5.9921,NaN,4.9699,6.9281,2.9867,3.1255,6.8037,4.0123,4.6204,5.4088,1.8661,5.4864,7.6475,NaN,0.59426,5.3479,NaN,NaN,3.3473,NaN,1.2656,NaN,3.0281,NaN,NaN,NaN,6.9715,NaN,NaN,NaN,NaN,NaN,NaN,NaN,NaN,NaN,NaN,NaN,NaN,NaN,3.297,NaN,NaN,NaN,NaN,NaN,NaN,NaN,NaN,NaN,NaN,10.587,1.3162,3.2429,NaN,4.4981,NaN,5.72,8.7031,6.5315,5.6443,3.6144,2.9915,3.9207,9.4927,4.1471,1.5211,2.1504,1.8237,NaN,NaN,3.8549,7.4043,4.8084,8.2545,NaN,12.078,2.9621,4.1511,3.7536,1.5711,5.9831,3.3979,5.7355,0.58708,NaN,3.1402
8.9693,5.1276,5.8475,3.999,0.62108,2.5464,2.4542,NaN,0.42034,3.0116,3.5946,NaN,10.361,4.7179,NaN,4.5606,6.6473,2.1708,2.0336,7.8249,3.6837,4.0151,3.3533,3.1992,2.1237,5.3919,NaN,11.83,10.816,NaN,NaN,3.0485,NaN,4.0302,NaN,3.3372,NaN,NaN,NaN,4.0157,NaN,NaN,NaN,NaN,NaN,NaN,NaN,NaN,NaN,NaN,NaN,NaN,NaN,0.76287,NaN,NaN,NaN,NaN,NaN,NaN,NaN,NaN,NaN,NaN,13.52,4.5995,4.4811,NaN,6.0215,NaN,4.5696,6.3987,11.789,10.435,5.203,1.5547,1.5736,8.719,10.777,3.4708,3.1758,1.42,NaN,NaN,2.0566,3.6359,5.7813,12.468,NaN,4.4121,2.3244,6.1702,2.1513,6.2186,8.1243,3.6254,4.6849,0.8907,NaN,4.9897
0.88931,7.4093,6.4319,12.472,26.307,18.394,2.239,NaN,6.7662,14.384,2.0536,NaN,15.177,11.094,NaN,8.5008,5.2909,7.198,5.4723,11.226,2.7669,9.9292,15.167,6.1967,3.2875,4.3297,NaN,4.8745,3.3999,NaN,NaN,5.5045,NaN,9.6893,NaN,14.283,NaN,NaN,NaN,6.4607,NaN,NaN,NaN,NaN,NaN,NaN,NaN,NaN,NaN,NaN,NaN,NaN,NaN,10.317,NaN,NaN,NaN,NaN,NaN,NaN,NaN,NaN,NaN,NaN,13.113,4.7858,11.832,NaN,0.50839,NaN,11.604,14.059,12.606,4.6517,4.334,10.906,7.6976,11.887,11.941,6.6761,7.7607,4.7523,NaN,NaN,24.788,13.934,22.822,5.5561,NaN,8.9667,20.37,16.34,4.1046,3.2175,13.638,7.6466,14.209,7.1591,NaN,12.177
4.9131,14.073,1.3841,9.5587,5.5866,3.3821,6.942,NaN,4.0346,3.4642,11.352,NaN,10.797,6.2739,NaN,8.9468,7.919,8.847,8.1687,5.728,7.487,3.8995,6.8396,2.2469,0.9038,2.3861,NaN,5.2093,2.5487,NaN,NaN,11.09,NaN,4.4747,NaN,7.9978,NaN,NaN,NaN,4.4296,NaN,NaN,NaN,NaN,NaN,NaN,NaN,NaN,NaN,NaN,NaN,NaN,NaN,3.9487,NaN,NaN,NaN,NaN,NaN,NaN,NaN,NaN,NaN,NaN,3.466,4.9404,1.5488,NaN,10.419,NaN,4.9034,6.1763,5.7948,2.8691,4.1998,4.5026,6.3542,20.238,13.765,11.465,4.2755,13.038,NaN,NaN,14.89,1.3828,2.4901,3.5553,NaN,16.157,4.6878,11.082,6.8888,12.914,3.9119,0.5707,3.4288,22.241,NaN,1.655
2.0486,5.8133,1.813,13.235,10.912,6.1017,4.6641,NaN,8.4553,3.4181,5.608,NaN,9.9762,1.1692,NaN,3.21,2.8455,2.5692,9.0617,10.804,3.1222,5.0564,11.227,11.912,2.0368,0.95398,NaN,6.1687,7.8605,NaN,NaN,6.2077,NaN,4.2728,NaN,6.3882,NaN,NaN,NaN,5.2721,NaN,NaN,NaN,NaN,NaN,NaN,NaN,NaN,NaN,NaN,NaN,NaN,NaN,5.8946,NaN,NaN,NaN,NaN,NaN,NaN,NaN,NaN,NaN,NaN,1.8615,7.4894,8.1442,NaN,8.2059,NaN,4.2043,1.4343,8.8303,3.7301,1.1405,4.0692,5.2445,12.646,2.1357,6.6207,5.5848,11.77,NaN,NaN,14.341,9.7642,13.81,7.4291,NaN,5.234,8.628,2.0022,9.3567,5.5766,2.7988,5.786,3.8683,11.532,NaN,7.7158
8.774,4.1013,10.589,3.9467,6.3108,0.24263,0.44277,NaN,8.5065,6.1602,7.8915,NaN,3.8174,4.4229,NaN,5.4692,6.7446,1.6447,4.5768,4.0544,0.49031,12.853,1.5967,5.274,6.3686,1.7896,NaN,3.0212,8.6906,NaN,NaN,1.7945,NaN,4.3384,NaN,3.1573,NaN,NaN,NaN,8.0594,NaN,NaN,NaN,NaN,NaN,NaN,NaN,NaN,NaN,NaN,NaN,NaN,NaN,6.6304,NaN,NaN,NaN,NaN,NaN,NaN,NaN,NaN,NaN,NaN,9.0897,2.3091,6.018,NaN,1.7947,NaN,10.213,4.1323,8.316,11.384,3.6524,3.337,0.90249,3.5193,6.9698,2.1877,3.8171,7.5572,NaN,NaN,2.5703,13.759,7.3766,8.3796,NaN,13.679,1.291,2.6266,6.0502,3.4533,9.2021,5.8422,1.1919,2.0338,NaN,5.8053
2.533,2.2668,0.9118,2.4867,6.534,6.5951,2.4684,NaN,1.4772,6.7097,8.7413,NaN,8.1313,3.9019,NaN,5.1803,3.7562,6.0807,7.8595,6.85,2.3881,0.81979,1.1475,3.1934,3.7251,1.3692,NaN,9.7689,5.1761,NaN,NaN,7.7474,NaN,8.9085,NaN,9.97,NaN,NaN,NaN,9.374,NaN,NaN,NaN,NaN,NaN,NaN,NaN,NaN,NaN,NaN,NaN,NaN,NaN,3.6057,NaN,NaN,NaN,NaN,NaN,NaN,NaN,NaN,NaN,NaN,2.7007,1.3464,2.1608,NaN,0.72392,NaN,9.3736,2.9723,5.5096,1.3934,6.5665,3.7733,3.8915,0.9526,3.4501,6.7764,3.2745,4.2104,NaN,NaN,1.2546,1.2297,11.119,4.3448,NaN,3.7572,9.1617,3.8918,5.8837,5.4636,3.0357,2.2749,4.5419,1.3254,NaN,1.9268
27.638,17.955,26.229,22.805,2.1596,2.436,20.332,NaN,17.031,12.086,13.495,NaN,38.748,9.1961,NaN,12.018,4.7755,6.5519,10.803,12.47,9.3519,24.719,7.2244,6.8526,8.5192,14.615,NaN,11.865,26.786,NaN,NaN,11.53,NaN,13.554,NaN,15.078,NaN,NaN,NaN,4.9049,NaN,NaN,NaN,NaN,NaN,NaN,NaN,NaN,NaN,NaN,NaN,NaN,NaN,6.5832,NaN,NaN,NaN,NaN,NaN,NaN,NaN,NaN,NaN,NaN,35.36,23.51,27.129,NaN,13.928,NaN,16.863,6.5852,32.853,42.047,26.9,17.404,18.884,7.3354,49.783,19.542,10.848,11.539,NaN,NaN,10.432,19.426,35.607,52.227,NaN,14.59,9.5119,12.795,12.96,14.607,37.636,12.003,18.222,5.1772,NaN,19.107
4.3554,10.435,4.6499,9.4898,20.567,16.783,5.9921,NaN,5.257,8.5472,11.437,NaN,8.6014,6.3761,NaN,2.2283,10.37,5.4924,6.7524,9.2342,5.1206,4.0153,12.146,3.2608,6.2067,4.1049,NaN,9.4133,3.1358,NaN,NaN,10.972,NaN,7.7804,NaN,6.0568,NaN,NaN,NaN,7.8722,NaN,NaN,NaN,NaN,NaN,NaN,NaN,NaN,NaN,NaN,NaN,NaN,NaN,7.8415,NaN,NaN,NaN,NaN,NaN,NaN,NaN,NaN,NaN,NaN,8.819,0.73227,6.4243,NaN,2.2602,NaN,6.4979,8.6407,7.1471,4.3756,3.1564,5.4541,0.64236,9.7761,6.5542,7.2256,6.7765,7.1756,NaN,NaN,15.23,17.468,11.328,1.2924,NaN,14.186,13.861,14.479,4.1985,4.1232,20.874,10.91,18.819,9.8431,NaN,4.836
6.1167,8.6456,2.1261,8.1592,2.5073,6.422,4.086,NaN,5.3409,7.6771,7.4167,NaN,2.7784,3.696,NaN,8.3988,7.3282,6.5613,6.0374,4.0249,0.96573,10.72,5.6576,2.2561,5.7984,6.3364,NaN,6.4446,2.1595,NaN,NaN,5.3229,NaN,7.3873,NaN,3.827,NaN,NaN,NaN,5.8438,NaN,NaN,NaN,NaN,NaN,NaN,NaN,NaN,NaN,NaN,NaN,NaN,NaN,3.6806,NaN,NaN,NaN,NaN,NaN,NaN,NaN,NaN,NaN,NaN,6.2899,2.939,8.0201,NaN,3.569,NaN,1.3963,8.6831,2.118,6.7085,5.9851,1.2549,3.6915,4.2622,2.4821,8.5049,5.8691,3.397,NaN,NaN,6.7036,11.824,13.909,5.8274,NaN,12.47,7.3358,12.879,8.9241,11.742,9.4708,4.4507,12.081,7.4518,NaN,4.9001
10.24,17.717,13.259,26.014,12.669,11.05,3.6016,NaN,5.9922,7.1669,20.377,NaN,1.0667,4.6243,NaN,13.532,2.5603,5.6153,17.227,7.3033,5.3867,4.818,11.229,14.018,12.495,2.9686,NaN,7.6587,5.2255,NaN,NaN,7.3364,NaN,11.959,NaN,10.697,NaN,NaN,NaN,5.6362,NaN,NaN,NaN,NaN,NaN,NaN,NaN,NaN,NaN,NaN,NaN,NaN,NaN,7.3625,NaN,NaN,NaN,NaN,NaN,NaN,NaN,NaN,NaN,NaN,5.3927,10.651,5.9778,NaN,6.6387,NaN,9.816,5.0358,12.777,6.1361,13.94,9.3961,15.098,24.407,11.485,10.335,5.838,31.775,NaN,NaN,15.017,1.9983,9.2723,10.133,NaN,10.917,7.7513,8.4683,4.3252,8.3135,15.744,29.279,6.4481,12.272,NaN,6.6421
8.1487,6.4959,5.9343,12.163,4.2806,4.5694,10.855,NaN,6.8223,10.971,10.046,NaN,4.9909,6.3992,NaN,9.1384,9.7865,5.5268,11.326,12.291,3.9931,5.1488,7.9212,2.6409,8.4835,3.4592,NaN,3.7579,0.64607,NaN,NaN,7.1574,NaN,3.7187,NaN,10.536,NaN,NaN,NaN,8.6889,NaN,NaN,NaN,NaN,NaN,NaN,NaN,NaN,NaN,NaN,NaN,NaN,NaN,7.3853,NaN,NaN,NaN,NaN,NaN,NaN,NaN,NaN,NaN,NaN,6.5279,3.5573,3.8624,NaN,2.4788,NaN,3.6269,3.0381,4.13,1.8927,4.2365,3.3541,3.6862,9.3237,5.7241,6.0379,11.73,15.119,NaN,NaN,3.9436,8.373,10.644,2.8509,NaN,3.9538,7.0267,4.1182,2.6486,2.3919,2.5749,8.0276,3.7831,3.2703,NaN,4.777
9.0064,6.1636,2.291,7.3638,2.118,6.2363,8.8534,NaN,14.49,9.2924,7.2151,NaN,3.4178,5.0292,NaN,4.1673,6.6058,4.9406,8.0249,11.665,11.389,3.9139,7.5031,7.6024,13.405,12.554,NaN,8.7237,7.6038,NaN,NaN,12.411,NaN,3.7718,NaN,17.648,NaN,NaN,NaN,9.8934,NaN,NaN,NaN,NaN,NaN,NaN,NaN,NaN,NaN,NaN,NaN,NaN,NaN,12.142,NaN,NaN,NaN,NaN,NaN,NaN,NaN,NaN,NaN,NaN,9.4654,5.7352,10.791,NaN,2.9924,NaN,13.17,8.9937,9.147,11.138,6.131,6.6661,1.5348,4.4531,7.5729,6.2643,13.433,7.0387,NaN,NaN,4.9375,7.6677,4.1119,13.243,NaN,1.7555,4.3064,5.3208,5.9597,5.042,9.9231,5.2195,11.988,7.3855,NaN,8.6281
1.5406,2.804,2.011,2.7183,2.9935,1.7504,4.8116,NaN,6.2332,9.0537,3.7725,NaN,5.3923,2.1307,NaN,6.8025,2.2712,4.1476,3.6375,1.3661,4.7838,7.4326,3.906,4.8632,1.9429,2.6343,NaN,9.6754,8.3943,NaN,NaN,6.4931,NaN,6.8894,NaN,3.6611,NaN,NaN,NaN,3.1694,NaN,NaN,NaN,NaN,NaN,NaN,NaN,NaN,NaN,NaN,NaN,NaN,NaN,3.5191,NaN,NaN,NaN,NaN,NaN,NaN,NaN,NaN,NaN,NaN,2.7524,0.94757,4.517,NaN,3.2539,NaN,5.8617,5.8614,1.8131,6.8691,1.475,3.4277,5.9484,7.2682,8.2693,8.224,6.5866,4.2139,NaN,NaN,3.1549,8.4714,4.4234,2.2128,NaN,3.869,3.215,2.2119,2.3754,3.2117,3.3013,4.3716,7.8135,3.4671,NaN,1.2765
5.0628,5.8215,4.2349,1.7906,15.517,7.6291,4.8444,NaN,3.8253,0.78895,8.183,NaN,2.7956,2.4811,NaN,1.6699,4.4658,1.1715,7.9899,10.162,4.9384,5.0691,3.0597,4.5817,9.3151,4.0125,NaN,5.6048,5.2288,NaN,NaN,5.7225,NaN,2.3022,NaN,3.6863,NaN,NaN,NaN,7.4952,NaN,NaN,NaN,NaN,NaN,NaN,NaN,NaN,NaN,NaN,NaN,NaN,NaN,9.3988,NaN,NaN,NaN,NaN,NaN,NaN,NaN,NaN,NaN,NaN,6.0483,5.8186,3.6021,NaN,2.0727,NaN,2.8463,4.2463,6.0546,2.5594,1.4879,3.0591,6.1331,8.9972,2.2612,2.1309,5.9231,3.1891,NaN,NaN,4.2937,11.448,1.6937,5.621,NaN,7.6433,4.8741,2.9924,4.3055,2.8736,13.742,3.4158,9.7571,4.1978,NaN,2.5422
3.0371,10.449,3.2802,4.889,15.43,9.0783,8.0264,NaN,2.0984,9.1796,12.719,NaN,5.7593,2.6104,NaN,6.6977,6.8507,6.3589,14.56,10.969,2.8399,9.9926,9.8435,3.7329,6.3821,5.7594,NaN,7.2115,2.8347,NaN,NaN,5.9619,NaN,8.4772,NaN,3.6916,NaN,NaN,NaN,3.9189,NaN,NaN,NaN,NaN,NaN,NaN,NaN,NaN,NaN,NaN,NaN,NaN,NaN,13.224,NaN,NaN,NaN,NaN,NaN,NaN,NaN,NaN,NaN,NaN,12.644,7.3956,6.597,NaN,1.9396,NaN,3.5193,8.6014,8.202,4.4641,6.8334,1.8957,5.9672,1.6188,2.9861,11.672,2.7445,7.7588,NaN,NaN,11.747,11.488,15.814,1.7118,NaN,11.767,9.8978,9.7918,2.8605,8.0544,16.493,10.187,15.366,9.4415,NaN,7.7499
0.98869,3.7135,0.21025,8.3517,5.8739,2.5994,4.0647,NaN,2.2022,9.8649,4.1855,NaN,3.4354,2.6784,NaN,1.8072,5.2258,7.9647,10.06,5.9365,1.7296,7.4141,6.1406,3.6176,7.2152,6.5422,NaN,2.0028,3.2738,NaN,NaN,4.3156,NaN,6.1825,NaN,4.6101,NaN,NaN,NaN,4.9205,NaN,NaN,NaN,NaN,NaN,NaN,NaN,NaN,NaN,NaN,NaN,NaN,NaN,3.4378,NaN,NaN,NaN,NaN,NaN,NaN,NaN,NaN,NaN,NaN,17.45,5.274,4.9611,NaN,2.8786,NaN,5.7131,5.884,5.1153,6.2301,4.6939,2.1606,6.5911,8.0368,5.3861,11.715,7.6396,3.0707,NaN,NaN,6.8743,1.4002,21.65,1.9933,NaN,2.7502,5.9018,8.6158,4.1791,2.2688,3.9527,5.0168,2.8555,7.518,NaN,5.7843
1.5418,2.0517,2.4282,3.0889,9.6952,1.4228,0.52817,NaN,1.0651,3.8497,12.115,NaN,4.4916,9.9206,NaN,2.6696,11.631,8.0399,9.3497,11.206,5.207,4.6788,4.4336,5.2381,8.5758,4.222,NaN,9.1629,3.5909,NaN,NaN,2.6134,NaN,4.4835,NaN,8.7713,NaN,NaN,NaN,8.1482,NaN,NaN,NaN,NaN,NaN,NaN,NaN,NaN,NaN,NaN,NaN,NaN,NaN,8.2955,NaN,NaN,NaN,NaN,NaN,NaN,NaN,NaN,NaN,NaN,2.4376,4.387,4.4213,NaN,6.352,NaN,7.5897,4.3794,2.1764,3.8406,9.9136,6.073,2.8326,1.6382,6.6267,16.077,3.2212,13.803,NaN,NaN,3.3289,2.4976,2.8088,6.8237,NaN,4.4454,12.574,6.4016,5.812,4.078,5.1579,11.846,1.2072,0.36745,NaN,10.371
4.4883,4.3913,5.9215,5.1795,6.1443,2.6526,2.1985,NaN,8.4302,8.9706,9.237,NaN,8.3201,5.346,NaN,20.945,10.642,11.185,10.875,17.601,3.5001,4.8235,9.461,5.6319,12.117,1.0016,NaN,6.7388,2.4813,NaN,NaN,1.7915,NaN,2.1814,NaN,20.555,NaN,NaN,NaN,18.448,NaN,NaN,NaN,NaN,NaN,NaN,NaN,NaN,NaN,NaN,NaN,NaN,NaN,7.4861,NaN,NaN,NaN,NaN,NaN,NaN,NaN,NaN,NaN,NaN,8.0887,3.2443,4.2105,NaN,5.5934,NaN,0.34868,6.5137,1.0023,5.4842,8.2659,4.8421,3.85,6.452,5.4632,4.8999,2.3493,3.8587,NaN,NaN,3.2152,3.6168,4.2547,4.0869,NaN,4.9569,3.6799,5.3426,3.6225,4.9293,1.0868,3.4676,6.9671,9.3211,NaN,7.5871
1.685,10.353,4.12,9.9157,5.5573,7.6904,9.1121,NaN,14.264,9.6559,8.1755,NaN,7.736,1.4916,NaN,10.318,11.781,16.913,13.465,14.633,8.4496,5.5808,4.9082,3.1484,12.375,3.1593,NaN,5.4597,5.5082,NaN,NaN,2.3754,NaN,5.6014,NaN,19.147,NaN,NaN,NaN,6.0686,NaN,NaN,NaN,NaN,NaN,NaN,NaN,NaN,NaN,NaN,NaN,NaN,NaN,4.9821,NaN,NaN,NaN,NaN,NaN,NaN,NaN,NaN,NaN,NaN,6.5982,6.344,7.971,NaN,5.8548,NaN,7.4493,8.3086,8.3681,12.248,7.3014,12.084,4.9843,7.6808,6.4848,2.9464,6.5933,5.9072,NaN,NaN,2.5852,9.4735,13.014,14.88,NaN,1.3625,7.9177,1.94,12.033,4.5266,4.5213,4.885,16.516,2.9318,NaN,8.3718
3.2158,1.6446,2.2096,5.3813,13.275,5.2811,5.5156,NaN,5.6182,10.108,5.7094,NaN,7.4731,4.1736,NaN,4.0708,5.6149,9.8499,11.477,9.2192,2.6948,4.6731,6.7406,3.5437,7.1056,8.6949,NaN,1.1718,1.4027,NaN,NaN,3.7338,NaN,5.5621,NaN,3.1463,NaN,NaN,NaN,3.2873,NaN,NaN,NaN,NaN,NaN,NaN,NaN,NaN,NaN,NaN,NaN,NaN,NaN,9.7041,NaN,NaN,NaN,NaN,NaN,NaN,NaN,NaN,NaN,NaN,20.829,8.041,3.0188,NaN,5.2141,NaN,5.616,9.0156,9.0013,6.4254,6.6217,2.9387,5.3543,4.1912,1.0136,11.727,4.2563,4.5908,NaN,NaN,7.0743,2.8419,21.331,3.8205,NaN,4.9718,11.017,6.7099,2.9575,0.96817,1.9472,5.8903,2.9617,4.6751,NaN,8.4887
4.8352,5.3776,9.0294,11.27,27.166,15.634,6.619,NaN,3.5422,7.1829,3.9824,NaN,9.9456,3.8722,NaN,8.3609,6.7325,3.928,3.3976,6.3252,4.6095,2.7219,8.716,5.2951,2.698,8.5237,NaN,5.1583,4.341,NaN,NaN,9.6318,NaN,6.2522,NaN,8.8693,NaN,NaN,NaN,7.862,NaN,NaN,NaN,NaN,NaN,NaN,NaN,NaN,NaN,NaN,NaN,NaN,NaN,12.228,NaN,NaN,NaN,NaN,NaN,NaN,NaN,NaN,NaN,NaN,5.1299,3.2844,8.9216,NaN,1.2329,NaN,7.8433,10.374,14.94,11.004,0.99268,8.0487,6.6548,14.922,7.3146,6.2809,3.2593,2.7774,NaN,NaN,10.236,3.738,1.3949,3.6522,NaN,5.4414,9.036,14.172,3.3526,8.1311,16.193,1.1621,16.931,2.9829,NaN,5.5927
5.5044,7.7095,7.3257,10.611,21.185,9.9956,0.60102,NaN,12.103,19.648,8.6932,NaN,12.12,5.6653,NaN,8.3594,6.1014,11.29,8.0098,10.182,4.6281,8.1356,9.3491,3.5236,9.2054,9.0999,NaN,6.7769,4.3764,NaN,NaN,3.8696,NaN,7.5302,NaN,5.8896,NaN,NaN,NaN,4.0084,NaN,NaN,NaN,NaN,NaN,NaN,NaN,NaN,NaN,NaN,NaN,NaN,NaN,10.935,NaN,NaN,NaN,NaN,NaN,NaN,NaN,NaN,NaN,NaN,4.6007,6.2792,4.8362,NaN,8.3177,NaN,6.6935,8.6894,9.2552,5.7577,7.5706,6.5416,4.3942,11.236,4.0197,7.7006,0.48698,2.5969,NaN,NaN,7.2171,2.5005,6.0102,6.1733,NaN,6.0376,8.4295,3.8724,4.4997,6.7645,8.9324,13.478,7.2667,3.551,NaN,2.8237
1.7429,1.6855,4.4601,5.5382,7.692,6.0297,2.2618,NaN,0.34997,4.4476,5.5497,NaN,6.7429,6.6711,NaN,6.9968,4.851,7.7914,1.3238,13.507,2.8365,7.2035,3.4914,3.89,3.0271,4.0028,NaN,2.4982,6.4794,NaN,NaN,9.2519,NaN,0.60653,NaN,6.6705,NaN,NaN,NaN,6.4721,NaN,NaN,NaN,NaN,NaN,NaN,NaN,NaN,NaN,NaN,NaN,NaN,NaN,5.1899,NaN,NaN,NaN,NaN,NaN,NaN,NaN,NaN,NaN,NaN,4.7817,1.193,2.5407,NaN,4.285,NaN,9.4354,8.3112,2.4427,7.9823,3.9706,3.1329,6.9103,2.9939,7.1429,9.1211,1.7743,2.5988,NaN,NaN,4.3556,5.7698,1.9567,4.2211,NaN,5.0708,9.8012,7.5891,3.7025,2.9992,7.6155,11.836,2.4497,4.2306,NaN,6.4778
4.5249,2.4944,6.2315,6.9212,1.1291,2.498,6.0018,NaN,3.5716,1.532,2.2123,NaN,6.3082,3.2453,NaN,3.0599,4.8694,4.0424,5.3733,0.85955,1.0999,7.5207,5.1522,0.90805,2.1454,6.2973,NaN,0.80999,3.9669,NaN,NaN,4.4999,NaN,1.43,NaN,5.3939,NaN,NaN,NaN,3.2215,NaN,NaN,NaN,NaN,NaN,NaN,NaN,NaN,NaN,NaN,NaN,NaN,NaN,3.1465,NaN,NaN,NaN,NaN,NaN,NaN,NaN,NaN,NaN,NaN,4.4506,6.9691,8.0833,NaN,3.5611,NaN,3.3027,4.4997,5.6314,8.8737,6.4595,7.3617,6.2375,11.497,12.331,7.0052,2.8464,4.9996,NaN,NaN,1.4316,3.2454,9.0415,10.302,NaN,7.5126,2.7269,1.6871,3.1944,4.2849,10.337,2.6532,3.3086,2.1191,NaN,3.9234
