2.0993,0.97872,7.8439,6.4212,9.4639,14.149,13.565,NaN,5.9508,10.513,2.646,NaN,7.528,0.50198,NaN,12.849,11.472,1.6731,4.8274,0.66822,5.2547,5.2552,5.183,10.481,6.8546,3.3568,NaN,6.0576,8.0234,NaN,NaN,7.921,NaN,9.8886,NaN,2.45,NaN,NaN,NaN,6.3111,NaN,NaN,NaN,NaN,NaN,NaN,NaN,NaN,NaN,NaN,NaN,NaN,NaN,15.95,NaN,NaN,NaN,NaN,NaN,NaN,NaN,NaN,NaN,NaN,13.087,7.5919,3.6979,NaN,6.8371,NaN,17.531,6.6742,3.8165,8.5293,4.7379,1.0541,14.366,5.3428,3.601,7.2749,10.445,4.5407,NaN,NaN,7.4453,8.8164,32.269,9.3819,NaN,6.7316,9.0711,16.373,11.562,5.1596,9.6606,11.761,9.8581,3.5239,NaN,9.109
7.1251,14.863,2.2933,5.4534,5.8819,5.5731,4.6663,NaN,6.539,10.441,1.5726,NaN,3.2539,13.525,NaN,6.7672,9.6757,5.5796,13.556,14.977,9.0795,7.9155,4.429,5.4957,8.1709,22.594,NaN,5.0445,3.779,NaN,NaN,5.3045,NaN,3.6244,NaN,12.108,NaN,NaN,NaN,1.4569,NaN,NaN,NaN,NaN,NaN,NaN,NaN,NaN,NaN,NaN,NaN,NaN,NaN,7.7443,NaN,NaN,NaN,NaN,NaN,NaN,NaN,NaN,NaN,NaN,7.2119,9.1702,13.219,NaN,5.3033,NaN,3.6458,13.827,3.7621,13.053,4.628,4.1191,12.488,19.114,2.0046,19.355,13.182,9.5964,NaN,NaN,7.7363,5.1286,4.5365,14.454,NaN,9.7765,7.2986,25.438,12.457,3.5898,2.2984,8.7034,12.643,10.271,NaN,3.1529
9.7128,12.355,4.227,7.0907,6.2761,11.571,11.759,NaN,8.6378,4.0092,2.391,NaN,10.155,4.2875,NaN,22.237,8.0528,28.728,7.7557,9.2331,37.711,7.9549,5.0987,5.368,14.413,4.7364,NaN,3.2335,8.3385,NaN,NaN,18.875,NaN,4.663,NaN,6.519,NaN,NaN,NaN,23.772,NaN,NaN,NaN,NaN,NaN,NaN,NaN,NaN,NaN,NaN,NaN,NaN,NaN,8.0786,NaN,NaN,NaN,NaN,NaN,NaN,NaN,NaN,NaN,NaN,7.2519,9.0927,4.8753,NaN,20.591,NaN,3.3277,2.2194,2.4588,3.9196,5.2259,15.514,6.1413,4.5086,13.843,15.464,8.689,12.843,NaN,NaN,12.349,4.5252,6.4476,0.59848,NaN,8.5341,5.5056,8.5842,16.964,4.3468,5.6163,35.442,8.3078,19.075,NaN,0.82847
10.451,7.8456,7.6353,7.4795,14.599,7.0707,6.673,NaN,19.042,8.4928,4.8043,NaN,16.262,3.9223,NaN,15.059,9.3867,27.513,8.1624,3.8031,7.0132,5.3268,3.4843,2.0172,3.6064,7.3495,NaN,8.2273,4.6124,NaN,NaN,6.4304,NaN,3.9377,NaN,7.8089,NaN,NaN,NaN,13.691,NaN,NaN,NaN,NaN,NaN,NaN,NaN,NaN,NaN,NaN,NaN,NaN,NaN,4.3578,NaN,NaN,NaN,NaN,NaN,NaN,NaN,NaN,NaN,NaN,14.992,9.3043,14.296,NaN,2.9948,NaN,3.0544,0.58945,7.3032,14.414,6.655,8.4132,5.0575,11.443,21.153,2.1461,5.5754,5.7807,NaN,NaN,11.068,6.3295,4.9773,15.134,NaN,7.0582,17.352,1.401,15.506,5.358,8.0067,2.4562,15.518,7.1908,NaN,4.6253
4.058,7.2962,12.099,7.8553,4.9621,1.0699,11.684,NaN,5.1265,5.6835,8.3412,NaN,2.5547,12.068,NaN,7.4247,9.9124,2.7839,5.0046,11.638,3.1045,13.676,2.0348,7.5537,14.697,7.7375,NaN,6.2506,7.8948,NaN,NaN,2.0663,NaN,4.914,NaN,6.5276,NaN,NaN,NaN,18.901,NaN,NaN,NaN,NaN,NaN,NaN,NaN,NaN,NaN,NaN,NaN,NaN,NaN,7.0867,NaN,NaN,NaN,NaN,NaN,NaN,NaN,NaN,NaN,NaN,1.472,2.4883,8.6906,NaN,9.2899,NaN,5.8944,4.1148,5.2931,29.803,12.172,1.3002,13.996,4.4383,9.321,2.4318,1.9128,7.9773,NaN,NaN,10.895,13.631,7.5405,9.6733,NaN,5.0617,1.8158,10.709,5.08,1.6011,3.6935,10.726,6.9456,9.0021,NaN,8.4212
14.117,4.702,7.2648,17.584,8.6707,2.4528,9.5379,NaN,9.4181,10.303,13.019,NaN,9.9356,8.5608,NaN,17.016,23.933,2.1246,2.0402,14.967,8.0218,3.7771,2.5407,4.1949,4.8372,3.5471,NaN,12.145,10.903,NaN,NaN,3.3007,NaN,7.6231,NaN,5.9691,NaN,NaN,NaN,5.2443,NaN,NaN,NaN,NaN,NaN,NaN,NaN,NaN,NaN,NaN,NaN,NaN,NaN,7.0575,NaN,NaN,NaN,NaN,NaN,NaN,NaN,NaN,NaN,NaN,8.5219,4.0146,8.2871,NaN,6.0702,NaN,3.685,3.7821,11.543,62.02,9.5782,1.7111,27.604,1.8056,10.176,4.543,5.2321,2.6921,NaN,NaN,9.0061,8.3261,8.3044,21.67,NaN,3.4102,5.4917,12.258,13.617,2.3405,6.616,7.0311,9.0379,1.4854,NaN,2.8772
9.7593,2.4475,16.895,8.2346,3.4332,1.6078,14.064,NaN,12.857,3.1603,6.1194,NaN,12.847,2.5209,NaN,8.36,14.647,7.2715,3.1644,0.69553,4.0296,9.6154,6.7156,4.5552,3.2036,18.89,NaN,17.601,12.98,NaN,NaN,4.9568,NaN,4.9828,NaN,8.0476,NaN,NaN,NaN,0.69503,NaN,NaN,NaN,NaN,NaN,NaN,NaN,NaN,NaN,NaN,NaN,NaN,NaN,4.1379,NaN,NaN,NaN,NaN,NaN,NaN,NaN,NaN,NaN,NaN,3.829,8.9462,13.214,NaN,2.9131,NaN,10.546,2.1819,2.6794,14.529,8.1826,6.7062,7.1263,7.0437,17.308,8.5444,6.0583,5.4009,NaN,NaN,2.4789,10.488,7.1757,26.444,NaN,16.08,3.786,2.2658,7.2188,5.5859,23.6,1.9796,32.298,6.2431,NaN,10.436
4.1404,7.3929,2.5168,9.0951,24.275,1.5015,4.275,NaN,3.0511,11.033,5.8599,NaN,22.697,7.7456,NaN,17.057,12.542,8.0236,35.118,3.8944,30.287,8.495,6.5263,6.1887,11.588,2.6244,NaN,6.1245,6.1709,NaN,NaN,16.764,NaN,5.9155,NaN,8.1189,NaN,NaN,NaN,5.9237,NaN,NaN,NaN,NaN,NaN,NaN,NaN,NaN,NaN,NaN,NaN,NaN,NaN,1.7509,NaN,NaN,NaN,NaN,NaN,NaN,NaN,NaN,NaN,NaN,1.8376,16.906,7.2907,NaN,3.6675,NaN,1.0974,7.1617,3.5649,5.7371,0.91037,4.4715,6.8876,7.4129,16.419,11.996,2.1239,9.7859,NaN,NaN,5.7829,7.6932,8.0884,37.464,NaN,1.6717,5.2012,6.6815,1.8005,7.6255,6.9466,3.2164,4.2549,13.986,NaN,0.35847
11.184,10.468,2.6147,2.5229,41.324,16.773,3.3026,NaN,4.0869,10.388,21.732,NaN,14.003,9.3819,NaN,11.618,14.693,9.9085,2.7246,4.6311,4.1152,13.5,5.1581,5.6451,13.138,11.935,NaN,8.5269,3.8915,NaN,NaN,20.292,NaN,2.1792,NaN,25.196,NaN,NaN,NaN,11.024,NaN,NaN,NaN,NaN,NaN,NaN,NaN,NaN,NaN,NaN,NaN,NaN,NaN,6.9996,NaN,NaN,NaN,NaN,NaN,NaN,NaN,NaN,NaN,NaN,1.271,22.044,17.552,NaN,4.3076,NaN,8.2677,14.143,90.02,12.801,7.346,16.195,11.407,7.3445,5.3402,14.773,3.6574,6.0697,NaN,NaN,4.5123,9.4377,8.3222,19.511,NaN,9.3528,7.3329,14.201,4.5281,11.31,5.2269,3.4412,6.7817,7.4395,NaN,1.8031
4.5658,9.5424,8.019,7.7588,14.36,4.4381,45.105,NaN,11.339,9.5376,3.7465,NaN,5.3294,5.2081,NaN,0.75777,4.5968,16.942,0.73008,2.4655,14.287,4.2317,4.2924,11.96,5.9627,1.3484,NaN,3.0439,14.04,NaN,NaN,17.063,NaN,4.6782,NaN,7.2099,NaN,NaN,NaN,18.077,NaN,NaN,NaN,NaN,NaN,NaN,NaN,NaN,NaN,NaN,NaN,NaN,NaN,13.918,NaN,NaN,NaN,NaN,NaN,NaN,NaN,NaN,NaN,NaN,10.979,7.2457,17.926,NaN,3.8774,NaN,2.7455,41.334,7.9731,7.9116,1.2243,7.9377,10.648,20.423,3.6849,3.1524,3.1606,5.8866,NaN,NaN,13.997,18.617,16.474,16.047,NaN,11.641,6.8994,17.42,9.6741,23.53,6.7011,3.5351,8.2931,15.774,NaN,4.4702
1.7331,3.3923,7.357,14.082,44.613,6.828,8.8217,NaN,6.6822,17.585,18.924,NaN,8.3857,23.15,NaN,11.74,16.544,13.117,4.8536,1.6427,20.239,19.26,15.493,2.6084,6.448,14.435,NaN,4.7656,22.413,NaN,NaN,6.8591,NaN,5.9283,NaN,15.247,NaN,NaN,NaN,5.5113,NaN,NaN,NaN,NaN,NaN,NaN,NaN,NaN,NaN,NaN,NaN,NaN,NaN,7.6052,NaN,NaN,NaN,NaN,NaN,NaN,NaN,NaN,NaN,NaN,20.949,12.513,39.343,NaN,2.8936,NaN,9.3653,10.116,12.298,10.756,2.012,5.5711,8.2666,9.4413,14.363,4.8293,9.4128,2.2138,NaN,NaN,9.5675,16.581,5.9489,7.9622,NaN,6.9239,7.7308,3.4049,6.6276,5.8869,11.929,12.336,7.3394,3.279,NaN,0.43056
6.3571,3.2187,8.4366,2.6231,4.7668,3.285,8.4348,NaN,14.938,2.2704,4.062,NaN,11.282,2.3959,NaN,4.1049,4.0431,6.5661,6.446,4.7681,3.1039,15.093,2.2955,3.4331,12.834,13.636,NaN,9.8318,2.7884,NaN,NaN,7.4496,NaN,3.2826,NaN,5.3309,NaN,NaN,NaN,2.0096,NaN,NaN,NaN,NaN,NaN,NaN,NaN,NaN,NaN,NaN,NaN,NaN,NaN,3.1313,NaN,NaN,NaN,NaN,NaN,NaN,NaN,NaN,NaN,NaN,4.6215,6.0071,12.008,NaN,3.0045,NaN,10.215,2.837,3.9941,3.6547,12.929,5.4417,8.5971,4.921,17.453,8.2508,16.059,1.8983,NaN,NaN,1.2791,3.675,6.4944,9.7113,NaN,16.514,5.6149,1.4454,6.5624,12.255,26.312,13.973,1.62,5.5208,NaN,4.6898
11.298,5.5406,8.1221,3.5613,8.3695,5.621,12.892,NaN,12.649,3.354,2.5624,NaN,13.848,2.9984,NaN,7.7811,4.848,3.4136,5.9964,1.588,6.1039,9.7989,6.203,3.9445,7.7103,29.761,NaN,10.366,7.1485,NaN,NaN,1.5838,NaN,7.7845,NaN,2.705,NaN,NaN,NaN,1.3298,NaN,NaN,NaN,NaN,NaN,NaN,NaN,NaN,NaN,NaN,NaN,NaN,NaN,3.9278,NaN,NaN,NaN,NaN,NaN,NaN,NaN,NaN,NaN,NaN,2.8396,3.9311,16.239,NaN,8.0701,NaN,9.9553,2.0839,1.9838,18.138,8.3646,4.4468,7.5614,8.8933,20.625,7.3581,5.8031,2.2582,NaN,NaN,4.9431,12.567,5.5809,13.727,NaN,12.918,7.1599,2.2786,6.5858,15.329,23.147,5.134,0.82312,5.7076,NaN,8.2088
8.7491,5.8495,5.6752,14.037,40.347,9.6846,2.8029,NaN,2.9164,15.759,7.1091,NaN,5.7817,9.6828,NaN,36.286,19.519,31.166,6.6838,11.25,20.423,14.59,5.1415,20.767,8.4674,6.854,NaN,3.3388,6.6435,NaN,NaN,19.798,NaN,2.1797,NaN,6.5035,NaN,NaN,NaN,5.9912,NaN,NaN,NaN,NaN,NaN,NaN,NaN,NaN,NaN,NaN,NaN,NaN,NaN,4.7621,NaN,NaN,NaN,NaN,NaN,NaN,NaN,NaN,NaN,NaN,9.5084,1.9964,7.6915,NaN,10.55,NaN,5.153,3.003,4.8015,4.1637,6.2755,9.7301,3.1681,6.2918,1.4207,5.4201,8.5812,11.458,NaN,NaN,7.5255,10.523,4.7464,9.3923,NaN,14.961,6.5546,3.3277,10.915,11.755,12.325,4.0443,5.7956,6.1854,NaN,4.1323
11.192,6.8075,6.8148,18.357,33.405,3.9357,6.7513,NaN,14.596,10.14,5.9079,NaN,4.0809,5.7681,NaN,6.2797,7.8464,8.7874,5.041,2.5965,11.518,10.554,4.8703,1.7965,22.053,2.7092,NaN,6.2957,10.099,NaN,NaN,5.6242,NaN,2.8033,NaN,3.0261,NaN,NaN,NaN,6.9325,NaN,NaN,NaN,NaN,NaN,NaN,NaN,NaN,NaN,NaN,NaN,NaN,NaN,8.9201,NaN,NaN,NaN,NaN,NaN,NaN,NaN,NaN,NaN,NaN,10.557,10.388,23.922,NaN,3.2016,NaN,5.0222,20.294,5.8379,4.0419,8.1151,6.1084,17.333,4.5575,9.6768,1.6016,4.9539,8.4661,NaN,NaN,7.413,8.4681,12.871,18.216,NaN,7.9859,5.7599,4.2556,7.9399,8.343,1.3419,10.318,17.938,2.195,NaN,19.081
4.2958,11.588,5.7296,17.728,15.483,3.8183,4.6329,NaN,7.1794,22.472,4.1527,NaN,4.3196,7.54,NaN,6.0217,9.2709,9.7206,3.7668,3.7758,19.772,3.8136,8.7611,2.0333,10.28,8.0471,NaN,4.1551,5.5435,NaN,NaN,15.33,NaN,8.9541,NaN,3.2408,NaN,NaN,NaN,2.0755,NaN,NaN,NaN,NaN,NaN,NaN,NaN,NaN,NaN,NaN,NaN,NaN,NaN,32.488,NaN,NaN,NaN,NaN,NaN,NaN,NaN,NaN,NaN,NaN,38.236,19.599,15.605,NaN,0.96679,NaN,9.626,13.109,2.925,4.7243,11.989,7.4182,14.442,2.7862,9.6096,7.6257,4.8376,12.505,NaN,NaN,9.1423,10.198,14.627,10.157,NaN,9.5426,11.735,7.0359,8.6416,11.302,8.5775,13.638,19.53,3.7673,NaN,2.9446
4.993,5.9538,11.342,0.9024,43.811,11.899,4.1037,NaN,6.4066,5.0393,2.4122,NaN,4.0835,3.7859,NaN,8.9679,2.3993,11.714,8.0032,8.9166,2.4544,4.5976,2.3288,12.725,11.337,3.8785,NaN,2.3857,5.4535,NaN,NaN,4.6418,NaN,6.0812,NaN,13.902,NaN,NaN,NaN,6.8248,NaN,NaN,NaN,NaN,NaN,NaN,NaN,NaN,NaN,NaN,NaN,NaN,NaN,13.901,NaN,NaN,NaN,NaN,NaN,NaN,NaN,NaN,NaN,NaN,10.801,9.5376,5.7398,NaN,12.759,NaN,4.9915,6.3465,4.0244,4.1367,3.82,1.9051,1.7638,6.4244,7.8522,18.903,15.018,3.0056,NaN,NaN,12.356,31.522,23.512,5.6079,NaN,3.2765,7.5039,10.193,15.945,22.416,1.8298,3.0371,1.0389,13.825,NaN,2.5609
20.234,6.3426,2.1387,8.628,3.3944,2.2101,10.571,NaN,7.6343,9.1128,18.233,NaN,3.1243,20.069,NaN,13.455,9.2366,10.507,3.4227,7.1802,3.6643,3.5158,17.008,11.307,13.374,8.3042,NaN,4.8407,8.4538,NaN,NaN,14.202,NaN,7.3558,NaN,10.419,NaN,NaN,NaN,8.0992,NaN,NaN,NaN,NaN,NaN,NaN,NaN,NaN,NaN,NaN,NaN,NaN,NaN,3.2499,NaN,NaN,NaN,NaN,NaN,NaN,NaN,NaN,NaN,NaN,18.429,17.404,5.7597,NaN,1.3688,NaN,7.433,1.5879,2.1914,13.504,9.8695,4.966,9.0405,8.5025,16.308,12.717,1.7991,4.5898,NaN,NaN,37.818,3.8878,7.8531,5.8369,NaN,11.296,5.2379,10.878,4.8373,9.2165,2.3,5.5511,6.9614,6.9083,NaN,20.471
18.026,19.703,5.9943,6.2939,17.361,5.3886,6.6177,NaN,4.5338,5.2997,5.4333,NaN,5.8501,13.711,NaN,7.4137,5.7971,5.2699,3.3205,5.429,3.3813,5.5528,2.2711,9.844,8.6147,6.452,NaN,6.6082,8.313,NaN,NaN,6.2323,NaN,8.2155,NaN,20.479,NaN,NaN,NaN,18.094,NaN,NaN,NaN,NaN,NaN,NaN,NaN,NaN,NaN,NaN,NaN,NaN,NaN,16.714,NaN,NaN,NaN,NaN,NaN,NaN,NaN,NaN,NaN,NaN,6.0699,7.3097,4.0911,NaN,7.9771,NaN,8.5408,1.4869,0.83059,10.011,3.395,7.8998,7.8681,3.7126,4.7534,6.719,5.9161,4.9023,NaN,NaN,12.988,6.857,1.7803,5.5767,NaN,1.6969,3.6279,3.3262,12.167,4.6199,4.7317,12.752,1.3191,7.7853,NaN,14.306
12.369,15.742,5.5768,12.822,5.8935,5.0926,3.8904,NaN,3.7458,3.2403,5.1635,NaN,10.062,5.7745,NaN,3.7761,1.3101,3.162,3.4651,4.2854,10.163,11.211,10.214,3.8582,3.2218,9.4983,NaN,5.5685,18.605,NaN,NaN,13.537,NaN,4.9398,NaN,16.977,NaN,NaN,NaN,10.459,NaN,NaN,NaN,NaN,NaN,NaN,NaN,NaN,NaN,NaN,NaN,NaN,NaN,9.1925,NaN,NaN,NaN,NaN,NaN,NaN,NaN,NaN,NaN,NaN,3.4756,4.1559,15.142,NaN,6.7203,NaN,1.7057,4.2873,11.092,10.708,2.5075,4.9113,3.2508,10.717,5.5356,10.586,5.0895,8.2358,NaN,NaN,12.188,4.0322,5.8792,7.255,NaN,10.846,9.6979,7.2524,1.4155,5.2036,3.8343,13.506,5.1807,2.2799,NaN,12.187
15.157,8.7277,5.1899,5.974,37.955,6.1253,6.6326,NaN,10.613,18.359,6.0504,NaN,3.1963,5.2426,NaN,11.177,7.4134,16.487,8.1574,2.0438,13.696,15.957,4.0634,5.2971,16.121,4.4027,NaN,12.02,6.2164,NaN,NaN,4.6481,NaN,2.7231,NaN,11.448,NaN,NaN,NaN,7.0972,NaN,NaN,NaN,NaN,NaN,NaN,NaN,NaN,NaN,NaN,NaN,NaN,NaN,18.254,NaN,NaN,NaN,NaN,NaN,NaN,NaN,NaN,NaN,NaN,10.156,17.024,9.9135,NaN,4.0098,NaN,3.3555,2.8233,3.0889,10.348,4.3645,9.0649,4.2195,1.7121,3.8696,8.9613,4.4221,6.8916,NaN,NaN,33.231,10.926,13.075,4.4585,NaN,2.6658,4.158,15.206,11.032,1.9854,23.738,7.4175,1.6596,2.9867,NaN,4.4608
23.233,3.8305,3.6936,8.595,33.863,8.3986,13.166,NaN,7.5858,9.6288,7.1746,NaN,4.2734,6.1563,NaN,8.167,2.8865,17.761,8.8431,5.0393,4.0942,14.919,9.4692,35.941,10.428,5.0083,NaN,10.702,9.2766,NaN,NaN,9.6008,NaN,14.493,NaN,18.867,NaN,NaN,NaN,8.1531,NaN,NaN,NaN,NaN,NaN,NaN,NaN,NaN,NaN,NaN,NaN,NaN,NaN,6.8336,NaN,NaN,NaN,NaN,NaN,NaN,NaN,NaN,NaN,NaN,14.895,4.9066,10.179,NaN,11.923,NaN,6.0318,0.58568,4.8968,7.2551,1.6447,7.791,12.184,7.3873,21.805,15.417,7.1608,6.321,NaN,NaN,28.468,7.9574,2.9714,72.166,NaN,11.86,3.7639,2.3058,8.6082,4.4524,9.9414,9.137,0.11776,6.577,NaN,5.7295
13.379,7.2032,4.0077,3.8378,10.6,16.996,10.687,NaN,7.9716,3.5924,10.961,NaN,5.5382,3.3637,NaN,3.994,16.185,3.7994,6.3895,11.758,11.395,4.1854,10.11,2.4735,16.328,6.6859,NaN,17.943,1.2963,NaN,NaN,6.2422,NaN,1.9342,NaN,7.8628,NaN,NaN,NaN,7.8177,NaN,NaN,NaN,NaN,NaN,NaN,NaN,NaN,NaN,NaN,NaN,NaN,NaN,15.433,NaN,NaN,NaN,NaN,NaN,NaN,NaN,NaN,NaN,NaN,5.1793,11.25,8.6528,NaN,4.9938,NaN,4.8904,0.31956,5.0073,5.4641,5.5071,13.855,14.747,12.025,8.6373,4.0085,1.4573,8.9637,NaN,NaN,6.8694,3.1179,9.4021,4.8444,NaN,7.8276,19.448,2.3762,15.501,6.0297,8.5013,7.2421,15.928,6.0932,NaN,9.9125
23.461,9.1736,7.5879,7.8336,9.5555,7.2188,2.855,NaN,12.874,1.1464,2.9964,NaN,10.854,5.6077,NaN,5.5748,10.051,4.1537,10.418,5.2994,3.5393,7.3228,17.672,61.443,7.4143,4.3662,NaN,9.7581,2.3369,NaN,NaN,3.6385,NaN,16.39,NaN,11.165,NaN,NaN,NaN,7.2207,NaN,NaN,NaN,NaN,NaN,NaN,NaN,NaN,NaN,NaN,NaN,NaN,NaN,0.80417,NaN,NaN,NaN,NaN,NaN,NaN,NaN,NaN,NaN,NaN,1.8623,3.7429,8.8439,NaN,1.6741,NaN,8.9365,4.5017,7.864,12.702,2.7911,11.608,12.379,8.9057,10.4,6.2695,4.6232,4.3984,NaN,NaN,6.4669,2.4769,15.528,8.9891,NaN,24.141,8.8022,15.411,8.9289,4.979,1.8821,3.6244,9.1395,2.4753,NaN,8.8869
3.2379,10.028,7.9149,7.9657,20.923,6.4894,14.229,NaN,10.332,3.464,15.202,NaN,6.0503,8.4832,NaN,3.6727,6.8009,9.5046,0.84328,4.774,2.613,3.2416,19.765,11.433,4.2854,7.859,NaN,6.1699,5.6606,NaN,NaN,10.457,NaN,13.827,NaN,14.813,NaN,NaN,NaN,1.3841,NaN,NaN,NaN,NaN,NaN,NaN,NaN,NaN,NaN,NaN,NaN,NaN,NaN,9.4227,NaN,NaN,NaN,NaN,NaN,NaN,NaN,NaN,NaN,NaN,8.4836,29.605,10.986,NaN,7.2333,NaN,2.1056,3.8593,10.346,4.3336,12.521,5.3082,3.3344,2.0988,8.5291,10.173,11.544,13.161,NaN,NaN,4.1879,7.5927,5.8544,5.8764,NaN,3.883,4.7805,16.523,12.864,25.62,4.3976,10.373,4.034,15.55,NaN,14.162
6.2211,3.8965,10.042,5.7772,14.267,1.9015,13.706,NaN,6.3178,1.3404,13.055,NaN,4.491,3.5254,NaN,15.649,6.4656,1.7542,4.9578,0.72412,6.4093,1.7597,5.8793,6.0913,4.0083,6.0028,NaN,4.4698,6.626,NaN,NaN,2.5216,NaN,9.0062,NaN,15.089,NaN,NaN,NaN,6.7124,NaN,NaN,NaN,NaN,NaN,NaN,NaN,NaN,NaN,NaN,NaN,NaN,NaN,7.3488,NaN,NaN,NaN,NaN,NaN,NaN,NaN,NaN,NaN,NaN,24.629,20.653,1.9777,NaN,21.515,NaN,3.1402,1.2336,26.752,13.751,5.3393,6.5268,4.7585,5.5047,5.2537,2.5246,6.5489,7.2391,NaN,NaN,16.264,4.3377,3.7855,5.2986,NaN,6.9567,4.2493,17.971,6.5001,9.5696,3.043,9.5051,5.8558,1.5831,NaN,6.3978
6.8112,45.378,10.174,5.3587,5.0594,4.4208,10.019,NaN,5.7131,1.4253,5.12,NaN,2.7355,7.6941,NaN,8.7525,41.64,7.7903,6.8046,4.7982,6.3251,14.638,9.8455,6.9478,15.467,8.2579,NaN,17.791,35.023,NaN,NaN,17.738,NaN,23.517,NaN,7.1334,NaN,NaN,NaN,4.9184,NaN,NaN,NaN,NaN,NaN,NaN,NaN,NaN,NaN,NaN,NaN,NaN,NaN,1.5263,NaN,NaN,NaN,NaN,NaN,NaN,NaN,NaN,NaN,NaN,7.0045,3.0394,8.2055,NaN,4.8627,NaN,7.9609,4.9025,3.8135,5.6675,0.25861,3.3406,7.5742,8.1902,4.0143,26.375,6.547,8.9901,NaN,NaN,4.8797,5.207,12.337,8.4513,NaN,17.333,10.168,10.815,10.442,11.351,4.431,7.5913,3.1719,9.8277,NaN,3.3925
14.577,14.589,3.3778,5.936,7.4754,11.815,4.9666,NaN,5.7832,4.8269,5.9592,NaN,6.9367,8.6618,NaN,3.7975,2.9981,2.7661,14.673,3.5348,3.0681,9.1675,2.2483,3.5895,4.7656,3.7577,NaN,2.4164,4.345,NaN,NaN,8.2817,NaN,10.518,NaN,4.4857,NaN,NaN,NaN,9.8524,NaN,NaN,NaN,NaN,NaN,NaN,NaN,NaN,NaN,NaN,NaN,NaN,NaN,11.278,NaN,NaN,NaN,NaN,NaN,NaN,NaN,NaN,NaN,NaN,8.4075,3.6357,11.186,NaN,6.4875,NaN,18.851,3.6617,4.7226,14.119,5.6805,4.2646,6.0266,5.4914,5.7872,5.9304,5.6119,1.8012,NaN,NaN,10.569,0.74487,8.6813,8.7169,NaN,12.159,16.873,12.69,4.1928,6.1991,11.324,11.13,6.3806,11.068,NaN,3.4761
10.096,8.6221,5.6141,11.605,1.9406,19.707,4.3888,NaN,3.2521,1.1394,5.093,NaN,10.409,11.144,NaN,0.898,2.2103,15.914,1.5404,5.1526,5.318,2.1024,6.9235,5.6449,18.605,6.2816,NaN,6.2969,8.6208,NaN,NaN,6.5988,NaN,8.3915,NaN,6.2455,NaN,NaN,NaN,4.2989,NaN,NaN,NaN,NaN,NaN,NaN,NaN,NaN,NaN,NaN,NaN,NaN,NaN,6.3281,NaN,NaN,NaN,NaN,NaN,NaN,NaN,NaN,NaN,NaN,12.958,12.012,0.81549,NaN,12.862,NaN,0.48068,3.9052,10.13,5.9875,9.0091,4.82,5.7516,22.614,3.1621,3.6894,5.9907,9.7837,NaN,NaN,2.509,8.8471,9.0303,14.035,NaN,7.6353,12.755,2.8276,4.2703,14.309,8.6182,8.739,11.044,5.7762,NaN,4.2188
8.9859,12.543,4.0475,9.2,9.9961,5.936,21.316,NaN,1.5889,8.3099,10.496,NaN,8.221,2.7624,NaN,20.667,4.3623,4.2006,5.2272,6.383,17.236,17.373,6.6406,12.727,4.9031,9.4374,NaN,5.3908,8.6503,NaN,NaN,21.239,NaN,8.7077,NaN,6.255,NaN,NaN,NaN,2.5437,NaN,NaN,NaN,NaN,NaN,NaN,NaN,NaN,NaN,NaN,NaN,NaN,NaN,17.482,NaN,NaN,NaN,NaN,NaN,NaN,NaN,NaN,NaN,NaN,7.2959,16.753,6.4358,NaN,5.9465,NaN,4.9851,14.137,8.2802,5.0631,11.049,4.5229,4.3319,1.0115,13.817,6.8167,2.7537,4.0733,NaN,NaN,9.9198,3.162,3.842,5.6931,NaN,6.4997,4.1923,11.129,6.1179,6.5845,3.5029,4.4866,3.4396,21.609,NaN,6.0936
12.577,1.8137,6.6381,15.168,4.1896,10.455,15.585,NaN,13.663,7.0457,6.9592,NaN,4.6502,36.216,NaN,10.879,2.4358,12.036,6.0408,1.8877,4.214,6.0532,8.5226,6.3691,7.7932,15.541,NaN,4.1661,6.3774,NaN,NaN,12.002,NaN,16.132,NaN,9.461,NaN,NaN,NaN,5.7944,NaN,NaN,NaN,NaN,NaN,NaN,NaN,NaN,NaN,NaN,NaN,NaN,NaN,14.381,NaN,NaN,NaN,NaN,NaN,NaN,NaN,NaN,NaN,NaN,3.4839,14.054,10.251,NaN,3.0657,NaN,9.7828,8.0692,10.98,12.633,7.9531,5.0728,8.3625,6.8269,7.7681,17.614,2.4337,5.2002,NaN,NaN,6.4279,5.5009,2.8622,0.27854,NaN,6.8584,8.8445,7.8537,4.3235,5.6384,13.53,5.536,7.1383,10.744,NaN,2.9106
10.798,9.5167,21.905,11.963,12.335,5.9473,2.8488,NaN,6.6845,5.748,10.673,NaN,3.9442,3.5563,NaN,16.597,39.871,12.083,9.3025,12.694,3.7804,1.7614,4.3113,7.813,6.25,9.6683,NaN,18.657,9.3257,NaN,NaN,10.885,NaN,19.738,NaN,8.5792,NaN,NaN,NaN,3.8582,NaN,NaN,NaN,NaN,NaN,NaN,NaN,NaN,NaN,NaN,NaN,NaN,NaN,4.6303,NaN,NaN,NaN,NaN,NaN,NaN,NaN,NaN,NaN,NaN,6.1394,24.768,2.8699,NaN,10.44,NaN,41.542,5.3784,5.4254,35.349,6.065,8.2277,14.027,8.0138,2.9208,6.9683,5.4396,2.8972,NaN,NaN,2.5036,8.4868,6.9841,3.3395,NaN,10.626,14.701,2.6305,12.435,6.6295,3.8337,4.4859,3.6352,10.597,NaN,1.4232
10.86,7.046,39.135,5.1098,8.4228,6.0084,8.3434,NaN,4.5527,8.2155,4.9741,NaN,0.88106,10.023,NaN,7.0794,12.168,12.795,3.9039,5.2466,14.335,10.703,5.5117,3.4467,8.6904,4.7449,NaN,18.187,13.245,NaN,NaN,3.8288,NaN,7.324,NaN,8.1724,NaN,NaN,NaN,3.3447,NaN,NaN,NaN,NaN,NaN,NaN,NaN,NaN,NaN,NaN,NaN,NaN,NaN,5.49,NaN,NaN,NaN,NaN,NaN,NaN,NaN,NaN,NaN,NaN,20.327,10.275,11.168,NaN,5.1187,NaN,12.287,1.1739,19.14,13.287,4.4618,5.9948,11.719,7.4018,7.1235,6.0058,22.716,7.1627,NaN,NaN,3.5998,22.742,11.944,5.6391,NaN,7.0669,1.4714,13.042,6.9058,2.9162,4.8042,4.5104,1.8059,13.211,NaN,2.4358
6.2577,18.893,5.7267,3.7697,2.004,18.247,4.7193,NaN,13.338,3.4209,9.8662,NaN,8.9549,6.7857,NaN,1.6736,12.84,4.1365,8.8974,4.6173,12.087,11.935,17.791,4.7927,5.761,8.8887,NaN,4.3741,4.5876,NaN,NaN,14.587,NaN,7.4239,NaN,9.0916,NaN,NaN,NaN,18.735,NaN,NaN,NaN,NaN,NaN,NaN,NaN,NaN,NaN,NaN,NaN,NaN,NaN,11.394,NaN,NaN,NaN,NaN,NaN,NaN,NaN,NaN,NaN,NaN,7.6359,6.9688,14.531,NaN,6.0234,NaN,8.3684,3.952,4.3672,5.0281,8.0571,8.6528,7.6254,10.833,22.156,4.6287,8.0118,9.1096,NaN,NaN,1.7373,7.1695,7.6332,10.265,NaN,4.6375,5.288,20.99,3.0586,8.9005,4.7304,16.553,4.5008,8.9936,NaN,2.488
17.711,2.7048,2.871,6.4477,1.5326,8.2642,2.9627,NaN,10.782,10.552,3.634,NaN,9.3022,7.2389,NaN,3.0737,14.673,10.604,4.0767,9.6541,12.948,4.4325,11.514,6.3529,5.4732,6.1219,NaN,4.1257,16.052,NaN,NaN,8.1782,NaN,33.313,NaN,4.3959,NaN,NaN,NaN,19.885,NaN,NaN,NaN,NaN,NaN,NaN,NaN,NaN,NaN,NaN,NaN,NaN,NaN,8.0703,NaN,NaN,NaN,NaN,NaN,NaN,NaN,NaN,NaN,NaN,9.6185,3.781,19.503,NaN,14.25,NaN,3.537,4.1933,10.329,2.3682,8.7303,6.2438,4.0823,18.971,4.98,12.065,2.5672,8.1546,NaN,NaN,4.218,1.8581,8.6449,10.822,NaN,11.073,2.9774,2.1462,3.8114,2.149,6.9359,4.4755,2.7938,11.919,NaN,10.061
12.142,9.5593,1.4162,2.4233,11.066,5.6888,13.33,NaN,6.069,15.542,5.2229,NaN,0.92143,2.9196,NaN,9.9158,2.7928,1.8932,3.9634,10.663,12.195,6.7619,10.099,16.648,6.6815,12.587,NaN,9.0371,8.3605,NaN,NaN,6.7957,NaN,22.901,NaN,19.939,NaN,NaN,NaN,5.3628,NaN,NaN,NaN,NaN,NaN,NaN,NaN,NaN,NaN,NaN,NaN,NaN,NaN,14.35,NaN,NaN,NaN,NaN,NaN,NaN,NaN,NaN,NaN,NaN,2.8059,5.5818,4.4071,NaN,30.006,NaN,5.6315,6.5874,8.9594,10.076,10.413,6.8132,13.465,16.252,6.4106,5.6865,11.739,4.1567,NaN,NaN,8.9076,6.0304,4.9009,1.9168,NaN,10.184,6.7482,13.065,2.7945,1.0825,5.2938,4.7729,6.1571,20.233,NaN,8.7987
11.322,3.7528,8.3225,5.6823,17.36,4.9282,5.5308,NaN,19.231,9.6828,3.2045,NaN,4.7811,3.3458,NaN,9.5249,5.7346,2.2151,3.1844,6.0031,7.231,8.3324,5.3439,6.3582,4.9886,10.184,NaN,6.9179,22.332,NaN,NaN,8.7507,NaN,12.821,NaN,10.905,NaN,NaN,NaN,5.5983,NaN,NaN,NaN,NaN,NaN,NaN,NaN,NaN,NaN,NaN,NaN,NaN,NaN,1.4825,NaN,NaN,NaN,NaN,NaN,NaN,NaN,NaN,NaN,NaN,11.598,4.0036,4.8483,NaN,5.429,NaN,5.2545,4.1348,5.1585,8.0981,14.061,10.363,2.7142,6.6705,3.4002,8.314,6.5531,10.04,NaN,NaN,3.2498,5.2542,3.5493,15.916,NaN,5.2636,2.048,7.8752,4.7698,6.4821,0.77175,15.181,4.6221,16.461,NaN,10.314
3.0123,13.162,6.3551,10.855,5.2139,0.85919,3.3057,NaN,4.7949,6.5547,14.526,NaN,17.786,9.9225,NaN,6.1513,60.312,18.936,2.7406,13.921,5.0303,7.8182,8.6403,1.5268,4.1593,5.9952,NaN,0.80461,11.552,NaN,NaN,8.7296,NaN,8.2508,NaN,2.9731,NaN,NaN,NaN,5.0325,NaN,NaN,NaN,NaN,NaN,NaN,NaN,NaN,NaN,NaN,NaN,NaN,NaN,2.8684,NaN,NaN,NaN,NaN,NaN,NaN,NaN,NaN,NaN,NaN,5.3915,9.8411,11.304,NaN,3.6373,NaN,6.4264,6.0396,7.1133,37.117,5.6412,7.5722,8.4791,12.402,33.869,16.674,4.7576,9.1621,NaN,NaN,6.6562,17.097,2.5205,7.8468,NaN,22.619,9.2261,13.16,7.5578,3.702,8.9702,19.044,7.2515,9.3514,NaN,6.6285
20.429,30.422,1.7224,43.306,11.569,6.2667,32.308,NaN,22.245,5.4269,4.1163,NaN,9.9644,6.4057,NaN,4.2608,8.9563,3.9204,11.749,8.1898,28.623,12.622,22.322,6.4471,6.7605,6.7981,NaN,7.9278,3.8725,NaN,NaN,10.33,NaN,20.75,NaN,10.985,NaN,NaN,NaN,5.1303,NaN,NaN,NaN,NaN,NaN,NaN,NaN,NaN,NaN,NaN,NaN,NaN,NaN,7.9092,NaN,NaN,NaN,NaN,NaN,NaN,NaN,NaN,NaN,NaN,10.269,3.7487,7.2194,NaN,5.0824,NaN,7.5477,6.968,11.394,8.3467,7.9904,9.6862,12.062,17.546,3.3977,4.9576,10.628,4.9047,NaN,NaN,6.642,10.077,15.997,6.4775,NaN,11.347,4.3677,23.256,7.9992,10.346,15.358,2.882,6.3154,9.8545,NaN,1.862
9.7557,27.655,15.696,7.2637,3.3819,12.689,10.137,NaN,4.394,13.142,7.7839,NaN,13.716,7.2912,NaN,8.4124,3.4239,2.9902,7.0976,10.543,7.3537,1.8636,2.1434,3.7298,1.2261,6.0083,NaN,10.457,8.7323,NaN,NaN,20.892,NaN,7.7707,NaN,9.2685,NaN,NaN,NaN,1.8883,NaN,NaN,NaN,NaN,NaN,NaN,NaN,NaN,NaN,NaN,NaN,NaN,NaN,9.5557,NaN,NaN,NaN,NaN,NaN,NaN,NaN,NaN,NaN,NaN,13.112,5.955,9.3032,NaN,18.595,NaN,11.768,11.739,8.3702,6.1552,12.044,28.149,6.9526,0.40731,6.1166,1.7336,7.6625,10.235,NaN,NaN,5.7411,11.208,4.7932,14.475,NaN,14.246,1.4619,14.041,10.56,7.513,4.6157,6.2545,5.4966,8.2,NaN,7.4698
12.833,9.5585,18.694,17.418,1.4697,15.7,8.0069,NaN,2.623,17.985,56.119,NaN,8.1257,12.94,NaN,9.0683,1.3101,3.564,17.565,4.3295,7.7526,10.496,6.4934,5.7474,4.3706,5.5201,NaN,7.2905,2.8711,NaN,NaN,14.158,NaN,27.892,NaN,12.433,NaN,NaN,NaN,18.701,NaN,NaN,NaN,NaN,NaN,NaN,NaN,NaN,NaN,NaN,NaN,NaN,NaN,21.126,NaN,NaN,NaN,NaN,NaN,NaN,NaN,NaN,NaN,NaN,2.1303,15.275,3.8067,NaN,5.921,NaN,19.339,6.9662,1.7603,13.241,7.9261,6.6626,10.065,10.21,19.406,7.8388,4.2733,2.5716,NaN,NaN,6.4614,11.35,1.3199,8.2754,NaN,6.1806,3.7282,11.184,11.765,10.572,3.9832,2.4373,11.162,5.0942,NaN,1.1657
8.4165,5.3673,16.121,8.5965,2.7258,6.2567,3.9224,NaN,7.5848,10.717,4.4008,NaN,2.401,11.488,NaN,5.3161,15.1,17.778,3.9122,3.2388,12.062,3.7393,10.688,15.441,17.01,17.919,NaN,16.289,11.949,NaN,NaN,6.0137,NaN,12.905,NaN,4.5322,NaN,NaN,NaN,6.8298,NaN,NaN,NaN,NaN,NaN,NaN,NaN,NaN,NaN,NaN,NaN,NaN,NaN,38.508,NaN,NaN,NaN,NaN,NaN,NaN,NaN,NaN,NaN,NaN,3.3073,7.0607,4.3882,NaN,2.4223,NaN,20.149,4.87,5.3112,17.062,3.1751,7.1974,13.219,7.635,9.3536,3.7584,1.5734,3.2939,NaN,NaN,6.841,5.8131,5.0082,18.582,NaN,2.3728,3.3285,5.4106,6.8156,23.107,2.7814,9.0051,9.055,0.56799,NaN,7.0003
7.3832,5.3126,9.4909,6.16,3.8323,25.569,9.1956,NaN,7.7224,7.5538,10.122,NaN,6.9637,7.7051,NaN,29.922,5.8464,0.88321,5.6095,27.436,14.241,1.3642,9.6349,6.6662,6.9957,8.2458,NaN,9.5423,8.4079,NaN,NaN,6.6567,NaN,13.68,NaN,10.37,NaN,NaN,NaN,6.4192,NaN,NaN,NaN,NaN,NaN,NaN,NaN,NaN,NaN,NaN,NaN,NaN,NaN,15.705,NaN,NaN,NaN,NaN,NaN,NaN,NaN,NaN,NaN,NaN,44.623,7.0918,2.2501,NaN,6.2295,NaN,2.4567,11.148,11.56,8.627,3.2987,7.3578,2.92,19.845,7.2743,15.905,21.659,2.2787,NaN,NaN,9.2836,5.564,7.3682,19.563,NaN,14.092,19.565,8.5605,2.9999,14.891,8.9334,11.241,11.352,4.4506,NaN,2.2324
5.8608,3.5993,6.9376,4.8406,17.28,11.725,5.5354,NaN,10.014,9.93,13.529,NaN,16.228,8.6539,NaN,5.8537,6.9131,2.7576,8.7766,11.44,10.463,16.153,15.52,2.5216,10.471,15.138,NaN,1.246,16.627,NaN,NaN,8.6646,NaN,13.093,NaN,2.3016,NaN,NaN,NaN,6.5061,NaN,NaN,NaN,NaN,NaN,NaN,NaN,NaN,NaN,NaN,NaN,NaN,NaN,12.835,NaN,NaN,NaN,NaN,NaN,NaN,NaN,NaN,NaN,NaN,12.173,23.394,3.2701,NaN,1.7836,NaN,5.3591,5.1681,10.85,11.213,6.8483,6.4873,1.6117,20.303,0.63546,20.108,6.2259,6.5506,NaN,NaN,6.841,7.2078,5.4459,8.9525,NaN,8.1448,6.3296,5.197,4.341,14.556,4.2013,28.627,4.3601,3.1604,NaN,10.21
1.9709,2.2953,0.25682,4.1304,3.8651,5.0549,16.861,NaN,8.7769,6.3325,6.1505,NaN,2.3258,9.6822,NaN,21.635,2.0217,3.2016,13.552,6.1407,4.3825,1.6961,6.1181,8.324,8.1975,11.099,NaN,3.1724,8.9973,NaN,NaN,3.8014,NaN,4.7769,NaN,2.3558,NaN,NaN,NaN,9.9885,NaN,NaN,NaN,NaN,NaN,NaN,NaN,NaN,NaN,NaN,NaN,NaN,NaN,25.538,NaN,NaN,NaN,NaN,NaN,NaN,NaN,NaN,NaN,NaN,0.61956,4.9829,1.0799,NaN,10.404,NaN,4.9238,9.1054,8.0888,7.5912,8.4257,3.3978,19.759,2.2405,0.88407,14.12,18.615,9.9415,NaN,NaN,3.7885,4.3614,16.015,4.9625,NaN,11.067,1.9149,16.887,7.7324,5.708,8.2533,5.0658,10.654,4.7755,NaN,3.1368
0.6893,10.609,8.3083,2.6694,6.3227,4.6096,7.4779,NaN,4.9873,6.3401,5.7691,NaN,1.3712,15.749,NaN,6.0297,5.5627,16.168,5.084,5.358,10.028,4.4539,25.219,7.8912,8.8233,8.1316,NaN,5.4383,7.9073,NaN,NaN,13.784,NaN,11.218,NaN,4.3972,NaN,NaN,NaN,1.2502,NaN,NaN,NaN,NaN,NaN,NaN,NaN,NaN,NaN,NaN,NaN,NaN,NaN,32.635,NaN,NaN,NaN,NaN,NaN,NaN,NaN,NaN,NaN,NaN,17.206,3.1127,9.1942,NaN,8.9722,NaN,7.2802,9.9156,9.187,16.242,4.3393,0.13412,5.6627,8.554,7.0658,6.2997,8.423,10.035,NaN,NaN,2.7444,21.111,12.168,8.8321,NaN,24.701,3.0534,15.592,8.8695,4.1449,10.278,7.1632,31.895,4.2563,NaN,5.8446
1.1486,13.106,0.91524,3.321,6.2819,11.856,3.1036,NaN,7.3979,11.467,5.2597,NaN,8.4406,40.948,NaN,10.358,6.0973,10.015,7.2651,7.6143,50.702,8.2004,7.1735,14.247,8.7928,15.137,NaN,13.999,20.366,NaN,NaN,13.04,NaN,7.4465,NaN,2.7526,NaN,NaN,NaN,6.1859,NaN,NaN,NaN,NaN,NaN,NaN,NaN,NaN,NaN,NaN,NaN,NaN,NaN,19.293,NaN,NaN,NaN,NaN,NaN,NaN,NaN,NaN,NaN,NaN,9.0599,7.9746,5.113,NaN,11.542,NaN,10.483,6.6161,8.5204,6.6446,2.6768,4.1912,8.1515,7.8753,18.046,13.164,5.2175,4.1309,NaN,NaN,3.7529,34.947,9.0179,3.2826,NaN,2.221,2.4532,11.815,2.5974,5.6055,4.949,3.0196,7.8367,7.4323,NaN,4.1649
4.7846,3.7564,4.7831,11.531,31.8,18.367,1.9064,NaN,11.387,7.8854,9.1762,NaN,24.407,18.148,NaN,7.6072,5.055,0.83755,7.9692,6.8928,4.4938,12.711,4.7559,2.8262,1.5826,4.6761,NaN,7.9972,10.761,NaN,NaN,11.055,NaN,16.059,NaN,7.1865,NaN,NaN,NaN,14.561,NaN,NaN,NaN,NaN,NaN,NaN,NaN,NaN,NaN,NaN,NaN,NaN,NaN,11.095,NaN,NaN,NaN,NaN,NaN,NaN,NaN,NaN,NaN,NaN,10.544,12.875,10.75,NaN,5.1605,NaN,5.9378,4.4516,23.838,12.957,19.131,10.196,2.4373,19.119,14.395,8.3618,8.3588,2.2051,NaN,NaN,2.962,11.202,17.548,2.3424,NaN,11.578,6.8502,6.5843,22.082,6.85,12.687,8.7079,7.8738,3.0676,NaN,13.293
7.0158,8.343,15.458,10.242,10.857,14.645,12.073,NaN,12.261,13.108,6.7332,NaN,11.299,20.507,NaN,22.717,5.7511,3.8365,6.7159,8.6603,7.3302,8.6318,7.313,11.367,11.218,8.5308,NaN,5.1626,11.274,NaN,NaN,0.62045,NaN,11.116,NaN,22.333,NaN,NaN,NaN,4.3622,NaN,NaN,NaN,NaN,NaN,NaN,NaN,NaN,NaN,NaN,NaN,NaN,NaN,14.35,NaN,NaN,NaN,NaN,NaN,NaN,NaN,NaN,NaN,NaN,23.516,5.9575,2.7808,NaN,4.1983,NaN,11.223,8.0114,28.841,12.042,4.5189,6.9334,4.3185,34.035,6.297,2.4725,12.152,6.232,NaN,NaN,12.965,4.4867,15.109,23.519,NaN,11.423,18.636,5.9616,1.2874,12.738,19.876,5.0698,11.978,6.2623,NaN,6.4797
7.261,5.0426,8.9988,8.221,8.3469,5.967,5.9815,NaN,18.14,4.6321,4.8275,NaN,4.3509,6.7187,NaN,6.3869,1.0201,2.5483,8.1728,4.2437,23.853,7.4423,18.287,4.7608,2.3934,4.6814,NaN,23.307,5.7612,NaN,NaN,11.713,NaN,11.014,NaN,3.4927,NaN,NaN,NaN,6.1557,NaN,NaN,NaN,NaN,NaN,NaN,NaN,NaN,NaN,NaN,NaN,NaN,NaN,2.3387,NaN,NaN,NaN,NaN,NaN,NaN,NaN,NaN,NaN,NaN,1.9327,3.3032,7.806,NaN,15.282,NaN,5.8016,8.6444,3.3397,0.4324,0.50977,0.54301,15.844,8.0994,4.6016,9.3006,6.2024,13.81,NaN,NaN,5.2807,3.0457,7.8142,1.8922,NaN,7.4272,11.39,7.1464,1.5243,6.067,12.406,5.5118,4.44,6.2837,NaN,1.5748
1.0072,4.3019,7.9642,8.3446,6.0719,11.393,3.9141,NaN,1.1314,11.712,7.1805,NaN,2.3019,10.846,NaN,13.597,6.2055,6.2118,4.4086,10.952,10.415,4.8876,9.121,4.3689,3.5944,16.125,NaN,9.2388,13.275,NaN,NaN,10.466,NaN,12.44,NaN,10.782,NaN,NaN,NaN,5.3733,NaN,NaN,NaN,NaN,NaN,NaN,NaN,NaN,NaN,NaN,NaN,NaN,NaN,41.303,NaN,NaN,NaN,NaN,NaN,NaN,NaN,NaN,NaN,NaN,5.4521,5.7338,4.9376,NaN,7.6344,NaN,9.3838,3.9219,9.219,13.41,3.3982,12.911,9.89,9.0652,4.8155,4.3441,6.0504,2.8568,NaN,NaN,3.0529,5.4374,5.9372,22.828,NaN,4.3262,10.294,5.6097,3.2694,10.029,9.1321,6.709,8.5738,10.552,NaN,13.578
1.1857,3.7031,7.1149,9.6994,6.0437,12.305,16.206,NaN,8.4449,6.3521,28.309,NaN,17.548,18.587,NaN,12.186,2.7304,5.6567,3.2946,1.8562,11.999,3.0574,7.7129,8.6196,10.6,21.193,NaN,7.57,4.1531,NaN,NaN,4.5171,NaN,35.269,NaN,5.3535,NaN,NaN,NaN,9.8717,NaN,NaN,NaN,NaN,NaN,NaN,NaN,NaN,NaN,NaN,NaN,NaN,NaN,1.8337,NaN,NaN,NaN,NaN,NaN,NaN,NaN,NaN,NaN,NaN,11.379,5.7732,2.3426,NaN,7.141,NaN,19.296,2.1239,5.6229,27.274,0.92278,3.1392,3.417,7.655,3.3258,17.052,10.056,21.532,NaN,NaN,2.7599,14.869,8.8233,14.589,NaN,5.6655,11.671,3.172,6.9856,1.3232,2.3547,3.9,9.2627,5.4632,NaN,0.85873
6.7357,2.3798,14.351,27.708,2.1522,5.3381,12.663,NaN,4.202,14.417,14.335,NaN,4.6095,23.452,NaN,7.7304,8.5409,11.148,9.2164,1.0807,2.1547,6.6521,1.0632,20.282,13.402,7.316,NaN,24.909,5.9525,NaN,NaN,3.4825,NaN,52.131,NaN,3.186,NaN,NaN,NaN,12.725,NaN,NaN,NaN,NaN,NaN,NaN,NaN,NaN,NaN,NaN,NaN,NaN,NaN,13.383,NaN,NaN,NaN,NaN,NaN,NaN,NaN,NaN,NaN,NaN,9.3473,4.5623,7.065,NaN,16.932,NaN,19.633,2.6178,2.4414,2.5107,5.2396,4.3372,7.3881,6.5127,53.611,6.7147,5.3123,6.8734,NaN,NaN,2.8778,10.964,17.323,6.3142,NaN,4.2137,12.266,3.0907,1.1299,5.4377,17.888,2.1609,9.7114,6.3645,NaN,2.9173
1.5463,7.3503,17.35,5.9289,7.0292,9.4889,9.0367,NaN,13.34,4.6301,5.3236,NaN,17.967,4.9539,NaN,8.9502,19.598,5.0635,4.586,6.545,2.8083,4.0674,8.7304,11.371,6.9438,7.7831,NaN,8.7031,6.6459,NaN,NaN,3.7253,NaN,18.684,NaN,10.579,NaN,NaN,NaN,6.5135,NaN,NaN,NaN,NaN,NaN,NaN,NaN,NaN,NaN,NaN,NaN,NaN,NaN,4.3819,NaN,NaN,NaN,NaN,NaN,NaN,NaN,NaN,NaN,NaN,15.076,5.3356,7.4256,NaN,4.8762,NaN,12.854,7.2485,2.942,6.5107,10.383,38.941,5.5711,7.2948,2.6212,6.1915,1.8189,11.581,NaN,NaN,2.9902,7.6557,14.96,11.873,NaN,2.6414,3.8677,4.8964,1.8987,7.1556,4.6384,5.1038,11.54,7.7673,NaN,8.4234
5.3198,1.6778,4.9853,4.1491,5.9405,7.6664,11.886,NaN,9.1753,3.3571,6.694,NaN,5.08,14.197,NaN,0.19891,11.689,23.302,12.16,2.4917,1.6941,9.085,6.9617,10.017,9.1089,10.803,NaN,3.2757,9.8059,NaN,NaN,10.603,NaN,16.093,NaN,9.0027,NaN,NaN,NaN,5.5446,NaN,NaN,NaN,NaN,NaN,NaN,NaN,NaN,NaN,NaN,NaN,NaN,NaN,6.0835,NaN,NaN,NaN,NaN,NaN,NaN,NaN,NaN,NaN,NaN,4.3835,8.0233,15.889,NaN,5.1811,NaN,16.819,4.8899,11.409,14.641,3.8832,25.856,2.8376,17.116,6.2332,2.6641,4.8542,14.99,NaN,NaN,6.001,5.4918,1.7729,1.2653,NaN,11.618,1.9337,4.0183,2.1402,15.864,12.51,4.402,7.0427,7.3963,NaN,2.7026
6.7849,7.3934,3.7189,71.425,12.858,13.12,5.4902,NaN,22.91,15.715,4.8781,NaN,18.662,2.4844,NaN,13.842,6.7814,13.389,11.194,11.813,7.3679,7.8381,13.891,2.5758,5.1917,13.561,NaN,11.084,5.4738,NaN,NaN,6.2049,NaN,19.834,NaN,13.623,NaN,NaN,NaN,3.7317,NaN,NaN,NaN,NaN,NaN,NaN,NaN,NaN,NaN,NaN,NaN,NaN,NaN,13.055,NaN,NaN,NaN,NaN,NaN,NaN,NaN,NaN,NaN,NaN,18.814,1.7186,8.9305,NaN,8.0308,NaN,19.025,3.6203,23.856,11.535,7.2357,13.117,14.345,30.966,12.239,0.73299,3.6003,4.4241,NaN,NaN,56.601,13.911,10.668,2.4086,NaN,9.2683,31.055,11.345,0.97343,8.2518,14.984,3.3938,11.236,3.2049,NaN,0.82685
5.2817,2.3734,21.588,11.754,8.9928,20.638,4.8492,NaN,2.453,26.712,3.0721,NaN,11.159,8.6786,NaN,9.6078,6.9542,2.5572,1.0828,0.64284,9.5216,11.833,24.039,4.3453,4.7437,1.3384,NaN,3.9782,4.1137,NaN,NaN,7.3318,NaN,26.683,NaN,8.8991,NaN,NaN,NaN,1.3475,NaN,NaN,NaN,NaN,NaN,NaN,NaN,NaN,NaN,NaN,NaN,NaN,NaN,10.062,NaN,NaN,NaN,NaN,NaN,NaN,NaN,NaN,NaN,NaN,12.891,6.1321,8.5131,NaN,4.5934,NaN,5.4643,3.234,4.1557,7.0444,6.739,5.1791,3.7566,21.021,16.763,0.62414,6.8677,2.3447,NaN,NaN,2.1279,5.9356,10.888,12.157,NaN,17.536,5.2829,19.624,12.735,2.5014,6.4113,15.615,5.0422,2.8471,NaN,4.7465
5.1515,2.5954,21.485,13.136,2.2912,16.478,9.573,NaN,7.7777,18.377,9.9121,NaN,13.248,6.6313,NaN,19.127,1.6723,14.996,10.925,6.9723,3.3697,4.1669,5.0865,16.558,4.6462,18.18,NaN,4.0434,13.762,NaN,NaN,4.6186,NaN,23.444,NaN,8.7431,NaN,NaN,NaN,11.118,NaN,NaN,NaN,NaN,NaN,NaN,NaN,NaN,NaN,NaN,NaN,NaN,NaN,1.2815,NaN,NaN,NaN,NaN,NaN,NaN,NaN,NaN,NaN,NaN,8.9442,1.6112,18.9,NaN,11.712,NaN,8.2124,5.9927,1.5969,3.8795,5.7097,5.0248,8.4508,11.123,16.346,5.4636,9.5752,12.761,NaN,NaN,7.3593,1.7032,10.009,9.9403,NaN,7.186,8.5357,4.6747,1.7315,4.5209,21.458,5.2552,11.917,1.5192,NaN,2.4036
3.1536,6.0248,19.324,9.1685,4.4578,27.09,2.5449,NaN,7.6254,5.3157,3.7843,NaN,2.6658,4.7833,NaN,5.3062,20.823,2.7893,6.9759,13.882,6.0407,13.052,3.7655,12.317,12.773,11.864,NaN,8.6922,11.77,NaN,NaN,9.6111,NaN,2.3806,NaN,2.2535,NaN,NaN,NaN,5.6547,NaN,NaN,NaN,NaN,NaN,NaN,NaN,NaN,NaN,NaN,NaN,NaN,NaN,6.0368,NaN,NaN,NaN,NaN,NaN,NaN,NaN,NaN,NaN,NaN,7.2816,4.3832,2.865,NaN,6.495,NaN,10.109,7.2853,4.4807,10.719,11.531,9.9407,3.8955,10.064,3.024,4.4115,5.7337,2.8739,NaN,NaN,1.9675,2.2805,8.1289,7.8972,NaN,10.026,5.9723,11.919,9.7824,3.544,2.6346,5.3572,4.1405,6.1476,NaN,9.7416
15.116,5.6306,4.3062,8.8218,7.9171,3.6899,6.4935,NaN,6.4566,1.8349,35.454,NaN,8.0951,7.3005,NaN,16.303,8.0569,5.6108,7.0529,2.0647,2.8835,6.8535,10.474,3.5176,7.8891,9.8262,NaN,7.3632,19.858,NaN,NaN,6.2875,NaN,22.053,NaN,11.839,NaN,NaN,NaN,24.799,NaN,NaN,NaN,NaN,NaN,NaN,NaN,NaN,NaN,NaN,NaN,NaN,NaN,2.637,NaN,NaN,NaN,NaN,NaN,NaN,NaN,NaN,NaN,NaN,8.2504,22.49,12.44,NaN,12.122,NaN,30.11,1.5065,1.3834,7.3816,2.6609,8.3051,6.4241,11.86,12.523,6.5217,4.3916,11.086,NaN,NaN,4.2263,11.042,10.302,4.5678,NaN,5.2928,5.4643,2.2062,13.559,5.3943,5.6739,6.9365,8.6282,22.621,NaN,0.88741
2.8667,0.85188,8.7111,2.843,10.317,19.478,3.1733,NaN,10.401,15.448,8.3721,NaN,10.754,21.986,NaN,6.5585,11.613,2.6608,2.4939,3.5565,16.875,1.567,12.324,5.9008,2.9332,2.463,NaN,5.9066,6.3681,NaN,NaN,6.5125,NaN,12.485,NaN,7.4689,NaN,NaN,NaN,2.4038,NaN,NaN,NaN,NaN,NaN,NaN,NaN,NaN,NaN,NaN,NaN,NaN,NaN,22.216,NaN,NaN,NaN,NaN,NaN,NaN,NaN,NaN,NaN,NaN,5.8767,12.31,10.672,NaN,15.543,NaN,22.086,3.8077,7.3121,0.61845,7.476,8.7384,6.7849,32.837,7.3465,1.7766,5.3602,7.0406,NaN,NaN,11.08,7.6896,2.4244,8.8979,NaN,7.7231,17.74,6.1552,1.5723,4.2625,8.1621,11.044,1.7505,16.732,NaN,3.4664
2.4404,3.7058,5.0121,10.04,11.408,10.384,3.2646,NaN,4.8767,4.8371,4.4214,NaN,12.24,21.601,NaN,3.9544,19.986,10.913,5.0249,0.5947,11.872,13.444,2.1113,6.6918,4.1184,11.593,NaN,5.7553,4.454,NaN,NaN,4.1124,NaN,7.9426,NaN,10.784,NaN,NaN,NaN,2.5424,NaN,NaN,NaN,NaN,NaN,NaN,NaN,NaN,NaN,NaN,NaN,NaN,NaN,13.237,NaN,NaN,NaN,NaN,NaN,NaN,NaN,NaN,NaN,NaN,13.914,8.0757,5.2628,NaN,7.1318,NaN,17.205,2.3462,13.749,3.1587,1.3175,2.4935,9.4263,10.148,8.7635,1.5644,10.299,10.031,NaN,NaN,6.2313,9.8754,6.1184,5.2276,NaN,10.181,2.1995,19.046,4.862,10.604,8.7273,4.131,6.6346,10.751,NaN,2.316
5.2896,12.506,4.212,21.257,18.247,9.9321,19.452,NaN,14.599,10.856,3.5088,NaN,21.196,7.8644,NaN,9.1179,7.9931,17.861,6.3349,9.7265,12.184,6.6054,17.873,6.5611,6.3929,11.48,NaN,6.0496,7.5787,NaN,NaN,10.131,NaN,22.552,NaN,19.141,NaN,NaN,NaN,4.9616,NaN,NaN,NaN,NaN,NaN,NaN,NaN,NaN,NaN,NaN,NaN,NaN,NaN,11.53,NaN,NaN,NaN,NaN,NaN,NaN,NaN,NaN,NaN,NaN,16.355,3.8785,13.829,NaN,5.6015,NaN,11.938,5.0831,27.74,10.554,3.8294,11.964,11.771,35.03,16.046,1.8864,8.83,4.6028,NaN,NaN,21.656,22.961,12.322,4.0093,NaN,7.3295,26.806,20.091,2.8017,5.9414,24.182,5.3867,7.3467,10.958,NaN,6.3225
5.2084,4.2686,3.3019,9.5939,1.3479,12.648,13.215,NaN,8.6614,10.443,7.2081,NaN,9.6219,33.227,NaN,3.0441,3.1572,4.9443,4.7916,7.5322,9.1819,6.6671,1.412,5.7237,8.5207,5.6241,NaN,7.583,2.6656,NaN,NaN,8.9867,NaN,35.598,NaN,7.3259,NaN,NaN,NaN,4.3282,NaN,NaN,NaN,NaN,NaN,NaN,NaN,NaN,NaN,NaN,NaN,NaN,NaN,12.294,NaN,NaN,NaN,NaN,NaN,NaN,NaN,NaN,NaN,NaN,4.4102,4.6219,9.2156,NaN,7.2346,NaN,16.692,2.3096,3.7202,8.4317,3.4607,2.1535,3.7185,17.78,1.0277,7.6688,5.5992,3.6277,NaN,NaN,2.1311,7.0238,11.815,0.80062,NaN,1.4438,8.923,4.0138,4.6894,4.0696,27.341,11.142,6.2031,2.409,NaN,4.9616
4.6601,3.0157,13.901,23.872,14.084,8.9614,4.1155,NaN,5.2626,36.028,5.1309,NaN,11.375,8.2702,NaN,18.307,6.5924,15.522,2.3118,19.537,3.3665,3.7071,8.3983,14.881,5.7744,5.7098,NaN,5.5246,7.9151,NaN,NaN,10.718,NaN,1.9075,NaN,4.3075,NaN,NaN,NaN,6.0735,NaN,NaN,NaN,NaN,NaN,NaN,NaN,NaN,NaN,NaN,NaN,NaN,NaN,8.0425,NaN,NaN,NaN,NaN,NaN,NaN,NaN,NaN,NaN,NaN,9.5149,4.2904,7.7105,NaN,4.9244,NaN,9.1859,4.3024,3.3339,13.395,2.4843,13.589,10.274,8.2435,8.5849,3.0028,73.454,9.5688,NaN,NaN,3.3998,1.5631,7.0585,3.6761,NaN,2.1173,3.0493,5.233,5.2796,1.5983,21.588,14.712,8.921,3.8548,NaN,21.922
1.4731,0.98414,12.202,3.2568,2.1184,15.207,5.3235,NaN,5.2258,1.359,11.004,NaN,7.9076,14.61,NaN,11.652,2.165,4.1231,2.8942,3.8589,5.2303,5.3037,2.1014,12.086,3.2769,7.9638,NaN,10.68,11.693,NaN,NaN,9.2365,NaN,7.6607,NaN,1.1697,NaN,NaN,NaN,2.5741,NaN,NaN,NaN,NaN,NaN,NaN,NaN,NaN,NaN,NaN,NaN,NaN,NaN,6.7483,NaN,NaN,NaN,NaN,NaN,NaN,NaN,NaN,NaN,NaN,4.5655,4.9589,5.2419,NaN,7.0742,NaN,4.7876,3.019,4.511,5.8324,1.9453,1.3598,8.7099,12.231,3.295,12.796,4.0394,7.7306,NaN,NaN,2.8021,2.6563,12.648,20.958,NaN,1.5346,3.2001,11.035,2.8161,1.1858,4.1931,6.9197,10.297,3.1417,NaN,10.701
9.408,6.581,2.6478,15.182,11.668,9.6472,2.8195,NaN,2.4031,6.1578,6.1133,NaN,29.5,26.37,NaN,10.534,7.8405,22.17,1.3518,2.0145,12.698,6.0146,4.9568,6.9811,4.9818,9.6046,NaN,2.3038,11.475,NaN,NaN,4.0635,NaN,2.0219,NaN,5.9224,NaN,NaN,NaN,5.4421,NaN,NaN,NaN,NaN,NaN,NaN,NaN,NaN,NaN,NaN,NaN,NaN,NaN,6.6652,NaN,NaN,NaN,NaN,NaN,NaN,NaN,NaN,NaN,NaN,19.843,6.8323,10.144,NaN,6.4691,NaN,14.469,4.9532,21.296,1.6658,8.6998,5.4085,6.5833,5.1747,19.25,3.6519,10.442,22.839,NaN,NaN,12.261,12.03,3.3002,1.5889,NaN,13.121,2.1736,7.1962,1.9607,3.4253,14.727,5.6341,3.6394,7.5606,NaN,3.9984
8.0689,8.7516,11.438,5.1067,27.347,22.426,19.917,NaN,16.989,11.859,0.96855,NaN,21.698,9.4665,NaN,7.7947,21.345,33.554,2.146,15.543,2.6059,6.3441,13.879,7.7071,4.0664,9.4853,NaN,7.7771,6.1048,NaN,NaN,7.4657,NaN,18.613,NaN,22.434,NaN,NaN,NaN,7.0477,NaN,NaN,NaN,NaN,NaN,NaN,NaN,NaN,NaN,NaN,NaN,NaN,NaN,13.07,NaN,NaN,NaN,NaN,NaN,NaN,NaN,NaN,NaN,NaN,20.001,3.0742,15.55,NaN,4.2277,NaN,11.2,12.823,23.265,8.6491,2.8647,9.3019,18.956,27.912,16.889,1.9974,5.7872,6.9343,NaN,NaN,16.922,9.0683,14.043,22.687,NaN,8.6382,20.623,13.619,4.1841,4.0158,36.307,6.1544,12.035,13.946,NaN,8.1601
12.475,6.2598,4.4577,3.846,3.0325,5.1761,12.052,NaN,1.5242,2.3527,4.1936,NaN,8.3968,9.4058,NaN,11.364,1.855,7.0901,4.6123,13.477,2.3311,1.1318,8.5251,4.4439,6.9264,11.429,NaN,12.725,21.996,NaN,NaN,5.7135,NaN,9.7645,NaN,4.6565,NaN,NaN,NaN,4.9855,NaN,NaN,NaN,NaN,NaN,NaN,NaN,NaN,NaN,NaN,NaN,NaN,NaN,7.9378,NaN,NaN,NaN,NaN,NaN,NaN,NaN,NaN,NaN,NaN,3.1692,7.6965,7.5356,NaN,6.8855,NaN,6.6525,1.0397,8.6591,7.4344,2.4098,13.103,3.9136,14.682,7.4343,0.99646,20.572,11.253,NaN,NaN,7.0448,10.359,7.405,7.5793,NaN,2.2375,2.7011,9.9638,2.1483,3.0019,3.2941,13.686,4.6556,3.3819,NaN,0.77233
5.3188,5.2163,5.231,19.556,13.887,17.125,6.2431,NaN,13.438,9.9948,4.4743,NaN,8.1662,5.7902,NaN,10.201,12.89,9.8878,7.9909,4.0283,2.0257,2.8959,8.87,6.2712,15.229,8.24,NaN,8.0761,4.1248,NaN,NaN,15.895,NaN,5.5143,NaN,6.5782,NaN,NaN,NaN,2.8867,NaN,NaN,NaN,NaN,NaN,NaN,NaN,NaN,NaN,NaN,NaN,NaN,NaN,39.399,NaN,NaN,NaN,NaN,NaN,NaN,NaN,NaN,NaN,NaN,11.238,8.4305,9.9263,NaN,3.7547,NaN,13.417,8.8227,10.705,13.642,0.81284,22.433,6.2298,4.0732,9.5714,1.3906,16.765,1.9451,NaN,NaN,31.568,20.244,12.544,18.487,NaN,3.9988,4.342,7.8515,6.029,0.2823,11.48,7.9405,10.819,5.0193,NaN,16.344
0.94849,16.28,4.0464,15.948,18.458,22.636,9.7619,NaN,14.351,7.0463,4.7218,NaN,6.0325,10.429,NaN,13.311,20.388,5.1065,11.921,4.0931,6.4202,2.6968,1.3102,37.239,11.876,7.4402,NaN,11.398,5.1228,NaN,NaN,6.9942,NaN,11.254,NaN,8.4814,NaN,NaN,NaN,11.138,NaN,NaN,NaN,NaN,NaN,NaN,NaN,NaN,NaN,NaN,NaN,NaN,NaN,9.5395,NaN,NaN,NaN,NaN,NaN,NaN,NaN,NaN,NaN,NaN,8.2515,12.222,7.7974,NaN,5.8213,NaN,11.34,4.442,12.148,8.876,3.0565,10.803,19.089,13.058,4.0434,2.7045,14.261,8.4463,NaN,NaN,5.5904,4.8059,12.827,7.8689,NaN,11.917,0.73789,8.5901,1.6786,2.5855,22.432,1.9257,4.5138,7.333,NaN,12.11
3.317,7.6956,4.7033,10.804,13.497,12.464,15.715,NaN,3.5042,4.1491,4.1918,NaN,15.534,16.948,NaN,6.5773,13.181,7.2217,8.5899,7.0115,5.384,11.524,0.70701,9.8233,3.7052,14.302,NaN,11.749,7.1657,NaN,NaN,3.9463,NaN,5.4704,NaN,10.674,NaN,NaN,NaN,11.174,NaN,NaN,NaN,NaN,NaN,NaN,NaN,NaN,NaN,NaN,NaN,NaN,NaN,9.8564,NaN,NaN,NaN,NaN,NaN,NaN,NaN,NaN,NaN,NaN,7.6024,13.605,3.3494,NaN,6.9994,NaN,6.8212,6.5215,12.85,5.6416,5.9083,11.599,8.4191,7.6789,5.2631,1.1459,7.6145,8.7886,NaN,NaN,5.4576,3.2301,15.106,8.0632,NaN,8.3549,2.9875,24.388,9.1146,5.2893,15.032,6.4017,5.793,12.585,NaN,9.3386
5.2267,7.1775,6.6282,10.22,32.7,17.951,5.968,NaN,30.361,17.805,3.1276,NaN,38.877,7.2441,NaN,17.162,19.987,14.408,2.6271,14.811,3.2785,5.515,13.615,6.2579,2.3779,11.305,NaN,4.41,7.5784,NaN,NaN,7.3254,NaN,17.329,NaN,31.199,NaN,NaN,NaN,0.30236,NaN,NaN,NaN,NaN,NaN,NaN,NaN,NaN,NaN,NaN,NaN,NaN,NaN,10.223,NaN,NaN,NaN,NaN,NaN,NaN,NaN,NaN,NaN,NaN,13.642,3.7251,15.692,NaN,7.6386,NaN,18.798,12.889,22.307,5.9601,6.7888,11.585,15.855,31.898,10.235,2.7916,8.2027,6.2912,NaN,NaN,48.75,10.994,10.234,10.344,NaN,9.2701,18.179,11.094,6.7824,5.5443,21.329,5.9248,15.232,12.311,NaN,10.277
8.3518,8.1914,10.495,8.0524,5.859,12.887,2.2822,NaN,6.3659,9.1845,6.9703,NaN,12.36,8.8302,NaN,12.568,10.486,27.216,1.9972,4.7386,3.4262,7.8586,7.6425,16.573,12.875,8.3482,NaN,36.355,3.2835,NaN,NaN,5.9602,NaN,2.9928,NaN,14.86,NaN,NaN,NaN,9.9241,NaN,NaN,NaN,NaN,NaN,NaN,NaN,NaN,NaN,NaN,NaN,NaN,NaN,8.0743,NaN,NaN,NaN,NaN,NaN,NaN,NaN,NaN,NaN,NaN,7.1616,0.54169,9.1612,NaN,11.122,NaN,6.9517,4.3248,12.79,7.8949,3.765,12.378,8.1017,32.347,14.182,2.2283,20.834,12.846,NaN,NaN,23.793,2.941,19.707,16.589,NaN,23.039,12.287,16.827,3.1261,0.90038,7.4162,2.7802,0.86107,7.4601,NaN,13.58
2.5295,1.4689,19.704,10.554,9.6362,18.141,6.3578,NaN,14.062,7.25,6.6349,NaN,11.998,16.556,NaN,10.005,23.024,3.1636,13.313,1.6162,14.601,1.0821,3.3341,3.2001,11.99,13.326,NaN,7.6485,6.7507,NaN,NaN,16.916,NaN,4.1965,NaN,18.184,NaN,NaN,NaN,21.033,NaN,NaN,NaN,NaN,NaN,NaN,NaN,NaN,NaN,NaN,NaN,NaN,NaN,17.203,NaN,NaN,NaN,NaN,NaN,NaN,NaN,NaN,NaN,NaN,5.0499,11.541,12.85,NaN,5.4548,NaN,11.624,11.263,7.6206,4.5494,8.1018,20.454,10.156,12.672,20.004,4.356,16.488,8.2223,NaN,NaN,13.851,4.5989,47.549,8.389,NaN,6.0776,12.286,7.8436,3.1363,6.5991,14.118,3.5159,7.0356,10.342,NaN,6.846
9.1589,9.7953,9.6415,3.4444,10.506,13.104,10.926,NaN,7.2009,6.1306,5.9949,NaN,14.347,8.5766,NaN,13.286,8.1943,9.5311,7.0112,2.781,9.0944,8.4177,6.7622,13.635,4.8895,11.964,NaN,3.5216,7.9654,NaN,NaN,7.0057,NaN,4.0799,NaN,10.277,NaN,NaN,NaN,41.589,NaN,NaN,NaN,NaN,NaN,NaN,NaN,NaN,NaN,NaN,NaN,NaN,NaN,10.226,NaN,NaN,NaN,NaN,NaN,NaN,NaN,NaN,NaN,NaN,12.4,43.442,7.6593,NaN,3.1957,NaN,24.917,11.7,37.177,1.918,3.8085,38.433,13.273,6.2681,2.5578,5.9918,7.878,1.947,NaN,NaN,4.7561,5.6494,19.085,11.626,NaN,4.6924,8.3149,12.211,5.0381,3.8118,11.903,5.9413,1.2578,9.6858,NaN,17.905
7.2615,7.7809,8.1531,4.111,11.961,9.1423,8.8024,NaN,2.3197,4.5058,0.62139,NaN,17.964,11.766,NaN,1.2319,16.119,9.1245,5.3034,2.6551,5.2268,13.146,10.367,9.3242,5.9966,21.105,NaN,6.4853,0.609,NaN,NaN,3.6932,NaN,5.1065,NaN,17.787,NaN,NaN,NaN,14.582,NaN,NaN,NaN,NaN,NaN,NaN,NaN,NaN,NaN,NaN,NaN,NaN,NaN,10.941,NaN,NaN,NaN,NaN,NaN,NaN,NaN,NaN,NaN,NaN,6.8081,14.973,6.7147,NaN,3.2533,NaN,13.616,6.7849,13.132,5.9742,4.6358,9.1698,10.89,6.7995,9.4187,2.852,8.0853,6.3894,NaN,NaN,0.74963,8.7714,17.036,7.761,NaN,4.0719,11.1,13.348,8.8742,9.3076,9.8373,4.7879,11.12,11.914,NaN,7.4285
9.5229,2.0594,1.158,7.9328,6.9047,8.8155,7.0283,NaN,6.8922,7.5062,2.4997,NaN,1.6739,8.6085,NaN,11.854,31.502,19.295,4.4783,2.8969,7.751,7.3412,5.7624,1.0032,6.4273,9.7617,NaN,3.9216,10.525,NaN,NaN,9.9745,NaN,6.3998,NaN,22.798,NaN,NaN,NaN,7.3379,NaN,NaN,NaN,NaN,NaN,NaN,NaN,NaN,NaN,NaN,NaN,NaN,NaN,19.584,NaN,NaN,NaN,NaN,NaN,NaN,NaN,NaN,NaN,NaN,9.8238,1.651,4.2348,NaN,10.704,NaN,1.6341,3.5918,13.188,3.2929,37.898,6.721,9.7084,8.8652,3.0511,4.6643,1.5468,5.5403,NaN,NaN,8.1829,6.6337,5.4076,14.31,NaN,11.35,11.836,5.2482,5.4876,16.45,13.609,2.4371,7.6107,7.6446,NaN,7.1939
7.71,5.2256,4.1693,4.0075,3.5057,4.6168,2.807,NaN,6.295,6.4353,7.4388,NaN,5.4179,16.071,NaN,5.7657,11.391,10.824,3.355,1.9399,4.7639,17.215,7.7266,4.6359,5.8832,9.5453,NaN,7.7277,35.726,NaN,NaN,7.3218,NaN,28.212,NaN,7.5702,NaN,NaN,NaN,13.618,NaN,NaN,NaN,NaN,NaN,NaN,NaN,NaN,NaN,NaN,NaN,NaN,NaN,17.572,NaN,NaN,NaN,NaN,NaN,NaN,NaN,NaN,NaN,NaN,3.3179,4.9446,5.9825,NaN,8.4783,NaN,4.8317,3.4953,9.9002,10.511,6.5087,8.2584,10.002,3.6001,6.3479,7.6431,10.112,7.1819,NaN,NaN,7.4694,6.8608,3.8378,4.2723,NaN,11.042,16.548,14.932,3.5771,13.46,7.3672,2.5309,6.6012,14.435,NaN,3.8216
6.1378,4.8422,8.7113,5.9731,4.1715,2.7919,11.932,NaN,7.6163,1.2653,3.5177,NaN,10.269,3.1024,NaN,19.549,7.9976,2.8058,6.2659,1.1029,3.3583,10.338,7.7613,1.5434,6.0941,9.5852,NaN,3.8474,5.5619,NaN,NaN,2.9025,NaN,1.8701,NaN,12.946,NaN,NaN,NaN,2.4841,NaN,NaN,NaN,NaN,NaN,NaN,NaN,NaN,NaN,NaN,NaN,NaN,NaN,4.7544,NaN,NaN,NaN,NaN,NaN,NaN,NaN,NaN,NaN,NaN,2.8712,5.867,12.988,NaN,2.366,NaN,7.6338,2.8944,6.6246,16.595,14.919,10.547,6.3558,14.255,14.223,4.3435,5.8864,3.775,NaN,NaN,2.4087,8.4939,6.1691,14.845,NaN,13.586,8.2734,2.9473,6.0105,6.8906,60.85,9.8851,5.4527,5.4122,NaN,6.9406
5.4348,6.5501,9.8113,18.66,27.934,19.223,3.9075,NaN,14.489,12.682,1.1063,NaN,40.454,13.43,NaN,11.109,22.554,16.617,4.2706,9.5486,4.8259,7.5751,20.148,11.766,2.886,9.9405,NaN,6.0072,8.7498,NaN,NaN,14.425,NaN,23.54,NaN,20.171,NaN,NaN,NaN,6.5588,NaN,NaN,NaN,NaN,NaN,NaN,NaN,NaN,NaN,NaN,NaN,NaN,NaN,10.957,NaN,NaN,NaN,NaN,NaN,NaN,NaN,NaN,NaN,NaN,11.474,6.8101,14.249,NaN,4.6266,NaN,20.283,10.761,24.295,8.6632,6.9065,14.71,11.385,28.904,8.3483,3.116,7.9471,3.1465,NaN,NaN,50.295,15.505,18.701,4.8058,NaN,10.008,24.533,14.882,8.2977,6.7774,19.7,7.3282,19.346,13.135,NaN,12.958
4.3074,8.1555,9.928,10.498,17.706,33.435,5.9863,NaN,6.5157,10.536,4.2063,NaN,8.7389,15.66,NaN,8.0613,11.487,13.672,2.6173,1.4341,15.068,6.3308,7.6209,16.189,2.2764,2.8848,NaN,3.9871,4.9545,NaN,NaN,11.083,NaN,4.4478,NaN,13.45,NaN,NaN,NaN,14.94,NaN,NaN,NaN,NaN,NaN,NaN,NaN,NaN,NaN,NaN,NaN,NaN,NaN,9.4652,NaN,NaN,NaN,NaN,NaN,NaN,NaN,NaN,NaN,NaN,9.4393,10.031,13.17,NaN,11.324,NaN,7.644,22.328,19.442,5.4797,4.8227,11.631,1.6832,16.709,19.643,5.8171,11.356,4.5399,NaN,NaN,8.3814,10.664,8.6668,2.8112,NaN,8.8338,7.0673,26.296,3.3499,2.7637,12.965,6.5752,9.6539,9.1338,NaN,7.1107
7.5856,9.6993,5.8013,6.2446,6.5735,23.054,5.2698,NaN,4.9608,5.8338,4.9911,NaN,9.1283,7.1828,NaN,14.05,17.243,5.6114,6.4816,4.8721,4.5122,17.562,9.2945,13.664,12.921,14.234,NaN,25.376,3.087,NaN,NaN,12.19,NaN,7.779,NaN,9.0807,NaN,NaN,NaN,25.538,NaN,NaN,NaN,NaN,NaN,NaN,NaN,NaN,NaN,NaN,NaN,NaN,NaN,15.138,NaN,NaN,NaN,NaN,NaN,NaN,NaN,NaN,NaN,NaN,0.43512,4.2299,8.1999,NaN,4.4335,NaN,9.3993,11.869,6.2473,18.387,3.4942,13.092,25.549,20.711,10.031,3.9865,13.686,12.852,NaN,NaN,12.126,4.1158,88.407,11.3,NaN,10.863,9.0246,14.126,9.7427,1.6989,12.246,14.711,6.0059,4.2352,NaN,1.5163
3.9982,8.0961,7.3668,5.692,2.5283,15.517,4.0245,NaN,1.6823,5.3659,1.817,NaN,21.563,2.3345,NaN,13.437,9.7127,8.3252,10.919,6.3736,4.2483,36.29,13.25,4.4579,2.8619,8.8984,NaN,2.0236,5.1508,NaN,NaN,5.6957,NaN,3.7433,NaN,3.8639,NaN,NaN,NaN,9.7908,NaN,NaN,NaN,NaN,NaN,NaN,NaN,NaN,NaN,NaN,NaN,NaN,NaN,10.576,NaN,NaN,NaN,NaN,NaN,NaN,NaN,NaN,NaN,NaN,13.278,9.7134,4.2201,NaN,2.807,NaN,6.4704,18.062,28.657,8.2189,3.7178,2.3108,14.306,13.286,3.861,5.7328,12.94,9.0333,NaN,NaN,8.1693,7.8116,16.126,5.2043,NaN,9.3262,9.3299,16.883,1.2394,5.9064,9.0674,5.1966,7.3278,8.226,NaN,9.604
10.167,5.1846,8.6201,18.207,4.3905,0.83556,8.3458,NaN,1.7025,9.0925,6.3377,NaN,4.0762,8.6379,NaN,7.4504,5.3093,0.50634,8.4376,4.8223,13.017,12.292,13.71,3.4031,1.6604,3.6408,NaN,5.5537,21.794,NaN,NaN,10.164,NaN,11.241,NaN,22.874,NaN,NaN,NaN,10.32,NaN,NaN,NaN,NaN,NaN,NaN,NaN,NaN,NaN,NaN,NaN,NaN,NaN,15.779,NaN,NaN,NaN,NaN,NaN,NaN,NaN,NaN,NaN,NaN,7.0236,4.1054,10.779,NaN,1.0549,NaN,3.9611,8.711,13.318,13.74,1.5426,5.8752,11.89,17.818,1.7389,2.6773,13.65,8.9991,NaN,NaN,4.2023,2.3013,17.723,8.8574,NaN,2.549,14.561,5.2674,4.8053,14.175,8.7282,7.0156,16.262,3.8723,NaN,7.5584
13.411,3.9889,3.6737,3.4875,2.3552,10.926,6.266,NaN,4.3834,9.3695,24.337,NaN,2.4505,13.436,NaN,17.44,22.539,7.1652,4.8661,2.1695,4.2317,20.087,13.765,10.802,4.1319,5.8705,NaN,7.5769,9.4287,NaN,NaN,3.595,NaN,18.85,NaN,9.8549,NaN,NaN,NaN,18.608,NaN,NaN,NaN,NaN,NaN,NaN,NaN,NaN,NaN,NaN,NaN,NaN,NaN,6.8931,NaN,NaN,NaN,NaN,NaN,NaN,NaN,NaN,NaN,NaN,7.4994,2.1629,10.709,NaN,2.7037,NaN,16.66,5.1401,11.974,9.5327,1.939,7.706,10.429,7.6363,4.1137,6.0134,6.135,0.39801,NaN,NaN,3.2689,2.8334,5.8388,3.3212,NaN,9.0814,7.7056,4.7431,3.9069,8.4546,5.3105,10.806,14.572,5.1212,NaN,1.3055
9.3348,3.8819,6.7076,3.4491,8.1297,3.0988,12.763,NaN,1.4337,6.4291,11.994,NaN,8.1438,1.0482,NaN,18.661,11.048,4.9235,1.6996,2.5113,6.263,4.7912,4.3332,3.1427,3.1462,4.8566,NaN,4.7993,15.093,NaN,NaN,4.5695,NaN,6.8213,NaN,1.1599,NaN,NaN,NaN,4.9492,NaN,NaN,NaN,NaN,NaN,NaN,NaN,NaN,NaN,NaN,NaN,NaN,NaN,3.5368,NaN,NaN,NaN,NaN,NaN,NaN,NaN,NaN,NaN,NaN,5.4684,5.502,8.8018,NaN,3.2744,NaN,12.016,0.24605,12.819,10.578,9.1623,7.939,5.6658,6.146,11.374,3.6666,2.1247,2.7692,NaN,NaN,18.792,11.322,7.3897,13.713,NaN,1.5636,2.9052,7.6049,9.9441,9.6494,5.8328,6.0523,2.5702,23.462,NaN,11.181
2.8576,7.8021,18.789,14.271,23.401,21.811,9.5928,NaN,11.557,9.85,2.2618,NaN,37.472,12.618,NaN,6.4771,27.303,12.463,9.5154,8.6378,5.4758,9.2683,20.035,19.807,3.7438,8.6807,NaN,6.7199,9.6092,NaN,NaN,19.614,NaN,21.57,NaN,18.081,NaN,NaN,NaN,7.7292,NaN,NaN,NaN,NaN,NaN,NaN,NaN,NaN,NaN,NaN,NaN,NaN,NaN,11.6,NaN,NaN,NaN,NaN,NaN,NaN,NaN,NaN,NaN,NaN,24.728,6.5533,14.953,NaN,1.0959,NaN,19.061,10.88,33.962,14.458,4.7796,21.733,10.13,28.787,9.248,3.1691,7.5321,1.5743,NaN,NaN,34.489,13.506,20.513,1.3477,NaN,11.269,18.487,17.641,6.6262,3.3505,18.023,8.2354,21.53,12.233,NaN,15.529
20.214,25.902,5.6379,4.9084,14.085,39.235,2.246,NaN,4.963,5.5888,9.8602,NaN,7.971,35.337,NaN,12.955,13.828,2.8412,4.3031,2.6741,4.7759,4.9147,2.9066,6.1286,4.6618,4.8959,NaN,3.7855,5.0617,NaN,NaN,4.3485,NaN,2.3738,NaN,11.251,NaN,NaN,NaN,5.54,NaN,NaN,NaN,NaN,NaN,NaN,NaN,NaN,NaN,NaN,NaN,NaN,NaN,2.4507,NaN,NaN,NaN,NaN,NaN,NaN,NaN,NaN,NaN,NaN,19.324,7.7944,8.2697,NaN,6.2178,NaN,14.048,26.498,2.9455,4.2016,14.561,14.284,0.74525,8.7465,4.8077,6.0737,5.5889,15.672,NaN,NaN,10.093,4.6873,9.6235,6.9438,NaN,7.2763,4.2332,5.8371,3.3594,4.6252,11.244,3.6956,9.4334,2.1908,NaN,14.155
14.656,22.879,3.981,5.5707,0.7684,98.872,1.4501,NaN,5.1863,6.5436,11.801,NaN,7.3754,1.2697,NaN,51.44,25.4,4.1552,3.5592,6.5907,1.0826,5.116,6.4999,4.6094,7.5621,6.7102,NaN,12.869,3.091,NaN,NaN,13.17,NaN,4.747,NaN,5.3244,NaN,NaN,NaN,4.3161,NaN,NaN,NaN,NaN,NaN,NaN,NaN,NaN,NaN,NaN,NaN,NaN,NaN,11,NaN,NaN,NaN,NaN,NaN,NaN,NaN,NaN,NaN,NaN,2.1682,8.8737,4.9042,NaN,3.2573,NaN,8.6816,15.158,3.4471,11.081,0.97608,3.9079,16.829,12.09,1.9564,4.0939,0.58262,1.8189,NaN,NaN,13.852,10.237,30.172,20.009,NaN,7.8717,8.5581,18.126,11.528,6.0085,3.3258,17.49,14.881,9.6272,NaN,5.4948
7.749,10.76,8.5785,8.1506,7.4868,3.1075,17.525,NaN,2.6042,6.3474,11.705,NaN,3.5765,9.7336,NaN,13.574,14.047,2.4705,11.114,0.61361,7.9323,7.8227,11.068,11.56,10.903,3.101,NaN,4.0971,17.24,NaN,NaN,6.7254,NaN,9.1696,NaN,5.5773,NaN,NaN,NaN,17.728,NaN,NaN,NaN,NaN,NaN,NaN,NaN,NaN,NaN,NaN,NaN,NaN,NaN,5.4978,NaN,NaN,NaN,NaN,NaN,NaN,NaN,NaN,NaN,NaN,11.023,10.472,5.4541,NaN,4.6364,NaN,7.0624,30.261,12.15,7.5194,3.5418,5.1727,20.024,10.266,5.1306,4.1445,8.628,9.1447,NaN,NaN,3.5398,11.415,3.2541,16.212,NaN,2.0337,5.0595,2.3097,4.3234,4.0299,2.5159,9.4546,7.3725,34.351,NaN,0.6716
16.902,13.082,3.5277,6.4965,19.931,10.042,11.509,NaN,4.5646,8.2617,18.339,NaN,2.239,11.622,NaN,5.9227,25.388,6.5679,6.4528,6.4022,5.44,21.858,12.59,5.5808,7.5015,1.1735,NaN,8.4248,14.883,NaN,NaN,1.7918,NaN,10.688,NaN,17.676,NaN,NaN,NaN,11.398,NaN,NaN,NaN,NaN,NaN,NaN,NaN,NaN,NaN,NaN,NaN,NaN,NaN,10.208,NaN,NaN,NaN,NaN,NaN,NaN,NaN,NaN,NaN,NaN,7.6251,1.1494,10.095,NaN,1.8845,NaN,1.543,3.4062,9.2894,2.65,3.9634,6.8015,10.27,16.509,1.1849,2.1082,16.331,7.7384,NaN,NaN,3.5318,1.9482,3.0582,2.112,NaN,7.0059,3.9354,6.189,9.5593,6.0172,11.057,10.713,15.768,2.0076,NaN,1.275
11.241,2.7734,1.2909,7.252,2.4458,11.624,11.823,NaN,7.2014,8.1762,10.422,NaN,6.3762,5.8505,NaN,15.124,27.837,4.9878,4.561,1.0931,4.3485,21.065,16.534,12.146,3.6367,3.1544,NaN,7.3375,13.781,NaN,NaN,4.8075,NaN,18.261,NaN,9.1957,NaN,NaN,NaN,23.723,NaN,NaN,NaN,NaN,NaN,NaN,NaN,NaN,NaN,NaN,NaN,NaN,NaN,20.521,NaN,NaN,NaN,NaN,NaN,NaN,NaN,NaN,NaN,NaN,6.6775,1.1706,1.5597,NaN,7.5171,NaN,29.546,13.342,23.034,5.7189,8.8164,4.7517,9.9811,9.7015,2.8709,6.694,18.841,4.2931,NaN,NaN,4.8726,6.4519,5.0016,3.4394,NaN,9.3656,12.11,3.5935,4.1707,3.4625,0.94945,23.673,34.692,3.3571,NaN,2.2478
4.3531,10.164,22.262,13.493,18.794,16.472,11.969,NaN,9.7987,9.6886,3.5874,NaN,55.865,10.215,NaN,4.0316,31.218,9.5458,7.9816,11.339,4.0157,9.738,18.281,10.947,3.9147,7.5133,NaN,5.935,9.1709,NaN,NaN,13.641,NaN,15.054,NaN,22.556,NaN,NaN,NaN,5.6599,NaN,NaN,NaN,NaN,NaN,NaN,NaN,NaN,NaN,NaN,NaN,NaN,NaN,14.573,NaN,NaN,NaN,NaN,NaN,NaN,NaN,NaN,NaN,NaN,20.728,5.5858,13.707,NaN,0.79822,NaN,23.776,10.282,30.531,14.375,2.0333,34.35,13.931,27.12,12.863,2.9842,7.3837,4.9505,NaN,NaN,27.074,13.875,20.022,3.6825,NaN,12.476,24.412,17.312,6.0595,3.4734,13.092,6.6964,19.618,14.565,NaN,11.876
18.312,21.84,8.2889,8.102,4.582,19.373,2.0273,NaN,6.2425,6.6668,11.431,NaN,7.3049,3.455,NaN,19.529,32.223,4.8406,4.0515,1.0913,5.3274,12.357,8.8079,16.592,5.5344,6.3126,NaN,1.2016,4.3279,NaN,NaN,12.282,NaN,2.5258,NaN,14.448,NaN,NaN,NaN,4.3941,NaN,NaN,NaN,NaN,NaN,NaN,NaN,NaN,NaN,NaN,NaN,NaN,NaN,3.7751,NaN,NaN,NaN,NaN,NaN,NaN,NaN,NaN,NaN,NaN,3.1305,17.618,1.4898,NaN,7.9347,NaN,13.483,7.8674,0.83526,6.9814,2.472,16.21,7.3012,13.27,6.0815,10.761,11.64,8.3227,NaN,NaN,10.885,4.1625,7.6098,3.8818,NaN,1.8563,0.86432,2.3595,10.866,7.0486,4.8067,3.3671,6.666,3.6993,NaN,15.068
29.997,5.4988,4.415,5.3074,2.9272,11.157,8.1814,NaN,15.411,7.5502,13.279,NaN,4.039,20.194,NaN,12.886,24.268,1.9252,3.447,0.25362,7.261,1.3847,7.3633,9.8256,3.6278,4.1436,NaN,6.3314,14.628,NaN,NaN,12.11,NaN,2.1238,NaN,6.9419,NaN,NaN,NaN,12.48,NaN,NaN,NaN,NaN,NaN,NaN,NaN,NaN,NaN,NaN,NaN,NaN,NaN,0.61825,NaN,NaN,NaN,NaN,NaN,NaN,NaN,NaN,NaN,NaN,2.6287,4.3847,15.282,NaN,19.547,NaN,10.44,8.9422,6.1065,6.1507,2.5357,4.7561,9.5492,2.7044,1.902,14.421,15.755,3.6203,NaN,NaN,3.3966,14.69,9.3778,5.1584,NaN,8.391,10.753,5.4706,6.2617,12.651,0.77637,12.806,12.13,17.453,NaN,6.3027
1.6418,30.969,5.0778,7.2975,12.506,4.5401,8.3137,NaN,5.1513,8.1864,11.75,NaN,7.4974,6.7209,NaN,17.847,5.0222,12.669,3.5587,7.0319,18.04,7.4337,12.494,3.2666,14.905,7.2234,NaN,9.7158,27.625,NaN,NaN,1.2626,NaN,8.44,NaN,14.059,NaN,NaN,NaN,4.0339,NaN,NaN,NaN,NaN,NaN,NaN,NaN,NaN,NaN,NaN,NaN,NaN,NaN,5.1535,NaN,NaN,NaN,NaN,NaN,NaN,NaN,NaN,NaN,NaN,4.2573,7.4678,3.4895,NaN,8.268,NaN,9.7203,11.731,8.8534,6.062,3.8307,1.221,5.176,16.818,7.1873,2.9082,1.0523,18.207,NaN,NaN,1.505,5.6691,15.35,4.3043,NaN,6.9526,7.7499,4.4572,5.1096,8.3798,1.4031,3.0103,5.7538,28.522,NaN,5.3413
5.5564,6.978,2.5109,7.614,9.5569,7.5425,3.9297,NaN,4.0639,4.093,6.7097,NaN,14.48,10.931,NaN,5.7182,16.015,14.404,21.918,6.0038,11.255,8.1098,4.5733,6.1578,7.3831,0.77166,NaN,18.253,9.8886,NaN,NaN,6.6186,NaN,17.066,NaN,21.215,NaN,NaN,NaN,18.03,NaN,NaN,NaN,NaN,NaN,NaN,NaN,NaN,NaN,NaN,NaN,NaN,NaN,1.786,NaN,NaN,NaN,NaN,NaN,NaN,NaN,NaN,NaN,NaN,5.8051,0.081601,6.4685,NaN,3.5957,NaN,2.2533,5.5874,22.805,11.26,4.6086,7.0927,5.4243,12.485,2.0509,3.1442,16.431,8.6049,NaN,NaN,1.4711,9.5293,5.2308,0.84089,NaN,7.9757,7.0328,3.058,7.4341,10.966,9.8633,6.0806,6.7368,1.8515,NaN,2.1204
1.6641,8.3269,13.513,14.633,19.891,16.539,7.8121,NaN,10.547,10.607,1.6422,NaN,27.482,13.764,NaN,9.1685,10.07,12.094,5.0325,25.902,4.1294,9.3626,16.281,14.028,5.8825,5.647,NaN,2.1855,7.0226,NaN,NaN,11.808,NaN,10.432,NaN,26.087,NaN,NaN,NaN,6.0911,NaN,NaN,NaN,NaN,NaN,NaN,NaN,NaN,NaN,NaN,NaN,NaN,NaN,10.856,NaN,NaN,NaN,NaN,NaN,NaN,NaN,NaN,NaN,NaN,11.286,5.9578,17.752,NaN,1.2476,NaN,19.915,8.7488,22.404,9.5349,4.5585,14.004,13.594,22.912,14.71,4.3784,6.4722,6.0336,NaN,NaN,52.298,14.775,43.215,7.776,NaN,9.3377,19.909,19.139,10.28,5.8903,15.566,3.9111,11.921,13.497,NaN,9.6535
1.6461,3.7181,5.1994,6.1084,4.7989,5.6922,12.581,NaN,9.2304,4.7182,6.9726,NaN,6.4969,11.051,NaN,4.3801,6.8252,2.7078,5.4315,1.3203,2.2976,12.493,10.369,1.9338,7.5642,2.8102,NaN,12.675,8.5216,NaN,NaN,6.5855,NaN,6.2717,NaN,5.8418,NaN,NaN,NaN,4.2585,NaN,NaN,NaN,NaN,NaN,NaN,NaN,NaN,NaN,NaN,NaN,NaN,NaN,1.3115,NaN,NaN,NaN,NaN,NaN,NaN,NaN,NaN,NaN,NaN,13.295,11.749,15.578,NaN,3.3887,NaN,13.095,11.239,12.587,7.7958,5.974,1.846,14.345,2.4176,8.7498,0.78273,7.63,6.4943,NaN,NaN,10.916,9.2484,11.853,6.7042,NaN,4.0984,8.3159,6.616,16.432,5.2875,4.2211,1.2435,11.696,9.4355,NaN,8.744
14.11,8.9989,2.3578,10.602,4.5882,10.669,6.0833,NaN,11.366,6.0947,7.984,NaN,11.43,25.237,NaN,16.59,12.152,11.034,8.5149,4.5255,9.8657,4.9742,18.855,4.3007,7.6139,3.6138,NaN,1.7007,12.156,NaN,NaN,6.3322,NaN,7.9628,NaN,8.0014,NaN,NaN,NaN,2.3149,NaN,NaN,NaN,NaN,NaN,NaN,NaN,NaN,NaN,NaN,NaN,NaN,NaN,12.095,NaN,NaN,NaN,NaN,NaN,NaN,NaN,NaN,NaN,NaN,3.1537,4.6956,9.4518,NaN,41.315,NaN,9.2088,4.6932,6.6346,4.8805,10.214,5.7921,4.2804,19.73,11.874,16.373,14.483,8.2283,NaN,NaN,3.3866,7.4165,19.713,2.5021,NaN,18.99,19.435,7.2544,5.5657,9.658,8.1287,2.9678,1.8707,5.3576,NaN,8.6335
7.4966,5.357,4.8352,4.2935,5.1048,5.4239,9.7473,NaN,9.1308,8.6421,9.8589,NaN,18.773,1.234,NaN,6.0613,20.266,4.9755,12.915,4.5817,25.375,1.8869,16.988,14.059,3.8625,1.528,NaN,3.1769,4.4667,NaN,NaN,0.2941,NaN,14.655,NaN,13.488,NaN,NaN,NaN,14.534,NaN,NaN,NaN,NaN,NaN,NaN,NaN,NaN,NaN,NaN,NaN,NaN,NaN,9.3913,NaN,NaN,NaN,NaN,NaN,NaN,NaN,NaN,NaN,NaN,6.1873,6.3715,9.3756,NaN,14.303,NaN,4.554,10.441,18.854,25.605,7.7758,2.0516,1.5358,5.6102,3.9924,7.7896,11.162,5.9981,NaN,NaN,6.1921,20.985,20.044,3.4168,NaN,8.0181,14.146,1.5605,5.1234,8.1148,5.0389,15.282,2.3312,9.9882,NaN,2.7509
9.3594,14.753,3.6065,12.967,12.844,4.5394,9.411,NaN,13.683,3.5966,13.119,NaN,29.221,7.5303,NaN,14.037,7.9635,1.0875,10.103,9.2139,8.2845,11.194,6.4203,5.737,1.8008,1.2787,NaN,1.0814,2.9168,NaN,NaN,5.6291,NaN,0.80715,NaN,6.1735,NaN,NaN,NaN,11.578,NaN,NaN,NaN,NaN,NaN,NaN,NaN,NaN,NaN,NaN,NaN,NaN,NaN,17.834,NaN,NaN,NaN,NaN,NaN,NaN,NaN,NaN,NaN,NaN,8.5785,3.325,4.9998,NaN,4.6921,NaN,5.7154,2.8713,10.054,13.41,19.727,8.601,6.3864,1.5364,5.5218,3.9404,7.7547,4.5003,NaN,NaN,6.1843,11.086,15.947,3.2624,NaN,12.055,5.3406,6.1786,6.0854,13.196,4.8612,10.309,9.4721,2.6386,NaN,1.6428
10.166,1.6838,9.6137,3.2473,13.914,1.8487,8.4761,NaN,3.6001,10.867,3.9503,NaN,12.907,2.9374,NaN,1.8373,3.6994,7.0478,5.9088,2.9432,6.0963,17.31,1.9377,2.2048,3.5545,1.2897,NaN,0.9786,15.921,NaN,NaN,2.9801,NaN,5.4189,NaN,11.042,NaN,NaN,NaN,3.0884,NaN,NaN,NaN,NaN,NaN,NaN,NaN,NaN,NaN,NaN,NaN,NaN,NaN,7.4664,NaN,NaN,NaN,NaN,NaN,NaN,NaN,NaN,NaN,NaN,9.1594,5.5805,10.85,NaN,4.1524,NaN,13.557,2.8654,12.27,10.924,5.7246,4.2376,6.1075,4.3582,9.5793,4.8798,5.0716,2.5064,NaN,NaN,9.7661,5.9018,8.7573,12.199,NaN,4.9725,2.4705,2.0015,3.5872,5.5841,4.7755,8.1122,5.2694,7.8688,NaN,11.341
7.3749,1.5745,9.7342,8.7716,5.2126,10.162,2.8045,NaN,12.357,8.1005,26.611,NaN,16.13,5.7429,NaN,9.3185,14.942,4.6663,5.7201,5.068,6.7814,20.794,15.828,5.3945,5.9881,11.873,NaN,0.87716,21.805,NaN,NaN,4.1789,NaN,3.0881,NaN,2.5719,NaN,NaN,NaN,13.449,NaN,NaN,NaN,NaN,NaN,NaN,NaN,NaN,NaN,NaN,NaN,NaN,NaN,7.3057,NaN,NaN,NaN,NaN,NaN,NaN,NaN,NaN,NaN,NaN,14.614,1.4447,11.202,NaN,9.0722,NaN,8.1594,9.9891,13.255,17.567,7.4095,6.8618,7.2408,10.692,5.0981,2.0676,9.9101,4.5083,NaN,NaN,4.5935,8.5757,5.3137,14.721,NaN,10.547,5.4423,3.9795,15.949,7.3917,4.2453,4.174,8.0137,1.0197,NaN,4.1316
11.197,5.2161,11.769,8.6212,0.98543,5.3655,6.6665,NaN,0.64435,14.383,14.84,NaN,12.284,4.3647,NaN,10.67,10.338,3.572,3.9061,6.7255,6.6285,4.0459,2.6546,6.407,3.9205,3.8225,NaN,13.489,13.325,NaN,NaN,4.8629,NaN,7.5703,NaN,3.0497,NaN,NaN,NaN,3.2152,NaN,NaN,NaN,NaN,NaN,NaN,NaN,NaN,NaN,NaN,NaN,NaN,NaN,1.4842,NaN,NaN,NaN,NaN,NaN,NaN,NaN,NaN,NaN,NaN,11.142,4.3395,6.4346,NaN,5.0804,NaN,9.8576,5.0019,16.911,47.985,5.5168,1.2619,2.3274,8.2911,13.376,2.281,4.1438,1.5858,NaN,NaN,6.884,4.1294,4.8591,15.933,NaN,5.6368,3.6249,8.9097,7.3533,14.003,7.918,7.3109,27.836,1.7402,NaN,28.151
0.89478,7.2732,6.6202,8.4244,25.229,21.062,6.2035,NaN,11.931,9.1432,1.3998,NaN,17.903,18.728,NaN,9.6244,6.9279,7.2699,4.3047,25.235,4.0586,8.3531,12.154,10.679,5.015,4.5778,NaN,5.5329,4.7207,NaN,NaN,5.939,NaN,14.031,NaN,20.517,NaN,NaN,NaN,7.2638,NaN,NaN,NaN,NaN,NaN,NaN,NaN,NaN,NaN,NaN,NaN,NaN,NaN,8.8875,NaN,NaN,NaN,NaN,NaN,NaN,NaN,NaN,NaN,NaN,11.311,4.1414,20.602,NaN,0.59436,NaN,28.623,8.3265,16.722,6.0925,5.8917,10.142,10.105,23.586,10.883,4.4931,10.361,7.009,NaN,NaN,40.094,20.599,45.35,8.5076,NaN,7.933,19.879,14.047,9.2261,3.8859,20.775,5.8171,10.447,21.305,NaN,12.702
6.3932,7.6463,0.9059,8.7795,4.8972,9.7529,6.1137,NaN,3.5489,4.738,10.436,NaN,8.5614,4.4754,NaN,8.6398,8.1759,8.9951,4.7146,5.6335,3.719,3.136,10.326,1.4482,0.82972,1.6586,NaN,10.588,5.1825,NaN,NaN,7.4694,NaN,5.9928,NaN,12.467,NaN,NaN,NaN,6.8129,NaN,NaN,NaN,NaN,NaN,NaN,NaN,NaN,NaN,NaN,NaN,NaN,NaN,2.3805,NaN,NaN,NaN,NaN,NaN,NaN,NaN,NaN,NaN,NaN,4.0601,27.489,4.2697,NaN,40.982,NaN,6.3758,6.6715,3.4618,3.468,3.6011,3.7664,10.343,10.737,9.4342,9.2329,3.6914,18.968,NaN,NaN,17.527,2.8174,5.7921,2.7792,NaN,10.2,4.9833,9.0082,7.4742,9.1568,8.573,0.50983,2.0529,12.964,NaN,0.95771
7.1217,12.522,3.2734,13.965,34.417,7.6221,6.3488,NaN,7.011,8.0326,5.6892,NaN,20.205,1.0553,NaN,4.1798,3.2896,2.0993,9.9228,6.6783,2.6124,5.8961,17.199,14.874,3.5618,0.81867,NaN,6.0264,8.7012,NaN,NaN,7.6811,NaN,8.8822,NaN,9.5511,NaN,NaN,NaN,5.7032,NaN,NaN,NaN,NaN,NaN,NaN,NaN,NaN,NaN,NaN,NaN,NaN,NaN,11.004,NaN,NaN,NaN,NaN,NaN,NaN,NaN,NaN,NaN,NaN,5.5051,10.739,7.012,NaN,14.315,NaN,3.0915,2.0201,8.2959,3.5934,0.79873,4.7088,6.9976,8.1911,2.0357,5.0158,4.307,13.327,NaN,NaN,8.3355,12.738,26.337,5.4625,NaN,3.1542,6.0813,2.0936,13.994,3.5608,1.4038,3.4049,7.6945,8.8622,NaN,12.426
8.2008,7.5089,11.342,5.9829,7.8573,0.19013,0.53729,NaN,73.854,7.0858,10.961,NaN,8.778,9.5589,NaN,5.8748,11.403,2.4455,6.118,4.0763,0.68453,16.78,1.1987,16.863,8.5442,2.3059,NaN,2.5767,16.21,NaN,NaN,2.2288,NaN,6.8757,NaN,4.2262,NaN,NaN,NaN,10.617,NaN,NaN,NaN,NaN,NaN,NaN,NaN,NaN,NaN,NaN,NaN,NaN,NaN,15.44,NaN,NaN,NaN,NaN,NaN,NaN,NaN,NaN,NaN,NaN,9.2002,2.6029,11.255,NaN,1.7955,NaN,5.6128,4.4519,11.644,33.68,6.0021,4.9473,1.5413,1.8496,7.5158,2.4318,14.859,8.9229,NaN,NaN,2.7921,10.709,7.6035,14.139,NaN,12.959,1.6564,2.1977,10.719,5.8632,5.1236,6.4851,2.09,4.8169,NaN,13.271
4.9004,3.1045,1.9235,3.6897,11.186,9.43,4.5982,NaN,2.9913,12.208,12.957,NaN,7.8435,2.0846,NaN,9.9276,6.3012,8.3637,6.5619,9.8829,2.8135,1.0312,1.1699,3.1744,6.3111,4.1723,NaN,7.8532,9.6385,NaN,NaN,14.486,NaN,28.437,NaN,12.269,NaN,NaN,NaN,9.5772,NaN,NaN,NaN,NaN,NaN,NaN,NaN,NaN,NaN,NaN,NaN,NaN,NaN,5.266,NaN,NaN,NaN,NaN,NaN,NaN,NaN,NaN,NaN,NaN,5.0717,2.6778,5.4927,NaN,1.4408,NaN,9.7434,11.023,7.3822,1.5691,19.043,7.5032,4.2425,1.217,5.3476,7.7175,6.6412,7.1557,NaN,NaN,6.2113,1.6611,5.2105,8.046,NaN,8.663,10.344,6.6119,12.1,8.6317,4.7037,3.0993,6.526,4.2485,NaN,2.3161
9.681,4.1904,15.749,9.7156,1.3221,0.84273,18.077,NaN,6.6848,5.8674,13.26,NaN,14.034,1.9701,NaN,10.029,3.0338,2.2053,3.274,3.005,4.6003,8.3052,2.2969,3.1912,4.1673,4.0607,NaN,8.0693,8.9249,NaN,NaN,3.6049,NaN,4.8809,NaN,6.032,NaN,NaN,NaN,0.92652,NaN,NaN,NaN,NaN,NaN,NaN,NaN,NaN,NaN,NaN,NaN,NaN,NaN,2.6983,NaN,NaN,NaN,NaN,NaN,NaN,NaN,NaN,NaN,NaN,7.8346,5.8393,11.284,NaN,2.8008,NaN,7.2533,1.475,10.574,22.042,10.255,3.8467,4.8964,2.2492,19.958,3.3917,4.3656,2.4991,NaN,NaN,4.7471,5.9735,5.416,17.095,NaN,6.2074,3.8368,2.7815,8.2158,6.7644,12.441,5.0802,17.684,3.5726,NaN,19.177
5.1588,11.589,3.791,6.7629,30.008,24.732,11.976,NaN,4.1852,8.7607,11.084,NaN,9.7896,12.038,NaN,1.9531,13.316,3.3427,5.0396,8.2586,7.3183,4.2547,13.717,4.0625,6.2703,4.9337,NaN,14.609,5.042,NaN,NaN,8.7288,NaN,9.8971,NaN,6.5883,NaN,NaN,NaN,10.757,NaN,NaN,NaN,NaN,NaN,NaN,NaN,NaN,NaN,NaN,NaN,NaN,NaN,8.5161,NaN,NaN,NaN,NaN,NaN,NaN,NaN,NaN,NaN,NaN,20.174,0.51197,4.5983,NaN,3.1002,NaN,4.3959,7.1834,6.9243,6.6528,1.8539,3.9814,0.92081,33.551,6.4457,5.5563,7.9553,14.205,NaN,NaN,13.85,20.519,20.445,1.3882,NaN,11.759,18.908,17.492,6.3237,10.038,17.228,9.9524,9.8489,23.291,NaN,10.948
7.6187,12.226,1.7504,21.566,3.853,10.819,10.307,NaN,6.0814,9.351,12.117,NaN,6.509,3.0128,NaN,10.388,10.48,4.8471,6.5152,3.7213,1.521,10.255,7.2284,3.0514,6.8519,7.9716,NaN,15.249,3.8235,NaN,NaN,7.4395,NaN,9.6552,NaN,8.7147,NaN,NaN,NaN,11.689,NaN,NaN,NaN,NaN,NaN,NaN,NaN,NaN,NaN,NaN,NaN,NaN,NaN,2.1494,NaN,NaN,NaN,NaN,NaN,NaN,NaN,NaN,NaN,NaN,16.844,4.9554,9.2907,NaN,6.9356,NaN,1.7168,10.337,2.7288,8.3424,6.7832,1.0003,4.4589,5.4951,4.2992,7.446,4.5292,4.4726,NaN,NaN,4.4143,11.775,16.942,7.1423,NaN,11.859,11.674,18.024,11.487,21.026,11.366,4.2806,10.512,9.1198,NaN,7.6934
10.317,19.893,8.8858,13.837,9.8286,11.819,8.3177,NaN,5.078,9.2784,15.826,NaN,0.55731,3.4206,NaN,4.8875,2.8144,3.1584,9.9494,7.2241,2.9694,3.2999,9.4103,9.7317,11.157,2.2611,NaN,10.67,2.7753,NaN,NaN,8.8352,NaN,9.0028,NaN,8.466,NaN,NaN,NaN,4.5581,NaN,NaN,NaN,NaN,NaN,NaN,NaN,NaN,NaN,NaN,NaN,NaN,NaN,4.8822,NaN,NaN,NaN,NaN,NaN,NaN,NaN,NaN,NaN,NaN,8.6839,24.067,4.6094,NaN,12.727,NaN,7.6816,5.1282,7.5429,6.0873,4.3943,3.9588,14.607,20.515,8.2808,4.2642,3.9271,14.268,NaN,NaN,5.7948,2.0557,26.091,6.7684,NaN,8.0281,4.9901,10.881,3.2101,24.304,13.709,17.571,4.8388,9.9459,NaN,6.8768
7.9941,14.533,11.285,8.242,11.371,12.453,18.214,NaN,12.695,13.726,8.7712,NaN,9.1555,6.1517,NaN,9.6731,16.863,11.042,13.209,14.528,3.6451,7.2836,6.3353,4.4716,8.8046,4.2036,NaN,2.2644,0.72897,NaN,NaN,11.745,NaN,4.9865,NaN,12.91,NaN,NaN,NaN,7.324,NaN,NaN,NaN,NaN,NaN,NaN,NaN,NaN,NaN,NaN,NaN,NaN,NaN,8.4418,NaN,NaN,NaN,NaN,NaN,NaN,NaN,NaN,NaN,NaN,7.7972,4.6738,17.867,NaN,3.9973,NaN,4.4426,2.3369,3.4273,2.7599,2.6053,2.9625,11.931,9.1591,6.6734,6.4375,18.88,16.934,NaN,NaN,8.2398,8.6322,9.3527,6.351,NaN,9.111,15.881,8.7451,4.2607,4.0753,1.856,7.5715,9.9296,14.643,NaN,5.4273
7.2863,7.737,4.6652,5.1563,2.0726,5.1516,8.1281,NaN,12.371,9.3718,7.5998,NaN,4.8001,5.7447,NaN,4.4512,6.1888,3.5162,5.2673,11.138,10.132,3.6616,7.0473,6.2157,14.68,9.4777,NaN,5.2305,3.7376,NaN,NaN,6.8315,NaN,2.4455,NaN,45.756,NaN,NaN,NaN,7.4847,NaN,NaN,NaN,NaN,NaN,NaN,NaN,NaN,NaN,NaN,NaN,NaN,NaN,12.87,NaN,NaN,NaN,NaN,NaN,NaN,NaN,NaN,NaN,NaN,10.024,4.9218,9.7765,NaN,5.7302,NaN,8.1154,10.765,7.3464,11.466,9.247,24.683,1.3373,4.655,15.573,4.2151,10.346,6.5759,NaN,NaN,3.5626,6.8742,3.4995,14.86,NaN,3.9449,4.0339,3.5677,7.4594,15.283,9.3406,3.2391,11.402,13.307,NaN,12.436
2.1333,6.175,4.5486,5.3302,7.8433,2.6957,5.3309,NaN,20.186,14.667,9.3396,NaN,10.05,6.6354,NaN,7.324,3.7321,6.1206,6.1461,2.107,5.653,19.316,4.3603,31.183,2.7567,6.3925,NaN,7.8707,18.64,NaN,NaN,8.7374,NaN,13.42,NaN,9.413,NaN,NaN,NaN,3.9927,NaN,NaN,NaN,NaN,NaN,NaN,NaN,NaN,NaN,NaN,NaN,NaN,NaN,10.897,NaN,NaN,NaN,NaN,NaN,NaN,NaN,NaN,NaN,NaN,4.822,5.1974,32.116,NaN,4.5912,NaN,12.238,10.179,2.7476,5.8433,3.4273,3.567,9.756,6.666,43.511,29.038,9.5208,7.4851,NaN,NaN,11.716,11.605,6.0145,5.5338,NaN,9.4863,4.9431,4,2.7254,4.1214,4.0837,6.3856,15.364,4.3829,NaN,4.5983
4.6704,6.2612,8.3069,4.6956,36.192,29.412,16.095,NaN,4.149,1.2972,12.707,NaN,4.1748,6.4067,NaN,4.2664,4.69,1.5005,13.045,9.7868,9.1015,12.724,35.057,10.209,15.281,13.394,NaN,42.331,6.0562,NaN,NaN,7.3551,NaN,3.0654,NaN,5.3116,NaN,NaN,NaN,9.6023,NaN,NaN,NaN,NaN,NaN,NaN,NaN,NaN,NaN,NaN,NaN,NaN,NaN,20.907,NaN,NaN,NaN,NaN,NaN,NaN,NaN,NaN,NaN,NaN,9.4582,7.0534,3.7087,NaN,2.6226,NaN,3.2505,5.7549,12.241,5,1.6845,14.062,5.5579,32.102,3.3739,3.6652,9.0756,3.4381,NaN,NaN,4.084,16.068,2.5551,10.36,NaN,8.0699,10.206,3.7431,12.018,5.4746,17.479,4.7078,9.3306,14.112,NaN,3.3775
2.8497,27.265,3.3461,9.9208,13.57,35.028,18.065,NaN,1.6555,7.4058,15.513,NaN,7.5898,3.0535,NaN,7.1193,8.9335,3.7244,13.997,13.888,2.8817,13.065,12.189,5.1226,6.847,10.717,NaN,30.694,3.423,NaN,NaN,5.471,NaN,7.6002,NaN,5.0972,NaN,NaN,NaN,6.1811,NaN,NaN,NaN,NaN,NaN,NaN,NaN,NaN,NaN,NaN,NaN,NaN,NaN,8.5414,NaN,NaN,NaN,NaN,NaN,NaN,NaN,NaN,NaN,NaN,28.701,10.921,5.7982,NaN,2.4774,NaN,3.0789,7.7926,7.8014,8.2554,5.1475,1.8021,11.847,2.2846,4.7547,7.8542,2.4525,10.5,NaN,NaN,8.3297,10.847,14.126,2.2177,NaN,9.7589,12.429,26.275,6.991,10.077,15.519,10.766,13.958,15.326,NaN,13.925
5.4794,14.845,0.2941,11.103,8.3491,6.0529,5.7848,NaN,7.6255,9.7417,12.549,NaN,7.6961,3.3807,NaN,3.2497,8.9048,10.462,30.535,11.329,2.1146,18.932,8.5893,7.6355,17.091,14.447,NaN,3.8511,5.5756,NaN,NaN,12.579,NaN,13.157,NaN,6.4317,NaN,NaN,NaN,6.3064,NaN,NaN,NaN,NaN,NaN,NaN,NaN,NaN,NaN,NaN,NaN,NaN,NaN,4.8185,NaN,NaN,NaN,NaN,NaN,NaN,NaN,NaN,NaN,NaN,19.399,12.178,13.736,NaN,4.1845,NaN,12.242,10.344,9.7856,14.053,34.062,1.9546,9.5187,10.145,11.172,17.884,25.134,3.5982,NaN,NaN,7.9192,1.7035,16.511,2.2262,NaN,4.3848,6.0604,11.401,20.591,1.7376,4.5618,8.6483,1.9519,21.344,NaN,11.183
2.9138,4.0709,5.6298,6.9448,39.882,2.9267,0.85336,NaN,1.3532,3.9383,24.373,NaN,9.1749,7.3313,NaN,3.1128,12.794,12.271,13.011,7.4001,3.9666,7.3667,7.2986,6.3465,15.884,4.8821,NaN,49.023,4.1189,NaN,NaN,4.6224,NaN,7.502,NaN,5.9841,NaN,NaN,NaN,7.9193,NaN,NaN,NaN,NaN,NaN,NaN,NaN,NaN,NaN,NaN,NaN,NaN,NaN,12.629,NaN,NaN,NaN,NaN,NaN,NaN,NaN,NaN,NaN,NaN,2.8368,7.6135,9.2583,NaN,6.3727,NaN,5.3182,4.8333,6.4106,4.7751,8.01,16.138,3.6148,2.9062,5.2023,12.476,2.3963,16.389,NaN,NaN,4.8126,1.2544,2.724,7.9679,NaN,5.151,13.603,14.167,7.3024,5.4234,11.157,41.378,1.3311,0.34706,NaN,27.407
8.8512,6.5498,7.1691,5.7402,19.122,3.7276,2.3751,NaN,5.183,8.5612,8.5442,NaN,12.051,5.9275,NaN,13.98,8.4305,9.0544,10.832,17.62,5.2713,4.0586,11.437,9.7461,8.8664,0.92391,NaN,9.6792,2.1924,NaN,NaN,2.2723,NaN,2.0372,NaN,28.086,NaN,NaN,NaN,16.737,NaN,NaN,NaN,NaN,NaN,NaN,NaN,NaN,NaN,NaN,NaN,NaN,NaN,10.984,NaN,NaN,NaN,NaN,NaN,NaN,NaN,NaN,NaN,NaN,15.072,4.1307,5.2939,NaN,7.0971,NaN,0.30797,5.2013,0.979,5.6755,16.162,5.5545,4.0477,7.0125,8.7255,9.3188,2.8625,6.0431,NaN,NaN,2.2588,2.8748,4.5111,9.4922,NaN,6.9991,10.012,7.1901,3.2512,4.3059,0.88959,6.957,10.923,14.336,NaN,7.151
2.5851,24.29,5.3807,7.6894,14.753,5.7185,6.2328,NaN,16.215,8.6966,9.5437,NaN,10.088,0.73856,NaN,12.844,7.3963,15.065,21.738,10.432,39.974,7.2818,4.0769,4.5175,7.9037,3.0478,NaN,6.5729,4.1852,NaN,NaN,2.896,NaN,4.557,NaN,19.206,NaN,NaN,NaN,4.4078,NaN,NaN,NaN,NaN,NaN,NaN,NaN,NaN,NaN,NaN,NaN,NaN,NaN,6.5314,NaN,NaN,NaN,NaN,NaN,NaN,NaN,NaN,NaN,NaN,10.29,6.0953,8.9877,NaN,7.251,NaN,4.7717,11.318,9.7662,10.725,9.541,16.954,3.1762,6.4861,23.845,2.2998,7.8946,8.4134,NaN,NaN,2.444,13.796,7.7586,14.319,NaN,2.9,14.185,1.5547,36.272,12.094,7.2318,4.0957,21.348,3.9702,NaN,11.76
17.682,3.4064,5.3303,9.4595,17.672,44.574,6.2671,NaN,13.413,9.9601,7.9055,NaN,13.263,6.3483,NaN,5.3581,6.6423,13.518,24.165,10.272,2.8317,5.9716,6.7598,8.5226,12.607,8.6233,NaN,1.731,1.8745,NaN,NaN,4.6022,NaN,11.778,NaN,4.4193,NaN,NaN,NaN,3.8979,NaN,NaN,NaN,NaN,NaN,NaN,NaN,NaN,NaN,NaN,NaN,NaN,NaN,9.255,NaN,NaN,NaN,NaN,NaN,NaN,NaN,NaN,NaN,NaN,19.972,41.604,6.4077,NaN,6.3708,NaN,8.7369,13.426,12.624,9.26,18.913,4.6753,7.0956,6.3113,1.6957,12.409,10.13,6.1325,NaN,NaN,7.0872,2.88,14.311,4.3299,NaN,6.3293,13.036,9.7827,8.3291,0.81919,1.987,7.8341,3.6354,18.272,NaN,13.859
8.9235,5.2462,11.334,18.48,44.254,25.471,6.2754,NaN,5.0794,9.2204,2.5371,NaN,11.988,12.269,NaN,10.973,7.9604,3.8311,3.6995,4.7526,8.0106,3.5395,9.1774,13.907,2.9386,6.0429,NaN,12.913,5.5682,NaN,NaN,7.4461,NaN,11.26,NaN,22.989,NaN,NaN,NaN,6.8014,NaN,NaN,NaN,NaN,NaN,NaN,NaN,NaN,NaN,NaN,NaN,NaN,NaN,14.568,NaN,NaN,NaN,NaN,NaN,NaN,NaN,NaN,NaN,NaN,10.264,3.9798,13.596,NaN,1.3238,NaN,6.0406,11.916,16.458,13.453,1.3573,7.0778,3.9862,15.849,7.8875,4.4745,12.693,2.5275,NaN,NaN,7.1346,6.09,1.7961,3.405,NaN,5.7325,6.9079,5.0648,5.702,4.6687,10.258,0.90747,13.77,3.5939,NaN,18.761
3.7628,5.9833,9.7333,23.406,14.862,13.405,0.62508,NaN,24.76,12.754,6.7796,NaN,12.228,16.879,NaN,12.93,4.0154,11.493,6.3673,9.6381,13.126,6.9367,14.535,5.6266,7.7507,8.5595,NaN,13.556,8.2634,NaN,NaN,3.4145,NaN,11.649,NaN,5.6947,NaN,NaN,NaN,3.8174,NaN,NaN,NaN,NaN,NaN,NaN,NaN,NaN,NaN,NaN,NaN,NaN,NaN,16.785,NaN,NaN,NaN,NaN,NaN,NaN,NaN,NaN,NaN,NaN,6.876,6.6647,3.7714,NaN,11.423,NaN,7.3371,5.5659,8.7598,7.4121,8.0172,14.23,7.5545,15.773,5.9648,6.094,2.4374,5.1063,NaN,NaN,6.4766,5.6261,18.037,5.3671,NaN,13.499,12.65,2.0543,4.0705,8.9187,19.59,15.328,6.7072,5.7513,NaN,7.0235
5.7682,3.4264,6.7865,8.4613,15.307,4.8393,2.7467,NaN,0.82318,8.9517,11.736,NaN,11.234,7.8917,NaN,10.675,12.202,17.536,2.7962,15.175,9.5019,4.811,3.458,4.5855,3.2109,6.5811,NaN,2.623,9.2222,NaN,NaN,9.0503,NaN,1.2348,NaN,7.1289,NaN,NaN,NaN,5.8683,NaN,NaN,NaN,NaN,NaN,NaN,NaN,NaN,NaN,NaN,NaN,NaN,NaN,8.2374,NaN,NaN,NaN,NaN,NaN,NaN,NaN,NaN,NaN,NaN,8.3951,3.8695,7.5192,NaN,10.245,NaN,5.0318,10.566,3.9627,17.418,6.127,6.2763,7.9997,6.0905,10.495,20.917,3.4207,5.0678,NaN,NaN,13.215,14.595,3.1644,5.6223,NaN,10.443,17.118,13.995,4.1719,2.5761,11.133,49.709,3.7849,8.5282,NaN,10.305
8.2542,2.4648,13.002,7.9382,1.9363,4.2703,10.057,NaN,6.1624,2.0488,5.23,NaN,11.923,3.3923,NaN,11.115,8.7236,8.1974,7.2886,0.98291,2.1231,15.216,6.5305,1.5084,3.5406,10.752,NaN,2.0381,8.921,NaN,NaN,5.0036,NaN,2.3274,NaN,14.184,NaN,NaN,NaN,2.462,NaN,NaN,NaN,NaN,NaN,NaN,NaN,NaN,NaN,NaN,NaN,NaN,NaN,7.3078,NaN,NaN,NaN,NaN,NaN,NaN,NaN,NaN,NaN,NaN,3.9644,8.0592,16.503,NaN,2.4524,NaN,5.1086,4.1292,5.8481,21.219,11.242,11.107,8.2683,15.294,12.012,7.3059,7.673,4.4238,NaN,NaN,1.6811,4.8352,5.8259,22.303,NaN,12.942,4.1696,1.3125,3.1111,7.8227,19.073,4.7224,11.505,3.8993,NaN,8.8016
