4.3091,5.1818,3.1939,26.824,3.3683,4.8131,21.971,23.285,6.3005,4.8928,10.587,8.1139,3.5322,6.445,16.865,7.6499,9.6343,9.3695,5.3261,11.983,7.0312,5.1188,8.5248,6.136,2.2477,NaN,4.5979,3.6442,NaN,NaN,8.9268,NaN,NaN,6.5553,11.715,NaN,NaN,NaN,NaN,NaN,NaN,NaN,NaN,NaN,NaN,15.595,NaN,NaN,NaN,NaN,NaN,NaN,NaN,NaN,NaN,4.4886,NaN,NaN,5.4469,NaN,NaN,NaN,NaN,4.2705,NaN,NaN,NaN,NaN,7.4642,6.2319,7.126,7.1093,4.6028,9.0191,9.5081,0.44552,4.4871,4.8638,NaN,NaN,2.9527,NaN,NaN,NaN,15.118,18.518,12.75,6.4997,14.804,12.431,9.5647,16.782,4.5898,3.3555,6.5506,10.833,12.401,11.08,NaN,7.7608
3.2176,16.45,5.6864,14.184,2.1445,15.115,10.048,7.1718,7.1902,61.232,9.1846,16.38,21.578,11.48,16.798,1.7592,10.554,17.571,12.023,5.5661,10.879,8.9632,6.3348,13.242,2.3599,NaN,5.3143,7.736,NaN,NaN,7.3111,NaN,NaN,7.179,11.617,NaN,NaN,NaN,NaN,NaN,NaN,NaN,NaN,NaN,NaN,4.6315,NaN,NaN,NaN,NaN,NaN,NaN,NaN,NaN,NaN,6.6361,NaN,NaN,8.9852,NaN,NaN,NaN,NaN,11.194,NaN,NaN,NaN,NaN,13.676,2.7183,6.129,8.0038,7.1997,3.4932,7.7121,4.1164,11.784,9.2915,NaN,NaN,13.506,NaN,NaN,NaN,7.96,11.68,10.261,27.273,6.1503,27.713,6.4575,7.8307,16.384,9.4523,7.7678,29.48,2.6249,7.403,NaN,6.2975
11.84,10.213,2.8353,8.5632,16.698,16.636,9.2509,6.5473,10.844,10.153,4.5698,17.393,8.8609,2.751,8.5923,25.112,20.448,7.2707,11.391,12.551,16.83,7.7606,12.716,6.8412,9.7921,NaN,2.5888,35.69,NaN,NaN,15.931,NaN,NaN,1.2518,6.4736,NaN,NaN,NaN,NaN,NaN,NaN,NaN,NaN,NaN,NaN,2.7797,NaN,NaN,NaN,NaN,NaN,NaN,NaN,NaN,NaN,9.1866,NaN,NaN,11.21,NaN,NaN,NaN,NaN,8.2093,NaN,NaN,NaN,NaN,13.199,2.8233,22.703,5.7602,2.14,18.669,4.0491,2.2144,19.161,16.536,NaN,NaN,3.7818,NaN,NaN,NaN,10.023,8.7275,10.319,5.8809,4.8897,3.5246,1.9389,3.0797,5.8604,7.6166,3.7644,9.1647,7.6285,12.355,NaN,7.308
5.1635,2.087,2.8411,6.7604,8.3437,11.166,14.814,4.1782,5.084,6.9199,5.4486,4.7473,6.2078,19.268,3.5608,8.6449,24.62,4.51,10.88,18.678,18.032,13.027,8.7501,3.669,3.944,NaN,10.098,9.345,NaN,NaN,4.5401,NaN,NaN,8.8838,4.5557,NaN,NaN,NaN,NaN,NaN,NaN,NaN,NaN,NaN,NaN,5.3854,NaN,NaN,NaN,NaN,NaN,NaN,NaN,NaN,NaN,8.1419,NaN,NaN,6.1193,NaN,NaN,NaN,NaN,4.3611,NaN,NaN,NaN,NaN,18.591,6.6618,2.7405,3.6385,5.5163,5.7184,18.744,3.6083,4.0759,10.005,NaN,NaN,12.203,NaN,NaN,NaN,6.1666,9.3248,19.58,7.0684,13.173,7.04,3.3418,12.928,15.11,12.913,2.7489,1.9755,7.8853,13.601,NaN,23.921
3.9696,14.203,9.2398,5.7921,4.5637,8.2183,4.4306,10.872,15.575,11.654,8.0487,6.6727,8.4712,5.1751,4.8961,11.188,12.217,1.7121,7.8272,10.556,18.366,19.473,1.5979,7.9064,8.5064,NaN,15.727,4.5738,NaN,NaN,5.5702,NaN,NaN,7.5667,3.5232,NaN,NaN,NaN,NaN,NaN,NaN,NaN,NaN,NaN,NaN,6.3889,NaN,NaN,NaN,NaN,NaN,NaN,NaN,NaN,NaN,23.448,NaN,NaN,14.125,NaN,NaN,NaN,NaN,8.4715,NaN,NaN,NaN,NaN,24.888,4.8554,3.3949,7.1459,23.932,2.1781,17.192,7.8433,2.2057,8.0153,NaN,NaN,10.876,NaN,NaN,NaN,3.0044,12.653,3.7777,7.1948,12.48,3.1626,13.827,13.026,16.249,4.1011,8.9642,4.9635,1.0566,5.9598,NaN,9.4905
1.5159,8.1662,12.77,0.29673,5.8032,6.8965,8.7148,31.514,14.321,12.458,3.4074,11.868,12.241,4.3235,3.8325,5.8388,14.741,58.871,4.7612,3.4972,4.6382,1.5497,4.99,8.3758,7.7571,NaN,24.389,7.3403,NaN,NaN,1.06,NaN,NaN,6.9043,5.2559,NaN,NaN,NaN,NaN,NaN,NaN,NaN,NaN,NaN,NaN,7.9281,NaN,NaN,NaN,NaN,NaN,NaN,NaN,NaN,NaN,34.167,NaN,NaN,14.45,NaN,NaN,NaN,NaN,1.6164,NaN,NaN,NaN,NaN,8.6386,6.0571,2.0098,9.1266,9.3978,5.9392,22.374,11.79,8.1468,2.3253,NaN,NaN,12.731,NaN,NaN,NaN,7.9246,12.736,5.4787,4.1115,3.2421,3.9646,10.337,15.721,14.914,10.172,5.3175,4.18,2.0794,15.067,NaN,5.3021
5.3609,5.8592,3.4365,8.0459,9.419,4.7399,5.2082,18.558,19.173,6.2804,8.3231,3.1416,3.4435,16.091,8.0769,9.8882,4.3528,4.6363,7.2176,8.6908,37.717,2.4282,10.045,5.1339,36.674,NaN,9.6233,5.8471,NaN,NaN,8.0338,NaN,NaN,14.211,7.972,NaN,NaN,NaN,NaN,NaN,NaN,NaN,NaN,NaN,NaN,9.0411,NaN,NaN,NaN,NaN,NaN,NaN,NaN,NaN,NaN,4.7153,NaN,NaN,13.245,NaN,NaN,NaN,NaN,4.8957,NaN,NaN,NaN,NaN,18.668,14.589,2.143,5.8812,30.086,10.361,2.6968,6.376,6.1771,3.4759,NaN,NaN,17.004,NaN,NaN,NaN,3.4907,6.7787,6.0286,8.5619,20.877,2.0994,9.8554,15.071,8.9907,3.8781,3.4549,9.4197,8.0277,9.5442,NaN,49.208
12.986,7.9002,2.5604,7.7207,8.0146,7.172,3.5333,1.9053,6.024,31.506,7.8416,17.985,4.1539,27.642,6.4758,7.3699,15.678,10.101,8.5227,10.205,8.7308,8.38,4.3612,15.897,2.3061,NaN,4.1601,9.0941,NaN,NaN,16.155,NaN,NaN,9.8536,17.367,NaN,NaN,NaN,NaN,NaN,NaN,NaN,NaN,NaN,NaN,3.8232,NaN,NaN,NaN,NaN,NaN,NaN,NaN,NaN,NaN,8.1753,NaN,NaN,3.7079,NaN,NaN,NaN,NaN,1.1545,NaN,NaN,NaN,NaN,8.7966,2.3002,35.655,6.7762,0.8655,7.5835,8.0325,11.695,17.746,14.901,NaN,NaN,9.3243,NaN,NaN,NaN,7.3976,13.276,11.324,4.9793,11.207,12.624,10.311,19.607,4.0925,5.6756,8.1285,7.9692,5.22,2.2904,NaN,7.6565
9.1314,4.6887,4.6081,10.581,6.6352,8.9057,6.8567,14.872,1.8222,10.104,2.7799,7.01,2.2878,6.5837,5.4512,8.5978,10.206,5.1355,11.424,8.178,2.4529,2.2387,8.9439,11.121,1.0188,NaN,13.177,6.7481,NaN,NaN,20.417,NaN,NaN,4.189,1.9046,NaN,NaN,NaN,NaN,NaN,NaN,NaN,NaN,NaN,NaN,13.692,NaN,NaN,NaN,NaN,NaN,NaN,NaN,NaN,NaN,8.5969,NaN,NaN,12.218,NaN,NaN,NaN,NaN,25.315,NaN,NaN,NaN,NaN,7.0958,4.71,13.047,9.315,5.7595,9.7603,3.264,20.383,37.802,14.766,NaN,NaN,4.8083,NaN,NaN,NaN,20.789,2.3209,13.151,9.1544,5.6009,3.463,9.7557,15.892,4.0919,9.4505,10.717,10.946,5.4434,9.0524,NaN,12.105
7.1663,10.336,4.2072,4.242,12.456,6.7454,6.8507,5.1895,20.579,0.84794,7.1056,7.3451,4.8136,0.92161,2.3954,0.26162,10.169,5.6797,15.429,5.6947,14.568,7.9919,11.209,11.97,4.7319,NaN,6.214,34.799,NaN,NaN,10.306,NaN,NaN,5.3066,19.351,NaN,NaN,NaN,NaN,NaN,NaN,NaN,NaN,NaN,NaN,2.2986,NaN,NaN,NaN,NaN,NaN,NaN,NaN,NaN,NaN,11.202,NaN,NaN,7.6022,NaN,NaN,NaN,NaN,8.8947,NaN,NaN,NaN,NaN,4.462,12.776,9.4791,5.0983,2.351,9.3381,4.82,13.649,6.3399,1.4405,NaN,NaN,5.9364,NaN,NaN,NaN,14.088,1.3609,2.092,14.935,3.7322,1.7166,6.1895,20.801,9.506,9.225,4.7978,6.4569,9.4638,26.055,NaN,2.6395
6.577,5.3438,2.3103,8.6098,7.3957,6.563,19.687,4.4411,8.5193,12.1,3.8898,20.242,1.685,13.704,23.426,6.4079,30.22,5.6657,7.6307,9.602,7.6101,2.1611,24.826,2.3813,7.0514,NaN,3.3534,3.6673,NaN,NaN,19.241,NaN,NaN,2.2332,4.1109,NaN,NaN,NaN,NaN,NaN,NaN,NaN,NaN,NaN,NaN,8.9585,NaN,NaN,NaN,NaN,NaN,NaN,NaN,NaN,NaN,6.9775,NaN,NaN,6.9897,NaN,NaN,NaN,NaN,17.167,NaN,NaN,NaN,NaN,3.2436,7.0412,2.9276,10.293,4.4235,19.986,3.5503,7.7004,3.7845,2.5572,NaN,NaN,14.021,NaN,NaN,NaN,1.9646,5.4563,5.553,9.9066,0.80186,10.529,10.199,17.37,12.121,7.8072,6.7331,8.9691,9.0967,3.3632,NaN,13.599
4.3918,7.3807,7.0113,7.6924,16.84,6.038,11.252,6.2248,26.221,6.9833,3.446,1.005,10.442,5.7489,9.6144,9.1394,12.829,5.1094,15.722,8.042,9.9734,0.82121,14.353,23.304,31.583,NaN,5.5084,7.2535,NaN,NaN,4.9216,NaN,NaN,11.079,14.67,NaN,NaN,NaN,NaN,NaN,NaN,NaN,NaN,NaN,NaN,3.7808,NaN,NaN,NaN,NaN,NaN,NaN,NaN,NaN,NaN,2.4589,NaN,NaN,17.884,NaN,NaN,NaN,NaN,22.197,NaN,NaN,NaN,NaN,20.066,15.548,3.5061,2.7401,6.4007,8.1812,5.6474,10.146,10.166,5.0137,NaN,NaN,15.89,NaN,NaN,NaN,4.0257,7.3041,10.921,15.612,22.003,18.019,5.3572,11.739,16.788,6.741,4.7749,4.8007,8.1025,3.3762,NaN,35.003
1.4933,5.0206,4.4451,2.4611,13.95,6.0478,7.5551,6.5015,17.148,9.9598,23.827,5.4871,25.772,11.695,8.0023,21.367,3.503,4.4501,9.9585,3.1199,10.826,5.4903,6.065,4.5524,46.253,NaN,6.4838,4.1153,NaN,NaN,6.8901,NaN,NaN,6.9982,9.5375,NaN,NaN,NaN,NaN,NaN,NaN,NaN,NaN,NaN,NaN,8.9414,NaN,NaN,NaN,NaN,NaN,NaN,NaN,NaN,NaN,5.8537,NaN,NaN,14.67,NaN,NaN,NaN,NaN,5.1509,NaN,NaN,NaN,NaN,18.218,11.563,2.6372,7.8284,22.426,12.572,5.7285,7.1425,2.1579,5.7532,NaN,NaN,18.164,NaN,NaN,NaN,6.8215,4.4804,5.038,0.38014,35.283,4.3532,16.87,15.883,12.266,6.5586,5.2699,7.1347,10.049,9.7584,NaN,24.862
14.883,4.2727,8.1979,7.3895,17.995,6.6268,3.1119,16.564,8.4167,13.811,3.393,9.8203,19.438,4.2376,9.3325,8.2538,9.7268,3.5476,9.3968,7.9525,5.6921,6.5616,4.8737,9.2157,5.0923,NaN,3.4892,5.9781,NaN,NaN,6.7585,NaN,NaN,13.971,2.4514,NaN,NaN,NaN,NaN,NaN,NaN,NaN,NaN,NaN,NaN,24.872,NaN,NaN,NaN,NaN,NaN,NaN,NaN,NaN,NaN,6.7042,NaN,NaN,12.791,NaN,NaN,NaN,NaN,6.9484,NaN,NaN,NaN,NaN,0.17855,2.386,44.697,5.6492,2.6893,19.541,7.9095,8.3083,21.499,1.366,NaN,NaN,6.2945,NaN,NaN,NaN,26.996,6.0706,4.5973,6.3,1.8596,5.4675,9.8152,7.7592,4.9994,12.749,8.7194,13.145,7.5389,2.9566,NaN,9.4242
4.996,3.7849,3.3124,4.9808,1.955,15.143,8.0515,25.064,4.4828,4.0765,10.106,10.375,4.4255,8.0161,11.968,4.0508,3.825,5.021,10.056,1.4877,25.14,4.4188,10.096,2.5882,3.542,NaN,3.03,1.2803,NaN,NaN,9.5552,NaN,NaN,12.314,9.8989,NaN,NaN,NaN,NaN,NaN,NaN,NaN,NaN,NaN,NaN,12.528,NaN,NaN,NaN,NaN,NaN,NaN,NaN,NaN,NaN,9.4683,NaN,NaN,14.394,NaN,NaN,NaN,NaN,2.963,NaN,NaN,NaN,NaN,3.8872,6.2479,8.4054,6.7673,9.2736,5.2198,6.054,3.0979,21.551,1.6329,NaN,NaN,6.3021,NaN,NaN,NaN,32.894,13.263,6.7323,7.3565,21.091,3.3831,4.0373,16.91,7.057,10.399,13.016,7.067,16.411,3.0066,NaN,3.117
5.2089,6.324,2.2994,1.162,7.0365,2.8738,10.179,8.7604,4.4213,7.319,5.1262,7.3879,7.1137,4.1638,12.577,5.0124,9.7292,2.2023,5.5558,39.859,9.4269,5.0534,10.946,7.1427,3.4991,NaN,1.0879,17.299,NaN,NaN,13.399,NaN,NaN,6.1948,13.607,NaN,NaN,NaN,NaN,NaN,NaN,NaN,NaN,NaN,NaN,7.868,NaN,NaN,NaN,NaN,NaN,NaN,NaN,NaN,NaN,2.914,NaN,NaN,4.6808,NaN,NaN,NaN,NaN,5.4183,NaN,NaN,NaN,NaN,7.8419,7.1692,9.666,11.839,3.7796,11.735,5.2022,3.8996,27.527,10.078,NaN,NaN,8.3448,NaN,NaN,NaN,7.0121,10.64,5.0529,11.56,7.6983,4.4028,8.871,23.749,6.4807,14.851,11.2,3.3246,8.8951,10.037,NaN,4.2631
17.643,1.3631,5.1793,8.2197,6.2726,8.7967,10.551,10.84,10.944,4.2587,1.2994,1.7933,4.8987,4.9455,7.9992,5.1308,1.7691,10.877,4.7199,3.6809,12.685,22.446,9.5047,5.7204,5.7003,NaN,15.792,12.313,NaN,NaN,7.8561,NaN,NaN,11.193,2.0018,NaN,NaN,NaN,NaN,NaN,NaN,NaN,NaN,NaN,NaN,19.585,NaN,NaN,NaN,NaN,NaN,NaN,NaN,NaN,NaN,5.6707,NaN,NaN,3.1038,NaN,NaN,NaN,NaN,4.1521,NaN,NaN,NaN,NaN,5.3549,12.703,16.631,2.5741,7.6369,10.503,3.8688,8.8222,22.693,7.436,NaN,NaN,15.246,NaN,NaN,NaN,24.662,15.996,7.3229,6.9237,2.6941,8.956,7.7726,9.4486,2.8734,11.955,5.5664,20.764,10.337,12.533,NaN,9.1947
2.5313,8.3809,4.6454,4.6653,4.4365,9.4314,5.9996,11.415,4.7766,22.186,8.4856,5.0814,11.37,2.513,21.225,6.808,1.0768,10.497,4.0686,10.496,3.8861,6.6685,4.9191,8.3187,0.20167,NaN,1.6478,5.6114,NaN,NaN,7.6188,NaN,NaN,3.1556,9.6018,NaN,NaN,NaN,NaN,NaN,NaN,NaN,NaN,NaN,NaN,21.381,NaN,NaN,NaN,NaN,NaN,NaN,NaN,NaN,NaN,6.1578,NaN,NaN,8.6737,NaN,NaN,NaN,NaN,12.923,NaN,NaN,NaN,NaN,9.2572,6.8052,17.341,8.8511,8.2129,5.2259,4.0324,10.319,21.08,7.3092,NaN,NaN,12.113,NaN,NaN,NaN,10.374,21.163,0.13196,10.497,9.37,16.808,13.547,63.563,3.7364,12.418,14.011,3.2798,4.2412,11.02,NaN,4.2697
9.4317,5.5073,8.1154,6.361,1.0968,5.7618,24.778,11.289,11.899,7.1759,16.811,5.3905,6.9321,0.93654,13.407,3.4409,1.4163,7.5389,8.9356,4.7236,2.9405,12.475,4.5548,2.1869,4.5293,NaN,16.315,7.1072,NaN,NaN,6.1204,NaN,NaN,10.782,18.705,NaN,NaN,NaN,NaN,NaN,NaN,NaN,NaN,NaN,NaN,10.29,NaN,NaN,NaN,NaN,NaN,NaN,NaN,NaN,NaN,1.9303,NaN,NaN,2.3167,NaN,NaN,NaN,NaN,1.4969,NaN,NaN,NaN,NaN,5.5358,7.7868,8.1482,6.0225,5.3827,3.737,7.8593,5.4214,12.729,10.437,NaN,NaN,3.7745,NaN,NaN,NaN,11.444,6.1492,15.232,2.8949,7.9252,13.608,1.3806,4.665,2.9797,8.1071,8.3928,7.5661,5.219,1.2499,NaN,3.7069
10.738,6.173,6.865,1.8335,3.255,14.188,10.202,18.934,18.047,2.6431,0.99829,10.163,3.0158,5.7691,5.3271,11.603,2.5597,9.739,14.866,8.2908,10.253,5.1987,11.279,7.0804,15.871,NaN,8.5829,5.1784,NaN,NaN,18.625,NaN,NaN,11.466,3.4153,NaN,NaN,NaN,NaN,NaN,NaN,NaN,NaN,NaN,NaN,7.0355,NaN,NaN,NaN,NaN,NaN,NaN,NaN,NaN,NaN,2.1203,NaN,NaN,5.3527,NaN,NaN,NaN,NaN,10.401,NaN,NaN,NaN,NaN,4.0795,13.659,13.175,3.9659,12.092,26.433,23.566,9.9864,4.1442,18.542,NaN,NaN,9.0018,NaN,NaN,NaN,1.7846,7.6559,39.054,16.586,8.2534,1.3554,8.3681,3.9866,2.2942,10.114,3.8442,9.5816,9.4474,1.7865,NaN,5.2507
3.8553,8.9785,13.394,10.161,9.7427,3.8953,13.933,12.667,9.5657,6.6632,4.4894,8.5853,5.2391,4.5488,7.3588,7.6206,1.7182,8.7333,3.7344,0.61987,13.152,11.469,1.5702,4.2734,2.9261,NaN,14.526,6.8475,NaN,NaN,10.325,NaN,NaN,15.192,12.228,NaN,NaN,NaN,NaN,NaN,NaN,NaN,NaN,NaN,NaN,20.906,NaN,NaN,NaN,NaN,NaN,NaN,NaN,NaN,NaN,10.421,NaN,NaN,10.472,NaN,NaN,NaN,NaN,5.7249,NaN,NaN,NaN,NaN,1.427,8.838,3.2586,4.7104,14.694,20.518,9.1375,14.86,21.559,4.9722,NaN,NaN,4.6412,NaN,NaN,NaN,24.739,2.6041,10.783,6.0879,5.9694,0.16358,9.1716,4.8977,5.1994,1.5345,6.1538,16.468,7.0715,4.6958,NaN,6.4154
7.7469,3.8677,4.7513,1.6339,23.118,1.4791,1.8239,29.008,10.505,24.895,9.8007,4.943,7.1392,2.236,7.4143,13.711,4.9217,13.166,11.104,6.9461,4.2772,4.2501,7.9439,2.6211,10.434,NaN,25.993,9.156,NaN,NaN,2.1259,NaN,NaN,5.2403,13.346,NaN,NaN,NaN,NaN,NaN,NaN,NaN,NaN,NaN,NaN,18.954,NaN,NaN,NaN,NaN,NaN,NaN,NaN,NaN,NaN,10.381,NaN,NaN,19.947,NaN,NaN,NaN,NaN,2.2072,NaN,NaN,NaN,NaN,7.0731,2.9082,12.131,4.6399,10.487,5.1054,6.4087,7.5396,20.76,13.282,NaN,NaN,16.168,NaN,NaN,NaN,22.281,8.6929,4.0817,10.395,7.4261,16.078,9.3896,11.778,6.145,7.624,12.677,22.31,9.7416,3.4597,NaN,2.705
7.3545,7.1411,7.5101,16.588,5.6025,5.9099,6.5059,2.613,5.3459,4.3279,5.6346,12.515,3.751,4.1188,14.612,16.545,31.642,6.9224,5.2957,7.3253,8.0196,16.18,0.70989,7.6937,3.8562,NaN,11.193,15.385,NaN,NaN,12.313,NaN,NaN,8.6797,7.5898,NaN,NaN,NaN,NaN,NaN,NaN,NaN,NaN,NaN,NaN,7.9197,NaN,NaN,NaN,NaN,NaN,NaN,NaN,NaN,NaN,3.3104,NaN,NaN,7.9356,NaN,NaN,NaN,NaN,6.0246,NaN,NaN,NaN,NaN,1.9379,2.4402,4.3923,11.43,1.8667,10.664,5.2609,8.4588,7.4421,6.258,NaN,NaN,3.0221,NaN,NaN,NaN,6.3728,13.39,11.661,3.5504,3.1764,10.949,6.0487,2.9412,14.559,10.92,5.3657,4.1265,10.8,3.7736,NaN,8.7893
11.449,1.6242,4.6295,11.169,3.4676,10.495,13.3,10.641,14.396,8.209,4.6481,2.348,10.857,1.6577,1.0651,11.492,9.6565,6.7561,9.7702,5.4297,5.3029,21.585,3.6026,9.0742,9.4152,NaN,39.364,3.4669,NaN,NaN,18.381,NaN,NaN,17.458,5.1103,NaN,NaN,NaN,NaN,NaN,NaN,NaN,NaN,NaN,NaN,22.162,NaN,NaN,NaN,NaN,NaN,NaN,NaN,NaN,NaN,5.4204,NaN,NaN,12.223,NaN,NaN,NaN,NaN,9.4264,NaN,NaN,NaN,NaN,8.4428,9.8719,12.591,14.313,7.4251,3.2196,4.1717,6.6531,15.785,11.926,NaN,NaN,2.5576,NaN,NaN,NaN,12.56,7.6513,26.139,28.135,9.1423,13.377,3.1031,6.794,20.748,11.27,2.3178,13.995,19.37,5.8465,NaN,6.9948
13.493,7.768,4.0491,16.196,3.4616,7.1685,16.624,17.081,6.0563,2.212,7.6849,3.2174,11.424,3.0273,14.531,9.2891,3.2496,10.683,9.2305,8.4752,12.612,8.5692,6.4044,4.4012,6.8956,NaN,21.741,5.6952,NaN,NaN,22.76,NaN,NaN,19.214,8.1856,NaN,NaN,NaN,NaN,NaN,NaN,NaN,NaN,NaN,NaN,12.855,NaN,NaN,NaN,NaN,NaN,NaN,NaN,NaN,NaN,4.4375,NaN,NaN,10.376,NaN,NaN,NaN,NaN,5.5338,NaN,NaN,NaN,NaN,7.7875,0.55481,4.7451,3.8628,7.864,17.679,16.116,3.9884,20.943,4.4273,NaN,NaN,3.4421,NaN,NaN,NaN,22.167,4.5629,5.122,10.071,6.8321,5.4026,13.983,14.049,11.69,10.754,3.4293,14.647,5.6325,4.6414,NaN,6.3177
7.3748,9.7085,5.2097,22.604,28.542,4.9674,8.9381,5.8703,16.092,2.8019,5.6206,10.554,12.123,1.644,3.3912,9.7217,2.5605,5.2575,5.0677,23.204,16.96,5.3211,6.9421,5.0406,2.9013,NaN,12.227,10.502,NaN,NaN,5.9271,NaN,NaN,3.7538,17.395,NaN,NaN,NaN,NaN,NaN,NaN,NaN,NaN,NaN,NaN,3.551,NaN,NaN,NaN,NaN,NaN,NaN,NaN,NaN,NaN,18.485,NaN,NaN,5.8722,NaN,NaN,NaN,NaN,5.2359,NaN,NaN,NaN,NaN,5.263,2.4382,5.2639,13.352,4.6313,14.269,2.9011,10.061,21.537,3.7494,NaN,NaN,6.2663,NaN,NaN,NaN,5.2428,4.6824,4.9189,10.24,4.2901,4.7425,8.4105,4.8091,7.2041,8.5531,3.941,12.529,15.541,18.699,NaN,7.2274
4.7271,18.68,7.2574,7.5649,6.5871,6.3818,10.18,19.286,6.1404,18.252,9.3402,5.536,14.353,3.7971,3.7735,5.595,6.3254,7.4129,8.7663,5.1461,8.3059,4.0243,16.519,7.9099,1.3053,NaN,19.366,0.55698,NaN,NaN,11.84,NaN,NaN,9.1369,9.249,NaN,NaN,NaN,NaN,NaN,NaN,NaN,NaN,NaN,NaN,46.285,NaN,NaN,NaN,NaN,NaN,NaN,NaN,NaN,NaN,8.7329,NaN,NaN,14.547,NaN,NaN,NaN,NaN,13.96,NaN,NaN,NaN,NaN,3.6678,8.7131,1.5564,10.325,14.331,16.94,39.015,11.409,24.638,4.7887,NaN,NaN,2.5964,NaN,NaN,NaN,12.436,34.701,2.7626,19.316,9.9036,12.678,14.316,9.3398,13.845,2.9853,7.2574,11.133,4.4325,9.7174,NaN,8.6438
39.611,4.0232,9.8253,5.241,4.8512,2.13,1.8554,12.705,4.788,11.92,10.57,7.9547,14.65,7.8367,3.5413,18.318,4.2111,2.99,4.5795,5.6192,5.2448,10.112,4.8586,11.343,3.2941,NaN,12.608,3.2069,NaN,NaN,9.5823,NaN,NaN,2.6608,7.1257,NaN,NaN,NaN,NaN,NaN,NaN,NaN,NaN,NaN,NaN,29.682,NaN,NaN,NaN,NaN,NaN,NaN,NaN,NaN,NaN,10.996,NaN,NaN,2.1523,NaN,NaN,NaN,NaN,4.5691,NaN,NaN,NaN,NaN,7.4813,5.0127,10.377,3.879,5.6526,2.0935,8.3035,8.4133,43.012,3.9376,NaN,NaN,5.0843,NaN,NaN,NaN,7.4408,5.6091,13.922,9.937,7.9781,5.2423,1.9045,4.3366,12.082,12.524,6.7883,7.675,8.9769,10.239,NaN,20.893
22.976,5.9506,4.4128,12.963,2.5851,23.348,8.0693,5.4747,6.9819,3.9828,7.5421,6.974,6.743,6.7116,7.0587,10.184,4.5502,2.3431,7.2152,9.7498,2.4685,5.9958,11.001,2.8281,4.7359,NaN,7.2805,3.2914,NaN,NaN,3.1926,NaN,NaN,2.692,9.8156,NaN,NaN,NaN,NaN,NaN,NaN,NaN,NaN,NaN,NaN,9.8726,NaN,NaN,NaN,NaN,NaN,NaN,NaN,NaN,NaN,7.3501,NaN,NaN,8.3709,NaN,NaN,NaN,NaN,5.8181,NaN,NaN,NaN,NaN,3.6763,16.769,5.3476,25.375,7.6131,13.248,33.072,7.8754,7.8766,3.7871,NaN,NaN,3.428,NaN,NaN,NaN,8.4094,10.968,20.846,27.587,4.8465,1.8189,16.094,13.964,9.0998,4.5415,6.61,3.8673,6.6095,4.7014,NaN,3.6631
12.471,11.612,5.1837,14.341,17.33,4.7005,6.2635,23.718,2.1008,6.2761,8.0377,6.8821,6.5123,19.63,3.4304,16.024,6.7245,6.5032,16.02,18.132,3.946,9.7628,0.90497,40.416,15.985,NaN,4.3901,3.2957,NaN,NaN,28.996,NaN,NaN,5.433,39.35,NaN,NaN,NaN,NaN,NaN,NaN,NaN,NaN,NaN,NaN,14.194,NaN,NaN,NaN,NaN,NaN,NaN,NaN,NaN,NaN,13.076,NaN,NaN,5.0616,NaN,NaN,NaN,NaN,3.8908,NaN,NaN,NaN,NaN,11.472,12.492,6.5774,6.7324,11.132,2.9448,15.317,5.907,2.94,3.8987,NaN,NaN,6.9366,NaN,NaN,NaN,10.911,3.0028,10.846,12.594,7.8999,16.686,9.5631,12.685,5.6204,26.004,15.447,8.2534,9.1621,3.8663,NaN,14.509
12.057,2.4705,6.4906,11.427,6.4228,6.8323,5.6218,24.823,14.897,12.373,3.7256,2.2042,11.744,4.912,5.9424,0.6182,9.7683,12.416,11.046,1.3095,7.0229,10.206,5.1587,9.5125,8.299,NaN,1.9603,12.986,NaN,NaN,6.5571,NaN,NaN,5.5215,12.698,NaN,NaN,NaN,NaN,NaN,NaN,NaN,NaN,NaN,NaN,5.7654,NaN,NaN,NaN,NaN,NaN,NaN,NaN,NaN,NaN,6.4269,NaN,NaN,24.282,NaN,NaN,NaN,NaN,8.2072,NaN,NaN,NaN,NaN,2.9069,12.478,13.436,18.556,8.2511,5.9684,1.3218,11.512,2.8271,6.5787,NaN,NaN,11.504,NaN,NaN,NaN,22.701,0.87839,13.564,3.4658,7.2383,7.5323,27.424,14.014,2.4017,6.1241,7.7351,5.8462,4.3886,10.295,NaN,14.494
8.6911,5.2411,6.4156,5.8152,8.3636,15.317,11.914,6.3477,18.428,7.3921,12.906,14.887,5.044,0.96243,4.7378,6.0671,5.0563,2.4143,4.2263,7.5928,11.925,6.8411,2.6545,8.2253,4.9106,NaN,10.822,3.5234,NaN,NaN,13.517,NaN,NaN,7.0469,5.1328,NaN,NaN,NaN,NaN,NaN,NaN,NaN,NaN,NaN,NaN,3.9093,NaN,NaN,NaN,NaN,NaN,NaN,NaN,NaN,NaN,16.454,NaN,NaN,3.3379,NaN,NaN,NaN,NaN,3.3803,NaN,NaN,NaN,NaN,2.4863,13.549,11.999,21.355,1.7746,14.029,15.662,4.6055,25.045,5.439,NaN,NaN,7.469,NaN,NaN,NaN,5.4239,5.2201,9.8458,10.226,5.526,11.991,6.753,2.2125,8.7033,0.74369,8.7528,6.8894,23.335,17.891,NaN,8.8792
20.275,1.3209,9.7768,9.7601,13.104,8.2812,12.396,17.056,2.4436,4.4732,4.5929,20.547,5.7742,5.1593,7.3364,5.4738,6.4425,3.3671,9.7643,10.698,3.7315,1.9392,7.1321,8.5671,1.5103,NaN,10.306,4.4047,NaN,NaN,4.1292,NaN,NaN,10.853,8.4781,NaN,NaN,NaN,NaN,NaN,NaN,NaN,NaN,NaN,NaN,13.213,NaN,NaN,NaN,NaN,NaN,NaN,NaN,NaN,NaN,2.3833,NaN,NaN,8.7526,NaN,NaN,NaN,NaN,1.4472,NaN,NaN,NaN,NaN,5.7732,12.665,6.6115,10.986,2.4386,4.8673,6.7789,15.086,8.746,10.624,NaN,NaN,10.228,NaN,NaN,NaN,4.3886,5.1276,13.849,7.1739,9.9895,0.61114,8.1073,8.8279,5.2826,6.2109,6.2324,8.4741,13.473,7.0874,NaN,5.8348
7.1334,3.4239,3.15,14.901,5.6744,15.569,13.404,8.9117,8.0709,3.6366,1.3457,11.743,8.3154,3.6081,7.9689,11.221,2.9813,5.3697,2.3647,11.96,3.276,23.434,3.1221,0.84205,5.0978,NaN,11.36,9.2659,NaN,NaN,7.0592,NaN,NaN,13.708,3.2488,NaN,NaN,NaN,NaN,NaN,NaN,NaN,NaN,NaN,NaN,6.6555,NaN,NaN,NaN,NaN,NaN,NaN,NaN,NaN,NaN,4.2667,NaN,NaN,4.5934,NaN,NaN,NaN,NaN,4.2033,NaN,NaN,NaN,NaN,3.183,6.177,8.2934,22.763,3.3149,22.884,8.7056,14.5,12.626,4.4778,NaN,NaN,4.4442,NaN,NaN,NaN,3.9753,7.541,9.8884,9.0935,9.3076,3.4747,5.37,7.662,9.8025,3.3659,14.901,8.1809,9.0008,7.5487,NaN,6.7354
15.189,4.3171,11.711,5.2303,3.8809,2.2539,6.6208,6.1032,11.906,14.239,12.374,1.2902,14.907,3.8416,7.5408,6.3337,19.53,2.9924,7.5472,2.6914,2.5083,3.4552,15.196,4.5413,14.672,NaN,15.082,16.39,NaN,NaN,9.0361,NaN,NaN,12.695,16.229,NaN,NaN,NaN,NaN,NaN,NaN,NaN,NaN,NaN,NaN,12.812,NaN,NaN,NaN,NaN,NaN,NaN,NaN,NaN,NaN,2.3621,NaN,NaN,19.461,NaN,NaN,NaN,NaN,3.8562,NaN,NaN,NaN,NaN,8.0692,17.976,13.439,10.898,11.503,3.037,8.7189,3.4242,15.732,8.1384,NaN,NaN,2.113,NaN,NaN,NaN,1.8817,5.0059,10.057,9.1521,5.7232,26.761,6.3282,15.21,14.812,3.4398,17.89,19.449,34.623,17.557,NaN,5.6973
24.884,2.9486,6.7397,4.6894,9.0061,8.5176,5.8513,10.365,4.4173,4.3517,3.0411,3.2353,3.9449,11.339,21.15,8.0753,8.7658,9.6618,21.3,10.202,5.6331,6.1829,2.6346,7.93,2.2881,NaN,17.326,3.8825,NaN,NaN,11.189,NaN,NaN,9.4867,14.926,NaN,NaN,NaN,NaN,NaN,NaN,NaN,NaN,NaN,NaN,11.842,NaN,NaN,NaN,NaN,NaN,NaN,NaN,NaN,NaN,7.0141,NaN,NaN,1.8246,NaN,NaN,NaN,NaN,2.4987,NaN,NaN,NaN,NaN,7.4227,11.466,3.3258,10.134,22.805,4.882,7.5135,9.3982,36.965,4.3413,NaN,NaN,7.7733,NaN,NaN,NaN,3.3117,5.5743,21.9,3.9526,6.4528,12.538,0.3735,9.6572,6.6963,6.6887,6.9553,8.6051,24.58,4.1482,NaN,19.094
22.135,28.257,9.0745,19.639,12.604,14.734,1.6976,4.6935,12.516,2.8628,20.645,9.6385,6.5347,4.707,1.7524,3.909,8.161,10.3,21.606,9.1854,3.7711,5.404,7.2521,14.173,27.659,NaN,6.0445,3.1204,NaN,NaN,10.139,NaN,NaN,8.0332,5.7981,NaN,NaN,NaN,NaN,NaN,NaN,NaN,NaN,NaN,NaN,8.6331,NaN,NaN,NaN,NaN,NaN,NaN,NaN,NaN,NaN,19.908,NaN,NaN,6.4146,NaN,NaN,NaN,NaN,3.0535,NaN,NaN,NaN,NaN,11.453,10.777,0.76596,4.5299,13.03,4.4093,2.868,8.7886,2.9852,5.0851,NaN,NaN,5.6849,NaN,NaN,NaN,8.636,7.1304,4.1629,7.8938,1.078,7.1087,19.385,6.4076,3.656,11.531,6.2292,4.0833,15.467,4.1863,NaN,12.867
4.9441,4.9106,13.292,4.649,11.473,10.529,11.917,2.0027,3.8531,1.7645,21.55,13.032,7.8242,2.1251,2.5138,9.5416,0.86731,10.384,2.5284,12.087,4.7804,3.1858,5.3107,5.7442,8.5393,NaN,15.447,8.139,NaN,NaN,8.5648,NaN,NaN,7.9459,2.6009,NaN,NaN,NaN,NaN,NaN,NaN,NaN,NaN,NaN,NaN,12.174,NaN,NaN,NaN,NaN,NaN,NaN,NaN,NaN,NaN,12.225,NaN,NaN,7.8909,NaN,NaN,NaN,NaN,4.3516,NaN,NaN,NaN,NaN,7.8547,7.231,23.741,4.6014,7.8313,8.0516,13.006,1.7549,11.85,13.677,NaN,NaN,18.544,NaN,NaN,NaN,3.7712,1.492,9.8051,8.5356,5.4169,5.6891,7.1789,2.4178,12.883,2.5711,6.9494,3.8903,9.5432,35.241,NaN,14.385
7.9444,0.71791,9.8541,5.5343,1.5765,9.9501,7.1496,5.1448,2.2437,4.9844,11.873,0.54167,6.586,20.643,3.9133,20.542,13.461,4.0689,4.9102,9.2779,6.7068,6.0255,1.7817,5.8834,1.6528,NaN,6.8408,1.7358,NaN,NaN,2.2276,NaN,NaN,3.4784,6.6712,NaN,NaN,NaN,NaN,NaN,NaN,NaN,NaN,NaN,NaN,8.2276,NaN,NaN,NaN,NaN,NaN,NaN,NaN,NaN,NaN,11.42,NaN,NaN,16.564,NaN,NaN,NaN,NaN,11.01,NaN,NaN,NaN,NaN,11.585,3.8074,9.5822,28.988,3.7301,4.7533,8.9904,4.1024,18.925,17.279,NaN,NaN,10.911,NaN,NaN,NaN,12.645,7.7982,4.865,8.8153,3.6047,7.7613,8.1558,0.66774,8.6854,6.0734,5.4544,3.1704,5.0466,5.8839,NaN,4.6961
7.9932,4.6368,16.128,6.1986,2.6649,8.2844,1.5729,1.3879,6.2145,5.2137,8.3697,10.332,7.8861,36.662,9.3576,6.371,5.4081,2.9594,13.593,6.629,1.1087,5.7467,5.3294,5.4805,3.1612,NaN,6.0349,5.5518,NaN,NaN,6.3848,NaN,NaN,5.2239,12.921,NaN,NaN,NaN,NaN,NaN,NaN,NaN,NaN,NaN,NaN,9.9231,NaN,NaN,NaN,NaN,NaN,NaN,NaN,NaN,NaN,11.667,NaN,NaN,6.2572,NaN,NaN,NaN,NaN,2.9798,NaN,NaN,NaN,NaN,7.5229,3.6034,5.3461,68.419,5.7398,11.677,11.505,7.4382,18.923,7.9158,NaN,NaN,12.5,NaN,NaN,NaN,9.1302,3.5591,1.0181,12.61,5.1372,4.1913,7.2982,4.2416,13.886,6.0935,2.3214,7.7675,16.442,15.032,NaN,11.556
9.9046,4.9802,16.119,4.2158,8.1891,9.8857,0.80232,18.396,5.2734,5.7818,9.4152,44.273,3.8918,4.3192,14.244,5.2402,3.23,11.64,5.6659,6.6257,9.3036,5.7669,4.156,36.012,15.65,NaN,6.5466,3.7054,NaN,NaN,3.85,NaN,NaN,5.5211,7.1685,NaN,NaN,NaN,NaN,NaN,NaN,NaN,NaN,NaN,NaN,10.806,NaN,NaN,NaN,NaN,NaN,NaN,NaN,NaN,NaN,3.4254,NaN,NaN,8.8462,NaN,NaN,NaN,NaN,3.0938,NaN,NaN,NaN,NaN,4.3805,7.6891,13.897,6.8191,6.1106,5.2753,8.71,5.3343,8.3222,2.7916,NaN,NaN,12.245,NaN,NaN,NaN,1.5064,1.4527,9.6028,8.1086,4.1136,5.2055,7.5475,5.4412,7.6061,7.214,18.494,15.006,2.2943,5.593,NaN,18.992
2.1673,9.4659,3.1464,4.3979,6.7197,28.738,4.5716,15.709,10.347,7.9101,1.2279,6.7448,15.556,6.4275,6.4764,6.0894,3.9396,1.3445,12.967,3.932,1.8572,9.8708,3.3991,6.1684,0.86636,NaN,0.022908,8.4486,NaN,NaN,5.1726,NaN,NaN,0.24482,9.2559,NaN,NaN,NaN,NaN,NaN,NaN,NaN,NaN,NaN,NaN,8.078,NaN,NaN,NaN,NaN,NaN,NaN,NaN,NaN,NaN,6.0518,NaN,NaN,1.1739,NaN,NaN,NaN,NaN,2.6939,NaN,NaN,NaN,NaN,8.1424,7.6527,22.357,7.0738,3.2258,4.0496,3.5057,12.386,8.8504,2.439,NaN,NaN,12.356,NaN,NaN,NaN,2.2109,8.3046,9.5449,9.8271,0.091822,3.5818,8.5097,8.4046,3.5478,4.3377,3.1701,17.13,2.666,4.3735,NaN,5.8259
17.129,21.452,26.04,7.1098,6.2133,3.5911,11.823,3.8734,6.6055,0.71605,7.8044,2.7699,8.1162,2.3421,5.4514,2.6502,14.289,6.0009,3.5336,7.6437,19.732,9.5943,7.9918,9.4606,6.4554,NaN,6.7615,3.0902,NaN,NaN,6.2255,NaN,NaN,10.049,2.507,NaN,NaN,NaN,NaN,NaN,NaN,NaN,NaN,NaN,NaN,16.55,NaN,NaN,NaN,NaN,NaN,NaN,NaN,NaN,NaN,9.6071,NaN,NaN,14.118,NaN,NaN,NaN,NaN,5.677,NaN,NaN,NaN,NaN,9.9446,4.8943,11.003,1.8848,6.7193,3.6508,69.096,4.0551,12.437,46.084,NaN,NaN,8.7617,NaN,NaN,NaN,10.683,6.5013,4.6588,19.356,3.0036,1.5519,12.964,2.932,33.583,9.0276,32.578,3.0543,3.1816,5.6895,NaN,4.2175
9.0992,6.1433,20.34,6.0214,6.1457,13.589,3.8852,8.4858,6.9744,1.2488,7.418,2.0168,4.6562,3.8255,6.0947,4.4422,12.201,5.9928,5.3569,3.8111,9.1238,5.1934,9.35,3.3838,6.8218,NaN,6.9264,2.4049,NaN,NaN,10.816,NaN,NaN,8.7796,4.4145,NaN,NaN,NaN,NaN,NaN,NaN,NaN,NaN,NaN,NaN,3.109,NaN,NaN,NaN,NaN,NaN,NaN,NaN,NaN,NaN,5.9204,NaN,NaN,4.6804,NaN,NaN,NaN,NaN,9.8343,NaN,NaN,NaN,NaN,6.4551,8.8898,8.9758,2.5186,6.2243,8.6084,13.64,3.6922,18.646,41.308,NaN,NaN,1.9381,NaN,NaN,NaN,4.8525,1.4219,8.6873,0.73853,13.878,8.0565,12.915,8.0897,5.6582,2.0489,13.526,4.9366,1.2052,4.5535,NaN,18.799
5.4308,6.6709,11.24,8.4697,0.87861,22.681,2.1492,12.465,0.9502,4.0303,9.011,3.3671,4.7562,18.932,4.7155,5.2018,6.1274,11.228,0.54067,3.4085,1.7819,10.374,4.5205,17.201,6.3657,NaN,6.5176,7.2679,NaN,NaN,2.3953,NaN,NaN,2.0803,15.24,NaN,NaN,NaN,NaN,NaN,NaN,NaN,NaN,NaN,NaN,6.1528,NaN,NaN,NaN,NaN,NaN,NaN,NaN,NaN,NaN,23.619,NaN,NaN,3.108,NaN,NaN,NaN,NaN,12.1,NaN,NaN,NaN,NaN,9.7029,1.9867,5.6819,2.8249,2.8388,4.625,7.9489,2.3304,3.3615,24.171,NaN,NaN,6.6928,NaN,NaN,NaN,26.891,3.0882,8.9436,6.6143,14.877,7.4091,6.4598,3.1046,5.0557,10.604,17.567,6.6467,1.5573,19.771,NaN,3.962
5.805,2.269,3.95,1.9901,7.024,20.156,5.3497,5.8358,4.0593,1.7369,2.806,6.2681,6.2042,13.959,6.9737,2.7245,4.6115,24.249,10.145,15.209,3.1408,3.0011,2.0969,12.359,3.8197,NaN,5.0235,8.7097,NaN,NaN,6.6457,NaN,NaN,7.4608,12.845,NaN,NaN,NaN,NaN,NaN,NaN,NaN,NaN,NaN,NaN,13.719,NaN,NaN,NaN,NaN,NaN,NaN,NaN,NaN,NaN,22.797,NaN,NaN,2.6988,NaN,NaN,NaN,NaN,1.9296,NaN,NaN,NaN,NaN,9.9508,7.8643,8.2318,6.295,7.2239,6.7976,14.72,39.176,9.383,5.8312,NaN,NaN,1.8,NaN,NaN,NaN,10.505,6.7353,6.7939,9.9014,3.457,22.998,10.045,15.47,8.8206,5.1891,4.0507,4.589,26.096,3.755,NaN,5.2731
9.6174,3.7068,8.2474,4.6872,6.4551,14.598,9.195,10.096,6.6728,1.683,2.9827,1.0043,7.3465,8.3564,12.576,2.6572,3.4816,18.636,10.961,8.6245,14.084,8.796,8.166,11.869,3.4969,NaN,4.0794,9.387,NaN,NaN,4.373,NaN,NaN,4.3377,6.6987,NaN,NaN,NaN,NaN,NaN,NaN,NaN,NaN,NaN,NaN,16.72,NaN,NaN,NaN,NaN,NaN,NaN,NaN,NaN,NaN,11.666,NaN,NaN,8.4538,NaN,NaN,NaN,NaN,2.3932,NaN,NaN,NaN,NaN,6.0685,7.0829,6.0946,12.442,12.311,6.3444,11.101,3.7086,8.8717,2.3713,NaN,NaN,10.302,NaN,NaN,NaN,14.407,5.2961,4.529,15.783,4.3904,13.9,5.5089,3.7137,9.8186,0.43037,13.359,15.129,17.667,0.64071,NaN,19.374
6.229,7.6531,9.4047,6.151,12.824,30.702,6.8731,9.4872,3.9199,0.84057,14.699,4.6144,4.2334,6.2325,3.0767,6.3055,1.0465,5.5732,10.697,1.8505,14.168,1.6501,13.944,1.6349,11.391,NaN,2.7653,1.1442,NaN,NaN,6.2496,NaN,NaN,5.925,0.73276,NaN,NaN,NaN,NaN,NaN,NaN,NaN,NaN,NaN,NaN,10.661,NaN,NaN,NaN,NaN,NaN,NaN,NaN,NaN,NaN,6.1128,NaN,NaN,9.285,NaN,NaN,NaN,NaN,5.0862,NaN,NaN,NaN,NaN,6.8518,18.171,14.437,50.202,9.1055,21.23,20.509,4.0092,25.075,12.524,NaN,NaN,16.24,NaN,NaN,NaN,6.4209,19.884,16.951,11.419,2.4476,9.5073,4.8272,7.8736,6.7301,31.53,25.791,3.5484,5.6382,15.12,NaN,17.834
4.7443,10.075,13.153,15.114,9.2631,1.2748,15.374,1.9977,12.576,1.5336,16.99,0.46588,6.3928,2.7773,7.238,3.1965,15.993,6.366,3.3784,2.1604,16.103,13.84,6.3243,15.494,6.8003,NaN,11.142,1.8749,NaN,NaN,4.9037,NaN,NaN,6.0042,5.0975,NaN,NaN,NaN,NaN,NaN,NaN,NaN,NaN,NaN,NaN,16.375,NaN,NaN,NaN,NaN,NaN,NaN,NaN,NaN,NaN,9.3526,NaN,NaN,6.5296,NaN,NaN,NaN,NaN,4.7704,NaN,NaN,NaN,NaN,19.056,7.8984,16.5,3.1971,5.6277,9.6094,33.089,9.9298,12.605,17.182,NaN,NaN,8.2622,NaN,NaN,NaN,21.743,13.234,12.161,12.891,3.1888,2.4476,9.9948,7.186,9.8633,39.52,13.277,1.5485,1.1286,11.46,NaN,17.145
4.1257,13.985,5.5709,3.4151,6.2246,4.9856,8.2364,16.93,26.234,4.8871,9.1337,4.3473,7.0737,8.1222,12.828,5.1839,12.618,8.0809,21.014,8.7497,1.2671,16.872,13.37,1.8076,6.1746,NaN,9.6422,14.588,NaN,NaN,4.3704,NaN,NaN,5.9798,6.9895,NaN,NaN,NaN,NaN,NaN,NaN,NaN,NaN,NaN,NaN,1.874,NaN,NaN,NaN,NaN,NaN,NaN,NaN,NaN,NaN,17.909,NaN,NaN,6.4518,NaN,NaN,NaN,NaN,4.4226,NaN,NaN,NaN,NaN,23.345,10.656,7.6176,4.4012,4.3053,7.628,9.5205,4.5174,10.111,7.3631,NaN,NaN,4.358,NaN,NaN,NaN,13.108,2.8641,3.6982,5.0773,2.0245,6.8415,2.3935,5.468,11.686,5.9012,22.693,2.7659,2.4695,21.591,NaN,1.7344
9.3177,2.5638,5.1219,4.2656,4.9501,10.437,11.949,6.7297,8.1045,8.3112,3.5983,2.991,8.8772,0.53022,1.6117,5.4749,12.595,4.7557,10.515,2.3784,6.4839,7.261,2.2391,1.9404,6.7621,NaN,8.1569,7.9855,NaN,NaN,4.9004,NaN,NaN,5.3776,9.5404,NaN,NaN,NaN,NaN,NaN,NaN,NaN,NaN,NaN,NaN,8.4406,NaN,NaN,NaN,NaN,NaN,NaN,NaN,NaN,NaN,15.073,NaN,NaN,2.9163,NaN,NaN,NaN,NaN,1.0837,NaN,NaN,NaN,NaN,5.5037,19.855,7.5026,10.332,4.4704,4.4137,11.996,10.388,4.2277,15.667,NaN,NaN,14.003,NaN,NaN,NaN,9.4436,3.063,10.224,3.9943,1.5406,4.4529,19.38,18.432,3.7517,7.4441,6.7605,20.868,5.3173,4.9868,NaN,8.9393
15.602,2.5158,1.9716,15.574,2.7083,8.3816,9.023,6.563,12.955,22.832,5.0471,2.4639,7.9394,6.1617,10.359,9.3466,6.7145,11.515,14.174,9.4447,4.0943,7.3033,10.648,14.042,4.8913,NaN,3.1868,15.1,NaN,NaN,4.5417,NaN,NaN,5.6228,7.3878,NaN,NaN,NaN,NaN,NaN,NaN,NaN,NaN,NaN,NaN,9.2512,NaN,NaN,NaN,NaN,NaN,NaN,NaN,NaN,NaN,15.001,NaN,NaN,0.76751,NaN,NaN,NaN,NaN,10.158,NaN,NaN,NaN,NaN,5.5553,1.0295,6.3958,36.086,8.3167,3.6128,4.9362,6.2285,12.155,4.2633,NaN,NaN,10.203,NaN,NaN,NaN,8.6494,10.533,3.2858,5.7552,6.7673,1.8525,3.8673,4.6945,12.228,3.1871,4.5056,15.666,17.218,14.868,NaN,16.439
7.481,11.237,4.9863,26.119,3.1368,7.5151,3.0895,4.0713,16.68,7.7423,1.9195,2.3259,14.293,9.2282,4.418,7.0554,1.0914,37.782,4.7793,4.3458,3.0434,10.884,18.974,2.9239,5.9154,NaN,3.2727,6.9959,NaN,NaN,2.8804,NaN,NaN,4.518,14.547,NaN,NaN,NaN,NaN,NaN,NaN,NaN,NaN,NaN,NaN,7.2794,NaN,NaN,NaN,NaN,NaN,NaN,NaN,NaN,NaN,25.386,NaN,NaN,11.531,NaN,NaN,NaN,NaN,24.197,NaN,NaN,NaN,NaN,2.0303,6.0542,15.486,7.0146,6.7972,12.563,14.754,3.5662,15.191,2.5617,NaN,NaN,11.443,NaN,NaN,NaN,6.5025,18.477,10.302,6.1952,5.7573,16.365,6.371,7.0532,7.6277,3.8364,2.5096,14.606,3.9071,8.6641,NaN,12.781
2.2595,1.33,5.5274,22.661,9.0873,6.3067,1.2369,10.354,23.288,5.7505,4.0265,6.8567,6.772,3.0949,3.0834,4.5729,11.497,1.7707,4.1244,4.2694,4.554,2.0527,15.175,7.5834,15.732,NaN,10.734,2.5958,NaN,NaN,10.089,NaN,NaN,6.0819,6.9482,NaN,NaN,NaN,NaN,NaN,NaN,NaN,NaN,NaN,NaN,3.5916,NaN,NaN,NaN,NaN,NaN,NaN,NaN,NaN,NaN,5.5173,NaN,NaN,10.921,NaN,NaN,NaN,NaN,15.744,NaN,NaN,NaN,NaN,13.102,24.011,15.471,3.8913,10.29,6.6034,8.0353,16.86,0.93856,4.0398,NaN,NaN,7.5404,NaN,NaN,NaN,25.539,13.011,5.142,3.9275,2.6146,2.9086,14.706,0.82016,6.6206,4.1602,9.5043,7.3785,17.06,19.022,NaN,6.601
10.332,0.71339,16.696,5.7239,6.3501,13.077,9.9089,1.2849,17.151,9.0243,8.1089,0.68659,9.5648,1.5039,1.1527,6.4974,11.965,9.9244,18.916,3.127,1.8282,7.679,2.1668,10.049,3.8429,NaN,5.7877,3.1469,NaN,NaN,5.9595,NaN,NaN,24.529,21.649,NaN,NaN,NaN,NaN,NaN,NaN,NaN,NaN,NaN,NaN,6.5072,NaN,NaN,NaN,NaN,NaN,NaN,NaN,NaN,NaN,1.3117,NaN,NaN,10.048,NaN,NaN,NaN,NaN,11.922,NaN,NaN,NaN,NaN,23.004,30.269,10.244,8.5367,7.1112,1.4282,5.5941,4.9775,4.2321,2.815,NaN,NaN,6.2314,NaN,NaN,NaN,5.3514,6.9592,3.0455,2.4667,6.1872,8.1899,28.068,12.437,6.1518,10.921,7.7192,0.86551,1.7337,10.264,NaN,18.058
6.6449,11.666,8.3135,15.53,6.471,4.7703,4.4729,13.13,8.0394,3.9729,24.11,4.9121,7.5325,9.3378,5.255,7.0617,9.1921,6.8407,11.509,5.6548,8.6636,3.1226,4.9549,6.5583,0.63477,NaN,7.5288,7.7584,NaN,NaN,3.2245,NaN,NaN,9.093,9.7224,NaN,NaN,NaN,NaN,NaN,NaN,NaN,NaN,NaN,NaN,11.041,NaN,NaN,NaN,NaN,NaN,NaN,NaN,NaN,NaN,8.6665,NaN,NaN,2.1254,NaN,NaN,NaN,NaN,5.0754,NaN,NaN,NaN,NaN,32.52,3.8457,9.2312,12.212,11.127,9.1891,12.43,7.2888,20.531,13.466,NaN,NaN,10.182,NaN,NaN,NaN,22.571,6.1157,18.19,7.9508,2.666,7.6198,8.7686,7.5426,13.85,13.216,17.26,16.581,9.9107,10.304,NaN,49.508
18.899,13.178,10.009,24.418,11.024,6.3042,7.0629,8.9789,2.041,6.2008,10.494,0.75366,10.531,1.0463,1.3956,8.054,11.169,5.3304,9.5065,0.64841,11.993,14.123,3.7252,5.9747,5.2896,NaN,4.3118,1.2433,NaN,NaN,6.2363,NaN,NaN,5.3873,0.73554,NaN,NaN,NaN,NaN,NaN,NaN,NaN,NaN,NaN,NaN,10.43,NaN,NaN,NaN,NaN,NaN,NaN,NaN,NaN,NaN,11.342,NaN,NaN,6.4779,NaN,NaN,NaN,NaN,3.987,NaN,NaN,NaN,NaN,3.0557,7.8458,5.513,10.77,3.2152,13.21,7.3048,2.6586,22.353,6.7077,NaN,NaN,9.6617,NaN,NaN,NaN,22.589,6.1613,10.473,3.0231,2.903,5.0874,25.323,4.1311,19.709,4.5684,13.315,11.459,7.1462,5.4582,NaN,4.7215
1.9325,7.9421,2.6021,9.6859,4.1344,6.2716,2.6032,4.2921,0.96009,8.5905,15.841,1.5713,3.9313,4.0259,6.0585,4.4659,5.6495,15.883,3.0311,3.4287,16.072,3.0003,12.142,5.8259,3.7205,NaN,21.054,3.8377,NaN,NaN,3.8376,NaN,NaN,8.6553,34.821,NaN,NaN,NaN,NaN,NaN,NaN,NaN,NaN,NaN,NaN,13.136,NaN,NaN,NaN,NaN,NaN,NaN,NaN,NaN,NaN,8.6335,NaN,NaN,1.5295,NaN,NaN,NaN,NaN,8.6039,NaN,NaN,NaN,NaN,54.634,9.2423,12.519,5.3683,7.7905,1.6898,3.7108,8.788,12.354,5.3258,NaN,NaN,30.839,NaN,NaN,NaN,15.305,7.2669,4.5018,2.9976,1.6992,6.0146,3.114,0.43234,9.6579,9.9461,8.2612,4.6956,24.565,13.795,NaN,13.181
6.4376,5.4389,23.095,3.5066,2.4851,5.4812,6.6996,16.449,10.668,2.78,8.7253,10.332,7.0404,6.5124,6.3564,5.4648,15.29,1.5132,6.3508,3.9012,2.8615,3.1033,4.2459,10.405,11.173,NaN,4.3708,12.568,NaN,NaN,13.122,NaN,NaN,7.9307,6.793,NaN,NaN,NaN,NaN,NaN,NaN,NaN,NaN,NaN,NaN,24.709,NaN,NaN,NaN,NaN,NaN,NaN,NaN,NaN,NaN,10.125,NaN,NaN,12.173,NaN,NaN,NaN,NaN,4.4398,NaN,NaN,NaN,NaN,9.5022,13.162,5.3668,3.3881,4.3324,8.0661,7.2591,11.137,7.8786,11.373,NaN,NaN,9.6013,NaN,NaN,NaN,15.48,6.9029,7.2849,17.011,25.651,3.0247,3.4091,1.3802,2.6061,1.0892,4.9059,3.8786,16.282,4.6235,NaN,18.911
7.5111,21.257,10.752,13.021,5.5614,13.058,12.111,8.9351,9.7753,5.6166,5.4913,6.5113,7.3568,4.8479,9.211,17.887,9.5485,26.878,11.601,10.805,2.5507,3.7417,6.3665,9.7264,11.709,NaN,7.4118,6.3365,NaN,NaN,6.9856,NaN,NaN,5.7011,4.7514,NaN,NaN,NaN,NaN,NaN,NaN,NaN,NaN,NaN,NaN,4.9752,NaN,NaN,NaN,NaN,NaN,NaN,NaN,NaN,NaN,5.3195,NaN,NaN,3.8864,NaN,NaN,NaN,NaN,11.812,NaN,NaN,NaN,NaN,6.8031,4.4267,7.2323,6.3465,14.227,6.5214,49.268,2.5136,4.9774,5.7091,NaN,NaN,46.466,NaN,NaN,NaN,13.931,10.913,13.985,20.154,5.5286,39.134,9.7515,5.6583,13.021,5.2029,1.1945,7.63,9.0168,1.727,NaN,11.899
9.0824,9.7637,10.422,25.532,9.0628,15.158,9.2629,23.693,18.537,3.5983,7.677,3.1316,5.2179,2.9836,5.3093,4.1471,13.661,9.2448,11.987,7.2731,6.23,0.88213,5.415,8.6815,6.3539,NaN,5.892,4.0605,NaN,NaN,5.199,NaN,NaN,11.623,7.3558,NaN,NaN,NaN,NaN,NaN,NaN,NaN,NaN,NaN,NaN,3.4863,NaN,NaN,NaN,NaN,NaN,NaN,NaN,NaN,NaN,5.7044,NaN,NaN,27.434,NaN,NaN,NaN,NaN,4.5393,NaN,NaN,NaN,NaN,1.3581,7.847,9.153,6.4166,3.9303,7.6283,4.6226,3.2059,4.756,6.8306,NaN,NaN,2.8295,NaN,NaN,NaN,2.1204,7.3976,7.4374,0.65678,12.076,13.721,6.8866,2.5258,10.25,4.3719,8.9395,8.6488,11.723,1.0844,NaN,22.941
5.0183,10.67,18.065,4.7165,6.1348,23.919,12.293,14.038,2.747,11.179,13.195,0.75132,22.845,3.8283,4.9787,6.0334,5.1513,11.639,28.068,6.6495,6.9769,2.9606,0.92491,10.868,6.8246,NaN,6.083,2.003,NaN,NaN,2.171,NaN,NaN,4.1967,4.3309,NaN,NaN,NaN,NaN,NaN,NaN,NaN,NaN,NaN,NaN,10.569,NaN,NaN,NaN,NaN,NaN,NaN,NaN,NaN,NaN,6.9181,NaN,NaN,2.6444,NaN,NaN,NaN,NaN,0.68609,NaN,NaN,NaN,NaN,11.975,12.099,8.2749,7.5895,11.424,6.1295,6.0586,4.8288,2.1764,1.6924,NaN,NaN,9.2525,NaN,NaN,NaN,12.027,5.3528,3.9754,1.967,13.217,2.0972,7.8765,4.124,8.3388,4.0247,29.562,7.2071,9.1378,6.8407,NaN,7.6442
20.839,14.402,10.148,11.087,8.9308,5.5088,4.6464,22.239,11.149,3.7799,37.185,4.7913,11.25,7.1056,5.0865,7.1858,12.601,4.3976,17.803,2.5107,13.727,14.554,2.6271,7.1298,1.3429,NaN,6.2565,3.1388,NaN,NaN,9.6501,NaN,NaN,10.72,19.237,NaN,NaN,NaN,NaN,NaN,NaN,NaN,NaN,NaN,NaN,14.649,NaN,NaN,NaN,NaN,NaN,NaN,NaN,NaN,NaN,14.552,NaN,NaN,1.1822,NaN,NaN,NaN,NaN,1.7402,NaN,NaN,NaN,NaN,19.948,2.889,6.4959,2.4008,8.0007,11.922,10.482,7.7518,30.757,11.437,NaN,NaN,29.458,NaN,NaN,NaN,22.416,10.614,10.266,8.3739,2.6907,7.0252,16.455,4.7041,17.466,40.158,39.422,4.9885,21.187,11.93,NaN,30.034
2.246,1.681,8.442,0.67984,9.927,14.604,3.782,1.6302,2.9077,10.956,9.32,2.088,8.233,1.4119,2.8886,7.8326,7.4485,9.3373,4.0265,13.718,13.652,6.4211,3.7773,3.0628,3.6808,NaN,14.815,12.367,NaN,NaN,7.3485,NaN,NaN,4.6248,24.662,NaN,NaN,NaN,NaN,NaN,NaN,NaN,NaN,NaN,NaN,13.677,NaN,NaN,NaN,NaN,NaN,NaN,NaN,NaN,NaN,3.1375,NaN,NaN,6.915,NaN,NaN,NaN,NaN,1.3069,NaN,NaN,NaN,NaN,5.0056,3.3352,4.2638,7.3482,2.9098,0.55417,5.4531,7.7939,3.9122,2.4708,NaN,NaN,2.2259,NaN,NaN,NaN,3.117,4.3578,6.9079,4.0523,5.3158,4.0242,5.2848,10.517,7.2065,4.6832,1.6725,10.093,18.519,21.398,NaN,16.886
6.196,6.6909,8.5655,42.287,5.2049,9.9332,7.9187,5.8817,5.1575,9.6863,14.006,3.8887,23.976,6.3798,5.9973,10.324,21.196,12.813,7.9593,1.242,12.637,6.2251,3.6542,4.5628,14.038,NaN,5.8023,4.5717,NaN,NaN,12.133,NaN,NaN,9.9077,2.99,NaN,NaN,NaN,NaN,NaN,NaN,NaN,NaN,NaN,NaN,10.061,NaN,NaN,NaN,NaN,NaN,NaN,NaN,NaN,NaN,18.866,NaN,NaN,3.9769,NaN,NaN,NaN,NaN,3.6382,NaN,NaN,NaN,NaN,20.431,25.362,7.7341,7.2084,5.5186,6.9732,11.847,18.202,24.894,11.358,NaN,NaN,38.576,NaN,NaN,NaN,31.126,4.6096,16.173,4.0105,1.0455,6.3214,15.171,3.5169,14.997,15.316,8.7494,3.0375,12.055,28.855,NaN,16.894
15.66,30.272,1.686,8.9055,3.5344,12.652,3.5712,17.8,8.5545,3.4032,12.378,4.0277,3.6187,6.2258,18.747,4.0196,37.479,5.9432,1.133,1.7389,6.1626,5.1287,5.5574,11.576,13.306,NaN,20.672,3.9494,NaN,NaN,9.2644,NaN,NaN,10.235,2.7729,NaN,NaN,NaN,NaN,NaN,NaN,NaN,NaN,NaN,NaN,12.584,NaN,NaN,NaN,NaN,NaN,NaN,NaN,NaN,NaN,14.406,NaN,NaN,8.3422,NaN,NaN,NaN,NaN,2.6538,NaN,NaN,NaN,NaN,9.3167,6.2801,3.7972,11.419,3.1039,7.0519,23.846,3.109,3.5822,10.117,NaN,NaN,19.747,NaN,NaN,NaN,16.924,4.6226,16.836,1.9297,17.115,10.752,17.839,8.6739,13.152,3.8385,5.329,8.7765,5.4884,10.813,NaN,7.4721
8.335,9.7629,14.208,5.3891,8.4079,15.964,8.9363,18.563,8.3747,7.0749,7.4763,1.6699,7.1395,4.523,5.3213,3.642,25.728,8.1885,23.238,46.78,6.3492,6.8114,5.4667,6.2325,8.4881,NaN,5.0964,5.2205,NaN,NaN,0.57294,NaN,NaN,6.3601,0.26756,NaN,NaN,NaN,NaN,NaN,NaN,NaN,NaN,NaN,NaN,9.1066,NaN,NaN,NaN,NaN,NaN,NaN,NaN,NaN,NaN,10.308,NaN,NaN,3.8304,NaN,NaN,NaN,NaN,2.8832,NaN,NaN,NaN,NaN,11.934,9.5061,5.2319,14.42,6.199,17.616,1.8972,2.4826,3.4365,3.6179,NaN,NaN,11.587,NaN,NaN,NaN,16.789,4.5806,2.6964,0.46769,9.4038,14.675,3.0987,10.204,3.5537,3.1046,6.9296,10.945,10.201,8.5541,NaN,4.359
11.895,11.636,17.734,17.642,12.342,8.5206,5.5415,5.4209,7.5179,2.7817,39.884,0.31857,12.664,2.3593,4.8847,6.9019,17.867,23.423,2.4672,6.8396,14.61,9.5357,5.0233,1.9915,3.5134,NaN,9.3345,1.6514,NaN,NaN,13.093,NaN,NaN,24.881,8.0332,NaN,NaN,NaN,NaN,NaN,NaN,NaN,NaN,NaN,NaN,21.618,NaN,NaN,NaN,NaN,NaN,NaN,NaN,NaN,NaN,16.084,NaN,NaN,10.206,NaN,NaN,NaN,NaN,1.4575,NaN,NaN,NaN,NaN,11.985,8.4299,8.7518,7.2946,1.6465,14.266,9.9809,9.8059,22.506,17.513,NaN,NaN,30.002,NaN,NaN,NaN,16.491,12.366,34.265,9.5365,0.54617,5.6071,18.221,7.2007,18.032,47.706,20.355,2.3343,14.781,14.225,NaN,29.314
9.4517,3.4421,24.768,6.3741,5.0465,16.127,5.7707,3.6976,7.1791,3.1785,3.7067,0.60596,16.217,1.2193,1.7071,5.2706,10.242,6.7061,0.76239,20.593,8.8674,6.2581,8.4035,1.6478,3.866,NaN,3.8722,4.5778,NaN,NaN,5.0504,NaN,NaN,6.4315,21.191,NaN,NaN,NaN,NaN,NaN,NaN,NaN,NaN,NaN,NaN,10.939,NaN,NaN,NaN,NaN,NaN,NaN,NaN,NaN,NaN,7.2443,NaN,NaN,9.6436,NaN,NaN,NaN,NaN,6.5962,NaN,NaN,NaN,NaN,2.8694,17.115,5.8668,2.0044,3.5191,1.5043,3.3988,11.979,14.469,3.6215,NaN,NaN,11.497,NaN,NaN,NaN,7.0611,4.9367,2.4874,5.3784,6.3163,4.0205,20.15,6.8134,0.27919,17.267,6.5473,15.212,10.008,14.918,NaN,6.646
9.2341,12.384,24.962,50.677,7.2548,14.17,11.874,19.017,10.16,3.4539,17.666,6.0833,6.7976,15.003,6.5733,7.168,40.364,3.6241,8.9838,3.8023,13.847,9.0218,3.6817,4.1404,5.5414,NaN,9.2959,4.1918,NaN,NaN,6.0266,NaN,NaN,6.9582,7.5488,NaN,NaN,NaN,NaN,NaN,NaN,NaN,NaN,NaN,NaN,8.4782,NaN,NaN,NaN,NaN,NaN,NaN,NaN,NaN,NaN,21.619,NaN,NaN,1.8341,NaN,NaN,NaN,NaN,6.2094,NaN,NaN,NaN,NaN,34.408,22.582,11.629,3.6028,4.8617,46.578,17.386,21.453,8.5968,16.667,NaN,NaN,17.975,NaN,NaN,NaN,29.511,2.8615,21.106,9.8211,2.4144,0.49325,5.419,1.0986,10.889,12.325,26.126,9.6671,8.8973,11.144,NaN,25.779
2.2735,3.1096,11.93,12.175,8.9331,1.5183,4.9292,7.4047,5.6668,4.128,7.1288,8.7646,6.5525,7.9413,11.445,24.887,26.754,39.547,8.7377,7.4987,9.1173,5.4284,4.2533,7.7676,4.7637,NaN,3.3292,7.987,NaN,NaN,7.9246,NaN,NaN,2.236,6.8974,NaN,NaN,NaN,NaN,NaN,NaN,NaN,NaN,NaN,NaN,13.826,NaN,NaN,NaN,NaN,NaN,NaN,NaN,NaN,NaN,41.802,NaN,NaN,9.4585,NaN,NaN,NaN,NaN,4.0614,NaN,NaN,NaN,NaN,11.25,7.0601,4.7793,6.4173,7.1368,26.405,15.259,8.2692,2.7661,9.6963,NaN,NaN,13.359,NaN,NaN,NaN,14.991,5.1998,14.956,6.5621,7.7033,7.9658,6.6952,6.0592,7.6706,17.365,14.349,10.35,8.9771,36.606,NaN,8.9982
4.4753,5.6717,25.349,5.6385,8.1239,15.631,10.81,18.589,2.4679,6.7775,7.9985,6.8503,13.456,3.0477,2.5754,14.785,29.095,9.9305,19.502,12.964,7.0169,8.3696,1.3934,2.0943,1.9948,NaN,6.7003,8.697,NaN,NaN,8.7003,NaN,NaN,5.3174,8.0295,NaN,NaN,NaN,NaN,NaN,NaN,NaN,NaN,NaN,NaN,16.278,NaN,NaN,NaN,NaN,NaN,NaN,NaN,NaN,NaN,18.321,NaN,NaN,7.6199,NaN,NaN,NaN,NaN,4.9963,NaN,NaN,NaN,NaN,22.008,14.178,3.5806,6.2412,11.057,6.1018,5.2851,1.9657,1.767,5.2791,NaN,NaN,16.963,NaN,NaN,NaN,18.288,6.1963,24.925,6.5682,8.4401,3.7977,3.7641,22.472,0.079973,17.649,14.426,7.1537,3.4919,24.222,NaN,2.5152
14.233,11.844,10.837,20.014,11.949,13.712,8.6555,6.2339,9.8913,4.1492,39.736,2.8815,10.954,3.1083,1.8348,7.26,21.63,17.748,6.3386,1.3334,17.971,5.6213,3.2585,4.2075,4.3165,NaN,17.323,3.4639,NaN,NaN,19.78,NaN,NaN,12.5,7.5898,NaN,NaN,NaN,NaN,NaN,NaN,NaN,NaN,NaN,NaN,17.38,NaN,NaN,NaN,NaN,NaN,NaN,NaN,NaN,NaN,15.775,NaN,NaN,17.917,NaN,NaN,NaN,NaN,0.96298,NaN,NaN,NaN,NaN,19.215,7.3939,12.239,11.967,4.4695,16.282,16.822,5.0805,29.523,17.339,NaN,NaN,38.887,NaN,NaN,NaN,14.69,14.072,35.775,12.868,4.2356,2.4681,8.2375,6.8906,16.776,33.775,23.045,7.8607,17.725,19.161,NaN,29.794
5.1096,6.8668,5.0457,8.513,9.8836,3.6243,11.058,8.9159,0.41219,3.7103,5.7087,3.3334,8.227,3.5552,6.0642,12.733,2.3116,15.649,12.409,11.85,8.865,6.1537,0.52898,1.7832,2.3832,NaN,4.5678,5.3884,NaN,NaN,8.943,NaN,NaN,8.7313,9.4414,NaN,NaN,NaN,NaN,NaN,NaN,NaN,NaN,NaN,NaN,4.1386,NaN,NaN,NaN,NaN,NaN,NaN,NaN,NaN,NaN,7.3963,NaN,NaN,2.4191,NaN,NaN,NaN,NaN,2.9717,NaN,NaN,NaN,NaN,17.282,4.9964,3.1709,1.2536,1.4048,4.8537,27.565,3.2751,17.707,9.4894,NaN,NaN,25.632,NaN,NaN,NaN,21.766,7.7869,41.328,4.3599,7.9471,2.9207,10.292,11.02,3.8816,27.868,9.2862,16.158,6.1785,23.04,NaN,14.851
7.8484,4.4777,8.99,14.047,16,5.8138,10.094,9.4927,15.411,4.799,18.575,3.0099,6.389,15.46,11.394,8.8677,15.36,20.587,8.335,3.8191,3.5529,9.7397,11.55,8.2549,5.6936,NaN,6.6305,11.594,NaN,NaN,19.209,NaN,NaN,3.0248,10.58,NaN,NaN,NaN,NaN,NaN,NaN,NaN,NaN,NaN,NaN,2.004,NaN,NaN,NaN,NaN,NaN,NaN,NaN,NaN,NaN,23.596,NaN,NaN,0.93242,NaN,NaN,NaN,NaN,2.7809,NaN,NaN,NaN,NaN,21.13,43.32,17.111,4.3827,10.598,20.729,9.5548,3.0359,10.843,11.546,NaN,NaN,20.417,NaN,NaN,NaN,22.827,6.2204,9.7611,8.4279,1.2425,1.5292,6.0646,10.307,5.9633,13.084,13.512,14.827,20.19,9.7934,NaN,14.652
6.2316,5.2817,4.4177,9.0731,27.19,2.4728,20.136,7.5954,18.518,2.2313,13.489,3.8754,9.2119,7.0032,8.442,15.92,36.346,11.867,2.3381,2.1953,9.1813,4.8999,11.123,11.839,8.4207,NaN,9.6789,11.367,NaN,NaN,11.145,NaN,NaN,11.226,4.0023,NaN,NaN,NaN,NaN,NaN,NaN,NaN,NaN,NaN,NaN,11.309,NaN,NaN,NaN,NaN,NaN,NaN,NaN,NaN,NaN,22.374,NaN,NaN,11.953,NaN,NaN,NaN,NaN,2.6597,NaN,NaN,NaN,NaN,28.527,15.665,9.5845,9.6943,7.1876,6.8467,7.8385,3.6234,16.283,6.3525,NaN,NaN,35.003,NaN,NaN,NaN,29.013,4.9523,15.752,9.3141,9.3248,3.2773,11.71,25.274,10.48,20.487,9.7405,9.7358,17.194,36.01,NaN,8.1505
4.6424,13.307,10.202,11.154,6.9967,18.109,13.652,16.871,11.197,3.873,18.171,1.24,15.94,4.1526,3.2171,10.134,15.442,11.44,3.5329,2.4057,21.21,4.787,4.5511,17.194,4.6955,NaN,5.3944,7.5644,NaN,NaN,17.517,NaN,NaN,8.7867,5.9015,NaN,NaN,NaN,NaN,NaN,NaN,NaN,NaN,NaN,NaN,19.436,NaN,NaN,NaN,NaN,NaN,NaN,NaN,NaN,NaN,11.654,NaN,NaN,13.806,NaN,NaN,NaN,NaN,1.8466,NaN,NaN,NaN,NaN,37.323,23.504,1.0743,7.2989,6.3617,3.9838,5.2742,0.62554,6.1218,7.2268,NaN,NaN,21.591,NaN,NaN,NaN,21.579,12.288,22.025,9.286,7.6206,3.0579,4.6018,17.052,4.2746,11.838,16.235,5.116,14.245,37.552,NaN,2.8392
4.4815,20.054,6.9511,4.1097,9.0706,4.9195,8.8924,2.1658,6.8107,1.9413,6.5724,8.838,10.475,2.2613,3.4707,10.534,8.4376,4.9613,2.8307,7.928,4.4095,10.357,3.6355,4.9971,31.863,NaN,2.1249,3.3136,NaN,NaN,8.1032,NaN,NaN,8.3098,8.4218,NaN,NaN,NaN,NaN,NaN,NaN,NaN,NaN,NaN,NaN,17.23,NaN,NaN,NaN,NaN,NaN,NaN,NaN,NaN,NaN,9.8878,NaN,NaN,3.0744,NaN,NaN,NaN,NaN,5.9463,NaN,NaN,NaN,NaN,30.752,8.1562,5.9729,4.188,4.023,4.9373,1.8191,4.4343,3.6459,3.027,NaN,NaN,20.194,NaN,NaN,NaN,6.7603,1.6825,3.6554,7.4546,5.7043,2.0518,3.4718,6.6733,18.349,0.52444,7.6428,8.4577,4.3603,20.988,NaN,13.207
25.176,7.922,3.3946,4.8248,11.582,9.5408,15.213,5.0065,4.48,4.4001,9.253,5.5789,3.7364,6.3604,2.1526,9.2991,10.256,4.1935,6.0544,13.992,7.728,12.378,3.0875,10.826,13.697,NaN,5.5502,4.6613,NaN,NaN,4.7685,NaN,NaN,25.505,13.031,NaN,NaN,NaN,NaN,NaN,NaN,NaN,NaN,NaN,NaN,5.398,NaN,NaN,NaN,NaN,NaN,NaN,NaN,NaN,NaN,10.221,NaN,NaN,5.1007,NaN,NaN,NaN,NaN,12.084,NaN,NaN,NaN,NaN,18.384,11.078,10.343,7.7693,7.2727,3.9213,13.632,1.3234,5.336,5.5533,NaN,NaN,2.274,NaN,NaN,NaN,3.4574,6.0084,5.6719,4.211,8.2796,2.7988,6.6198,0.57918,14.819,7.6212,5.2533,2.6279,1.6994,21.659,NaN,14.183
4.659,6.4661,14.483,2.4923,10.122,8.9346,9.7761,0.72108,20.442,7.2656,6.3181,4.6501,9.3058,10.646,5.2959,5.2422,15.598,7.9776,6.8015,14.564,8.7356,5.639,8.615,7.6131,16.475,NaN,19.84,4.3433,NaN,NaN,15.487,NaN,NaN,5.6665,15.572,NaN,NaN,NaN,NaN,NaN,NaN,NaN,NaN,NaN,NaN,12.232,NaN,NaN,NaN,NaN,NaN,NaN,NaN,NaN,NaN,5.5163,NaN,NaN,17.049,NaN,NaN,NaN,NaN,6.3477,NaN,NaN,NaN,NaN,22.858,13.757,3.1758,4.2147,8.6001,6.2657,3.8308,6.2391,6.323,4.9547,NaN,NaN,29.839,NaN,NaN,NaN,1.3027,8.9425,5.2155,2.5141,8.3161,9.0451,25.417,15.076,9.9824,5.323,4.6415,3.3361,5.4724,9.2103,NaN,20.533
21.574,13.083,15.667,24.066,12.77,15.491,11.525,16.315,11.597,5.8108,31.932,6.5867,10.001,4.5839,3.9511,6.9584,29.7,20.657,2.3364,5.0258,15.575,19.29,1.5932,9.3858,7.0715,NaN,11.192,1.8668,NaN,NaN,16.117,NaN,NaN,6.9114,8.6622,NaN,NaN,NaN,NaN,NaN,NaN,NaN,NaN,NaN,NaN,18.468,NaN,NaN,NaN,NaN,NaN,NaN,NaN,NaN,NaN,16.816,NaN,NaN,12.144,NaN,NaN,NaN,NaN,1.8931,NaN,NaN,NaN,NaN,24.572,7.9734,72.906,14.359,7.6773,12.327,24.95,8.4422,23.676,21.156,NaN,NaN,34.29,NaN,NaN,NaN,22.932,11.765,37.649,13.869,7.2384,0.8181,5.8644,5.8872,20.886,44.658,50.747,17.783,24.699,25.445,NaN,26.737
7.542,14.021,12.454,12.969,8.1372,9.6702,10.46,6.8668,2.4194,2.5392,12.605,1.4333,5.8702,3.4061,17.849,11.796,19.863,17.07,4.9312,13.373,31.032,6.4109,9.0909,2.5162,6.5332,NaN,0.84621,2.2257,NaN,NaN,25.276,NaN,NaN,42.47,4.5462,NaN,NaN,NaN,NaN,NaN,NaN,NaN,NaN,NaN,NaN,14.523,NaN,NaN,NaN,NaN,NaN,NaN,NaN,NaN,NaN,10.919,NaN,NaN,4.4592,NaN,NaN,NaN,NaN,6.3623,NaN,NaN,NaN,NaN,13.716,6.1525,1.297,1.4073,4.3113,4.9458,15.676,10.689,30.198,22.058,NaN,NaN,26.528,NaN,NaN,NaN,12.068,15.79,50.856,4.5996,11.4,1.3143,6.7911,10.224,4.565,20.748,22.732,8.25,20.708,54.482,NaN,12.598
15.298,5.4478,4.2828,21.937,7.0192,15.084,3.6879,8.0016,13.104,1.913,21.588,2.3759,6.3884,6.4599,15.242,7.1383,12.892,28.246,7.1179,32.658,3.0696,9.5678,1.5961,15.492,4.6443,NaN,5.9791,6.2678,NaN,NaN,9.2665,NaN,NaN,0.874,15.081,NaN,NaN,NaN,NaN,NaN,NaN,NaN,NaN,NaN,NaN,2.1922,NaN,NaN,NaN,NaN,NaN,NaN,NaN,NaN,NaN,18.213,NaN,NaN,14.16,NaN,NaN,NaN,NaN,4.0024,NaN,NaN,NaN,NaN,23.497,9.589,3.2661,10.163,1.5311,11.27,9.05,4.3382,12.857,6.2612,NaN,NaN,18.768,NaN,NaN,NaN,21.071,4.3169,16.545,8.2104,3.2842,14.515,5.2098,16.091,1.4763,12.175,13.596,9.5871,3.6444,7.6671,NaN,13.367
10.612,13.741,3.3872,7.5548,18.756,14.888,10.925,10.266,10.594,3.5167,17.388,2.5414,12.315,11.713,3.4733,3.3451,22.906,7.0269,3.7784,3.7352,10.789,5.1827,5.9666,12.822,8.3467,NaN,6.4565,14.961,NaN,NaN,23.963,NaN,NaN,9.7223,6.3606,NaN,NaN,NaN,NaN,NaN,NaN,NaN,NaN,NaN,NaN,7.4689,NaN,NaN,NaN,NaN,NaN,NaN,NaN,NaN,NaN,11.916,NaN,NaN,5.6596,NaN,NaN,NaN,NaN,5.486,NaN,NaN,NaN,NaN,15.503,11.055,6.8184,18.735,3.5525,3.2524,11.928,7.8206,11.68,6.2861,NaN,NaN,15.876,NaN,NaN,NaN,15.273,7.9466,15.053,7.3748,3.1049,11.713,2.6908,10.686,12.467,10.678,13.41,5.6652,6.5628,21.925,NaN,12.741
5.6486,15.146,10.892,2.6721,4.4464,10.666,8.1427,10.15,7.2761,3.7576,5.9098,5.4385,1.695,4.5501,6.7612,10.671,12.072,11.168,2.9845,7.6393,16.12,6.8724,8.1501,10.002,6.7066,NaN,11.574,6.1575,NaN,NaN,22.08,NaN,NaN,7.6901,5.0423,NaN,NaN,NaN,NaN,NaN,NaN,NaN,NaN,NaN,NaN,11.833,NaN,NaN,NaN,NaN,NaN,NaN,NaN,NaN,NaN,5.4691,NaN,NaN,10.584,NaN,NaN,NaN,NaN,7.4037,NaN,NaN,NaN,NaN,27.514,6.2128,7.5299,5.08,4.6338,16.747,5.0077,8.2747,9.3871,8.3459,NaN,NaN,4.5112,NaN,NaN,NaN,7.5421,5.2156,2.892,3.2861,5.4127,5.2791,3.3248,11.883,14.067,4.1556,4.0515,3.287,7.0232,25.377,NaN,10.815
6.0077,6.9403,3.5364,2.1231,9.19,6.4567,6.5899,12.809,22.276,7.1804,13.067,0.80237,8.6411,14.211,3.5537,2.6505,9.997,3.8828,5.9206,16.015,5.2238,6.0014,9.4425,7.2863,12.885,NaN,14.486,10.931,NaN,NaN,4.7059,NaN,NaN,37.277,2.5904,NaN,NaN,NaN,NaN,NaN,NaN,NaN,NaN,NaN,NaN,18.525,NaN,NaN,NaN,NaN,NaN,NaN,NaN,NaN,NaN,7.8944,NaN,NaN,10.724,NaN,NaN,NaN,NaN,4.777,NaN,NaN,NaN,NaN,31.655,7.3941,3.2647,10.205,9.6333,4.3305,12.879,4.6933,5.157,0.97123,NaN,NaN,36.347,NaN,NaN,NaN,11.536,2.226,2.258,2.9277,8.9977,1.9317,7.1129,20.082,15.775,3.8971,5.8959,11.253,2.7729,18.588,NaN,4.0809
4.6047,4.775,8.6246,7.7207,9.8504,10.022,10.821,38.172,38.462,10.407,2.2928,3.0518,5.3973,20.411,8.4882,4.1317,12.403,11.547,13.99,9.6252,9.7961,0.37074,9.4431,14.697,11.037,NaN,24.871,11.303,NaN,NaN,2.9648,NaN,NaN,12.619,10.589,NaN,NaN,NaN,NaN,NaN,NaN,NaN,NaN,NaN,NaN,5.8108,NaN,NaN,NaN,NaN,NaN,NaN,NaN,NaN,NaN,4.2868,NaN,NaN,14.391,NaN,NaN,NaN,NaN,15.73,NaN,NaN,NaN,NaN,19.302,8.8801,4.3559,2.9038,14.242,10.92,16.325,11.648,6.1662,7.6812,NaN,NaN,13.878,NaN,NaN,NaN,2.3878,11.106,5.0591,3.2678,7.2034,8.0797,8.8848,25.412,4.3707,9.0929,3.2375,4.0028,4.97,9.4432,NaN,28.382
27.029,14.558,10.564,29.584,15.332,16.351,13.47,12.996,12.67,7.4588,25.424,8.034,9.5895,3.2107,5.993,5.7492,24.497,15.245,1.6777,5.3769,12.546,19.553,0.27987,10.489,6.1952,NaN,8.5672,3.579,NaN,NaN,11.592,NaN,NaN,11.522,10.679,NaN,NaN,NaN,NaN,NaN,NaN,NaN,NaN,NaN,NaN,15.969,NaN,NaN,NaN,NaN,NaN,NaN,NaN,NaN,NaN,20.391,NaN,NaN,11.527,NaN,NaN,NaN,NaN,2.2742,NaN,NaN,NaN,NaN,24.516,6.5502,19.488,9.3012,10.217,13.519,28.58,12.46,28.728,24.476,NaN,NaN,30.378,NaN,NaN,NaN,33.448,9.8984,31.684,14.36,6.6969,1.7547,13.33,9.6591,24.704,29.708,32.578,17.86,16.533,16.247,NaN,26.416
7.5097,2.9011,7.2497,8.4532,8.8061,17.313,32.484,2.5321,1.8428,6.8295,8.9403,6.4453,14.303,2.8221,3.3672,13.198,18.275,11.495,1.9383,2.9576,11.448,9.1009,14.235,4.8501,5.6125,NaN,8.7463,9.2426,NaN,NaN,17.348,NaN,NaN,8.4693,3.4843,NaN,NaN,NaN,NaN,NaN,NaN,NaN,NaN,NaN,NaN,17.435,NaN,NaN,NaN,NaN,NaN,NaN,NaN,NaN,NaN,32.379,NaN,NaN,10.874,NaN,NaN,NaN,NaN,4.0611,NaN,NaN,NaN,NaN,4.9174,9.4192,5.7013,5.1186,2.7692,9.8509,9.0864,10.899,13.663,7.7462,NaN,NaN,7.9239,NaN,NaN,NaN,5.596,11.373,15.089,5.0915,4.5419,2.1698,21.078,3.0844,2.7145,8.8092,7.9651,10.793,10.734,17.91,NaN,10.203
12.173,7.668,6.5104,15.452,1.4463,41.565,8.0257,9.1752,10.2,9.4763,13.736,3.6154,10.091,10.337,10.269,18.668,21.352,16.174,7.6937,5.7057,7.0756,10.428,3.6692,9.6658,0.58449,NaN,9.1115,4.7774,NaN,NaN,17.178,NaN,NaN,2.2564,18.15,NaN,NaN,NaN,NaN,NaN,NaN,NaN,NaN,NaN,NaN,3.4793,NaN,NaN,NaN,NaN,NaN,NaN,NaN,NaN,NaN,14.12,NaN,NaN,7.4086,NaN,NaN,NaN,NaN,9.6191,NaN,NaN,NaN,NaN,12.718,4.2164,3.3256,22.236,3.5633,9.2091,11.239,11.84,10.758,4.3275,NaN,NaN,24.061,NaN,NaN,NaN,5.4683,7.2338,23.19,8.4262,2.6054,8.2197,8.3896,13.517,5.0305,12.34,30.588,16.53,3.5737,5.9477,NaN,20.772
5.5682,11.106,36.705,3.6128,7.5475,9.3784,12.458,7.4932,7.3591,7.6455,6.1402,4.725,3.9874,6.8339,7.825,10.301,3.1336,10.336,15.786,4.1354,20.681,2.6272,15.928,6.2339,3.4831,NaN,16.6,3.2871,NaN,NaN,10.506,NaN,NaN,4.9208,0.97544,NaN,NaN,NaN,NaN,NaN,NaN,NaN,NaN,NaN,NaN,2.8299,NaN,NaN,NaN,NaN,NaN,NaN,NaN,NaN,NaN,12.544,NaN,NaN,7.4356,NaN,NaN,NaN,NaN,3.0925,NaN,NaN,NaN,NaN,15.594,6.4187,6.9246,7.0572,10.159,6.6208,3.8629,2.1484,8.4841,4.6412,NaN,NaN,5.4441,NaN,NaN,NaN,2.9278,3.661,10.008,3.5492,4.2307,5.6657,6.5602,26.602,24.775,4.3493,4.8727,2.851,5.4384,12.295,NaN,9.8633
11.615,3.3312,8.7176,9.1207,2.401,10.827,7.8545,7.1992,12.419,6.4828,11.767,2.4272,4.2786,0.88978,0.82442,2.8905,11.396,8.0049,2.2858,10.118,10.695,4.223,12.402,5.6047,3.888,NaN,16.636,7.5362,NaN,NaN,6.0151,NaN,NaN,2.4657,10.327,NaN,NaN,NaN,NaN,NaN,NaN,NaN,NaN,NaN,NaN,4.051,NaN,NaN,NaN,NaN,NaN,NaN,NaN,NaN,NaN,11.05,NaN,NaN,9.0061,NaN,NaN,NaN,NaN,20.706,NaN,NaN,NaN,NaN,3.4893,4.4789,6.8043,0.14884,11.769,1.9947,15.353,11.678,10.966,2.3327,NaN,NaN,14.072,NaN,NaN,NaN,6.4411,4.6211,11.66,2.3015,10.908,3.4644,3.6987,12.666,34.447,7.8943,5.7394,4.4835,6.7122,15.449,NaN,1.0742
8.6685,13.243,2.608,3.1706,8.4254,17.766,3.9716,12.884,24.024,9.1686,14.833,16.261,5.1163,18.891,2.9627,1.7339,1.4505,13.807,8.3549,9.6632,6.8055,6.2544,14.655,1.5904,11.168,NaN,16.479,12.734,NaN,NaN,5.3236,NaN,NaN,12.736,4.8755,NaN,NaN,NaN,NaN,NaN,NaN,NaN,NaN,NaN,NaN,8.2848,NaN,NaN,NaN,NaN,NaN,NaN,NaN,NaN,NaN,7.9537,NaN,NaN,16.681,NaN,NaN,NaN,NaN,2.8821,NaN,NaN,NaN,NaN,6.727,21.978,7.3383,4.2372,12.872,4.6237,15.838,6.6045,20.113,4.5505,NaN,NaN,17.733,NaN,NaN,NaN,2.7375,4.5323,9.819,8.8975,17.696,1.9074,19.168,6.3249,24.102,8.8552,17.302,22.834,8.4457,13.934,NaN,2.8397
41.401,13.842,8.6531,21.631,19.885,15.501,12.153,7.3596,10.457,5.2201,27.356,2.3162,9.3463,2.4897,8.2584,5.5901,12.436,14.371,3.2517,4.6526,10.776,14.487,0.90535,6.2809,2.7531,NaN,4.8551,5.8553,NaN,NaN,12.696,NaN,NaN,3.0895,3.702,NaN,NaN,NaN,NaN,NaN,NaN,NaN,NaN,NaN,NaN,15.944,NaN,NaN,NaN,NaN,NaN,NaN,NaN,NaN,NaN,21.821,NaN,NaN,16.93,NaN,NaN,NaN,NaN,0.37489,NaN,NaN,NaN,NaN,19.101,3.0741,9.4822,6.9177,8.8536,19.085,35.288,9.1965,32.297,28.571,NaN,NaN,28.765,NaN,NaN,NaN,20.158,5.2156,20.447,17.555,10.92,3.2426,12.888,12.792,11.818,13.91,13.507,9.6559,3.705,20.387,NaN,17.576
12.953,14.273,8.2169,12.481,8.1937,41.055,14.455,3.1456,11.874,8.1357,11.13,2.2991,11.57,7.0194,3.4931,6.0587,15.732,11.433,8.6953,3.4025,8.5411,10.426,3.0343,5.782,4.9707,NaN,14.701,8.6081,NaN,NaN,18.96,NaN,NaN,0.30346,8.6574,NaN,NaN,NaN,NaN,NaN,NaN,NaN,NaN,NaN,NaN,5.6473,NaN,NaN,NaN,NaN,NaN,NaN,NaN,NaN,NaN,8.2081,NaN,NaN,3.3212,NaN,NaN,NaN,NaN,3.2554,NaN,NaN,NaN,NaN,9.12,4.1358,5.7453,9.0567,4.2453,4.7137,3.4286,10.848,4.4707,14.49,NaN,NaN,4.8884,NaN,NaN,NaN,2.6373,14.506,4.6849,7.6756,4.7712,9.1007,12.678,4.8007,4.2877,11.978,8.5672,8.0916,40.95,5.252,NaN,2.6865
4.9026,6.7516,7.0931,12.081,3.0807,35.785,7.6109,7.8643,9.9425,3.2546,11.311,5.2896,6.13,4.1269,7.554,19.8,18.471,21.329,7.4414,3.4482,4.8718,7.6686,13.461,5.8134,2.567,NaN,6.2652,24.053,NaN,NaN,11.971,NaN,NaN,15.367,6.3227,NaN,NaN,NaN,NaN,NaN,NaN,NaN,NaN,NaN,NaN,2.5246,NaN,NaN,NaN,NaN,NaN,NaN,NaN,NaN,NaN,5.4607,NaN,NaN,8.8369,NaN,NaN,NaN,NaN,5.4823,NaN,NaN,NaN,NaN,3.0724,2.9476,3.7502,4.3782,2.6743,9.7524,11.476,11.611,14.547,8.2448,NaN,NaN,7.1628,NaN,NaN,NaN,2.04,5.5957,24.742,20.43,2.8012,5.6641,13.3,7.2644,14.666,9.9218,15.051,3.6277,7.3365,6.9167,NaN,7.5038
5.1222,5.634,13.602,11.95,6.9129,6.9786,11.155,2.1222,9.7297,16.128,6.4911,7.4361,5.3675,13.682,6.0096,6.2822,5.1852,9.9201,2.1882,15.24,4.0104,1.2061,8.7342,5.9696,8.445,NaN,14.303,4.4347,NaN,NaN,7.6099,NaN,NaN,15.642,12.008,NaN,NaN,NaN,NaN,NaN,NaN,NaN,NaN,NaN,NaN,0.30289,NaN,NaN,NaN,NaN,NaN,NaN,NaN,NaN,NaN,0.76912,NaN,NaN,5.2522,NaN,NaN,NaN,NaN,19.468,NaN,NaN,NaN,NaN,4.6638,5.3491,10.073,5.0736,13.447,1.122,8.2627,5.4533,2.5783,7.2367,NaN,NaN,2.3261,NaN,NaN,NaN,10.186,1.9642,10.028,2.7343,7.1816,3.9701,2.9252,3.5211,19.971,18.75,13.759,5.712,6.7327,6.4,NaN,4.1711
29.674,1.4922,9.1885,4.3214,0.99545,6.7509,23.203,5.1065,14.719,9.301,20.326,13.67,5.478,8.8224,4.5879,6.1246,2.8797,13.076,12.874,6.4874,12.849,8.2212,9.075,6.5117,10.75,NaN,16.756,9.4351,NaN,NaN,4.4637,NaN,NaN,9.62,7.2141,NaN,NaN,NaN,NaN,NaN,NaN,NaN,NaN,NaN,NaN,4.4448,NaN,NaN,NaN,NaN,NaN,NaN,NaN,NaN,NaN,13.378,NaN,NaN,14.126,NaN,NaN,NaN,NaN,14.05,NaN,NaN,NaN,NaN,1.114,3.993,12.674,5.4505,6.1414,7.2817,7.1399,7.2256,12.399,4.7051,NaN,NaN,12.298,NaN,NaN,NaN,7.7813,3.4419,8.9864,5.7046,8.0798,1.5177,25.13,5.2654,12.678,8.0129,18.46,6.1698,4.1345,16.132,NaN,2.4102
29.416,12.754,18.018,4.9693,11.965,9.6673,7.3785,5.8463,10.863,3.6428,24.06,3.9538,7.8624,2.4361,4.7661,3.7918,15.707,11.651,6.1156,3.9482,8.8384,2.7527,0.52101,8.5531,5.343,NaN,8.7162,5.5441,NaN,NaN,11.998,NaN,NaN,2.6467,3.294,NaN,NaN,NaN,NaN,NaN,NaN,NaN,NaN,NaN,NaN,20.117,NaN,NaN,NaN,NaN,NaN,NaN,NaN,NaN,NaN,17.627,NaN,NaN,14.101,NaN,NaN,NaN,NaN,1.9757,NaN,NaN,NaN,NaN,8.3766,7.6136,7.8976,4.2144,4.6699,23.381,43.539,11.872,21.682,17.506,NaN,NaN,28.683,NaN,NaN,NaN,15.129,11.165,15.829,16.889,8.0569,1.4885,7.1657,5.3805,12.407,22.54,12.656,6.1201,8.0944,18.673,NaN,23.401
5.1254,1.2851,1.3974,19.269,8.4423,0.86439,6.875,14.65,13.374,7.9067,4.2919,14.025,2.0566,6.6405,3.8637,2.8684,7.1805,3.3305,0.5403,5.8469,7.3922,7.3384,6.5613,4.7767,12.098,NaN,11.333,26.505,NaN,NaN,3.1083,NaN,NaN,11.494,10.434,NaN,NaN,NaN,NaN,NaN,NaN,NaN,NaN,NaN,NaN,11.15,NaN,NaN,NaN,NaN,NaN,NaN,NaN,NaN,NaN,19.471,NaN,NaN,8.64,NaN,NaN,NaN,NaN,6.3036,NaN,NaN,NaN,NaN,8.977,19.676,6.836,7.9743,4.3299,5.312,4.5495,6.7085,2.6168,5.5112,NaN,NaN,9.6844,NaN,NaN,NaN,6.6607,7.3091,15.897,7.5566,4.0314,10.225,29.208,10.857,8.8122,6.0318,7.3117,1.1547,7.2695,7.7047,NaN,9.2979
4.3102,3.587,7.6568,14.476,10.012,5.469,8.1012,3.3615,9.2133,13.25,3.2626,1.7233,11.974,7.9878,3.8034,12.682,11.14,18.045,8.8036,9.1739,52.947,10.029,6.4673,15.419,10.088,NaN,16.32,17.24,NaN,NaN,15.407,NaN,NaN,14.273,3.8794,NaN,NaN,NaN,NaN,NaN,NaN,NaN,NaN,NaN,NaN,2.4446,NaN,NaN,NaN,NaN,NaN,NaN,NaN,NaN,NaN,4.8784,NaN,NaN,3.3178,NaN,NaN,NaN,NaN,10.743,NaN,NaN,NaN,NaN,7.3409,3.5581,1.4293,6.6524,19.083,2.8397,2.3193,0.36193,8.4411,11.702,NaN,NaN,4.3887,NaN,NaN,NaN,1.2651,6.8542,2.7459,7.5108,7.8707,3.8542,6.6703,8.8511,7.9194,6.6414,9.795,1.2094,1.7704,9.6697,NaN,5.2884
10.185,7.0706,4.7847,5.517,5.1551,3.3327,2.5829,10.91,8.8352,2.223,7.2454,15.996,7.2657,2.4629,4.929,9.598,3.1675,25.909,10.927,4.4899,12.227,18.961,26.495,4.6983,9.0643,NaN,16.193,20.644,NaN,NaN,7.3463,NaN,NaN,9.2807,9.661,NaN,NaN,NaN,NaN,NaN,NaN,NaN,NaN,NaN,NaN,5.0216,NaN,NaN,NaN,NaN,NaN,NaN,NaN,NaN,NaN,8.1776,NaN,NaN,20.601,NaN,NaN,NaN,NaN,7.734,NaN,NaN,NaN,NaN,8.3093,2.0456,6.0543,10.319,10.438,2.8783,4.1574,2.5942,9.4681,18.675,NaN,NaN,5.9465,NaN,NaN,NaN,11.368,6.0533,6.7162,5.2814,2.3656,3.3462,11.743,7.8191,4.9765,2.2247,16.432,5.1889,9.9596,2.5538,NaN,6.8353
3.1845,13.831,10.016,2.9382,8.8718,10.967,12.986,7.599,16.863,16.333,21.993,14.905,5.158,14.099,2.5215,2.6366,6.114,4.4291,11.029,5.1625,8.7489,4.6326,7.0547,12.481,9.3918,NaN,11.431,8.5133,NaN,NaN,4.0067,NaN,NaN,2.7875,11.797,NaN,NaN,NaN,NaN,NaN,NaN,NaN,NaN,NaN,NaN,19.589,NaN,NaN,NaN,NaN,NaN,NaN,NaN,NaN,NaN,7.4993,NaN,NaN,18.472,NaN,NaN,NaN,NaN,1.4117,NaN,NaN,NaN,NaN,3.6743,13.834,7.202,4.8254,6.2851,7.153,3.0374,2.4145,16.415,6.6722,NaN,NaN,10.414,NaN,NaN,NaN,6.1543,2.1439,4.4075,3.9915,7.0275,1.0958,16.696,4.233,5.8183,3.4588,14.543,4.691,1.3383,1.3606,NaN,7.553
6.2204,8.2179,6.3467,14.942,13.736,17.556,10.509,66.859,17.762,5.8256,6.1208,0.57843,15.081,12.227,2.8941,10.136,9.1047,6.1679,5.7397,7.7145,3.3093,5.9459,5.915,7.8136,15.598,NaN,15.536,9.2719,NaN,NaN,2.9756,NaN,NaN,10.236,11.845,NaN,NaN,NaN,NaN,NaN,NaN,NaN,NaN,NaN,NaN,0.40803,NaN,NaN,NaN,NaN,NaN,NaN,NaN,NaN,NaN,5.9616,NaN,NaN,10.449,NaN,NaN,NaN,NaN,1.9989,NaN,NaN,NaN,NaN,26.594,15.581,1.0418,4.2153,3.897,6.3504,1.0263,15.65,3.1731,4.9762,NaN,NaN,8.4567,NaN,NaN,NaN,6.5705,10.283,7.2984,10.074,15.318,6.3006,10.225,11.376,4.445,6.1828,11.151,2.4218,13.757,4.8356,NaN,43.057
8.1131,7.1105,6.4969,18.582,8.4284,45.562,5.6707,33.103,46.985,57.446,11.618,17.485,3.7631,8.9044,1.7058,14.789,13.974,4.2353,6.7693,5.5519,9.754,9.7021,11.523,8.037,12.04,NaN,8.9866,10.99,NaN,NaN,11.943,NaN,NaN,3.1689,6.4917,NaN,NaN,NaN,NaN,NaN,NaN,NaN,NaN,NaN,NaN,7.8292,NaN,NaN,NaN,NaN,NaN,NaN,NaN,NaN,NaN,9.2209,NaN,NaN,7.5339,NaN,NaN,NaN,NaN,3.5475,NaN,NaN,NaN,NaN,24.688,20.394,4.8869,1.2071,10.824,12.487,11.991,5.389,0.94975,6.7515,NaN,NaN,16.997,NaN,NaN,NaN,6.9223,1.1857,15.085,3.8661,5.5693,3.7204,14.104,3.8149,4.9515,6.6711,8.8844,12.326,12.134,9.6112,NaN,15.046
6.6182,9.2494,7.6224,7.3042,6.37,5.8197,8.8488,54.86,31.863,25.117,1.891,11.601,13.14,8.4545,1.6329,8.2051,10.979,6.7421,9.3634,10.54,7.1131,8.5397,10.745,5.9707,23.296,NaN,17.537,9.073,NaN,NaN,15.615,NaN,NaN,9.8014,8.1397,NaN,NaN,NaN,NaN,NaN,NaN,NaN,NaN,NaN,NaN,11.299,NaN,NaN,NaN,NaN,NaN,NaN,NaN,NaN,NaN,14.039,NaN,NaN,17.683,NaN,NaN,NaN,NaN,2.5913,NaN,NaN,NaN,NaN,15.976,13.335,2.8184,4.9731,31.716,4.6988,9.6247,8.8593,2.7215,3.3937,NaN,NaN,11.708,NaN,NaN,NaN,8.9214,8.6149,6.305,4.9373,14.927,3.5886,18.872,21.75,7.8038,3.5079,8.0727,3.1603,6.7933,10.545,NaN,10.62
15.331,12.803,11.987,2.4292,10.28,10.831,12.815,7.2972,10.479,1.843,37.152,5.0044,7.1263,0.48546,2.047,2.0393,11.203,8.6404,7.7315,4.6866,8.7427,2.6165,4.4584,5.6143,3.7886,NaN,8.263,3.734,NaN,NaN,10.308,NaN,NaN,4.9059,4.9317,NaN,NaN,NaN,NaN,NaN,NaN,NaN,NaN,NaN,NaN,24.972,NaN,NaN,NaN,NaN,NaN,NaN,NaN,NaN,NaN,18.97,NaN,NaN,14.188,NaN,NaN,NaN,NaN,0.93974,NaN,NaN,NaN,NaN,7.5932,11.171,11.584,7.1837,7.365,14.879,33.888,14.444,13.874,10.365,NaN,NaN,27.403,NaN,NaN,NaN,19.518,11.118,30.642,7.7185,5.906,2.5745,5.4519,4.8301,13.731,19.642,14.236,7.1438,12.121,27.481,NaN,18.767
17.809,0.58095,6.3405,7.7357,2.9701,2.7092,6.3154,7.8202,11.638,20.932,12.018,7.979,3.7332,7.1204,1.5344,4.2415,6.3696,4.2845,11.913,8.0386,8.8824,7.2242,2.8085,2.9676,5.3785,NaN,4.7173,31.096,NaN,NaN,4.3859,NaN,NaN,3.765,13.129,NaN,NaN,NaN,NaN,NaN,NaN,NaN,NaN,NaN,NaN,9.3272,NaN,NaN,NaN,NaN,NaN,NaN,NaN,NaN,NaN,12.523,NaN,NaN,3.3403,NaN,NaN,NaN,NaN,0.64983,NaN,NaN,NaN,NaN,34.199,3.7449,2.0678,8.9784,7.8744,9.9406,6.4499,7.1112,32.716,15.842,NaN,NaN,6.0521,NaN,NaN,NaN,12.541,1.2025,6.3465,4.2668,13.994,4.9122,6.1161,6.7192,11.815,3.209,7.8389,27.386,3.3793,15.741,NaN,6.9765
6.3011,2.4708,10.648,3.248,5.8851,2.6145,11.868,10.932,6.0662,50.007,15.084,5.1385,12.492,11.007,4.8563,5.9824,7.7061,2.1397,7.39,7.1866,25.508,12.753,4.6942,0.90293,12.674,NaN,11.528,14.879,NaN,NaN,2.9106,NaN,NaN,4.0022,40.092,NaN,NaN,NaN,NaN,NaN,NaN,NaN,NaN,NaN,NaN,10.406,NaN,NaN,NaN,NaN,NaN,NaN,NaN,NaN,NaN,1.6846,NaN,NaN,4.7525,NaN,NaN,NaN,NaN,4.7814,NaN,NaN,NaN,NaN,1.0027,5.2965,26.509,3.533,3.5871,3.1642,4.6663,5.2688,18.111,13.563,NaN,NaN,6.5663,NaN,NaN,NaN,11.035,4.244,18.469,5.3742,13.087,6.6662,10.776,11.886,50.479,8.8796,22.072,3.5272,13.267,11.371,NaN,10.428
5.0164,2.8882,14.791,5.6415,11.512,12.735,5.7751,11.468,13.4,7.9349,11.526,7.8312,11.132,10.049,4.6669,12.488,5.6093,3.0211,7.3776,1.393,4.3579,12.873,3.3454,3.3299,15.215,NaN,4.6819,27.524,NaN,NaN,6.0491,NaN,NaN,4.498,9.076,NaN,NaN,NaN,NaN,NaN,NaN,NaN,NaN,NaN,NaN,9.2924,NaN,NaN,NaN,NaN,NaN,NaN,NaN,NaN,NaN,10.104,NaN,NaN,7.9709,NaN,NaN,NaN,NaN,2.6135,NaN,NaN,NaN,NaN,20.009,28.58,2.5024,4.2074,3.0033,27.829,5.2433,11.298,12.616,21.948,NaN,NaN,18.744,NaN,NaN,NaN,0.75983,12.933,3.1488,5.0472,5.8528,5.3659,8.2013,6.2412,7.1068,3.7954,15.963,4.4676,34.414,7.9435,NaN,9.9161
7.5764,4.5689,15.58,7.3518,7.1316,13.699,4.8028,0.94122,27.953,11.673,5.535,21.763,11.33,10.744,4.1045,3.9215,7.9353,5.9014,11.671,6.2989,24.059,4.8311,9.335,10.049,5.074,NaN,10.306,5.5252,NaN,NaN,3.2245,NaN,NaN,4.8121,20.806,NaN,NaN,NaN,NaN,NaN,NaN,NaN,NaN,NaN,NaN,10.283,NaN,NaN,NaN,NaN,NaN,NaN,NaN,NaN,NaN,4.482,NaN,NaN,5.5091,NaN,NaN,NaN,NaN,4.8168,NaN,NaN,NaN,NaN,6.5991,10.599,10.978,13.348,2.084,12.553,3.6192,13.83,5.2868,15.627,NaN,NaN,14.071,NaN,NaN,NaN,6.882,12.395,1.3365,3.225,7.7837,5.4711,5.5757,8.3987,0.83032,9.7468,10.342,7.1119,9.9374,1.7274,NaN,1.3844
3.4615,9.0325,9.3108,7.0136,8.0855,6.5775,8.3331,41.168,27.379,8.8433,2.9891,5.5634,9.0229,26.847,7.6154,12.51,17.854,4.9476,9.7235,4.2954,14.963,1.4653,27.16,7.6211,31.922,NaN,14.849,6.7956,NaN,NaN,24.636,NaN,NaN,8.9355,10.284,NaN,NaN,NaN,NaN,NaN,NaN,NaN,NaN,NaN,NaN,11.623,NaN,NaN,NaN,NaN,NaN,NaN,NaN,NaN,NaN,8.3368,NaN,NaN,14.535,NaN,NaN,NaN,NaN,6.1176,NaN,NaN,NaN,NaN,16.606,16.255,3.3637,3.7135,18.178,7.6485,4.1838,7.3006,6.4122,4.6728,NaN,NaN,17.815,NaN,NaN,NaN,3.8336,9.5396,5.2919,4.9336,31.389,3.9248,10.674,20.587,8.8084,1.7071,4.343,4.0604,7.9837,8.8349,NaN,26.727
13.859,13.749,8.0833,12.729,8.3945,8.7373,36.299,6.9559,6.6453,4.1808,28.47,8.7962,8.9895,8.2032,4.257,6.8937,7.9954,6.151,16.477,9.9411,15.289,5.7637,13.228,3.9042,12.366,NaN,6.0609,12.769,NaN,NaN,17.413,NaN,NaN,4.3987,6.809,NaN,NaN,NaN,NaN,NaN,NaN,NaN,NaN,NaN,NaN,15.159,NaN,NaN,NaN,NaN,NaN,NaN,NaN,NaN,NaN,9.4112,NaN,NaN,4.0263,NaN,NaN,NaN,NaN,4.0503,NaN,NaN,NaN,NaN,24.658,8.8741,15.002,3.3674,13.614,8.4533,40.775,6.2645,16.686,11.51,NaN,NaN,21.946,NaN,NaN,NaN,22.334,14.9,25.665,14.854,4.1085,3.0288,5.7209,7.0585,5.9107,20.225,9.0085,13.488,9.585,14.214,NaN,19.55
10.468,26.188,0.23562,15.167,3.6348,4.8362,20.24,40.602,14.112,3.283,10.228,12.708,8.596,10.883,3.1091,15.189,10.298,3.639,10.635,14.665,19.411,7.3292,2.6271,7.6944,4.1742,NaN,26.283,19.823,NaN,NaN,6.1214,NaN,NaN,4.82,4.0705,NaN,NaN,NaN,NaN,NaN,NaN,NaN,NaN,NaN,NaN,8.4418,NaN,NaN,NaN,NaN,NaN,NaN,NaN,NaN,NaN,16.407,NaN,NaN,10.344,NaN,NaN,NaN,NaN,7.4753,NaN,NaN,NaN,NaN,9.6769,16.162,17.251,8.0447,20.379,8.2411,5.4026,7.1915,15.929,6.0235,NaN,NaN,6.914,NaN,NaN,NaN,13.29,4.4461,1.1108,8.0229,7.0228,7.1209,5.734,5.6633,4.1017,2.7092,7.8834,8.1044,6.6522,5.7051,NaN,9.8597
4.8359,3.0081,10.954,1.5237,7.3977,4.1491,2.0308,11.077,5.6676,8.2726,10.052,8.8657,9.61,14.079,10.24,17.709,7.4043,7.5553,17.654,6.3257,41.925,4.3354,6.8231,9.364,1.3439,NaN,9.421,45.355,NaN,NaN,24.408,NaN,NaN,9.9733,24.756,NaN,NaN,NaN,NaN,NaN,NaN,NaN,NaN,NaN,NaN,3.5322,NaN,NaN,NaN,NaN,NaN,NaN,NaN,NaN,NaN,12.127,NaN,NaN,6.3942,NaN,NaN,NaN,NaN,0.94809,NaN,NaN,NaN,NaN,3.997,14.37,15.422,6.6377,3.5066,2.9128,9.6957,10.436,9.5222,28.613,NaN,NaN,23.174,NaN,NaN,NaN,5.2083,4.9925,6.5425,4.856,11.96,10.412,4.8752,4.8965,97.195,2.5305,11.632,23.816,3.4023,7.7442,NaN,8.6855
9.3066,21.376,3.4204,6.1533,3.0515,4.7096,3.9603,7.6005,16.381,9.0909,4.5947,4.5295,24.092,17.462,6.9573,4.0426,7.4386,10.843,19.55,13.623,16.827,7.3955,15.052,14.47,2.4513,NaN,7.6413,12.427,NaN,NaN,3.4768,NaN,NaN,6.7735,93.535,NaN,NaN,NaN,NaN,NaN,NaN,NaN,NaN,NaN,NaN,1.5123,NaN,NaN,NaN,NaN,NaN,NaN,NaN,NaN,NaN,14.183,NaN,NaN,1.2956,NaN,NaN,NaN,NaN,7.0726,NaN,NaN,NaN,NaN,8.1139,6.4804,11.305,6.3828,2.8215,10.203,10.552,13.636,7.601,6.8024,NaN,NaN,12.83,NaN,NaN,NaN,5.8346,12.455,1.148,3.2032,3.4345,6.3336,3.6853,4.0838,4.4808,3.7868,12.386,23.89,5.6673,4.2815,NaN,4.9366
7.2246,15.964,8.6591,4.6887,4.7824,6.7008,1.0039,7.1404,33.537,13.584,1.9156,2.6518,3.172,4.1244,4.3155,10.943,18.141,3.3783,8.8287,7.475,7.906,20.495,4.0865,5.7901,12.962,NaN,4.3027,9.4167,NaN,NaN,13.298,NaN,NaN,8.1264,33.062,NaN,NaN,NaN,NaN,NaN,NaN,NaN,NaN,NaN,NaN,1.2755,NaN,NaN,NaN,NaN,NaN,NaN,NaN,NaN,NaN,4.344,NaN,NaN,17.178,NaN,NaN,NaN,NaN,1.9742,NaN,NaN,NaN,NaN,24.356,12.796,5.9657,1.3938,6.5781,9.273,9.3699,1.9286,7.8935,11.451,NaN,NaN,9.3231,NaN,NaN,NaN,1.6779,5.3421,5.8351,3.8624,1.9236,1.4354,8.1712,9.8026,12.628,5.2222,3.6943,2.257,5.6628,6.4621,NaN,14.997
12.902,12.375,6.957,3.8024,7.7474,5.5458,13.535,5.6143,4.4406,10.502,4.7503,8.4223,11.136,3.2137,3.8903,2.2861,16.022,3.1127,6.9293,12.267,2.6961,7.5119,5.105,6.1651,9.1006,NaN,16.415,4.7411,NaN,NaN,2.0344,NaN,NaN,9.6428,12.686,NaN,NaN,NaN,NaN,NaN,NaN,NaN,NaN,NaN,NaN,11.026,NaN,NaN,NaN,NaN,NaN,NaN,NaN,NaN,NaN,6.102,NaN,NaN,14.711,NaN,NaN,NaN,NaN,12.099,NaN,NaN,NaN,NaN,6.9295,15.962,9.4271,2.9838,9.9834,5.9509,27.536,10.236,5.5167,9.3462,NaN,NaN,2.5439,NaN,NaN,NaN,12.036,17.853,21.628,16.825,15.41,4.6337,13.506,25.653,9.1908,1.6922,11,5.1201,5.9787,15.45,NaN,5.218
10.074,14.218,8.0507,9.915,3.3031,4.8692,16.572,11.565,10.697,2.483,22.181,9.4463,9.3544,10.428,2.0779,7.1867,9.3672,7.4176,20.275,11.713,10.831,9.8694,3.7101,5.0535,9.7951,NaN,3.3336,12.542,NaN,NaN,25.47,NaN,NaN,2.5331,4.58,NaN,NaN,NaN,NaN,NaN,NaN,NaN,NaN,NaN,NaN,23.53,NaN,NaN,NaN,NaN,NaN,NaN,NaN,NaN,NaN,4.2234,NaN,NaN,2.916,NaN,NaN,NaN,NaN,11.145,NaN,NaN,NaN,NaN,18.139,11.287,14.839,6.9272,9.1354,6.5323,24.651,2.6951,18.781,15.758,NaN,NaN,14.025,NaN,NaN,NaN,22.145,23.244,10.412,12.456,9.3404,1.2857,8.5588,5.6174,3.4394,22.801,6.8065,28.555,5.1238,12.116,NaN,6.8338
5.8256,15.833,3.9419,22.555,1.9517,10.818,19.238,32.459,6.3269,4.0888,10.758,8.5004,11.374,11.334,3.6796,8.1537,9.301,7.0653,14.498,18.375,18.969,7.2021,4.3197,1.2117,7.8609,NaN,30.035,14.665,NaN,NaN,5.6764,NaN,NaN,6.4898,4.5472,NaN,NaN,NaN,NaN,NaN,NaN,NaN,NaN,NaN,NaN,9.4309,NaN,NaN,NaN,NaN,NaN,NaN,NaN,NaN,NaN,8.535,NaN,NaN,1.3249,NaN,NaN,NaN,NaN,3.8956,NaN,NaN,NaN,NaN,13.178,16.04,14.945,3.4618,11.907,8.6214,7.9578,12.597,16.502,15.592,NaN,NaN,9.835,NaN,NaN,NaN,16.645,11.19,10.623,16.809,2.8532,3.9583,8.5037,5.155,11.738,8.9827,13.219,16.714,7.7754,7.3282,NaN,15.568
8.4835,8.7721,4.3322,8.3074,3.7778,6.2647,1.5773,15.737,7.6688,13.21,7.4314,13.536,8.9909,9.1801,2.5831,2.5695,1.1697,10.84,16.885,9.8739,11.284,13.943,10.538,3.3954,1.8889,NaN,14.498,8.9755,NaN,NaN,0.79394,NaN,NaN,8.3651,7.4801,NaN,NaN,NaN,NaN,NaN,NaN,NaN,NaN,NaN,NaN,8.6292,NaN,NaN,NaN,NaN,NaN,NaN,NaN,NaN,NaN,6.5356,NaN,NaN,3.7172,NaN,NaN,NaN,NaN,14.132,NaN,NaN,NaN,NaN,5.07,23.387,1.3257,4.7149,10.766,9.7746,7.877,15.244,28.355,13.361,NaN,NaN,2.7714,NaN,NaN,NaN,23.898,2.9062,8.2291,4.7422,4.1441,6.4203,7.658,5.465,3.1415,2.2822,12.618,9.0605,4.4121,6.8176,NaN,9.3925
20.725,6.7613,5.6218,5.0021,20.049,4.0481,3.7362,1.5722,4.4821,4.3932,7.8314,12.375,3.6692,3.3945,17.093,6.9263,2.9187,0.8006,6.8267,10.397,4.8716,1.3645,6.9845,11.533,7.9543,NaN,1.3829,8.3208,NaN,NaN,5.5782,NaN,NaN,6.3228,12.381,NaN,NaN,NaN,NaN,NaN,NaN,NaN,NaN,NaN,NaN,3.3171,NaN,NaN,NaN,NaN,NaN,NaN,NaN,NaN,NaN,8.6174,NaN,NaN,55.859,NaN,NaN,NaN,NaN,3.3996,NaN,NaN,NaN,NaN,3.1345,8.7063,6.3192,13.947,15.152,5.947,20.886,1.9725,3.122,4.3629,NaN,NaN,18.687,NaN,NaN,NaN,6.3322,5.3789,5.7786,7.3772,13.053,9.7165,4.7351,5.567,13.737,8.2533,20.215,24.426,12.401,12.825,NaN,45.112
6.9482,10.529,8.6612,7.9553,8.6005,7.5001,2.8927,11.485,6.891,9.2555,8.3064,12.23,9.95,16.016,2.4136,16.493,22.884,24.302,3.8204,14.242,6.5657,7.4117,6.3624,6.3925,1.9306,NaN,9.715,3.0977,NaN,NaN,32.942,NaN,NaN,22.38,2.2018,NaN,NaN,NaN,NaN,NaN,NaN,NaN,NaN,NaN,NaN,8.7305,NaN,NaN,NaN,NaN,NaN,NaN,NaN,NaN,NaN,3.9942,NaN,NaN,5.7173,NaN,NaN,NaN,NaN,13.84,NaN,NaN,NaN,NaN,9.6463,11.262,14.419,7.0198,4.2247,3.4423,14.719,12.119,11.233,6.7709,NaN,NaN,4.7987,NaN,NaN,NaN,5.9741,12.168,18.547,8.5496,10.411,4.4111,20.615,5.7298,6.269,5.4397,8.0521,8.2168,4.1344,8.454,NaN,8.0303
0.39007,6.7477,2.956,7.1415,6.5427,9.1938,6.8842,5.7919,5.2759,9.1714,1.5614,8.5654,4.9611,34.333,1.8304,8.0956,35.228,4.0007,15.224,19.751,10.906,6.6068,6.6515,6.4085,3.6198,NaN,21.643,5.7914,NaN,NaN,12.486,NaN,NaN,7.0515,9.4337,NaN,NaN,NaN,NaN,NaN,NaN,NaN,NaN,NaN,NaN,3.4561,NaN,NaN,NaN,NaN,NaN,NaN,NaN,NaN,NaN,7.31,NaN,NaN,9.4719,NaN,NaN,NaN,NaN,1.8782,NaN,NaN,NaN,NaN,24.739,8.3344,8.1786,2.3669,0.69449,1.0915,21.552,6.4612,6.8887,10.509,NaN,NaN,12.365,NaN,NaN,NaN,7.4914,5.8861,8.6209,13.419,7.5527,7.8777,8.1902,13.429,13.908,10.948,4.2566,2.2638,8.3355,15.793,NaN,13.647
6.2295,17.475,1.9068,7.1431,2.9376,8.1883,26.941,12.635,2.7186,4.8135,4.4879,2.1824,5.4448,4.7805,2.9734,5.9302,5.5395,6.9074,17.666,9.0491,10.816,7.8102,10.157,9.6545,4.6356,NaN,10.916,3.906,NaN,NaN,1.5733,NaN,NaN,5.7418,4.7744,NaN,NaN,NaN,NaN,NaN,NaN,NaN,NaN,NaN,NaN,11.361,NaN,NaN,NaN,NaN,NaN,NaN,NaN,NaN,NaN,3.3592,NaN,NaN,5.7318,NaN,NaN,NaN,NaN,8.7386,NaN,NaN,NaN,NaN,6.7767,8.9948,1.813,6.4574,14.625,12.63,5.8066,15.174,16.483,4.5205,NaN,NaN,7.5517,NaN,NaN,NaN,12.711,5.1568,7.9998,11.346,11.277,8.4921,7.2839,11.116,10.003,13.697,9.5952,10.11,4.2956,4.6381,NaN,7.8096
5.1232,13.096,6.2046,18.781,10.124,7.8809,16.457,10.497,9.7948,1.0872,16.228,2.6917,5.4304,5.0083,8.1396,5.952,4.5429,3.187,19.084,3.7153,11.921,10.025,7.389,25.735,7.8449,NaN,9.9133,1.9997,NaN,NaN,6.0764,NaN,NaN,4.7024,7.7212,NaN,NaN,NaN,NaN,NaN,NaN,NaN,NaN,NaN,NaN,8.8656,NaN,NaN,NaN,NaN,NaN,NaN,NaN,NaN,NaN,18.467,NaN,NaN,6.072,NaN,NaN,NaN,NaN,1.5408,NaN,NaN,NaN,NaN,15.199,13.865,22.704,2.8541,8.3736,6.1695,34.734,5.5989,20.973,6.9428,NaN,NaN,13.973,NaN,NaN,NaN,13.358,10.481,16.242,5.4552,14.491,3.7118,1.513,24.796,16.552,14.897,8.1121,9.5007,2.0335,9.4531,NaN,9.9915
6.7961,9.6564,17.824,15.551,6.6465,5.2018,9.1616,27.136,10.13,4.1723,20.122,2.8468,7.0225,3.0979,9.0464,5.3137,7.8235,6.4756,8.5562,1.4925,19.12,2.499,9.2889,2.4191,3.3729,NaN,1.694,2.4875,NaN,NaN,7.835,NaN,NaN,10.301,10.898,NaN,NaN,NaN,NaN,NaN,NaN,NaN,NaN,NaN,NaN,17.097,NaN,NaN,NaN,NaN,NaN,NaN,NaN,NaN,NaN,10.843,NaN,NaN,4.3221,NaN,NaN,NaN,NaN,1.4848,NaN,NaN,NaN,NaN,20.311,11.062,5.8849,6.0374,7.8685,12.221,15.809,8.8302,11.051,7.392,NaN,NaN,11.703,NaN,NaN,NaN,23.505,7.7082,14.518,6.9144,3.9182,6.1763,6.8835,8.7257,1.1293,14.998,10.903,13.866,21.018,4.9531,NaN,23.18
5.7075,9.8077,12.552,14.287,5.1573,7.3776,9.7083,4.7243,3.9058,3.043,27.788,12.04,9.2082,3.4121,2.9168,9.6417,3.4778,6.187,1.262,11.265,5.4079,3.9854,2.1214,6.8693,7.8009,NaN,9.9194,5.3352,NaN,NaN,8.7159,NaN,NaN,12.218,1.2287,NaN,NaN,NaN,NaN,NaN,NaN,NaN,NaN,NaN,NaN,15.501,NaN,NaN,NaN,NaN,NaN,NaN,NaN,NaN,NaN,13.715,NaN,NaN,10.399,NaN,NaN,NaN,NaN,2.1105,NaN,NaN,NaN,NaN,8.0444,6.4837,22.235,7.1824,4.5889,3.0286,7.6922,3.2501,26.507,12.726,NaN,NaN,6.5938,NaN,NaN,NaN,12.88,3.6955,8.2737,15.862,6.3151,7.5427,5.55,3.8576,17.716,6.8112,11.937,7.551,14.378,37.457,NaN,5.3684
6.1807,7.086,9.3858,4.9,11.875,7.4382,6.5348,6.4889,19.456,6.1339,2.2069,4.3516,5.2312,9.3328,6.7167,6.7965,11.306,8.0849,7.01,6.0657,16.519,3.1834,16.409,9.6262,20.386,NaN,18.978,5.4071,NaN,NaN,12.171,NaN,NaN,10.033,12.144,NaN,NaN,NaN,NaN,NaN,NaN,NaN,NaN,NaN,NaN,11.857,NaN,NaN,NaN,NaN,NaN,NaN,NaN,NaN,NaN,4.5205,NaN,NaN,16.291,NaN,NaN,NaN,NaN,8.0728,NaN,NaN,NaN,NaN,22.624,20.055,0.90206,4.596,10.149,5.4474,1.7241,6.734,6.6501,4.0369,NaN,NaN,21.558,NaN,NaN,NaN,1.9043,9.6834,6.7803,12.137,10.664,6.4686,28.493,15.615,11.83,3.7943,4.0076,3.18,4.3952,9.7921,NaN,25.034
