1.4371,2.7361,3.7497,6.2084,NaN,0.86968,6.6735,3.6502,10.061,11.158,1.1371,2.0194,0.37503,NaN,2.7672,3.0591,4.1404,1.8346,9.3889,6.4924,2.6828,1.7486,1.1461,7.0837,NaN,NaN,NaN,NaN,NaN,2.5303,5.3528,NaN,NaN,NaN,NaN,NaN,1.5302,NaN,NaN,NaN,NaN,NaN,5.4866,NaN,NaN,NaN,NaN,NaN,NaN,NaN,5.8191,7.4662,NaN,3.1783,NaN,NaN,NaN,NaN,3.6562,10.249,NaN,2.0694,NaN,2.5869,5.4669,NaN,7.147,3.6119,3.8988,1.6661,3.0664,9.357,NaN,8.4526,NaN,2.3844,NaN,5.0083,5.7593,12.977,4.9962,4.6085,5.0258,9.686,0.78652,1.9817,0.38774,4.1238,NaN,1.5254,1.7255,1.787,11.836,2.8785,11.159,NaN,NaN,7.9201,1.1818,2.4906
7.1139,1.4721,4.9365,7.1093,NaN,4.2016,6.0193,3.3594,13.859,3.6551,0.57934,3.787,3.6942,NaN,1.193,5.8401,1.8091,2.1376,1.534,3.2256,4.4422,3.8541,3.8419,7.8882,NaN,NaN,NaN,NaN,NaN,3.606,3.5904,NaN,NaN,NaN,NaN,NaN,1.5024,NaN,NaN,NaN,NaN,NaN,1.7685,NaN,NaN,NaN,NaN,NaN,NaN,NaN,5.2081,5.1371,NaN,4.5747,NaN,NaN,NaN,NaN,2.5121,6.4986,NaN,4.5675,NaN,1.1065,19.828,NaN,4.0243,12.388,1.9906,1.7444,1.3962,0.74201,NaN,2.4283,NaN,1.7339,NaN,2.4112,2.4446,12.046,2.2225,4.5851,10.123,6.2062,2.3741,4.1208,2.3202,2.1954,NaN,3.5162,1.9569,2.3529,0.20547,2.4843,6.6988,NaN,NaN,4.2357,3.1876,4.4153
2.367,3.4596,1.459,1.6132,NaN,4.1332,5.575,2.6386,1.1054,6.5007,5.6053,5.5263,2.0323,NaN,7.9793,2.3157,2.8171,5.5035,6.8405,3.7755,2.1876,3.2584,20.511,0.48472,NaN,NaN,NaN,NaN,NaN,4.6335,4.6143,NaN,NaN,NaN,NaN,NaN,2.5084,NaN,NaN,NaN,NaN,NaN,7.5454,NaN,NaN,NaN,NaN,NaN,NaN,NaN,4.3518,9.2141,NaN,3.0377,NaN,NaN,NaN,NaN,4.1591,7.4189,NaN,3.8455,NaN,3.4789,4.921,NaN,3.4944,5.114,4.1646,4.7275,3.4658,7.8849,NaN,2.917,NaN,7.534,NaN,4.19,2.7697,0.70318,1.4985,3.41,7.0855,8.2208,2.9144,4.2592,2.144,3.1093,NaN,3.0102,6.0566,6.2397,9.3857,2.6846,2.4378,NaN,NaN,3.6574,5.2323,14.554
3.3098,0.92665,5.4206,4.7251,NaN,1.0606,5.0363,1.3655,6.8964,3.8137,1.0729,2.4906,1.5058,NaN,3.0682,1.7629,3.7719,12.146,6.771,2.7944,2.3264,0.589,18.898,9.7462,NaN,NaN,NaN,NaN,NaN,11.178,2.5595,NaN,NaN,NaN,NaN,NaN,2.125,NaN,NaN,NaN,NaN,NaN,8.0382,NaN,NaN,NaN,NaN,NaN,NaN,NaN,5.7273,3.0618,NaN,7.0688,NaN,NaN,NaN,NaN,4.7304,6.8097,NaN,1.7597,NaN,1.23,3.3453,NaN,6.6451,3.1432,4.1211,2.1174,2.8149,5.6518,NaN,4.7683,NaN,4.1356,NaN,3.9228,4.3667,6.1882,2.2382,8.4324,0.78061,1.626,2.07,6.2821,6.578,1.2118,NaN,6.1777,4.8493,2.5767,3.1728,12.385,18.185,NaN,NaN,5.3181,6.5202,5.1398
8.3914,2.6393,5.6412,2.9884,NaN,3.6229,3.9949,3.5388,7.07,2.2032,1.7458,12.983,5.3299,NaN,1.8192,3.0612,5.5837,2.446,4.2831,13.983,4.3923,4.5433,16.915,5.6144,NaN,NaN,NaN,NaN,NaN,6.325,3.5809,NaN,NaN,NaN,NaN,NaN,7.9153,NaN,NaN,NaN,NaN,NaN,6.5589,NaN,NaN,NaN,NaN,NaN,NaN,NaN,2.2619,9.8989,NaN,2.8179,NaN,NaN,NaN,NaN,0.92935,1.9984,NaN,2.0888,NaN,4.5883,2.5493,NaN,5.9665,3.6223,7.5554,3.4233,1.6967,6.1105,NaN,2.5828,NaN,5.0886,NaN,4.1039,8.2297,3.9372,4.1702,1.5306,0.86017,7.3606,1.604,2.9602,2.2806,1.3848,NaN,2.0917,6.3653,6.3937,5.4338,8.0201,8.2696,NaN,NaN,2.8148,3.7662,3.3293
5.6531,2.5426,1.9774,4.3276,NaN,1.5534,12.332,1.9151,2.3255,3.1846,1.3779,3.6044,9.818,NaN,0.67379,4.4718,3.4256,3.5773,2.3032,9.7676,16.734,2.3649,17.983,6.4426,NaN,NaN,NaN,NaN,NaN,3.4641,3.5922,NaN,NaN,NaN,NaN,NaN,9.9516,NaN,NaN,NaN,NaN,NaN,5.5689,NaN,NaN,NaN,NaN,NaN,NaN,NaN,0.79768,9.5189,NaN,3.5874,NaN,NaN,NaN,NaN,1.8819,2.3655,NaN,4.2073,NaN,1.5733,0.88602,NaN,5.6467,2.2631,2.6914,2.5155,3.4369,10.517,NaN,3.9334,NaN,15.641,NaN,5.5961,17.594,5.958,2.1529,11.643,2.0468,12.231,6.0653,3.3869,5.1013,3.828,NaN,4.1258,1.8685,5.8792,9.4758,8.0249,7.2371,NaN,NaN,2.857,4.3516,12.581
6.7229,0.15085,2.816,2.0844,NaN,1.6497,3.9322,11.118,9.6951,5.6292,4.1938,3.6218,3.4491,NaN,5.0474,1.6504,6.0719,3.5692,7.3027,2.8526,3.6486,3.8571,17.182,3.8981,NaN,NaN,NaN,NaN,NaN,4.7741,2.9917,NaN,NaN,NaN,NaN,NaN,5.9016,NaN,NaN,NaN,NaN,NaN,4.1462,NaN,NaN,NaN,NaN,NaN,NaN,NaN,3.1586,2.1947,NaN,6.387,NaN,NaN,NaN,NaN,3.4237,5.8449,NaN,2.1,NaN,2.6944,0.88621,NaN,2.9685,0.67985,8.2676,2.7283,7.9593,1.8396,NaN,2.7267,NaN,4.3253,NaN,5.3991,7.9695,2.4493,0.43857,1.3384,1.5989,1.4841,2.3896,4.2962,6.088,2.8744,NaN,2.9749,6.5083,2.2555,7.4504,5.3267,12.946,NaN,NaN,1.0326,8.7257,3.948
1.5347,3.8047,2.3955,1.9043,NaN,9.6924,4.6431,3.0164,10.947,6.5374,3.8128,6.806,2.3674,NaN,2.1954,6.9168,3.5189,2.1494,5.9092,6.7576,4.0699,9.2954,3.6221,4.3209,NaN,NaN,NaN,NaN,NaN,1.284,2.6091,NaN,NaN,NaN,NaN,NaN,8.6412,NaN,NaN,NaN,NaN,NaN,2.812,NaN,NaN,NaN,NaN,NaN,NaN,NaN,2.5674,12.529,NaN,3.1468,NaN,NaN,NaN,NaN,6.7391,2.3427,NaN,2.1927,NaN,6.9186,10.941,NaN,9.8224,1.3585,7.6268,10.763,2.077,3.0386,NaN,4.1161,NaN,2.7993,NaN,2.1677,4.0156,4.4879,10.147,6.1836,8.9089,6.4021,5.8454,2.4401,3.0388,2.973,NaN,4.3381,1.8015,1.0066,1.5363,6.8848,4.8405,NaN,NaN,4.2139,6.0882,4.2626
6.5377,3.9427,3.9751,1.4121,NaN,1.4782,4.9342,11.007,5.767,6.3986,3.7475,8.1893,2.5419,NaN,6.8825,4.7454,5.0808,4.5405,5.9906,0.0536,0.99198,1.6528,15.281,3.7527,NaN,NaN,NaN,NaN,NaN,2.908,4.8957,NaN,NaN,NaN,NaN,NaN,1.105,NaN,NaN,NaN,NaN,NaN,8.4203,NaN,NaN,NaN,NaN,NaN,NaN,NaN,1.3956,9.9366,NaN,3.3923,NaN,NaN,NaN,NaN,6.3978,8.1887,NaN,2.0804,NaN,2.2307,6.7946,NaN,1.9579,7.9966,13.585,0.62146,5.0387,4.3926,NaN,7.9531,NaN,7.1124,NaN,4.3223,1.8254,1.5131,10.184,3.7344,6.9467,1.2987,1.767,3.2907,4.0847,6.7666,NaN,2.013,8.7731,6.4389,3.2161,1.8325,4.8353,NaN,NaN,2.3291,0.97629,1.6159
0.40389,3.0883,0.77132,1.5274,NaN,4.0126,20.067,7.0711,5.0922,0.51286,2.26,3.8479,3.1239,NaN,3.7149,2.0784,1.4772,3.5377,7.1755,3.1289,1.8587,4.6986,20.179,4.3478,NaN,NaN,NaN,NaN,NaN,8.2264,7.6616,NaN,NaN,NaN,NaN,NaN,3.8815,NaN,NaN,NaN,NaN,NaN,5.7685,NaN,NaN,NaN,NaN,NaN,NaN,NaN,0.70426,19.086,NaN,4.7562,NaN,NaN,NaN,NaN,4.4449,8.1446,NaN,1.8298,NaN,0.75786,2.2306,NaN,5.7688,5.6467,12.551,2.9241,4.7174,7.9432,NaN,3.8222,NaN,3.1111,NaN,2.024,4.875,2.5004,11.556,2.9909,2.6946,2.6806,13.905,3.8581,1.4441,4.8008,NaN,0.74051,5.5223,10.064,3.5436,4.3998,5.449,NaN,NaN,2.0995,8.1561,4.463
23.468,3.6447,2.8747,3.2256,NaN,3.5709,4.4296,24.28,4.7066,7.452,2.4707,4.4171,3.9957,NaN,3.4994,2.555,3.7598,4.8555,4.9753,4.4484,0.84103,4.2626,9.1705,3.9401,NaN,NaN,NaN,NaN,NaN,6.0507,3.2646,NaN,NaN,NaN,NaN,NaN,11.634,NaN,NaN,NaN,NaN,NaN,3.5738,NaN,NaN,NaN,NaN,NaN,NaN,NaN,1.3099,4.5018,NaN,4.2363,NaN,NaN,NaN,NaN,6.2885,5.3427,NaN,3.9554,NaN,1.7331,4.8265,NaN,4.0416,2.6429,2.4276,1.5462,5.2229,0.91101,NaN,4.2621,NaN,2.1644,NaN,3.0481,4.2793,9.1967,21.906,3.8885,3.2564,6.826,2.4233,3.3564,4.2625,5.5055,NaN,3.2446,9.6616,6.7923,8.3881,3.9746,3.4518,NaN,NaN,4.1414,2.7551,1.4317
5.4356,2.0263,3.2323,2.6556,NaN,0.23891,5.0751,7.1171,6.1639,1.2268,3.3539,2.931,7.2971,NaN,5.8181,1.6121,1.5427,10.203,5.4674,7.6918,2.6795,5.3694,22.084,9.5078,NaN,NaN,NaN,NaN,NaN,6.984,2.5154,NaN,NaN,NaN,NaN,NaN,6.6102,NaN,NaN,NaN,NaN,NaN,4.6833,NaN,NaN,NaN,NaN,NaN,NaN,NaN,4.6275,1.7217,NaN,1.4919,NaN,NaN,NaN,NaN,4.5807,5.4398,NaN,6.3873,NaN,2.576,0.88161,NaN,0.874,2.209,0.85504,2.6611,1.9307,4.537,NaN,2.5687,NaN,0.8985,NaN,8.8064,19.17,3.1585,19.361,1.1998,1.187,4.6212,2.4279,6.0612,4.3886,1.6655,NaN,3.1401,13.404,3.0415,7.3049,6.5054,12.521,NaN,NaN,2.504,1.441,5.6631
4.8363,1.4032,3.3021,0.37954,NaN,1.4301,3.9833,3.0385,2.9795,4.953,4.8977,2.1925,6.8226,NaN,7.4637,3.1859,9.2642,3.2987,3.5534,2.7132,2.468,2.9257,21.39,3.2026,NaN,NaN,NaN,NaN,NaN,4.2065,2.4319,NaN,NaN,NaN,NaN,NaN,3.1142,NaN,NaN,NaN,NaN,NaN,5.2995,NaN,NaN,NaN,NaN,NaN,NaN,NaN,5.4005,1.3432,NaN,5.6064,NaN,NaN,NaN,NaN,5.0624,10.19,NaN,4.5481,NaN,3.0062,4.2295,NaN,2.7399,5.0917,2.5183,6.043,2.6013,4.3031,NaN,3.6645,NaN,5.8429,NaN,4.8464,9.1822,4.8519,14.675,3.102,1.6605,0.95468,2.3378,9.1896,5.6503,3.3419,NaN,2.7149,5.4837,2.4653,3.0622,6.549,18.794,NaN,NaN,0.81294,3.7877,6.513
8.3388,1.7824,1.9036,6.4352,NaN,19.681,4.3363,8.9113,7.4954,8.2904,7.6385,7.5846,0.45785,NaN,2.0491,3.3493,2.7798,6.3246,3.9919,4.1422,4.0874,2.5559,7.4541,3.1915,NaN,NaN,NaN,NaN,NaN,7.5556,2.158,NaN,NaN,NaN,NaN,NaN,7.3224,NaN,NaN,NaN,NaN,NaN,5.1703,NaN,NaN,NaN,NaN,NaN,NaN,NaN,1.6798,6.4034,NaN,2.5744,NaN,NaN,NaN,NaN,18.786,3.9222,NaN,1.8074,NaN,3.0471,5.1289,NaN,25.897,2.7687,2.505,2.0295,3.176,8.4701,NaN,7.3612,NaN,4.9853,NaN,4.6977,1.667,5.5039,5.1289,3.9705,2.2399,6.4135,1.6156,2.4931,14.277,4.0632,NaN,3.0508,2.0456,3.5761,0.48028,6.6,4.0158,NaN,NaN,4.3451,8.1585,0.88526
7.4763,0.81107,0.79503,1.77,NaN,8.5587,0.45163,25.236,10.139,6.438,7.984,4.1895,21.957,NaN,2.0601,5.0443,1.4422,0.53105,2.3837,2.7738,2.3354,13.773,29.125,3.8052,NaN,NaN,NaN,NaN,NaN,14.386,12.235,NaN,NaN,NaN,NaN,NaN,2.5251,NaN,NaN,NaN,NaN,NaN,2.5613,NaN,NaN,NaN,NaN,NaN,NaN,NaN,3.5591,17.371,NaN,4.8273,NaN,NaN,NaN,NaN,10.704,5.5384,NaN,3.8643,NaN,2.9231,3.2616,NaN,17.123,3.6483,8.8781,8.2748,6.0098,4.5299,NaN,1.8318,NaN,4.895,NaN,3.2251,4.6051,6.0753,4.969,2.7962,7.9518,7.7159,5.8347,2.9836,10.963,5.6351,NaN,0.51195,6.6419,3.4755,3.8731,5.2304,3.1564,NaN,NaN,1.5511,3.8919,2.445
7.473,2.7337,0.60142,0.5926,NaN,5.5487,1.7524,33.694,8.2242,1.0637,5.508,4.8045,4.6033,NaN,1.4776,5.5607,2.7858,0.43128,3.1155,3.2139,0.74822,11.362,17.349,3.1363,NaN,NaN,NaN,NaN,NaN,6.714,7.7611,NaN,NaN,NaN,NaN,NaN,2.8306,NaN,NaN,NaN,NaN,NaN,2.4915,NaN,NaN,NaN,NaN,NaN,NaN,NaN,2.2896,15.783,NaN,4.6459,NaN,NaN,NaN,NaN,4.3828,6.6571,NaN,3.113,NaN,2.3985,4.0174,NaN,4.3086,5.4446,12.178,4.5203,8.7222,0.5662,NaN,4.0343,NaN,8.9049,NaN,2.2584,7.7685,2.3008,9.1057,4.7339,1.6934,12.522,7.1492,4.6048,4.2426,10.319,NaN,2.263,4.6765,6.3308,3.144,12.08,3.7017,NaN,NaN,4.4767,5.9367,2.188
6.2931,0.67434,8.9078,3.3034,NaN,4.7666,2.7077,3.5394,4.1543,8.8525,5.9206,8.1511,1.9833,NaN,2.4784,12.912,0.49746,6.5506,2.2278,4.1311,5.1933,5.3199,9.1594,1.601,NaN,NaN,NaN,NaN,NaN,3.186,6.8497,NaN,NaN,NaN,NaN,NaN,10.751,NaN,NaN,NaN,NaN,NaN,3.6649,NaN,NaN,NaN,NaN,NaN,NaN,NaN,0.73503,11.087,NaN,6.186,NaN,NaN,NaN,NaN,19.581,7.5086,NaN,2.9435,NaN,6.9624,4.6205,NaN,15.519,1.1304,3.3494,5.4928,4.2914,8.272,NaN,3.2685,NaN,4.2679,NaN,5.6996,2.4183,4.3548,3.2734,2.5758,2.0873,2.8369,4.3058,1.6048,1.1078,4.4579,NaN,4.8096,2.1861,6.4778,1.6164,4.6397,4.7228,NaN,NaN,7.8569,6.1505,3.1568
4.7461,0.30323,1.363,2.7809,NaN,3.7812,4.7588,9.844,8.1319,10.137,4.5111,6.0935,3.6731,NaN,0.82283,4.1831,2.2144,1.5877,1.2226,2.9075,1.4523,4.5122,14.581,3.8481,NaN,NaN,NaN,NaN,NaN,7.062,1.4501,NaN,NaN,NaN,NaN,NaN,0.74992,NaN,NaN,NaN,NaN,NaN,9.8769,NaN,NaN,NaN,NaN,NaN,NaN,NaN,1.9621,7.9143,NaN,3.2214,NaN,NaN,NaN,NaN,1.6628,2.7448,NaN,3.5757,NaN,3.4707,0.75468,NaN,6.3975,3.2079,3.633,1.1373,1.4823,2.7684,NaN,4.4108,NaN,5.5217,NaN,3.1726,1.921,5.6845,5.5805,4.5819,6.9879,4.5538,10.207,2.1074,5.5312,4.7061,NaN,2.8542,1.7336,4.0612,13.051,2.1068,4.3225,NaN,NaN,4.1218,10.037,10.298
2.8936,3.9681,3.9553,3.3529,NaN,6.7176,1.8376,1.7164,8.702,14.449,0.16904,2.1689,3.2395,NaN,3.8757,2.4839,2.6471,1.4905,1.2029,9.7233,1.9481,1.3901,17.536,1.0211,NaN,NaN,NaN,NaN,NaN,4.1827,0.56698,NaN,NaN,NaN,NaN,NaN,4.7753,NaN,NaN,NaN,NaN,NaN,1.9501,NaN,NaN,NaN,NaN,NaN,NaN,NaN,4.4593,6.6837,NaN,3.7876,NaN,NaN,NaN,NaN,12.745,1.6152,NaN,1.0312,NaN,1.0329,1.1184,NaN,3.8019,4.9705,7.3717,4.3373,2.696,1.9033,NaN,6.4062,NaN,5.568,NaN,3.7167,1.5845,11.03,5.9487,11.436,5.9149,6.3069,5.2995,4.9113,4.9693,1.5139,NaN,6.0238,7.7025,0.90484,9.7264,5.9865,8.5792,NaN,NaN,2.8539,0.53543,8.5244
1.2036,4.7282,5.0014,13.671,NaN,15.543,4.0722,3.8461,2.9933,3.2783,4.3985,5.5824,12.393,NaN,4.968,3.2754,5.0244,5.2127,4.3497,4.8124,12.387,1.0314,22.499,2.6464,NaN,NaN,NaN,NaN,NaN,6.1018,5.5677,NaN,NaN,NaN,NaN,NaN,4.6146,NaN,NaN,NaN,NaN,NaN,5.1988,NaN,NaN,NaN,NaN,NaN,NaN,NaN,4.979,3.3464,NaN,2.1008,NaN,NaN,NaN,NaN,6.2319,10.539,NaN,5.2103,NaN,9.8066,4.3734,NaN,0.49951,1.0098,15.718,3.5883,12.768,3.1815,NaN,9.6737,NaN,3.0645,NaN,6.2001,3.0166,2.9155,5.1658,5.3906,3.9026,2.7069,2.4274,6.4447,4.3214,2.6429,NaN,9.9337,3.4252,4.5869,4.3261,4.0233,6.9573,NaN,NaN,2.5301,3.5703,5.4385
8.3528,1.4221,2.6506,5.2224,NaN,2.6941,4.9826,5.1071,7.7388,10.541,9.7724,4.7232,2.0303,NaN,3.3044,5.6221,1.8476,2.1336,6.2529,2.8585,3.4053,1.8412,8.5954,1.4428,NaN,NaN,NaN,NaN,NaN,3.4862,2.7434,NaN,NaN,NaN,NaN,NaN,3.2185,NaN,NaN,NaN,NaN,NaN,1.6581,NaN,NaN,NaN,NaN,NaN,NaN,NaN,2.7526,4.5545,NaN,5.7431,NaN,NaN,NaN,NaN,16.752,4.307,NaN,3.6118,NaN,3.3396,4.4406,NaN,16.248,3.4413,6.7686,6.3948,11.091,9.8085,NaN,1.9673,NaN,6.3112,NaN,0.94278,5.6146,7.6589,9.6086,1.1185,7.7285,3.0772,3.2341,1.2,3.2544,3.2801,NaN,3.6489,7.4743,3.0399,17.947,2.5382,3.7502,NaN,NaN,6.0912,3.0729,5.2698
0.79733,1.7464,1.1949,9.159,NaN,3.062,3.703,7.3874,8.6245,28.465,7.0139,6.9976,6.4602,NaN,4.7665,6.2739,4.4865,0.69771,4.9606,5.5904,3.1357,2.1783,14.233,5.4612,NaN,NaN,NaN,NaN,NaN,6.3956,2.4711,NaN,NaN,NaN,NaN,NaN,1.5994,NaN,NaN,NaN,NaN,NaN,2.2443,NaN,NaN,NaN,NaN,NaN,NaN,NaN,0.86518,1.9081,NaN,1.4964,NaN,NaN,NaN,NaN,8.921,4.8707,NaN,9.4725,NaN,2.0523,3.399,NaN,15.64,1.8912,1.1735,6.4803,0.48884,3.9878,NaN,2.9424,NaN,1.2519,NaN,2.8142,4.0116,9.4852,2.9085,2.8201,12.623,3.4629,2.0303,3.1145,6.0233,7.2847,NaN,3.1719,10.423,2.5424,21.468,0.4573,3.4524,NaN,NaN,1.2394,11.438,1.5105
4.6252,2.9766,3.6358,6.7065,NaN,5.9354,7.2881,3.8093,10.571,23.359,3.3395,7.2442,5.3818,NaN,10.038,3.245,4.8727,2.1474,3.4109,3.9815,0.73925,1.0026,12.642,7.4533,NaN,NaN,NaN,NaN,NaN,4.5084,3.7201,NaN,NaN,NaN,NaN,NaN,4.3263,NaN,NaN,NaN,NaN,NaN,3.6014,NaN,NaN,NaN,NaN,NaN,NaN,NaN,1.1101,5.5926,NaN,3.1299,NaN,NaN,NaN,NaN,10.039,2.4388,NaN,3.9871,NaN,2.9915,1.2238,NaN,6.4928,1.8253,0.63967,5.9566,12.366,1.1601,NaN,4.911,NaN,2.1044,NaN,7.8335,1.7257,7.6207,7.8204,2.3726,3.837,3.5853,1.8329,3.6981,3.8988,6.656,NaN,1.9952,5.952,2.065,6.4454,1.5463,9.8022,NaN,NaN,1.8229,4.8559,4.1242
3.5819,1.9991,3.9263,1.6444,NaN,5.7239,8.7482,3.2543,8.4636,14.074,6.5257,3.2004,0.49233,NaN,2.5668,1.1583,5.1071,2.8986,3.4174,4.5585,6.8204,1.6577,7.7228,4.5009,NaN,NaN,NaN,NaN,NaN,2.7559,2.2184,NaN,NaN,NaN,NaN,NaN,3.6586,NaN,NaN,NaN,NaN,NaN,3.2871,NaN,NaN,NaN,NaN,NaN,NaN,NaN,3.1936,2.339,NaN,5.7744,NaN,NaN,NaN,NaN,19.093,6.0628,NaN,4.8886,NaN,1.6192,1.8217,NaN,0.72776,2.7269,4.3217,3.2095,4.2338,2.5742,NaN,4.8759,NaN,7.182,NaN,14.545,3.2748,11.769,5.0248,6.3788,2.3661,5.5301,3.1296,2.8611,4.5596,3.486,NaN,4.0132,5.6568,14.46,3.1815,0.096028,2.4958,NaN,NaN,5.7875,3.0476,8.2661
2.5866,6.5953,7.4306,2.1064,NaN,2.6206,6.0261,4.7437,4.5754,5.5425,5.2517,5.1183,3.4583,NaN,5.5746,2.4917,1.0387,1.3586,3.0924,4.8845,6.2435,6.1339,3.6348,1.7999,NaN,NaN,NaN,NaN,NaN,2.2807,0.39777,NaN,NaN,NaN,NaN,NaN,1.5994,NaN,NaN,NaN,NaN,NaN,12.639,NaN,NaN,NaN,NaN,NaN,NaN,NaN,24.052,3.479,NaN,3.0335,NaN,NaN,NaN,NaN,5.5307,8.2116,NaN,2.4036,NaN,0.67023,7.3576,NaN,11.532,6.0711,2.6495,0.54753,4.0423,5.1951,NaN,7.9007,NaN,2.8473,NaN,3.5677,8.0789,7.7734,0.90009,4.1827,4.579,3.4225,2.083,6.5595,5.1668,4.8786,NaN,3.3797,2.4198,2.4849,2.7634,1.678,3.867,NaN,NaN,7.8821,4.388,2.7115
7.2754,4.4359,2.1461,1.2102,NaN,6.9716,1.4645,2.9388,5.2159,7.2515,3.3484,2.6558,4.5819,NaN,23.769,1.3139,2.4144,2.0589,0.98043,11.237,11.698,2.768,2.338,1.0274,NaN,NaN,NaN,NaN,NaN,1.854,4.1966,NaN,NaN,NaN,NaN,NaN,1.2174,NaN,NaN,NaN,NaN,NaN,8.3799,NaN,NaN,NaN,NaN,NaN,NaN,NaN,5.8706,5.1532,NaN,2.0095,NaN,NaN,NaN,NaN,3.6216,5.2802,NaN,5.135,NaN,6.1382,5.663,NaN,1.541,12.955,3.3692,2.2605,0.54998,5.3039,NaN,8.9732,NaN,2.445,NaN,3.8347,4.3645,9.7544,2.4728,8.0784,2.8359,3.0722,2.1638,8.2001,1.5512,1.8745,NaN,3.7537,1.7413,2.2892,1.5627,7.1934,1.2128,NaN,NaN,8.748,4.5619,3.4072
6.1777,1.2202,4.9593,3.0311,NaN,4.6184,5.3016,3.5548,2.6815,0.94253,5.5668,10.091,1.043,NaN,2.034,3.649,1.1517,1.0192,6.8675,1.5577,2.5246,3.9775,6.4966,3.095,NaN,NaN,NaN,NaN,NaN,3.2303,5.7779,NaN,NaN,NaN,NaN,NaN,1.9321,NaN,NaN,NaN,NaN,NaN,1.1178,NaN,NaN,NaN,NaN,NaN,NaN,NaN,2.0786,5.3255,NaN,14.733,NaN,NaN,NaN,NaN,1.534,3.4887,NaN,1.8707,NaN,4.389,6.9263,NaN,6.9182,6.5173,6.7295,1.2244,2.1105,6.5867,NaN,6.1092,NaN,2.426,NaN,3.1176,3.0966,7.2992,2.0628,8.195,7.6931,3.2627,2.9745,2.2428,7.9452,2.5056,NaN,1.2291,6.8656,5.8295,4.7683,3.3493,3.135,NaN,NaN,1.5305,1.5066,3.7164
1.6107,4.6922,1.963,0.46432,NaN,4.866,4.3147,4.8494,2.7649,4.1637,5.2103,5.5395,3.3105,NaN,7.8393,2.0167,5.4449,2.7317,2.9691,1.8181,2.5611,2.705,6.9749,5.4258,NaN,NaN,NaN,NaN,NaN,5.8869,4.9227,NaN,NaN,NaN,NaN,NaN,5.3514,NaN,NaN,NaN,NaN,NaN,2.0094,NaN,NaN,NaN,NaN,NaN,NaN,NaN,2.7507,5.2234,NaN,7.0589,NaN,NaN,NaN,NaN,3.0933,4.115,NaN,3.7547,NaN,4.8583,1.6219,NaN,5.3638,5.0653,2.1628,9.1872,10.778,3.6322,NaN,0.87498,NaN,3.407,NaN,7.4995,4.2112,20.945,2.516,2.2976,1.3043,5.1892,1.6066,4.7646,4.5017,5.7301,NaN,6.8092,3.9475,4.9558,4.9248,1.8383,5.693,NaN,NaN,1.4485,13.328,7.5868
3.5098,2.419,8.0958,6.2911,NaN,4.008,8.4135,3.1084,6.5261,3.113,2.5916,3.0424,9.7587,NaN,4.4508,6.8036,5.0869,2.0724,3.9337,2.1635,4.716,1.2816,16.456,2.2957,NaN,NaN,NaN,NaN,NaN,4.8146,2.7205,NaN,NaN,NaN,NaN,NaN,0.3908,NaN,NaN,NaN,NaN,NaN,8.0196,NaN,NaN,NaN,NaN,NaN,NaN,NaN,4.3987,3.9672,NaN,15.197,NaN,NaN,NaN,NaN,9.7054,10.935,NaN,3.6223,NaN,2.8687,3.5019,NaN,5.3079,7.6309,7.68,2.3631,4.2738,2.0775,NaN,13.352,NaN,3.9992,NaN,1.7446,4.4919,3.6569,4.8532,4.7697,11.761,2.6626,2.1048,5.7696,10.295,3.6611,NaN,10.739,8.9451,5.1259,5.4955,2.7743,4.3983,NaN,NaN,1.5887,7.1313,4.1699
6.4964,2.0894,14.191,6.9843,NaN,1.2472,3.0335,3.3666,2.0801,5.9693,5.5129,8.5089,0.43174,NaN,3.757,3.5323,6.7676,1.1175,1.5822,7.6817,3.1757,7.1331,11.19,0.35382,NaN,NaN,NaN,NaN,NaN,2.3628,5.6889,NaN,NaN,NaN,NaN,NaN,1.1382,NaN,NaN,NaN,NaN,NaN,2.108,NaN,NaN,NaN,NaN,NaN,NaN,NaN,4.3864,2.7341,NaN,18.64,NaN,NaN,NaN,NaN,3.9654,9.0461,NaN,5.5851,NaN,7.3638,2.3517,NaN,11.029,3.2323,2.1063,10.707,8.9126,5.4027,NaN,8.9998,NaN,4.897,NaN,1.6443,0.21665,7.4415,5.0654,7.0304,0.9446,12.774,11.762,3.7881,6.9439,0.88269,NaN,3.96,5.4891,3.2445,9.8148,1.4226,3.1703,NaN,NaN,1.962,12.364,4.5163
2.1121,2.8407,4.3511,5.4888,NaN,2.9757,3.4046,1.5859,1.5471,7.4236,8.2514,5.3632,4.3757,NaN,7.7249,5.351,9.6632,4.4629,5.1193,11.437,3.1603,8.2695,1.9639,2.4865,NaN,NaN,NaN,NaN,NaN,1.7212,4.0249,NaN,NaN,NaN,NaN,NaN,1.2028,NaN,NaN,NaN,NaN,NaN,4.9595,NaN,NaN,NaN,NaN,NaN,NaN,NaN,0.32219,2.2988,NaN,4.5823,NaN,NaN,NaN,NaN,4.3015,1.3443,NaN,5.0612,NaN,5.8986,4.2774,NaN,3.1054,2.6735,2.1844,3.8735,12.363,8.6931,NaN,24.821,NaN,4.3727,NaN,3.428,7.3236,3.2612,4.4469,6.4457,2.2095,5.2169,33.516,2.3758,6.6037,1.1689,NaN,5.3781,2.5815,6.3044,9.6914,0.65787,5.922,NaN,NaN,3.2446,15.204,4.4993
7.8623,8.8121,6.9199,7.3496,NaN,16.09,0.88906,5.1195,7.3469,12.575,6.6903,10.126,4.8802,NaN,5.0627,1.8096,2.5385,0.89789,6.0276,1.6807,4.2352,1.3819,5.2464,3.3971,NaN,NaN,NaN,NaN,NaN,4.2132,5.2381,NaN,NaN,NaN,NaN,NaN,3.7731,NaN,NaN,NaN,NaN,NaN,2.3475,NaN,NaN,NaN,NaN,NaN,NaN,NaN,1.9721,1.4394,NaN,3.2809,NaN,NaN,NaN,NaN,2.856,2.5305,NaN,6.4689,NaN,3.9687,5.5033,NaN,3.3762,2.3435,6.6325,2.2541,0.58667,3.6525,NaN,11.527,NaN,1.5663,NaN,4.4219,4.105,4.4193,5.6245,6.0853,1.981,6.3668,4.2786,1.1573,1.2003,4.5547,NaN,3.929,3.6268,1.1403,6.8407,2.1753,2.5103,NaN,NaN,4.0619,4.8018,4.173
2.4138,1.5505,2.6269,1.5918,NaN,2.5183,11.896,4.2066,9.9058,11.092,3.5363,3.4658,8.1,NaN,5.6041,6.7285,2.9797,2.3177,4.7618,1.997,2.3398,1.2001,9.0254,3.4112,NaN,NaN,NaN,NaN,NaN,5.2289,2.473,NaN,NaN,NaN,NaN,NaN,2.5225,NaN,NaN,NaN,NaN,NaN,1.8639,NaN,NaN,NaN,NaN,NaN,NaN,NaN,2.7997,5.2805,NaN,3.448,NaN,NaN,NaN,NaN,2.8306,1.186,NaN,3.6049,NaN,8.3472,1.0187,NaN,7.46,3.3467,0.88151,0.17756,1.8117,8.7802,NaN,5.0371,NaN,2.8331,NaN,5.6755,6.6689,3.2246,8.094,6.6744,1.9278,4.3727,7.1854,2.3325,0.98061,1.5169,NaN,2.4654,4.148,5.081,4.0018,0.31989,7.4348,NaN,NaN,4.6382,8.4587,1.4061
5.5943,4.7906,2.5604,3.4244,NaN,8.6314,3.5572,0.52405,2.1636,5.6845,5.909,4.8551,3.8331,NaN,7.9085,1.5192,1.3885,5.1975,1.2269,2.5111,5.5017,5.89,3.678,2.4093,NaN,NaN,NaN,NaN,NaN,3.0407,2.0321,NaN,NaN,NaN,NaN,NaN,6.9648,NaN,NaN,NaN,NaN,NaN,0.72253,NaN,NaN,NaN,NaN,NaN,NaN,NaN,1.5072,3.6805,NaN,7.3235,NaN,NaN,NaN,NaN,5.1356,5.0501,NaN,4.3054,NaN,7.084,2.3575,NaN,0.76191,18.243,2.1703,0.51719,11.893,6.8893,NaN,3.3749,NaN,7.7072,NaN,1.7044,4.3391,7.1093,3.7313,7.5838,7.5745,2.5568,3.3963,2.0232,5.3475,9.55,NaN,4.0998,2.1804,2.8414,3.4018,2.9653,4.5849,NaN,NaN,2.8956,2.1725,4.2851
2.8289,5.9561,11.855,5.9818,NaN,10.719,4.6726,3.5565,2.4167,15.841,4.3809,4.9992,3.6359,NaN,3.3557,1.6507,2.0039,1.2719,3.3323,1.8014,3.7274,8.2812,4.5243,3.6922,NaN,NaN,NaN,NaN,NaN,4.2304,4.4651,NaN,NaN,NaN,NaN,NaN,3.2328,NaN,NaN,NaN,NaN,NaN,6.1494,NaN,NaN,NaN,NaN,NaN,NaN,NaN,0.77716,5.3629,NaN,2.847,NaN,NaN,NaN,NaN,5.3301,8.2725,NaN,1.2219,NaN,1.0036,1.3383,NaN,2.3644,5.2974,6.8933,5.4256,6.3057,1.2921,NaN,3.5538,NaN,2.5613,NaN,2.524,2.7422,3.5491,5.9939,2.6378,2.6593,12.111,3.0837,5.2336,6.222,3.7974,NaN,5.6834,5.5974,3.1876,1.9436,2.1111,0.79919,NaN,NaN,7.5957,0.936,1.6489
4.7224,2.0587,3.2194,11.61,NaN,7.6291,8.1908,5.8718,1.9909,18.058,7.8593,5.7888,10.088,NaN,0.90254,1.8579,3.3065,1.0287,1.2342,5.3536,6.2717,5.5284,2.9832,2.0701,NaN,NaN,NaN,NaN,NaN,2.6078,3.9458,NaN,NaN,NaN,NaN,NaN,8.3385,NaN,NaN,NaN,NaN,NaN,3.1701,NaN,NaN,NaN,NaN,NaN,NaN,NaN,0.80148,2.631,NaN,11.382,NaN,NaN,NaN,NaN,6.4887,3.3226,NaN,2.5785,NaN,5.2661,1.564,NaN,3.8758,5.9035,3.5404,1.389,12.943,3.7089,NaN,1.9918,NaN,0.92519,NaN,3.7352,1.4109,7.5479,3.7772,5.448,1.181,39.846,3.2719,2.8096,7.1675,9.2635,NaN,2.4706,6.1416,5.2132,7.4337,3.2444,3.7619,NaN,NaN,4.8559,3.4215,1.487
4.0866,2.1641,2.7719,4.3015,NaN,1.6085,6.6664,8.8622,3.9108,0.81546,0.63916,4.1591,5.0945,NaN,13.417,4.9688,3.0919,5.3842,0.91151,4.5425,0.81235,0.8539,0.51761,1.0772,NaN,NaN,NaN,NaN,NaN,1.7783,5.5468,NaN,NaN,NaN,NaN,NaN,4.51,NaN,NaN,NaN,NaN,NaN,0.89415,NaN,NaN,NaN,NaN,NaN,NaN,NaN,2.7558,12.395,NaN,5.0063,NaN,NaN,NaN,NaN,9.1195,3.2856,NaN,3.2665,NaN,0.53158,1.5798,NaN,0.74438,5.4815,3.0327,11.815,7.6308,5.6873,NaN,6.9593,NaN,7.2497,NaN,0.81557,3.3523,5.5603,4.5282,6.1313,0.87949,3.897,1.5773,5.3887,3.2899,1.4669,NaN,3.1701,20.148,2.1806,4.1987,3.4452,4.393,NaN,NaN,3.216,6.2804,2.6207
4.886,8.2244,18.216,4.9763,NaN,5.3071,3.5524,3.9287,6.3454,9.9849,6.2205,0.916,7.6092,NaN,3.0667,3.3788,2.7648,8.6775,2.7016,0.97929,4.7318,1.7041,5.1863,14.472,NaN,NaN,NaN,NaN,NaN,5.0964,4.1472,NaN,NaN,NaN,NaN,NaN,23.634,NaN,NaN,NaN,NaN,NaN,0.67608,NaN,NaN,NaN,NaN,NaN,NaN,NaN,3.33,0.1375,NaN,5.0603,NaN,NaN,NaN,NaN,1.9881,3.6852,NaN,2.6867,NaN,1.3326,1.4406,NaN,3.4482,6.0669,4.1943,3.4024,4.4153,6.242,NaN,4.8189,NaN,8.7977,NaN,4.5546,4.4698,4.0017,3.8241,8.7434,0.84961,2.3919,2.1908,2.4567,6.4438,2.6745,NaN,17.267,8.612,5.0109,4.8818,0.97654,12.058,NaN,NaN,5.7218,8.0057,4.6361
7.5558,6.5236,4.3969,4.062,NaN,0.66999,7.2072,9.1348,3.4419,6.2538,1.5883,5.845,17.077,NaN,6.2497,3.0411,2.4172,2.828,1.5099,2.2659,7.89,1.8636,3.4594,1.7628,NaN,NaN,NaN,NaN,NaN,4.9051,4.9279,NaN,NaN,NaN,NaN,NaN,6.6031,NaN,NaN,NaN,NaN,NaN,3.283,NaN,NaN,NaN,NaN,NaN,NaN,NaN,1.1581,5.2593,NaN,7.0551,NaN,NaN,NaN,NaN,2.149,13.477,NaN,5.1678,NaN,2.722,1.7567,NaN,3.4728,4.2527,2.8942,1.9783,2.0838,5.2528,NaN,8.7064,NaN,4.6373,NaN,5.4597,1.0101,4.0716,1.6793,3.1449,1.6134,8.5605,4.762,3.2012,7.1759,8.7825,NaN,4.554,6.8393,8.8234,3.3347,3.6936,2.7871,NaN,NaN,0.78911,3.7864,2.0508
2.6314,5.0307,3.2572,5.4274,NaN,3.0154,4.0385,2.926,1.8423,3.4927,10.907,2.0283,4.4544,NaN,9.5284,1.6135,2.8711,0.80636,3.1587,7.844,4.2003,1.2995,11.727,5.8648,NaN,NaN,NaN,NaN,NaN,2.0984,2.0165,NaN,NaN,NaN,NaN,NaN,5.2268,NaN,NaN,NaN,NaN,NaN,5.6461,NaN,NaN,NaN,NaN,NaN,NaN,NaN,2.5154,7.2087,NaN,5.5838,NaN,NaN,NaN,NaN,7.7622,7.9684,NaN,6.1929,NaN,1.7855,2.8721,NaN,4.6817,13.374,0.76975,1.5112,2.5322,10.332,NaN,3.3609,NaN,1.8247,NaN,4.3345,9.0205,4.5276,6.3477,4.7505,3.7101,2.723,5.6683,5.5181,4.6961,2.5779,NaN,4.4712,9.4722,6.3453,6.7951,5.2825,5.3502,NaN,NaN,2.0692,4.1773,1.4304
1.84,5.3733,6.2355,3.3946,NaN,3.8192,1.9753,5.3959,9.1239,3.2506,4.7613,0.66409,0.93464,NaN,0.85603,3.7884,5.4644,5.4664,0.31422,5.4374,3.0978,0.99397,11.711,3.6807,NaN,NaN,NaN,NaN,NaN,1.78,1.7633,NaN,NaN,NaN,NaN,NaN,12.515,NaN,NaN,NaN,NaN,NaN,2.1543,NaN,NaN,NaN,NaN,NaN,NaN,NaN,3.5734,8.9695,NaN,25.905,NaN,NaN,NaN,NaN,11.999,7.7983,NaN,6.2542,NaN,1.1949,4.3171,NaN,9.0991,1.9325,1.3819,4.8925,6.1284,10.304,NaN,4.9862,NaN,0.32936,NaN,2.4951,17.767,6.2472,4.4644,9.0393,7.2138,4.3377,1.8456,6.6072,3.3981,2.6381,NaN,2.5177,8.0531,9.4265,0.90469,2.8091,5.2602,NaN,NaN,3.1911,4.0078,5.137
4.0563,5.7046,8.7838,2.8491,NaN,2.4042,2.8643,5.4072,2.6113,2.8999,2.8356,15.044,7.2769,NaN,4.7479,4.0669,3.3554,2.0306,3.9985,0.46094,5.6077,2.8801,6.2682,3.7311,NaN,NaN,NaN,NaN,NaN,0.74921,0.85819,NaN,NaN,NaN,NaN,NaN,2.6464,NaN,NaN,NaN,NaN,NaN,1.8702,NaN,NaN,NaN,NaN,NaN,NaN,NaN,1.4881,3.8035,NaN,6.954,NaN,NaN,NaN,NaN,4.3336,6.1815,NaN,1.0186,NaN,4.6315,4.5364,NaN,14.487,14.868,0.82047,1.2418,8.03,2.9959,NaN,9.0206,NaN,0.32906,NaN,0.30956,5.4093,2.0297,9.0208,16.394,7.3914,7.1297,3.5664,1.6774,8.5349,1.0368,NaN,3.6827,1.1401,4.4444,4.4504,4.1711,0.78645,NaN,NaN,6.2405,1.1436,11.259
2.2453,2.8725,2.657,11.884,NaN,2.1375,4.6787,0.21267,10.7,7.0732,2.5178,10.579,4.1195,NaN,6.8804,8.4404,2.3813,7.3919,2.422,3.5933,3.4491,6.8303,22.08,4.3403,NaN,NaN,NaN,NaN,NaN,3.3859,2.1254,NaN,NaN,NaN,NaN,NaN,8.5933,NaN,NaN,NaN,NaN,NaN,3.2517,NaN,NaN,NaN,NaN,NaN,NaN,NaN,3.0341,5.4575,NaN,10.106,NaN,NaN,NaN,NaN,1.3257,7.2382,NaN,5.6385,NaN,4.4456,2.9818,NaN,14.083,3.9261,3.2414,3.3179,1.3475,4.9969,NaN,7.5655,NaN,3.938,NaN,2.6442,0.97733,4.3343,2.7029,3.9365,1.3575,6.5009,3.3528,3.1129,8.8605,1.1346,NaN,1.6624,17.544,10.617,0.34247,0.21992,7.528,NaN,NaN,6.8128,23.064,3.0573
5.9351,6.8674,2.0446,4.153,NaN,1.5481,1.8663,1.721,7.3606,11.018,3.0232,7.3786,3.018,NaN,4.113,7.2274,4.9451,5.881,4.2829,2.0505,3.5145,1.1558,2.7575,8.4257,NaN,NaN,NaN,NaN,NaN,4.591,1.859,NaN,NaN,NaN,NaN,NaN,1.3072,NaN,NaN,NaN,NaN,NaN,0.84142,NaN,NaN,NaN,NaN,NaN,NaN,NaN,3.0445,2.7402,NaN,13.531,NaN,NaN,NaN,NaN,3.5829,5.877,NaN,7.6348,NaN,1.6482,1.5993,NaN,8.4063,2.9149,3.2951,6.5164,3.1456,6.9958,NaN,4.9542,NaN,1.8959,NaN,3.4404,1.5317,0.36416,12.514,4.3008,3.9996,5.6945,7.9058,1.9198,4.9912,6.5938,NaN,3.9323,13.35,4.8127,7.5484,0.5523,7.1328,NaN,NaN,8.1242,4.3119,2.1471
3.9888,5.4445,2.4703,2.0089,NaN,2.5562,1.5464,2.6561,6.8115,5.6703,4.5562,3.4446,5.4256,NaN,6.8265,4.1534,1.2384,2.079,2.3439,5.3136,3.4298,2.7538,11.321,2.2751,NaN,NaN,NaN,NaN,NaN,2.7737,0.5145,NaN,NaN,NaN,NaN,NaN,3.9461,NaN,NaN,NaN,NaN,NaN,8.0497,NaN,NaN,NaN,NaN,NaN,NaN,NaN,4.6572,4.1636,NaN,14.901,NaN,NaN,NaN,NaN,2.7102,2.037,NaN,2.6982,NaN,6.4474,2.5131,NaN,3.2611,1.1791,1.5221,1.4967,4.5522,7.3651,NaN,1.6648,NaN,4.3158,NaN,6.6443,4.1536,4.5773,2.3478,4.1862,3.6102,4.2869,1.9515,3.641,10.335,3.3003,NaN,0.065539,1.864,5.3046,3.1677,2.5637,6.1926,NaN,NaN,4.1219,5.6071,2.529
3.0429,3.8183,5.8802,7.508,NaN,7.8822,1.5042,1.3518,10.749,9.7717,2.973,9.5469,2.1355,NaN,6.1675,0.47696,7.6714,2.4093,8.3603,3.242,9.6991,4.9876,0.77405,7.861,NaN,NaN,NaN,NaN,NaN,4.5621,6.1674,NaN,NaN,NaN,NaN,NaN,2.3392,NaN,NaN,NaN,NaN,NaN,6.4771,NaN,NaN,NaN,NaN,NaN,NaN,NaN,10.001,2.5731,NaN,3.1378,NaN,NaN,NaN,NaN,0.82393,2.7391,NaN,2.5511,NaN,4.3951,8.3622,NaN,12.633,9.329,4.5496,2.56,6.8052,0.61136,NaN,4.2433,NaN,9.8066,NaN,8.3244,1.0195,2.5136,3.2619,2.4416,4.7007,4.3983,2.6482,4.0209,4.2162,11.031,NaN,6.1542,3.4986,0.67789,12.038,0.93592,8.771,NaN,NaN,4.5284,9.4465,2.5007
3.0803,6.9766,3.8908,1.8577,NaN,17.695,2.5354,2.8759,3.6123,2.4365,5.0582,6.5948,1.613,NaN,5.6295,2.8268,8.1663,6.2621,1.6997,1.244,6.5309,4.3715,1.6776,7.2438,NaN,NaN,NaN,NaN,NaN,8.3787,4.0189,NaN,NaN,NaN,NaN,NaN,0.70855,NaN,NaN,NaN,NaN,NaN,4.6332,NaN,NaN,NaN,NaN,NaN,NaN,NaN,7.2403,2.796,NaN,6.9964,NaN,NaN,NaN,NaN,3.3253,2.5843,NaN,6.3037,NaN,3.8889,3.2972,NaN,10.293,2.3562,3.4974,2.309,2.2385,3.5942,NaN,13.368,NaN,15.317,NaN,6.7835,1.8434,7.6499,7.4675,9.0206,10.579,4.642,8.4311,5.2573,6.7519,2.9046,NaN,8.1268,2.3363,21.189,1.8323,4.6979,4.2568,NaN,NaN,5.9664,3.4274,0.82892
12.134,8.1831,7.3956,1.5356,NaN,3.7142,0.96972,5.571,10.246,7.0756,2.1551,6.3704,1.3712,NaN,2.5528,3.3112,0.94702,5.04,3.8871,9.0609,3.589,5.934,7.1578,3.4069,NaN,NaN,NaN,NaN,NaN,5.053,16.823,NaN,NaN,NaN,NaN,NaN,10.053,NaN,NaN,NaN,NaN,NaN,11.306,NaN,NaN,NaN,NaN,NaN,NaN,NaN,1.6032,19.905,NaN,5.6301,NaN,NaN,NaN,NaN,11.441,3.4888,NaN,4.8352,NaN,4.6596,5.1521,NaN,9.3847,4.2917,9.6445,6.248,3.0695,2.5257,NaN,1.9604,NaN,3.9522,NaN,4.4717,5.8253,10.098,1.0741,3.279,2.5167,20.093,5.643,2.8035,15.127,2.3797,NaN,5.8688,9.2066,3.9834,5.7842,1.2538,3.7061,NaN,NaN,2.1425,1.6862,3.7867
2.3886,4.0988,2.5908,6.4442,NaN,1.8748,6.3335,3.0776,10.03,7.7553,6.1044,11.125,2.121,NaN,7.6884,11.063,0.82381,6.4528,0.49561,3.8973,4.6539,4.0014,24.505,3.7178,NaN,NaN,NaN,NaN,NaN,4.1945,4.1148,NaN,NaN,NaN,NaN,NaN,9.3351,NaN,NaN,NaN,NaN,NaN,4.3138,NaN,NaN,NaN,NaN,NaN,NaN,NaN,3.094,5.7707,NaN,22.647,NaN,NaN,NaN,NaN,19.998,7.7233,NaN,1.7164,NaN,3.4761,4.6962,NaN,16.445,2.6076,3.4345,7.2752,1.9888,1.2461,NaN,4.7087,NaN,1.1836,NaN,6.2249,2.8024,9.4873,4.3815,3.3801,2.0691,22.535,15.58,3.5587,12.863,3.9964,NaN,4.5349,7.7057,11.878,4.147,0.25527,6.1411,NaN,NaN,7.8825,8.0366,2.3559
6.4203,5.5138,6.3867,3.3394,NaN,0.4518,2.8149,4.4645,3.2862,9.9258,1.3259,0.68581,5.8893,NaN,11.989,5.1339,4.4195,1.4874,5.7449,5.7277,2.8074,0.93188,13.152,4.3343,NaN,NaN,NaN,NaN,NaN,2.2603,9.2504,NaN,NaN,NaN,NaN,NaN,4.5092,NaN,NaN,NaN,NaN,NaN,5.8555,NaN,NaN,NaN,NaN,NaN,NaN,NaN,3.2691,3.2789,NaN,23.176,NaN,NaN,NaN,NaN,4.496,4.9107,NaN,2.4876,NaN,3.593,1.891,NaN,0.76053,2.337,3.4257,4.2536,4.5333,5.6259,NaN,4.4828,NaN,6.6367,NaN,2.9812,5.3867,2.6508,2.3428,5.44,4.9448,0.73615,7.1788,2.9641,9.6166,4.9978,NaN,1.1578,7.5575,5.2894,5.9941,3.3674,1.6814,NaN,NaN,3.5268,4.4277,2.194
18.875,1.9655,4.1127,2.2177,NaN,5.0608,0.93738,1.0896,3.0378,3.8991,5.2119,3.8875,3.4888,NaN,0.53624,1.4922,3.7858,7.2959,2.8396,8.676,0.84748,1.1066,12.844,3.4902,NaN,NaN,NaN,NaN,NaN,1.0146,2.4056,NaN,NaN,NaN,NaN,NaN,7.7944,NaN,NaN,NaN,NaN,NaN,4.8637,NaN,NaN,NaN,NaN,NaN,NaN,NaN,1.2709,10.833,NaN,4.5,NaN,NaN,NaN,NaN,1.6366,4.8461,NaN,4.1984,NaN,4.172,1.0005,NaN,3.7959,2.0116,2.1741,1.5478,3.9353,6.983,NaN,4.3099,NaN,1.3278,NaN,3.6868,10.157,1.9807,2.3158,2.7019,3.8013,10.834,2.1041,7.7799,6.6148,0.35972,NaN,3.8096,2.1121,9.8834,4.2296,2.2372,4.8827,NaN,NaN,4.8384,11.299,7.194
6.0884,2.9535,4.3193,3.7667,NaN,10.9,4.5087,19.348,7.4955,3.9997,6.7266,10.183,2.8827,NaN,4.5485,5.1861,2.0047,6.2337,8.6382,1.991,2.0606,2.9682,7.3935,6.8843,NaN,NaN,NaN,NaN,NaN,1.1024,3.8675,NaN,NaN,NaN,NaN,NaN,0.99207,NaN,NaN,NaN,NaN,NaN,0.88047,NaN,NaN,NaN,NaN,NaN,NaN,NaN,5.6991,5.411,NaN,6.2695,NaN,NaN,NaN,NaN,0.90753,13.813,NaN,2.9156,NaN,7.6909,4.8314,NaN,6.8249,6.0908,2.3903,1.6961,3.0086,6.8696,NaN,4.2228,NaN,15.563,NaN,12.503,3.3638,2.647,15.954,3.8304,1.0227,2.8332,3.5334,10.654,9.3114,1.3753,NaN,3.7129,5.3076,4.0961,2.7192,2.9674,1.646,NaN,NaN,4.3889,10.19,3.5519
4.0035,5.5135,3.345,1.5045,NaN,3.9484,29.505,2.8957,2.7042,4.4528,2.4751,1.5895,2.5653,NaN,2.9402,2.5803,2.4065,3.0926,2.5775,9.169,24.985,3.9265,9.1071,5.6596,NaN,NaN,NaN,NaN,NaN,1.1458,2.2408,NaN,NaN,NaN,NaN,NaN,2.4079,NaN,NaN,NaN,NaN,NaN,0.93671,NaN,NaN,NaN,NaN,NaN,NaN,NaN,2.7104,3.9678,NaN,2.6013,NaN,NaN,NaN,NaN,2.4242,2.5305,NaN,4.2718,NaN,4.2434,14.691,NaN,3.6429,4.4189,3.3919,1.9566,3.5799,2.8308,NaN,6.6373,NaN,3.0457,NaN,1.7102,4.708,2.3984,8.0515,2.5623,5.4316,9.4605,7.1401,5.4722,6.6195,5.4818,NaN,5.921,1.8918,2.9638,2.7485,4.8603,4.1521,NaN,NaN,2.1675,5.3454,7.0617
6.8822,2.2599,3.7033,1.1899,NaN,2.4068,5.8199,7.4074,4.0038,1.4563,1.9098,7.7345,3.4604,NaN,1.4636,1.1638,3.7999,1.016,3.0179,2.0096,0.5734,3.5697,6.3353,2.7995,NaN,NaN,NaN,NaN,NaN,0.81038,4.1645,NaN,NaN,NaN,NaN,NaN,4.5417,NaN,NaN,NaN,NaN,NaN,3.6339,NaN,NaN,NaN,NaN,NaN,NaN,NaN,1.5972,6.5072,NaN,1.8676,NaN,NaN,NaN,NaN,2.8732,5.8817,NaN,6.476,NaN,2.6662,1.827,NaN,4.9904,10.112,2.2895,0.57665,6.0242,7.3439,NaN,16.592,NaN,9.7007,NaN,3.0017,2.3308,2.4311,5.2896,5.2345,0.69222,3.8564,2.3177,4.623,2.7864,5.1875,NaN,5.081,5.8482,2.7923,0.60265,1.6545,4.8295,NaN,NaN,2.6422,4.9996,1.8907
3.8224,4.1433,1.1865,12.993,NaN,2.4133,4.5587,2.6419,1.2619,4.347,4.7815,8.9994,21.015,NaN,4.5295,0.87975,1.7918,2.6827,1.6545,6.0908,6.4884,4.0562,2.3474,2.2699,NaN,NaN,NaN,NaN,NaN,2.2706,7.8221,NaN,NaN,NaN,NaN,NaN,2.4967,NaN,NaN,NaN,NaN,NaN,3.8266,NaN,NaN,NaN,NaN,NaN,NaN,NaN,3.9795,0.49445,NaN,1.1918,NaN,NaN,NaN,NaN,3.3595,2.5991,NaN,9.1104,NaN,5.5686,5.987,NaN,1.9022,3.3902,2.1654,0.42548,8.3874,2.8763,NaN,24.589,NaN,6.913,NaN,6.0904,7.0191,2.3254,4.4791,6.5105,4.9379,5.9564,3.1252,2.1137,2.6422,6.9477,NaN,4.2337,1.8988,7.9293,4.4311,2.1493,1.3867,NaN,NaN,4.9787,10.855,3.7791
1.6797,5.4434,6.2941,5.1948,NaN,5.7494,6.8996,8.7489,6.1637,6.8803,8.3527,13.315,0.59406,NaN,7.0437,11.844,9.3729,2.9051,5.3408,5.3045,6.9409,9.2672,33.848,3.6561,NaN,NaN,NaN,NaN,NaN,3.4477,7.3703,NaN,NaN,NaN,NaN,NaN,8.3637,NaN,NaN,NaN,NaN,NaN,7.2475,NaN,NaN,NaN,NaN,NaN,NaN,NaN,5.0849,3.646,NaN,12.18,NaN,NaN,NaN,NaN,10.065,16.284,NaN,1.9867,NaN,14.403,4.6316,NaN,13.587,11.321,0.95585,1.5793,8.6185,9.8468,NaN,1.6603,NaN,1.8274,NaN,10.048,4.0056,3.7477,3.053,0.7575,9.1065,7.115,10.209,7.2104,2.5442,5.7224,NaN,3.9126,3.3502,7.8805,3.8839,2.5189,5.8035,NaN,NaN,13.267,3.911,24.846
17.385,1.2865,12.71,5.3305,NaN,2.8468,8.6082,7.0254,2.8317,0.57844,4.5558,10.192,8.7288,NaN,5.721,16.605,3.8507,4.1417,3.6573,11.886,29.311,5.3986,24.418,2.7564,NaN,NaN,NaN,NaN,NaN,1.7845,4.3685,NaN,NaN,NaN,NaN,NaN,8.2538,NaN,NaN,NaN,NaN,NaN,7.836,NaN,NaN,NaN,NaN,NaN,NaN,NaN,4.2177,7.0649,NaN,3.7038,NaN,NaN,NaN,NaN,4.6226,5.196,NaN,2.6389,NaN,12.981,2.4401,NaN,3.563,1.1775,6.1188,2.6196,1.1211,5.6549,NaN,1.9255,NaN,2.219,NaN,5.573,17.597,3.6713,13.707,5.7973,5.8319,6.469,5.1734,0.71341,4.7538,1.3195,NaN,2.0982,20.905,5.5064,5.9274,3.2586,1.6899,NaN,NaN,3.828,5.2268,3.716
3.198,3.2652,3.7983,5.5436,NaN,7.6487,8.4197,8.1573,3.4012,5.7213,1.9823,6.0185,5.7501,NaN,1.4289,2.0253,7.3856,4.497,1.0617,3.3184,1.6281,5.906,3.2905,0.49027,NaN,NaN,NaN,NaN,NaN,5.6139,1.5448,NaN,NaN,NaN,NaN,NaN,12.473,NaN,NaN,NaN,NaN,NaN,8.6515,NaN,NaN,NaN,NaN,NaN,NaN,NaN,7.3123,1.7799,NaN,1.6227,NaN,NaN,NaN,NaN,1.5003,10.436,NaN,3.5515,NaN,7.9279,0.77001,NaN,3.9474,3.1284,3.766,3.1618,12.562,2.8136,NaN,4.6763,NaN,5.3485,NaN,1.8635,6.5959,1.1639,6.6028,1.5086,8.6585,2.9947,5.1258,2.3318,9.3372,3.3554,NaN,1.647,4.0047,1.142,2.5566,1.0473,2.2569,NaN,NaN,1.9524,4.2725,2.9065
9.6386,6.7804,4.2946,6.5579,NaN,3.7061,5.2514,3.5974,1.902,5.0139,4.8798,8.1326,6.2803,NaN,7.6943,1.795,1.0876,3.2511,2.8585,1.7984,12.306,4.0434,3.2466,2.6516,NaN,NaN,NaN,NaN,NaN,6.4789,6.3786,NaN,NaN,NaN,NaN,NaN,3.8678,NaN,NaN,NaN,NaN,NaN,3.6816,NaN,NaN,NaN,NaN,NaN,NaN,NaN,1.8881,4.1148,NaN,6.8936,NaN,NaN,NaN,NaN,2.3204,11.739,NaN,7.8295,NaN,4.6689,8.8845,NaN,4.7168,2.301,6.7192,4.4286,4.664,2.732,NaN,2.2474,NaN,1.9873,NaN,1.6318,6.6423,3.1001,0.89424,3.8824,5.3375,5.9526,3.7052,4.3695,5.9432,1.5933,NaN,1.4728,4.1859,2.4467,6.9627,1.0139,2.0261,NaN,NaN,2.8465,14.711,6.2664
3.3286,2.0588,2.3698,3.4314,NaN,6.0045,10.104,6.3166,7.2617,1.0757,5.0491,2.7834,1.455,NaN,7.0025,2.9804,2.3771,12.651,3.4977,4.5858,2.2868,39.045,14.281,3.305,NaN,NaN,NaN,NaN,NaN,21.418,0.97743,NaN,NaN,NaN,NaN,NaN,5.6418,NaN,NaN,NaN,NaN,NaN,8.169,NaN,NaN,NaN,NaN,NaN,NaN,NaN,8.6248,2.5069,NaN,8.3096,NaN,NaN,NaN,NaN,5.2599,15.138,NaN,4.7783,NaN,2.9619,8.3287,NaN,21.349,4.7678,3.47,1.0869,8.6733,10.827,NaN,7.5349,NaN,1.2325,NaN,7.0387,3.0607,5.0501,6.9991,1.1398,17.021,11.756,14.375,4.6215,1.094,4.7591,NaN,10.023,4.1006,11.321,1.3332,6.4755,7.9938,NaN,NaN,1.1899,1.4485,1.8731
6.5495,7.2905,3.1688,1.4573,NaN,2.855,5.3247,7.4086,1.5559,3.2554,2.6013,3.4518,4.5134,NaN,0.7842,0.27546,6.3091,2.3798,3.0619,2.2278,3.2994,20.237,4.6546,3.7855,NaN,NaN,NaN,NaN,NaN,3.8458,6.2593,NaN,NaN,NaN,NaN,NaN,0.9974,NaN,NaN,NaN,NaN,NaN,7.4898,NaN,NaN,NaN,NaN,NaN,NaN,NaN,3.5026,6.1605,NaN,4.4344,NaN,NaN,NaN,NaN,2.1296,2.9396,NaN,10.496,NaN,6.326,3.3673,NaN,3.5326,2.426,2.354,2.2807,2.1736,6.1594,NaN,5.3528,NaN,6.6997,NaN,2.5845,3.8985,0.42206,1.3874,4.8204,1.3176,3.523,4.5936,1.4511,2.5719,1.8803,NaN,5.1462,4.9214,2.0568,2.2997,2.525,1.2959,NaN,NaN,2.5575,4.4152,2.0783
10.903,3.6824,4.2776,5.9779,NaN,8.2678,3.9311,3.4694,0.9545,8.9834,1.0129,4.4052,6.3437,NaN,2.1321,4.47,4.7693,3.8656,4.6392,6.5079,5.1176,9.776,6.7819,0.67243,NaN,NaN,NaN,NaN,NaN,0.36286,9.6325,NaN,NaN,NaN,NaN,NaN,3.8948,NaN,NaN,NaN,NaN,NaN,14.789,NaN,NaN,NaN,NaN,NaN,NaN,NaN,4.2772,3.8182,NaN,9.8931,NaN,NaN,NaN,NaN,10.158,2.4708,NaN,2.408,NaN,6.9086,0.58457,NaN,3.4231,3.289,2.5933,4.754,4.4387,4.3427,NaN,0.59738,NaN,7.0502,NaN,4.8894,2.493,5.0323,1.8409,1.6621,9.9611,11.026,4.4112,5.3621,1.6053,3.8172,NaN,13.389,8.05,3.2596,7.1721,3.5748,3.0123,NaN,NaN,7.0365,3.531,2.6298
8.9538,2.6674,9.8424,5.5013,NaN,6.846,12.259,6.2119,4.5957,7.9805,18.146,6.9083,1.611,NaN,5.6824,10.001,16.385,3.4231,6.473,7.3343,8.7524,11.806,36.949,2.6577,NaN,NaN,NaN,NaN,NaN,4.5657,7.8481,NaN,NaN,NaN,NaN,NaN,9.904,NaN,NaN,NaN,NaN,NaN,5.8413,NaN,NaN,NaN,NaN,NaN,NaN,NaN,7.0838,4.8854,NaN,7.3343,NaN,NaN,NaN,NaN,6.4512,11.612,NaN,3.2185,NaN,15.403,4.9875,NaN,5.1176,5.5306,0.53681,1.5768,4.0753,7.6337,NaN,1.5935,NaN,1.5342,NaN,6.1734,4.1862,4.6717,3.758,2.5353,9.488,8.9206,7.555,9.656,1.622,6.0818,NaN,4.619,2.4591,9.2354,3.6503,1.7474,2.9672,NaN,NaN,17.279,7.3108,6.2714
7.0611,2.3909,3.1261,5.1811,NaN,6.2613,8.0473,5.423,5.0038,5.1996,5.689,2.2434,1.0351,NaN,11.597,5.5483,5.0866,12.706,3.5895,1.3589,3.1141,1.1078,4.7751,3.4106,NaN,NaN,NaN,NaN,NaN,10.591,3.0773,NaN,NaN,NaN,NaN,NaN,3.9157,NaN,NaN,NaN,NaN,NaN,1.8825,NaN,NaN,NaN,NaN,NaN,NaN,NaN,3.9917,1.9088,NaN,2.462,NaN,NaN,NaN,NaN,2.2501,6.4146,NaN,2.6509,NaN,4.7808,0.76313,NaN,3.3526,1.349,1.4651,3.0536,3.113,3.5589,NaN,2.3768,NaN,1.375,NaN,11.329,6.1027,4.3953,4.4441,0.19412,5.5139,2.1021,11.416,4.8991,5.9485,1.4616,NaN,3.0684,8.3738,9.3416,8.2538,7.2265,1.2998,NaN,NaN,14.088,4.6875,2.4799
15.454,2.8345,9.8674,3.0632,NaN,6.2155,8.4662,7.3717,9.8617,13.189,14.645,8.5847,7.3876,NaN,33.619,6.7001,7.1573,11.763,7.5589,4.5073,3.2495,5.779,4.8774,1.7979,NaN,NaN,NaN,NaN,NaN,6.5261,7.6341,NaN,NaN,NaN,NaN,NaN,8.0081,NaN,NaN,NaN,NaN,NaN,9.0566,NaN,NaN,NaN,NaN,NaN,NaN,NaN,4.7559,1.3971,NaN,5.2513,NaN,NaN,NaN,NaN,8.5358,5.5942,NaN,4.0194,NaN,19.53,2.1225,NaN,8.1832,4.8141,5.9289,18.589,10.551,7.2483,NaN,4.3124,NaN,11.86,NaN,5.3448,6.826,10.131,2.2974,7.071,3.071,8.338,10.329,8.2498,3.7542,6.1438,NaN,3.0344,1.4146,3.6616,4.0642,7.7511,9.0826,NaN,NaN,1.1225,2.5648,6.1139
4.2686,1.9796,6.5781,1.868,NaN,6.6735,1.7426,2.9155,7.4478,3.8121,11.086,1.5158,0.5681,NaN,5.0221,7.923,2.3795,4.0257,3.8867,3.4454,2.1071,3.8298,7.828,1.9245,NaN,NaN,NaN,NaN,NaN,7.7191,7.9927,NaN,NaN,NaN,NaN,NaN,1.1204,NaN,NaN,NaN,NaN,NaN,2.8261,NaN,NaN,NaN,NaN,NaN,NaN,NaN,3.5248,2.551,NaN,2.6963,NaN,NaN,NaN,NaN,15.725,8.9562,NaN,7.632,NaN,20.796,4.2403,NaN,11.816,10.355,0.75196,5.5238,3.2164,1.4416,NaN,9.2978,NaN,2.9769,NaN,6.1599,8.6289,2.4917,2.6369,8.5884,2.7687,8.6839,3.776,5.7219,4.055,1.6357,NaN,1.1676,10.17,7.375,2.6419,8.0446,5.057,NaN,NaN,4.0282,6.1134,6.2293
3.2499,2.8834,3.9457,1.6457,NaN,2.745,0.65752,3.0562,6.6135,5.3815,4.9555,2.1873,10.613,NaN,5.3637,1.6209,8.5647,6.6469,1.9242,4.6175,2.9679,8.474,4.9161,0.31517,NaN,NaN,NaN,NaN,NaN,5.5727,12.116,NaN,NaN,NaN,NaN,NaN,3.4838,NaN,NaN,NaN,NaN,NaN,9.9795,NaN,NaN,NaN,NaN,NaN,NaN,NaN,1.7934,0.84234,NaN,10.406,NaN,NaN,NaN,NaN,4.6013,5.0357,NaN,8.8743,NaN,5.8464,1.0077,NaN,3.7708,1.832,2.2603,2.7626,3.6054,4.5159,NaN,1.63,NaN,5.7486,NaN,2.7688,1.8011,3.0044,2.0082,2.5717,3.9287,6.8248,6.2408,12.243,2.9508,3.2914,NaN,5.4915,7.7161,1.2703,1.9373,2.7388,1.3387,NaN,NaN,2.1676,11.183,3.2313
11.144,8.3906,5.3728,5.5846,NaN,5.5152,13.05,1.4157,7.172,11.493,7.4234,8.107,0.40638,NaN,7.7655,23.262,11.462,3.6004,3.9279,6.0272,30.014,9.3321,21.281,4.0518,NaN,NaN,NaN,NaN,NaN,6.0579,5.7932,NaN,NaN,NaN,NaN,NaN,10.016,NaN,NaN,NaN,NaN,NaN,11.036,NaN,NaN,NaN,NaN,NaN,NaN,NaN,6.3897,6.6486,NaN,14.073,NaN,NaN,NaN,NaN,7.9873,10.496,NaN,4.377,NaN,22.053,10.469,NaN,15.499,5.6768,2.8677,5.4847,1.5031,17.336,NaN,2.2361,NaN,2.1011,NaN,5.2413,3.1563,13.997,8.7,1.3926,5.1624,13.141,6.9125,11.192,3.3448,5.6923,NaN,5.4766,0.59107,4.5437,4.7345,2.2628,3.5064,NaN,NaN,7.5627,4.4659,7.1325
5.5677,5.1514,1.515,6.9076,NaN,1.4069,8.3155,4.0135,3.9713,1.43,8.4032,6.3574,4.2158,NaN,1.5865,5.22,4.092,9.7014,13.146,1.9118,3.6679,4.1096,1.4869,5.415,NaN,NaN,NaN,NaN,NaN,8.8423,2.8699,NaN,NaN,NaN,NaN,NaN,10.397,NaN,NaN,NaN,NaN,NaN,2.2883,NaN,NaN,NaN,NaN,NaN,NaN,NaN,6.4851,0.63115,NaN,5.8925,NaN,NaN,NaN,NaN,1.6585,13.4,NaN,3.9992,NaN,10.272,15.661,NaN,1.7762,5.6224,6.561,7.224,1.8707,5.1342,NaN,4.1278,NaN,2.6632,NaN,10.894,1.9419,6.4316,1.7239,2.8144,3.0095,1.649,2.4878,2.4188,9.1845,5.8027,NaN,4.9716,3.2002,9.4141,1.5588,3.1373,4.5035,NaN,NaN,0.87339,5.669,12.574
29.361,10.429,10.611,6.7098,NaN,5.6064,2.4936,7.3767,5.479,1.8478,16.441,13.44,4.2416,NaN,5.5271,3.5693,7.2959,11.358,7.2017,3.4873,12.428,12.279,10.008,2.9534,NaN,NaN,NaN,NaN,NaN,2.9952,10.863,NaN,NaN,NaN,NaN,NaN,2.8668,NaN,NaN,NaN,NaN,NaN,5.0627,NaN,NaN,NaN,NaN,NaN,NaN,NaN,15.236,2.4747,NaN,5.2904,NaN,NaN,NaN,NaN,3.1331,6.4128,NaN,5.3229,NaN,11.157,11.092,NaN,14.35,1.0667,4.6641,3.7193,12.145,7.0352,NaN,22.28,NaN,2.3026,NaN,146.47,1.2453,6.0601,3.4599,3.9001,7.0999,20.775,8.0295,7.1935,5.7069,3.1276,NaN,5.8074,8.0326,11.755,1.6575,8.3339,14.448,NaN,NaN,1.9372,9.8867,12.579
2.6468,2.452,14.225,8.4656,NaN,0.90702,2.0649,2.5683,8.9973,4.9408,9.9779,6.5545,4.4393,NaN,3.6572,2.0481,12.639,3.3229,3.6402,3.4004,10.863,3.8007,11.619,1.58,NaN,NaN,NaN,NaN,NaN,5.2434,9.2188,NaN,NaN,NaN,NaN,NaN,2.3678,NaN,NaN,NaN,NaN,NaN,4.7797,NaN,NaN,NaN,NaN,NaN,NaN,NaN,11.472,12.133,NaN,2.7871,NaN,NaN,NaN,NaN,18.288,5.1979,NaN,1.9684,NaN,17.822,3.4519,NaN,8.3652,2.5903,3.0531,1.7545,2.6222,8.2361,NaN,5.135,NaN,2.3358,NaN,8.1634,0.34063,1.8102,15.892,1.0379,10.267,5.1839,4.835,10.464,3.2823,4.8851,NaN,8.434,5.3568,4.0868,6.3006,10.094,5.2842,NaN,NaN,3.2882,5.8934,2.3265
3.5046,1.0569,7.943,11.974,NaN,4.7161,0.24889,2.9464,1.6037,11.038,7.0816,3.5659,4.016,NaN,2.4314,3.4854,3.8212,3.7768,4.1672,6.4923,7.901,6.7909,10.367,0.84679,NaN,NaN,NaN,NaN,NaN,3.266,8.2466,NaN,NaN,NaN,NaN,NaN,3.8135,NaN,NaN,NaN,NaN,NaN,12.452,NaN,NaN,NaN,NaN,NaN,NaN,NaN,3.396,9.1863,NaN,5.9537,NaN,NaN,NaN,NaN,29.135,4.438,NaN,1.7567,NaN,12.676,1.0558,NaN,6.1933,2.4686,1.2305,1.7987,5.3083,4.4822,NaN,2.2492,NaN,4.5964,NaN,3.9946,0.6575,3.293,5.0142,0.50294,13.474,5.0327,6.986,7.7985,0.62727,5.6647,NaN,9.6334,2.0542,3.2995,3.7187,4.9574,4.4607,NaN,NaN,0.86969,6.811,3.8023
25.931,9.5433,10.731,6.8403,NaN,5.8223,9.146,7.9411,11.979,9.6196,7.4734,23.986,0.47257,NaN,9.9229,10.511,7.8012,2.6988,6.0895,7.9826,15.527,9.8074,17.217,1.7597,NaN,NaN,NaN,NaN,NaN,8.7414,7.6219,NaN,NaN,NaN,NaN,NaN,10.654,NaN,NaN,NaN,NaN,NaN,31.021,NaN,NaN,NaN,NaN,NaN,NaN,NaN,5.212,7.9348,NaN,15.857,NaN,NaN,NaN,NaN,6.9692,14.753,NaN,3.9362,NaN,20.542,9.7983,NaN,157.52,6.3876,3.3246,5.9045,3.4433,8.7741,NaN,2.1858,NaN,2.603,NaN,7.0427,5.1648,11.198,6.7965,3.1644,5.856,14.625,8.9338,7.8231,18.934,5.2814,NaN,5.0427,3.2588,3.9382,6.8751,2.8567,4.3461,NaN,NaN,19.192,3.7765,4.8254
12.346,4.7167,7.7514,5.3751,NaN,1.3438,15.692,18.837,14.776,10.602,6.4163,15.03,7.0476,NaN,2.5274,6.5059,7.1363,6.0605,24.65,1.2163,9.9246,3.1717,7.6266,3.9871,NaN,NaN,NaN,NaN,NaN,11.99,9.5617,NaN,NaN,NaN,NaN,NaN,15.353,NaN,NaN,NaN,NaN,NaN,2.6447,NaN,NaN,NaN,NaN,NaN,NaN,NaN,6.6452,4.9499,NaN,5.6316,NaN,NaN,NaN,NaN,12.6,11.902,NaN,0.9507,NaN,18.546,7.9527,NaN,9.2161,7.4285,2.669,20.952,10.854,9.4162,NaN,4.7137,NaN,3.7034,NaN,8.625,7.065,15.361,5.9709,7.3997,21.51,22.298,7.3827,4.406,7.1565,5.7281,NaN,12.116,5.7311,12.153,5.5148,6.768,3.2002,NaN,NaN,3.1632,1.5698,3.8163
6.3734,11.731,2.7985,7.4838,NaN,5.5463,6.0128,6.9369,13.728,0.51469,9.1474,0.85623,1.9156,NaN,8.8891,1.9444,5.6853,10.125,5.682,6.4506,9.1979,16.736,11.226,2.1123,NaN,NaN,NaN,NaN,NaN,2.4894,5.5573,NaN,NaN,NaN,NaN,NaN,5.6021,NaN,NaN,NaN,NaN,NaN,1.6311,NaN,NaN,NaN,NaN,NaN,NaN,NaN,7.3326,6.4438,NaN,7.4552,NaN,NaN,NaN,NaN,1.4828,1.5501,NaN,1.8974,NaN,4.2441,10.484,NaN,15.2,9.9929,2.6664,6.4891,4.922,6.1503,NaN,4.4387,NaN,1.4931,NaN,3.9826,1.2126,4.2922,5.489,4.8516,10.456,4.6507,6.8256,8.8508,3.3454,5.5287,NaN,3.3196,10.183,5.0791,1.8474,3.0609,14.663,NaN,NaN,3.777,0.68047,4.7933
4.957,4.454,15.669,6.0021,NaN,9.6494,2.8011,9.6182,16.014,2.8273,12.415,2.4248,1.5838,NaN,5.19,8.5079,4.1316,1.7609,9.2442,2.3723,8.1568,14.318,1.2354,3.0283,NaN,NaN,NaN,NaN,NaN,0.86198,14.715,NaN,NaN,NaN,NaN,NaN,7.2138,NaN,NaN,NaN,NaN,NaN,12.439,NaN,NaN,NaN,NaN,NaN,NaN,NaN,5.3241,8.6479,NaN,1.1688,NaN,NaN,NaN,NaN,21.769,18.548,NaN,3.5816,NaN,10.672,1.9767,NaN,5.5365,4.4253,2.3249,3.3037,7.52,3.8676,NaN,5.3458,NaN,2.3873,NaN,7.194,1.0199,16.661,9.3835,3.925,20.92,4.3342,8.1394,25.819,1.2875,16.38,NaN,8.9082,3.9625,6.3636,3.9347,8.1239,13.848,NaN,NaN,1.577,3.8195,4.0194
15.546,6.7629,7.8822,5.752,NaN,8.829,5.2716,2.4152,8.3407,6.341,5.579,6.9107,1.5509,NaN,7.4335,12.816,4.3338,7.1438,9.168,8.5362,12.015,8.3767,6.7513,4.0233,NaN,NaN,NaN,NaN,NaN,1.5811,27.094,NaN,NaN,NaN,NaN,NaN,7.7677,NaN,NaN,NaN,NaN,NaN,9.0282,NaN,NaN,NaN,NaN,NaN,NaN,NaN,2.3793,5.6129,NaN,4.7803,NaN,NaN,NaN,NaN,31.871,18.762,NaN,2.1526,NaN,9.5112,1.0762,NaN,4.9053,0.45897,1.4081,1.4787,8.0043,4.5693,NaN,3.0478,NaN,4.8359,NaN,5.3314,1.4184,7.8018,5.2591,4.5893,10.452,5.4331,8.5154,8.2178,2.6511,6.5388,NaN,12.674,2.1149,4.3065,3.1521,4.2818,8.7129,NaN,NaN,2.6606,5.6546,3.3201
10.615,2.9926,5.2681,7.6781,NaN,8.2366,2.6254,12.669,9.7101,1.5681,4.3231,4.6392,1.3562,NaN,4.294,4.7986,2.4824,9.7544,4.0063,7.2341,7.3746,8.334,5.4722,0.26547,NaN,NaN,NaN,NaN,NaN,5.4462,2.2199,NaN,NaN,NaN,NaN,NaN,11.226,NaN,NaN,NaN,NaN,NaN,2.1806,NaN,NaN,NaN,NaN,NaN,NaN,NaN,3.0356,2.417,NaN,5.2114,NaN,NaN,NaN,NaN,9.6338,1.7935,NaN,21.678,NaN,8.7333,0.752,NaN,4.3649,4.7566,4.1309,5.6564,1.7975,0.59137,NaN,8.7646,NaN,2.0477,NaN,2.6326,15.715,1.8002,9.3646,2.9142,4.2694,6.0154,9.923,1.7364,1.2184,1.1025,NaN,9.3617,3.7747,1.4415,3.4454,0.94729,2.5302,NaN,NaN,6.8887,3.1417,1.8195
1.6879,2.0864,1.8633,3.535,NaN,9.8362,4.9234,6.5747,11.319,3.3464,6.4824,2.0704,7.2164,NaN,2.2287,3.1824,3.6705,4.4221,5.1806,4.196,1.9463,16.369,9.9143,2.0332,NaN,NaN,NaN,NaN,NaN,12.776,5.6452,NaN,NaN,NaN,NaN,NaN,6.9787,NaN,NaN,NaN,NaN,NaN,2.3485,NaN,NaN,NaN,NaN,NaN,NaN,NaN,0.95835,5.4701,NaN,3.5108,NaN,NaN,NaN,NaN,6.4965,1.5309,NaN,9.1625,NaN,4.2022,4.8682,NaN,13.022,8.8394,2.8729,6.5798,16.341,0.51561,NaN,5.0411,NaN,4.4768,NaN,3.9663,5.1402,2.3691,3.3778,4.8309,1.1508,1.7766,9.1428,7.71,1.0355,4.3342,NaN,3.1393,2.7827,3.3661,6.19,2.9318,11.205,NaN,NaN,2.2409,3.4774,2.3053
4.6403,1.8773,2.1074,3.7661,NaN,2.6636,3.9948,7.9074,6.2656,9.6239,5.7023,9.7277,3.2228,NaN,8.3909,0.73863,3.9886,4.366,5.4164,2.4805,7.4942,2.443,10.692,2.0484,NaN,NaN,NaN,NaN,NaN,2.8639,2.9932,NaN,NaN,NaN,NaN,NaN,6.6876,NaN,NaN,NaN,NaN,NaN,5.2501,NaN,NaN,NaN,NaN,NaN,NaN,NaN,3.0571,1.4616,NaN,2.8783,NaN,NaN,NaN,NaN,3.9888,5.328,NaN,2.9894,NaN,3.3808,3.5657,NaN,1.9267,2.3303,1.8241,1.5889,4.4381,2.0584,NaN,1.2154,NaN,7.4208,NaN,10.987,10.315,1.9187,3.6972,3.4205,2.9711,2.7788,3.9576,2.4717,5.4121,0.89755,NaN,5.6673,3.2315,6.3987,5.1344,2.8628,12.625,NaN,NaN,1.0701,9.2042,2.3498
25.138,6.2802,22.132,7.6349,NaN,8.8505,14.017,9.8727,10.28,6.6795,7.5654,13.05,0.40914,NaN,8.3147,22.516,7.0324,3.1428,7.622,8.9479,19.267,12.38,16.782,1.0774,NaN,NaN,NaN,NaN,NaN,5.3858,11.939,NaN,NaN,NaN,NaN,NaN,11.773,NaN,NaN,NaN,NaN,NaN,18.359,NaN,NaN,NaN,NaN,NaN,NaN,NaN,6.5814,9.3931,NaN,19.433,NaN,NaN,NaN,NaN,8.2624,18.516,NaN,4.5764,NaN,20.558,8.2763,NaN,34.319,1.7889,2.0295,4.7385,4.756,7.0064,NaN,1.7804,NaN,1.9779,NaN,6.7478,4.246,9.3757,7.1003,4.3495,5.9239,13.566,9.1174,6.306,25.044,4.7658,NaN,4.6604,9.7211,7.1095,6.3769,2.6856,5.3823,NaN,NaN,10.976,3.5324,3.7909
9.4603,4.6166,13.285,13.481,NaN,3.5554,30.111,6.7425,19.473,7.6932,9.3244,10.845,2.4834,NaN,1.0983,12.677,6.5829,4.0997,10.319,3.6502,6.4579,8.3088,8.2136,2.1682,NaN,NaN,NaN,NaN,NaN,4.9875,13.097,NaN,NaN,NaN,NaN,NaN,14.556,NaN,NaN,NaN,NaN,NaN,3.8397,NaN,NaN,NaN,NaN,NaN,NaN,NaN,15.582,8.5983,NaN,7.9975,NaN,NaN,NaN,NaN,8.4539,7.9432,NaN,5.4336,NaN,27.24,12.038,NaN,16.538,6.4858,2.8923,6.5565,8.0821,6.3768,NaN,1.1877,NaN,0.91976,NaN,12.709,3.5776,11.173,8.9401,11.397,11.578,11.467,13.129,6.6411,5.98,4.2382,NaN,9.6594,11.177,11.434,0.95937,8.9496,3.0211,NaN,NaN,2.9013,8.5482,20.926
1.7961,1.3324,4.9263,2.4882,NaN,8.9178,2.0877,22.406,3.7254,4.4627,5.1407,5.06,0.25107,NaN,5.4843,1.7936,3.3191,9.397,7.0555,6.1836,6.6684,21.105,10.568,4.4328,NaN,NaN,NaN,NaN,NaN,7.8203,7.9475,NaN,NaN,NaN,NaN,NaN,7.2596,NaN,NaN,NaN,NaN,NaN,2.9599,NaN,NaN,NaN,NaN,NaN,NaN,NaN,3.4728,6.4442,NaN,9.2934,NaN,NaN,NaN,NaN,6.7986,5.2068,NaN,2.1857,NaN,4.3775,0.66111,NaN,8.6292,6.0575,4.9195,1.968,6.5081,2.0967,NaN,10.092,NaN,6.1656,NaN,7.432,2.9846,10.585,11.469,1.823,6.8428,2.2526,4.5466,5.1511,7.547,2.442,NaN,4.3908,3.06,5.9815,1.9538,3.809,9.308,NaN,NaN,2.6549,8.1565,3.6306
6.9509,11.456,7.9338,3.8719,NaN,8.9199,7.8574,5.1514,4.3479,3.2407,9.5995,1.3613,4.456,NaN,2.7005,10.587,9.9482,2.0134,10.535,0.88614,3.5247,7.6305,3.7219,1.2763,NaN,NaN,NaN,NaN,NaN,5.5434,8.9571,NaN,NaN,NaN,NaN,NaN,9.0275,NaN,NaN,NaN,NaN,NaN,1.7346,NaN,NaN,NaN,NaN,NaN,NaN,NaN,3.522,5.4525,NaN,8.3198,NaN,NaN,NaN,NaN,3.9526,14.642,NaN,5.2111,NaN,8.1924,7.1683,NaN,6.1328,0.87548,5.8511,39,1.6166,4.5449,NaN,3.3727,NaN,1.7851,NaN,10.814,1.6199,12.008,2.9049,7.7959,1.7687,1.8228,4.8032,7.7474,1.1243,3.6306,NaN,2.9486,7.462,10.415,4.4755,8.439,3.0215,NaN,NaN,10.058,3.2955,5.262
8.7475,14.454,2.467,3.9936,NaN,4.9216,6.5115,8.7611,6.2077,11.352,9.6712,4.6885,3.3374,NaN,3.0978,5.9295,5.5614,5.3251,2.0673,7.5329,7.3493,2.1198,5.0268,2.8009,NaN,NaN,NaN,NaN,NaN,7.9419,6.0309,NaN,NaN,NaN,NaN,NaN,8.4288,NaN,NaN,NaN,NaN,NaN,0.99444,NaN,NaN,NaN,NaN,NaN,NaN,NaN,3.9415,6.6932,NaN,9.1503,NaN,NaN,NaN,NaN,5.7102,5.1116,NaN,1.0134,NaN,12.582,2.9805,NaN,4.8605,2.8178,3.1061,4.7229,5.5159,0.5948,NaN,7.0199,NaN,0.15094,NaN,10.16,5.7886,1.5068,5.9375,7.0678,1.2883,4.671,3.3371,3.1665,2.9056,5.1352,NaN,7.1754,4.7007,1.7802,4.294,7.3404,10.038,NaN,NaN,3.792,13.002,1.8173
2.8755,6.5132,4.5699,7.2433,NaN,4.0797,3.13,6.6011,2.4529,2.747,11.384,3.1411,3.4648,NaN,4.535,1.1674,3.6183,4.8644,7.5276,11.6,1.337,5.1411,4.1761,2.7712,NaN,NaN,NaN,NaN,NaN,13.727,6.9819,NaN,NaN,NaN,NaN,NaN,4.9843,NaN,NaN,NaN,NaN,NaN,3.7096,NaN,NaN,NaN,NaN,NaN,NaN,NaN,1.8229,3.5521,NaN,5.7943,NaN,NaN,NaN,NaN,8.8484,4.332,NaN,1.8128,NaN,2.3752,3.9524,NaN,5.6406,4.1011,1.6036,7.266,3.3684,2.1923,NaN,1.8268,NaN,5.8126,NaN,5.1494,8.5321,7.312,6.3603,3.1268,0.90605,3.5725,10.255,4.7161,4.3479,4.6149,NaN,6.6409,4.2628,1.404,4.5914,2.1719,8.9098,NaN,NaN,6.4456,7.0559,5.8398
3.201,0.4907,1.6944,2.6532,NaN,3.4038,3.3305,8.5096,11.023,4.5479,6.0853,4.8259,3.7549,NaN,10.523,2.8813,8.7916,1.9545,5.2876,4.2377,8.1239,3.7423,17.336,1.1112,NaN,NaN,NaN,NaN,NaN,4.2218,4.7154,NaN,NaN,NaN,NaN,NaN,5.2867,NaN,NaN,NaN,NaN,NaN,5.0799,NaN,NaN,NaN,NaN,NaN,NaN,NaN,4.6141,2.866,NaN,3.7782,NaN,NaN,NaN,NaN,4.3983,1.7008,NaN,1.2721,NaN,3.0484,2.8416,NaN,2.8001,1.4802,4.3051,1.2337,2.1952,2.1922,NaN,0.47725,NaN,4.9178,NaN,27.298,9.4607,2.1055,1.0688,0.4903,7.7532,1.8335,5.7013,4.048,7.7771,7.0393,NaN,3.1871,4.418,5.8922,3.3114,2.7986,6.3842,NaN,NaN,4.9142,6.4439,5.937
17.828,4.5148,12.295,7.8464,NaN,3.6814,16.413,3.3556,6.6279,7.1521,6.4456,7.4186,1.1267,NaN,9.3599,19.436,5.4241,5.3965,7.8865,9.6542,17.483,12.841,16.146,1.2323,NaN,NaN,NaN,NaN,NaN,3.6505,11.172,NaN,NaN,NaN,NaN,NaN,10.386,NaN,NaN,NaN,NaN,NaN,19.407,NaN,NaN,NaN,NaN,NaN,NaN,NaN,7.031,7.286,NaN,20.739,NaN,NaN,NaN,NaN,7.3959,12.687,NaN,3.625,NaN,13.749,7.7896,NaN,13.356,2.1748,2.7813,4.1474,2.6957,5.9804,NaN,2.5877,NaN,0.6003,NaN,6.9208,4.4864,14.433,13.461,5.4399,4.718,11.242,9.5211,7.2272,11.31,4.3989,NaN,4.4428,6.1604,8.5474,4.5948,1.9739,5.2504,NaN,NaN,17.01,0.69435,2.6138
3.1625,5.3279,2.4842,5.9557,NaN,28.565,4.2051,2.0065,9.0165,3.8823,6.7769,6.9954,1.9661,NaN,2.2915,7.2882,5.2425,6.281,6.0082,2.9843,18.666,5.6084,3.5827,0.70048,NaN,NaN,NaN,NaN,NaN,8.625,4.6936,NaN,NaN,NaN,NaN,NaN,6.2782,NaN,NaN,NaN,NaN,NaN,1.2386,NaN,NaN,NaN,NaN,NaN,NaN,NaN,5.8393,3.1605,NaN,3.6746,NaN,NaN,NaN,NaN,2.1098,2.2142,NaN,1.2887,NaN,5.9252,12.874,NaN,11.573,2.8758,7.4519,6.0575,9.8969,4.7715,NaN,1.4506,NaN,1.8764,NaN,16.21,2.2605,19.133,5.1533,6.1483,2.7941,9.874,8.8718,10.506,1.5142,6.7338,NaN,4.1284,15.822,9.5185,4.2665,7.3415,8.812,NaN,NaN,3.6292,6.6676,17.189
2.2171,6.9684,8.2241,2.6063,NaN,10.499,5.2234,5.4728,2.4085,8.0047,4.4157,3.7672,2.6751,NaN,2.3136,4.3001,6.6603,8.0102,2.9762,3.9799,10.51,10.544,16.764,7.4733,NaN,NaN,NaN,NaN,NaN,13.344,10.457,NaN,NaN,NaN,NaN,NaN,10.031,NaN,NaN,NaN,NaN,NaN,7.837,NaN,NaN,NaN,NaN,NaN,NaN,NaN,1.1192,1.8701,NaN,4.7434,NaN,NaN,NaN,NaN,3.5635,5.4983,NaN,0.90281,NaN,15.416,10.604,NaN,4.9836,0.76484,3.2205,1.7221,1.6691,3.7374,NaN,2.8928,NaN,8.4695,NaN,5.4936,8.5567,16.905,5.0556,3.3967,8.4592,2.4113,3.2391,2.7382,9.5292,4.2076,NaN,5.6631,2.12,3.8471,4.2034,5.0953,7.0142,NaN,NaN,3.1999,6.7955,5.6134
3.5515,6.8838,3.9409,2.834,NaN,5.8109,1.1715,12.042,5.2013,5.5996,13.34,1.1138,3.815,NaN,0.99438,4.4079,9.2568,5.4682,8.7866,4.0162,1.0743,1.0567,3.3228,2.0647,NaN,NaN,NaN,NaN,NaN,10.375,3.0384,NaN,NaN,NaN,NaN,NaN,6.8669,NaN,NaN,NaN,NaN,NaN,11.838,NaN,NaN,NaN,NaN,NaN,NaN,NaN,3.156,5.1611,NaN,7.0679,NaN,NaN,NaN,NaN,1.4656,10.345,NaN,0.79361,NaN,2.395,6.6153,NaN,7.7434,1.5925,8.0574,6.5034,5.3743,0.53709,NaN,1.8062,NaN,4.2386,NaN,3.1715,7.2126,4.4383,3.1894,3.1594,12.653,2.7363,0.80797,6.6845,3.5536,5.0213,NaN,2.9916,11.513,4.6421,5.0318,10.86,3.5033,NaN,NaN,4.0751,13.686,7.866
14.727,9.4625,4.4894,5.3956,NaN,2.1876,3.1681,4.4553,7.4307,4.993,4.3277,4.5337,0.6504,NaN,12.049,5.4172,17.444,1.9989,1.3092,7.8302,9.2071,2.9038,8.9524,4.4486,NaN,NaN,NaN,NaN,NaN,3.1446,2.8951,NaN,NaN,NaN,NaN,NaN,4.0151,NaN,NaN,NaN,NaN,NaN,1.511,NaN,NaN,NaN,NaN,NaN,NaN,NaN,9.3892,6.0085,NaN,3.8071,NaN,NaN,NaN,NaN,4.195,3.0814,NaN,2.5955,NaN,2.2191,3.0258,NaN,6.1799,2.3374,4.8995,12.241,1.8606,2.4984,NaN,3.3197,NaN,2.5494,NaN,13.825,1.3878,11.603,2.2139,4.4939,3.4119,4.7839,4.3845,1.3229,5.0845,4.1437,NaN,10.408,2.6148,3.7817,3.7449,2.2546,4.885,NaN,NaN,3.7653,9.9884,2.1645
1.7896,6.0018,4.6214,7.1824,NaN,2.0223,4.7128,2.4418,4.7137,8.9822,4.0235,1.9365,4.0054,NaN,7.1218,9.3074,3.201,1.6379,4.3512,3.0646,4.904,3.9273,1.6571,4.4766,NaN,NaN,NaN,NaN,NaN,6.1912,5.587,NaN,NaN,NaN,NaN,NaN,9.3658,NaN,NaN,NaN,NaN,NaN,7.2303,NaN,NaN,NaN,NaN,NaN,NaN,NaN,9.4018,16.43,NaN,2.5558,NaN,NaN,NaN,NaN,1.274,9.4494,NaN,3.1209,NaN,2.8458,3.653,NaN,1.5201,14.302,8.375,5.2062,3.5077,9.9531,NaN,4.1456,NaN,4.7456,NaN,2.9603,4.8168,15.474,3.177,7.1401,2.3371,1.782,1.633,5.0552,11.186,6.6802,NaN,3.0067,1.7122,11.1,3.8772,0.93316,2.5768,NaN,NaN,5.2913,5.49,2.7652
19.316,4.0231,9.0794,5.1953,NaN,1.7705,17.991,3.0908,6.924,7.8631,6.2205,6.3988,1.6417,NaN,7.4957,8.7646,3.6171,4.9451,5.6752,10.044,9.5344,11.7,17.376,2.2593,NaN,NaN,NaN,NaN,NaN,3.0382,5.3269,NaN,NaN,NaN,NaN,NaN,9.2509,NaN,NaN,NaN,NaN,NaN,6.3349,NaN,NaN,NaN,NaN,NaN,NaN,NaN,4.0198,5.2985,NaN,21.515,NaN,NaN,NaN,NaN,8.1237,9.792,NaN,2.0545,NaN,13.825,6.3281,NaN,9.7652,4.1448,3.4643,4.5191,2.0863,7.8458,NaN,2.5559,NaN,1.2207,NaN,6.2492,6.4861,17.484,4.362,2.1734,4.712,12.224,12.128,10.254,5.4442,3.5157,NaN,6.5252,2.9397,10.132,5.0178,2.1132,4.9661,NaN,NaN,20.927,0.67412,5.0586
1.5085,2.6437,5.0191,4.526,NaN,23.488,3.4819,1.3986,3.4883,7.8098,7.3326,3.1322,2.7861,NaN,2.2168,4.774,2.2948,16.479,8.6889,1.7711,4.8165,6.7691,1.4594,3.864,NaN,NaN,NaN,NaN,NaN,6.2236,3.8488,NaN,NaN,NaN,NaN,NaN,4.9842,NaN,NaN,NaN,NaN,NaN,2.9751,NaN,NaN,NaN,NaN,NaN,NaN,NaN,6.2137,4.9073,NaN,12.274,NaN,NaN,NaN,NaN,9.8781,8.2908,NaN,6.0908,NaN,9.1686,4.3852,NaN,3.3335,1.4279,2.291,1.9773,5.1575,1.7274,NaN,1.9119,NaN,3.562,NaN,4.2378,0.58531,8.1747,7.1581,7.8494,4.2139,3.3193,2.6185,3.8074,6.1626,5.9695,NaN,2.8365,7.1696,4.3743,4.5493,15.21,6.2405,NaN,NaN,8.2898,4.8403,14.451
1.0461,8.9835,4.7398,4.119,NaN,6.8222,3.2018,5.5512,4.7113,7.6327,3.9038,3.825,0.29965,NaN,0.50584,4.5843,6.8751,8.2875,6.0763,8.2702,15.165,5.381,2.8776,0.84887,NaN,NaN,NaN,NaN,NaN,8.566,11.032,NaN,NaN,NaN,NaN,NaN,5.5236,NaN,NaN,NaN,NaN,NaN,6.197,NaN,NaN,NaN,NaN,NaN,NaN,NaN,2.3112,1.3798,NaN,5.0411,NaN,NaN,NaN,NaN,2.473,5.0317,NaN,7.787,NaN,9.6714,9.2665,NaN,2.6223,7.8865,4.7028,3.0469,2.0159,4.0055,NaN,5.3426,NaN,8.1915,NaN,3.5694,2.7174,10.101,4.2713,0.99859,2.8195,1.4271,10.854,0.88022,5.6308,4.2136,NaN,4.1627,0.72332,4.7545,17.392,6.0398,3.5045,NaN,NaN,0.266,10.33,8.3561
8.4194,6.0756,3.5963,1.7597,NaN,10.107,1.8129,4.5274,5.5895,2.2541,2.5904,1.7099,1.5231,NaN,8.8367,5.6579,4.1851,2.9044,7.5498,2.0007,6.3791,0.81469,5.9094,4.0962,NaN,NaN,NaN,NaN,NaN,3.355,3.5717,NaN,NaN,NaN,NaN,NaN,2.5104,NaN,NaN,NaN,NaN,NaN,7.711,NaN,NaN,NaN,NaN,NaN,NaN,NaN,6.319,4.0491,NaN,2.4884,NaN,NaN,NaN,NaN,2.1818,4.2443,NaN,2.7327,NaN,2.6915,8.7726,NaN,6.8041,3.2413,7.7594,7.0414,8.1063,0.63656,NaN,6.9384,NaN,5.4538,NaN,4.8961,0.6255,4.1731,5.3463,6.9699,1.6253,1.1115,3.2766,5.5651,2.8975,1.6749,NaN,7.7537,0.8557,5.3832,2.6248,3.8535,9.5158,NaN,NaN,2.8794,3.3612,4.4971
15.618,5.1135,25.899,3.0042,NaN,2.4085,3.6706,1.6436,11.927,8.2456,1.3154,3.3335,2.7623,NaN,2.0624,5.0085,5.3937,4.4966,1.902,5.8317,9.6897,0.45091,2.092,2.6562,NaN,NaN,NaN,NaN,NaN,1.1791,1.7249,NaN,NaN,NaN,NaN,NaN,11.146,NaN,NaN,NaN,NaN,NaN,10.139,NaN,NaN,NaN,NaN,NaN,NaN,NaN,6.5069,3.696,NaN,1.3368,NaN,NaN,NaN,NaN,0.62491,4.5913,NaN,5.3173,NaN,1.5473,6.1593,NaN,8.205,6.5947,11.036,4.1463,3.4519,10.689,NaN,5.1475,NaN,2.5731,NaN,4.2467,1.045,3.2816,5.6699,3.3791,4.2517,5.7648,3.9027,3.5176,7.1684,1.721,NaN,3.1853,6.0424,16.078,2.4373,0.84081,9.4941,NaN,NaN,1.4772,3.4359,2.0808
18.635,6.2233,8.8201,3.5684,NaN,3.9079,10.308,5.1606,6.8776,8.2064,5.7016,8.4509,0.6339,NaN,8.8056,15.551,2.7101,5.7154,6.768,9.4921,9.6399,9.6067,16.615,2.2294,NaN,NaN,NaN,NaN,NaN,4.5765,4.1591,NaN,NaN,NaN,NaN,NaN,13.398,NaN,NaN,NaN,NaN,NaN,8.0419,NaN,NaN,NaN,NaN,NaN,NaN,NaN,1.9278,11.129,NaN,10.681,NaN,NaN,NaN,NaN,11.276,12.942,NaN,4.618,NaN,29.736,4.8883,NaN,6.7043,2.8788,3.3799,5.6347,1.8893,9.8174,NaN,1.2323,NaN,1.6964,NaN,3.1309,4.7304,11.515,1.7869,1.7645,4.013,20.517,5.5919,8.2446,8.6513,4.2601,NaN,4.1648,2.683,5.8476,4.2912,2.0043,3.7936,NaN,NaN,14.546,0.95762,3.7481
1.4925,4.4121,3.5522,4.166,NaN,9.5497,3.0714,1.3708,3.1911,1.5322,2.8276,12.715,9.1888,NaN,5.7345,4.6187,1.5449,5.2087,15.2,12.5,2.3687,3.8086,2.5552,2.4717,NaN,NaN,NaN,NaN,NaN,3.3127,6.1386,NaN,NaN,NaN,NaN,NaN,3.4399,NaN,NaN,NaN,NaN,NaN,3.5691,NaN,NaN,NaN,NaN,NaN,NaN,NaN,1.789,5.4413,NaN,3.7154,NaN,NaN,NaN,NaN,5.3754,3.3189,NaN,5.0253,NaN,10.21,8.7175,NaN,10.054,1.8048,2.232,1.4276,10.88,1.8055,NaN,10.915,NaN,6.1497,NaN,1.2061,1.2331,16.327,3.0424,14.626,2.1891,3.4317,2.3883,4.2034,3.1749,1.0561,NaN,3.313,1.489,0.68425,7.6898,1.4866,5.6749,NaN,NaN,9.6409,3.2059,1.5486
8.9688,3.5796,2.4541,2.5926,NaN,3.0667,0.32392,14.22,4.3988,5.3,2.1817,3.7988,6.0053,NaN,1.9954,3.4142,0.48246,8.105,2.5063,3.6253,5.263,2.7584,5.557,2.0755,NaN,NaN,NaN,NaN,NaN,5.3324,4.5266,NaN,NaN,NaN,NaN,NaN,8.0945,NaN,NaN,NaN,NaN,NaN,5.9546,NaN,NaN,NaN,NaN,NaN,NaN,NaN,4.1849,2.6901,NaN,3.3648,NaN,NaN,NaN,NaN,4.0424,0.95375,NaN,6.4417,NaN,0.88654,14.464,NaN,0.66723,6.8622,9.734,9.0685,3.2848,1.2446,NaN,1.943,NaN,7.7922,NaN,5.6681,5.7107,11.069,5.0728,7.5159,2.9318,5.5249,5.7398,1.7274,4.5878,2.3865,NaN,2.081,11.416,1.6922,2.2092,4.8054,2.1885,NaN,NaN,7.0745,5.1067,2.5254
9.5388,1.9164,9.6141,1.8704,NaN,3.6654,4.1095,1.7154,10.23,1.655,0.60718,4.3536,1.2157,NaN,3.573,6.0782,4.5705,4.2856,2.0137,15.564,4.7258,2.4146,0.55646,2.849,NaN,NaN,NaN,NaN,NaN,2.3869,5.0927,NaN,NaN,NaN,NaN,NaN,9.6237,NaN,NaN,NaN,NaN,NaN,8.3908,NaN,NaN,NaN,NaN,NaN,NaN,NaN,1.6335,2.4947,NaN,5.0078,NaN,NaN,NaN,NaN,1.9492,3.031,NaN,1.9001,NaN,5.5655,3.2176,NaN,3.4633,5.339,3.6265,2.2721,17.104,6.1183,NaN,2.4516,NaN,0.88689,NaN,17.58,1.0378,1.6561,4.3785,4.3438,4.6786,2.5081,2.6029,14.538,5.0358,10.823,NaN,2.9804,6.7351,10.879,4.4334,1.1493,2.4548,NaN,NaN,6.8543,8.1907,1.4605
7.8628,4.7498,9.7566,0.97678,NaN,4.038,1.4467,2.9641,5.915,5.3926,3.3583,2.1582,7.3087,NaN,0.51772,3.5066,3.87,1.2188,2.7547,6.7078,1.188,3.1165,3.9823,2.9525,NaN,NaN,NaN,NaN,NaN,0.99453,3.222,NaN,NaN,NaN,NaN,NaN,2.5166,NaN,NaN,NaN,NaN,NaN,4.1381,NaN,NaN,NaN,NaN,NaN,NaN,NaN,3.7012,8.7912,NaN,2.2006,NaN,NaN,NaN,NaN,4.4155,29.003,NaN,4.2865,NaN,5.0068,6.485,NaN,0.77933,21.094,2.8621,4.6844,5.1312,4.3315,NaN,4.0809,NaN,2.9122,NaN,0.39348,3.5511,3.5885,4.394,1.7218,4.3418,0.51265,11.209,3.7735,2.8655,7.8551,NaN,5.8161,0.27099,8.616,5.3701,0.48673,2.4341,NaN,NaN,3.2054,24.285,1.2002
3.0035,0.95709,2.8358,2.1745,NaN,3.7252,4.2963,2.9313,5.9689,5.8829,1.9592,2.5121,9.5174,NaN,6.638,3.1169,4.3892,4.5788,15.189,5.5958,4.18,5.0574,0.48271,5.0383,NaN,NaN,NaN,NaN,NaN,6.1235,2.9367,NaN,NaN,NaN,NaN,NaN,3.9185,NaN,NaN,NaN,NaN,NaN,6.0602,NaN,NaN,NaN,NaN,NaN,NaN,NaN,2.707,3.3152,NaN,5.0827,NaN,NaN,NaN,NaN,5.9982,0.56523,NaN,2.431,NaN,0.78915,3.7641,NaN,3.461,3.2631,3.7609,3.9517,6.8865,2.5736,NaN,0.29835,NaN,5.8171,NaN,5.1027,9.1445,4.2047,1.6998,2.7591,3.3977,2.3817,5.9808,4.6363,6.0872,3.5759,NaN,1.6363,4.7742,6.5091,30.975,0.6733,6.0615,NaN,NaN,5.6766,6.6065,5.2246
9.2922,1.8622,2.4697,11.743,NaN,2.8545,4.4331,0.79267,1.875,2.7355,4.2761,4.4328,2.5953,NaN,3.305,2.5603,5.7343,1.0318,3.2708,6.4569,1.8996,16.269,4.8607,1.9719,NaN,NaN,NaN,NaN,NaN,7.8037,3.2205,NaN,NaN,NaN,NaN,NaN,5.708,NaN,NaN,NaN,NaN,NaN,0.05667,NaN,NaN,NaN,NaN,NaN,NaN,NaN,2.4524,8.5375,NaN,1.8634,NaN,NaN,NaN,NaN,5.4473,2.5257,NaN,3.3696,NaN,2.942,1.0976,NaN,4.9674,5.3433,3.5204,2.9923,5.7678,8.0359,NaN,5.4302,NaN,5.6559,NaN,3.5508,7.0994,12.187,3.5871,3.7187,6.6295,6.8023,1.0496,3.3997,2.3247,3.0619,NaN,6.6923,6.8466,7.0364,12.48,8.8536,2.134,NaN,NaN,1.9455,13.625,1.1178
5.5932,0.55242,1.1554,3.5134,NaN,2.7009,13.108,0.55541,2.9821,3.8614,3.839,4.4803,7.3013,NaN,1.3449,2.1464,7.0631,1.9956,2.6363,9.5723,3.516,4.0564,6.3058,2.6287,NaN,NaN,NaN,NaN,NaN,19.237,3.6384,NaN,NaN,NaN,NaN,NaN,6.702,NaN,NaN,NaN,NaN,NaN,4.5201,NaN,NaN,NaN,NaN,NaN,NaN,NaN,2.4978,6.4524,NaN,3.2428,NaN,NaN,NaN,NaN,3.8303,0.83658,NaN,3.998,NaN,0.88252,2.0423,NaN,12.649,0.42007,9.8551,1.0195,4.986,2.2637,NaN,2.476,NaN,3.702,NaN,7.2196,11.017,5.3429,2.1793,9.1882,4.1648,4.3488,4.1515,5.0017,2.0885,3.6481,NaN,0.89665,8.639,14.114,5.4514,7.2055,7.0024,NaN,NaN,1.9139,0.72495,6.5678
12.775,5.4973,5.6333,4.6507,NaN,2.8868,8.2869,4.7683,7.0636,8.4803,4.0061,10.081,3.8442,NaN,10.653,26.114,2.3474,3.3764,6.5631,9.4029,11.496,7.4977,19.766,1.7981,NaN,NaN,NaN,NaN,NaN,4.2778,6.7425,NaN,NaN,NaN,NaN,NaN,12.107,NaN,NaN,NaN,NaN,NaN,15.713,NaN,NaN,NaN,NaN,NaN,NaN,NaN,4.0085,11.114,NaN,7.6648,NaN,NaN,NaN,NaN,10.295,11.791,NaN,3.8254,NaN,23.994,3.6628,NaN,7.6636,2.4726,4.5224,4.8664,1.4162,6.8171,NaN,0.88928,NaN,2.3092,NaN,2.809,5.9463,13.275,1.2112,3.9848,3.51,22.857,4.0489,6.8362,9.266,5.1,NaN,3.2424,1.7906,4.4788,5.6603,2.3939,4.126,NaN,NaN,12.326,1.9508,4.7298
4.5312,5.5749,5.6979,2.0379,NaN,0.89978,9.6322,6.2034,8.8114,6.1748,6.5582,4.1875,1.723,NaN,3.4198,5.5294,0.94514,2.0779,5.0485,1.6046,5.0276,0.67294,5.1362,1.6935,NaN,NaN,NaN,NaN,NaN,8.616,2.6765,NaN,NaN,NaN,NaN,NaN,3.8798,NaN,NaN,NaN,NaN,NaN,6.4617,NaN,NaN,NaN,NaN,NaN,NaN,NaN,3.7783,10.555,NaN,1.9329,NaN,NaN,NaN,NaN,7.3822,3.188,NaN,4.5984,NaN,6.6746,11.308,NaN,2.9211,4.4186,3.6955,3.8163,3.84,4.2552,NaN,7.3195,NaN,2.0737,NaN,2.1549,2.7641,7.1724,3.7824,3.6616,1.635,5.4416,9.7876,3.3384,4.4604,12.243,NaN,2.2822,6.5605,2.5766,5.309,3.2604,2.1958,NaN,NaN,1.5701,6.8172,2.9012
8.1979,4.5124,2.3918,3.6482,NaN,2.7747,0.88423,5.5722,2.5787,2.6714,3.3183,1.0919,8.5475,NaN,4.5408,1.6308,1.7149,7.7847,2.0916,4.856,6.5545,2.9651,1.1092,2.8556,NaN,NaN,NaN,NaN,NaN,4.1671,6.9678,NaN,NaN,NaN,NaN,NaN,2.7428,NaN,NaN,NaN,NaN,NaN,2.655,NaN,NaN,NaN,NaN,NaN,NaN,NaN,4.673,3.2197,NaN,2.9686,NaN,NaN,NaN,NaN,1.1211,2.3207,NaN,3.7219,NaN,1.1098,0.80156,NaN,2.4049,1.2522,6.9867,2.3876,2.6937,3.6037,NaN,2.3282,NaN,3.052,NaN,9.3348,3.5251,2.5564,7.4485,2.4033,4.2889,4.7328,3.2552,3.0242,1.1195,4.484,NaN,1.5409,4.5216,2.7302,4.6921,0.76497,1.7223,NaN,NaN,3.1033,3.1997,7.6874
5.1046,1.6719,2.7866,1.8152,NaN,3.6503,15.261,4.7174,5.8729,5.2556,5.0833,2.5321,4.0862,NaN,3.517,3.8075,2.6606,2.6897,9.8506,1.0225,4.5792,0.54283,1.2851,1.5488,NaN,NaN,NaN,NaN,NaN,10.21,4.7691,NaN,NaN,NaN,NaN,NaN,1.3132,NaN,NaN,NaN,NaN,NaN,7.5328,NaN,NaN,NaN,NaN,NaN,NaN,NaN,3.5732,6.4736,NaN,3.4545,NaN,NaN,NaN,NaN,7.0512,3.4449,NaN,3.8366,NaN,2.55,6.4604,NaN,3.4306,1.7884,6.5433,8.0801,7.3858,4.0897,NaN,1.2103,NaN,3.7844,NaN,2.2842,8.2381,5.7682,2.5932,1.2445,4.552,2.2121,2.8039,5.4793,1.2167,8.1594,NaN,1.7835,5.9072,2.2252,10.974,0.71797,7.6994,NaN,NaN,2.337,3.5632,2.9956
2.7188,2.6605,5.0632,2.0885,NaN,9.3455,3.524,8.3425,6.0596,4.2475,1.577,4.3352,4.7988,NaN,19.942,4.2769,0.87302,1.9892,6.8767,3.9797,1.2336,0.92684,5.3956,10.784,NaN,NaN,NaN,NaN,NaN,3.0909,1.229,NaN,NaN,NaN,NaN,NaN,11.718,NaN,NaN,NaN,NaN,NaN,3.8546,NaN,NaN,NaN,NaN,NaN,NaN,NaN,2.8502,6.9034,NaN,3.6921,NaN,NaN,NaN,NaN,4.1275,5.6195,NaN,2.5176,NaN,4.159,6.5418,NaN,7.3037,10.486,4.131,11.401,3.99,3.6579,NaN,3.1248,NaN,2.1727,NaN,2.4965,3.1148,9.8367,14.774,1.3912,0.69872,3.2406,6.3394,1.7105,11.215,2.6883,NaN,4.0067,10.019,0.71166,6.2656,4.7882,2.3344,NaN,NaN,3.1938,2.2458,3.8552
9.0946,0.059904,2.0206,2.9713,NaN,2.2414,6.3414,8.3276,4.9473,2.7441,2.694,4.3825,4.5118,NaN,4.228,1.1715,5.7346,2.7154,5.8074,5.9587,4.8121,2.7384,3.1267,4.3245,NaN,NaN,NaN,NaN,NaN,5.4381,3.6052,NaN,NaN,NaN,NaN,NaN,6.8396,NaN,NaN,NaN,NaN,NaN,4.3034,NaN,NaN,NaN,NaN,NaN,NaN,NaN,3.6715,3.9495,NaN,7.8766,NaN,NaN,NaN,NaN,3.9547,5.2042,NaN,2.6023,NaN,1.1072,1.2607,NaN,4.1507,1.3862,10.629,2.2222,4.9134,2.7352,NaN,1.7932,NaN,7.7537,NaN,8.0032,4.4833,4.5054,1.676,0.89355,2.5473,2.9009,3.1445,4.2376,3.6459,1.0323,NaN,2.84,7.8574,1.5067,11.977,3.9904,13.545,NaN,NaN,1.201,4.1135,4.6505
8.7225,6.6777,5.4518,4.4486,NaN,5.8816,8.4689,5.7607,10.334,7.4376,2.9435,11.929,5.6826,NaN,5.5064,11.252,3.2004,5.7704,3.2594,8.4698,10.877,6.0222,19.396,2.1558,NaN,NaN,NaN,NaN,NaN,0.92805,7.7137,NaN,NaN,NaN,NaN,NaN,10.27,NaN,NaN,NaN,NaN,NaN,4.0141,NaN,NaN,NaN,NaN,NaN,NaN,NaN,3.8813,5.8995,NaN,11.114,NaN,NaN,NaN,NaN,13.928,8.4458,NaN,1.0212,NaN,5.807,3.4245,NaN,21.852,1.68,2.4559,4.2705,0.81783,4.4185,NaN,2.4489,NaN,1.2984,NaN,14.35,11.17,6.4463,3.7619,3.9999,2.3035,9.5512,6.5855,4.2056,5.5684,2.265,NaN,7.6952,2.2695,6.2454,9.9202,1.7056,4.6455,NaN,NaN,4.3719,0.21897,10.539
5.1605,2.3181,7.9719,0.27595,NaN,3.1289,12.067,3.0527,10.273,2.7451,2.5283,6.9095,2.5105,NaN,6.469,7.8676,3.7897,8.8305,2.1201,3.8093,10.422,2.1062,10.836,3.4702,NaN,NaN,NaN,NaN,NaN,2.9606,1.2726,NaN,NaN,NaN,NaN,NaN,1.5477,NaN,NaN,NaN,NaN,NaN,3.2499,NaN,NaN,NaN,NaN,NaN,NaN,NaN,1.2036,2.8507,NaN,2.8631,NaN,NaN,NaN,NaN,5.8521,5.0385,NaN,6.3543,NaN,3.7453,6.886,NaN,7.2032,1.616,1.0734,5.3069,2.7025,6.4457,NaN,6.4399,NaN,3.0602,NaN,1.5365,7.7174,3.1648,9.2075,7.1655,0.47139,4.5282,13.772,3.5176,0.7882,0.59495,NaN,1.5472,2.8104,10.92,11.869,3.1721,4.6469,NaN,NaN,5.8951,7.4753,2.6667
3.2321,0.61281,3.198,0.969,NaN,3.8479,6.5985,4.6576,2.7629,9.5519,3.0878,1.8154,5.2057,NaN,3.0002,4.1707,2.3978,3.2135,1.2619,4.6285,6.315,2.2611,1.5562,0.46244,NaN,NaN,NaN,NaN,NaN,12.314,2.9417,NaN,NaN,NaN,NaN,NaN,5.3227,NaN,NaN,NaN,NaN,NaN,5.0351,NaN,NaN,NaN,NaN,NaN,NaN,NaN,6.2128,3.8425,NaN,1.9123,NaN,NaN,NaN,NaN,0.79477,6.264,NaN,3.7918,NaN,15.324,4.331,NaN,7.6265,6.4241,5.4059,2.0742,6.1198,10.5,NaN,11.689,NaN,3.529,NaN,2.0133,5.1489,1.3316,5.9709,7.2983,7.0982,8.7453,2.5788,2.6612,9.1215,2.7,NaN,3.0927,1.5937,5.2191,4.5692,5.5253,5.6419,NaN,NaN,2.3394,5.7044,2.5105
6.1238,2.657,4.0559,3.1132,NaN,8.2567,3.5257,4.7389,4.051,1.0647,2.3137,3.803,4.3069,NaN,6.0699,1.6216,8.9297,2.7412,6.2376,3.2095,2.6317,3.5553,7.6133,4.8979,NaN,NaN,NaN,NaN,NaN,3.7549,5.1462,NaN,NaN,NaN,NaN,NaN,4.9225,NaN,NaN,NaN,NaN,NaN,2.7108,NaN,NaN,NaN,NaN,NaN,NaN,NaN,12.757,3.2367,NaN,1.8226,NaN,NaN,NaN,NaN,6.9538,4.735,NaN,1.2953,NaN,5.55,2.5523,NaN,1.791,2.6566,0.94302,3.6194,2.3302,9.3675,NaN,1.7078,NaN,11.697,NaN,8.002,6.3928,1.7647,8.6064,6.5917,7.9458,4.0769,3.4041,7.5927,5.8753,2.2587,NaN,6.9399,3.5644,3.6236,6.8376,0.68603,0.92332,NaN,NaN,5.5545,1.1172,6.1497
3.8437,0.86668,0.46185,7.2566,NaN,4.4805,9.9741,2.7747,7.8918,3.3785,2.4487,25.852,7.4355,NaN,0.50917,0.23748,3.123,2.649,1.2298,1.9118,10.037,4.1954,9.5921,3.9386,NaN,NaN,NaN,NaN,NaN,2.698,2.7318,NaN,NaN,NaN,NaN,NaN,2.9877,NaN,NaN,NaN,NaN,NaN,4.6592,NaN,NaN,NaN,NaN,NaN,NaN,NaN,6.2699,2.5026,NaN,4.1267,NaN,NaN,NaN,NaN,1.9076,0.69265,NaN,4.8868,NaN,1.2162,5.9231,NaN,2.796,7.5932,1.0639,0.37611,1.0416,4.8482,NaN,2.2972,NaN,4.7384,NaN,6.651,1.2604,5.8282,1.192,8.3162,6.5598,4.8625,4.5347,3.2451,1.0384,0.49241,NaN,0.73893,0.32856,3.0898,5.1732,4.3158,7.4659,NaN,NaN,4.1012,4.7641,2.4268
4.9065,5.9991,1.0842,2.8864,NaN,4.1084,3.8967,8.2033,2.3001,2.8762,2.0447,1.4506,0.5549,NaN,6.3733,2.7234,1.1687,6.1901,1.2412,7.771,5.1515,8.149,22.399,5.9316,NaN,NaN,NaN,NaN,NaN,4.8675,1.4399,NaN,NaN,NaN,NaN,NaN,3.1821,NaN,NaN,NaN,NaN,NaN,11.123,NaN,NaN,NaN,NaN,NaN,NaN,NaN,2.5674,13.321,NaN,1.2489,NaN,NaN,NaN,NaN,3.6697,4.7048,NaN,1.2198,NaN,5.9465,3.0896,NaN,5.6723,2.5398,4.1912,7.7311,6.8748,3.0472,NaN,4.5751,NaN,2.4749,NaN,1.7466,2.4829,2.0895,0.20941,3.9867,1.1031,3.0168,1.5964,5.7693,7.3794,6.2133,NaN,5.4607,5.9772,3.2603,3.796,3.1229,2.102,NaN,NaN,8.9339,9.4536,1.4882
2.6212,5.3175,1.8447,9.4511,NaN,4.6873,4.2192,5.1666,6.3058,7.3166,1.2215,8.9127,1.1274,NaN,2.6368,12.824,5.5349,10.282,1.5355,7.1225,3.6736,5.1208,17.439,3.7924,NaN,NaN,NaN,NaN,NaN,2.3942,8.1013,NaN,NaN,NaN,NaN,NaN,4.7359,NaN,NaN,NaN,NaN,NaN,6.0232,NaN,NaN,NaN,NaN,NaN,NaN,NaN,6.1024,3.4564,NaN,6.897,NaN,NaN,NaN,NaN,32.565,7.3099,NaN,3.8113,NaN,4.387,5.1161,NaN,9.3963,4.0688,1.7719,1.8565,2.4016,2.1191,NaN,4.591,NaN,7.6511,NaN,4.0255,7.3655,7.6297,5.086,3.6131,6.0606,2.7662,4.4274,1.7944,4.9225,6.0581,NaN,7.3518,1.8858,7.61,4.4473,3.2565,5.9472,NaN,NaN,9.1619,0.61016,6.6066
4.2617,2.6044,9.46,2.4466,NaN,4.0817,7.1427,3.8373,9.4911,7.9624,4.2503,10.733,3.9094,NaN,13.036,9.8026,2.3578,10.518,1.464,6.3613,12.606,6.7642,15.719,3.0763,NaN,NaN,NaN,NaN,NaN,2.4284,6.4299,NaN,NaN,NaN,NaN,NaN,4.7824,NaN,NaN,NaN,NaN,NaN,2.5022,NaN,NaN,NaN,NaN,NaN,NaN,NaN,3.7218,5.7157,NaN,7.0159,NaN,NaN,NaN,NaN,15.919,5.9646,NaN,1.2868,NaN,5.5423,5.0813,NaN,13.729,2.0418,0.94718,1.8714,5.5803,3.2768,NaN,11.069,NaN,2.8655,NaN,1.7382,8.7042,7.6198,7.5866,3.8983,1.5733,5.4165,6.4887,6.7762,2.168,1.7975,NaN,7.7315,1.2738,14.427,27.032,1.6741,5.3322,NaN,NaN,1.496,7.2485,3.8563
1.0944,3.769,6.1015,7.5598,NaN,3.6949,2.8129,3.7494,6.2181,10.957,1.9502,6.9612,5.5989,NaN,2.5214,8.3448,1.4704,7.9044,2.3228,7.7805,5.6239,5.1491,7.447,3.8965,NaN,NaN,NaN,NaN,NaN,7.0502,10.902,NaN,NaN,NaN,NaN,NaN,6.8916,NaN,NaN,NaN,NaN,NaN,5.3182,NaN,NaN,NaN,NaN,NaN,NaN,NaN,4.4221,8.4096,NaN,2.8537,NaN,NaN,NaN,NaN,16.095,2.2941,NaN,6.0998,NaN,8.533,14.336,NaN,2.2696,6.204,0.98727,2.1352,8.5482,8.364,NaN,2.2373,NaN,3.2718,NaN,2.7949,2.7287,9.1379,6.5534,2.2859,9.8232,5.6524,2.7577,6.2554,1.0717,7.5747,NaN,11.311,1.1965,6.8716,6.5001,0.88588,4.7029,NaN,NaN,3.7122,7.5489,2.28
2.5039,5.3066,2.2032,10.394,NaN,9.0501,1.9155,2.1294,4.7765,6.4824,4.0209,2.0939,1.5118,NaN,7.0318,4.2191,6.3239,3.0175,4.6207,6.1699,0.83918,1.0027,3.2094,2.553,NaN,NaN,NaN,NaN,NaN,3.4946,5.6741,NaN,NaN,NaN,NaN,NaN,5.193,NaN,NaN,NaN,NaN,NaN,5.3511,NaN,NaN,NaN,NaN,NaN,NaN,NaN,2.2687,2.0902,NaN,4.3866,NaN,NaN,NaN,NaN,4.2541,3.4882,NaN,6.661,NaN,3.2221,5.7966,NaN,0.98871,1.3742,1.567,2.1569,5.6439,19.984,NaN,6.7776,NaN,5.6123,NaN,12.421,7.1862,8.2963,0.94543,10.802,2.0144,24.946,0.36919,4.7637,0.80002,4.7931,NaN,0.75558,3.034,2.7707,2.2542,1.2332,10.312,NaN,NaN,15.85,2.9563,4.3767
3.8471,2.8885,2.233,10.407,NaN,3.4208,6.6796,3.2935,5.4265,5.2904,4.7644,7.6746,8.7361,NaN,6.0743,2.0159,2.3724,4.0591,2.5354,1.6904,2.8956,3.4385,7.7062,8.7851,NaN,NaN,NaN,NaN,NaN,4.3481,1.8595,NaN,NaN,NaN,NaN,NaN,1.2716,NaN,NaN,NaN,NaN,NaN,8.0122,NaN,NaN,NaN,NaN,NaN,NaN,NaN,2.269,4.6423,NaN,2.72,NaN,NaN,NaN,NaN,3.3855,6.5252,NaN,3.5755,NaN,5.3807,0.65441,NaN,1.7984,1.2396,4.1176,7.2536,2.7318,7.4411,NaN,4.1613,NaN,5.4855,NaN,4.3722,3.8314,8.9659,7.9585,1.2897,9.1282,8.9056,8.0885,3.4309,13.731,2.1564,NaN,4.2983,1.6025,4.5531,3.1019,2.0683,7.4835,NaN,NaN,5.5387,2.269,16.052
2.8939,0.84714,8.0145,8.917,NaN,5.8476,4.4185,1.2725,5.8368,6.5045,6.0211,3.7007,3.3939,NaN,4.9087,2.5242,1.804,7.3177,4.77,2.1729,2.0828,5.4457,24.463,3.2191,NaN,NaN,NaN,NaN,NaN,4.0296,3.0709,NaN,NaN,NaN,NaN,NaN,2.172,NaN,NaN,NaN,NaN,NaN,3.3079,NaN,NaN,NaN,NaN,NaN,NaN,NaN,6.849,2.0748,NaN,5.2631,NaN,NaN,NaN,NaN,0.54062,3.6935,NaN,4.4851,NaN,2.6456,3.6675,NaN,2.6361,3.0838,4.4926,1.5061,1.5335,7.6994,NaN,3.2134,NaN,3.545,NaN,5.7652,1.761,5.9003,3.9197,12.07,1.5139,0.35378,3.0345,3.7046,5.2027,1.3397,NaN,1.9675,0.905,3.1335,2.2589,10.479,5.4849,NaN,NaN,6.9883,2.4818,13.041
4.0215,6.2086,6.0698,6.1009,NaN,2.5818,2.9022,2.7537,4.2491,9.6534,2.3694,7.8926,3.2342,NaN,5.0938,7.7464,1.2335,8.8957,6.513,9.7875,4.3257,6.9351,14.315,1.6218,NaN,NaN,NaN,NaN,NaN,3.9534,28.347,NaN,NaN,NaN,NaN,NaN,1.603,NaN,NaN,NaN,NaN,NaN,17.596,NaN,NaN,NaN,NaN,NaN,NaN,NaN,10.034,6.8121,NaN,5.7703,NaN,NaN,NaN,NaN,15.056,3.1371,NaN,3.1116,NaN,13.131,5.5168,NaN,5.1074,2.1674,0.95116,0.43425,7.4428,7.7057,NaN,0.43684,NaN,1.6101,NaN,4.6811,5.8281,16.272,3.9259,4.0165,7.5185,6.7607,3.2363,10.291,2.724,5.8944,NaN,18.448,0.76959,9.1986,1.4556,1.324,5.3572,NaN,NaN,12.383,5.8345,1.2155
6.8027,5.0643,8.1805,3.0606,NaN,2.4115,9.0467,7.3422,15.398,9.6571,3.3801,17.656,1.7211,NaN,24.978,8.5646,1.4569,7.3441,6.4504,6.2914,9.2649,8.4935,18.376,2.6462,NaN,NaN,NaN,NaN,NaN,2.5498,4.2697,NaN,NaN,NaN,NaN,NaN,13.317,NaN,NaN,NaN,NaN,NaN,4.9578,NaN,NaN,NaN,NaN,NaN,NaN,NaN,5.3186,5.3819,NaN,7.3658,NaN,NaN,NaN,NaN,6.6248,5.6476,NaN,5.3272,NaN,7.3046,5.7591,NaN,16.071,0.21566,3.355,5.8572,1.6442,7.8936,NaN,2.1672,NaN,2.5462,NaN,1.8758,5.5936,28.434,3.686,0.74516,2.0982,8.2281,6.6996,2.8867,4.3699,1.9369,NaN,3.8081,4.4521,8.0065,6.6915,1.715,3.998,NaN,NaN,7.6059,3.5933,6.8454
0.82871,4.6213,1.9754,2.9253,NaN,6.5423,5.5884,5.8508,10.591,9.5122,7.3499,13.779,3.6563,NaN,5.644,10.558,3.3906,4.7979,4.1893,3.1832,12.897,3.1012,19.05,6.2184,NaN,NaN,NaN,NaN,NaN,5.7549,2.6888,NaN,NaN,NaN,NaN,NaN,6.347,NaN,NaN,NaN,NaN,NaN,7.0129,NaN,NaN,NaN,NaN,NaN,NaN,NaN,5.1692,2.3045,NaN,12.139,NaN,NaN,NaN,NaN,16.777,21.921,NaN,2.301,NaN,8.2924,5.6754,NaN,15.153,2.5084,2.1888,2.8411,4.0817,2.3096,NaN,2.3694,NaN,1.8194,NaN,5.4815,6.0445,3.6631,9.1524,5.9762,13.82,6.138,3.1423,5.7387,5.0887,7.1239,NaN,5.0364,3.5605,3.4335,9.086,1.5522,7.6943,NaN,NaN,12.459,2.0071,4.3252
3.0146,6.6233,3.7943,7.2556,NaN,8.2425,5.0577,4.1215,4.5873,9.1838,3.2449,7.4768,8.5981,NaN,3.2641,4.1767,3.4691,6.5251,1.4012,1.4504,6.4097,4.6845,9.1861,8.1717,NaN,NaN,NaN,NaN,NaN,3.6421,5.1085,NaN,NaN,NaN,NaN,NaN,17.644,NaN,NaN,NaN,NaN,NaN,4.1693,NaN,NaN,NaN,NaN,NaN,NaN,NaN,3.5899,1.8576,NaN,5.6029,NaN,NaN,NaN,NaN,0.98962,8.7571,NaN,4.4184,NaN,3.8045,0.96581,NaN,4.6902,0.70459,6.9972,2.2553,2.2495,4.4796,NaN,4.4087,NaN,3.5246,NaN,2.0423,1.6721,5.3129,7.08,5.4252,2.467,3.9986,0.74852,5.9568,2.5063,1.7583,NaN,4.9375,10.135,10.005,4.6681,0.91976,4.7364,NaN,NaN,5.8861,9.9214,4.5296
5.0106,1.1015,2.5554,3.4497,NaN,2.3259,4.3179,4.5143,6.7144,8.0041,3.8629,7.2979,3.9469,NaN,5.1978,0.21482,3.7277,5.2257,6.2804,1.7527,5.3068,3.1738,10.431,2.5594,NaN,NaN,NaN,NaN,NaN,2.5913,3.4525,NaN,NaN,NaN,NaN,NaN,6.3596,NaN,NaN,NaN,NaN,NaN,3.662,NaN,NaN,NaN,NaN,NaN,NaN,NaN,2.2511,1.6818,NaN,5.4377,NaN,NaN,NaN,NaN,3.3213,5.1103,NaN,3.4598,NaN,3.351,3.1788,NaN,1.9983,2.2038,2.7204,1.9464,6.153,1.9596,NaN,3.243,NaN,4.2473,NaN,7.1601,8.9634,3.7271,2.2524,3.0604,1.0787,3.0227,3.8382,2.5195,4.1965,1.3151,NaN,3.2207,3.5673,3.6912,6.7116,2.6952,24.6,NaN,NaN,0.98867,10.955,1.9794
