9.3713,19.03,3.5986,3.702,1.2598,5.9612,1.7577,24.775,2.5291,6.838,6.2197,10.056,2.5217,NaN,5.1725,6.6365,13.794,4.2643,3.5577,1.1434,5.0521,1.4374,NaN,NaN,NaN,NaN,NaN,NaN,NaN,NaN,NaN,NaN,1.6773,5.4552,NaN,NaN,NaN,NaN,NaN,NaN,14.358,NaN,4.3238,NaN,NaN,NaN,4.8593,NaN,NaN,NaN,9.7581,NaN,NaN,3.0458,NaN,NaN,NaN,9.4447,NaN,NaN,NaN,1.8835,NaN,3.1321,NaN,19.607,16.582,4.319,4.7622,11.35,1.317,7.4511,2.0826,8.1612,1.1801,15.904,10.065,3.0873,NaN,8.1211,8.3249,2.4322,5.7712,5.3648,6.8437,3.6404,15.427,1.1838,1.6189,6.3683,4.1013,NaN,NaN,8.718,3.7279,8.4835,7.8789,13.083,14.417,NaN
4.3346,5.0801,8.1985,1.8552,7.1513,6.0185,2.6969,7.6721,6.4485,2.6375,6.5188,6.8969,0.9185,NaN,3.8491,14.622,3.7104,2.2026,5.3438,8.5529,4.1052,5.3886,NaN,NaN,NaN,NaN,NaN,NaN,NaN,NaN,NaN,NaN,5.2008,3.9661,NaN,NaN,NaN,NaN,NaN,NaN,7.8252,NaN,7.9867,NaN,NaN,NaN,4.0805,NaN,NaN,NaN,7.0225,NaN,NaN,6.3514,NaN,NaN,NaN,2.4189,NaN,NaN,NaN,2.0244,NaN,2.222,NaN,24.126,2.9637,7.2817,2.1655,3.1936,6.5592,0.45953,6.4986,1.9669,4.9032,10.823,2.1284,11.825,NaN,2.932,7.5948,3.6142,3.4808,5.1436,1.3313,2.0288,0.88996,4.204,1.2554,2.4484,0.18252,NaN,NaN,6.7378,5.442,6.5611,3.7933,5.4291,10.908,NaN
19.309,11.769,9.2392,11.193,7.9084,7.1041,6.6271,9.1847,5.244,6.1855,4.9066,7.1876,9.0916,NaN,3.6696,2.7471,1.494,2.8116,9.3674,13.507,5.1689,6.933,NaN,NaN,NaN,NaN,NaN,NaN,NaN,NaN,NaN,NaN,3.1073,4.977,NaN,NaN,NaN,NaN,NaN,NaN,3.5258,NaN,6.1102,NaN,NaN,NaN,5.873,NaN,NaN,NaN,7.6855,NaN,NaN,12.013,NaN,NaN,NaN,11.62,NaN,NaN,NaN,2.3402,NaN,5.1815,NaN,36.368,7.4732,1.4419,3.8839,3.1397,8.5289,13.284,0.8798,1.9911,7.4442,9.3864,0.76532,2.234,NaN,7.3416,14.249,7.0071,9.2456,3.6515,9.3759,6.5532,3.04,4.7507,1.2914,2.132,7.0008,NaN,NaN,11.373,4.9862,5.9858,7.9359,4.7238,2.1053,NaN
7.8982,3.4823,2.6537,4.6673,3.4068,16.886,10.822,10.181,3.4325,10.899,7.0319,5.9317,7.7459,NaN,0.94452,3.0019,7.3579,1.7303,2.539,32.125,8.3483,14.926,NaN,NaN,NaN,NaN,NaN,NaN,NaN,NaN,NaN,NaN,3.9019,8.2272,NaN,NaN,NaN,NaN,NaN,NaN,5.8718,NaN,14.034,NaN,NaN,NaN,2.8662,NaN,NaN,NaN,15.726,NaN,NaN,3.77,NaN,NaN,NaN,5.1276,NaN,NaN,NaN,2.594,NaN,3.2282,NaN,1.4427,15.619,3.5094,1.5763,5.2478,12.634,3.8338,3.1232,11.621,9.9635,4.0338,6.3675,3.0842,NaN,3.8666,5.6432,4.0217,4.5933,7.2379,1.9406,2.3879,3.7773,5.157,10.262,1.3235,3.7877,NaN,NaN,5.2846,1.7056,3.2434,5.5703,3.1196,4.3485,NaN
10.924,3.8289,2.1033,3.4063,2.0426,1.9126,3.3314,12.987,15.769,10.104,5.324,6.7261,10.961,NaN,11.681,2.9824,2.7789,7.3841,2.9386,11.191,3.6452,3.5427,NaN,NaN,NaN,NaN,NaN,NaN,NaN,NaN,NaN,NaN,3.4157,4.5816,NaN,NaN,NaN,NaN,NaN,NaN,6.1873,NaN,7.035,NaN,NaN,NaN,19.491,NaN,NaN,NaN,8.9794,NaN,NaN,15.282,NaN,NaN,NaN,5.8247,NaN,NaN,NaN,7.954,NaN,4.6503,NaN,1.4793,14.022,6.5674,6.0251,11.543,2.5067,1.5778,8.3346,4.3821,5.4968,2.6996,1.9079,3.6539,NaN,4.3515,4.0805,3.6114,7.9831,7.8427,5.7323,9.1092,4.8457,6.0123,9.2071,0.82366,7.2091,NaN,NaN,10.75,0.86785,23.998,12.519,6.4657,7.2506,NaN
2.9187,2.358,1.2322,6.1446,3.7198,20.606,0.88831,9.2142,7.0008,4.3022,8.0149,11.304,1.1208,NaN,6.0621,5.3775,2.3498,4.8936,1.4913,3.4019,3.0765,5.0583,NaN,NaN,NaN,NaN,NaN,NaN,NaN,NaN,NaN,NaN,8.9864,2.5241,NaN,NaN,NaN,NaN,NaN,NaN,11.303,NaN,4.9537,NaN,NaN,NaN,8.446,NaN,NaN,NaN,6.3112,NaN,NaN,7.8739,NaN,NaN,NaN,3.5635,NaN,NaN,NaN,7.1672,NaN,5.5198,NaN,2.6986,7.267,4.0688,3.7526,6.0495,2.9306,5.3577,7.8176,7.3328,9.9793,3.3052,4.2579,4.9316,NaN,5.2153,4.3417,1.3315,7.0336,7.1045,2.5817,4.7244,14.655,5.8838,5.7388,3.2128,6.409,NaN,NaN,6.4314,1.4331,6.5641,3.0145,6.1415,5.9623,NaN
2.6245,0.89078,1.4338,5.8736,8.7869,2.997,9.6734,9.119,2.2236,2.0084,6.5726,7.6258,6.0684,NaN,3.6704,2.701,9.4409,5.3933,6.5344,5.644,5.7825,1.8346,NaN,NaN,NaN,NaN,NaN,NaN,NaN,NaN,NaN,NaN,3.5829,1.0161,NaN,NaN,NaN,NaN,NaN,NaN,4.5972,NaN,1.0263,NaN,NaN,NaN,4.6936,NaN,NaN,NaN,14.206,NaN,NaN,5.9493,NaN,NaN,NaN,11.798,NaN,NaN,NaN,10.32,NaN,3.4201,NaN,5.104,10.588,1.7451,2.1632,4.4459,3.955,1.5046,6.2186,21.76,3.3583,8.3658,7.2449,4.5827,NaN,8.8419,3.1949,3.3531,3.3483,6.6912,5.5373,4.0239,7.0891,6.5356,9.1762,3.7535,4.7757,NaN,NaN,3.4915,6.9328,11.84,3.495,4.5395,6.8239,NaN
2.2566,9.1433,7.7453,9.0746,1.9801,4.0855,4.5057,9.0546,4.0805,8.6697,22.718,1.3823,1.8851,NaN,6.7441,7.7528,10.485,4.7529,2.8047,6.0811,5.4645,10.886,NaN,NaN,NaN,NaN,NaN,NaN,NaN,NaN,NaN,NaN,1.2908,0.70692,NaN,NaN,NaN,NaN,NaN,NaN,5.4709,NaN,4.9924,NaN,NaN,NaN,1.4367,NaN,NaN,NaN,5.4709,NaN,NaN,3.2488,NaN,NaN,NaN,5.2548,NaN,NaN,NaN,1.8912,NaN,2.0661,NaN,6.6428,2.3432,6.6416,9.8065,7.5298,2.3903,6.476,2.6286,2.0691,4.7002,10.579,2.5703,10.83,NaN,1.5317,9.4622,6.3318,5.8748,4.2495,1.3591,7.1368,3.4258,6.7637,2.082,7.8222,5.6422,NaN,NaN,7.0429,1.5989,8.0903,4.6381,7.6705,12.673,NaN
7.9755,2.3384,4.2283,2.6352,3.116,6.0215,8.1633,6.4455,6.1939,34.446,11.904,3.6992,6.881,NaN,13.695,8.5864,5.7889,7.4334,4.1904,3.2261,0.78085,7.1328,NaN,NaN,NaN,NaN,NaN,NaN,NaN,NaN,NaN,NaN,1.7246,5.7022,NaN,NaN,NaN,NaN,NaN,NaN,14.988,NaN,3.9812,NaN,NaN,NaN,6.8553,NaN,NaN,NaN,4.9212,NaN,NaN,3.5604,NaN,NaN,NaN,4.1376,NaN,NaN,NaN,3.4846,NaN,7.5016,NaN,4.3474,4.1345,7.9947,1.9316,6.8384,2.7761,8.2203,1.3013,9.1808,9.3224,7.6886,4.2666,1.7986,NaN,3.4134,1.5818,3.99,6.1674,3.9497,7.07,7.8897,9.4602,5.7709,2.3642,5.2674,6.8773,NaN,NaN,11.725,2.9611,3.4494,1.8538,8.8149,6.5685,NaN
5.0346,8.278,4.0988,4.9827,4.5799,2.9278,3.496,9.124,10.65,9.5595,2.4277,9.8913,2.1748,NaN,0.7457,6.8273,5.2618,3.9718,0.55612,7.1986,3.5732,9.6283,NaN,NaN,NaN,NaN,NaN,NaN,NaN,NaN,NaN,NaN,7.5431,3.2066,NaN,NaN,NaN,NaN,NaN,NaN,2.0075,NaN,9.5321,NaN,NaN,NaN,1.726,NaN,NaN,NaN,7.099,NaN,NaN,3.0076,NaN,NaN,NaN,8.4584,NaN,NaN,NaN,2.7384,NaN,0.94728,NaN,2.4586,29.674,14.918,2.3178,26.808,5.1367,5.2988,1.0599,3.3067,6.8648,4.5104,3.6072,1.3516,NaN,5.037,12.863,10.126,4.9691,11.487,3.4168,5.581,7.1375,4.944,2.0386,5.1042,3.7984,NaN,NaN,3.9875,4.763,4.1413,7.6954,7.4601,10.438,NaN
0.84333,3.2164,4.604,6.3208,5.3834,3.3499,12.498,6.109,6.8581,2.9922,2.2951,6.5645,3.6536,NaN,3.3718,0.38785,3.6275,10.735,11.829,8.6328,4.3483,10.208,NaN,NaN,NaN,NaN,NaN,NaN,NaN,NaN,NaN,NaN,4.6853,17.937,NaN,NaN,NaN,NaN,NaN,NaN,4.0032,NaN,5.8997,NaN,NaN,NaN,4.9671,NaN,NaN,NaN,8.8822,NaN,NaN,4.1407,NaN,NaN,NaN,3.9882,NaN,NaN,NaN,5.9407,NaN,9.8025,NaN,5.9333,8.3438,0.78521,5.826,5.2839,4.5329,1.492,6.4595,3.6982,3.7752,5.4459,2.5656,8.9621,NaN,5.1425,16.462,6.5922,8.448,11.288,1.2591,6.4223,1.2048,6.1191,2.7564,5.7377,11.701,NaN,NaN,5.9219,5.5999,1.7298,15.697,6.3765,2.3614,NaN
2.046,5.1577,5.0341,2.6803,1.7307,5.0738,9.4791,5.7798,4.5728,5.5351,8.4981,4.2948,5.3459,NaN,10.982,4.6406,12.432,1.3517,1.204,3.8372,4.3194,1.0419,NaN,NaN,NaN,NaN,NaN,NaN,NaN,NaN,NaN,NaN,2.046,3.2091,NaN,NaN,NaN,NaN,NaN,NaN,4.1826,NaN,2.2734,NaN,NaN,NaN,6.1992,NaN,NaN,NaN,7.279,NaN,NaN,4.3468,NaN,NaN,NaN,13.431,NaN,NaN,NaN,2.7152,NaN,3.3841,NaN,4.2772,3.8226,1.6919,4.7246,3.0224,9.4996,1.0387,3.9473,15.856,5.3363,17.557,2.0107,1.6378,NaN,1.4049,3.8407,4.3389,4.8244,6.9587,1.3014,9.7559,6.0334,5.2259,5.5702,10.546,2.5551,NaN,NaN,3.1482,4.8848,10.078,12.706,10.9,5.8068,NaN
3.8343,1.9499,3.6524,5.741,2.7168,2.805,8.5268,6.0925,1.3429,2.0261,7.4739,5.8353,3.8721,NaN,9.1229,3.2968,11.116,8.7817,5.2268,3.6775,6.302,2.7721,NaN,NaN,NaN,NaN,NaN,NaN,NaN,NaN,NaN,NaN,6.2851,5.7608,NaN,NaN,NaN,NaN,NaN,NaN,2.5964,NaN,3.6042,NaN,NaN,NaN,8.4239,NaN,NaN,NaN,9.8878,NaN,NaN,4.4694,NaN,NaN,NaN,4.519,NaN,NaN,NaN,5.3176,NaN,5.5564,NaN,3.9369,6.4169,2.8681,8.5696,0.94958,1.7729,1.1913,7.3088,9.5537,4.2842,9.7954,1.4294,0.28154,NaN,5.0412,3.9962,7.9894,4.4619,4.4235,5.1229,6.7554,7.9289,4.9227,10.035,5.3313,3.8722,NaN,NaN,0.57996,1.1978,8.8321,10.338,9.6979,11.84,NaN
4.9201,5.4358,2.661,3.864,3.7513,11.111,6.4377,6.4169,6.4357,3.1042,37.903,3.7711,7.9059,NaN,5.311,10.303,3.5122,18.312,2.6948,5.0459,2.4531,10.64,NaN,NaN,NaN,NaN,NaN,NaN,NaN,NaN,NaN,NaN,3.6847,9.1199,NaN,NaN,NaN,NaN,NaN,NaN,7.6482,NaN,0.8191,NaN,NaN,NaN,6.9698,NaN,NaN,NaN,6.2557,NaN,NaN,7.1306,NaN,NaN,NaN,2.7399,NaN,NaN,NaN,11.261,NaN,8.156,NaN,1.2787,10.676,7.2205,6.5606,11.46,5.538,3.5997,0.68688,10.312,8.2751,4.9095,1.4432,5.5697,NaN,8.0149,1.2022,2.5278,10.683,14.803,2.5435,1.2814,6.7612,1.2576,0.97049,7.9157,11.489,NaN,NaN,3.1257,4.3651,3.279,4.3579,9.9731,11.583,NaN
5.6654,6.7209,1.9872,3.809,7.0999,2.8586,6.1023,6.3411,8.5023,10.06,1.5286,2.6782,4.5921,NaN,10.649,3.5027,5.0569,6.7673,6.8286,20.084,1.2081,4.182,NaN,NaN,NaN,NaN,NaN,NaN,NaN,NaN,NaN,NaN,4.2943,7.7494,NaN,NaN,NaN,NaN,NaN,NaN,4.0635,NaN,4.6365,NaN,NaN,NaN,7.2958,NaN,NaN,NaN,4.9051,NaN,NaN,0.36041,NaN,NaN,NaN,5.1027,NaN,NaN,NaN,11.166,NaN,5.1028,NaN,0.76986,0.65528,6.0055,3.5625,1.921,3.0104,3.3593,1.7848,2.594,8.1579,1.7686,4.5315,6.6509,NaN,3.0756,8.5066,2.8175,7.4433,9.2667,7.1392,21.418,11.657,5.8716,5.0956,4.8139,2.2856,NaN,NaN,5.297,4.9186,6.627,3.7869,9.7056,18.212,NaN
1.0185,3.6637,12.343,4.0931,7.7126,3.481,3.8908,6.3276,3.4123,3.7518,1.2276,4.5258,3.3025,NaN,1.4537,4.0981,4.5462,7.1959,9.357,9.7397,3.0185,6.8664,NaN,NaN,NaN,NaN,NaN,NaN,NaN,NaN,NaN,NaN,5.791,4.6033,NaN,NaN,NaN,NaN,NaN,NaN,2.8291,NaN,4.5141,NaN,NaN,NaN,3.0753,NaN,NaN,NaN,7.3631,NaN,NaN,1.2453,NaN,NaN,NaN,3.5454,NaN,NaN,NaN,5.505,NaN,14.142,NaN,1.422,12.779,3.9117,1.6263,6.0858,3.3903,3.9137,2.0604,3.2964,2.0632,1.7819,3.2811,3.4454,NaN,4.0207,6.3978,11.332,5.4451,28.121,2.9633,4.5117,10.13,10.266,2.9592,4.0065,5.8478,NaN,NaN,4.9632,4.1281,3.7249,3.2362,3.0975,7.0347,NaN
5.6683,6.812,3.6614,4.0586,2.301,2.4628,6.5399,10.174,3.6201,11.035,6.1788,11.853,9.0758,NaN,6.6822,8.1636,6.5914,7.6442,3.0832,3.9229,1.4381,0.88904,NaN,NaN,NaN,NaN,NaN,NaN,NaN,NaN,NaN,NaN,2.0924,9.2271,NaN,NaN,NaN,NaN,NaN,NaN,5.2854,NaN,0.88966,NaN,NaN,NaN,6.211,NaN,NaN,NaN,8.635,NaN,NaN,2.5077,NaN,NaN,NaN,9.6366,NaN,NaN,NaN,12.75,NaN,4.6462,NaN,9.0497,11.699,6.4234,4.3894,9.82,7.7724,8.3797,1.655,7.4415,9.711,6.2941,3.2558,2.6651,NaN,1.9455,2.1798,8.6189,13.068,6.3505,1.6303,5.0369,6.0325,11.525,4.9188,4.9701,5.1033,NaN,NaN,3.0282,7.5584,7.0499,13.703,9.6482,14.929,NaN
2.2009,6.338,1.6528,10.209,6.6599,4.0973,2.5465,6.6312,16.311,7.4057,4.2307,6.5387,1.8763,NaN,2.7877,7.4487,4.0163,2.4087,3.0913,4.511,4.7985,9.9068,NaN,NaN,NaN,NaN,NaN,NaN,NaN,NaN,NaN,NaN,3.2686,3.6598,NaN,NaN,NaN,NaN,NaN,NaN,3.3281,NaN,0.97851,NaN,NaN,NaN,11.845,NaN,NaN,NaN,5.8235,NaN,NaN,2.2351,NaN,NaN,NaN,7.0617,NaN,NaN,NaN,5.7573,NaN,6.7546,NaN,3.3798,3.5329,4.9294,3.9828,6.0799,3.2446,3.2726,5.9652,4.4992,3.8228,4.3587,5.4187,2.5215,NaN,2.462,4.7125,8.0293,4.7211,13.529,8.0603,3.2771,4.2051,5.7381,9.5489,3.3482,6.8021,NaN,NaN,6.534,1.5665,8.7617,8.6781,3.8589,5.4792,NaN
1.7488,4.7761,3.8344,10.364,1.8868,8.1687,3.0642,5.1421,9.5891,4.3571,9.0935,10.516,1.0053,NaN,4.9768,5.9663,3.9994,2.2904,1.9978,5.1872,10.794,7.1518,NaN,NaN,NaN,NaN,NaN,NaN,NaN,NaN,NaN,NaN,6.9574,1.7127,NaN,NaN,NaN,NaN,NaN,NaN,3.1932,NaN,0.91195,NaN,NaN,NaN,1.3628,NaN,NaN,NaN,10.569,NaN,NaN,8.3062,NaN,NaN,NaN,10.137,NaN,NaN,NaN,1.071,NaN,4.5209,NaN,5.7288,2.5973,2.4486,1.2366,4.9115,1.9645,1.9694,4.9483,4.9147,15.895,8.4552,8.9699,3.4244,NaN,1.2075,11.561,13.135,1.1278,18.119,12.846,1.6057,1.3792,5.1709,3.7184,3.5073,1.8225,NaN,NaN,8.0198,5.2752,7.1063,1.3545,10.858,9.6558,NaN
2.4322,7.2119,1.8512,19.628,2.7685,6.7881,3.2931,3.8701,2.613,3.3784,5.6295,3.2856,1.7859,NaN,13.106,8.0086,6.1322,5.9034,12.346,1.7607,5.2577,14.052,NaN,NaN,NaN,NaN,NaN,NaN,NaN,NaN,NaN,NaN,2.0597,1.133,NaN,NaN,NaN,NaN,NaN,NaN,1.8206,NaN,1.7133,NaN,NaN,NaN,7.1095,NaN,NaN,NaN,9.9386,NaN,NaN,8.8203,NaN,NaN,NaN,6.0745,NaN,NaN,NaN,6.0856,NaN,7.8178,NaN,7.8914,2.91,6.3709,8.5478,4.2552,0.31106,11.641,1.6197,0.86501,9.7449,10.023,3.4012,0.79851,NaN,2.9889,8.696,13.651,3.5922,18.516,33.423,2.2475,2.1438,2.0263,2.2464,4.1376,8.639,NaN,NaN,14.518,9.1263,7.1137,3.5745,9.0032,8.8358,NaN
8.8435,7.6889,11.305,7.1422,4.9919,17.018,4.3643,12.843,5.7402,4.0924,3.6788,18.829,7.3973,NaN,8.1977,8.5558,2.7594,14.947,4.5135,4.2894,4.2355,3.3703,NaN,NaN,NaN,NaN,NaN,NaN,NaN,NaN,NaN,NaN,4.6051,15.249,NaN,NaN,NaN,NaN,NaN,NaN,6.572,NaN,0.65805,NaN,NaN,NaN,6.6725,NaN,NaN,NaN,5.1738,NaN,NaN,2.4765,NaN,NaN,NaN,2.9211,NaN,NaN,NaN,12.821,NaN,5.0418,NaN,9.5998,9.5097,4.5253,0.36355,7.5896,7.9366,15.855,2.6182,7.704,12.765,6.4991,8.7266,10.992,NaN,1.7589,2.2654,11.176,11.669,2.0301,2.3813,8.8749,6.9713,6.8934,5.0203,7.3185,3.8064,NaN,NaN,2.3716,6.0537,16.273,2.4489,10.125,18.704,NaN
2.1678,15.989,9.4646,9.9104,7.49,5.9029,1.1464,7.6313,9.9989,10.526,4.424,3.4772,4.2233,NaN,21.523,7.5968,2.0949,5.7877,9.1418,4.6923,3.6443,4.8877,NaN,NaN,NaN,NaN,NaN,NaN,NaN,NaN,NaN,NaN,2.8113,6.8949,NaN,NaN,NaN,NaN,NaN,NaN,6.117,NaN,10.036,NaN,NaN,NaN,8.3772,NaN,NaN,NaN,1.5608,NaN,NaN,3.9386,NaN,NaN,NaN,3.9477,NaN,NaN,NaN,12.668,NaN,0.7532,NaN,9.4858,3.2919,2.4902,4.4981,3.5112,2.7359,6.5373,1.1794,7.1631,9.3444,8.4775,7.3431,9.515,NaN,2.7715,4.2358,6.1283,6.0057,5.6761,4.2208,4.4443,4.9882,4.7635,6.7943,6.414,11.859,NaN,NaN,5.2704,11.378,7.5795,11.768,10.825,3.7302,NaN
2.8336,2.5269,6.3812,5.4738,3.8764,3.3664,1.1102,10.881,9.4063,6.346,4.2254,6.2533,3.0448,NaN,5.2476,10.189,2.2732,3.2472,6.3134,8.3424,6.4433,4.76,NaN,NaN,NaN,NaN,NaN,NaN,NaN,NaN,NaN,NaN,8.3557,5.41,NaN,NaN,NaN,NaN,NaN,NaN,1.6396,NaN,2.6726,NaN,NaN,NaN,11.001,NaN,NaN,NaN,3.5822,NaN,NaN,3.7101,NaN,NaN,NaN,5.038,NaN,NaN,NaN,1.7035,NaN,6.2761,NaN,3.1212,3.6556,6.3672,2.6569,2.234,2.077,2.985,9.9685,3.6886,2.7125,10.9,9.8046,1.9586,NaN,4.0053,7.8982,5.81,5.2,16.015,8.4632,0.69614,2.1792,9.2472,3.3153,3.1389,2.2389,NaN,NaN,17.766,3.0035,8.1099,2.2445,8.5331,9.4529,NaN
0.91776,3.7467,3.7802,3.0339,4.3655,0.95898,2.6021,6.373,1.4553,0.60892,2.9471,5.0596,2.0453,NaN,8.6509,8.7813,5.8232,5.1086,1.8474,2.177,2.7898,8.1645,NaN,NaN,NaN,NaN,NaN,NaN,NaN,NaN,NaN,NaN,10.533,6.2235,NaN,NaN,NaN,NaN,NaN,NaN,3.0044,NaN,2.9031,NaN,NaN,NaN,12.452,NaN,NaN,NaN,5.8476,NaN,NaN,5.8016,NaN,NaN,NaN,12.034,NaN,NaN,NaN,8.2001,NaN,4.6552,NaN,5.8081,1.8063,3.7045,4.3745,2.8461,2.7579,4.6569,6.9673,4.1505,8.7794,2.2444,3.6863,1.3891,NaN,5.5849,9.4261,28.968,5.8047,9.5071,22.816,1.8852,1.9555,4.5521,2.3229,1.1664,11.319,NaN,NaN,14.318,8.1875,15.558,0.83416,7.6598,10.978,NaN
1.1799,13.618,7.623,15.841,1.1149,1.0564,4.1828,5.2547,12.535,4.0442,3.8984,4.3182,12.892,NaN,11.521,11.705,6.1997,11.258,2.4284,4.8034,13.142,1.2103,NaN,NaN,NaN,NaN,NaN,NaN,NaN,NaN,NaN,NaN,8.4138,5.8446,NaN,NaN,NaN,NaN,NaN,NaN,2.8454,NaN,9.3943,NaN,NaN,NaN,10.283,NaN,NaN,NaN,2.4613,NaN,NaN,2.2354,NaN,NaN,NaN,15.149,NaN,NaN,NaN,5.4351,NaN,14.934,NaN,11.591,6.1218,3.4509,2.2832,11.67,2.5982,12.762,6.6293,2.8272,5.2115,10.747,7.4068,2.7241,NaN,5.7056,1.4564,1.7944,2.7384,3.5398,1.0041,9.2384,3.2029,11.416,4.2914,6.3602,2.0564,NaN,NaN,0.79623,6.7143,9.4382,8.3995,14.444,7.4957,NaN
3.9668,5.709,27.068,15.72,5.284,8.7046,2.7809,18.437,5.0228,2.7738,2.2423,6.318,11.592,NaN,0.18794,6.6431,2.4523,2.3392,2.5558,3.088,10.38,1.0352,NaN,NaN,NaN,NaN,NaN,NaN,NaN,NaN,NaN,NaN,29.035,13.264,NaN,NaN,NaN,NaN,NaN,NaN,2.8569,NaN,5.0388,NaN,NaN,NaN,4.7541,NaN,NaN,NaN,5.3669,NaN,NaN,4.0021,NaN,NaN,NaN,0.90958,NaN,NaN,NaN,3.8798,NaN,16.273,NaN,4.8616,7.38,5.2289,1.0898,31.971,4.5035,3.1985,2.3562,0.73947,4.9366,15.322,11.29,2.9256,NaN,4.5589,7.1966,9.37,9.2026,7.5419,5.2922,1.525,1.358,6.4242,12.888,4.1666,2.6556,NaN,NaN,4.732,8.2345,5.3513,3.7744,14.511,16.35,NaN
6.113,11.581,4.2264,9.5878,6.5387,21.744,5.5614,2.5414,4.5813,3.7384,3.1524,6.857,3.913,NaN,7.545,5.3056,3.6326,24.566,2.8168,8.5934,2.3067,3.0535,NaN,NaN,NaN,NaN,NaN,NaN,NaN,NaN,NaN,NaN,5.4483,5.7433,NaN,NaN,NaN,NaN,NaN,NaN,0.9258,NaN,10.298,NaN,NaN,NaN,16.481,NaN,NaN,NaN,11.272,NaN,NaN,6.8497,NaN,NaN,NaN,5.0109,NaN,NaN,NaN,6.7105,NaN,6.9017,NaN,5.8695,10.871,4.6034,8.09,13.149,0.44289,5.9148,4.4087,4.145,6.2037,2.5821,9.0147,2.7017,NaN,6.9919,3.7821,16.201,8.603,4.6529,6.5211,2.7828,2.3125,4.5268,4.0383,3.7802,34.698,NaN,NaN,13.995,5.1945,19.87,2.2693,6.8666,8.5997,NaN
8.8239,2.9844,3.7494,2.0931,2.5951,3.2092,2.7192,3.4854,9.4108,3.0156,4.7415,3.3232,6.937,NaN,3.8918,5.0038,11.013,10.68,2.7969,2.1513,4.0719,7.7994,NaN,NaN,NaN,NaN,NaN,NaN,NaN,NaN,NaN,NaN,4.9525,3.136,NaN,NaN,NaN,NaN,NaN,NaN,1.1398,NaN,14.735,NaN,NaN,NaN,3.5002,NaN,NaN,NaN,9.1124,NaN,NaN,6.2732,NaN,NaN,NaN,10.093,NaN,NaN,NaN,12.186,NaN,9.1165,NaN,8.7817,5.1038,4.1457,8.911,10.875,3.064,15.424,4.5401,5.43,7.7057,8.052,9.7813,2.9377,NaN,4.623,9.4854,7.8645,1.356,5.8061,1.7389,6.4099,1.2172,6.4973,2.131,2.3561,23.349,NaN,NaN,4.1461,5.8367,9.9006,1.9692,8.1865,9.3921,NaN
9.082,2.0764,3.7843,14.856,4.388,13.871,0.90979,18.107,12.807,9.0603,4.9512,15.754,2.3558,NaN,1.8201,19.191,7.6243,8.2725,7.083,1.5377,5.9464,4.36,NaN,NaN,NaN,NaN,NaN,NaN,NaN,NaN,NaN,NaN,8.6241,1.3652,NaN,NaN,NaN,NaN,NaN,NaN,0.96633,NaN,9.3044,NaN,NaN,NaN,10.544,NaN,NaN,NaN,3.571,NaN,NaN,10.912,NaN,NaN,NaN,6.0507,NaN,NaN,NaN,0.87016,NaN,22.797,NaN,5.4525,7.3431,5.969,4.7257,27.3,3.8465,10.795,8.0657,9.2267,6.1352,9.7358,5.5958,1.6481,NaN,2.2103,13.43,7.8111,3.9218,16.876,4.2401,4.7016,6.9457,6.7233,3.6136,4.551,8.1108,NaN,NaN,1.7977,4.5127,5.9991,6.9902,7.1676,9.3531,NaN
14.708,4.3205,8.4023,0.23271,20.736,8.1159,1.7688,4.8772,10.249,10.447,2.9284,5.9684,4.2034,NaN,4.6537,4.0369,7.0009,12.796,1.3842,2.5679,1.7035,5.1048,NaN,NaN,NaN,NaN,NaN,NaN,NaN,NaN,NaN,NaN,4.8318,4.9253,NaN,NaN,NaN,NaN,NaN,NaN,8.105,NaN,5.4123,NaN,NaN,NaN,1.2987,NaN,NaN,NaN,11.054,NaN,NaN,6.0244,NaN,NaN,NaN,18.735,NaN,NaN,NaN,4.2813,NaN,4.1774,NaN,5.5373,3.3396,3.9748,1.4222,5.2744,15.339,5.1842,3.4442,18.295,15.884,1.847,11.727,4.2544,NaN,5.37,8.5486,3.1953,5.789,13.894,2.733,15.972,8.5435,7.6036,0.56015,4.3895,1.8165,NaN,NaN,1.8693,1.8912,2.5463,5.2157,10.466,10.942,NaN
2.8281,3.7234,5.1788,9.1382,4.5149,14.614,1.6681,4.9698,2.8257,17.285,8.0548,3.6898,1.0855,NaN,5.8108,3.6013,8.506,40.729,6.3,22.907,4.9302,5.8035,NaN,NaN,NaN,NaN,NaN,NaN,NaN,NaN,NaN,NaN,1.497,1.8985,NaN,NaN,NaN,NaN,NaN,NaN,4.3981,NaN,5.5727,NaN,NaN,NaN,5.8624,NaN,NaN,NaN,3.1222,NaN,NaN,10.335,NaN,NaN,NaN,8.9854,NaN,NaN,NaN,0.72798,NaN,5.7441,NaN,3.8064,4.8387,5.1459,6.6263,7.1076,7.5567,2.632,4.489,23.776,9.5284,4.3836,7.4179,2.4205,NaN,11.831,14.894,1.4596,4.7945,11.216,6.6605,1.631,6.004,6.9969,3.5426,5.1388,1.774,NaN,NaN,1.7432,9.9679,2.287,10.333,14.009,13.12,NaN
5.0053,6.2572,10.107,4.9094,2.6789,5.9853,0.61879,5.8083,10.718,10.295,3.0955,1.5441,6.4601,NaN,15.575,1.1497,5.2752,4.7335,2.4121,11.177,8.3724,8.3149,NaN,NaN,NaN,NaN,NaN,NaN,NaN,NaN,NaN,NaN,2.1331,0.93023,NaN,NaN,NaN,NaN,NaN,NaN,16.388,NaN,5.1819,NaN,NaN,NaN,6.5749,NaN,NaN,NaN,5.3801,NaN,NaN,6.5832,NaN,NaN,NaN,11.686,NaN,NaN,NaN,2.0566,NaN,1.9219,NaN,5.2544,10.475,5.2915,1.6443,14.697,1.3753,13.561,2.6896,1.8453,2.7334,16.168,27.55,2.0829,NaN,5.237,3.3529,4.7844,5.0979,9.4253,12.955,3.6623,2.6454,5.6061,5.1677,4.1014,14.861,NaN,NaN,8.3489,3.091,5.7508,4.6866,9.2093,8.4009,NaN
8.423,13.084,6.1301,6.6684,6.6545,7.4226,0.72527,6.5863,9.9646,21.64,4.706,2.8176,8.0104,NaN,6.0037,0.34177,3.4453,4.1549,2.7869,10.008,15.61,9.0246,NaN,NaN,NaN,NaN,NaN,NaN,NaN,NaN,NaN,NaN,4.9659,10.891,NaN,NaN,NaN,NaN,NaN,NaN,6.2584,NaN,23.878,NaN,NaN,NaN,10.339,NaN,NaN,NaN,4.0449,NaN,NaN,3.9809,NaN,NaN,NaN,10.959,NaN,NaN,NaN,4.2548,NaN,4.149,NaN,5.1911,5.2314,6.77,2.2686,20.417,0.86203,28.442,2.5796,4.6554,4.9505,13.512,9.2565,1.9235,NaN,1.8297,11.211,1.7001,4.8506,7.8169,4.4752,6.5454,2.5184,5.7732,3.4579,11.861,3.6994,NaN,NaN,12.054,6.0075,1.2025,1.9785,12.252,5.0566,NaN
6.6849,4.0041,10.551,9.1618,5.6228,7.3396,7.3683,4.7114,2.0988,4.5222,7.5107,8.5114,4.3509,NaN,8.6157,2.4308,7.6532,3.3148,9.5291,1.5683,5.812,6.3396,NaN,NaN,NaN,NaN,NaN,NaN,NaN,NaN,NaN,NaN,6.4816,13.008,NaN,NaN,NaN,NaN,NaN,NaN,5.7583,NaN,11.799,NaN,NaN,NaN,7.0729,NaN,NaN,NaN,10.89,NaN,NaN,8.2446,NaN,NaN,NaN,4.099,NaN,NaN,NaN,1.5898,NaN,10.011,NaN,7.0734,2.9291,15.065,5.5069,11.373,5.516,15.811,8.8852,6.0799,1.7107,3.5155,15.637,4.0546,NaN,6.4003,7.3663,9.4008,2.87,6.6984,14.518,2.0925,5.5275,8.7099,11.557,7.166,8.9449,NaN,NaN,10.36,4.45,8.6123,2.2647,9.0067,10.298,NaN
13.981,5.0916,2.4211,5.3794,2.6841,26.478,0.84777,6.0388,27.073,2.1285,5.8954,7.8843,2.2341,NaN,1.3388,2.8863,4.263,3.796,8.0608,11.925,3.4379,1.6777,NaN,NaN,NaN,NaN,NaN,NaN,NaN,NaN,NaN,NaN,2.9677,3.8954,NaN,NaN,NaN,NaN,NaN,NaN,0.8767,NaN,4.3157,NaN,NaN,NaN,5.1441,NaN,NaN,NaN,2.4154,NaN,NaN,4.4109,NaN,NaN,NaN,1.9624,NaN,NaN,NaN,1.5875,NaN,6.3259,NaN,17.801,8.4448,6.8029,2.8084,1.4788,6.2405,9.326,10.109,6.388,15.156,2.5187,3.2254,2.477,NaN,8.6441,8.0625,3.1864,2.1863,29.492,7.3681,4.2012,8.2889,13.724,1.31,8.2602,12.028,NaN,NaN,4.6426,1.8326,1.8683,6.1463,4.2468,7.0346,NaN
4.6628,5.8727,3.0152,6.4648,6.1956,6.34,3.3256,4.7444,3.4225,11.522,12.827,3.8659,1.8024,NaN,4.5266,4.4324,2.1988,7.7624,1.9445,2.3103,1.8262,6.61,NaN,NaN,NaN,NaN,NaN,NaN,NaN,NaN,NaN,NaN,1.5806,7.999,NaN,NaN,NaN,NaN,NaN,NaN,9.7296,NaN,5.9502,NaN,NaN,NaN,1.9244,NaN,NaN,NaN,1.516,NaN,NaN,5.8954,NaN,NaN,NaN,2.5265,NaN,NaN,NaN,2.9279,NaN,11.001,NaN,5.9117,6.0404,4.4155,6.1234,8.9927,9.7611,4.6944,1.3434,1.0987,11.477,10.369,3.1229,3.8883,NaN,13.483,9.549,5.4471,3.7763,26.02,6.8246,3.6063,5.4974,1.3685,6.2922,3.7664,11.743,NaN,NaN,5.5326,5.4715,6.3694,9.7674,10.275,12.602,NaN
9.0236,2.7541,8.0294,6.465,6.641,1.0966,0.88194,4.2886,1.8467,3.0335,5.0792,8.1973,1.1821,NaN,12.964,11.088,2.2551,9.4356,12.56,1.8642,3.6926,8.3514,NaN,NaN,NaN,NaN,NaN,NaN,NaN,NaN,NaN,NaN,2.4189,1.3332,NaN,NaN,NaN,NaN,NaN,NaN,5.6053,NaN,11.146,NaN,NaN,NaN,6.076,NaN,NaN,NaN,7.9027,NaN,NaN,12.812,NaN,NaN,NaN,12.024,NaN,NaN,NaN,1.3445,NaN,4.9799,NaN,6.4417,7.2657,3.5018,6.3315,17.563,0.52739,9.4066,3.943,9.7411,4.9684,5.0265,8.9984,3.2013,NaN,9.0755,9.6501,6.4653,5.518,24.261,2.3269,8.2661,7.5543,4.3926,2.2171,0.55505,3.4749,NaN,NaN,1.2478,4.1136,3.7097,4.5742,17.862,11.699,NaN
6.4283,8.5401,6.7234,2.8134,5.1847,5.0129,4.1676,2.9267,9.3424,1.2258,4.5502,1.8175,6.0394,NaN,3.9728,2.5615,1.7394,4.5514,1.8966,4.9343,23.85,3.3414,NaN,NaN,NaN,NaN,NaN,NaN,NaN,NaN,NaN,NaN,2.5094,2.7901,NaN,NaN,NaN,NaN,NaN,NaN,10.267,NaN,5.1412,NaN,NaN,NaN,6.6709,NaN,NaN,NaN,3.8687,NaN,NaN,1.2376,NaN,NaN,NaN,4.2472,NaN,NaN,NaN,7.6196,NaN,12.417,NaN,9.8985,7.8249,14.546,6.1658,20.123,0.055038,48.851,1.8771,4.6736,2.4982,7.563,7.8704,4.4688,NaN,6.0434,7.864,11.745,10.009,3.3775,16.766,5.3107,8.548,3.6776,3.1009,8.0009,5.5796,NaN,NaN,9.4819,3.4135,4.1796,14.616,5.7346,10.73,NaN
5.8597,31.21,4.6737,13.4,5.4688,7.0159,3.2994,7.5509,14.241,5.56,2.9446,2.6093,1.8983,NaN,5.3632,3.8616,5.0599,5.6638,1.4231,4.652,9.8463,7.9837,NaN,NaN,NaN,NaN,NaN,NaN,NaN,NaN,NaN,NaN,8.8634,9.6689,NaN,NaN,NaN,NaN,NaN,NaN,5.0864,NaN,14.719,NaN,NaN,NaN,13.841,NaN,NaN,NaN,0.34864,NaN,NaN,9.7163,NaN,NaN,NaN,6.6509,NaN,NaN,NaN,5.6471,NaN,17.714,NaN,12.157,4.0698,1.5493,3.5828,5.1695,1.2705,16.153,3.0987,7.8213,2.5778,1.8326,12.435,1.9355,NaN,13.486,6.6817,1.1124,8.936,5.5814,5.6946,3.1432,6.4797,0.76312,9.7849,4.2804,2.68,NaN,NaN,11.175,1.8266,5.4648,2.582,10.239,6.7824,NaN
4.6969,9.9593,6.1772,14.249,2.6764,5.3802,2.6228,3.0575,23.58,3.0133,9.6055,7.8192,11.312,NaN,7.366,3.8653,1.7987,3.6435,8.0657,7.3439,3.3122,3.6878,NaN,NaN,NaN,NaN,NaN,NaN,NaN,NaN,NaN,NaN,8.1373,8.8395,NaN,NaN,NaN,NaN,NaN,NaN,5.8141,NaN,10.398,NaN,NaN,NaN,1.0852,NaN,NaN,NaN,2.4721,NaN,NaN,5.1648,NaN,NaN,NaN,17.791,NaN,NaN,NaN,2.3232,NaN,6.6448,NaN,8.8299,5.9381,13.046,2.1019,21.811,12.917,9.3692,9.8136,3.2852,6.393,8.0532,4.0602,3.7427,NaN,7.0936,12.411,2.9681,3.3668,19.184,8.1467,3.2419,5.2549,4.5557,4.7343,3.0652,8.3772,NaN,NaN,13.059,3.0565,0.83975,7.1751,12.963,8.7927,NaN
5.1667,1.3982,5.7357,8.9165,4.1321,3.8155,3.7325,2.5719,22.286,3.2352,8.1684,5.6748,4.6743,NaN,9.7251,4.1278,6.9359,16.702,13.261,3.3497,10.912,3.4821,NaN,NaN,NaN,NaN,NaN,NaN,NaN,NaN,NaN,NaN,6.1536,3.191,NaN,NaN,NaN,NaN,NaN,NaN,2.935,NaN,12.372,NaN,NaN,NaN,1.4551,NaN,NaN,NaN,1.4836,NaN,NaN,4.4305,NaN,NaN,NaN,2.8794,NaN,NaN,NaN,1.984,NaN,8.3345,NaN,2.3175,7.8407,2.2639,1.1988,21.27,6.2564,9.4601,12.147,2.558,2.0914,7.1551,5.9089,5.1871,NaN,1.2672,3.6479,14.459,1.1427,10.272,8.6344,2.5394,6.1089,8.4088,2.5246,2.5677,6.5647,NaN,NaN,3.5326,4.68,7.2853,5.6536,1.7972,2.9525,NaN
7.169,2.5054,9.4436,5.9309,2.9873,11.037,2.0282,6.8193,12.064,3.1312,10.861,2.5746,3.2889,NaN,6.5486,3.0101,8.2027,3.2791,8.2465,6.0857,11.29,7.4008,NaN,NaN,NaN,NaN,NaN,NaN,NaN,NaN,NaN,NaN,4.0635,4.2301,NaN,NaN,NaN,NaN,NaN,NaN,2.4547,NaN,6.1342,NaN,NaN,NaN,16.656,NaN,NaN,NaN,3.2174,NaN,NaN,8.9937,NaN,NaN,NaN,1.9368,NaN,NaN,NaN,6.3786,NaN,6.4217,NaN,14.24,6.048,3.4117,12.815,4.2757,14.284,5.5937,5.626,10.899,3.6624,2.5285,6.6982,2.2462,NaN,3.2227,9.4129,2.331,0.39409,3.9023,3.6604,7.5554,2.0773,5.9109,4.076,2.4409,5.9638,NaN,NaN,0.79207,2.6456,2.1022,3.2901,20.466,0.67915,NaN
5.1047,15.564,6.5287,9.4774,3.8003,10.566,2.285,15.807,23.729,17.401,7.5755,5.6989,4.5197,NaN,5.5033,6.0952,5.2751,14.891,4.2622,8.4477,2.7807,15.241,NaN,NaN,NaN,NaN,NaN,NaN,NaN,NaN,NaN,NaN,2.6897,3.8412,NaN,NaN,NaN,NaN,NaN,NaN,4.738,NaN,11.217,NaN,NaN,NaN,3.7115,NaN,NaN,NaN,8.0506,NaN,NaN,3.1068,NaN,NaN,NaN,6.2788,NaN,NaN,NaN,5.8345,NaN,1.1899,NaN,23.212,8.6646,5.9259,5.5182,4.5514,2.0284,4.2701,3.7328,1.1145,56.763,5.5672,13.856,3.4476,NaN,4.3413,4.1561,4.4922,5.5027,7.492,5.9066,3.0148,8.6547,5.3812,1.0958,12.547,5.0778,NaN,NaN,17.057,7.2198,1.4034,5.5652,8.8213,18.153,NaN
4.8823,11.739,6.1904,9.9662,4.8799,8.3391,5.5568,1.5567,2.0247,9.5073,4.7987,1.7464,5.8225,NaN,2.4418,4.8001,1.4206,5.5126,2.7935,6.1634,5.3879,3.0983,NaN,NaN,NaN,NaN,NaN,NaN,NaN,NaN,NaN,NaN,3.6614,13.311,NaN,NaN,NaN,NaN,NaN,NaN,3.6088,NaN,2.9482,NaN,NaN,NaN,2.7908,NaN,NaN,NaN,4.7612,NaN,NaN,2.4065,NaN,NaN,NaN,3.6874,NaN,NaN,NaN,6.543,NaN,9.6546,NaN,13.336,6.9447,5.0007,2.8583,2.4359,1.3487,7.5274,2.4379,5.6912,6.2788,12.75,9.2392,6.0358,NaN,15.425,2.331,10.192,13.985,4.2812,8.1738,5.8855,5.9231,6.3771,4.0772,6.1607,9.7794,NaN,NaN,7.197,14.244,7.1672,11.028,5.7989,9.0441,NaN
4.914,10.293,2.8736,7.1016,1.823,6.5538,1.1467,8.798,12.653,7.2806,21.439,2.6843,5.3773,NaN,19.131,8.7317,2.4951,0.55549,2.3504,8.7452,4.8769,2.3177,NaN,NaN,NaN,NaN,NaN,NaN,NaN,NaN,NaN,NaN,6.2294,10.28,NaN,NaN,NaN,NaN,NaN,NaN,7.6452,NaN,13.165,NaN,NaN,NaN,10.61,NaN,NaN,NaN,1.9999,NaN,NaN,3.8394,NaN,NaN,NaN,6.0696,NaN,NaN,NaN,5.4575,NaN,9.7112,NaN,12.375,6.926,12.93,2.0425,11.143,7.2036,7.9244,2.2498,3.2294,12.214,7.5163,6.777,0.74066,NaN,5.0254,16.51,4.6613,9.6176,6.0732,5.8402,2.3289,8.2651,3.5816,4.6198,4.6738,10.228,NaN,NaN,2.7145,7.831,2.2121,5.5294,7.3757,11.999,NaN
3.6612,10.825,6.218,6.8906,2.6782,4.9533,4.7741,9.1358,19.3,2.5497,4.1806,10.867,3.3051,NaN,13.319,6.9122,3.9758,4.8928,4.3791,16.858,7.7839,4.9428,NaN,NaN,NaN,NaN,NaN,NaN,NaN,NaN,NaN,NaN,1.8409,5.7185,NaN,NaN,NaN,NaN,NaN,NaN,6.5866,NaN,15.455,NaN,NaN,NaN,2.5417,NaN,NaN,NaN,2.7525,NaN,NaN,7.1497,NaN,NaN,NaN,5.4257,NaN,NaN,NaN,5.705,NaN,11.079,NaN,2.6788,8.2769,6.9046,2.7284,8.9049,2.1743,2.267,3.2918,1.3477,5.2166,30.72,4.9466,4.1562,NaN,1.0971,17.911,2.0537,6.9493,5.2103,0.18512,5.576,16.558,4.4866,5.0137,5.0948,3.4221,NaN,NaN,7.0703,5.2959,4.0509,6.007,58.46,6.5792,NaN
16.177,5.821,4.9033,5.6211,2.5586,3.2111,1.1155,8.9873,16.896,2.1125,22.676,1.0385,5.5134,NaN,12.86,8.4908,3.7625,3.7432,5.3055,5.4741,4.6668,2.0603,NaN,NaN,NaN,NaN,NaN,NaN,NaN,NaN,NaN,NaN,3.049,7.951,NaN,NaN,NaN,NaN,NaN,NaN,8.6896,NaN,8.0536,NaN,NaN,NaN,5.2198,NaN,NaN,NaN,3.3824,NaN,NaN,3.7512,NaN,NaN,NaN,2.1176,NaN,NaN,NaN,12.646,NaN,5.5932,NaN,5.7485,2.943,7.6364,2.4907,5.3463,6.3061,5.9769,8.3047,4.15,3.5835,2.1069,9.0882,3.701,NaN,4.7779,14.227,0.86726,5.9996,3.9408,1.8122,0.39869,5.6473,5.8296,5.0418,6.9977,3.6808,NaN,NaN,7.3702,2.4126,6.151,6.2975,8.4707,5.4954,NaN
2.6701,21.645,7.7689,6.3777,0.89329,3.6727,6.8117,10.354,10.501,10.498,25.894,4.1151,1.0971,NaN,6.5719,4.5573,11.096,3.9371,2.2642,6.3131,11.96,5.491,NaN,NaN,NaN,NaN,NaN,NaN,NaN,NaN,NaN,NaN,6.5484,8.1061,NaN,NaN,NaN,NaN,NaN,NaN,2.3178,NaN,8.4625,NaN,NaN,NaN,1.474,NaN,NaN,NaN,9.9249,NaN,NaN,4.6883,NaN,NaN,NaN,9.0748,NaN,NaN,NaN,3.204,NaN,1.1419,NaN,20.31,8.823,1.4939,0.83086,20.748,1.5181,5.3124,9.7036,12.126,13.117,5.9999,7.7121,1.9964,NaN,2.7487,4.2841,10.52,13.22,12.231,8.5612,5.5784,4.0485,16.257,4.4306,15.003,7.2785,NaN,NaN,3.8127,2.911,3.5742,13.853,3.4573,13.909,NaN
4.4432,20.087,8.7148,16.863,0.35011,9.1886,4.8249,9.5825,41.361,17.541,10.547,5.2329,5.0235,NaN,7.3034,0.85618,4.2255,13.937,3.3432,6.6842,4.4472,20.819,NaN,NaN,NaN,NaN,NaN,NaN,NaN,NaN,NaN,NaN,5.7096,2.4762,NaN,NaN,NaN,NaN,NaN,NaN,3.9082,NaN,13.308,NaN,NaN,NaN,4.6715,NaN,NaN,NaN,25.276,NaN,NaN,5.2493,NaN,NaN,NaN,6.85,NaN,NaN,NaN,9.1104,NaN,7.3556,NaN,30.039,13.927,4.5157,1.4528,13.132,5.1536,7.9185,4.7557,9.7955,34.146,2.7806,5.9256,0.84834,NaN,4.0275,2.5728,3.322,5.5481,8.5082,10.095,4.4477,7.9107,25.005,1.38,14.68,10.035,NaN,NaN,1.4972,4.1822,10.901,12.389,9.8441,13.955,NaN
1.8456,6.2095,4.5007,6.7639,2.9008,18.307,2.1681,13.468,9.137,10.537,17.294,6.7046,5.0741,NaN,11.982,14.208,0.99288,1.6754,2.5565,3.5887,7.2977,1.9743,NaN,NaN,NaN,NaN,NaN,NaN,NaN,NaN,NaN,NaN,7.1727,8.1188,NaN,NaN,NaN,NaN,NaN,NaN,0.48324,NaN,15.18,NaN,NaN,NaN,4.8811,NaN,NaN,NaN,11.814,NaN,NaN,1.9951,NaN,NaN,NaN,17.563,NaN,NaN,NaN,1.997,NaN,10.905,NaN,10.4,6.8841,4.2623,4.3651,6.7558,4.7805,5.0814,4.1487,3.3484,5.6113,10.844,2.4012,0.10904,NaN,2.6225,37.757,7.0892,7.8886,2.0772,6.6946,4.057,17.688,5.2932,4.7385,6.2497,8.5142,NaN,NaN,1.3035,4.4428,9.385,11.227,22.419,11.971,NaN
7.6948,11.083,10.065,9.5239,2.3327,20.481,4.1218,3.6597,9.9226,2.8601,14.029,8.6826,7.7549,NaN,2.2008,4.7915,1.5841,17.611,2.7964,22.703,1.0993,6.9427,NaN,NaN,NaN,NaN,NaN,NaN,NaN,NaN,NaN,NaN,4.42,20.577,NaN,NaN,NaN,NaN,NaN,NaN,2.6568,NaN,11.2,NaN,NaN,NaN,2.0187,NaN,NaN,NaN,0.94548,NaN,NaN,4.0256,NaN,NaN,NaN,8.1736,NaN,NaN,NaN,2.6626,NaN,1.8371,NaN,5.6018,4.3777,23.646,3.7429,9.3904,2.7158,6.9342,0.77094,0.92664,3.2646,10.746,5.6684,4.8361,NaN,5.5173,8.6709,5.4115,2.8567,10.714,2.8276,7.7579,7.1881,15.306,5.1849,2.464,4.7494,NaN,NaN,5.3678,3.9947,3.1458,5.3646,8.7143,14.385,NaN
4.5238,1.8256,5.2114,3.2901,4.3245,3.2352,3.9831,6.5087,16.062,8.2874,6.7537,6.5216,1.0733,NaN,9.244,4.4138,3.2082,3.1161,4.3797,4.6998,3.4627,2.1153,NaN,NaN,NaN,NaN,NaN,NaN,NaN,NaN,NaN,NaN,4.4586,6.3109,NaN,NaN,NaN,NaN,NaN,NaN,2.4024,NaN,6.8231,NaN,NaN,NaN,1.1423,NaN,NaN,NaN,12.243,NaN,NaN,2.1618,NaN,NaN,NaN,4.1175,NaN,NaN,NaN,5.7419,NaN,9.9894,NaN,14.281,2.7923,2.9395,1.0852,8.7178,1.7616,12.646,3.2043,3.1855,6.5277,3.5741,55.618,6.4164,NaN,13.807,2.5376,3.7453,3.1089,3.2094,5.1997,1.7558,6.4557,8.2351,2.2204,3.7784,1.3384,NaN,NaN,5.0219,3.1284,9.8586,6.6241,9.9865,3.9849,NaN
3.1516,1.8284,2.2367,3.6181,6.8223,13.795,12.179,4.6345,18.019,3.64,0.84773,5.1488,5.5891,NaN,4.278,1.7149,4.8755,9.2381,7.2639,7.9232,3.0705,1.4052,NaN,NaN,NaN,NaN,NaN,NaN,NaN,NaN,NaN,NaN,15.026,33.17,NaN,NaN,NaN,NaN,NaN,NaN,2.5192,NaN,8.8471,NaN,NaN,NaN,4.9838,NaN,NaN,NaN,10.226,NaN,NaN,0.44759,NaN,NaN,NaN,6.7025,NaN,NaN,NaN,6.7044,NaN,18.479,NaN,20.184,1.669,5.1331,2.1228,10.136,3.7969,5.1676,3.9791,5.0021,5.9885,4.0661,12.14,0.90591,NaN,3.5952,5.4117,5.0629,5.4623,0.37453,5.0805,20.615,4.5576,8.1458,1.666,1.0729,0.81333,NaN,NaN,2.8211,2.722,13.249,2.7346,4.9594,1.53,NaN
18.165,9.0773,1.4442,4.9138,3.7835,2.1942,3.0462,8.2746,4.5163,5.2803,15.403,6.7241,7.9955,NaN,2.1117,7.9233,4.159,6.6356,13.85,0.99933,7.1945,4.3756,NaN,NaN,NaN,NaN,NaN,NaN,NaN,NaN,NaN,NaN,1.7991,10.885,NaN,NaN,NaN,NaN,NaN,NaN,2.3299,NaN,8.8411,NaN,NaN,NaN,6.447,NaN,NaN,NaN,10.316,NaN,NaN,1.0557,NaN,NaN,NaN,8.3839,NaN,NaN,NaN,1.8272,NaN,9.636,NaN,0.64876,10.364,1.2409,6.2626,7,8.0274,4.0669,3.2081,3.0121,4.5177,4.2122,4.659,3.92,NaN,1.3072,7.014,1.2303,13.305,16.502,6.7471,2.6046,0.68609,21.403,0.81493,2.684,4.6507,NaN,NaN,6.7646,5.3536,2.0988,5.5735,7.0581,13.344,NaN
0.86207,6.1955,8.9823,8.0299,7.3982,10.908,1.0766,5.1408,1.8746,16.021,19.018,3.4055,8.2977,NaN,4.6091,2.1361,0.77834,14.235,2.3371,15.909,4.1441,6.3895,NaN,NaN,NaN,NaN,NaN,NaN,NaN,NaN,NaN,NaN,8.926,6.4743,NaN,NaN,NaN,NaN,NaN,NaN,6.3547,NaN,7.307,NaN,NaN,NaN,2.3815,NaN,NaN,NaN,4.1536,NaN,NaN,10.392,NaN,NaN,NaN,8.3911,NaN,NaN,NaN,1.9479,NaN,11.413,NaN,5.3751,6.9573,8.6748,2.3127,7.8468,3.4942,3.8153,2.2386,4.7754,1.1129,7.0814,0.97609,0.49133,NaN,30.014,7.8629,8.4131,2.4856,4.9089,6.0474,4.3729,6.2912,9.5239,1.4858,8.3259,7.0213,NaN,NaN,5.5928,2.9975,5.3407,6.2565,9.1723,5.4384,NaN
1.928,10.629,4.6004,4.3631,8.2646,11.706,7.1851,5.3392,18.469,20.306,8.2554,6.4407,5.3527,NaN,0.94229,1.5005,6.7281,10.292,2.3047,7.9991,8.2329,15.473,NaN,NaN,NaN,NaN,NaN,NaN,NaN,NaN,NaN,NaN,4.4107,8.4865,NaN,NaN,NaN,NaN,NaN,NaN,3.4932,NaN,15.694,NaN,NaN,NaN,11.228,NaN,NaN,NaN,10.403,NaN,NaN,13.042,NaN,NaN,NaN,9.1308,NaN,NaN,NaN,13.317,NaN,10.18,NaN,9.8186,11.4,1.723,3.6194,2.5443,11.812,54.275,5.7581,40.128,12.103,5.4998,13.535,4.3495,NaN,21.345,17.879,5.3371,4.9876,8.0578,6.8214,7.3591,8.3789,5.9573,1.5003,25.133,8.6597,NaN,NaN,8.0988,5.9653,5.1391,8.2403,8.8394,7.4535,NaN
3.0006,8.8563,2.0122,2.8285,3.3351,7.9403,6.671,3.8658,16.759,13.242,21.322,8.6073,11.616,NaN,1.8919,14.79,3.9532,9.296,3.4775,9.577,7.1357,2.1264,NaN,NaN,NaN,NaN,NaN,NaN,NaN,NaN,NaN,NaN,1.5325,4.7293,NaN,NaN,NaN,NaN,NaN,NaN,1.0335,NaN,10.091,NaN,NaN,NaN,6.0857,NaN,NaN,NaN,4.8593,NaN,NaN,6.5257,NaN,NaN,NaN,22.787,NaN,NaN,NaN,2.4887,NaN,6.2879,NaN,5.2761,11.103,2.6009,11.936,7.8759,16.079,16.501,6.4557,7.5394,1.3284,9.044,4.0263,9.7215,NaN,8.3341,3.4442,8.9999,4.5076,4.0434,1.6851,6.7338,6.6227,23.392,2.7647,3.2027,1.8709,NaN,NaN,6.9156,5.776,5.538,5.1575,6.3131,10.705,NaN
5.0012,5.38,2.9905,6.8805,1.9488,19.504,11.188,4.4658,13.11,8.3028,13.551,1.8356,6.7652,NaN,3.0584,8.0771,3.2969,9.3653,1.3855,2.752,15.044,7.532,NaN,NaN,NaN,NaN,NaN,NaN,NaN,NaN,NaN,NaN,4.8547,18.387,NaN,NaN,NaN,NaN,NaN,NaN,1.4006,NaN,22.723,NaN,NaN,NaN,7.0779,NaN,NaN,NaN,9.1834,NaN,NaN,5.2191,NaN,NaN,NaN,4.3623,NaN,NaN,NaN,2.7665,NaN,5.9094,NaN,9.9554,5.1303,2.3249,8.6283,3.1963,9.0652,4.4466,3.6122,0.36621,8.1452,1.2037,4.6166,0.66548,NaN,11.621,6.1759,6.0522,4.331,2.6995,16.086,2.7265,12.115,2.5062,7.0175,4.4645,6.9007,NaN,NaN,7.4944,3.5446,5.0662,12.492,9.3193,10.347,NaN
3.2546,5.6578,8.3318,4.3517,1.1493,3.298,6.8297,4.1293,3.1728,6.4968,11.355,2.6786,7.8373,NaN,2.7127,13.617,1.1544,4.1039,8.447,4.7904,4.268,14.376,NaN,NaN,NaN,NaN,NaN,NaN,NaN,NaN,NaN,NaN,9.1339,9.3523,NaN,NaN,NaN,NaN,NaN,NaN,6.1825,NaN,23.448,NaN,NaN,NaN,1.3582,NaN,NaN,NaN,10.801,NaN,NaN,5.1054,NaN,NaN,NaN,6.3654,NaN,NaN,NaN,6.7323,NaN,5.3833,NaN,0.94847,2.3148,5.3748,4.1318,5.0259,4.0748,5.8001,5.2612,2.9356,8.0195,17.601,10.155,2.3456,NaN,1.6861,8.653,7.4653,2.6243,2.9045,3.1175,3.4849,3.3534,8.7406,3.2843,34.792,6.9756,NaN,NaN,4.1256,1.8273,12.317,5.4827,8.2418,17.881,NaN
12.065,2.1936,5.8797,7.0496,0.8568,0.90101,7.0314,1.4022,6.1256,3.8988,6.342,5.8706,5.212,NaN,2.5525,1.5635,6.9001,1.4115,3.5521,3.5204,0.53668,4.08,NaN,NaN,NaN,NaN,NaN,NaN,NaN,NaN,NaN,NaN,3.8034,7.578,NaN,NaN,NaN,NaN,NaN,NaN,2.9959,NaN,4.5128,NaN,NaN,NaN,9.246,NaN,NaN,NaN,7.5405,NaN,NaN,10.699,NaN,NaN,NaN,2.8394,NaN,NaN,NaN,7.705,NaN,4.4854,NaN,14.205,2.8844,6.4306,7.2896,15.272,12.496,2.5726,14.841,8.2616,1.9803,16.534,11.902,1.4462,NaN,8.3215,6.3456,9.2939,4.8217,2.0045,1.9945,3.8491,5.6326,6.9075,1.838,6.7028,2.5554,NaN,NaN,4.1334,4.9845,6.031,3.8674,7.1545,11.136,NaN
9.6322,2.8515,1.9266,4.2433,4.1264,8.8937,5.5728,9.0857,5.7731,4.9323,9.7746,14.394,5.6499,NaN,3.0039,3.6825,4.7829,10.18,1.5565,8.0847,4.5602,4.5333,NaN,NaN,NaN,NaN,NaN,NaN,NaN,NaN,NaN,NaN,6.4628,15.843,NaN,NaN,NaN,NaN,NaN,NaN,5.9412,NaN,10.64,NaN,NaN,NaN,3.8481,NaN,NaN,NaN,8.9309,NaN,NaN,3.8454,NaN,NaN,NaN,3.3118,NaN,NaN,NaN,4.9822,NaN,9.7166,NaN,8.7855,8.6991,4.0191,4.5591,15.716,11.698,7.682,7.5561,12.985,4.7082,1.4952,2.9475,5.8813,NaN,13.308,9.4739,3.9289,9.7763,4.4445,3.1375,3.9431,2.4947,18.869,8.2559,2.1273,1.0283,NaN,NaN,5.3732,9.3353,4.8572,5.4021,17.139,9.1402,NaN
3.1362,2.1398,3.1117,4.8605,4.8862,3.6199,7.0774,5.5556,9.0759,5.2642,22.103,2.0977,4.3611,NaN,4.9686,3.6352,18.104,18.561,0.64328,4.8913,2.3566,10.415,NaN,NaN,NaN,NaN,NaN,NaN,NaN,NaN,NaN,NaN,3.2433,9.2268,NaN,NaN,NaN,NaN,NaN,NaN,4.3077,NaN,18.543,NaN,NaN,NaN,5.3181,NaN,NaN,NaN,26.526,NaN,NaN,6.9929,NaN,NaN,NaN,4.7933,NaN,NaN,NaN,5.4408,NaN,1.2308,NaN,6.6124,1.9982,8.0449,3.3399,5.2641,4.2374,9.0698,2.2405,10.86,16.644,23.224,1.6664,3.0979,NaN,2.4793,12.155,3.9189,1.8229,13.804,15.645,3.2125,2.4511,4.8474,12.043,4.6351,3.4117,NaN,NaN,14.421,7.2059,3.3432,13.214,4.5917,9.2261,NaN
4.7113,15.047,4.0766,3.9794,9.5406,10.974,6.006,5.7703,31.221,16.285,10.786,10.973,4.8874,NaN,2.8349,7.2822,16.945,12.172,1.405,18.787,5.5777,13.833,NaN,NaN,NaN,NaN,NaN,NaN,NaN,NaN,NaN,NaN,4.1013,5.9789,NaN,NaN,NaN,NaN,NaN,NaN,3.3973,NaN,7.8139,NaN,NaN,NaN,13.815,NaN,NaN,NaN,8.3366,NaN,NaN,10.96,NaN,NaN,NaN,10.519,NaN,NaN,NaN,17.622,NaN,5.146,NaN,8.3656,15.762,1.0984,3.9834,2.9624,15.995,15.11,3.089,21.062,6.5544,9.1721,19.269,4.4249,NaN,13.087,15.711,6.0744,4.1134,30.996,8.1871,4.6805,12.76,5.7078,3.7908,28.906,15.134,NaN,NaN,16.48,4.659,7.8573,7.0104,6.7626,4.705,NaN
6.8855,7.0675,20.933,14.006,0.74604,10.55,4.0933,3.2846,13.141,15.046,15.589,6.8803,9.3556,NaN,0.95045,4.3992,1.1084,4.5607,3.7701,5.5432,18.578,2.0788,NaN,NaN,NaN,NaN,NaN,NaN,NaN,NaN,NaN,NaN,1.0823,2.4556,NaN,NaN,NaN,NaN,NaN,NaN,4.3345,NaN,4.4109,NaN,NaN,NaN,2.6736,NaN,NaN,NaN,1.753,NaN,NaN,5.4618,NaN,NaN,NaN,10.401,NaN,NaN,NaN,2.9946,NaN,4.0921,NaN,3.184,23.348,10.256,11.018,4.092,4.2134,5.0022,3.353,4.8748,6.2457,4.7272,10.96,12.121,NaN,0.52665,3.3353,9.3461,4.1415,7.7793,13.07,7.4983,3.1793,10.273,2.9453,0.63118,5.9006,NaN,NaN,1.1216,10.962,2.6657,6.927,18.801,8.7652,NaN
1.2536,6.0505,6.7615,5.7739,3.4677,14.819,11.266,4.8773,26.131,7.0756,6.3645,19.54,7.3746,NaN,1.9892,9.5895,4.6293,14.051,14.862,4.727,5.0598,6.4754,NaN,NaN,NaN,NaN,NaN,NaN,NaN,NaN,NaN,NaN,3.2915,13.037,NaN,NaN,NaN,NaN,NaN,NaN,3.553,NaN,15.788,NaN,NaN,NaN,18.01,NaN,NaN,NaN,8.1487,NaN,NaN,8.3494,NaN,NaN,NaN,5.5434,NaN,NaN,NaN,6.1867,NaN,9.1765,NaN,7.7205,8.3583,7.8865,3.465,9.339,9.3123,7.876,3.6379,8.2444,21.891,6.8441,8.8902,2.0757,NaN,8.025,3.181,7.2382,3.5365,3.536,26.519,1.7858,6.1721,9.7071,13.244,4.5306,15.388,NaN,NaN,2.2594,6.5451,1.6529,13.801,12.967,13.22,NaN
1.9805,1.8761,1.7793,6.2549,2.5908,10.271,13.824,2.2764,32.967,2.772,2.191,3.792,4.1702,NaN,1.952,5.7412,8.0863,6.2536,30.877,6.5735,3.6035,8.4018,NaN,NaN,NaN,NaN,NaN,NaN,NaN,NaN,NaN,NaN,0.40459,2.5205,NaN,NaN,NaN,NaN,NaN,NaN,1.3536,NaN,25.066,NaN,NaN,NaN,1.6733,NaN,NaN,NaN,4.5295,NaN,NaN,7.2927,NaN,NaN,NaN,7.0035,NaN,NaN,NaN,4.1329,NaN,4.2589,NaN,5.369,4.6403,11.231,4.9997,1.7591,5.7961,9.4509,7.0643,11.433,6.0859,3.0368,9.4355,7.2548,NaN,4.2431,8.1116,7.0714,0.45436,6.4804,7.8204,7.3292,2.7244,18.258,2.9474,9.2457,6.9014,NaN,NaN,11.278,3.4588,5.7232,8.0082,8.3393,13.982,NaN
3.6537,3.0023,2.6877,6.7117,4.3976,8.2186,9.8064,4.9359,5.3743,4.9882,10.831,2.2393,2.6061,NaN,8.7053,6.5,3.8258,4.6736,2.1159,6.6255,4.8029,1.9226,NaN,NaN,NaN,NaN,NaN,NaN,NaN,NaN,NaN,NaN,7.4554,4.9657,NaN,NaN,NaN,NaN,NaN,NaN,6.3529,NaN,27.482,NaN,NaN,NaN,6.2323,NaN,NaN,NaN,26.114,NaN,NaN,6.4021,NaN,NaN,NaN,6.648,NaN,NaN,NaN,8.5162,NaN,18.395,NaN,14.851,2.5544,5.1382,2.8352,2.5507,2.5599,23.303,3.6537,4.4824,7.4144,7.3217,1.4683,3.9536,NaN,0.96278,15.538,41.33,5.6123,4.8626,9.0883,2.4473,1.1005,4.9894,24.203,5.0302,8.1446,NaN,NaN,9.2113,5.9795,8.7649,6.578,6.9676,25.536,NaN
8.2269,15.492,10.725,9.3559,12.97,8.095,5.5498,7.747,61.985,12.733,36.976,7.9268,12.208,NaN,6.8835,7.0347,10.481,16.905,1.432,9.7184,2.9834,14.735,NaN,NaN,NaN,NaN,NaN,NaN,NaN,NaN,NaN,NaN,8.0201,3.7197,NaN,NaN,NaN,NaN,NaN,NaN,2.0426,NaN,13.424,NaN,NaN,NaN,11.15,NaN,NaN,NaN,13.334,NaN,NaN,13.157,NaN,NaN,NaN,10.324,NaN,NaN,NaN,35.76,NaN,5.8173,NaN,20.186,5.9684,1.2868,4.0323,12.751,8.6851,8.5092,0.50576,17.394,11.142,2.0972,12.284,1.1561,NaN,6.2381,27.022,6.936,5.0694,27.276,8.8773,2.7518,9.8759,7.1141,1.0113,18.413,16.332,NaN,NaN,7.859,6.2729,5.4548,9.9801,9.9974,16.846,NaN
9.4133,6.3566,18.813,5.2625,2.2723,11.036,9.1778,2.1934,6.4369,1.5482,25.108,4.7453,22.825,NaN,4.4226,4.0614,3.053,3.2277,4.0958,6.9991,9.6589,7.7017,NaN,NaN,NaN,NaN,NaN,NaN,NaN,NaN,NaN,NaN,13.685,8.1133,NaN,NaN,NaN,NaN,NaN,NaN,6.4247,NaN,3.8737,NaN,NaN,NaN,7.072,NaN,NaN,NaN,5.1054,NaN,NaN,3.9047,NaN,NaN,NaN,5.9364,NaN,NaN,NaN,1.3027,NaN,6.3371,NaN,19.564,10.276,3.1299,14.673,6.8414,1.759,6.119,4.7848,11.504,28.798,14.997,12.63,3.0868,NaN,5.7849,10.835,2.6272,5.9528,7.8414,4.8254,7.7339,5.0036,28.4,2.2873,9.9531,17.211,NaN,NaN,3.3904,9.7578,3.7341,7.9574,12.008,7.5901,NaN
2.3845,17.125,13.584,5.6495,4.5016,1.9653,19.318,5.7485,41.049,6.8778,27.202,13.252,14.953,NaN,6.824,2.3895,14.845,19.509,7.1511,9.575,7.2443,6.5461,NaN,NaN,NaN,NaN,NaN,NaN,NaN,NaN,NaN,NaN,6.7682,1.5957,NaN,NaN,NaN,NaN,NaN,NaN,1.7081,NaN,6.4374,NaN,NaN,NaN,10.658,NaN,NaN,NaN,8.6053,NaN,NaN,3.0144,NaN,NaN,NaN,6.8796,NaN,NaN,NaN,8.546,NaN,11.3,NaN,8.7731,9.167,4.9516,8.2015,7.5868,1.7168,11.19,4.6199,8.371,11.325,4.7653,23.307,3.2906,NaN,6.6996,5.158,8.4679,5.8304,5.8955,17.987,4.5888,7.702,15.114,18.122,7.8372,24.848,NaN,NaN,1.3339,10.304,2.2437,6.6749,12.286,9.6034,NaN
2.0664,3.3342,5.1394,2.4735,3.3399,0.25109,16.297,5.3688,12.908,5.8774,8.246,0.65924,9.6464,NaN,4.2231,4.205,11.47,8.4855,3.4987,3.9819,14.595,11.69,NaN,NaN,NaN,NaN,NaN,NaN,NaN,NaN,NaN,NaN,4.325,5.2061,NaN,NaN,NaN,NaN,NaN,NaN,2.8487,NaN,8.9171,NaN,NaN,NaN,5.8889,NaN,NaN,NaN,9.3693,NaN,NaN,4.2177,NaN,NaN,NaN,11.362,NaN,NaN,NaN,15.877,NaN,11.532,NaN,6.4725,5.4485,2.3658,6.997,6.2153,1.6274,5.768,13.876,3.4072,8.2422,6.1675,1.1002,5.1525,NaN,3.5641,4.2827,5.6528,1.0945,13.215,7.4034,5.7939,6.225,2.2407,4.2073,11.065,4.6277,NaN,NaN,2.4004,7.8505,4.041,6.1164,4.8303,5.9287,NaN
4.7372,2.8109,2.7143,2.4785,4.215,5.0729,13.16,6.5153,12.34,5.555,26.44,0.78086,10.685,NaN,4.3361,3.6528,12.574,21.538,1.4303,1.8846,2.1744,4.0221,NaN,NaN,NaN,NaN,NaN,NaN,NaN,NaN,NaN,NaN,2.8904,5.992,NaN,NaN,NaN,NaN,NaN,NaN,2.8848,NaN,10.385,NaN,NaN,NaN,11.25,NaN,NaN,NaN,15.416,NaN,NaN,10.397,NaN,NaN,NaN,12.736,NaN,NaN,NaN,12.463,NaN,7.6589,NaN,8.5706,2.6968,4.6159,3.112,6.119,5.259,9.8728,10.786,3.7989,8.9305,14.785,1.1424,6.6302,NaN,3.7278,8.8212,5.4763,1.5571,12.745,2.7848,6.2982,0.71084,3.35,2.8627,4.694,6.2934,NaN,NaN,12.763,5.3755,12.608,7.5605,3.435,5.7785,NaN
10.731,12.015,9.4036,10.402,5.2811,4.7767,6.322,9.5868,50.388,17.908,23.534,9.9959,9.2823,NaN,7.5737,5.8952,10.743,14.211,2.878,3.2543,6.017,11.706,NaN,NaN,NaN,NaN,NaN,NaN,NaN,NaN,NaN,NaN,7.7584,5.5978,NaN,NaN,NaN,NaN,NaN,NaN,1.5249,NaN,17.146,NaN,NaN,NaN,7.2227,NaN,NaN,NaN,16.13,NaN,NaN,11.588,NaN,NaN,NaN,14.155,NaN,NaN,NaN,14.904,NaN,7.6057,NaN,29.299,19.114,1.3054,1.5132,7.8724,7.8427,8.9973,2.3821,21.45,24.125,4.1813,8.0924,0.30793,NaN,7.6091,20.206,8.5774,8.0008,12.859,12.322,3.673,6.5516,2.2104,1.7592,19.755,15.193,NaN,NaN,6.4373,8.3649,1.203,11.856,10.547,15.681,NaN
3.6071,5.7858,4.1083,7.0638,5.6147,13.894,13.891,8.474,8.9859,3.6245,11.77,8.3329,7.7948,NaN,11.453,10.356,5.5743,4.6239,3.5193,6.8693,2.4809,8.3135,NaN,NaN,NaN,NaN,NaN,NaN,NaN,NaN,NaN,NaN,5.8026,6.8203,NaN,NaN,NaN,NaN,NaN,NaN,8.6473,NaN,13.839,NaN,NaN,NaN,2.4805,NaN,NaN,NaN,5.689,NaN,NaN,9.2419,NaN,NaN,NaN,2.9964,NaN,NaN,NaN,7.2393,NaN,6.0141,NaN,6.714,4.5075,1.0224,12.312,12.383,8.2048,3.654,3.3083,1.8882,6.9716,2.5061,4.2753,4.8236,NaN,11.951,8.273,9.8267,1.5537,2.3934,7.074,6.5644,2.6247,12.077,4.0653,24.276,13.286,NaN,NaN,4.1775,5.4092,3.3991,9.6328,0.62018,14.765,NaN
4.0156,9.4713,8.2602,7.625,5.9375,1.474,8.4862,6.468,20.093,13.929,10.353,10.115,12.548,NaN,13.644,7.9677,9.1604,12.18,3.7681,16.431,5.8914,4.6709,NaN,NaN,NaN,NaN,NaN,NaN,NaN,NaN,NaN,NaN,3.897,9.6868,NaN,NaN,NaN,NaN,NaN,NaN,4.8762,NaN,3.5469,NaN,NaN,NaN,10.991,NaN,NaN,NaN,5.4771,NaN,NaN,10.124,NaN,NaN,NaN,3.3198,NaN,NaN,NaN,21.277,NaN,10.644,NaN,2.9116,6.4778,2.4007,4.6335,8.9241,2.8412,4.3601,4.9156,11.433,5.2751,5.7634,12.718,2.1551,NaN,9.0813,11.283,5.6333,2.2778,20.018,10.325,4.4696,5.2612,6.308,13.067,18.661,16.267,NaN,NaN,4.2104,10.619,0.41402,1.1324,7.0867,12.394,NaN
7.6511,6.217,2.9281,11.224,6.3362,7.1053,2.9379,12.909,32.242,10.329,20.377,8.1771,13.113,NaN,9.2208,0.68363,16.633,20.592,4.1311,5.879,2.7866,3.56,NaN,NaN,NaN,NaN,NaN,NaN,NaN,NaN,NaN,NaN,6.4418,5.7845,NaN,NaN,NaN,NaN,NaN,NaN,12.084,NaN,6.1106,NaN,NaN,NaN,12.277,NaN,NaN,NaN,4.8855,NaN,NaN,16.033,NaN,NaN,NaN,7.1674,NaN,NaN,NaN,9.7227,NaN,19.789,NaN,5.3937,4.5531,2.2931,6.8315,4.4818,5.5582,9.0891,14.029,5.6781,5.9326,5.7943,6.1615,9.1577,NaN,5.8277,7.6081,9.1992,2.9999,14.275,3.6413,6.853,3.8854,1.7077,2.7613,6.1181,18.639,NaN,NaN,5.5851,2.9699,3.6212,7.7,2.414,6.1426,NaN
29.001,14.7,7.3109,9.1488,12.643,8.3812,3.7477,6.6011,14.524,5.526,21.073,3.801,10.625,NaN,5.7173,3.2168,10.898,32.213,2.7676,2.1406,2.2537,8.9275,NaN,NaN,NaN,NaN,NaN,NaN,NaN,NaN,NaN,NaN,2.6827,9.9651,NaN,NaN,NaN,NaN,NaN,NaN,2.4139,NaN,7.5596,NaN,NaN,NaN,12.104,NaN,NaN,NaN,7.6021,NaN,NaN,13.109,NaN,NaN,NaN,4.9601,NaN,NaN,NaN,9.1141,NaN,12.386,NaN,13.463,3.8134,4.4641,6.489,14.924,7.0627,12.893,12.024,5.9656,7.1977,9.0795,3.3207,3.8621,NaN,1.2514,13.335,9.479,1.4003,11.525,0.97183,6.7995,1.1655,3.8373,2.5539,6.0763,16.618,NaN,NaN,11.534,9.545,6.6008,7.9076,2.1766,5.9364,NaN
5.033,4.6566,20.083,16.973,5.6698,5.1966,4.8181,3.5551,3.1554,1.459,3.166,3.5117,11.06,NaN,6.3237,3.1315,13.054,11.211,6.4717,2.5396,6.9931,2.607,NaN,NaN,NaN,NaN,NaN,NaN,NaN,NaN,NaN,NaN,2.0273,4.531,NaN,NaN,NaN,NaN,NaN,NaN,2.0809,NaN,2.0674,NaN,NaN,NaN,0.8941,NaN,NaN,NaN,2.6822,NaN,NaN,4.8706,NaN,NaN,NaN,5.539,NaN,NaN,NaN,14.661,NaN,3.4961,NaN,4.6876,2.8436,5.092,5.55,9.3615,10.758,4.1802,2.09,5.4124,4.6413,4.6584,4.7869,2.4783,NaN,2.7076,1.9384,4.1341,6.0063,11.143,7.4663,4.1204,3.3053,2.8569,2.1028,14.266,2.5203,NaN,NaN,9.4342,7.3754,2.8486,1.6723,5.755,3.1695,NaN
3.8336,5.2126,10.395,3.4697,8.8043,13.493,3.2652,14.638,2.8681,2.5771,6.1096,1.8616,16.054,NaN,5.2128,2.6119,3.4558,7.138,2.3644,3.9208,4.0935,7.023,NaN,NaN,NaN,NaN,NaN,NaN,NaN,NaN,NaN,NaN,5.3412,0.3772,NaN,NaN,NaN,NaN,NaN,NaN,4.7261,NaN,3.717,NaN,NaN,NaN,6.8731,NaN,NaN,NaN,6.1154,NaN,NaN,7.4641,NaN,NaN,NaN,13.647,NaN,NaN,NaN,5.5114,NaN,6.3679,NaN,3.8192,8.1348,8.679,2.4598,4.7498,6.9875,5.7461,2.2461,8.1963,4.5037,9.136,3.2663,7.2015,NaN,2.388,4.3452,4.1909,1.0775,6.2609,5.6668,1.5757,9.675,3.7585,5.1532,4.6477,1.6457,NaN,NaN,13.27,0.75389,7.076,4.2278,8.5302,3.8901,NaN
2.965,0.81935,1.6586,5.4222,3.4045,0.55579,14.406,8.1905,4.7034,6.6175,7.7676,6.6756,3.1214,NaN,3.8998,3.4808,15.391,3.3217,2.6381,9.6267,9.9418,4.7279,NaN,NaN,NaN,NaN,NaN,NaN,NaN,NaN,NaN,NaN,4.2278,0.64002,NaN,NaN,NaN,NaN,NaN,NaN,2.2382,NaN,1.0623,NaN,NaN,NaN,5.7168,NaN,NaN,NaN,9.9601,NaN,NaN,5.3583,NaN,NaN,NaN,6.2442,NaN,NaN,NaN,7.8258,NaN,3.3504,NaN,4.0064,2.55,5.1304,3.4461,2.3975,2.112,4.7481,3.6296,21.478,2.3795,4.1626,5.3077,3.119,NaN,6.5739,3.1619,9.9712,1.4191,8.1448,3.43,5.0376,8.2496,8.0314,9.7209,3.0899,5.0298,NaN,NaN,2.0162,5.327,6.5498,3.721,6.3369,3.9497,NaN
16.637,19.618,10.724,8.1651,2.531,5.6723,10.24,9.8306,33.635,25.513,24.723,14.316,14.775,NaN,11.838,9.0504,14.591,17.039,2.2151,2.6548,8.765,12.914,NaN,NaN,NaN,NaN,NaN,NaN,NaN,NaN,NaN,NaN,5.2407,7.1891,NaN,NaN,NaN,NaN,NaN,NaN,1.8429,NaN,14.377,NaN,NaN,NaN,8.7709,NaN,NaN,NaN,11.884,NaN,NaN,10.956,NaN,NaN,NaN,20.574,NaN,NaN,NaN,13.226,NaN,8.905,NaN,28.084,12.495,1.1762,1.5946,8.9376,9.0772,11.025,3.344,22.543,19.806,6.4561,9.8014,1.3665,NaN,12.423,11.157,9.8723,10.104,10.151,15.397,4.9646,9.4173,8.9795,2.2696,21.677,18.415,NaN,NaN,7.5171,7.4353,2.2994,11.004,10.185,14.16,NaN
2.1993,6.6804,5.5246,18.06,3.93,7.4234,15.824,6.3047,25.702,9.0497,31.419,14.714,7.1094,NaN,15.579,10.567,14.566,19.281,9.6913,6.215,11.956,10.453,NaN,NaN,NaN,NaN,NaN,NaN,NaN,NaN,NaN,NaN,1.6156,8.6351,NaN,NaN,NaN,NaN,NaN,NaN,3.3229,NaN,10.846,NaN,NaN,NaN,6.3065,NaN,NaN,NaN,14.772,NaN,NaN,13.58,NaN,NaN,NaN,5.5389,NaN,NaN,NaN,11.101,NaN,22.626,NaN,13.767,7.3018,1.2095,3.905,46.964,9.2892,10.555,2.2552,3.3967,9.2699,2.8139,7.5964,9.6019,NaN,9.0641,3.5291,2.2572,4.5734,9.8204,7.4159,7.0661,4.9089,5.4521,3.9535,26.314,26.407,NaN,NaN,1.3558,4.5847,6.4176,7.091,3.324,8.1146,NaN
2.0137,17.747,7.752,19.091,1.9402,8.3799,4.8024,4.6432,20.865,11.606,8.8098,11.878,2.0703,NaN,14.122,8.7331,13.885,7.0422,3.0373,2.3239,4.759,5.5565,NaN,NaN,NaN,NaN,NaN,NaN,NaN,NaN,NaN,NaN,4.0504,2.7512,NaN,NaN,NaN,NaN,NaN,NaN,8.4001,NaN,2.0623,NaN,NaN,NaN,10.261,NaN,NaN,NaN,3.1998,NaN,NaN,4.3018,NaN,NaN,NaN,8.8005,NaN,NaN,NaN,15.553,NaN,18.41,NaN,5.7831,11.601,3.3486,15.167,8.7411,5.2028,11.452,5.1426,24.805,6.3606,7.0986,7.5731,2.0775,NaN,5.9101,6.6798,6.4839,6.907,4.5041,5.0342,0.69092,7.0458,5.0286,3.6173,42.606,18.334,NaN,NaN,6.3229,12.128,2.651,6.4304,2.6822,13.456,NaN
1.4743,2.8225,8.6273,5.0966,2.5325,19.494,2.4004,9.5287,13.901,4.6354,10.846,15.229,2.5921,NaN,11.923,12.482,7.0173,9.6516,5.2504,5.8189,2.605,4.9828,NaN,NaN,NaN,NaN,NaN,NaN,NaN,NaN,NaN,NaN,2.4035,3.8695,NaN,NaN,NaN,NaN,NaN,NaN,9.0454,NaN,8.8284,NaN,NaN,NaN,5.348,NaN,NaN,NaN,1.4614,NaN,NaN,3.8388,NaN,NaN,NaN,22.876,NaN,NaN,NaN,10.3,NaN,22.851,NaN,8.2352,5.0633,3.5011,7.8917,12.817,4.7857,15.772,7.802,7.7897,4.3851,2.2686,10.719,0.65852,NaN,7.1243,6.6391,9.0734,5.2133,10.734,3.3001,3.8741,8.2141,8.8334,0.4987,4.0081,11.04,NaN,NaN,6.2869,2.8837,1.2909,6.504,5.3113,14.467,NaN
8.7232,6.7065,5.4688,6.8158,0.98301,9.1612,4.9205,4.9224,2.6501,2.0059,4.9242,7.7553,6.0211,NaN,7.2453,9.3904,0.97042,5.0954,11.132,3.6601,5.027,5.8881,NaN,NaN,NaN,NaN,NaN,NaN,NaN,NaN,NaN,NaN,5.9203,8.4834,NaN,NaN,NaN,NaN,NaN,NaN,4.4783,NaN,7.993,NaN,NaN,NaN,11.02,NaN,NaN,NaN,7.9442,NaN,NaN,4.8873,NaN,NaN,NaN,1.0832,NaN,NaN,NaN,1.5616,NaN,6.7816,NaN,7.3204,6.2552,3.9823,4.6423,21.076,11.502,14.652,1.354,2.8604,2.8047,8.6283,1.8457,2.609,NaN,5.0176,3.9489,4.0536,5.2192,22.243,2.4244,2.0921,4.8422,4.0435,1.2613,2.7774,1.7141,NaN,NaN,10.196,18.628,1.7581,7.436,3.2998,18.37,NaN
4.3992,2.6304,8.7834,12.349,14.606,7.9992,2.7063,15.667,9.3111,2.1701,3.957,3.4716,4.9665,NaN,10.715,6.4245,5.8188,12.323,7.2709,3.2557,20.256,3.4371,NaN,NaN,NaN,NaN,NaN,NaN,NaN,NaN,NaN,NaN,5.3972,0.59584,NaN,NaN,NaN,NaN,NaN,NaN,18.329,NaN,5.9331,NaN,NaN,NaN,2.0241,NaN,NaN,NaN,7.9099,NaN,NaN,5.8466,NaN,NaN,NaN,4.6123,NaN,NaN,NaN,4.795,NaN,7.4763,NaN,7.0886,12.662,3.3733,1.9803,10.672,8.1992,1.5021,7.8789,3.6843,2.2164,10.873,27.825,0.71097,NaN,1.1829,1.1328,3.495,5.4853,8.1141,3.9005,8.5958,14.046,4.9041,10.361,2.7968,4.4497,NaN,NaN,9.6141,2.7274,9.9804,7.0901,1.0903,6.268,NaN
2.2718,2.4927,5.2232,7.1534,3.8906,2.2669,10.192,7.4001,4.0418,3.2862,13.931,8.3043,8.5425,NaN,12.135,3.3203,13.07,8.8864,2.4955,6.7491,8.1429,14.168,NaN,NaN,NaN,NaN,NaN,NaN,NaN,NaN,NaN,NaN,4.0564,1.101,NaN,NaN,NaN,NaN,NaN,NaN,2.7835,NaN,1.7868,NaN,NaN,NaN,6.0674,NaN,NaN,NaN,9.7536,NaN,NaN,5.9216,NaN,NaN,NaN,5.5309,NaN,NaN,NaN,9.0358,NaN,3.1294,NaN,2.4324,4.0155,4.2093,4.7867,0.89404,2.4881,5.7315,5.7511,45.978,4.2811,2.5123,4.4104,0.13179,NaN,4.1199,3.6487,9.9562,5.7096,8.2241,4.773,4.7031,8.1368,5.0999,12.876,4.2872,3.847,NaN,NaN,3.3606,3.4473,5.4885,2.2872,3.7032,2.9079,NaN
6.8782,29.533,17.479,5.6028,2.4829,7.1386,10.66,9.5611,47.548,26.561,24.189,18.325,5.8026,NaN,16.143,9.5766,16.171,18.113,1.085,3.6902,9.6989,14.306,NaN,NaN,NaN,NaN,NaN,NaN,NaN,NaN,NaN,NaN,6.6114,8.2367,NaN,NaN,NaN,NaN,NaN,NaN,1.3947,NaN,11.091,NaN,NaN,NaN,12.896,NaN,NaN,NaN,12.592,NaN,NaN,12.047,NaN,NaN,NaN,16.805,NaN,NaN,NaN,14.874,NaN,8.0165,NaN,44.829,14.185,1.2131,2.9177,9.0519,6.1048,10.148,2.7284,23.495,12.807,6.0366,10.25,1.7999,NaN,10.066,11.676,9.3756,14.116,9.292,14.368,4.6155,12.295,4.8479,4.5622,18.817,25.15,NaN,NaN,8.7909,5.6791,1.0382,9.4653,10.047,14.527,NaN
4.361,2.357,2.5299,12.206,5.1707,6.5635,8.0254,5.42,12.969,2.821,3.8299,8.7625,1.7303,NaN,6.0423,3.6808,11.697,29.172,26.092,2.7472,0.91368,8.3946,NaN,NaN,NaN,NaN,NaN,NaN,NaN,NaN,NaN,NaN,3.9774,9.4492,NaN,NaN,NaN,NaN,NaN,NaN,4.816,NaN,9.4089,NaN,NaN,NaN,11.712,NaN,NaN,NaN,6.6927,NaN,NaN,6.2475,NaN,NaN,NaN,7.2045,NaN,NaN,NaN,18.648,NaN,2.6447,NaN,27.17,4.9999,1.1956,6.6531,6.4237,10.154,5.0247,2.095,1.9788,5.601,3.3576,8.1136,1.1372,NaN,3.9632,21.83,2.4973,2.7775,3.3084,1.8854,4.5423,2.7959,4.9708,5.2867,10.383,5.4449,NaN,NaN,5.2351,8.0267,3.6662,4.4168,6.7166,10.296,NaN
2.3505,9.461,3.2637,6.8597,2.6191,17.981,11.387,3.9087,10.73,0.72476,5.2074,5.619,2.7855,NaN,19.689,7.076,8.4709,16.667,10.066,2.3921,3.4933,12.73,NaN,NaN,NaN,NaN,NaN,NaN,NaN,NaN,NaN,NaN,1.7108,4.4295,NaN,NaN,NaN,NaN,NaN,NaN,3.6593,NaN,2.7569,NaN,NaN,NaN,11.298,NaN,NaN,NaN,7.4834,NaN,NaN,1.7466,NaN,NaN,NaN,9.9551,NaN,NaN,NaN,7.9711,NaN,7.8352,NaN,8.3603,14.359,4.2449,4.8423,5.4325,9.9412,13.186,4.4361,10.07,4.9487,7.7813,5.3781,1.9297,NaN,5.0541,11.957,8.4028,3.4115,10.619,3.7988,6.8575,8.5921,9.5926,1.4618,21.679,11.128,NaN,NaN,17.891,5.7711,3.7449,11.512,4.3867,18.945,NaN
3.0512,8.1488,7.349,3.5948,1.2683,7.8685,6.9103,7.0617,1.622,3.1439,2.6133,2.3819,2.8528,NaN,4.2509,13.568,1.1421,4.0949,7.0138,9.2123,4.8705,3.1975,NaN,NaN,NaN,NaN,NaN,NaN,NaN,NaN,NaN,NaN,2.589,12.284,NaN,NaN,NaN,NaN,NaN,NaN,0.97743,NaN,1.7964,NaN,NaN,NaN,6.2498,NaN,NaN,NaN,2.2778,NaN,NaN,5.2953,NaN,NaN,NaN,5.4486,NaN,NaN,NaN,4.2903,NaN,6.301,NaN,2.3096,1.164,2.7543,3.4618,7.403,0.9149,30.099,11.055,16.486,1.4507,1.5369,3.8358,3.1431,NaN,6.0667,2.7715,5.5672,1.255,19.579,4.9612,5.7717,10.224,3.6488,9.719,5.8202,1.5028,NaN,NaN,0.60673,2.1823,2.7323,0.93886,3.4463,13.68,NaN
3.6775,3.8577,1.8118,11.495,2.3262,7.2696,7.068,10.403,2.6326,2.9835,6.0147,0.84201,2.5518,NaN,7.5301,9.7449,4.7084,12.83,9.5139,4.6708,8.0564,7.0393,NaN,NaN,NaN,NaN,NaN,NaN,NaN,NaN,NaN,NaN,4.4686,3.1329,NaN,NaN,NaN,NaN,NaN,NaN,7.5345,NaN,16.818,NaN,NaN,NaN,2.9731,NaN,NaN,NaN,7.4584,NaN,NaN,14.946,NaN,NaN,NaN,15.668,NaN,NaN,NaN,3.7076,NaN,6.9435,NaN,6.705,2.6391,2.7596,4.9461,7.9522,2.8764,1.723,10.676,10.854,1.9024,9.4958,9.0764,1.8074,NaN,2.6164,6.3509,9.726,3.4636,6.0145,4.2573,6.0007,4.1557,4.8386,5.8662,2.4759,3.8,NaN,NaN,4.176,5.8892,24.783,12.248,1.9777,18.945,NaN
17.533,7.9645,3.8426,6.0342,8.4753,5.3022,1.1898,10.945,1.0347,4.3762,4.7583,7.375,6.7638,NaN,7.2842,5.0596,2.0396,9.165,8.1924,2.0504,2.9968,2.6004,NaN,NaN,NaN,NaN,NaN,NaN,NaN,NaN,NaN,NaN,4.4671,1.1781,NaN,NaN,NaN,NaN,NaN,NaN,12.587,NaN,7.3204,NaN,NaN,NaN,1.5861,NaN,NaN,NaN,5.4698,NaN,NaN,5.7992,NaN,NaN,NaN,9.7829,NaN,NaN,NaN,5.9076,NaN,11.109,NaN,7.3478,12.972,1.3169,6.3512,1.9312,2.6943,5.7748,5.8314,6.6185,4.0735,5.3182,6.4613,3.5467,NaN,5.8185,19.591,2.3788,1.7925,1.2064,5.4724,4.3575,4.4036,0.91441,3.2555,3.5567,3.0641,NaN,NaN,3.1234,5.5052,11.051,10.273,1.5927,1.5,NaN
5.2287,25.658,17.198,5.3257,4.752,8.6404,6.3299,8.2971,39.54,23.928,19.038,13.925,4.5881,NaN,18.587,5.3094,11.385,13.598,0.88168,9.1696,9.7587,13.77,NaN,NaN,NaN,NaN,NaN,NaN,NaN,NaN,NaN,NaN,7.2333,4.8269,NaN,NaN,NaN,NaN,NaN,NaN,0.34121,NaN,12.63,NaN,NaN,NaN,13.144,NaN,NaN,NaN,13.009,NaN,NaN,9.7038,NaN,NaN,NaN,10.209,NaN,NaN,NaN,13.091,NaN,5.6006,NaN,26.497,11.127,2.7072,2.5913,7.4857,5.0617,7.2895,3.0289,28.366,10.496,4.7812,10.21,2.2702,NaN,9.8647,10.114,9.8178,13.585,9.7224,12.281,3.3594,14.336,4.8594,7.2538,12.42,17.849,NaN,NaN,8.0349,3.6378,0.98105,11.026,10.138,14.12,NaN
1.9925,6.0558,5.6834,6.6621,2.8651,29.922,10.622,5.8703,15.733,6.0893,9.6741,7.0132,2.2897,NaN,15.675,8.3521,5.0431,13.474,3.8428,1.5361,4.3802,9.4158,NaN,NaN,NaN,NaN,NaN,NaN,NaN,NaN,NaN,NaN,6.1546,4.3097,NaN,NaN,NaN,NaN,NaN,NaN,4.3024,NaN,2.9324,NaN,NaN,NaN,5.716,NaN,NaN,NaN,5.8899,NaN,NaN,7.6624,NaN,NaN,NaN,4.6058,NaN,NaN,NaN,7.2014,NaN,2.7702,NaN,12.389,12.311,3.7745,1.8948,3.8217,11.095,9.0056,12.86,1.474,5.1133,9.7158,3.9794,2.0727,NaN,9.8879,3.6182,20.292,1.9015,14.363,4.9246,0.8372,3.346,8.4649,5.894,6.5892,10.325,NaN,NaN,3.3876,9.7495,7.9074,4.2813,8.2162,8.6335,NaN
3.7303,7.1773,3.0939,7.6156,2.9808,38.962,8.6205,3.468,11.069,0.97696,5.8708,1.476,4.1457,NaN,17.435,9.385,5.8913,16.762,5.527,5.5256,5.9674,8.1534,NaN,NaN,NaN,NaN,NaN,NaN,NaN,NaN,NaN,NaN,3.2426,5.2478,NaN,NaN,NaN,NaN,NaN,NaN,2.7647,NaN,3.5157,NaN,NaN,NaN,11.237,NaN,NaN,NaN,8.8612,NaN,NaN,3.0727,NaN,NaN,NaN,0.6295,NaN,NaN,NaN,6.563,NaN,2.3044,NaN,1.9275,23.962,4.2142,1.9706,9.517,5.3091,13.74,5.0104,6.3786,3.8364,8.6603,4.6837,2.1675,NaN,5.2588,10.945,7.5634,3.8491,17.418,5.4083,5.3844,6.5305,4.7485,4.9382,11.174,6.3098,NaN,NaN,6.8043,8.5129,3.0779,15.34,7.2659,4.9231,NaN
7.6873,8.2812,8.767,3.4898,2.4567,7.5877,16.309,1.9543,1.3649,4.2574,3.9715,6.2388,4.3376,NaN,20.946,10.214,4.8791,9.1089,9.0766,3.9766,4.7126,4.5893,NaN,NaN,NaN,NaN,NaN,NaN,NaN,NaN,NaN,NaN,0.97821,9.5981,NaN,NaN,NaN,NaN,NaN,NaN,4.6245,NaN,9.3836,NaN,NaN,NaN,2.7839,NaN,NaN,NaN,2.8599,NaN,NaN,8.1761,NaN,NaN,NaN,5.4714,NaN,NaN,NaN,3.0683,NaN,12.909,NaN,26.901,11.833,4.0747,10.041,19.072,14.425,8.5917,23.701,16.857,1.7282,6.7575,11.588,3.4546,NaN,7.5622,3.5745,2.7826,7.6302,10.659,6.362,1.2806,9.4331,6.2107,3.6244,1.9694,3.4115,NaN,NaN,9.4786,3.7352,4.6563,2.5398,1.5679,14.816,NaN
13.09,1.5429,2.9571,9.1857,4.7047,1.9327,9.6959,0.38635,8.7102,8.3397,15.347,9.7316,2.1699,NaN,10.402,6.3881,1.749,14.013,14.019,6.4501,1.2802,1.9411,NaN,NaN,NaN,NaN,NaN,NaN,NaN,NaN,NaN,NaN,5.3005,1.3972,NaN,NaN,NaN,NaN,NaN,NaN,13.78,NaN,16.287,NaN,NaN,NaN,4.6129,NaN,NaN,NaN,6.1327,NaN,NaN,5.5458,NaN,NaN,NaN,25.848,NaN,NaN,NaN,11.331,NaN,16.4,NaN,3.7197,7.7923,2.1763,10.096,12.026,4.1502,3.0379,12.368,5.3463,4.3032,17.977,17.873,6.2643,NaN,6.4732,7.5256,4.2219,6.2246,3.8167,4.6609,9.4079,7.7759,8.8301,3.3848,3.4628,3.0523,NaN,NaN,9.6633,5.6513,17.611,7.2625,3.8718,9.2769,NaN
9.6797,21.237,15.819,6.1385,3.9251,10.281,3.4693,6.4687,21.293,11.635,20.265,9.9947,11.51,NaN,16.09,5.2158,5.1331,12.694,1.633,15.389,2.9506,13.053,NaN,NaN,NaN,NaN,NaN,NaN,NaN,NaN,NaN,NaN,6.6384,9.7951,NaN,NaN,NaN,NaN,NaN,NaN,3.062,NaN,2.2799,NaN,NaN,NaN,6.7016,NaN,NaN,NaN,10.969,NaN,NaN,8.3084,NaN,NaN,NaN,9.6092,NaN,NaN,NaN,12.454,NaN,4.3073,NaN,16.951,12.11,4.4317,1.1193,7.1305,9.3497,6.3228,4.2423,30.73,11.815,6.251,24.147,0.33619,NaN,16.757,2.5579,11.591,9.7635,9.3024,16.167,5.8149,10.337,6.3247,8.2685,10.836,15.172,NaN,NaN,7.1735,6.6478,5.0287,11.679,6.3664,14.829,NaN
8.3106,4.9441,7.6885,4.6877,4.5663,5.2614,1.9016,2.9155,11.328,2.0804,26.271,5.7093,4.7814,NaN,14.181,9.9383,4.524,13.778,4.9389,5.3564,2.2,12.386,NaN,NaN,NaN,NaN,NaN,NaN,NaN,NaN,NaN,NaN,10.392,3.2803,NaN,NaN,NaN,NaN,NaN,NaN,4.4456,NaN,4.5696,NaN,NaN,NaN,4.1923,NaN,NaN,NaN,7.6656,NaN,NaN,14.777,NaN,NaN,NaN,5.9994,NaN,NaN,NaN,10.683,NaN,6.1061,NaN,9.1821,1.1374,2.9909,5.0637,2.4155,1.1727,1.0259,3.3541,5.0154,3.8267,15.963,2.7806,0.49863,NaN,5.2224,2.2174,11.95,3.0472,10.573,3.3618,5.4903,2.8755,4.7733,0.31634,5.4416,2.7724,NaN,NaN,10.43,5.6732,3.0349,1.5535,5.3089,34.9,NaN
13.446,2.7366,3.8456,7.1193,2.8146,11.283,2.3604,7.7638,1.4444,6.7892,1.6319,7.184,4.5036,NaN,17.091,4.6,3.6323,10.831,6.3322,5.8562,2.5302,4.1901,NaN,NaN,NaN,NaN,NaN,NaN,NaN,NaN,NaN,NaN,1.9157,12.049,NaN,NaN,NaN,NaN,NaN,NaN,6.7206,NaN,5.0107,NaN,NaN,NaN,1.9298,NaN,NaN,NaN,4.3886,NaN,NaN,5.2746,NaN,NaN,NaN,12.069,NaN,NaN,NaN,10.165,NaN,10.356,NaN,6.7868,5.2694,5.7503,5.6627,33.863,9.43,12.926,1.2247,5.5014,3.6498,13.425,9.3282,0.26631,NaN,4.8688,5.2323,6.5792,7.7813,14.907,3.2036,4.7441,5.8013,3.5554,5.2626,15.289,2.7753,NaN,NaN,4.8354,6.9824,4.8978,12.412,1.324,14.189,NaN
8.8884,1.1242,10.566,14.084,2.6875,0.61142,5.9239,3.1639,3.5036,7.9736,10.823,7.6474,1.2252,NaN,7.9806,5.6279,2.7589,9.4919,1.7563,6.6947,3.5071,3.4197,NaN,NaN,NaN,NaN,NaN,NaN,NaN,NaN,NaN,NaN,10.382,15.199,NaN,NaN,NaN,NaN,NaN,NaN,1.079,NaN,8.5217,NaN,NaN,NaN,5.575,NaN,NaN,NaN,8.7504,NaN,NaN,3.2414,NaN,NaN,NaN,11.624,NaN,NaN,NaN,10.183,NaN,14.403,NaN,5.8698,3.5143,5.2939,6.9828,13.268,3.295,14.387,2.4083,6.7494,4.2978,3.9733,13.497,2.4123,NaN,7.7456,2.0484,2.8729,9.1061,5.265,3.4525,7.4345,24.621,7.855,1.1621,2.1979,6.297,NaN,NaN,9.3531,2.5386,8.7014,3.6074,10.288,5.3969,NaN
6.9125,4.3941,13.492,3.5175,6.1269,2.3968,8.3617,5.1221,7.8389,4.2747,12.008,10.063,2.3772,NaN,4.1996,8.2749,12.465,6.8498,6.514,2.566,3.1502,6.0681,NaN,NaN,NaN,NaN,NaN,NaN,NaN,NaN,NaN,NaN,5.3588,1.1817,NaN,NaN,NaN,NaN,NaN,NaN,6.7324,NaN,5.9776,NaN,NaN,NaN,7.6785,NaN,NaN,NaN,11.638,NaN,NaN,4.3252,NaN,NaN,NaN,5.7563,NaN,NaN,NaN,0.80868,NaN,8.1372,NaN,3.5789,14.737,3.2047,6.9317,5.2672,6.0439,2.1029,1.3559,5.5451,5.7554,15.14,1.1969,5.1733,NaN,11.844,8.5094,2.2817,4.5639,6.1751,1.7093,5.506,2.0985,3.7418,9.4921,8.508,6.0058,NaN,NaN,11.978,7.2081,4.2149,10.938,5.6315,7.1247,NaN
7.0228,3.3082,4.7796,6.317,3.2578,1.9352,12.594,4.1361,0.9704,2.7924,22.787,3.7365,10.988,NaN,5.4842,3.7461,12.247,1.8316,4.8101,9.9114,5.4558,5.1739,NaN,NaN,NaN,NaN,NaN,NaN,NaN,NaN,NaN,NaN,0.85245,9.8538,NaN,NaN,NaN,NaN,NaN,NaN,2.2929,NaN,1.5155,NaN,NaN,NaN,4.0625,NaN,NaN,NaN,8.2027,NaN,NaN,4.9117,NaN,NaN,NaN,8.2541,NaN,NaN,NaN,9.0657,NaN,1.0497,NaN,0.891,19.764,3.1156,3.057,2.5881,4.863,1.777,5.846,12.191,6.9175,5.1714,4.3138,8.8045,NaN,5.4071,2.412,13.421,4.7412,2.6978,4.8308,13.833,11.321,5.3214,8.5146,2.9078,3.5587,NaN,NaN,1.9308,13.426,9.0897,2.6944,6.9633,3.8507,NaN
2.8659,1.7707,5.2366,1.9445,6.4299,6.6618,5.7819,6.0308,9.0984,3.7619,10.739,5.0183,2.598,NaN,5.2844,3.8634,10.464,8.2843,4.3939,4.7047,12.021,10.176,NaN,NaN,NaN,NaN,NaN,NaN,NaN,NaN,NaN,NaN,4.2584,40.83,NaN,NaN,NaN,NaN,NaN,NaN,24.477,NaN,5.0587,NaN,NaN,NaN,4.5373,NaN,NaN,NaN,2.3668,NaN,NaN,9.267,NaN,NaN,NaN,17.82,NaN,NaN,NaN,1.1307,NaN,22.968,NaN,9.7471,6.7298,2.5278,8.1809,13.704,4.8949,12.3,2.0412,4.6781,15.572,1.8613,3.1279,0.64194,NaN,1.9555,10.904,6.0759,5.7427,10.16,6.5179,0.8357,11.263,7.1151,0.32693,5.6875,1.208,NaN,NaN,13.311,3.4162,2.7293,2.7888,3.4977,9.8139,NaN
2.6048,0.97755,2.1533,3.5851,6.0174,7.4736,3.1535,2.9242,1.876,0.83502,9.0377,16.769,1.9209,NaN,7.5025,5.1701,9.5044,3.1849,1.7927,12.353,3.6265,5.4844,NaN,NaN,NaN,NaN,NaN,NaN,NaN,NaN,NaN,NaN,4.9398,3.6812,NaN,NaN,NaN,NaN,NaN,NaN,1.4174,NaN,6.7512,NaN,NaN,NaN,4.5904,NaN,NaN,NaN,6.2718,NaN,NaN,5.6622,NaN,NaN,NaN,6.9272,NaN,NaN,NaN,7.0568,NaN,0.91415,NaN,0.54604,4.9284,3.005,3.3926,8.5586,2.2609,5.3252,14.737,4.9155,5.908,2.938,3.3513,5.9283,NaN,1.5628,5.2492,5.2522,13.579,7.0729,3.767,7.3764,9.5627,11.104,3.4321,3.9032,5.1191,NaN,NaN,1.702,4.6191,7.5604,3.0357,6.3871,11.537,NaN
28.355,18.413,23.508,6.1996,0.99486,9.1188,4.9214,6.9866,31.772,9.735,21.832,8.761,8.41,NaN,11.107,9.4716,5.2677,15.006,2.609,13.718,1.1521,14.187,NaN,NaN,NaN,NaN,NaN,NaN,NaN,NaN,NaN,NaN,10.399,9.5145,NaN,NaN,NaN,NaN,NaN,NaN,3.9365,NaN,4.5885,NaN,NaN,NaN,6.8736,NaN,NaN,NaN,11.125,NaN,NaN,10.109,NaN,NaN,NaN,11.305,NaN,NaN,NaN,11.195,NaN,4.1587,NaN,14.697,12.991,5.7849,1.1251,7.4524,10.082,6.7408,4.4858,21.361,17.099,9.9858,18.276,0.21026,NaN,13.901,11.014,10.726,7.3589,11.976,16.143,5.8886,8.6036,17.67,5.3653,13.453,16.467,NaN,NaN,7.5955,9.5819,5.9732,9.8095,7.4126,13,NaN
7.9323,2.2698,5.3967,5.1366,4.5655,2.766,6.1216,6.3502,3.1282,7.3609,3.9075,2.9557,7.6414,NaN,26.743,4.4201,1.3843,9.8264,6.5857,4.5942,4.629,5.7414,NaN,NaN,NaN,NaN,NaN,NaN,NaN,NaN,NaN,NaN,4.1096,15.773,NaN,NaN,NaN,NaN,NaN,NaN,2.2642,NaN,6.778,NaN,NaN,NaN,3.7642,NaN,NaN,NaN,4.0034,NaN,NaN,5.8281,NaN,NaN,NaN,7.584,NaN,NaN,NaN,2.1201,NaN,7.5548,NaN,10.422,0.75951,13.134,7.8359,11.36,0.20216,5.6191,8.515,6.4173,0.8112,4.5742,3.7928,0.83814,NaN,3.1214,6.1295,6.2648,4.8199,5.2792,2.4634,2.4112,2.5677,2.6556,3.3532,5.151,3.1659,NaN,NaN,16.258,6.2412,1.9513,7.8318,7.3036,4.6099,NaN
1.5873,0.72821,1.8279,3.6473,3.8437,4.1776,7.793,1.3508,3.4439,7.6414,4.4896,14.93,7.3308,NaN,4.1455,3.1282,2.4258,3.8421,5.0324,1.8834,7.0134,3.5951,NaN,NaN,NaN,NaN,NaN,NaN,NaN,NaN,NaN,NaN,6.705,19.46,NaN,NaN,NaN,NaN,NaN,NaN,3.9528,NaN,2.5673,NaN,NaN,NaN,3.4098,NaN,NaN,NaN,3.5316,NaN,NaN,5.1802,NaN,NaN,NaN,3.9006,NaN,NaN,NaN,8.4296,NaN,8.3966,NaN,10.705,5.0881,6.5924,6.3343,13.027,6.6833,5.3361,5.2628,5.9651,10.744,15.788,5.4473,1.5868,NaN,11.95,5.4015,4.035,4.3219,3.0856,5.6023,6.3433,14.976,8.1373,5.1568,2.3596,1.8991,NaN,NaN,7.0147,4.5733,7.7107,1.5815,4.9242,5.2384,NaN
5.1217,3.8553,3.7507,4.6686,0.75903,1.5433,9.6566,10.133,0.56923,6.4619,19.179,12.488,5.5389,NaN,9.6957,4.855,3.9761,2.5379,2.2708,3.9458,2.8934,1.8536,NaN,NaN,NaN,NaN,NaN,NaN,NaN,NaN,NaN,NaN,3.8104,6.4114,NaN,NaN,NaN,NaN,NaN,NaN,1.1217,NaN,4.5738,NaN,NaN,NaN,6.1393,NaN,NaN,NaN,1.0901,NaN,NaN,1.8341,NaN,NaN,NaN,6.2683,NaN,NaN,NaN,1.8836,NaN,9.5762,NaN,1.2121,7.1889,2.4211,6.3603,8.624,5.2997,0.89083,7.9372,6.7332,1.3678,5.7333,7.9101,5.0817,NaN,3.1931,5.6505,8.3447,12.504,4.382,19.083,8.8341,12.848,2.4186,2.8123,3.8482,6.1751,NaN,NaN,6.174,11.339,10.109,16.787,7.5833,13.111,NaN
6.7983,2.6948,3.7102,2.2388,4.7181,5.0363,9.2585,2.2541,2.2907,2.9123,16.022,3.9612,10.95,NaN,61.596,5.9772,10.425,4.3968,7.3244,2.2384,8.0597,23.07,NaN,NaN,NaN,NaN,NaN,NaN,NaN,NaN,NaN,NaN,2.5999,12.921,NaN,NaN,NaN,NaN,NaN,NaN,19.349,NaN,6.2295,NaN,NaN,NaN,4.1518,NaN,NaN,NaN,13.34,NaN,NaN,5.8297,NaN,NaN,NaN,12.299,NaN,NaN,NaN,5.4518,NaN,6.1331,NaN,5.2415,17.185,9.1361,5.1602,13.096,9.0751,7.5412,4.0751,5.1288,3.2272,5.035,5.0297,2.2512,NaN,6.7916,5.4407,11.938,1.3158,1.0217,22.386,1.6864,2.2011,7.5486,4.9306,8.7231,6.1938,NaN,NaN,9.63,5.0898,2.9829,3.1871,3.0207,0.53653,NaN
1.799,0.51683,1.6269,3.446,2.6465,2.2709,9.115,7.0869,3.0074,1.2889,6.1136,10.24,4.4626,NaN,9.7818,3.6952,10.718,5.1828,3.8814,2.1872,2.8934,1.9234,NaN,NaN,NaN,NaN,NaN,NaN,NaN,NaN,NaN,NaN,3.2008,11.726,NaN,NaN,NaN,NaN,NaN,NaN,0.9031,NaN,2.144,NaN,NaN,NaN,6.0236,NaN,NaN,NaN,8.8987,NaN,NaN,4.4995,NaN,NaN,NaN,8.9212,NaN,NaN,NaN,11.385,NaN,1.9624,NaN,1.7048,15.952,1.7498,2.7326,7.8975,1.6079,3.2391,9.5579,14.176,3.4913,4.266,6.543,2.3008,NaN,4.3859,3.6993,5.3836,4.0252,4.4853,2.7268,6.6095,8.3515,7.4817,6.6327,2.9585,4.7942,NaN,NaN,3.7401,5.4988,8.8251,2.0501,4.7174,12.298,NaN
15.386,24.727,15.545,7.9812,0.8692,4.0815,7.851,9.2034,32.811,17.916,14.368,8.7712,3.6349,NaN,11.647,13.026,16.092,16.896,3.389,7.7475,9.0144,14.553,NaN,NaN,NaN,NaN,NaN,NaN,NaN,NaN,NaN,NaN,1.5436,1.997,NaN,NaN,NaN,NaN,NaN,NaN,2.7335,NaN,12.852,NaN,NaN,NaN,6.1979,NaN,NaN,NaN,7.5886,NaN,NaN,9.9822,NaN,NaN,NaN,10.935,NaN,NaN,NaN,8.6807,NaN,4.9876,NaN,20.234,17.795,3.8013,3.4269,15.001,5.6052,11.038,2.6728,16.787,26.475,24.479,3.0883,2.4057,NaN,3.5717,2.9431,11.159,10.502,8.2725,14.557,0.36073,5.3439,14.394,1.1896,17.434,5.5904,NaN,NaN,11.081,3.3839,4.9029,5.651,4.4666,13.804,NaN
8.5218,15.207,22.937,11.058,3.7469,2.2381,9.9327,4.6538,6.622,11.788,10.332,16.733,5.5377,NaN,30.079,9.5166,6.9305,11.301,3.1372,5.3759,8.9888,6.588,NaN,NaN,NaN,NaN,NaN,NaN,NaN,NaN,NaN,NaN,5.2002,9.8816,NaN,NaN,NaN,NaN,NaN,NaN,2.4766,NaN,8.2791,NaN,NaN,NaN,4.4447,NaN,NaN,NaN,3.8065,NaN,NaN,4.0174,NaN,NaN,NaN,9.7932,NaN,NaN,NaN,3.8942,NaN,3.9122,NaN,9.6849,17.411,3.637,4.9966,19.672,5.7538,4.5587,0.69372,8.6875,11.258,7.7263,1.4036,0.87856,NaN,3.747,2.0174,5.2822,24.942,7.9814,1.8633,2.2627,7.899,1.9268,6.8574,4.244,4.2347,NaN,NaN,4.5515,11.886,0.78463,3.465,1.7445,2.8095,NaN
7.315,7.6823,7.0782,6.2823,6.0268,12.561,8.9495,10.859,29.419,6.2031,2.2071,4.9795,5.4569,NaN,7.9873,4.5487,5.0879,5.478,5.3865,3.3904,5.7244,13.591,NaN,NaN,NaN,NaN,NaN,NaN,NaN,NaN,NaN,NaN,5.4463,5.9131,NaN,NaN,NaN,NaN,NaN,NaN,3.2267,NaN,3.7873,NaN,NaN,NaN,4.8601,NaN,NaN,NaN,10.435,NaN,NaN,12.02,NaN,NaN,NaN,1.2588,NaN,NaN,NaN,3.7759,NaN,1.1507,NaN,9.3818,4.8418,3.558,6.6463,8.6467,4.9383,6.3598,3.3302,15.132,10.095,16.098,10.013,1.4731,NaN,6.3408,5.5181,6.7028,5.1783,0.8845,7.6034,3.5603,5.4504,4.1419,8.541,6.2077,1.531,NaN,NaN,6.1863,2.1503,7.2617,3.0734,5.1145,15.145,NaN
6.2691,9.5091,2.2044,5.1536,3.5373,1.4609,6.0827,21.18,4.4987,5.3497,1.9829,2.5619,2.8811,NaN,11.072,1.825,8.6451,2.1916,8.997,6.6107,2.8168,3.9806,NaN,NaN,NaN,NaN,NaN,NaN,NaN,NaN,NaN,NaN,2.1728,2.6803,NaN,NaN,NaN,NaN,NaN,NaN,9.1239,NaN,9.7299,NaN,NaN,NaN,6.1121,NaN,NaN,NaN,8.2438,NaN,NaN,3.5003,NaN,NaN,NaN,6.1711,NaN,NaN,NaN,4.0885,NaN,5.4991,NaN,11.237,6.9349,1.2437,4.6066,12.724,4.6152,3.0377,0.94236,1.3631,3.2602,7.3439,3.2047,1.373,NaN,1.1511,6.9929,2.1621,5.2415,4.2779,3.2906,9.8597,1.9931,4.4044,1.5736,0.99319,1.8773,NaN,NaN,8.5615,13.331,2.752,1.9357,4.2357,9.1295,NaN
2.8305,4.987,7.8869,0.40738,2.7642,2.6753,8.7848,13.444,10.453,2.5152,4.7882,13.336,2.49,NaN,8.3021,3.2336,12.594,1.2631,17.861,3.0508,6.226,2.1173,NaN,NaN,NaN,NaN,NaN,NaN,NaN,NaN,NaN,NaN,6.9162,10.772,NaN,NaN,NaN,NaN,NaN,NaN,7.6316,NaN,2.6645,NaN,NaN,NaN,4.5299,NaN,NaN,NaN,4.9396,NaN,NaN,6.6225,NaN,NaN,NaN,9.092,NaN,NaN,NaN,1.457,NaN,2.7894,NaN,2.9821,10.446,1.5884,7.9931,5.5283,15.481,6.1274,5.0924,11.684,1.5841,4.3162,11.482,3.7698,NaN,11.616,1.2703,13.412,7.5035,3.4979,1.4063,4.6771,10.738,6.4685,4.0131,4.1713,1.1168,NaN,NaN,4.8828,2.8906,7.9499,4.5106,4.5915,7.2689,NaN
5.6743,5.4387,3.8391,13.453,3.0459,4.0584,8.9379,14.192,8.0227,6.487,7.8994,9.3488,4.2507,NaN,11.409,7.7994,3.5843,4.1444,7.2522,7.0199,2.8737,5.075,NaN,NaN,NaN,NaN,NaN,NaN,NaN,NaN,NaN,NaN,3.0917,7.2666,NaN,NaN,NaN,NaN,NaN,NaN,6.7238,NaN,24.501,NaN,NaN,NaN,3.5435,NaN,NaN,NaN,4.0631,NaN,NaN,6.5448,NaN,NaN,NaN,24.439,NaN,NaN,NaN,7.5176,NaN,4.144,NaN,3.6318,17.969,5.5824,3.4934,13.669,7.1842,2.5569,4.4023,0.77038,1.3836,4.626,4.3226,3.8126,NaN,2.6273,32.202,6.9878,6.7138,2.64,6.5515,4.7653,9.9393,4.6333,4.537,2.2339,8.3015,NaN,NaN,13.221,4.6884,2.8293,3.7699,3.7216,6.9379,NaN
19.996,14.717,8.6463,11.278,5.0978,4.8234,9.0873,10.821,20.458,23.564,6.5718,11.919,0.92407,NaN,16.391,13.527,16.106,11.82,4.0419,3.9035,9.7772,5.9198,NaN,NaN,NaN,NaN,NaN,NaN,NaN,NaN,NaN,NaN,6.0013,0.77141,NaN,NaN,NaN,NaN,NaN,NaN,1.2538,NaN,14.303,NaN,NaN,NaN,3.3178,NaN,NaN,NaN,7.5679,NaN,NaN,3.0393,NaN,NaN,NaN,8.0489,NaN,NaN,NaN,5.1689,NaN,7.8322,NaN,16.146,10.679,1.9449,5.6284,6.5792,5.816,19.198,8.9716,2.2399,24.775,12.686,3.4622,1.0392,NaN,2.6884,1.5992,6.6972,4.2182,5.1561,6.242,0.9706,4.5223,13.43,2.134,24.712,4.1457,NaN,NaN,16.451,1.184,2.3566,2.7926,2.4964,3.8799,NaN
11.333,36.98,10.061,17.061,1.2987,6.1406,8.3439,5.4979,17.32,16.968,18.236,7.4974,2.9927,NaN,17.597,10.628,9.8905,11.118,1.1347,5.2586,8.7942,10.623,NaN,NaN,NaN,NaN,NaN,NaN,NaN,NaN,NaN,NaN,5.2636,3.2444,NaN,NaN,NaN,NaN,NaN,NaN,1.3546,NaN,8.8699,NaN,NaN,NaN,4.2332,NaN,NaN,NaN,4.6956,NaN,NaN,4.5407,NaN,NaN,NaN,9.5158,NaN,NaN,NaN,7.0793,NaN,8.4324,NaN,21.282,10.038,3.834,5.5302,15.316,4.1755,3.7281,8.9345,5.8873,13.658,5.3811,1.7526,0.61417,NaN,1.2628,4.5559,2.0769,9.0658,7.1241,6.7928,2.5162,4.5467,3.3781,3.9326,8.0054,6.0374,NaN,NaN,8.1601,4.5741,2.4077,3.1313,2.3888,6.7066,NaN
3.9805,12.79,3.2305,6.0048,0.64551,1.6312,6.8263,17.422,6.9283,2.216,9.6229,2.6192,3.4202,NaN,15.597,6.1442,11.661,2.7477,8.7198,1.099,7.7925,8.8062,NaN,NaN,NaN,NaN,NaN,NaN,NaN,NaN,NaN,NaN,4.3953,4.9742,NaN,NaN,NaN,NaN,NaN,NaN,5.8048,NaN,2.2519,NaN,NaN,NaN,2.4769,NaN,NaN,NaN,20.328,NaN,NaN,4.0397,NaN,NaN,NaN,11.903,NaN,NaN,NaN,9.8673,NaN,12.866,NaN,20.909,13.15,17.669,6.0193,20.5,1.7474,4.7152,9.513,8.5077,2.4419,1.856,2.7548,1.0648,NaN,8.5661,9.631,3.1714,3.6663,5.3544,6.3325,10.869,17.111,6.2725,0.64191,3.4122,2.9551,NaN,NaN,11.427,3.5309,12.315,2.0931,3.9522,6.1,NaN
7.203,12.103,2.4561,3.5202,5.8736,11.101,17.615,44.109,7.7795,8.2037,12.44,5.7953,7.2281,NaN,11.44,20.161,8.4968,3.2683,3.1931,8.6682,6.5923,13.546,NaN,NaN,NaN,NaN,NaN,NaN,NaN,NaN,NaN,NaN,2.7035,7.2283,NaN,NaN,NaN,NaN,NaN,NaN,7.766,NaN,2.1785,NaN,NaN,NaN,9.6881,NaN,NaN,NaN,44.547,NaN,NaN,10.317,NaN,NaN,NaN,4.6372,NaN,NaN,NaN,4.0416,NaN,17.153,NaN,15.899,6.0385,10.532,7.1308,23.094,3.7016,1.8436,1.4253,2.4919,2.7088,7.3218,6.4146,2.7999,NaN,5.7173,3.0015,1.5571,6.4637,6.2667,4.897,1.5749,5.6364,0.92804,2.0768,2.1746,2.8764,NaN,NaN,3.1393,3.1552,3.4323,2.6085,8.7073,5.6974,NaN
9.6715,20.406,0.86328,1.5096,7.1471,1.6058,3.5831,5.9627,8.7786,13.076,1.0181,12.434,8.7858,NaN,11.191,2.0082,3.734,6.6642,1.7459,5.2418,4.4764,4.3402,NaN,NaN,NaN,NaN,NaN,NaN,NaN,NaN,NaN,NaN,3.5552,5.0946,NaN,NaN,NaN,NaN,NaN,NaN,7.3507,NaN,11.456,NaN,NaN,NaN,5.2715,NaN,NaN,NaN,9.1372,NaN,NaN,3.3073,NaN,NaN,NaN,7.7254,NaN,NaN,NaN,1.4113,NaN,2.0435,NaN,2.1691,2.0923,11.353,4.9079,6.8347,10.817,10.184,7.7259,2.805,4.0192,5.532,2.4162,6.1206,NaN,12.679,1.9936,5.5221,3.6597,2.5462,4.6457,9.898,8.7211,4.2758,3.2255,4.7609,2.209,NaN,NaN,5.3275,4.8701,4.218,12.353,14.974,8.1973,NaN
6.1355,4.4579,2.5971,6.6956,15.98,8.1163,4.2301,12.621,6.605,2.02,2.1551,5.5863,2.2743,NaN,2.8616,1.6343,6.4958,0.35341,5.7883,12.753,6.1598,30.701,NaN,NaN,NaN,NaN,NaN,NaN,NaN,NaN,NaN,NaN,5.8487,7.8814,NaN,NaN,NaN,NaN,NaN,NaN,11.904,NaN,10.241,NaN,NaN,NaN,4.1874,NaN,NaN,NaN,12.97,NaN,NaN,6.0754,NaN,NaN,NaN,2.1968,NaN,NaN,NaN,5.028,NaN,1.7645,NaN,1.3332,6.0389,3.4572,5.543,3.1251,21.605,14.157,7.0172,9.2956,3.8098,3.1583,4.2423,2.1099,NaN,12.093,2.6612,6.7711,5.9879,5.9,2.3552,2.4148,7.0942,2.2651,3.5308,3.3451,2.7188,NaN,NaN,6.072,5.3976,4.0314,2.4179,6.2096,4.8273,NaN
4.2731,24.766,10.665,12.369,0.93464,10.409,17.728,10.909,17.276,6.383,9.475,1.5518,1.4129,NaN,18.597,5.1229,11.496,8.4215,4.3893,5.951,9.5359,6.319,NaN,NaN,NaN,NaN,NaN,NaN,NaN,NaN,NaN,NaN,4.519,3.5942,NaN,NaN,NaN,NaN,NaN,NaN,1.8492,NaN,12.084,NaN,NaN,NaN,3.3135,NaN,NaN,NaN,1.7351,NaN,NaN,4.327,NaN,NaN,NaN,5.8355,NaN,NaN,NaN,13.326,NaN,11.361,NaN,129.05,10.788,27.194,5.1188,8.6154,1.8119,7.3708,11.259,7.4029,5.9394,4.8889,3.0438,2.8621,NaN,5.3607,8.7622,9.2902,4.2133,7.1359,6.6021,12.009,8.774,3.0157,1.147,8.6563,6.5858,NaN,NaN,7.458,2.677,6.5013,2.2368,5.1919,12.259,NaN
12.626,15.996,15.185,12.271,2.5142,8.3823,4.9013,8.8207,26.605,23.174,20.936,8.6287,4.4401,NaN,12.596,14.758,7.6518,16.1,2.6236,14.009,5.4085,11.513,NaN,NaN,NaN,NaN,NaN,NaN,NaN,NaN,NaN,NaN,5.6851,2.4943,NaN,NaN,NaN,NaN,NaN,NaN,3.7513,NaN,15.809,NaN,NaN,NaN,5.8587,NaN,NaN,NaN,12.35,NaN,NaN,7.0974,NaN,NaN,NaN,15.586,NaN,NaN,NaN,3.4211,NaN,5.8855,NaN,16.614,11.529,4.8246,5.2548,14.256,6.3274,5.2485,2.6408,11.385,33.083,6.7215,6.8531,1.0039,NaN,6.8356,3.9991,4.0876,9.6905,13.236,11.065,4.8711,8.2845,18.542,3.7092,12.432,5.9554,NaN,NaN,8.8599,6.2183,8.2745,7.69,7.127,12.18,NaN
4.4017,16.085,6.8268,26.547,2.8864,11.029,5.2816,8.7057,18.231,26.147,11.177,4.9159,6.436,NaN,3.691,11.013,4.6379,13.545,3.4283,9.8959,7.2736,14.17,NaN,NaN,NaN,NaN,NaN,NaN,NaN,NaN,NaN,NaN,4.065,3.3958,NaN,NaN,NaN,NaN,NaN,NaN,4.5585,NaN,5.4402,NaN,NaN,NaN,5.0986,NaN,NaN,NaN,10.597,NaN,NaN,3.2975,NaN,NaN,NaN,8.9237,NaN,NaN,NaN,10.678,NaN,5.924,NaN,33.935,10.185,3.2542,0.96036,14.528,12.672,11.982,5.6168,8.7553,8.0039,7.7947,1.8472,3.7387,NaN,1.0033,3.8625,3.5334,1.0961,9.3266,6.5492,4.8926,5.5488,52.972,1.6731,7.8214,5.4091,NaN,NaN,0.54997,6.8673,9.7708,13.857,11.095,7.8684,NaN
4.0435,6.4216,9.801,3.7517,4.1236,14.822,2.6896,5.4718,8.7669,4.5292,0.71857,2.9949,9.693,NaN,7.535,2.5312,1.4699,3.1161,2.8529,11.179,11.8,6.9932,NaN,NaN,NaN,NaN,NaN,NaN,NaN,NaN,NaN,NaN,1.7922,2.0701,NaN,NaN,NaN,NaN,NaN,NaN,9.7794,NaN,3.5255,NaN,NaN,NaN,6.7659,NaN,NaN,NaN,5.9117,NaN,NaN,2.5398,NaN,NaN,NaN,7.4186,NaN,NaN,NaN,2.2069,NaN,9.2704,NaN,11.453,9.3295,20.261,3.938,10.942,1.1883,8.5635,0.31301,2.193,13.325,12.899,11.541,2.7011,NaN,4.8093,3.3957,12.782,9.8584,7.0405,13.179,4.4091,6.5915,4.8176,2.484,9.9482,5.5958,NaN,NaN,8.8134,2.02,7.8847,3.1106,5.4084,15.134,NaN
2.6848,0.98804,0.28928,4.6505,1.502,3.5174,12.022,4.8059,6.4277,3.9824,8.0664,6.3885,5.0069,NaN,3.5684,3.415,15.248,4.7101,5.5084,9.0534,6.7065,2.7863,NaN,NaN,NaN,NaN,NaN,NaN,NaN,NaN,NaN,NaN,2.7307,1.5097,NaN,NaN,NaN,NaN,NaN,NaN,4.0002,NaN,2.1444,NaN,NaN,NaN,4.2149,NaN,NaN,NaN,11.134,NaN,NaN,6.2445,NaN,NaN,NaN,5.8843,NaN,NaN,NaN,6.1348,NaN,2.5136,NaN,5.0036,3.3229,3.1877,1.4363,7.066,4.7282,2.0792,5.5445,32.176,2.7279,8.1005,5.393,5.9698,NaN,7.4554,3.0529,5.6162,1.4191,6.4691,4.0801,7.3056,8.6556,6.6903,9.5458,4.3752,4.4901,NaN,NaN,2.9247,6.7986,8.1781,9.882,8.9266,4.8298,NaN
