NaN,NaN,NaN,0.81319,NaN,7.1102,3.6421,NaN,7.3153,7.7103,3.3439,1.5545,NaN,4.2228,10.136,3.2936,4.3917,2.3304,3.9168,2.9955,NaN,4.5665,1.5666,2.5744,6.7668,9.2601,5.4653,NaN,1.9058,5.4545,4.1039,4.4114,NaN,8.3478,NaN,NaN,NaN,NaN,NaN,8.0781,7.4571,5.268,2.3257,NaN,NaN,NaN,NaN,NaN,NaN,NaN,NaN,NaN,0.96206,1.2481,4.4796,1.1452,5.4169,NaN,3.0334,NaN,NaN,1.31,NaN,NaN,6.3985,3.6747,2.4331,4.2986,NaN,3.6023,6.8474,6.8272,3.6133,1.2719,4.1126,NaN,6.324,4.7547,NaN,5.4593,1.9217,NaN,1.9947,6.4998,7.4769,3.2079,2.9669,2.4978,6.9231,2.8302,5.7246,1.3601,8.347,3.3203,5.1516,6.0948,3.124,2.4853,NaN,3.0933
NaN,NaN,NaN,4.4777,NaN,7.9358,2.849,NaN,5.3043,6.5066,1.9444,3.3035,NaN,3.576,2.5138,2.7185,4.0306,4.6385,3.9447,3.3338,NaN,2.6698,5.2584,2.5451,5.8792,8.8147,1.9286,NaN,3.1895,1.1416,2.8762,3.9326,NaN,5.7831,NaN,NaN,NaN,NaN,NaN,7.7931,8.4132,7.1235,4.0938,NaN,NaN,NaN,NaN,NaN,NaN,NaN,NaN,NaN,2.3978,1.8296,1.9988,2.4263,8.008,NaN,1.4687,NaN,NaN,4.6063,NaN,NaN,9.1044,1.4933,3.1484,2.217,NaN,0.80853,3.2027,7.8242,8.8391,6.7154,5.6314,NaN,4.7561,2.8415,NaN,4.2685,6.2424,NaN,4.6693,9.4568,6.5646,7.3842,2.6357,3.1019,4.3237,5.9373,5.8456,0.75159,7.1305,1.8565,5.8285,5.0044,5.3929,3.1411,NaN,2.8426
NaN,NaN,NaN,8.9154,NaN,3.7509,0.19196,NaN,3.6529,7.07,3.0381,3.029,NaN,2.4252,7.8531,5.1686,1.4645,5.1472,3.2296,4.0311,NaN,2.4311,3.0013,3.5413,5.2199,10.036,5.5563,NaN,3.9592,0.48882,5.8059,6.8134,NaN,7.3596,NaN,NaN,NaN,NaN,NaN,3.7799,5.1521,3.7744,3.8745,NaN,NaN,NaN,NaN,NaN,NaN,NaN,NaN,NaN,1.3312,2.4383,4.3845,2.8895,4.3523,NaN,5.7153,NaN,NaN,3.5047,NaN,NaN,5.6868,1.7786,3.5981,3.7014,NaN,5.6636,8.1678,6.3426,2.7181,2.9602,3.5914,NaN,7.442,4.5555,NaN,3.5106,0.47501,NaN,4.284,6.4931,7.342,3.3588,7.0315,4.3969,7.3817,4.7591,4.1411,4.7821,7.5313,1.5642,6.7704,4.251,4.5709,2.5707,NaN,5.6501
NaN,NaN,NaN,15.514,NaN,7.378,3.7872,NaN,3.8158,4.8885,4.2927,2.9093,NaN,4.509,10.79,8.7224,3.9782,6.6795,8.0906,4.5304,NaN,2.3632,2.106,5.5751,5.1576,7.9073,4.7806,NaN,6.2022,0.29043,3.6199,6.448,NaN,4.4529,NaN,NaN,NaN,NaN,NaN,6.0314,3.5733,4.0866,12.571,NaN,NaN,NaN,NaN,NaN,NaN,NaN,NaN,NaN,3.3217,6.3532,6.2582,7.0169,4.5286,NaN,7.5046,NaN,NaN,5.9685,NaN,NaN,7.0478,2.6754,1.0528,2.6763,NaN,11.753,4.0454,8.0616,3.6705,5.28,5.7644,NaN,10.729,0.66542,NaN,4.2053,1.3849,NaN,4.2298,4.357,4.7201,4.7598,9.6268,9.0542,6.8406,3.0204,5.2793,6.2576,3.0234,3.2219,10.023,2.4425,6.1679,3.9097,NaN,6.7289
NaN,NaN,NaN,27.97,NaN,2.5832,6.3237,NaN,12.908,5.6138,2.8874,4.4174,NaN,8.595,10.561,5.1248,4.1978,7.761,4.4952,4.608,NaN,3.5449,2.9072,4.719,2.1422,6.5496,1.7461,NaN,7.5286,3.3607,3.9576,7.7827,NaN,1.5158,NaN,NaN,NaN,NaN,NaN,1.852,8.7239,7.28,1.9869,NaN,NaN,NaN,NaN,NaN,NaN,NaN,NaN,NaN,1.4405,7.6315,9.7796,4.8603,6.044,NaN,7.7774,NaN,NaN,9.1284,NaN,NaN,10.604,2.8154,3.0756,6.6936,NaN,9.3571,3.6738,4.9571,1.4058,3.2898,3.1009,NaN,3.1688,3.3558,NaN,4.1987,0.94233,NaN,13.647,2.8951,4.4059,2.0894,7.4585,10.083,5.1451,1.8182,3.2115,10.236,3.1605,1.5972,10.846,1.8065,8.6347,5.3394,NaN,2.3386
NaN,NaN,NaN,10.774,NaN,2.2053,4.5988,NaN,10.05,7.3676,3.5664,4.3227,NaN,10.401,11.13,4.7583,3.6496,10.29,3.0577,2.1325,NaN,3.2327,5.9286,4.1331,3.9792,5.8735,3.4467,NaN,5.1501,6.1493,5.0857,4.1157,NaN,2.1447,NaN,NaN,NaN,NaN,NaN,7.9431,2.2339,11.824,2.2647,NaN,NaN,NaN,NaN,NaN,NaN,NaN,NaN,NaN,3.0302,2.1252,4.5405,4.4436,4.7867,NaN,5.2826,NaN,NaN,4.081,NaN,NaN,7.2079,2.7571,5.1846,4.6194,NaN,7.7569,6.3775,5.1183,4.8322,7.1265,0.36429,NaN,3.338,6.6845,NaN,4.7393,0.53706,NaN,14.766,8.5463,5.3105,6.057,4.133,6.856,9.0996,5.757,1.3137,5.0409,2.9118,1.2422,5.8451,5.9271,4.2699,5.8071,NaN,2.7378
NaN,NaN,NaN,6.7589,NaN,3.3605,10.69,NaN,8.9088,2.9147,3.8813,5.5895,NaN,11.914,13.489,0.64357,5.7125,5.3374,4.0204,2.3885,NaN,5.2674,5.1636,3.4289,7.7451,3.9034,4.3665,NaN,4.309,5.6598,5.8444,3.6695,NaN,5.1961,NaN,NaN,NaN,NaN,NaN,6.1392,4.9427,6.4214,5.8397,NaN,NaN,NaN,NaN,NaN,NaN,NaN,NaN,NaN,3.6067,2.5149,3.5668,1.7695,10.037,NaN,0.91327,NaN,NaN,4.7185,NaN,NaN,5.6643,4.2414,5.5872,0.70174,NaN,5.9858,3.2942,10.241,8.5553,8.9643,1.837,NaN,1.2312,4.9737,NaN,2.926,1.3462,NaN,6.1805,8.858,5.6368,7.6071,4.1684,6.9696,9.3946,5.4891,4.8723,1.5451,2.6569,2.3859,4.6329,5.7544,1.0366,7.2287,NaN,3.3684
NaN,NaN,NaN,8.9107,NaN,11.656,11.522,NaN,10.103,4.0291,4.9024,4.848,NaN,11.237,11.894,4.2406,6.1132,3.3215,3.1016,3.5361,NaN,6.8572,1.0334,1.4798,3.0979,7.6708,1.7728,NaN,4.71,5.4519,11.734,6.8389,NaN,4.2495,NaN,NaN,NaN,NaN,NaN,8.4893,14.285,3.7795,6.8315,NaN,NaN,NaN,NaN,NaN,NaN,NaN,NaN,NaN,3.7868,7.365,4.6809,1.8404,4.0257,NaN,2.0003,NaN,NaN,7.5112,NaN,NaN,4.3105,6.4328,12.178,3.4845,NaN,6.1458,3.9721,7.7662,3.7563,5.3493,0.9082,NaN,2.6599,9.4764,NaN,1.7219,6.5465,NaN,4.0228,4.4305,5.2908,8.3165,4.4319,6.8562,8.3946,1.4586,10.569,4.639,2.6606,1.5976,1.7047,4.8298,2.6832,7.8827,NaN,3.6613
NaN,NaN,NaN,3.1237,NaN,3.0389,0.96253,NaN,8.5786,3.9036,3.6883,5.395,NaN,8.5789,8.9452,3.6005,3.2198,1.941,3.1014,1.2842,NaN,1.8897,2.8462,5.3459,5.2127,4.7418,2.2476,NaN,3.7793,0.50322,11.281,3.6803,NaN,1.0329,NaN,NaN,NaN,NaN,NaN,9.8175,9.5791,9.0156,1.9265,NaN,NaN,NaN,NaN,NaN,NaN,NaN,NaN,NaN,2.2645,4.0952,5.5196,1.6538,7.3714,NaN,8.3172,NaN,NaN,2.5726,NaN,NaN,2.9821,1.944,5.3277,2.8248,NaN,3.5738,5.1018,0.66049,7.4478,6.2419,2.6371,NaN,7.2375,1.4073,NaN,2.1805,1.8685,NaN,9.0218,2.9172,4.6515,6.9529,2.2149,4.7272,6.679,3.2656,5.4117,2.7695,2.9083,1.7631,7.6953,3.3034,1.9476,0.96509,NaN,4.1907
NaN,NaN,NaN,12.856,NaN,7.7007,14.536,NaN,10.685,4.288,5.2914,12.829,NaN,5.9085,3.1205,4.6709,4.6816,3.4886,4.722,5.8381,NaN,11.525,7.115,8.8109,6.4924,5.146,1.0635,NaN,3.6563,6.2121,3.6294,4.7476,NaN,1.5618,NaN,NaN,NaN,NaN,NaN,8.2312,11.817,4.7326,9.9936,NaN,NaN,NaN,NaN,NaN,NaN,NaN,NaN,NaN,6.6475,5.1836,7.4067,2.0874,13.132,NaN,11.278,NaN,NaN,10.694,NaN,NaN,9.2924,5.3861,6.5396,15.981,NaN,2.4148,1.515,14.979,5.2923,5.4727,5.388,NaN,3.1832,4.2963,NaN,2.8303,2.95,NaN,9.2401,6.5972,1.0375,3.124,5.4183,4.7806,0.94757,5.9458,17.182,4.3298,3.5647,1.7535,9.7277,5.24,4.889,7.8383,NaN,6.1279
NaN,NaN,NaN,4.2376,NaN,5.6529,3.3602,NaN,1.8086,7.6444,1.5972,9.7818,NaN,5.0244,7.2991,5.4702,8.1363,12.481,3.0841,8.4148,NaN,3.0556,2.1804,6.1896,7.8327,4.2204,1.4345,NaN,2.4354,1.0232,4.0202,2.677,NaN,6.3184,NaN,NaN,NaN,NaN,NaN,6.4442,6.4608,5.3028,9.522,NaN,NaN,NaN,NaN,NaN,NaN,NaN,NaN,NaN,1.607,5.6121,6.7968,3.0485,5.9392,NaN,1.392,NaN,NaN,1.0963,NaN,NaN,6.7832,8.0932,2.1019,7.6077,NaN,2.1661,2.0181,8.3854,7.2054,3.9027,7.3212,NaN,15.439,2.5037,NaN,2.6899,2.3108,NaN,9.58,3.5273,2.2034,5.3097,8.1997,2.953,5.3166,4.134,2.131,4.9825,5.6342,5.3768,1.4746,2.4595,4.0146,5.9648,NaN,6.9741
NaN,NaN,NaN,4.3958,NaN,6.8281,0.48114,NaN,3.8637,3.3166,1.3349,4.5294,NaN,1.6288,5.0796,3.5257,4.7567,1.1537,1.7563,2.3941,NaN,1.6421,1.0654,2.1392,2.4925,4.7151,0.89871,NaN,6.2618,2.3999,4.7241,2.239,NaN,1.4861,NaN,NaN,NaN,NaN,NaN,7.8377,5.5694,2.916,4.6731,NaN,NaN,NaN,NaN,NaN,NaN,NaN,NaN,NaN,4.1302,7.2041,1.3526,2.3625,5.5258,NaN,0.88754,NaN,NaN,3.1378,NaN,NaN,1.9953,2.5,2.0129,5.1375,NaN,2.706,2.5853,3.4873,2.291,3.6475,2.824,NaN,7.9971,4.2246,NaN,3.1374,7.1784,NaN,7.6007,3.1315,5.576,3.1593,6.9685,5.972,3.9626,3.5355,2.3957,4.3482,4.2648,8.2893,1.0515,4.5223,4.4717,8.2972,NaN,4.5444
NaN,NaN,NaN,9.9767,NaN,12.372,12.651,NaN,5.6341,9.9523,7.3679,10.669,NaN,3.156,8.7394,6.9992,4.7338,5.8426,3.028,8.822,NaN,6.4376,10.386,8.6027,6.2906,8.4123,5.4886,NaN,9.6342,10.595,5.131,9.1312,NaN,1.2813,NaN,NaN,NaN,NaN,NaN,14.4,13.889,4.2522,14.01,NaN,NaN,NaN,NaN,NaN,NaN,NaN,NaN,NaN,3.4232,17.521,3.1892,5.5199,8.7226,NaN,7.359,NaN,NaN,10.992,NaN,NaN,1.1721,2.1955,17.971,13.044,NaN,6.4197,2.2808,6.4145,7.5816,3.0187,9.0785,NaN,4.2221,3.3938,NaN,0.86431,3.2662,NaN,2.2272,7.5636,2.8808,3.487,3.1108,1.0751,1.9849,1.994,9.9566,5.5026,3.9484,3.0535,3.1636,1.9413,2.3533,3.1669,NaN,0.58686
NaN,NaN,NaN,3.9683,NaN,0.41644,3.1272,NaN,5.2113,4.0147,2.2382,3.5769,NaN,3.7149,3.3091,3.5351,5.2912,6.9522,4.9948,1.5848,NaN,5.6392,1.6214,9.13,10.658,6.2517,2.0703,NaN,4.246,6.427,8.9138,7.2995,NaN,5.7041,NaN,NaN,NaN,NaN,NaN,5.5775,6.6577,5.7609,3.0028,NaN,NaN,NaN,NaN,NaN,NaN,NaN,NaN,NaN,7.1625,5.3951,2.569,3.5302,9.0826,NaN,8.7937,NaN,NaN,3.0828,NaN,NaN,6.9615,3.2547,3.3027,2.318,NaN,7.5522,2.4376,1.0186,8.3014,2.5929,6.1972,NaN,5.3961,8.1283,NaN,5.8221,1.9239,NaN,5.2463,5.4968,4.3153,3.3049,6.9585,4.2215,4.1755,1.7164,1.1641,8.1914,1.2309,5.8276,3.449,4.3888,6.9006,4.6481,NaN,5.9097
NaN,NaN,NaN,2.3559,NaN,9.6917,11.422,NaN,13.034,5.1293,19.468,7.2737,NaN,10.459,9.2332,13.658,11.494,2.5964,2.5171,8.3072,NaN,8.6039,3.2396,11.187,18.216,11.894,16.229,NaN,17.833,11.398,6.0271,7.2365,NaN,8.8722,NaN,NaN,NaN,NaN,NaN,13.001,8.9954,8.3125,4.0369,NaN,NaN,NaN,NaN,NaN,NaN,NaN,NaN,NaN,0.72905,9.4929,10.779,22.847,12.136,NaN,18.356,NaN,NaN,18.805,NaN,NaN,5.9253,12.491,10.478,9.2371,NaN,11.228,6.211,8.3462,21.538,9.6525,11.237,NaN,13.761,9.1863,NaN,9.91,15.049,NaN,5.9512,13.828,13.732,13.535,7.6935,15.238,8.8312,11.657,16.48,14.021,23.646,8.5091,15.07,17.663,14.481,8.2185,NaN,9.8792
NaN,NaN,NaN,6.3804,NaN,6.0836,0.39004,NaN,8.7647,2.1116,8.4109,2.2146,NaN,4.44,6.4359,8.1637,4.8209,2.4161,2.9928,4.9108,NaN,6.22,3.9082,8.2205,5.5053,7.4397,2.1355,NaN,3.7652,2.5931,5.3635,3.9602,NaN,6.3124,NaN,NaN,NaN,NaN,NaN,8.3113,9.2031,5.5079,3.2304,NaN,NaN,NaN,NaN,NaN,NaN,NaN,NaN,NaN,4.5983,7.6001,5.7491,4.0363,7.0028,NaN,4.0959,NaN,NaN,3.1739,NaN,NaN,0.70503,6.0048,7.1225,1.6256,NaN,2.7277,6.9588,4.8115,8.7337,8.3818,1.2934,NaN,14.182,9.1249,NaN,2.9882,9.6107,NaN,11.774,5.1867,1.6961,7.4897,2.537,1.9639,5.2507,2.7909,5.3616,8.508,9.7203,1.4026,2.3185,4.5644,4.7158,3.5535,NaN,2.5103
NaN,NaN,NaN,1.6469,NaN,2.6633,4.5364,NaN,5.4824,7.8586,3.467,4.3044,NaN,2.1963,3.762,4.623,7.8576,3.9294,4.4269,3.4266,NaN,5.8523,2.6153,7.9148,3.4083,5.6297,2.9358,NaN,4.1271,5.7517,4.8215,3.2327,NaN,0.87724,NaN,NaN,NaN,NaN,NaN,3.4054,7.5492,4.5926,7.7092,NaN,NaN,NaN,NaN,NaN,NaN,NaN,NaN,NaN,0.88479,8.4028,3.0647,2.7512,2.0053,NaN,5.8917,NaN,NaN,4.2834,NaN,NaN,3.067,3.577,0.8407,5.1621,NaN,3.1976,3.594,2.8675,4.6074,7.3562,1.5431,NaN,3.6213,4.2391,NaN,0.69185,6.1104,NaN,5.5294,3.5877,5.6242,5.1814,6.8554,3.4844,2.9114,4.2882,2.5943,7.108,4.9906,4.1649,0.79196,6.231,8.8197,4.732,NaN,8.2554
NaN,NaN,NaN,4.5046,NaN,3.0368,1.401,NaN,4.1967,2.4809,4.6174,3.3805,NaN,5.3765,9.2985,1.8287,3.2996,11.335,3.8153,3.3763,NaN,2.517,6.0346,2.576,6.0939,10.536,6.4266,NaN,5.3119,4.2765,3.6481,3.5841,NaN,1.8019,NaN,NaN,NaN,NaN,NaN,9.0747,11.433,6.0713,10.531,NaN,NaN,NaN,NaN,NaN,NaN,NaN,NaN,NaN,0.34968,15.65,1.724,5.6557,3.2212,NaN,2.6528,NaN,NaN,7.9857,NaN,NaN,3.0964,2.7825,5.3849,2.2254,NaN,4.4014,2.9248,5.132,4.9784,3.4091,1.0364,NaN,5.4236,10.081,NaN,12.668,6.8759,NaN,3.2823,5.8054,4.4121,8.4002,6.2949,2.4437,0.98572,3.6139,5.1725,10.496,4.8274,2.8392,0.8482,7.0801,6.0221,2.8527,NaN,4.6667
NaN,NaN,NaN,1.7831,NaN,2.9051,5.5253,NaN,4.9276,2.7566,0.99433,1.6623,NaN,2.1069,9.0633,1.418,0.82808,5.0518,0.99563,2.4251,NaN,1.8422,3.8588,3.2424,5.3134,2.7614,0.70845,NaN,4.6667,6.5719,1.6017,2.237,NaN,1.8987,NaN,NaN,NaN,NaN,NaN,2.9619,1.5237,3.4276,2.6205,NaN,NaN,NaN,NaN,NaN,NaN,NaN,NaN,NaN,2.4264,3.5997,4.1216,3.0577,5.078,NaN,4.6451,NaN,NaN,3.3293,NaN,NaN,1.9164,4.9148,4.4867,7.0682,NaN,0.76497,2.1838,1.5036,3.3603,1.6605,1.6107,NaN,0.67166,7.5234,NaN,11.06,5.0521,NaN,2.7567,3.7552,3.6403,2.3784,1.7172,1.6083,4.1091,0.89247,0.8069,3.2124,5.5792,3.2851,1.1,2.8003,4.0584,3.4861,NaN,0.99117
NaN,NaN,NaN,2.3443,NaN,5.5406,4.2757,NaN,1.9893,3.5044,1.0648,0.54174,NaN,5.9783,11.898,1.463,1.5035,3.5995,4.1109,5.7308,NaN,2.2505,3.2863,2.667,1.9179,2.7035,4.6188,NaN,1.8951,6.7786,7.4019,1.5899,NaN,2.7991,NaN,NaN,NaN,NaN,NaN,1.8581,1.7535,3.3677,7.5265,NaN,NaN,NaN,NaN,NaN,NaN,NaN,NaN,NaN,6.5017,5.3317,4.7061,1.5217,4.8026,NaN,4.411,NaN,NaN,3.8698,NaN,NaN,4.1896,2.4821,7.3469,8.5539,NaN,4.792,4.9336,10.743,2.2265,2.9513,2.0319,NaN,5.2302,2.1338,NaN,6.1461,2.6254,NaN,2.8176,4.9504,4.228,1.1898,6.2264,1.3453,6.7165,4.8972,4.1957,5.4368,8.8838,2.1368,5.6009,1.5498,3.9495,4.7303,NaN,9.0335
NaN,NaN,NaN,6.0907,NaN,1.3845,4.9139,NaN,1.2189,5.6041,0.6059,5.9899,NaN,2.4502,8.4701,2.1449,4.3294,6.7586,1.5773,3.2515,NaN,2.5891,4.8033,4.4441,5.9136,5.7621,1.7234,NaN,3.9041,6.8994,3.0183,3.694,NaN,1.7151,NaN,NaN,NaN,NaN,NaN,5.1827,5.0952,4.3956,5.0988,NaN,NaN,NaN,NaN,NaN,NaN,NaN,NaN,NaN,2.2611,4.7905,6.701,4.0413,3.3086,NaN,8.7384,NaN,NaN,1.8166,NaN,NaN,3.1994,2.429,7.4578,5.0281,NaN,2.8264,3.8515,13.447,1.2163,3.4617,4.4443,NaN,9.5301,7.5453,NaN,9.2858,4.8079,NaN,0.28831,2.2644,6.8485,3.0948,3.4384,4.2242,4.2108,4.5313,8.9248,4.1158,6.4146,2.7256,7.1559,3.2223,1.8927,4.3462,NaN,4.9911
NaN,NaN,NaN,3.3159,NaN,8.4974,8.0373,NaN,2.8087,7.7051,7.9221,5.5379,NaN,0.46505,3.3068,4.781,3.1215,11.995,1.721,6.5407,NaN,1.6625,2.093,6.749,7.167,4.0945,1.747,NaN,4.5595,3.8075,6.0764,5.8192,NaN,4.4739,NaN,NaN,NaN,NaN,NaN,5.2668,4.3264,6.4379,4.3169,NaN,NaN,NaN,NaN,NaN,NaN,NaN,NaN,NaN,2.176,2.0922,4.9554,1.6082,0.92663,NaN,7.4357,NaN,NaN,5.3997,NaN,NaN,0.79601,3.509,5.5476,0.47189,NaN,6.2352,1.1974,5.8486,2.6321,6.967,8.1219,NaN,6.7829,14.989,NaN,7.607,3.9571,NaN,4.4399,5.7151,14.449,1.6675,4.4724,3.9587,2.6807,4.0565,7.7257,2.8672,7.6502,5.161,7.6492,2.6433,1.8547,3.1584,NaN,0.88515
NaN,NaN,NaN,3.9586,NaN,9.9296,8.7837,NaN,3.8657,7.9094,13.97,3.9091,NaN,2.8613,7.103,7.2443,2.8774,13.076,4.2903,9.5398,NaN,3.5318,3.432,5.3438,9.1279,3.3829,3.5036,NaN,5.2019,4.3555,4.349,6.8073,NaN,5.7221,NaN,NaN,NaN,NaN,NaN,5.0956,7.5262,3.0295,1.7368,NaN,NaN,NaN,NaN,NaN,NaN,NaN,NaN,NaN,5.7032,3.2516,2.3739,4.4772,5.6999,NaN,5.3477,NaN,NaN,2.9345,NaN,NaN,5.811,1.5892,4.0096,7.1244,NaN,10.923,3.229,1.1963,1.739,9.0519,6.4785,NaN,7.9187,7.7317,NaN,7.9589,5.2279,NaN,7.7514,8.8599,8.6833,4.0913,7.0227,5.1717,3.7441,4.511,7.52,4.5088,9.6534,4.6164,4.5903,10.182,6.1623,3.8411,NaN,1.9364
NaN,NaN,NaN,3.5805,NaN,9.277,8.4817,NaN,2.4441,6.0934,7.9616,8.7413,NaN,7.1243,12.489,1.7028,2.7555,9.7903,1.9557,4.831,NaN,6.6842,6.098,6.5581,10.323,1.9387,2.9968,NaN,6.5272,4.6215,3.6672,5.7424,NaN,8.2415,NaN,NaN,NaN,NaN,NaN,6.2816,9.8221,7.6287,2.981,NaN,NaN,NaN,NaN,NaN,NaN,NaN,NaN,NaN,3.1139,3.6121,1.9163,6.352,4.5378,NaN,10.939,NaN,NaN,4.3998,NaN,NaN,8.012,4.3176,4.557,5.9671,NaN,11.661,6.7851,1.7863,6.0062,6.6456,3.7732,NaN,14.547,1.2894,NaN,2.2172,8.0842,NaN,2.4572,3.1584,5.8338,6.291,3.6015,4.0782,2.3144,6.102,7.1753,5.6305,5.9118,3.8685,4.1566,6.1051,7.8667,6.611,NaN,6.8196
NaN,NaN,NaN,3.8588,NaN,13.399,17.441,NaN,10.166,12.105,16.692,10.117,NaN,4.935,2.132,5.3908,9.1551,14.27,8.5332,13.534,NaN,11.377,10.453,16.397,17.038,8.5409,6.8767,NaN,8.8183,5.0122,6.2707,10.151,NaN,5.096,NaN,NaN,NaN,NaN,NaN,12.613,8.6086,10.753,8.4315,NaN,NaN,NaN,NaN,NaN,NaN,NaN,NaN,NaN,6.332,6.6376,11.066,15.31,1.3268,NaN,8.2849,NaN,NaN,11.329,NaN,NaN,7.4243,7.3171,1.2949,6.6737,NaN,7.5461,1.1835,2.7274,11.876,5.6052,7.2556,NaN,7.8678,10.914,NaN,11.187,5.47,NaN,4.7373,16.836,16.067,5.433,13.473,13.535,4.401,10.411,10.412,6.7028,13.19,10.364,10.659,6.4405,13.521,3.9345,NaN,4.2523
NaN,NaN,NaN,3.9696,NaN,6.8991,13.947,NaN,9.7536,9.0744,8.5449,9.7526,NaN,8.8013,7.8896,7.4837,6.7423,5.8847,2.7073,8.8403,NaN,7.4938,7.7041,10.535,11.125,3.3402,1.5508,NaN,7.2002,4.044,6.3743,4.1711,NaN,3.1534,NaN,NaN,NaN,NaN,NaN,11.703,3.298,4.8689,12.556,NaN,NaN,NaN,NaN,NaN,NaN,NaN,NaN,NaN,2.9547,6.2296,9.3825,8.539,7.0851,NaN,5.734,NaN,NaN,11.505,NaN,NaN,4.6117,2.485,7.1165,2.7243,NaN,4.6977,3.1361,9.9668,6.1324,6.4543,5.773,NaN,9.2573,7.69,NaN,3.9246,4.7467,NaN,6.2594,9.8388,15.667,6.8643,14.921,3.9563,5.3619,14.745,5.721,6.1961,8.8391,11.406,11.027,5.3981,5.5298,1.7949,NaN,11.196
NaN,NaN,NaN,5.6624,NaN,10.818,15.482,NaN,12.782,7.2798,16.023,5.4891,NaN,9.3423,1.2206,8.4135,10.727,3.0369,5.4039,8.5736,NaN,9.1463,7.5404,11.209,18.199,7.6248,10.394,NaN,9.999,2.823,5.6961,3.1376,NaN,4.5273,NaN,NaN,NaN,NaN,NaN,11.189,5.7536,6.3987,11.898,NaN,NaN,NaN,NaN,NaN,NaN,NaN,NaN,NaN,5.0116,4.7795,9.2882,21.258,5.961,NaN,10.564,NaN,NaN,12.952,NaN,NaN,4.5214,8.0993,2.7396,2.3568,NaN,8.6219,5.8272,4.1295,18.081,5.5658,6.0768,NaN,13.263,2.2424,NaN,11.352,4.5506,NaN,6.2408,13.392,15.208,11.167,15.187,14.881,1.5064,10.576,8.9756,4.6814,17.392,15.241,11.663,8.3884,12.162,9.9858,NaN,3.7698
NaN,NaN,NaN,7.1918,NaN,14.484,14.131,NaN,3.5869,16.335,21.976,12.743,NaN,17.295,22.655,19.459,16.571,7.4467,3.6466,17.469,NaN,8.0853,15.56,14.835,23.568,14.764,13.709,NaN,23.303,12.569,8.1818,17.251,NaN,16.344,NaN,NaN,NaN,NaN,NaN,20.418,14.521,10.594,4.9816,NaN,NaN,NaN,NaN,NaN,NaN,NaN,NaN,NaN,11.989,17.087,5.5427,26.16,11.268,NaN,24.825,NaN,NaN,26.517,NaN,NaN,2.3484,17.291,7.7994,5.5042,NaN,11.692,5.8178,5.0902,19.443,18.445,10.551,NaN,14.639,14.607,NaN,8.1767,19.193,NaN,4.9314,21.923,13.822,14.371,10.978,14.463,12.036,22.838,18.219,12.273,26.222,8.023,20.952,21.918,21.242,17.919,NaN,15.281
NaN,NaN,NaN,5.6838,NaN,4.316,10.653,NaN,1.42,10.497,11.874,5.3292,NaN,8.8165,14.748,7.0855,7.986,9.0236,2.1521,10.556,NaN,4.7318,8.3368,7.7593,9.6694,13.982,10.423,NaN,10.73,1.0746,4.1142,8.708,NaN,10.711,NaN,NaN,NaN,NaN,NaN,7.5744,6.9091,2.4785,6.9214,NaN,NaN,NaN,NaN,NaN,NaN,NaN,NaN,NaN,8.7558,7.0067,5.5336,14.251,7.244,NaN,12.95,NaN,NaN,6.2299,NaN,NaN,1.7539,7.1249,4.8069,1.9182,NaN,5.2818,7.8593,4.342,9.6119,5.3658,4.5592,NaN,11.193,7.9543,NaN,5.2858,6.2694,NaN,5.615,9.4011,8.5104,10.607,10.866,14.006,7.971,7.7077,3.9172,7.4893,14.183,7.3793,15.103,17.773,12.012,19.082,NaN,3.3433
NaN,NaN,NaN,4.1794,NaN,10.028,4.9394,NaN,1.278,2.0001,1.6608,2.9768,NaN,7.0699,11.631,6.0367,3.5349,12.08,4.5708,1.6318,NaN,1.5274,0.39929,4.0139,16.209,3.359,5.999,NaN,4.6322,6.469,6.9367,2.5718,NaN,4.8564,NaN,NaN,NaN,NaN,NaN,0.23855,7.1722,6.7635,8.7939,NaN,NaN,NaN,NaN,NaN,NaN,NaN,NaN,NaN,4.46,10.198,4.2399,6.5848,4.7229,NaN,5.2217,NaN,NaN,8.2513,NaN,NaN,3.8435,10.349,1.265,8.1885,NaN,5.7114,7.3349,7.892,5.1712,8.7079,3.2842,NaN,5.8616,3.2573,NaN,3.0673,10.065,NaN,8.9727,7.5732,2.932,2.1996,9.2684,3.1248,7.5342,7.1055,5.7782,3.3916,5.0705,5.3996,3.4592,9.9391,1.2245,5.1469,NaN,10.708
NaN,NaN,NaN,2.2432,NaN,7.0047,1.1674,NaN,1.2316,2.1133,3.0603,4.7421,NaN,6.2619,14.116,1.8696,1.5781,8.1103,4.3156,5.1953,NaN,3.3413,1.1185,2.1875,10.379,0.96929,4.2793,NaN,4.0133,7.438,9.297,1.0362,NaN,5.4762,NaN,NaN,NaN,NaN,NaN,2.8383,6.2997,4.2367,7.1588,NaN,NaN,NaN,NaN,NaN,NaN,NaN,NaN,NaN,6.0481,12.316,4.8416,6.2503,2.2347,NaN,3.8688,NaN,NaN,7.0626,NaN,NaN,3.7362,4.0569,3.5089,9.2211,NaN,4.4531,3.4019,6.3909,4.8661,5.2241,0.65559,NaN,1.7233,3.6698,NaN,2.3171,8.796,NaN,4.9562,6.2117,1.0016,4.7489,8.0452,2.0169,5.3896,3.7874,1.3632,7.4355,9.0989,2.7728,4.2278,5.0979,3.8867,5.8421,NaN,7.4824
NaN,NaN,NaN,3.5829,NaN,4.3492,4.8441,NaN,4.2361,3.9198,2.1161,5.1519,NaN,2.9681,5.2524,2.757,1.1022,4.3138,1.5148,1.2803,NaN,4.312,3.1562,7.1454,3.7763,8.0522,3.1541,NaN,9.6662,7.0098,3.8367,3.7071,NaN,1.4392,NaN,NaN,NaN,NaN,NaN,3.2969,6.2715,4.4269,2.2139,NaN,NaN,NaN,NaN,NaN,NaN,NaN,NaN,NaN,3.6587,9.02,6.4481,2.7191,9.3532,NaN,3.1319,NaN,NaN,4,NaN,NaN,2.2058,4.4249,7.0223,10.297,NaN,4.5448,1.5954,7.7744,3.0205,0.48056,2.1386,NaN,1.0138,4.4296,NaN,4.0959,11.758,NaN,0.51554,5.6715,1.48,7.5725,5.1577,3.7811,4.4892,3.6171,3.5997,8.5092,1.4257,2.3615,2.3811,5.1679,2.6889,3.0163,NaN,4.0827
NaN,NaN,NaN,6.5361,NaN,1.0205,3.737,NaN,4.7699,4.6295,6.7665,2.7617,NaN,5.9118,10.077,0.5882,2.1542,2.6256,8.0798,2.5326,NaN,5.4916,6.0088,0.29147,2.528,5.5784,2.0182,NaN,2.2664,1.3052,5.2538,1.8407,NaN,7.4031,NaN,NaN,NaN,NaN,NaN,6.7283,5.6836,3.4679,2.0669,NaN,NaN,NaN,NaN,NaN,NaN,NaN,NaN,NaN,1.6443,2.1826,4.9138,3.7336,9.4703,NaN,8.2985,NaN,NaN,1.2064,NaN,NaN,1.7599,7.767,3.7185,4.5551,NaN,2.0983,7.2579,5.0083,3.2938,4.1721,4.2209,NaN,4.8417,3.8593,NaN,4.6038,4.2696,NaN,2.9687,3.9126,5.841,0.73265,3.0226,4.7218,3.9707,1.2817,2.8446,5.2072,10.211,0.99687,0.7411,7.4505,3.3705,2.5139,NaN,3.8795
NaN,NaN,NaN,6.2812,NaN,2.7573,0.13556,NaN,0.90684,0.78899,6.2378,1.5171,NaN,4.7456,3.6999,2.2835,1.4961,3.3227,5.9009,2.0752,NaN,5.6654,5.4228,5.3897,2.1506,3.1775,0.86257,NaN,3.3812,3.394,1.8823,1.6952,NaN,4.8496,NaN,NaN,NaN,NaN,NaN,5.7003,6.9231,2.7607,4.5713,NaN,NaN,NaN,NaN,NaN,NaN,NaN,NaN,NaN,3.8057,2.2975,3.0188,1.2811,6.8849,NaN,8.0946,NaN,NaN,3.4727,NaN,NaN,1.484,6.7853,2.1214,5.6732,NaN,2.2624,3.3648,1.813,2.538,6.1297,5.45,NaN,4.324,3.808,NaN,2.5455,6.5876,NaN,2.6311,3.5309,3.778,1.7736,6.8265,3.8068,2.067,2.3029,1.8253,9.6667,6.102,5.0945,4.4025,3.4814,1.7551,1.7293,NaN,1.6748
NaN,NaN,NaN,4.5949,NaN,1.8416,2.5001,NaN,3.7817,1.2906,0.94589,2.5376,NaN,0.53425,16.337,1.0356,5.9103,6.969,0.82877,1.8108,NaN,3.5376,4.3284,6.4266,0.85153,5.6742,4.5856,NaN,4.9536,2.0288,1.7928,1.4455,NaN,5.7126,NaN,NaN,NaN,NaN,NaN,6.5371,5.6717,1.2404,3.8782,NaN,NaN,NaN,NaN,NaN,NaN,NaN,NaN,NaN,4.8458,3.0146,4.4957,5.5927,4.4939,NaN,4.1315,NaN,NaN,2.1748,NaN,NaN,2.9491,2.5714,1.4474,0.9758,NaN,6.6413,1.6559,3.1236,5.8012,4.7289,3.4876,NaN,0.82834,2.9651,NaN,4.659,2.9723,NaN,6.4182,5.8653,2.3212,1.9366,6.2296,1.5318,1.1416,0.44897,6.645,10.588,2.5937,6.7394,3.7039,3.1935,3.1841,2.4604,NaN,0.69313
NaN,NaN,NaN,8.4775,NaN,2.176,2.74,NaN,1.3725,4.4885,7.1136,2.0202,NaN,2.3851,4.4679,3.4047,2.8353,5.2278,4.6234,1.3831,NaN,4.4902,3.5145,5.0909,4.3261,6.1925,1.9593,NaN,2.433,3.9826,4.6236,2.8716,NaN,6.3371,NaN,NaN,NaN,NaN,NaN,4.4356,2.9815,5.2577,5.7911,NaN,NaN,NaN,NaN,NaN,NaN,NaN,NaN,NaN,2.1416,0.57237,1.3564,1.9148,3.8811,NaN,7.802,NaN,NaN,2.2555,NaN,NaN,2.9815,6.7912,1.6353,7.9476,NaN,2.2482,5.5546,1.6766,4.6099,6.4691,2.261,NaN,6.6802,1.5448,NaN,2.8617,4.0747,NaN,3.2834,4.1086,1.9522,5.2532,8.724,3.3984,4.3957,0.52413,4.823,4.8033,5.01,6.5701,2.9718,2.5494,3.2728,1.46,NaN,4.8258
NaN,NaN,NaN,7.2007,NaN,1.7344,2.3394,NaN,8.6575,3.3656,6.1613,4.1412,NaN,2.654,15.585,6.3794,1.4446,5.5856,6.3825,2.6906,NaN,1.7594,2.6978,2.9179,3.8116,8.6423,5.5317,NaN,2.0974,1.3277,8.6483,4.5343,NaN,8.8026,NaN,NaN,NaN,NaN,NaN,2.371,4.6488,6.443,3.6782,NaN,NaN,NaN,NaN,NaN,NaN,NaN,NaN,NaN,2.7729,1.0175,3.6385,6.2186,6.1622,NaN,9.0765,NaN,NaN,2.2503,NaN,NaN,2.8418,5.4097,3.5162,7.6473,NaN,5.3852,7.2482,6.7846,3.4812,5.3786,4.559,NaN,6.7022,2.8558,NaN,2.1319,3.0426,NaN,2.5679,4.3848,3.2284,3.1208,7.8387,4.0942,7.1917,5.4389,3.4647,1.0402,7.1937,0.66064,3.5773,5.3985,2.7641,1.9411,NaN,2.7447
NaN,NaN,NaN,5.3223,NaN,6.0691,2.7755,NaN,7.9563,5.6184,5.3521,1.9122,NaN,1.8615,15.731,9.7083,2.7686,7.8689,4.4954,7.2657,NaN,1.6615,2.3818,2.8022,5.0111,6.1628,7.5935,NaN,0.76908,0.68241,7.4003,1.8643,NaN,6.9199,NaN,NaN,NaN,NaN,NaN,0.44757,4.1386,10.416,8.661,NaN,NaN,NaN,NaN,NaN,NaN,NaN,NaN,NaN,2.7488,2.0186,3.2187,6.7127,4.0564,NaN,5.2813,NaN,NaN,1.8179,NaN,NaN,6.656,5.1714,2.5981,6.9727,NaN,12.091,4.5582,2.3194,2.6215,1.3557,0.67474,NaN,10.342,1.2937,NaN,1.289,2.0232,NaN,2.29,4.5311,3.7751,6.8497,9.7185,3.3518,8.1143,5.3582,8.2844,2.4191,2.6102,2.3073,6.6838,1.1153,1.1883,3.8335,NaN,4.0327
NaN,NaN,NaN,7.2038,NaN,5.3135,3.0263,NaN,2.7684,5.5302,4.3777,4.4048,NaN,3.8995,11.431,6.4436,3.0057,5.8899,2.2401,4.7563,NaN,6.4171,2.6037,2.0604,5.8155,5.1804,7.5865,NaN,4.2115,2.0173,7.3559,0.41601,NaN,4.2116,NaN,NaN,NaN,NaN,NaN,3.5828,2.7493,10.441,3.8666,NaN,NaN,NaN,NaN,NaN,NaN,NaN,NaN,NaN,2.9791,1.7283,3.5104,4.2459,4.2462,NaN,4.4262,NaN,NaN,2.2483,NaN,NaN,4.8873,3.6591,3.7108,8.5105,NaN,4.5433,2.1317,3.0526,4.722,1.402,2.4771,NaN,5.7686,1.3662,NaN,3.5541,0.65546,NaN,1.9631,3.8527,4.2729,7.3878,8.6131,1.8894,8.6986,1.8908,5.984,3.3123,6.1998,3.3417,2.9081,2.2182,2.4859,3.7662,NaN,4.2446
NaN,NaN,NaN,10.644,NaN,6.1303,2.9951,NaN,4.3325,4.3735,4.0428,4.8803,NaN,3.2543,14.171,5.0697,3.1562,3.2307,2.553,1.7591,NaN,4.1138,1.5859,2.0843,4.5498,4.7112,2.1976,NaN,5.5729,3.9136,1.3305,2.0515,NaN,6.7133,NaN,NaN,NaN,NaN,NaN,5.8253,2.3912,5.4437,4.9672,NaN,NaN,NaN,NaN,NaN,NaN,NaN,NaN,NaN,3.2043,2.5398,4.0231,1.3143,1.4629,NaN,2.962,NaN,NaN,2.4616,NaN,NaN,2.6399,3.8382,3.2445,6.4165,NaN,4.2724,1.1422,2.8339,6.7441,1.3688,4.5486,NaN,7.336,0.40288,NaN,2.9337,3.2237,NaN,7.3899,1.4673,5.066,6.6108,6.9476,1.6026,4.4764,6.1281,9.7569,1.1721,5.154,5.3577,2.8852,1.7479,1.8373,1.2513,NaN,7.0575
NaN,NaN,NaN,12.129,NaN,4.9195,1.965,NaN,5.4542,3.3701,2.8165,4.0382,NaN,5.07,20.146,1.971,6.5536,5.5388,2.9227,4.3977,NaN,3.3054,2.9134,1.7526,5.6888,6.062,4.2697,NaN,4.8174,2.7656,3.7215,3.1792,NaN,5.3368,NaN,NaN,NaN,NaN,NaN,6.4814,4.5714,2.0831,5.4299,NaN,NaN,NaN,NaN,NaN,NaN,NaN,NaN,NaN,6.8421,0.54489,3.5611,3.7723,6.6617,NaN,1.8052,NaN,NaN,1.1906,NaN,NaN,1.4545,4.7744,4.4421,2.2941,NaN,6.0363,3.1706,4.1681,8.1057,2.0524,5.888,NaN,8.1295,0.96379,NaN,4.3709,5.1793,NaN,8.8848,7.4147,2.7025,3.1225,5.1185,1.0341,4.2835,7.5556,13.992,4.9709,2.6514,4.1528,4.1976,3.5325,2.9006,4.0413,NaN,4.1543
NaN,NaN,NaN,5.2575,NaN,3.9418,3.1889,NaN,6.0636,2.9082,2.8506,2.2711,NaN,1.5851,12.888,1.697,7.7628,9.8948,4.1096,4.6731,NaN,4.224,3.701,2.8212,4.2244,10.23,6.5232,NaN,4.8493,1.4224,6.244,1.1709,NaN,4.0576,NaN,NaN,NaN,NaN,NaN,8.003,3.6281,1.8464,3.4877,NaN,NaN,NaN,NaN,NaN,NaN,NaN,NaN,NaN,4.778,3.1743,2.8049,6.0967,8.4162,NaN,4.9251,NaN,NaN,2.1984,NaN,NaN,3.0501,1.8013,2.0118,4.5653,NaN,8.2264,1.0787,7.8053,6.3617,1.3304,5.8434,NaN,5.8754,2.1447,NaN,1.4827,3.5407,NaN,8.1457,6.5633,1.863,0.79476,2.8982,2.5491,2.182,3.8414,8.0252,5.4899,4.0298,2.0682,2.4477,4.8335,4.4676,5.4713,NaN,1.8937
NaN,NaN,NaN,3.3004,NaN,5.6782,1.1503,NaN,5.1775,3.6228,3.0444,2.7775,NaN,2.8709,3.1969,3.4961,4.8381,4.9438,2.2008,3.9428,NaN,1.8788,3.9651,1.8606,5.7771,9.3318,4.2603,NaN,2.3966,4.0265,6.5805,1.8681,NaN,2.6181,NaN,NaN,NaN,NaN,NaN,5.9225,3.6581,1.996,4.1505,NaN,NaN,NaN,NaN,NaN,NaN,NaN,NaN,NaN,0.48874,2.1596,3.1845,2.7524,4.8095,NaN,5.5789,NaN,NaN,3.0299,NaN,NaN,3.6555,3.0728,1.2466,4.0766,NaN,0.83253,1.5278,6.1271,3.5477,2.65,2.4959,NaN,2.1546,8.7486,NaN,4.4849,3.6395,NaN,2.9754,1.3765,1.4846,2.1925,3.3811,5.2112,0.94085,4.05,6.6796,4.4638,4.0311,0.84223,3.8337,1.7092,3.871,4.7855,NaN,3.08
NaN,NaN,NaN,5.6762,NaN,4.7277,2.4462,NaN,6.138,2.3212,2.2556,1.779,NaN,4.2024,8.4594,5.0456,3.824,1.0311,3.0348,3.9566,NaN,4.9539,5.0845,1.9099,3.7916,0.51874,1.2745,NaN,3.2202,2.0727,5.3689,3.8554,NaN,4.3747,NaN,NaN,NaN,NaN,NaN,3.6055,5.5968,3.1961,5.5956,NaN,NaN,NaN,NaN,NaN,NaN,NaN,NaN,NaN,4.153,2.8162,2.8764,3.0537,5.1782,NaN,3.7097,NaN,NaN,3.5112,NaN,NaN,0.99457,5.1409,2.1534,2.3334,NaN,5.6102,4.5596,1.4143,2.9526,5.2783,2.2153,NaN,1.6828,4.161,NaN,7.5607,4.1956,NaN,2.8408,4.9502,0.64244,6.8562,3.5852,3.7917,5.1693,5.3335,12.386,2.539,1.4696,1.1339,6.6145,3.3892,4.3015,2.9633,NaN,2.2901
NaN,NaN,NaN,11.24,NaN,4.9738,2.2962,NaN,7.163,0.67426,2.1362,5.1064,NaN,3.1817,10.962,3.6696,2.36,1.2887,1.5807,0.8436,NaN,3.4436,1.0567,0.92148,1.6521,2.5217,2.0402,NaN,3.1705,3.6874,2.0771,1.2363,NaN,3.6096,NaN,NaN,NaN,NaN,NaN,1.3142,2.8901,1.9122,2.2109,NaN,NaN,NaN,NaN,NaN,NaN,NaN,NaN,NaN,2.7393,1.4619,2.513,3.0149,1.339,NaN,4.3461,NaN,NaN,0.8967,NaN,NaN,1.6897,1.6745,0.72973,4.9167,NaN,4.3244,1.0889,2.3791,3.6109,3.381,4.2615,NaN,2.5747,3.6712,NaN,1.4327,3.1977,NaN,5.4571,1.843,2.2818,3.9195,2.1288,1.6752,0.37217,3.1841,4.0288,2.1939,1.7045,2.9869,3.5528,1.5015,2.7686,3.5479,NaN,4.8652
NaN,NaN,NaN,2.2332,NaN,5.794,2.8988,NaN,2.4888,2.6458,0.97365,6.5812,NaN,0.87165,5.9467,5.0846,1.2777,1.8697,3.0257,4.8616,NaN,2.7672,2.1672,1.9589,3.9467,4.0728,4.1184,NaN,6.0664,0.5147,6.0172,3.5533,NaN,3.859,NaN,NaN,NaN,NaN,NaN,3.3045,2.8493,4.6474,1.7423,NaN,NaN,NaN,NaN,NaN,NaN,NaN,NaN,NaN,3.547,2.3098,2.5778,1.446,4.9986,NaN,5.2166,NaN,NaN,3.0267,NaN,NaN,2.4135,3.8898,2.3464,6.8998,NaN,7.217,3.0491,6.4306,2.4301,4.0006,5.8665,NaN,4.009,6.0666,NaN,5.343,1.9926,NaN,0.42705,2.3953,1.493,7.3544,6.063,0.53509,5.2537,5.686,8.7441,2.7286,4.9946,7.0148,2.4605,1.6617,1.1519,6.3113,NaN,5.2673
NaN,NaN,NaN,9.7469,NaN,9.6483,5.9228,NaN,2.0881,3.234,3.2615,6.0123,NaN,2.8444,10.274,7.3988,5.0837,8.0402,3.6138,10.096,NaN,3.2697,2.0848,2.4575,3.4868,7.6508,5.4182,NaN,4.263,5.208,7.8978,0.72596,NaN,9.1909,NaN,NaN,NaN,NaN,NaN,5.8724,3.2847,8.033,5.2039,NaN,NaN,NaN,NaN,NaN,NaN,NaN,NaN,NaN,2.6996,2.1602,3.2501,2.1111,4.7689,NaN,1.8045,NaN,NaN,4.944,NaN,NaN,4.9734,7.6669,1.4321,5.6667,NaN,11.692,3.2624,3.4531,4.7729,3.264,3.4092,NaN,13.446,5.2086,NaN,2.3651,3.5634,NaN,8.0248,4.5363,1.2616,8.8829,8.0223,1.8187,5.2935,3.6224,8.6849,0.20953,6.4361,8.4208,3.663,2.3271,1.4795,7.1249,NaN,2.0382
NaN,NaN,NaN,3.6219,NaN,7.532,6.6208,NaN,2.9379,5.0003,3.9196,1.4846,NaN,1.088,3.1923,4.8214,3.7045,2.3091,2.1301,2.9734,NaN,2.7868,5.155,3.5748,4.1905,10.405,4.0445,NaN,9.7818,10.829,2.5449,0.81216,NaN,5.462,NaN,NaN,NaN,NaN,NaN,4.8596,6.8194,5.158,3.0671,NaN,NaN,NaN,NaN,NaN,NaN,NaN,NaN,NaN,3.1018,2.4119,8.1795,2.2558,9.4559,NaN,2.709,NaN,NaN,6.4391,NaN,NaN,5.8283,2.5402,7.4815,7.5954,NaN,5.0609,3.303,9.0431,2.9221,4.9435,3.2965,NaN,7.278,8.4369,NaN,5.55,11.347,NaN,6.2964,7.0423,3.64,6.1687,4.4235,3.6765,1.8252,2.6277,3.4707,6.3131,4.6383,7.5366,2.5318,6.5252,3.7587,5.3441,NaN,3.7725
NaN,NaN,NaN,3.6628,NaN,4.0442,4.3581,NaN,1.496,1.8023,2.4227,2.9733,NaN,1.6247,4.3837,1.815,2.4834,2.561,4.1993,1.5439,NaN,4.4891,0.93389,2.4804,2.1661,3.6518,3.507,NaN,2.1258,3.8014,1.252,5.0799,NaN,2.2832,NaN,NaN,NaN,NaN,NaN,2.4541,5.0492,2.8539,3.4127,NaN,NaN,NaN,NaN,NaN,NaN,NaN,NaN,NaN,3.055,1.9139,4.5096,2.3567,5.0346,NaN,2.2938,NaN,NaN,0.56023,NaN,NaN,2.1397,1.2015,2.2519,2.0493,NaN,4.2466,1.3808,6.8592,1.367,3.3968,5.8312,NaN,1.8467,6.6598,NaN,4.828,5.033,NaN,1.9908,1.3419,2.9729,4.7057,3.851,3.7308,2.2592,7.5168,5.7549,3.3231,4.207,2.64,1.2297,2.6402,2.4725,1.7994,NaN,4.0878
NaN,NaN,NaN,4.5194,NaN,0.49892,1.7482,NaN,1.4039,3.3141,2.4674,1.2032,NaN,2.677,7.0329,4.8674,1.1613,1.5092,2.8664,2.1417,NaN,4.4068,0.92442,0.59534,2.1181,2.4289,2.1389,NaN,4.7238,3.4711,3.3225,3.7092,NaN,2.7278,NaN,NaN,NaN,NaN,NaN,4.0791,1.7711,2.4647,0.60153,NaN,NaN,NaN,NaN,NaN,NaN,NaN,NaN,NaN,1.3618,2.3122,1.2437,3.5093,2.5124,NaN,3.5178,NaN,NaN,0.52991,NaN,NaN,1.5849,2.067,2.5022,3.6303,NaN,4.7583,0.7995,1.5856,1.4678,3.1789,2.5263,NaN,5.2935,3.0199,NaN,3.6217,1.6767,NaN,1.9626,1.7524,1.8387,4.5463,4.6347,4.6468,2.3804,2.6694,1.5696,5.9421,0.60878,0.49574,2.561,0.73057,5.1121,1.4271,NaN,1.667
NaN,NaN,NaN,4.4163,NaN,3.1554,3.4606,NaN,2.3175,6.4185,2.2506,3.1522,NaN,1.5856,4.1815,7.1275,2.3436,5.5583,6.4363,2.8123,NaN,9.3879,6.8974,3.1141,3.6797,1.8185,5.6951,NaN,9.2654,3.7452,6.0522,3.3636,NaN,4.9843,NaN,NaN,NaN,NaN,NaN,0.90025,2.4462,2.311,2.9139,NaN,NaN,NaN,NaN,NaN,NaN,NaN,NaN,NaN,1.7897,1.8455,5.0816,3.8875,4.1746,NaN,3.5872,NaN,NaN,3.0439,NaN,NaN,1.3798,4.736,4.3657,5.2168,NaN,10.585,5.691,1.4168,2.4344,9.3734,0.93301,NaN,8.5252,4.8286,NaN,10.467,1.9925,NaN,5.5812,1.9317,2.3392,8.9086,10.311,6.1124,1.8786,2.4702,2.7449,9.0226,2.2315,1.8667,7.1268,3.7939,4.509,2.4935,NaN,4.4816
NaN,NaN,NaN,6.8011,NaN,14.037,12.609,NaN,3.1898,9.3592,14.688,8.3684,NaN,9.0336,18.317,16.249,13.593,4.1049,5.0131,13.839,NaN,5.4153,14.774,8.4058,12.86,12.796,4.5348,NaN,12.3,8.7417,6.7048,11.638,NaN,11.208,NaN,NaN,NaN,NaN,NaN,12.493,7.6848,4.1206,3.0676,NaN,NaN,NaN,NaN,NaN,NaN,NaN,NaN,NaN,10.776,16.413,5.2233,9.4661,5.0924,NaN,10.411,NaN,NaN,15.043,NaN,NaN,5.9588,11.824,7.4486,4.9678,NaN,6.3957,3.4425,7.9621,6.4067,20.247,7.5531,NaN,9.7492,5.1072,NaN,3.8311,10.46,NaN,3.2216,20.368,7.2582,8.8808,13.24,3.2025,6.9455,14.378,11.224,5.2867,8.6889,7.9965,17.391,13.992,10.069,8.9689,NaN,6.6884
NaN,NaN,NaN,7.0362,NaN,4.2982,5.2519,NaN,3.0535,1.6822,1.911,1.576,NaN,3.3041,2.704,6.3768,5.0773,3.8773,2.9139,5.9342,NaN,3.5551,1.9735,4.0584,3.3144,2.912,0.48772,NaN,3.6872,8.3991,4.2011,1.8621,NaN,4.0511,NaN,NaN,NaN,NaN,NaN,5.2075,4.8182,2.5263,1.7538,NaN,NaN,NaN,NaN,NaN,NaN,NaN,NaN,NaN,1.9076,6.0213,0.94281,1.8142,2.9988,NaN,10.809,NaN,NaN,6.2803,NaN,NaN,2.4437,3.057,3.3575,5.6276,NaN,5.695,4.8822,3.272,1.5032,8.0686,2.2373,NaN,4.6874,11.989,NaN,5.2149,4.8594,NaN,6.5374,1.3858,3.8655,6.9376,2.8257,3.5625,4.8591,3.975,3.2218,9.2246,6.4767,2.9892,8.7032,3.9917,3.0492,5.7859,NaN,3.5634
NaN,NaN,NaN,1.1173,NaN,1.8363,2.691,NaN,1.5674,1.0619,0.99064,4.4636,NaN,2.3865,2.6469,4.6169,4.4833,2.3202,3.4123,1.6868,NaN,5.2511,0.97437,1.0076,3.6195,2.4788,1.3431,NaN,2.5259,4.5766,3.685,2.1899,NaN,2.8887,NaN,NaN,NaN,NaN,NaN,2.2945,3.9783,3.9807,3.7081,NaN,NaN,NaN,NaN,NaN,NaN,NaN,NaN,NaN,2.4856,1.5553,2.9589,3.4569,3.3833,NaN,1.7718,NaN,NaN,1.5252,NaN,NaN,2.4057,2.629,2.9844,4.4845,NaN,5.7446,2.229,2.5724,3.0639,1.7088,2.3014,NaN,4.5384,2.0198,NaN,2.8542,2.8301,NaN,5.0099,2.893,3.0144,5.8882,6.4783,3.676,1.8418,0.23443,2.0813,7.3481,3.7676,3.0418,4.694,2.2289,0.9558,0.30982,NaN,5.2006
NaN,NaN,NaN,1.5403,NaN,2.1147,2.8526,NaN,3.6929,1.0543,2.4494,5.2061,NaN,1.9137,1.3923,3.1332,3.0913,5.3364,1.459,3.1016,NaN,3.1754,2.9942,2.422,2.5623,3.1479,2.0417,NaN,3.6418,2.6932,2.5462,2.472,NaN,2.2617,NaN,NaN,NaN,NaN,NaN,2.735,2.3947,2.5498,2.8901,NaN,NaN,NaN,NaN,NaN,NaN,NaN,NaN,NaN,0.26326,4.4905,1.0299,4.7351,4.7104,NaN,2.1211,NaN,NaN,0.85889,NaN,NaN,3.472,0.90695,3.3664,3.5963,NaN,3.4658,4.5435,2.9092,1.224,2.3647,3.1061,NaN,4.5822,4.3599,NaN,2.3545,3.1037,NaN,3.5954,3.169,1.9003,2.9473,1.821,2.2054,0.52198,2.1123,1.5704,4.0967,3.1001,1.8707,1.5404,2.331,4.164,3.0056,NaN,4.8617
NaN,NaN,NaN,2.8354,NaN,1.5932,6.526,NaN,1.9907,4.7039,4.4359,4.326,NaN,3.3485,5.0424,0.98983,1.9672,8.2998,4.1379,4.5118,NaN,2.4635,3.3857,5.9581,3.7943,5.9035,4.4506,NaN,7.7677,3.4693,0.88152,3.2488,NaN,2.4225,NaN,NaN,NaN,NaN,NaN,2.1134,4.3152,3.7518,3.5438,NaN,NaN,NaN,NaN,NaN,NaN,NaN,NaN,NaN,3.875,7.1733,3.2553,6.7533,2.6811,NaN,1.5248,NaN,NaN,1.276,NaN,NaN,2.0142,1.1261,2.6033,2.6,NaN,5.9367,2.6863,9.2649,5.7855,1.3905,6.3747,NaN,2.0372,1.1457,NaN,5.6037,4.7831,NaN,6.105,1.6664,1.6911,8.4967,4.814,3.7682,1.096,5.8901,4.346,7.6885,4.7598,1.3811,1.8395,4.3697,3.9184,1.5184,NaN,0.43378
NaN,NaN,NaN,1.9669,NaN,3.1017,2.3866,NaN,3.2045,4.1037,3.652,1.9692,NaN,8.2767,11.072,3.0129,0.43246,5.8783,3.5066,4.8422,NaN,1.7625,1.9377,0.92322,10.309,0.35915,2.7271,NaN,2.9492,7.6086,6.3266,0.92999,NaN,5.0057,NaN,NaN,NaN,NaN,NaN,3.5058,5.6545,5.2404,2.7973,NaN,NaN,NaN,NaN,NaN,NaN,NaN,NaN,NaN,2.8667,10.035,2.3425,11.091,2.3873,NaN,2.3938,NaN,NaN,6.5876,NaN,NaN,4.0426,3.2695,2.2295,3.557,NaN,2.441,0.54605,6.7325,6.8651,3.1986,2.7505,NaN,3.3609,2.9113,NaN,3.3141,6.5304,NaN,5.5073,4.1603,2.7793,7.5676,6.658,3.6956,2.0778,3.8918,0.9785,4.0693,6.4284,2.7437,6.1379,6.1837,4.0635,4.2496,NaN,1.6149
NaN,NaN,NaN,4.8354,NaN,1.3606,1.5462,NaN,4.3805,7.816,4.6089,1.6043,NaN,9.0501,5.0366,3.5934,2.0207,2.5888,2.7498,2.3217,NaN,2.5394,3.6852,0.38574,2.9159,3.0117,1.1817,NaN,0.69576,2.4054,0.8617,3.1551,NaN,1.6962,NaN,NaN,NaN,NaN,NaN,0.9721,2.9526,3.1839,1.9399,NaN,NaN,NaN,NaN,NaN,NaN,NaN,NaN,NaN,2.0323,5.2485,2.1867,10.414,3.66,NaN,5.694,NaN,NaN,4.1042,NaN,NaN,5.0095,3.2239,1.4435,4.8629,NaN,1.8365,3.8652,1.9062,5.7957,0.61598,3.5758,NaN,3.4325,4.7661,NaN,1.5399,1.093,NaN,1.6132,1.1604,6.2967,2.4136,1.5372,5.6187,1.9556,0.82099,2.106,2.1559,3.0223,4.544,4.5028,3.5895,2.9173,1.7616,NaN,2.4567
NaN,NaN,NaN,8.9622,NaN,2.1862,5.8018,NaN,4.5527,9.6941,3.3213,4.0551,NaN,5.5833,7.2743,5.5847,3.0328,3.952,1.8385,4.6769,NaN,2.5812,5.7809,1.8207,3.3919,4.607,2.0532,NaN,3.8281,10.539,3.5039,5.0691,NaN,6.5248,NaN,NaN,NaN,NaN,NaN,3.289,6.6516,5.3823,4.3796,NaN,NaN,NaN,NaN,NaN,NaN,NaN,NaN,NaN,2.7715,1.766,3.1115,4.6464,4.2601,NaN,5.9298,NaN,NaN,2.9361,NaN,NaN,6.0944,1.139,2.0792,2.0496,NaN,3.4717,3.1913,5.915,3.1206,5.4085,2.8481,NaN,2.3682,6.1132,NaN,3.7516,3.5691,NaN,1.3502,5.2338,5.2795,5.841,3.0389,4.5966,2.7189,1.5068,5.2328,7.9579,3.1458,4.8656,2.5584,5.287,7.2092,5.3584,NaN,1.1064
NaN,NaN,NaN,12.018,NaN,1.6692,6.9781,NaN,4.7693,9.6584,0.86813,4.8766,NaN,3.1145,6.4942,7.9706,6.136,7.214,1.0526,10,NaN,4.4364,2.2764,4.1244,9.1555,4.9303,4.4871,NaN,6.3354,17.494,1.1303,4.4475,NaN,7.2551,NaN,NaN,NaN,NaN,NaN,1.3632,7.2191,2.8669,2.407,NaN,NaN,NaN,NaN,NaN,NaN,NaN,NaN,NaN,1.4894,6.3021,5.7469,5.5511,3.1285,NaN,11.241,NaN,NaN,7.093,NaN,NaN,5.8986,4.5831,4.3105,5.0219,NaN,5.1451,1.2265,10.128,1.7887,11.661,5.8398,NaN,4.0507,7.7845,NaN,7.7819,3.3226,NaN,2.2275,7.7429,11.574,10.106,2.1004,4.787,4.271,3.8158,6.1702,13.856,9.6651,2.4388,4.1114,10.001,8.1963,13.009,NaN,5.0788
NaN,NaN,NaN,8.3321,NaN,5.7688,5.806,NaN,3.3868,10.029,6.9249,2.7369,NaN,9.8563,9.2435,6.3127,4.5818,6.5657,2.8235,10.05,NaN,7.9054,2.3524,8.3666,9.4789,5.5621,9.7067,NaN,8.8927,10.623,4.8781,8.0747,NaN,6.442,NaN,NaN,NaN,NaN,NaN,6.2172,5.1151,3.1206,6.0126,NaN,NaN,NaN,NaN,NaN,NaN,NaN,NaN,NaN,5.9475,2.2468,4.7449,11.032,3.4692,NaN,11.123,NaN,NaN,10.617,NaN,NaN,7.1433,6.085,9.9298,4.8882,NaN,4.9017,8.1235,8.4995,3.3106,8.9181,7.7871,NaN,5.8619,10.1,NaN,6.1642,5.9522,NaN,7.6034,2.8764,12.072,3.5535,3.5323,11.611,2.6823,8.7694,6.0599,9.1493,14.413,1.8717,6.8265,7.5312,8.6368,7.2081,NaN,7.9354
NaN,NaN,NaN,5.6788,NaN,4.3657,5.057,NaN,9.3143,7.7158,3.1068,1.1604,NaN,6.1568,3.9856,1.1955,4.7869,7.8145,2.4023,3.153,NaN,2.3571,4.3929,2.7201,9.305,4.5037,3.6115,NaN,4.5314,6.615,3.9706,3.5579,NaN,3.7768,NaN,NaN,NaN,NaN,NaN,4.5128,5.8674,1.8472,4.942,NaN,NaN,NaN,NaN,NaN,NaN,NaN,NaN,NaN,2.8343,8.9369,1.0355,12.762,4.9085,NaN,13.07,NaN,NaN,6.318,NaN,NaN,7.8552,1.5025,7.2352,5.491,NaN,5.6981,4.801,8.0348,6.2316,2.0494,7.5585,NaN,2.2777,2.626,NaN,4.0482,2.788,NaN,5.7206,6.8781,10.9,4.1766,4.9642,8.1671,2.2947,6.7787,5.2914,10.268,11.109,2.7632,5.5859,6.2085,11.259,9.6756,NaN,4.6507
NaN,NaN,NaN,7.1986,NaN,3.8502,2.739,NaN,5.231,3.8178,5.4125,1.8512,NaN,9.2087,4.9443,1.4413,7.6138,8.4803,2.3903,4.1039,NaN,3.8239,4.9347,2.66,9.0908,5.0391,3.4655,NaN,4.1022,5.4085,4.7211,0.75009,NaN,3.0852,NaN,NaN,NaN,NaN,NaN,3.2826,5.6026,3.1462,5.0984,NaN,NaN,NaN,NaN,NaN,NaN,NaN,NaN,NaN,3.4463,3.517,6.2732,12.851,4.4884,NaN,12.644,NaN,NaN,2.9313,NaN,NaN,3.1374,6.9186,2.1041,4.4833,NaN,3.6023,5.8903,2.8233,8.3901,5.7681,3.9954,NaN,3.2893,1.8424,NaN,8.159,7.0737,NaN,6.5958,4.7582,4.9218,3.4581,3.6399,5.1218,4.0478,3.2825,7.3468,1.5487,9.2435,2.6438,6.3727,5.7775,3.6959,4.1478,NaN,1.8737
NaN,NaN,NaN,9.837,NaN,7.4163,7.9985,NaN,6.8024,4.7168,9.5464,5.816,NaN,2.3151,11.973,8.3247,12.67,5.9702,2.7823,9.8545,NaN,4.5796,12.034,3.0465,1.9986,14.635,4.9778,NaN,2.1108,2.3382,6.0506,4.5529,NaN,7.7919,NaN,NaN,NaN,NaN,NaN,7.8531,1.0403,3.0198,8.4477,NaN,NaN,NaN,NaN,NaN,NaN,NaN,NaN,NaN,8.4414,11.411,9.9394,7.3788,9.0429,NaN,9.9004,NaN,NaN,3.8193,NaN,NaN,3.8663,2.3801,5.7428,5.7744,NaN,1.5671,6.5777,2.0704,5.311,7.5269,6.7615,NaN,6.7667,4.1326,NaN,7.3867,6.7726,NaN,8.1742,5.5304,1.2852,5.4726,15.303,3.5776,3.1074,3.1163,3.4477,5.2449,4.8583,3.8007,14.019,11.882,3.1422,6.7789,NaN,3.0397
