NaN,4.01,7.1946,NaN,NaN,4.8012,5.1487,0.48037,3.1638,12.282,NaN,NaN,NaN,4.437,9.0799,NaN,NaN,NaN,6.4246,NaN,NaN,4.7223,1.8277,1.8302,NaN,NaN,NaN,3.1972,NaN,0.34603,6.3602,3.7968,NaN,5.9599,2.2594,30.461,0.37662,3.7638,NaN,NaN,3.7474,1.3396,6.5204,NaN,NaN,1.667,NaN,NaN,0.79397,9.5646,3.3717,NaN,NaN,NaN,NaN,NaN,NaN,36.671,NaN,NaN,NaN,NaN,NaN,NaN,2.0991,NaN,NaN,13.892,NaN,1.7051,4.3693,1.8275,15.365,NaN,9.6049,NaN,NaN,NaN,5.2809,NaN,2.9329,1.7517,NaN,4.5596,NaN,2.1674,NaN,NaN,4.5296,NaN,NaN,NaN,NaN,5.9726,NaN,NaN,1.9064,5.3728,NaN,2.0802
NaN,8.2162,4.23,NaN,NaN,8.3008,6.9558,4.0993,1.5591,13.148,NaN,NaN,NaN,3.0526,3.5304,NaN,NaN,NaN,5.435,NaN,NaN,1.6869,3.0571,4.8916,NaN,NaN,NaN,0.44581,NaN,2.8264,6.358,0.79774,NaN,9.8752,2.3659,22.739,7.7485,5.0914,NaN,NaN,1.7944,1.3749,7.4462,NaN,NaN,2.1891,NaN,NaN,1.3683,14.778,5.2353,NaN,NaN,NaN,NaN,NaN,NaN,10.257,NaN,NaN,NaN,NaN,NaN,NaN,2.1693,NaN,NaN,6.3762,NaN,1.6245,2.1522,2.3644,11.16,NaN,10.859,NaN,NaN,NaN,2.9346,NaN,0.40405,4.3415,NaN,6.9479,NaN,7.5264,NaN,NaN,5.8918,NaN,NaN,NaN,NaN,5.1628,NaN,NaN,1.59,2.5654,NaN,5.3726
NaN,2.3145,3.0929,NaN,NaN,3.6708,4.0685,1.2418,3.9174,18.351,NaN,NaN,NaN,3.2475,9.4597,NaN,NaN,NaN,7.6675,NaN,NaN,0.79883,1.1597,2.0621,NaN,NaN,NaN,5.4045,NaN,2.5295,5.6294,6.9258,NaN,7.0628,3.1799,25.779,7.0712,6.0514,NaN,NaN,1.7846,1.2916,5.7123,NaN,NaN,2.4093,NaN,NaN,1.3779,6.279,1.0115,NaN,NaN,NaN,NaN,NaN,NaN,4.8298,NaN,NaN,NaN,NaN,NaN,NaN,1.821,NaN,NaN,6.054,NaN,3.5737,1.0724,8.0177,13.14,NaN,6.3852,NaN,NaN,NaN,4.8916,NaN,1.9951,1.8626,NaN,8.2438,NaN,6.2264,NaN,NaN,12.492,NaN,NaN,NaN,NaN,6.4761,NaN,NaN,1.7565,4.3464,NaN,8.321
NaN,2.3986,5.6491,NaN,NaN,11.924,2.0133,3.5142,5.5967,3.7863,NaN,NaN,NaN,2.1242,1.9957,NaN,NaN,NaN,11.423,NaN,NaN,1.4167,3.2698,5.6111,NaN,NaN,NaN,2.0119,NaN,2.8478,9.0813,3.7572,NaN,6.8405,3.1188,2.382,4.2343,2.8718,NaN,NaN,2.5519,5.8886,5.2218,NaN,NaN,15.489,NaN,NaN,0.26692,3.1461,4.3883,NaN,NaN,NaN,NaN,NaN,NaN,10.503,NaN,NaN,NaN,NaN,NaN,NaN,7.5329,NaN,NaN,4.0341,NaN,21.319,1.0865,3.9505,6.3728,NaN,4.2977,NaN,NaN,NaN,33.711,NaN,2.8277,0.77582,NaN,3.2779,NaN,0.73955,NaN,NaN,6.4585,NaN,NaN,NaN,NaN,8.5241,NaN,NaN,6.2825,8.0739,NaN,6.2247
NaN,5.4783,3.1029,NaN,NaN,3.9142,4.0334,4.4745,0.87772,7.6806,NaN,NaN,NaN,3.464,5.0737,NaN,NaN,NaN,6.1752,NaN,NaN,5.486,3.0415,5.3534,NaN,NaN,NaN,0.28908,NaN,3.759,1.7945,6.6508,NaN,6.6065,3.046,8.4922,8.075,7.4799,NaN,NaN,0.58627,2.0004,10.338,NaN,NaN,3.5688,NaN,NaN,0.80146,6.3982,1.8722,NaN,NaN,NaN,NaN,NaN,NaN,6.5601,NaN,NaN,NaN,NaN,NaN,NaN,4.8898,NaN,NaN,5.6132,NaN,6.3769,2.3665,6.0874,10.363,NaN,5.2182,NaN,NaN,NaN,11.85,NaN,6.8075,0.99134,NaN,3.7233,NaN,2.0668,NaN,NaN,8.5452,NaN,NaN,NaN,NaN,8.9692,NaN,NaN,1.1464,3.0012,NaN,9.1971
NaN,8.8419,1.5607,NaN,NaN,6.3808,8.1266,14.21,2.7654,5.4212,NaN,NaN,NaN,2.6723,1.3131,NaN,NaN,NaN,4.7347,NaN,NaN,3.8888,6.2197,2.4796,NaN,NaN,NaN,1.5742,NaN,1.8018,4.5567,0.96279,NaN,5.5444,2.6991,6.2116,14.094,5.9995,NaN,NaN,2.4858,0.60859,10.225,NaN,NaN,2.6778,NaN,NaN,2.8847,7.0073,4.3492,NaN,NaN,NaN,NaN,NaN,NaN,11.425,NaN,NaN,NaN,NaN,NaN,NaN,2.5246,NaN,NaN,2.7556,NaN,1.5247,1.6543,6.0307,6.6776,NaN,5.3766,NaN,NaN,NaN,3.5263,NaN,2.3564,4.1356,NaN,2.3594,NaN,3.3983,NaN,NaN,2.8404,NaN,NaN,NaN,NaN,2.9048,NaN,NaN,0.5949,2.5656,NaN,3.0536
NaN,6.7529,4.3435,NaN,NaN,7.2565,11.583,6.7579,3.7166,2.162,NaN,NaN,NaN,1.8068,2.4668,NaN,NaN,NaN,6.4102,NaN,NaN,2.6399,6.8274,0.74283,NaN,NaN,NaN,4.7567,NaN,2.0883,4.1955,1.0782,NaN,1.7437,2.9161,5.0724,7.3074,5.4019,NaN,NaN,3.5155,2.0046,17.911,NaN,NaN,8.6326,NaN,NaN,3.439,11.235,6.7799,NaN,NaN,NaN,NaN,NaN,NaN,12,NaN,NaN,NaN,NaN,NaN,NaN,2.5842,NaN,NaN,3.5501,NaN,4.8209,0.84013,7.0691,3.12,NaN,8.5238,NaN,NaN,NaN,2.9967,NaN,1.4202,2.8398,NaN,1.9407,NaN,2.1033,NaN,NaN,5.6867,NaN,NaN,NaN,NaN,3.7281,NaN,NaN,2.8517,5.398,NaN,0.7092
NaN,3.4806,17.425,NaN,NaN,4.4142,3.4221,9.6862,7.6907,5.4528,NaN,NaN,NaN,7.8781,4.5097,NaN,NaN,NaN,4.3662,NaN,NaN,2.0856,4.7071,2.9864,NaN,NaN,NaN,7.1713,NaN,9.8814,3.6724,1.7627,NaN,32.366,0.41627,9.157,2.5821,0.89571,NaN,NaN,4.7701,1.3973,1.5065,NaN,NaN,8.822,NaN,NaN,4.0164,7.2555,0.65651,NaN,NaN,NaN,NaN,NaN,NaN,9.1681,NaN,NaN,NaN,NaN,NaN,NaN,6.1412,NaN,NaN,8.3582,NaN,1.8755,9.0512,3.1467,5.0456,NaN,6.7978,NaN,NaN,NaN,13.196,NaN,11.331,2.0708,NaN,4.4237,NaN,6.0338,NaN,NaN,1.9819,NaN,NaN,NaN,NaN,4.388,NaN,NaN,1.5549,5.2956,NaN,7.6754
NaN,3.5886,0.99775,NaN,NaN,10.912,5.4345,13.736,3.7942,4.48,NaN,NaN,NaN,3.3486,1.3722,NaN,NaN,NaN,6.6865,NaN,NaN,3.6012,6.1785,2.3414,NaN,NaN,NaN,3.7223,NaN,2.567,5.8582,2.0683,NaN,5.2796,3.4354,9.3922,11.587,3.7449,NaN,NaN,0.73014,2.6885,15.613,NaN,NaN,3.8841,NaN,NaN,5.8059,4.7833,3.7099,NaN,NaN,NaN,NaN,NaN,NaN,4.7504,NaN,NaN,NaN,NaN,NaN,NaN,2.806,NaN,NaN,11.158,NaN,1.1887,4.5034,3.3219,3.2661,NaN,4.2929,NaN,NaN,NaN,6.4823,NaN,1.1674,1.2456,NaN,0.9666,NaN,3.3274,NaN,NaN,0.81896,NaN,NaN,NaN,NaN,2.0745,NaN,NaN,2.1136,3.0099,NaN,2.9521
NaN,1.4651,4.6138,NaN,NaN,1.2186,2.3824,1.2499,4.4906,10.137,NaN,NaN,NaN,7.3144,2.6316,NaN,NaN,NaN,4.9816,NaN,NaN,5.0973,9.4905,8.6511,NaN,NaN,NaN,5.0698,NaN,2.0313,0.81812,7.2881,NaN,16.316,4.8222,4.3541,6.9179,1.5322,NaN,NaN,2.8134,5.4074,5.8538,NaN,NaN,8.9571,NaN,NaN,1.8146,3.299,5.5639,NaN,NaN,NaN,NaN,NaN,NaN,1.0075,NaN,NaN,NaN,NaN,NaN,NaN,4.6451,NaN,NaN,3.0407,NaN,7.0533,5.5894,8.6828,1.981,NaN,2.6333,NaN,NaN,NaN,7.3797,NaN,6.6231,5.6937,NaN,3.0032,NaN,5.2953,NaN,NaN,5.7805,NaN,NaN,NaN,NaN,5.6479,NaN,NaN,4.1554,8.0376,NaN,9.2489
NaN,0.82851,8.3001,NaN,NaN,6.0239,2.2324,2.7726,2.8775,3.0014,NaN,NaN,NaN,4.0442,0.82002,NaN,NaN,NaN,6.4084,NaN,NaN,1.839,8.8508,4.0869,NaN,NaN,NaN,5.8544,NaN,4.588,4.3869,3.5239,NaN,5.4781,2.3234,1.2868,12.511,10.732,NaN,NaN,0.66411,6.3954,4.7642,NaN,NaN,8.2768,NaN,NaN,3.7141,4.032,4.6675,NaN,NaN,NaN,NaN,NaN,NaN,3.3313,NaN,NaN,NaN,NaN,NaN,NaN,8.6216,NaN,NaN,2.2527,NaN,4.5698,9.5589,5.866,2.7857,NaN,3.9059,NaN,NaN,NaN,10.274,NaN,0.98349,5.9332,NaN,4.7819,NaN,0.80079,NaN,NaN,3.8313,NaN,NaN,NaN,NaN,6.9037,NaN,NaN,8.9803,10.472,NaN,9.2169
NaN,1.5592,3.1428,NaN,NaN,2.4656,11.337,7.0571,2.5987,0.68437,NaN,NaN,NaN,5.1385,3.9948,NaN,NaN,NaN,2.2033,NaN,NaN,1.7413,7.2077,6.5586,NaN,NaN,NaN,4.5321,NaN,12.572,1.6942,9.7242,NaN,4.9784,2.9406,2.7636,5.7816,2.6656,NaN,NaN,12.533,5.041,4.7335,NaN,NaN,4.9702,NaN,NaN,3.1549,8.8148,1.3196,NaN,NaN,NaN,NaN,NaN,NaN,3.9204,NaN,NaN,NaN,NaN,NaN,NaN,6.3842,NaN,NaN,3.3722,NaN,2.0271,2.8636,2.9563,2.6178,NaN,20.307,NaN,NaN,NaN,5.1374,NaN,1.4935,6.2656,NaN,4.9616,NaN,0.68523,NaN,NaN,0.367,NaN,NaN,NaN,NaN,2.9063,NaN,NaN,7.7194,11.871,NaN,4.6778
NaN,0.73914,3.2909,NaN,NaN,8.4677,9.1146,3.0393,2.2499,5.6993,NaN,NaN,NaN,11.826,0.17504,NaN,NaN,NaN,1.3069,NaN,NaN,1.1249,2.3429,26.578,NaN,NaN,NaN,1.8114,NaN,7.0869,3.6612,0.8459,NaN,9.4854,3.0001,12.153,7.8109,7.7064,NaN,NaN,4.3433,3.8825,5.6101,NaN,NaN,6.715,NaN,NaN,1.4239,1.2523,6.503,NaN,NaN,NaN,NaN,NaN,NaN,3.1716,NaN,NaN,NaN,NaN,NaN,NaN,5.1367,NaN,NaN,1.0748,NaN,4.5229,7.2681,4.7604,5.6321,NaN,9.2552,NaN,NaN,NaN,5.7104,NaN,3.7725,13.372,NaN,3.3204,NaN,1.8981,NaN,NaN,1.8671,NaN,NaN,NaN,NaN,3.8276,NaN,NaN,7.9905,7.9019,NaN,2.447
NaN,4.2819,1.7493,NaN,NaN,0.86435,11.198,3.5995,2.8591,3.7051,NaN,NaN,NaN,4.9414,9.219,NaN,NaN,NaN,2.5271,NaN,NaN,3.6939,7.0831,4.0405,NaN,NaN,NaN,4.1994,NaN,1.5826,3.0431,7.0211,NaN,1.6817,4.1303,12.18,6.0339,5.3177,NaN,NaN,4.7403,3.4201,1.5791,NaN,NaN,7.7361,NaN,NaN,1.7702,6.4615,2.2342,NaN,NaN,NaN,NaN,NaN,NaN,1.333,NaN,NaN,NaN,NaN,NaN,NaN,3.2757,NaN,NaN,7.8817,NaN,4.4399,1.7771,2.5607,4.2829,NaN,1.2718,NaN,NaN,NaN,4.8741,NaN,1.0324,2.5671,NaN,3.0763,NaN,1.442,NaN,NaN,0.98672,NaN,NaN,NaN,NaN,6.6087,NaN,NaN,3.7537,1.5485,NaN,3.1157
NaN,8.2921,6.0812,NaN,NaN,23.276,18.68,19.169,23.268,13.389,NaN,NaN,NaN,16.859,5.6955,NaN,NaN,NaN,14.101,NaN,NaN,38.699,12.532,19.49,NaN,NaN,NaN,19.238,NaN,27.016,25.184,17.042,NaN,14.733,17.262,7.369,27.529,14.107,NaN,NaN,12.054,20.174,10.896,NaN,NaN,19.097,NaN,NaN,14.458,8.4615,9.633,NaN,NaN,NaN,NaN,NaN,NaN,17.335,NaN,NaN,NaN,NaN,NaN,NaN,19.896,NaN,NaN,5.9606,NaN,19.139,18.935,13.093,52.067,NaN,14.205,NaN,NaN,NaN,32.132,NaN,11.967,12.39,NaN,11.612,NaN,8.5454,NaN,NaN,10.445,NaN,NaN,NaN,NaN,20.461,NaN,NaN,10.705,24.535,NaN,10.728
NaN,1.1717,2.5563,NaN,NaN,6.9854,2.5666,2.5975,4.3533,2.1275,NaN,NaN,NaN,4.8207,1.6299,NaN,NaN,NaN,2.0535,NaN,NaN,2.3687,6.1685,7.9487,NaN,NaN,NaN,4.4811,NaN,8.6194,2.1108,3.9046,NaN,5.0336,0.98106,12.24,3.2883,1.5654,NaN,NaN,3.6078,1.9308,2.4759,NaN,NaN,8.0437,NaN,NaN,3.204,11.969,2.2795,NaN,NaN,NaN,NaN,NaN,NaN,7.7749,NaN,NaN,NaN,NaN,NaN,NaN,4.4932,NaN,NaN,2.7245,NaN,8.7871,5.6624,5.6157,1.0052,NaN,3.4759,NaN,NaN,NaN,9.6958,NaN,2.3394,0.76938,NaN,5.8156,NaN,2.2414,NaN,NaN,5.7053,NaN,NaN,NaN,NaN,1.876,NaN,NaN,5.4279,8.0804,NaN,2.637
NaN,6.6918,4.1745,NaN,NaN,1.4384,5.2143,4.2129,7.2977,4.448,NaN,NaN,NaN,7.9433,10.23,NaN,NaN,NaN,1.6496,NaN,NaN,4.1224,6.5783,0.81049,NaN,NaN,NaN,6.7472,NaN,1.3297,0.5599,4.5843,NaN,4.5307,2.7466,19.443,3.3412,3.9934,NaN,NaN,6.1785,0.75029,2.6861,NaN,NaN,4.5486,NaN,NaN,7.4101,7.5024,2.3469,NaN,NaN,NaN,NaN,NaN,NaN,6.806,NaN,NaN,NaN,NaN,NaN,NaN,5.8146,NaN,NaN,5.1156,NaN,11.607,2.6563,2.4974,0.84856,NaN,3.6672,NaN,NaN,NaN,3.192,NaN,3.6945,1.9607,NaN,10.881,NaN,5.7231,NaN,NaN,1.7887,NaN,NaN,NaN,NaN,2.8546,NaN,NaN,4.8511,5.7208,NaN,2.7063
NaN,1.2312,2.4532,NaN,NaN,12.755,10.7,6.3041,4.1281,8.9589,NaN,NaN,NaN,5.793,1.014,NaN,NaN,NaN,12.843,NaN,NaN,7.4943,6.7351,1.8646,NaN,NaN,NaN,7.9546,NaN,9.9958,1.3827,13.46,NaN,8.3949,2.1875,6.4628,5.8888,14.856,NaN,NaN,4.3554,2.285,1.9222,NaN,NaN,1.3648,NaN,NaN,4.4214,0.39038,1.2846,NaN,NaN,NaN,NaN,NaN,NaN,2.0052,NaN,NaN,NaN,NaN,NaN,NaN,7.0669,NaN,NaN,0.67409,NaN,6.2511,4.6251,3.4614,1.0874,NaN,6.7607,NaN,NaN,NaN,2.0937,NaN,4.984,2.112,NaN,4.6142,NaN,5.304,NaN,NaN,1.2451,NaN,NaN,NaN,NaN,6.358,NaN,NaN,8.8291,6.233,NaN,1.0356
NaN,5.8185,5.0943,NaN,NaN,1.633,7.5969,5.7658,5.274,1.3178,NaN,NaN,NaN,5.5858,0.44753,NaN,NaN,NaN,8.3238,NaN,NaN,17.218,5.6777,3.197,NaN,NaN,NaN,3.2014,NaN,8.4543,4.7415,4.9831,NaN,5.9218,7.1889,5.0318,5.0701,8.2573,NaN,NaN,7.7948,2.8393,3.4355,NaN,NaN,3.3374,NaN,NaN,2.2108,2.3932,1.5483,NaN,NaN,NaN,NaN,NaN,NaN,5.4914,NaN,NaN,NaN,NaN,NaN,NaN,5.6993,NaN,NaN,11.524,NaN,0.99061,5.8268,4.4506,1.5537,NaN,6.345,NaN,NaN,NaN,2.9078,NaN,6.2352,8.7355,NaN,3.7675,NaN,6.2572,NaN,NaN,1.4535,NaN,NaN,NaN,NaN,6.1774,NaN,NaN,6.8058,7.4055,NaN,2.5348
NaN,11.261,4.1276,NaN,NaN,5.7338,10.867,8.7804,15.979,6.2879,NaN,NaN,NaN,6.9463,3.8366,NaN,NaN,NaN,11.688,NaN,NaN,12.948,24.707,5.8813,NaN,NaN,NaN,7.8592,NaN,23.438,16.34,12.748,NaN,4.389,8.0263,10.543,17.152,7.0071,NaN,NaN,5.5044,14.444,7.5888,NaN,NaN,9.0092,NaN,NaN,8.4266,5.0038,2.039,NaN,NaN,NaN,NaN,NaN,NaN,7.0839,NaN,NaN,NaN,NaN,NaN,NaN,10.026,NaN,NaN,8.5131,NaN,6.7651,7.8241,8.2808,5.9051,NaN,10.845,NaN,NaN,NaN,9.6029,NaN,10.987,12.55,NaN,5.3604,NaN,7.3694,NaN,NaN,6.0488,NaN,NaN,NaN,NaN,8.7236,NaN,NaN,25.46,11.407,NaN,12.563
NaN,6.5589,8.4273,NaN,NaN,17.353,12.432,21.225,12.205,7.8306,NaN,NaN,NaN,9.933,6.7075,NaN,NaN,NaN,16.496,NaN,NaN,11.363,28.214,6.7257,NaN,NaN,NaN,8.3456,NaN,14.989,8.374,14.323,NaN,8.3069,16.099,14.142,14.277,10.504,NaN,NaN,4.6514,12.738,6.6131,NaN,NaN,6.8036,NaN,NaN,8.4385,7.08,1.0548,NaN,NaN,NaN,NaN,NaN,NaN,5.5329,NaN,NaN,NaN,NaN,NaN,NaN,8.3454,NaN,NaN,3.9051,NaN,6.164,8.4299,5.9775,3.3736,NaN,7.0137,NaN,NaN,NaN,7.4025,NaN,11.233,12.507,NaN,5.1516,NaN,9.237,NaN,NaN,20.482,NaN,NaN,NaN,NaN,5.6558,NaN,NaN,19.043,7.1591,NaN,6.8701
NaN,4.963,37.098,NaN,NaN,5.9132,9.4476,12.927,10.486,6.4872,NaN,NaN,NaN,14.47,10.822,NaN,NaN,NaN,9.114,NaN,NaN,7.968,26.016,16.196,NaN,NaN,NaN,11.438,NaN,8.5878,5.7877,19.101,NaN,22.354,4.4471,8.09,13.098,9.4219,NaN,NaN,6.8394,10.383,6.73,NaN,NaN,11.111,NaN,NaN,19.839,22.889,4.3987,NaN,NaN,NaN,NaN,NaN,NaN,4.7492,NaN,NaN,NaN,NaN,NaN,NaN,14.464,NaN,NaN,14.204,NaN,7.8554,13.84,9.0647,6.227,NaN,5.015,NaN,NaN,NaN,8.9147,NaN,9.7537,19.363,NaN,5.8847,NaN,6.0076,NaN,NaN,12.473,NaN,NaN,NaN,NaN,7.1643,NaN,NaN,8.0737,5.7229,NaN,2.6072
NaN,1.9333,5.1418,NaN,NaN,4.5747,13.234,2.2707,5.5904,4.1756,NaN,NaN,NaN,6.9008,6.2821,NaN,NaN,NaN,7.2904,NaN,NaN,8.1665,8.4249,13.717,NaN,NaN,NaN,12.116,NaN,3.1011,7.4673,8.6902,NaN,6.6067,1.573,5.3599,5.4098,5.5612,NaN,NaN,4.4544,4.3823,4.3249,NaN,NaN,10.091,NaN,NaN,7.9927,11.91,2.1285,NaN,NaN,NaN,NaN,NaN,NaN,9.9425,NaN,NaN,NaN,NaN,NaN,NaN,5.6094,NaN,NaN,6.2281,NaN,11.263,5.4913,10.307,3.9231,NaN,4.6137,NaN,NaN,NaN,13.953,NaN,4.5432,5.0671,NaN,6.6733,NaN,1.0113,NaN,NaN,6.9383,NaN,NaN,NaN,NaN,11.428,NaN,NaN,2.4195,9.4682,NaN,2.3025
NaN,3.1218,4.5717,NaN,NaN,9.4037,17.282,8.9389,5.1791,3.2689,NaN,NaN,NaN,9.3225,6.381,NaN,NaN,NaN,5.1096,NaN,NaN,10.295,7.3405,13.612,NaN,NaN,NaN,5.875,NaN,3.7985,20.233,7.6382,NaN,10.569,2.87,2.6578,3.76,3.2054,NaN,NaN,5.1094,3.3806,3.1376,NaN,NaN,6.2967,NaN,NaN,3.1579,6.7216,2.5425,NaN,NaN,NaN,NaN,NaN,NaN,23.308,NaN,NaN,NaN,NaN,NaN,NaN,4.9877,NaN,NaN,8.4332,NaN,5.9663,7.0223,6.5255,7.0938,NaN,10.019,NaN,NaN,NaN,32.569,NaN,8.4488,4.1371,NaN,7.6045,NaN,7.4678,NaN,NaN,6.1269,NaN,NaN,NaN,NaN,33.158,NaN,NaN,8.0916,7.808,NaN,2.3635
NaN,1.6598,13.288,NaN,NaN,7.8319,5.6983,4.3704,3.7359,2.1956,NaN,NaN,NaN,4.5299,5.074,NaN,NaN,NaN,1.7681,NaN,NaN,7.0335,6.4239,10.789,NaN,NaN,NaN,7.9532,NaN,4.3515,3.9879,3.0339,NaN,1.6789,2.3615,4.0722,5.3228,4.29,NaN,NaN,3.3218,4.7931,4.1831,NaN,NaN,5.6519,NaN,NaN,7.5204,17.703,4.3862,NaN,NaN,NaN,NaN,NaN,NaN,3.7491,NaN,NaN,NaN,NaN,NaN,NaN,5.3473,NaN,NaN,8.0331,NaN,11.088,8.5767,10.718,3.4632,NaN,2.5379,NaN,NaN,NaN,12.196,NaN,3.3702,3.4154,NaN,5.274,NaN,3.5393,NaN,NaN,6.298,NaN,NaN,NaN,NaN,5.3297,NaN,NaN,1.5258,2.7795,NaN,5.9928
NaN,3.7795,24.38,NaN,NaN,6.1701,4.2472,7.0519,6.391,4.9327,NaN,NaN,NaN,3.7981,5.1312,NaN,NaN,NaN,6.1931,NaN,NaN,12.422,3.449,27.512,NaN,NaN,NaN,8.879,NaN,10.098,3.6813,2.8994,NaN,7.5888,12.231,5.9607,15.257,5.4198,NaN,NaN,8.5139,14.581,8.7194,NaN,NaN,5.2672,NaN,NaN,6.2939,5.2929,3.2279,NaN,NaN,NaN,NaN,NaN,NaN,3.3987,NaN,NaN,NaN,NaN,NaN,NaN,9.2542,NaN,NaN,10.008,NaN,7.3391,10.168,7.9414,0.55226,NaN,10.025,NaN,NaN,NaN,10.078,NaN,0.78663,15.09,NaN,4.391,NaN,6.9437,NaN,NaN,8.2136,NaN,NaN,NaN,NaN,2.6255,NaN,NaN,8.0611,3.2017,NaN,8.525
NaN,7.8972,1.1871,NaN,NaN,14.521,8.2117,6.8654,28.274,8.5557,NaN,NaN,NaN,12.049,2.4914,NaN,NaN,NaN,11.247,NaN,NaN,10.349,12.532,15.898,NaN,NaN,NaN,8.3737,NaN,8.9024,7.2556,6.6198,NaN,7.5992,8.5441,4.0569,7.5605,18.87,NaN,NaN,11.723,5.3819,5.519,NaN,NaN,10.431,NaN,NaN,9.6456,3.3252,5.0914,NaN,NaN,NaN,NaN,NaN,NaN,9.2826,NaN,NaN,NaN,NaN,NaN,NaN,11.529,NaN,NaN,9.3163,NaN,22.881,2.6159,3.5308,7.0306,NaN,9.5986,NaN,NaN,NaN,28.898,NaN,6.6068,12.584,NaN,9.9441,NaN,6.1412,NaN,NaN,3.23,NaN,NaN,NaN,NaN,10.282,NaN,NaN,3.2162,11.859,NaN,22.942
NaN,16.866,16.183,NaN,NaN,27.22,30.611,22.238,22.745,20.677,NaN,NaN,NaN,25.427,18.371,NaN,NaN,NaN,24.485,NaN,NaN,27.424,11.642,29.377,NaN,NaN,NaN,23.319,NaN,24.646,24.97,21.404,NaN,33.908,35.863,20.853,29.311,24.806,NaN,NaN,16.816,14.313,22.5,NaN,NaN,26.051,NaN,NaN,19.199,11.724,15.068,NaN,NaN,NaN,NaN,NaN,NaN,26.979,NaN,NaN,NaN,NaN,NaN,NaN,22.645,NaN,NaN,20.525,NaN,18.689,19.468,14.907,24.417,NaN,19.727,NaN,NaN,NaN,31.135,NaN,34.964,14.597,NaN,17.906,NaN,12.133,NaN,NaN,26.075,NaN,NaN,NaN,NaN,23.621,NaN,NaN,17.714,29.702,NaN,22.05
NaN,19.202,11.926,NaN,NaN,22.556,16.04,11.254,21.487,17.905,NaN,NaN,NaN,56.507,5.9056,NaN,NaN,NaN,32.301,NaN,NaN,15.008,12.215,48.673,NaN,NaN,NaN,14.518,NaN,18.792,16.588,13.613,NaN,23.307,17.392,11.333,20.466,37.702,NaN,NaN,14.377,10.207,16.679,NaN,NaN,31.546,NaN,NaN,13.652,7.0197,13.483,NaN,NaN,NaN,NaN,NaN,NaN,54.542,NaN,NaN,NaN,NaN,NaN,NaN,20.035,NaN,NaN,17.384,NaN,20.952,12.032,10.356,25.571,NaN,16.86,NaN,NaN,NaN,22.428,NaN,20.172,13.651,NaN,11.041,NaN,11.319,NaN,NaN,21.186,NaN,NaN,NaN,NaN,17.934,NaN,NaN,6.3992,19.359,NaN,21.076
NaN,7.2107,4.7015,NaN,NaN,2.8367,2.7048,4.6728,2.991,0.21718,NaN,NaN,NaN,4.8938,4.4424,NaN,NaN,NaN,3.3821,NaN,NaN,8.9562,14.528,7.3711,NaN,NaN,NaN,2.1464,NaN,8.6333,5.1356,3.273,NaN,4.109,2.3526,4.9019,10.199,7.2362,NaN,NaN,8.1089,5.569,6.5421,NaN,NaN,11.626,NaN,NaN,7.9742,5.5002,1.5914,NaN,NaN,NaN,NaN,NaN,NaN,4.9576,NaN,NaN,NaN,NaN,NaN,NaN,10.213,NaN,NaN,4.9478,NaN,6.7787,2.33,2.725,6.2416,NaN,13.085,NaN,NaN,NaN,15.393,NaN,11.185,7.5051,NaN,2.7135,NaN,8.6218,NaN,NaN,4.9137,NaN,NaN,NaN,NaN,1.4507,NaN,NaN,17.136,7.6673,NaN,6.3513
NaN,13.539,6.831,NaN,NaN,4.0603,10.834,5.8025,10.064,7.7002,NaN,NaN,NaN,5.4995,3.9326,NaN,NaN,NaN,9.4292,NaN,NaN,9.6961,16.592,5.5413,NaN,NaN,NaN,11.616,NaN,28.846,14.65,12.644,NaN,2.438,3.5173,6.5249,17.696,5.6818,NaN,NaN,6.7511,7.1804,10.536,NaN,NaN,13.085,NaN,NaN,12.328,15.553,3.2208,NaN,NaN,NaN,NaN,NaN,NaN,6.362,NaN,NaN,NaN,NaN,NaN,NaN,5.4839,NaN,NaN,15.675,NaN,7.663,9.5416,10.462,4.1766,NaN,34.405,NaN,NaN,NaN,12.434,NaN,17.747,11.929,NaN,6.2509,NaN,5.5795,NaN,NaN,4.7966,NaN,NaN,NaN,NaN,28.065,NaN,NaN,19.563,9.157,NaN,7.4093
NaN,6.3471,8.9708,NaN,NaN,0.37467,5.3148,6.7789,1.2076,3.4351,NaN,NaN,NaN,6.1837,10.214,NaN,NaN,NaN,5.1832,NaN,NaN,6.1691,7.6003,4.7509,NaN,NaN,NaN,8.086,NaN,12.3,5.6917,6.1918,NaN,3.1491,4.368,6.2778,2.0413,4.6159,NaN,NaN,6.9449,5.8209,2.1386,NaN,NaN,3.5031,NaN,NaN,7.7374,16.759,2.3385,NaN,NaN,NaN,NaN,NaN,NaN,7.1328,NaN,NaN,NaN,NaN,NaN,NaN,0.21411,NaN,NaN,7.9601,NaN,1.4635,5.1463,8.6833,4.4013,NaN,6.8052,NaN,NaN,NaN,3.4606,NaN,6.3282,4.8497,NaN,3.56,NaN,4.5293,NaN,NaN,0.88972,NaN,NaN,NaN,NaN,8.3629,NaN,NaN,6.793,6.1351,NaN,3.9693
NaN,5.8272,11.59,NaN,NaN,2.9055,5.3871,0.6259,3.4572,7.7645,NaN,NaN,NaN,3.2818,7.1793,NaN,NaN,NaN,4.4593,NaN,NaN,1.2972,6.3463,10.909,NaN,NaN,NaN,2.8257,NaN,1.2254,7.6977,3.0129,NaN,1.8827,1.6791,13.863,5.9829,4.363,NaN,NaN,5.2424,1.2173,4.0957,NaN,NaN,17.873,NaN,NaN,1.5396,5.7486,2.1302,NaN,NaN,NaN,NaN,NaN,NaN,29.997,NaN,NaN,NaN,NaN,NaN,NaN,2.2362,NaN,NaN,23,NaN,2.772,2.5319,7.5705,18.034,NaN,5.5349,NaN,NaN,NaN,7.5523,NaN,1.6656,1.9845,NaN,1.6534,NaN,1.0421,NaN,NaN,6.5812,NaN,NaN,NaN,NaN,8.3719,NaN,NaN,0.83697,6.0594,NaN,3.7252
NaN,11.565,7.5171,NaN,NaN,3.411,16.254,1.6679,1.7383,8.0697,NaN,NaN,NaN,2.6318,2.79,NaN,NaN,NaN,4.4141,NaN,NaN,2.9521,5.0012,14.159,NaN,NaN,NaN,7.8653,NaN,0.90224,6.7195,6.0601,NaN,2.7438,4.4074,7.8287,3.1249,2.0376,NaN,NaN,4.0997,1.7252,1.8565,NaN,NaN,15.57,NaN,NaN,0.83877,6.2946,2.5885,NaN,NaN,NaN,NaN,NaN,NaN,8.1534,NaN,NaN,NaN,NaN,NaN,NaN,1.5627,NaN,NaN,54.84,NaN,0.76731,6.8004,7.9928,12.493,NaN,4.7207,NaN,NaN,NaN,3.524,NaN,0.6933,2.2283,NaN,4.7301,NaN,3.0028,NaN,NaN,6.5965,NaN,NaN,NaN,NaN,4.3707,NaN,NaN,2.2971,7.1212,NaN,1.386
NaN,10.542,1.2738,NaN,NaN,2.5875,15.656,1.9496,6.081,3.011,NaN,NaN,NaN,1.1588,4.0171,NaN,NaN,NaN,4.1967,NaN,NaN,2.5201,4.8603,5.2391,NaN,NaN,NaN,2.0707,NaN,2.7477,4.5437,7.7643,NaN,3.5833,5.4263,21.82,3.3725,1.0577,NaN,NaN,0.74614,4.1237,2.1559,NaN,NaN,7.6488,NaN,NaN,1.1159,10.204,11.704,NaN,NaN,NaN,NaN,NaN,NaN,35.819,NaN,NaN,NaN,NaN,NaN,NaN,8.4561,NaN,NaN,12.704,NaN,0.73255,1.866,3.8125,15.16,NaN,5.1269,NaN,NaN,NaN,3.2533,NaN,2.4246,1.7491,NaN,4.4694,NaN,2.0081,NaN,NaN,9.5327,NaN,NaN,NaN,NaN,9.0187,NaN,NaN,1.7087,2.1078,NaN,1.5395
NaN,15.285,1.6754,NaN,NaN,3.3108,6.9577,5.9017,1.7813,2.8644,NaN,NaN,NaN,2.6198,2.8605,NaN,NaN,NaN,11.811,NaN,NaN,6.7001,2.6474,9.7984,NaN,NaN,NaN,6.8861,NaN,0.56623,1.1446,12.361,NaN,1.5423,5.9334,6.1541,2.0697,2.9897,NaN,NaN,5.5238,1.5303,2.8457,NaN,NaN,17.211,NaN,NaN,0.88889,4.0787,5.2684,NaN,NaN,NaN,NaN,NaN,NaN,7.894,NaN,NaN,NaN,NaN,NaN,NaN,2.2357,NaN,NaN,35.356,NaN,3.9281,8.9597,11.905,6.0408,NaN,3.3823,NaN,NaN,NaN,5.5701,NaN,7.1175,2.2352,NaN,5.7993,NaN,2.159,NaN,NaN,7.568,NaN,NaN,NaN,NaN,4.785,NaN,NaN,3.1135,5.6242,NaN,1.1439
NaN,1.7445,9.7859,NaN,NaN,8.2359,0.78077,0.92985,1.112,1.3023,NaN,NaN,NaN,2.0368,4.0442,NaN,NaN,NaN,21.225,NaN,NaN,8.2035,1.7916,10.91,NaN,NaN,NaN,7.6883,NaN,1.056,4.3396,5.4759,NaN,1.4654,1.6604,18.082,2.4818,5.9952,NaN,NaN,4.7496,2.4648,9.5462,NaN,NaN,6.1831,NaN,NaN,1.7581,1.4681,2.2502,NaN,NaN,NaN,NaN,NaN,NaN,9.5324,NaN,NaN,NaN,NaN,NaN,NaN,3.696,NaN,NaN,64.375,NaN,6.2949,3.3009,6.7269,11.931,NaN,4.2187,NaN,NaN,NaN,8.1526,NaN,2.0221,2.2385,NaN,1.9536,NaN,1.3483,NaN,NaN,7.5081,NaN,NaN,NaN,NaN,9.1527,NaN,NaN,4.154,6.6981,NaN,2.0765
NaN,4.1734,0.56186,NaN,NaN,24.828,5.203,2.4336,3.3266,7.2476,NaN,NaN,NaN,1.9695,2.0893,NaN,NaN,NaN,19.659,NaN,NaN,1.4649,4.761,7.5388,NaN,NaN,NaN,2.1276,NaN,2.2345,10.781,2.2951,NaN,4.5301,2.5829,0.80702,4.2647,14.759,NaN,NaN,6.2189,3.5185,2.6376,NaN,NaN,4.7224,NaN,NaN,1.9365,4.7652,2.3413,NaN,NaN,NaN,NaN,NaN,NaN,17.012,NaN,NaN,NaN,NaN,NaN,NaN,4.4762,NaN,NaN,2.1703,NaN,10.92,1.3091,4.8038,2.1289,NaN,6.6138,NaN,NaN,NaN,10.195,NaN,2.2282,1.3038,NaN,1.8033,NaN,3.0529,NaN,NaN,6.7571,NaN,NaN,NaN,NaN,3.0097,NaN,NaN,4.5631,14.957,NaN,1.8599
NaN,3.3137,2.9019,NaN,NaN,10.899,12.72,6.791,4.7896,5.0908,NaN,NaN,NaN,4.0773,1.4623,NaN,NaN,NaN,13.743,NaN,NaN,6.9585,3.0082,9.1351,NaN,NaN,NaN,2.2307,NaN,3.1998,5.3164,3.0866,NaN,6.6109,9.5609,5.1069,3.0926,2.4041,NaN,NaN,11.4,1.3128,1.8196,NaN,NaN,10.104,NaN,NaN,2.4287,6.2553,2.2773,NaN,NaN,NaN,NaN,NaN,NaN,16.67,NaN,NaN,NaN,NaN,NaN,NaN,4.5713,NaN,NaN,5.1928,NaN,6.3217,3.552,11.665,6.107,NaN,8.4735,NaN,NaN,NaN,7.1506,NaN,5.8882,2.124,NaN,1.1896,NaN,2.8875,NaN,NaN,10.732,NaN,NaN,NaN,NaN,3.5244,NaN,NaN,6.0798,7.5179,NaN,0.89611
NaN,6.8946,10.281,NaN,NaN,5.2156,11.302,13.563,3.7666,3.714,NaN,NaN,NaN,10.208,1.6507,NaN,NaN,NaN,13.546,NaN,NaN,20.797,4.2663,6.5607,NaN,NaN,NaN,2.5992,NaN,2.9255,2.4411,5.4219,NaN,5.4018,14.198,12.093,6.297,4.8985,NaN,NaN,5.7206,1.685,3.2661,NaN,NaN,5.5193,NaN,NaN,1.6895,4.0754,4.6124,NaN,NaN,NaN,NaN,NaN,NaN,18.25,NaN,NaN,NaN,NaN,NaN,NaN,5.2101,NaN,NaN,3.6133,NaN,5.5074,11.744,16.81,7.6567,NaN,5.2753,NaN,NaN,NaN,6.2881,NaN,7.2012,1.1783,NaN,5.0549,NaN,1.2884,NaN,NaN,2.7357,NaN,NaN,NaN,NaN,5.482,NaN,NaN,4.4025,5.076,NaN,1.4192
NaN,8.2285,15.363,NaN,NaN,1.536,5.0572,5.4743,5.5042,5.2085,NaN,NaN,NaN,10.678,5.4462,NaN,NaN,NaN,6.248,NaN,NaN,3.9968,2.0344,2.1072,NaN,NaN,NaN,5.5126,NaN,5.4586,1.4181,2.9094,NaN,2.1468,13.765,16.273,6.9379,1.4152,NaN,NaN,0.96143,3.9694,3.9467,NaN,NaN,1.149,NaN,NaN,1.5079,2.8254,6.0438,NaN,NaN,NaN,NaN,NaN,NaN,18.248,NaN,NaN,NaN,NaN,NaN,NaN,26.267,NaN,NaN,8.5486,NaN,3.4615,6.0291,13.414,10.907,NaN,5.0358,NaN,NaN,NaN,8.6627,NaN,3.3746,0.51056,NaN,5.0288,NaN,1.2334,NaN,NaN,2.5211,NaN,NaN,NaN,NaN,15.189,NaN,NaN,3.1523,6.95,NaN,4.0544
NaN,2.1787,4.2891,NaN,NaN,4.2324,1.2712,3.0934,7.8137,4.9362,NaN,NaN,NaN,8.4844,13.027,NaN,NaN,NaN,3.3767,NaN,NaN,1.3181,4.6007,5.0819,NaN,NaN,NaN,10.242,NaN,4.9704,6.1965,8.7794,NaN,3.2944,9.1294,10.541,2.4053,3.7843,NaN,NaN,3.667,5.487,5.1124,NaN,NaN,4.1881,NaN,NaN,4.1129,3.4633,5.503,NaN,NaN,NaN,NaN,NaN,NaN,6.7059,NaN,NaN,NaN,NaN,NaN,NaN,8.9689,NaN,NaN,4.321,NaN,0.45351,0.7998,3.4413,28.362,NaN,12.358,NaN,NaN,NaN,2.5749,NaN,2.9873,1.8398,NaN,6.9089,NaN,1.831,NaN,NaN,4.0631,NaN,NaN,NaN,NaN,5.5287,NaN,NaN,6.5923,0.76936,NaN,4.6575
NaN,1.6531,3.351,NaN,NaN,14.119,1.2429,3.0784,8.2811,3.5341,NaN,NaN,NaN,6.7114,7.5922,NaN,NaN,NaN,3.6622,NaN,NaN,1.4437,4.2241,4.9821,NaN,NaN,NaN,8.3432,NaN,3.5062,4.7215,7.9179,NaN,3.3615,10.635,2.6898,4.9903,7.4473,NaN,NaN,4.9736,8.2307,5.0391,NaN,NaN,4.9865,NaN,NaN,4.0838,6.935,6.5922,NaN,NaN,NaN,NaN,NaN,NaN,8.5111,NaN,NaN,NaN,NaN,NaN,NaN,6.9152,NaN,NaN,18.957,NaN,3.8938,2.1204,4.2619,3.9472,NaN,5.8758,NaN,NaN,NaN,4.7753,NaN,4.6988,5.6223,NaN,7.2764,NaN,0.25903,NaN,NaN,2.6249,NaN,NaN,NaN,NaN,15.857,NaN,NaN,6.7456,3.5751,NaN,3.6318
NaN,6.4808,2.6632,NaN,NaN,6.2731,1.5173,2.8847,5.9982,6.7771,NaN,NaN,NaN,10.923,4.4528,NaN,NaN,NaN,8.8656,NaN,NaN,1.007,1.6314,6.3336,NaN,NaN,NaN,3.1346,NaN,11.149,1.9002,0.67335,NaN,2.0272,5.5201,3.5576,4.4548,1.3297,NaN,NaN,2.6043,5.764,5.9398,NaN,NaN,1.6786,NaN,NaN,3.9834,1.2358,4.8446,NaN,NaN,NaN,NaN,NaN,NaN,5.5352,NaN,NaN,NaN,NaN,NaN,NaN,2.1954,NaN,NaN,11.615,NaN,2.9649,1.6745,4.5138,5.1823,NaN,3.3938,NaN,NaN,NaN,2.1486,NaN,8.3801,1.4844,NaN,2.7414,NaN,1.6511,NaN,NaN,1.5005,NaN,NaN,NaN,NaN,2.5314,NaN,NaN,1.5209,6.8401,NaN,2.2227
NaN,7.0259,5.3799,NaN,NaN,8.2309,9.2225,29.05,3.2772,13.16,NaN,NaN,NaN,15.31,6.9512,NaN,NaN,NaN,4.3726,NaN,NaN,5.5457,5.816,2.64,NaN,NaN,NaN,4.418,NaN,6.3117,2.9607,8.4831,NaN,14.692,7.3478,0.88796,17.764,5.3374,NaN,NaN,1.6367,10.014,2.8455,NaN,NaN,4.1016,NaN,NaN,1.7606,5.6276,3.5696,NaN,NaN,NaN,NaN,NaN,NaN,4.2924,NaN,NaN,NaN,NaN,NaN,NaN,6.4363,NaN,NaN,4.0163,NaN,1.7207,7.5811,14.577,1.4717,NaN,2.5794,NaN,NaN,NaN,4.4836,NaN,1.2767,2.0857,NaN,2.6862,NaN,3.2145,NaN,NaN,0.49165,NaN,NaN,NaN,NaN,5.3516,NaN,NaN,2.7599,7.0315,NaN,3.6874
NaN,2.4636,4.5956,NaN,NaN,19.54,15.361,2.83,3.3209,8.2782,NaN,NaN,NaN,3.1878,4.3136,NaN,NaN,NaN,10.014,NaN,NaN,3.4482,11.748,6.8114,NaN,NaN,NaN,2.3124,NaN,4.4272,3.4116,4.7724,NaN,7.7612,8.1704,1.1227,7.2161,2.763,NaN,NaN,7.1735,3.0835,4.0884,NaN,NaN,5.4287,NaN,NaN,3.0239,2.6755,1.6359,NaN,NaN,NaN,NaN,NaN,NaN,6.6843,NaN,NaN,NaN,NaN,NaN,NaN,4.8024,NaN,NaN,0.99836,NaN,1.8157,12.439,4.2037,2.7503,NaN,2.4445,NaN,NaN,NaN,7.5989,NaN,4.9045,3.0817,NaN,9.9241,NaN,6.3421,NaN,NaN,3.3548,NaN,NaN,NaN,NaN,1.5553,NaN,NaN,5.3998,4.4004,NaN,4.0951
NaN,2.1186,2.6667,NaN,NaN,5.6,6.558,3.3909,0.87895,8.7646,NaN,NaN,NaN,14.765,1.4149,NaN,NaN,NaN,6.2289,NaN,NaN,2.7967,5.7086,6.4213,NaN,NaN,NaN,1.499,NaN,4.5594,4.9582,2.3191,NaN,1.9167,3.2835,1.8032,14.538,2.1951,NaN,NaN,6.956,2.3125,2.658,NaN,NaN,6.1643,NaN,NaN,3.297,6.6696,2.1867,NaN,NaN,NaN,NaN,NaN,NaN,5.2738,NaN,NaN,NaN,NaN,NaN,NaN,4.0802,NaN,NaN,2.2251,NaN,3.1519,5.4841,2.8845,5.55,NaN,5.7472,NaN,NaN,NaN,8.9288,NaN,2.5969,4.0321,NaN,12.17,NaN,11.667,NaN,NaN,3.4311,NaN,NaN,NaN,NaN,4.4556,NaN,NaN,4.7592,9.2225,NaN,5.1813
NaN,3.9289,2.5842,NaN,NaN,0.50794,4.4932,10.792,2.8542,5.0389,NaN,NaN,NaN,6.6903,8.6252,NaN,NaN,NaN,1.6755,NaN,NaN,3.8634,7.7556,6.9052,NaN,NaN,NaN,6.5357,NaN,8.4469,2.9968,5.1185,NaN,3.2052,1.4488,4.3571,3.4295,3.721,NaN,NaN,5.8131,2.0773,2.5336,NaN,NaN,3.3509,NaN,NaN,5.9854,15.856,1.5882,NaN,NaN,NaN,NaN,NaN,NaN,1.9265,NaN,NaN,NaN,NaN,NaN,NaN,1.2953,NaN,NaN,3.2237,NaN,2.1375,1.7467,3.8535,1.3453,NaN,8.6091,NaN,NaN,NaN,7.2109,NaN,3.4523,7.0933,NaN,10.941,NaN,3.4538,NaN,NaN,2.5704,NaN,NaN,NaN,NaN,7.4536,NaN,NaN,5.2208,8.205,NaN,1.7653
NaN,18.615,4.0893,NaN,NaN,6.1569,1.4044,4.6478,7.1227,4.677,NaN,NaN,NaN,3.6835,14.518,NaN,NaN,NaN,4.197,NaN,NaN,2.258,8.2585,5.0524,NaN,NaN,NaN,3.8963,NaN,2.1584,5.6312,2.6619,NaN,7.7552,8.5457,0.85342,2.537,8.6587,NaN,NaN,2.2,4.2932,3.98,NaN,NaN,4.8051,NaN,NaN,3.6166,8.4239,2.2029,NaN,NaN,NaN,NaN,NaN,NaN,1.6824,NaN,NaN,NaN,NaN,NaN,NaN,3.3259,NaN,NaN,2.2049,NaN,1.7146,3.8355,1.9999,0.82644,NaN,2.6937,NaN,NaN,NaN,4.9777,NaN,4.8541,7.8341,NaN,3.5851,NaN,13.554,NaN,NaN,0.86392,NaN,NaN,NaN,NaN,0.070086,NaN,NaN,9.2707,0.74531,NaN,3.8992
NaN,15.733,4.908,NaN,NaN,6.7935,7.0171,12.856,3.9098,7.4621,NaN,NaN,NaN,4.6563,13.074,NaN,NaN,NaN,3.8438,NaN,NaN,6.5545,4.5591,4.2337,NaN,NaN,NaN,12.382,NaN,8.268,2.94,6.0506,NaN,15.006,5.5823,3.9288,6.0673,3.8534,NaN,NaN,3.6101,0.22153,1.013,NaN,NaN,1.6588,NaN,NaN,2.4421,4.4213,1.3967,NaN,NaN,NaN,NaN,NaN,NaN,3.1699,NaN,NaN,NaN,NaN,NaN,NaN,9.0427,NaN,NaN,7.7623,NaN,3.2011,0.39381,7.1815,3.4945,NaN,12.676,NaN,NaN,NaN,2.5495,NaN,3.2614,0.4555,NaN,9.0798,NaN,4.701,NaN,NaN,0.80404,NaN,NaN,NaN,NaN,12.354,NaN,NaN,5.2856,2.5166,NaN,5.522
NaN,3.1698,3.1899,NaN,NaN,9.0176,5.7767,20.767,0.30639,5.1616,NaN,NaN,NaN,4.4676,3.3769,NaN,NaN,NaN,6.4665,NaN,NaN,2.0128,1.767,3.0135,NaN,NaN,NaN,0.65531,NaN,14.018,8.1571,9.0151,NaN,8.3138,6.601,3.8249,2.6516,1.382,NaN,NaN,3.7897,3.2458,6.1983,NaN,NaN,4.0347,NaN,NaN,4.3442,4.027,3.2086,NaN,NaN,NaN,NaN,NaN,NaN,4.8525,NaN,NaN,NaN,NaN,NaN,NaN,4.5447,NaN,NaN,3.6449,NaN,3.1488,10.13,1.9626,4.812,NaN,1.4277,NaN,NaN,NaN,5.2732,NaN,6.406,1.2495,NaN,1.3612,NaN,2.0714,NaN,NaN,5.6137,NaN,NaN,NaN,NaN,3.3824,NaN,NaN,2.2878,3.4951,NaN,1.8541
NaN,13.273,13.847,NaN,NaN,26.512,26.444,21.297,13.558,16.399,NaN,NaN,NaN,21.594,19.326,NaN,NaN,NaN,16.552,NaN,NaN,16.672,12.156,29.515,NaN,NaN,NaN,16.075,NaN,15.731,16.685,16.328,NaN,35.311,34.95,16.773,29.991,22.65,NaN,NaN,30.116,11.757,15.977,NaN,NaN,19.54,NaN,NaN,12.411,11.588,11.672,NaN,NaN,NaN,NaN,NaN,NaN,23.005,NaN,NaN,NaN,NaN,NaN,NaN,20.503,NaN,NaN,20.71,NaN,14.824,12.871,18.089,15.323,NaN,16.279,NaN,NaN,NaN,17.486,NaN,22.686,12.105,NaN,16.483,NaN,10.672,NaN,NaN,23.332,NaN,NaN,NaN,NaN,23.416,NaN,NaN,26.436,22.231,NaN,18.824
NaN,6.8485,3.616,NaN,NaN,4.1217,6.2472,8.7632,2.9067,7.8589,NaN,NaN,NaN,15.597,6.5228,NaN,NaN,NaN,2.8711,NaN,NaN,4.1599,6.579,14.801,NaN,NaN,NaN,9.4649,NaN,2.9456,15.27,8.2044,NaN,11.983,6.2154,17.789,7.5332,3.5211,NaN,NaN,19.45,3.6907,7.3153,NaN,NaN,5.5609,NaN,NaN,1.5741,3.8937,9.3359,NaN,NaN,NaN,NaN,NaN,NaN,10.274,NaN,NaN,NaN,NaN,NaN,NaN,12.223,NaN,NaN,4.1997,NaN,9.2016,6.8973,9.9474,2.8458,NaN,12.263,NaN,NaN,NaN,3.2053,NaN,4.0343,1.7854,NaN,4.0171,NaN,4.9415,NaN,NaN,2.7026,NaN,NaN,NaN,NaN,4.2623,NaN,NaN,11.189,6.5053,NaN,0.821
NaN,17.117,6.9271,NaN,NaN,9.98,13.52,12.538,7.14,5.0008,NaN,NaN,NaN,13.328,1.1103,NaN,NaN,NaN,3.2073,NaN,NaN,7.5107,10.709,8.7161,NaN,NaN,NaN,5.9922,NaN,6.2887,17.671,5.237,NaN,18.372,7.1907,1.309,5.3929,2.4502,NaN,NaN,11.794,4.0252,0.60531,NaN,NaN,10.06,NaN,NaN,13.847,3.3665,3.542,NaN,NaN,NaN,NaN,NaN,NaN,9.5544,NaN,NaN,NaN,NaN,NaN,NaN,6.9602,NaN,NaN,4.0473,NaN,6.4158,9.4906,2.8034,2.5165,NaN,8.2379,NaN,NaN,NaN,2.2114,NaN,4.1207,17.163,NaN,2.7141,NaN,5.9507,NaN,NaN,1.6309,NaN,NaN,NaN,NaN,6.77,NaN,NaN,6.1418,5.4344,NaN,0.58406
NaN,40.983,2.4781,NaN,NaN,11.278,12.232,11.263,4.1559,1.0483,NaN,NaN,NaN,5.3297,0.83639,NaN,NaN,NaN,2.4681,NaN,NaN,8.3624,8.3982,42.103,NaN,NaN,NaN,6.0036,NaN,3.643,1.3853,4.8977,NaN,20.081,6.0626,2.8871,6.2769,4.0511,NaN,NaN,6.2746,2.4401,1.5178,NaN,NaN,6.4017,NaN,NaN,2.7584,4.9018,1.614,NaN,NaN,NaN,NaN,NaN,NaN,16.378,NaN,NaN,NaN,NaN,NaN,NaN,6.7976,NaN,NaN,1.7028,NaN,2.6404,5.1475,3.4132,3.5823,NaN,10.452,NaN,NaN,NaN,3.6585,NaN,7.4463,4.4499,NaN,8.1127,NaN,2.6374,NaN,NaN,5.4576,NaN,NaN,NaN,NaN,2.8664,NaN,NaN,7.5552,8.4104,NaN,0.53705
NaN,3.6029,2.3259,NaN,NaN,5.0513,4.9544,9.8183,4.3309,2.0994,NaN,NaN,NaN,4.2262,4.4628,NaN,NaN,NaN,1.734,NaN,NaN,7.2527,5.7447,7.8346,NaN,NaN,NaN,6.2574,NaN,2.3928,1.5242,8.2697,NaN,11.269,2.4727,2.8482,4.7194,4.7132,NaN,NaN,1.6372,0.30974,1.3333,NaN,NaN,2.1658,NaN,NaN,3.0323,3.9683,9.1851,NaN,NaN,NaN,NaN,NaN,NaN,14.43,NaN,NaN,NaN,NaN,NaN,NaN,3.1821,NaN,NaN,1.4128,NaN,8.7814,5.9367,6.3106,2.9829,NaN,8.0402,NaN,NaN,NaN,1.8036,NaN,10.317,11.306,NaN,6.81,NaN,1.7015,NaN,NaN,2.9005,NaN,NaN,NaN,NaN,1.4731,NaN,NaN,6.0094,2.4475,NaN,2.9582
NaN,15.932,2.3111,NaN,NaN,8.5891,14.802,14.645,5.863,3.6128,NaN,NaN,NaN,12.259,3.5067,NaN,NaN,NaN,8.6902,NaN,NaN,7.4061,8.9294,7.8054,NaN,NaN,NaN,13.95,NaN,8.4652,8.2794,10.74,NaN,9.793,8.5056,5.3381,28.358,11.964,NaN,NaN,28.582,5.7634,13.952,NaN,NaN,15.652,NaN,NaN,10.353,11.086,3.2904,NaN,NaN,NaN,NaN,NaN,NaN,10.832,NaN,NaN,NaN,NaN,NaN,NaN,3.5163,NaN,NaN,7.9202,NaN,9.6941,6.1137,10.406,20.07,NaN,33.673,NaN,NaN,NaN,12.179,NaN,15.366,7.6902,NaN,9.2726,NaN,7.1267,NaN,NaN,5.8016,NaN,NaN,NaN,NaN,17.734,NaN,NaN,7.5025,4.1215,NaN,3.1064
NaN,13.657,5.8169,NaN,NaN,19.472,13.194,9.6108,6.1564,4.7647,NaN,NaN,NaN,19.911,3.8783,NaN,NaN,NaN,5.7191,NaN,NaN,6.9329,8.2483,14.892,NaN,NaN,NaN,21.032,NaN,5.496,5.2626,7.2066,NaN,11.423,9.9809,5.9344,15.58,13.91,NaN,NaN,23.043,11.823,14.179,NaN,NaN,25.218,NaN,NaN,4.6133,10.22,4.8445,NaN,NaN,NaN,NaN,NaN,NaN,32.135,NaN,NaN,NaN,NaN,NaN,NaN,6.1823,NaN,NaN,8.2692,NaN,11.223,5.5258,4.1831,5.7958,NaN,15.931,NaN,NaN,NaN,15.49,NaN,16.045,7.2035,NaN,19.815,NaN,8.9752,NaN,NaN,6.623,NaN,NaN,NaN,NaN,24.172,NaN,NaN,9.4429,4.7048,NaN,1.9576
NaN,15.715,8.3517,NaN,NaN,18.281,12.915,5.2765,10.301,21.891,NaN,NaN,NaN,22.694,6.8719,NaN,NaN,NaN,7.4241,NaN,NaN,15.43,7.363,8.741,NaN,NaN,NaN,24.808,NaN,9.9123,10.454,7.9574,NaN,15.988,9.5706,7.2544,11.569,25.173,NaN,NaN,16.048,6.7201,14.597,NaN,NaN,35.673,NaN,NaN,6.193,11.347,5.9255,NaN,NaN,NaN,NaN,NaN,NaN,17.992,NaN,NaN,NaN,NaN,NaN,NaN,8.3719,NaN,NaN,23.206,NaN,10.352,8.7807,5.1813,5.0426,NaN,12.308,NaN,NaN,NaN,12.521,NaN,18.802,13.911,NaN,8.7018,NaN,15.224,NaN,NaN,7.154,NaN,NaN,NaN,NaN,15.93,NaN,NaN,8.9354,6.447,NaN,2.6921
NaN,12.617,4.0688,NaN,NaN,12.001,7.8813,5.4182,7.3863,10.692,NaN,NaN,NaN,19.423,13.115,NaN,NaN,NaN,11.302,NaN,NaN,11.37,4.8334,11.034,NaN,NaN,NaN,30.781,NaN,3.7309,28.154,8.5569,NaN,13.509,7.6301,8.9477,9.0057,12.062,NaN,NaN,11.402,4.6299,18.885,NaN,NaN,13.533,NaN,NaN,4.3772,9.2237,7.8839,NaN,NaN,NaN,NaN,NaN,NaN,16.93,NaN,NaN,NaN,NaN,NaN,NaN,12.425,NaN,NaN,11.483,NaN,11.516,8.0626,5.4059,6.7122,NaN,11.229,NaN,NaN,NaN,9.0435,NaN,9.6384,10.081,NaN,5.1642,NaN,4.6481,NaN,NaN,4.5712,NaN,NaN,NaN,NaN,11.414,NaN,NaN,5.9253,14.554,NaN,6.1318
NaN,12.627,5.4822,NaN,NaN,20.737,4.8047,4.7241,4.3657,8.8708,NaN,NaN,NaN,12.47,7.983,NaN,NaN,NaN,8.7769,NaN,NaN,8.6019,4.7721,25.176,NaN,NaN,NaN,31.429,NaN,1.9739,19.173,10.643,NaN,13.031,7.6289,4.1648,6.8193,14.89,NaN,NaN,9.9919,4.3137,8.5148,NaN,NaN,9.3963,NaN,NaN,3.4366,5.8487,7.3108,NaN,NaN,NaN,NaN,NaN,NaN,13.524,NaN,NaN,NaN,NaN,NaN,NaN,10.457,NaN,NaN,4.6571,NaN,16.26,5.7426,4.3928,9.0956,NaN,17.27,NaN,NaN,NaN,8.9003,NaN,9.71,9.2307,NaN,8.3996,NaN,2.2427,NaN,NaN,4.1416,NaN,NaN,NaN,NaN,13.03,NaN,NaN,6.1058,5.7293,NaN,8.0099
NaN,22.232,7.7644,NaN,NaN,8.8559,3.678,3.4138,3.7437,5.8824,NaN,NaN,NaN,6.9422,6.3495,NaN,NaN,NaN,3.2565,NaN,NaN,9.1267,2.7349,7.2555,NaN,NaN,NaN,15.355,NaN,3.323,5.3083,4.7585,NaN,8.9872,7.2582,2.0871,2.8851,9.194,NaN,NaN,4.8524,3.6354,13.079,NaN,NaN,10.391,NaN,NaN,6.0837,5.3977,1.9533,NaN,NaN,NaN,NaN,NaN,NaN,8.1348,NaN,NaN,NaN,NaN,NaN,NaN,1.7624,NaN,NaN,17.145,NaN,6.0285,8.6823,3.3694,9.0653,NaN,3.5008,NaN,NaN,NaN,6.376,NaN,7.3953,11.05,NaN,3.2963,NaN,4.3441,NaN,NaN,4.6976,NaN,NaN,NaN,NaN,9.1651,NaN,NaN,3.2225,2.764,NaN,4.2824
NaN,16.034,13.926,NaN,NaN,7.7673,4.3446,5.2801,4.2847,1.7431,NaN,NaN,NaN,14.062,5.0236,NaN,NaN,NaN,2.4975,NaN,NaN,9.3222,6.461,1.3212,NaN,NaN,NaN,12.322,NaN,6.8534,6.6654,4.5971,NaN,4.4702,4.9461,1.201,7.4558,2.4865,NaN,NaN,6.1093,8.2238,17.546,NaN,NaN,14.311,NaN,NaN,8.4621,4.3309,2.1762,NaN,NaN,NaN,NaN,NaN,NaN,6.641,NaN,NaN,NaN,NaN,NaN,NaN,4.2627,NaN,NaN,5.4134,NaN,6.1381,16.01,3.3849,8.4192,NaN,9.4235,NaN,NaN,NaN,3.153,NaN,10.186,5.5937,NaN,2.8816,NaN,15.236,NaN,NaN,11.032,NaN,NaN,NaN,NaN,12.442,NaN,NaN,10.793,1.5938,NaN,2.8077
NaN,12.09,34.011,NaN,NaN,15.423,8.4059,11.416,8.3072,10.067,NaN,NaN,NaN,63.949,1.2825,NaN,NaN,NaN,23.745,NaN,NaN,7.115,9.9823,22.563,NaN,NaN,NaN,11.814,NaN,18.619,12.795,8.9044,NaN,14.407,18.736,8.0536,13.481,14.515,NaN,NaN,9.2741,2.5193,14.856,NaN,NaN,16.275,NaN,NaN,4.5463,5.4584,9.4217,NaN,NaN,NaN,NaN,NaN,NaN,12.181,NaN,NaN,NaN,NaN,NaN,NaN,17.716,NaN,NaN,8.5582,NaN,8.4412,8.7927,11.464,16.298,NaN,10.337,NaN,NaN,NaN,8.9505,NaN,18.745,5.938,NaN,6.74,NaN,9.6442,NaN,NaN,18.6,NaN,NaN,NaN,NaN,16.586,NaN,NaN,3.1191,10.454,NaN,19.105
