3.0388,3.8765,NaN,2.7248,NaN,0.66877,NaN,2.9633,0.77359,NaN,NaN,4.0632,6.8527,1.8347,5.1316,0.90135,6.0666,2.8593,NaN,NaN,3.4857,NaN,NaN,2.7373,4.9172,8.3091,3.5119,NaN,5.0025,7.6726,2.9033,7.1832,NaN,1.9485,7.3854,3.0037,NaN,NaN,NaN,1.9857,4.4942,1.4558,7.7988,NaN,NaN,1.5671,NaN,2.3322,NaN,4.426,NaN,NaN,NaN,0.53481,3.3999,2.0786,2.5806,NaN,2.0491,0.95816,0.63097,NaN,0.90856,0.9165,1.6326,NaN,NaN,NaN,NaN,NaN,NaN,NaN,NaN,3.1967,NaN,1.921,1.86,0.6124,NaN,3.951,2.7693,NaN,NaN,NaN,NaN,NaN,NaN,1.8,3.3578,NaN,4.516,NaN,0.85839,NaN,NaN,NaN,2.3342,1.6921,NaN,NaN
10.06,8.0309,NaN,3.1502,NaN,0.70346,NaN,3.5856,1.9275,NaN,NaN,6.0918,9.9582,3.7198,5.1112,2.4891,3.0601,1.1324,NaN,NaN,4.2442,NaN,NaN,3.0811,5.0354,12.314,5.0328,NaN,9.6359,10.443,6.4423,8.0858,NaN,2.0079,0.85,3.6086,NaN,NaN,NaN,1.8965,3.2607,4.0263,5.172,NaN,NaN,3.3281,NaN,3.3824,NaN,2.7536,NaN,NaN,NaN,3.1165,5.3528,1.5951,1.8794,NaN,1.9391,5.4686,2.0578,NaN,1.4427,1.4332,2.5893,NaN,NaN,NaN,NaN,NaN,NaN,NaN,NaN,0.90909,NaN,1.7989,1.1428,0.85241,NaN,8.4084,5.4393,NaN,NaN,NaN,NaN,NaN,NaN,4.4558,3.6836,NaN,5.8655,NaN,2.4408,NaN,NaN,NaN,4.3385,3.559,NaN,NaN
3.0637,2.6845,NaN,2.9959,NaN,5.3736,NaN,1.6164,2.8643,NaN,NaN,6.9879,3.8244,1.8359,7.2041,8.3821,2.3639,1.383,NaN,NaN,5.8401,NaN,NaN,2.7853,5.776,7.2449,2.8327,NaN,7.9548,8.6033,6.5251,5.1455,NaN,0.74616,3.5544,3.5987,NaN,NaN,NaN,1.1779,3.1657,1.1747,2.3147,NaN,NaN,1.6134,NaN,3.0173,NaN,1.4218,NaN,NaN,NaN,4.1759,1.8582,2.1844,1.1177,NaN,0.63852,1.9189,1.1912,NaN,1.4282,1.1488,1.6844,NaN,NaN,NaN,NaN,NaN,NaN,NaN,NaN,1.5063,NaN,1.1967,1.5883,1.8944,NaN,5.6677,1.5855,NaN,NaN,NaN,NaN,NaN,NaN,3.2066,1.155,NaN,8.0854,NaN,0.96206,NaN,NaN,NaN,3.9344,3.1216,NaN,NaN
6.4023,2.8771,NaN,2.8707,NaN,2.7594,NaN,1.7773,3.9329,NaN,NaN,1.5388,2.1767,2.373,1.5097,3.729,5.2558,2.4188,NaN,NaN,3.8906,NaN,NaN,1.9292,4.1155,4.2469,1.4777,NaN,1.4369,1.4596,4.4149,1.6114,NaN,0.31301,3.416,1.4588,NaN,NaN,NaN,4.1619,9.5244,2.2283,2.2884,NaN,NaN,2.5169,NaN,0.38436,NaN,2.9779,NaN,NaN,NaN,1.8821,2.4057,2.8543,3.3575,NaN,0.65706,5.1281,2.2241,NaN,1.3395,1.4967,2.6726,NaN,NaN,NaN,NaN,NaN,NaN,NaN,NaN,2.071,NaN,2.5953,1.6939,1.8467,NaN,1.4412,2.1006,NaN,NaN,NaN,NaN,NaN,NaN,1.6371,1.3911,NaN,5.6558,NaN,1.9709,NaN,NaN,NaN,2.3871,2.0267,NaN,NaN
4.6467,7.2087,NaN,4.0932,NaN,5.763,NaN,3.0012,5.0712,NaN,NaN,6.4205,4.2038,4.2136,3.9948,6.9333,4.4204,5.2007,NaN,NaN,10.25,NaN,NaN,1.624,7.5273,6.1843,1.9934,NaN,9.4274,6.1259,5.1449,5.7159,NaN,1.1298,1.5425,1.5716,NaN,NaN,NaN,1.829,5.4552,0.84776,5.5371,NaN,NaN,3.8851,NaN,1.7268,NaN,4.248,NaN,NaN,NaN,7.3261,0.69022,1.1905,2.4697,NaN,3.3531,2.2866,2.5969,NaN,1.1714,1.6319,1.8119,NaN,NaN,NaN,NaN,NaN,NaN,NaN,NaN,0.27281,NaN,3.7639,3.1339,0.94931,NaN,6.2359,1.766,NaN,NaN,NaN,NaN,NaN,NaN,1.6899,1.3544,NaN,6.3464,NaN,1.0826,NaN,NaN,NaN,4.866,5.3096,NaN,NaN
5.0979,8.9284,NaN,10.286,NaN,8.9554,NaN,6.8359,1.7505,NaN,NaN,9.022,7.2924,6.7828,4.9138,7.5558,1.2281,4.7302,NaN,NaN,8.6533,NaN,NaN,2.6445,4.427,9.8316,1.4711,NaN,15.184,8.3019,5.171,8.6741,NaN,1.4006,4.8827,4.8053,NaN,NaN,NaN,6.4224,4.8086,4.4706,7.4528,NaN,NaN,6.471,NaN,4.9565,NaN,5.1853,NaN,NaN,NaN,9.8906,0.90784,1.5129,2.9631,NaN,5.3136,6.7965,5.0424,NaN,0.8659,1.7378,4.1347,NaN,NaN,NaN,NaN,NaN,NaN,NaN,NaN,3.8567,NaN,4.0266,2.7474,3.3908,NaN,14.381,1.9019,NaN,NaN,NaN,NaN,NaN,NaN,3.7641,1.8804,NaN,5.9255,NaN,3.0997,NaN,NaN,NaN,8.782,5.7719,NaN,NaN
7.985,5.0626,NaN,8.7832,NaN,5.1706,NaN,5.7621,1.9205,NaN,NaN,6.1621,5.8278,4.2618,5.119,6.3788,3.1046,2.4169,NaN,NaN,4.3518,NaN,NaN,2.956,2.5095,4.5339,2.8674,NaN,3.2436,3.0788,2.0244,4.2587,NaN,0.87701,6.3354,4.0948,NaN,NaN,NaN,5.1798,5.8366,4.6984,6.9056,NaN,NaN,3.259,NaN,4.1602,NaN,3.8159,NaN,NaN,NaN,4.2345,2.0193,2.7919,0.52758,NaN,3.2982,4.2755,4.185,NaN,2.511,1.7408,2.4538,NaN,NaN,NaN,NaN,NaN,NaN,NaN,NaN,2.8335,NaN,0.94536,2.1502,2.7805,NaN,7.7967,1.7806,NaN,NaN,NaN,NaN,NaN,NaN,2.2805,3.008,NaN,4.1285,NaN,2.8496,NaN,NaN,NaN,3.4673,2.976,NaN,NaN
1.6604,10.979,NaN,3.6109,NaN,5.2961,NaN,2.0218,3.2382,NaN,NaN,7.4337,3.1239,4.4987,3.0704,2.7353,6.0357,1.8501,NaN,NaN,12.38,NaN,NaN,0.92738,4.0763,5.78,4.0661,NaN,12.302,6.7903,9.7177,12.316,NaN,6.1101,2.7729,1.6883,NaN,NaN,NaN,3.9665,6.8703,2.9208,5.9935,NaN,NaN,1.8981,NaN,3.5069,NaN,3.5363,NaN,NaN,NaN,1.4298,1.4517,5.7792,2.689,NaN,3.3515,2.2946,5.4441,NaN,5.2126,4.3076,1.3287,NaN,NaN,NaN,NaN,NaN,NaN,NaN,NaN,5.8352,NaN,4.3365,0.20683,4.3946,NaN,0.13387,6.2796,NaN,NaN,NaN,NaN,NaN,NaN,2.3482,3.9306,NaN,2.3918,NaN,2.9113,NaN,NaN,NaN,2.4731,1.3078,NaN,NaN
1.6674,10.187,NaN,3.7785,NaN,3.6964,NaN,3.039,2.6192,NaN,NaN,2.1491,1.3198,2.2901,0.16387,2.7504,2.1026,1.5793,NaN,NaN,3.2113,NaN,NaN,2.2387,3.8515,1.6804,0.92077,NaN,11.745,0.117,3.5027,8.2639,NaN,1.0136,1.9445,1.0156,NaN,NaN,NaN,4.9062,3.2979,3.8618,5.4681,NaN,NaN,2.2019,NaN,2.1236,NaN,1.9617,NaN,NaN,NaN,2.2729,1.1263,2.2508,2.7771,NaN,2.0001,4.3508,1.4249,NaN,1.2244,2.1081,2.2404,NaN,NaN,NaN,NaN,NaN,NaN,NaN,NaN,3.5798,NaN,1.3311,0.90568,1.487,NaN,5.9957,2.7274,NaN,NaN,NaN,NaN,NaN,NaN,2.7185,2.1225,NaN,1.899,NaN,2.801,NaN,NaN,NaN,3.1272,3.3837,NaN,NaN
5.1302,5.6144,NaN,3.1963,NaN,1.9652,NaN,1.0195,5.454,NaN,NaN,1.7606,1.1912,3.1479,4.1965,2.7406,3.799,3.7965,NaN,NaN,8.5237,NaN,NaN,1.142,4.934,1.6136,3.847,NaN,7.404,2.4707,3.9131,4.89,NaN,2.579,2.7796,2.3604,NaN,NaN,NaN,2.0427,1.3387,1.2137,2.375,NaN,NaN,2.2369,NaN,1.1215,NaN,2.0817,NaN,NaN,NaN,4.1262,0.75089,2.3929,1.203,NaN,2.3795,4.5988,4.5887,NaN,0.65716,1.0425,1.5165,NaN,NaN,NaN,NaN,NaN,NaN,NaN,NaN,1.3918,NaN,2.1115,3.4574,1.6591,NaN,2.2039,2.0358,NaN,NaN,NaN,NaN,NaN,NaN,3.044,1.6806,NaN,1.4611,NaN,3.793,NaN,NaN,NaN,0.81393,3.546,NaN,NaN
4.8546,2.3434,NaN,2.4009,NaN,3.1653,NaN,1.0193,4.1634,NaN,NaN,1.5085,1.3709,2.2776,6.8036,3.1654,3.8827,1.5866,NaN,NaN,5.2332,NaN,NaN,2.3382,3.3599,0.54075,3.4172,NaN,3.9251,2.2518,2.2347,4.831,NaN,2.8986,4.0898,2.2037,NaN,NaN,NaN,4.8949,6.1623,1.5395,1.101,NaN,NaN,1.5572,NaN,0.6502,NaN,4.0366,NaN,NaN,NaN,2.2867,3.8902,4.5786,1.4007,NaN,3.1529,1.9242,3.7734,NaN,2.1509,1.3245,1.4226,NaN,NaN,NaN,NaN,NaN,NaN,NaN,NaN,2.8626,NaN,2.8565,1.074,2.695,NaN,3.1462,1.6943,NaN,NaN,NaN,NaN,NaN,NaN,2.0524,1.6897,NaN,2.6019,NaN,0.65603,NaN,NaN,NaN,3.2191,0.25911,NaN,NaN
0.97624,1.4682,NaN,2.5259,NaN,3.0226,NaN,1.3185,2.5943,NaN,NaN,1.7249,0.44051,1.0976,1.7719,2.8537,0.50626,0.59185,NaN,NaN,6.419,NaN,NaN,1.1037,1.7822,2.1788,1.9656,NaN,3.1571,3.7161,3.1494,7.4212,NaN,3.1773,1.6312,1.9665,NaN,NaN,NaN,2.8415,1.4364,1.1556,1.502,NaN,NaN,3.3389,NaN,1.8373,NaN,0.87557,NaN,NaN,NaN,1.041,2.3214,1.3954,3.0372,NaN,2.5649,2.9716,2.3002,NaN,0.97558,0.8612,0.98219,NaN,NaN,NaN,NaN,NaN,NaN,NaN,NaN,0.73308,NaN,1.3709,1.9109,1.0759,NaN,1.9025,0.82822,NaN,NaN,NaN,NaN,NaN,NaN,1.0899,0.59677,NaN,0.91591,NaN,1.6545,NaN,NaN,NaN,3.305,2.0089,NaN,NaN
2.6721,1.9786,NaN,2.5069,NaN,3.2779,NaN,1.2811,3.2034,NaN,NaN,2.8743,1.1074,0.67134,1.3517,2.6466,1.9027,1.0974,NaN,NaN,7.9201,NaN,NaN,1.6622,0.63538,3.0485,3.9274,NaN,7.4047,2.3791,1.6744,2.2739,NaN,5.9141,2.2875,3.7232,NaN,NaN,NaN,1.8551,1.8505,0.65648,3.7375,NaN,NaN,1.2043,NaN,2.368,NaN,3.5278,NaN,NaN,NaN,1.027,1.438,1.9386,1.6172,NaN,1.7145,4.8641,3.5495,NaN,1.3044,2.3936,0.78091,NaN,NaN,NaN,NaN,NaN,NaN,NaN,NaN,2.1746,NaN,0.37584,2.0243,2.0993,NaN,1.3028,1.5348,NaN,NaN,NaN,NaN,NaN,NaN,1.9552,2.4029,NaN,0.2307,NaN,3.3099,NaN,NaN,NaN,2.8599,1.7533,NaN,NaN
2.1228,3.3164,NaN,2.7779,NaN,0.86104,NaN,0.54424,2.6157,NaN,NaN,3.5653,0.82396,1.5329,3.3397,1.0496,0.48861,1.8292,NaN,NaN,2.3393,NaN,NaN,1.782,2.1301,4.8235,1.2365,NaN,9.0528,2.7202,4.1679,8.7444,NaN,3.1863,3.2032,3.2575,NaN,NaN,NaN,1.2495,0.55935,2.2689,1.7155,NaN,NaN,2.3189,NaN,0.92873,NaN,5.6404,NaN,NaN,NaN,3.8681,1.5483,2.1651,2.1231,NaN,2.7528,0.54672,1.8099,NaN,0.5226,1.6235,1.4921,NaN,NaN,NaN,NaN,NaN,NaN,NaN,NaN,1.4573,NaN,0.72813,1.8416,2.3711,NaN,0.95728,1.2798,NaN,NaN,NaN,NaN,NaN,NaN,3.2224,3.2685,NaN,1.4173,NaN,0.68311,NaN,NaN,NaN,1.5577,1.834,NaN,NaN
7.1065,6.0044,NaN,7.6229,NaN,5.7092,NaN,1.7211,12.817,NaN,NaN,3.9034,4.3316,7.4657,4.2299,5.9667,6.4639,6.8048,NaN,NaN,11.86,NaN,NaN,2.5275,9.8054,3.6591,9.5924,NaN,3.2151,12.923,10.842,14.293,NaN,8.94,10.915,7.7613,NaN,NaN,NaN,11.934,6.6906,9.2948,2.215,NaN,NaN,8.9734,NaN,9.8467,NaN,6.641,NaN,NaN,NaN,10.965,14.812,16.133,10.08,NaN,9.4033,15.615,9.3047,NaN,15.439,10.661,4.8225,NaN,NaN,NaN,NaN,NaN,NaN,NaN,NaN,9.3003,NaN,10.558,5.0677,10,NaN,9.375,9.254,NaN,NaN,NaN,NaN,NaN,NaN,7.3361,13.118,NaN,11.839,NaN,14.521,NaN,NaN,NaN,4.9594,4.3942,NaN,NaN
2.2587,5.5523,NaN,2.5127,NaN,2.6856,NaN,4.7116,2.7232,NaN,NaN,2.8507,1.8007,2.7092,4.8892,2.5449,2.4111,1.9047,NaN,NaN,3.6113,NaN,NaN,2.7721,1.6986,2.1606,5.9847,NaN,3.5855,1.8677,4.765,6.6152,NaN,4.1233,2.2603,5.0022,NaN,NaN,NaN,5.3127,4.3733,3.6912,6.9944,NaN,NaN,3.5078,NaN,1.1409,NaN,1.5454,NaN,NaN,NaN,4.5542,1.483,2.3353,5.7098,NaN,2.1417,3.5497,1.6714,NaN,3.803,4.1941,2.7328,NaN,NaN,NaN,NaN,NaN,NaN,NaN,NaN,0.58214,NaN,2.2789,2.9811,2.34,NaN,5.4158,2.0804,NaN,NaN,NaN,NaN,NaN,NaN,2.416,4.3193,NaN,2.5405,NaN,1.7473,NaN,NaN,NaN,3.8971,0.52711,NaN,NaN
3.1047,6.0944,NaN,3.4535,NaN,1.3525,NaN,1.2657,0.54719,NaN,NaN,4.0519,2.5721,2.231,2.8287,0.87107,3.128,2.3248,NaN,NaN,3.164,NaN,NaN,3.0111,1.957,2.7755,2.5299,NaN,6.7466,0.30518,2.7022,5.0455,NaN,1.2149,0.67317,1.7726,NaN,NaN,NaN,1.3528,5.6469,0.27199,2.4915,NaN,NaN,4.2895,NaN,1.1327,NaN,4.4359,NaN,NaN,NaN,1.8793,3.2098,1.486,2.9176,NaN,0.46371,3.3054,1.6737,NaN,1.2846,2.5209,2.5444,NaN,NaN,NaN,NaN,NaN,NaN,NaN,NaN,1.9988,NaN,2.0033,1.1116,3.5542,NaN,2.1203,0.78777,NaN,NaN,NaN,NaN,NaN,NaN,2.0836,3.6213,NaN,2.1456,NaN,1.5799,NaN,NaN,NaN,2.1474,1.8837,NaN,NaN
2.4181,2.5948,NaN,1.3131,NaN,0.87742,NaN,1.8941,1.907,NaN,NaN,3.5094,2.6816,2.143,1.6159,0.53485,1.052,1.6828,NaN,NaN,3.3289,NaN,NaN,3.3286,1.9113,2.182,3.2047,NaN,2.7049,2.5397,3.1714,2.5524,NaN,1.5979,0.75707,2.5167,NaN,NaN,NaN,2.0835,4.0235,2.0686,1.2394,NaN,NaN,4.8228,NaN,0.95038,NaN,3.3362,NaN,NaN,NaN,2.6859,4.0385,0.13034,2.3104,NaN,1.2511,2.0838,2.308,NaN,2.2266,1.9205,1.6576,NaN,NaN,NaN,NaN,NaN,NaN,NaN,NaN,2.3689,NaN,0.86799,1.7128,3.795,NaN,2.4172,0.66317,NaN,NaN,NaN,NaN,NaN,NaN,1.9357,1.3842,NaN,1.5675,NaN,2.8034,NaN,NaN,NaN,0.64361,2.4036,NaN,NaN
4.1515,1.1428,NaN,1.7249,NaN,0.95374,NaN,3.2691,0.45906,NaN,NaN,1.9237,1.6834,1.5764,3.2934,2.2898,1.8682,0.72021,NaN,NaN,3.2621,NaN,NaN,0.38815,1.6082,1.2867,2.7175,NaN,1.1367,2.3587,3.3948,4.9864,NaN,0.98938,2.5043,2.031,NaN,NaN,NaN,0.726,1.887,1.1262,0.18242,NaN,NaN,0.63871,NaN,1.6993,NaN,0.85422,NaN,NaN,NaN,2.6666,2.3415,1.8488,2.4439,NaN,0.95213,3.5558,1.1684,NaN,2.4837,0.24312,3.5027,NaN,NaN,NaN,NaN,NaN,NaN,NaN,NaN,1.9861,NaN,0.4353,2.2465,1.4755,NaN,1.3277,0.63525,NaN,NaN,NaN,NaN,NaN,NaN,3.6599,1.3124,NaN,1.5092,NaN,2.4607,NaN,NaN,NaN,1.877,3.655,NaN,NaN
0.24832,1.0863,NaN,2.2984,NaN,3.9653,NaN,2.0234,4.7797,NaN,NaN,2.5972,1.801,5.7183,1.7743,1.5096,2.917,2.7494,NaN,NaN,2.0402,NaN,NaN,1.9666,2.1889,2.4698,2.9992,NaN,1.1735,2.6875,4.7135,3.1428,NaN,2.6798,3.9195,0.91716,NaN,NaN,NaN,2.8346,3.5463,3.6987,2.3025,NaN,NaN,4.3129,NaN,0.5862,NaN,1.274,NaN,NaN,NaN,3.5165,5.9765,0.99058,4.0786,NaN,1.8726,6.8482,3.4941,NaN,5.9228,2.9473,4.0934,NaN,NaN,NaN,NaN,NaN,NaN,NaN,NaN,4.5101,NaN,3.6803,3.4541,3.8878,NaN,3.347,2.225,NaN,NaN,NaN,NaN,NaN,NaN,1.8898,1.751,NaN,1.9117,NaN,4.3419,NaN,NaN,NaN,2.3589,4.3816,NaN,NaN
1.1681,2.5703,NaN,2.064,NaN,1.6936,NaN,1.093,5.0675,NaN,NaN,3.1469,0.9816,8.2583,2.0685,2.5783,3.2011,5.4369,NaN,NaN,2.356,NaN,NaN,0.14477,2.8545,1.3435,1.9563,NaN,0.64173,5.7139,6.1069,6.2995,NaN,8.3514,3.7921,1.4329,NaN,NaN,NaN,3.221,7.1151,5.3028,3.0718,NaN,NaN,7.3867,NaN,0.90734,NaN,2.5079,NaN,NaN,NaN,3.0703,8.4776,1.2443,2.935,NaN,1.4478,5.2246,5.6946,NaN,5.6162,1.9354,2.3069,NaN,NaN,NaN,NaN,NaN,NaN,NaN,NaN,3.5959,NaN,5.4307,3.6717,7.0248,NaN,2.7561,2.7256,NaN,NaN,NaN,NaN,NaN,NaN,0.80245,1.5114,NaN,0.80597,NaN,5.2084,NaN,NaN,NaN,4.5774,6.293,NaN,NaN
1.0741,4.3832,NaN,2.0393,NaN,1.8901,NaN,4.0444,5.0587,NaN,NaN,3.0196,1.3595,10.428,1.3303,2.9399,2.1914,4.0231,NaN,NaN,3.4563,NaN,NaN,3.2258,3.2917,1.4109,3.9701,NaN,4.2632,7.0217,5.7561,4.5282,NaN,9.0468,5.1115,2.6289,NaN,NaN,NaN,2.586,9.3811,3.2348,4.2454,NaN,NaN,5.3569,NaN,1.7205,NaN,1.6071,NaN,NaN,NaN,1.6523,6.3402,1.9044,5.3438,NaN,2.9986,3.0566,5.7976,NaN,4.9919,2.4425,1.0634,NaN,NaN,NaN,NaN,NaN,NaN,NaN,NaN,1.1227,NaN,5.552,3.8284,5.9142,NaN,2.8177,3.5534,NaN,NaN,NaN,NaN,NaN,NaN,1.7179,2.3576,NaN,1.7857,NaN,4.763,NaN,NaN,NaN,5.1797,8.004,NaN,NaN
1.0673,3.4005,NaN,1.29,NaN,2.3835,NaN,7.2468,5.7199,NaN,NaN,2.2112,1.1312,9.8339,1.3137,1.633,2.2001,1.7448,NaN,NaN,6.1698,NaN,NaN,5.1394,4.8456,2.2221,8.4654,NaN,6.2096,6.8983,5.1399,1.1067,NaN,6.5178,7.6967,1.9973,NaN,NaN,NaN,5.3363,8.0972,2.1019,3.8177,NaN,NaN,2.4577,NaN,2.98,NaN,2.7791,NaN,NaN,NaN,6.5638,5.55,4.3904,7.897,NaN,7.0153,3.8175,6.3303,NaN,5.2248,3.5438,2.3143,NaN,NaN,NaN,NaN,NaN,NaN,NaN,NaN,2.7094,NaN,4.5834,4.2267,3.6978,NaN,3.4826,4.4198,NaN,NaN,NaN,NaN,NaN,NaN,4.9636,4.6286,NaN,0.73088,NaN,4.4704,NaN,NaN,NaN,6.1761,6.9084,NaN,NaN
0.57235,4.8484,NaN,0.38588,NaN,3.1047,NaN,5.9109,6.2885,NaN,NaN,0.99839,1.0528,8.0078,2.2041,2.6173,2.1813,7.1146,NaN,NaN,10.179,NaN,NaN,6.6992,5.9656,1.336,10.026,NaN,9.8281,9.6486,5.059,0.88326,NaN,5.0852,9.5655,3.2809,NaN,NaN,NaN,5.1597,5.7443,4.5588,0.35361,NaN,NaN,3.1584,NaN,4.8544,NaN,3.0834,NaN,NaN,NaN,7.2143,8.5568,5.893,8.2047,NaN,7.9057,7.9646,9.1795,NaN,5.5454,3.0367,2.5809,NaN,NaN,NaN,NaN,NaN,NaN,NaN,NaN,5.3022,NaN,6.8834,5.4364,4.7128,NaN,1.3251,3.7491,NaN,NaN,NaN,NaN,NaN,NaN,9.1304,7.3594,NaN,3.781,NaN,7.8217,NaN,NaN,NaN,5.0443,3.0847,NaN,NaN
5.1102,3.2542,NaN,6.9762,NaN,5.9343,NaN,7.6373,3.2552,NaN,NaN,0.10942,3.2956,13.697,4.2418,4.273,2.5592,4.4017,NaN,NaN,3.0052,NaN,NaN,6.9166,7.4191,3.857,5.9326,NaN,7.1349,10.809,10.495,5.5153,NaN,10.264,6.933,5.4704,NaN,NaN,NaN,5.9223,7.6523,0.72383,8.5511,NaN,NaN,3.9338,NaN,4.7485,NaN,4.2633,NaN,NaN,NaN,5.4282,10.967,0.56501,4.29,NaN,7.7689,5.6111,7.2993,NaN,3.3929,1.6606,5.7993,NaN,NaN,NaN,NaN,NaN,NaN,NaN,NaN,8.0902,NaN,5.2771,4.9637,5.6021,NaN,2.633,4.4176,NaN,NaN,NaN,NaN,NaN,NaN,3.3183,1.4401,NaN,1.3348,NaN,7.4432,NaN,NaN,NaN,4.0257,12.207,NaN,NaN
5.4476,2.8899,NaN,6.9225,NaN,2.3712,NaN,1.6428,2.9891,NaN,NaN,1.2927,4.0866,5.7331,3.0466,4.0946,4.7658,5.206,NaN,NaN,3.6439,NaN,NaN,4.1322,3.7001,4.6516,6.0522,NaN,1.6688,6.9616,6.9458,6.1534,NaN,7.4613,2.1228,3.0275,NaN,NaN,NaN,4.5567,6.2703,1.786,5.4302,NaN,NaN,3.7032,NaN,3.5514,NaN,0.39387,NaN,NaN,NaN,2.0905,8.8467,0.78502,0.094449,NaN,4.1846,5.3173,4.772,NaN,4.14,3.1897,4.809,NaN,NaN,NaN,NaN,NaN,NaN,NaN,NaN,5.8297,NaN,3.6396,3.4582,7.0587,NaN,3.0055,7.0628,NaN,NaN,NaN,NaN,NaN,NaN,4.5098,2.8332,NaN,4.4539,NaN,2.1879,NaN,NaN,NaN,2.286,7.7393,NaN,NaN
3.8013,2.2962,NaN,13.274,NaN,8.0595,NaN,0.91087,8.2414,NaN,NaN,6.7,3.4454,7.1356,1.1626,3.7688,8.0399,3.5717,NaN,NaN,12.431,NaN,NaN,5.0018,6.0587,4.7318,4.4011,NaN,3.5128,7.6616,1.5218,4.0249,NaN,3.5313,6.1973,4.0447,NaN,NaN,NaN,4.141,6.0621,7.0509,3.4152,NaN,NaN,5.2598,NaN,3.5079,NaN,2.2002,NaN,NaN,NaN,10.471,12.731,8.5335,7.9542,NaN,3.7531,6.2045,2.5496,NaN,8.8581,7.1411,2.9332,NaN,NaN,NaN,NaN,NaN,NaN,NaN,NaN,10.544,NaN,6.2422,3.114,5.0256,NaN,4.6629,9.0523,NaN,NaN,NaN,NaN,NaN,NaN,4.761,5.2523,NaN,10.28,NaN,8.5873,NaN,NaN,NaN,5.4776,6.6845,NaN,NaN
12.297,13.157,NaN,12.327,NaN,10.704,NaN,6.3736,23.504,NaN,NaN,10.849,7.1789,18.247,6.2508,15.601,9.31,19.088,NaN,NaN,22.624,NaN,NaN,8.7868,13.515,5.4764,18.279,NaN,11.371,23.24,24.737,22.422,NaN,20.805,24.743,17.586,NaN,NaN,NaN,23.215,14.651,16.001,7.8535,NaN,NaN,16.09,NaN,18.167,NaN,14.052,NaN,NaN,NaN,20.261,23.234,23.493,19.691,NaN,17.028,25.051,21.245,NaN,27.158,13.128,11.911,NaN,NaN,NaN,NaN,NaN,NaN,NaN,NaN,8.5276,NaN,25.211,15.215,19.082,NaN,14.77,15.413,NaN,NaN,NaN,NaN,NaN,NaN,11.076,17.089,NaN,19.153,NaN,21.81,NaN,NaN,NaN,6.7097,16.283,NaN,NaN
4.8079,9.3997,NaN,15.17,NaN,12.353,NaN,9.8652,17.777,NaN,NaN,16.687,3.8436,17.532,7.6124,18.017,12.417,10.581,NaN,NaN,21.566,NaN,NaN,2.2498,10.51,4.4116,8.3712,NaN,5.5312,10.725,17.053,11.484,NaN,15.129,18.311,11.306,NaN,NaN,NaN,10.88,12.562,11.573,7.0491,NaN,NaN,12.935,NaN,10.517,NaN,8.2764,NaN,NaN,NaN,17.533,16.487,16.314,17.982,NaN,8.1502,14.494,14.394,NaN,18.892,10.443,4.4737,NaN,NaN,NaN,NaN,NaN,NaN,NaN,NaN,10.65,NaN,20.598,10.943,8.9259,NaN,6.6571,15.762,NaN,NaN,NaN,NaN,NaN,NaN,13.711,13.391,NaN,17.795,NaN,12.756,NaN,NaN,NaN,8.2603,15.609,NaN,NaN
3.9329,0.42015,NaN,5.196,NaN,3.1462,NaN,8.7365,1.1086,NaN,NaN,3.5649,1.8164,5.5883,1.9929,5.5639,4.5993,7.0661,NaN,NaN,7.0741,NaN,NaN,0.81155,5.0905,3.6689,4.0305,NaN,1.1236,4.1173,4.2843,4.2966,NaN,4.9962,4.6911,3.3568,NaN,NaN,NaN,4.4847,3.8341,3.1285,1.8443,NaN,NaN,1.4169,NaN,1.6111,NaN,7.0217,NaN,NaN,NaN,3.828,4.516,4.9052,4.0599,NaN,1.3858,4.0895,2.6807,NaN,4.1302,5.1791,5.2386,NaN,NaN,NaN,NaN,NaN,NaN,NaN,NaN,4.0806,NaN,2.8688,2.8561,1.8054,NaN,3.4778,10.626,NaN,NaN,NaN,NaN,NaN,NaN,12.394,9.9312,NaN,9.8198,NaN,5.0121,NaN,NaN,NaN,1.6436,4.9373,NaN,NaN
2.809,1.8593,NaN,2.472,NaN,3.8219,NaN,1.5324,3.8278,NaN,NaN,3.168,3.0211,3.1636,1.8835,1.8966,1.9897,1.8864,NaN,NaN,1.9382,NaN,NaN,1.227,0.51435,2.3892,2.8711,NaN,0.78549,2.1576,5.3252,4.7108,NaN,0.70675,2.9635,1.2284,NaN,NaN,NaN,2.7759,2.4776,1.852,2.3441,NaN,NaN,2.7736,NaN,1.6985,NaN,1.7938,NaN,NaN,NaN,2.3919,2.9902,1.3434,4.613,NaN,0.93326,7.2998,1.7419,NaN,5.0334,2.1474,5.1252,NaN,NaN,NaN,NaN,NaN,NaN,NaN,NaN,3.566,NaN,2.8874,4.2858,1.9966,NaN,2.648,3.338,NaN,NaN,NaN,NaN,NaN,NaN,5.3879,2.7918,NaN,2.2524,NaN,4.3894,NaN,NaN,NaN,1.6419,2.6572,NaN,NaN
4.0115,0.67026,NaN,2.147,NaN,2.1728,NaN,3.8763,2.3068,NaN,NaN,1.8307,1.1963,1.5021,2.2946,3.8676,2.8454,1.8199,NaN,NaN,3.2623,NaN,NaN,2.1848,2.1525,2.647,1.9687,NaN,1.5293,1.3726,3.5588,4.1191,NaN,1.8233,0.69743,1.0061,NaN,NaN,NaN,0.64255,2.1197,0.81478,0.67416,NaN,NaN,0.94614,NaN,4.4168,NaN,2.8618,NaN,NaN,NaN,1.8699,0.6164,2.8375,3.7531,NaN,1.1031,3.5219,0.49373,NaN,1.374,1.55,2.8447,NaN,NaN,NaN,NaN,NaN,NaN,NaN,NaN,2.2603,NaN,1.5724,2.4064,1.0702,NaN,0.80851,2.3691,NaN,NaN,NaN,NaN,NaN,NaN,4.9488,3.2819,NaN,2.7898,NaN,1.9437,NaN,NaN,NaN,0.94744,3.6801,NaN,NaN
7.2744,3.0577,NaN,1.6495,NaN,0.9034,NaN,2.1156,3.7915,NaN,NaN,3.5947,1.282,3.0947,8.6311,3.0999,1.6231,1.0016,NaN,NaN,1.9982,NaN,NaN,2.3634,1.841,0.64502,1.5371,NaN,1.6081,1.4241,0.4365,1.5518,NaN,0.84986,6.2124,4.2162,NaN,NaN,NaN,4.5396,1.8761,0.76376,4.9766,NaN,NaN,2.8986,NaN,0.81973,NaN,3.6236,NaN,NaN,NaN,1.7983,1.8825,0.74222,3.1106,NaN,2.5671,2.1998,1.8925,NaN,0.11982,2.9644,1.0586,NaN,NaN,NaN,NaN,NaN,NaN,NaN,NaN,5.6413,NaN,1.3966,2.52,0.35524,NaN,1.4525,1.1392,NaN,NaN,NaN,NaN,NaN,NaN,2.5323,1.7682,NaN,3.012,NaN,0.8705,NaN,NaN,NaN,2.3947,0.98671,NaN,NaN
6.2408,4.9169,NaN,4.2557,NaN,1.9299,NaN,3.3545,5.667,NaN,NaN,4.4695,6.016,0.91232,3.7581,2.3214,3.9543,2.6026,NaN,NaN,2.5445,NaN,NaN,1.2583,3.3826,5.5097,0.14792,NaN,3.0434,2.8163,1.6998,3.4333,NaN,0.72007,0.97962,1.328,NaN,NaN,NaN,2.4705,5.1929,1.0203,3.8715,NaN,NaN,3.3095,NaN,0.35312,NaN,2.896,NaN,NaN,NaN,3.9035,3.4261,0.7883,2.2462,NaN,4.7461,1.4259,1.886,NaN,0.94556,3.0161,0.79089,NaN,NaN,NaN,NaN,NaN,NaN,NaN,NaN,3.6982,NaN,1.5079,3.7783,1.0935,NaN,1.0287,1.1823,NaN,NaN,NaN,NaN,NaN,NaN,1.8604,2.1056,NaN,1.4991,NaN,0.95256,NaN,NaN,NaN,2.6666,1.2074,NaN,NaN
4.2418,5.1438,NaN,1.5851,NaN,0.88807,NaN,4.4719,4.557,NaN,NaN,5.2864,1.2462,4.3885,1.2655,4.5946,4.8447,2.6543,NaN,NaN,1.709,NaN,NaN,2.3933,3.8708,2.304,1.2899,NaN,5.0099,2.343,1.1589,3.8574,NaN,1.9325,2.6551,2.5273,NaN,NaN,NaN,1.8958,7.1346,2.8297,1.4363,NaN,NaN,3.3527,NaN,1.9865,NaN,3.1423,NaN,NaN,NaN,3.4842,1.3845,3.0824,0.77695,NaN,3.9531,3.8983,1.3162,NaN,2.0193,0.7302,2.0153,NaN,NaN,NaN,NaN,NaN,NaN,NaN,NaN,1.5306,NaN,1.2972,2.826,1.7274,NaN,1.4728,1.1447,NaN,NaN,NaN,NaN,NaN,NaN,2.6014,2.741,NaN,0.84617,NaN,2.3451,NaN,NaN,NaN,2.8489,0.65001,NaN,NaN
1.4791,7.2884,NaN,4.9921,NaN,1.1802,NaN,1.5531,4.8175,NaN,NaN,5.3904,2.6047,2.6979,4.1631,2.5519,3.5604,2.6105,NaN,NaN,2.2821,NaN,NaN,3.9083,4.3198,3.4976,8.6309,NaN,2.826,1.3675,3.8758,1.6239,NaN,0.31535,3.9901,4.712,NaN,NaN,NaN,4.6054,8.0218,3.6706,0.64149,NaN,NaN,3.3729,NaN,0.4627,NaN,4.2578,NaN,NaN,NaN,4.2027,3.8054,3.1751,3.6601,NaN,3.3274,1.0617,2.8157,NaN,1.0377,3.2212,1.4407,NaN,NaN,NaN,NaN,NaN,NaN,NaN,NaN,2.2856,NaN,0.34667,1.6639,1.6001,NaN,1.5272,0.94996,NaN,NaN,NaN,NaN,NaN,NaN,2.4586,0.50472,NaN,5.3718,NaN,1.8332,NaN,NaN,NaN,1.1297,2.108,NaN,NaN
4.4989,4.2757,NaN,3.1467,NaN,2.5121,NaN,0.57419,2.1041,NaN,NaN,0.46861,2.5795,4.3125,9.7995,5.7112,1.4579,3.1037,NaN,NaN,2.7295,NaN,NaN,2.2559,3.0257,3.6916,4.5082,NaN,2.1711,2.4237,5.1631,1.1821,NaN,1.1737,4.2394,2.8331,NaN,NaN,NaN,3.4202,7.029,1.8661,2.6068,NaN,NaN,2.6898,NaN,0.59367,NaN,2.4329,NaN,NaN,NaN,2.0531,3.5895,1.7944,1.8757,NaN,2.282,5.5291,1.9763,NaN,0.69429,2.4041,1.5416,NaN,NaN,NaN,NaN,NaN,NaN,NaN,NaN,2.0932,NaN,0.99143,1.0857,1.8265,NaN,1.1107,1.9217,NaN,NaN,NaN,NaN,NaN,NaN,1.9028,0.87431,NaN,5.0426,NaN,2.8537,NaN,NaN,NaN,2.2408,0.66966,NaN,NaN
2.1195,0.61145,NaN,1.9696,NaN,0.47346,NaN,0.50715,1.0773,NaN,NaN,0.60324,1.145,1.3289,0.64431,0.59604,3.5879,2.418,NaN,NaN,1.8258,NaN,NaN,1.296,0.32517,4.1293,1.2811,NaN,2.5748,1.8685,1.4073,0.93272,NaN,1.1682,2.6565,1.4078,NaN,NaN,NaN,1.8519,12.363,1.5215,3.3581,NaN,NaN,2.8745,NaN,1.1949,NaN,1.9507,NaN,NaN,NaN,0.96387,4.8176,3.3379,1.5992,NaN,0.85757,6.548,2.6996,NaN,1.5343,2.2735,2.4321,NaN,NaN,NaN,NaN,NaN,NaN,NaN,NaN,2.2274,NaN,2.9254,0.5778,1.3428,NaN,1.3075,2.9658,NaN,NaN,NaN,NaN,NaN,NaN,2.5002,1.292,NaN,3.9637,NaN,2.0991,NaN,NaN,NaN,2.2066,1.8573,NaN,NaN
0.96568,2.4527,NaN,3.4556,NaN,1.9148,NaN,3.7973,1.4153,NaN,NaN,3.5463,2.8344,1.31,0.97344,0.65194,2.5991,3.1011,NaN,NaN,1.6751,NaN,NaN,0.94592,2.6505,3.8482,5.3717,NaN,1.6571,3.332,2.8055,0.83466,NaN,1.3111,0.50821,1.4034,NaN,NaN,NaN,2.4693,12.826,3.2678,5.9423,NaN,NaN,1.9456,NaN,1.0838,NaN,3.2875,NaN,NaN,NaN,1.8259,6.6973,4.604,4.2357,NaN,2.4676,6.7824,5.109,NaN,1.1829,2.2858,1.3604,NaN,NaN,NaN,NaN,NaN,NaN,NaN,NaN,4.1517,NaN,2.4039,1.084,2.1062,NaN,0.31553,1.9864,NaN,NaN,NaN,NaN,NaN,NaN,2.2272,2.3451,NaN,5.9503,NaN,1.4113,NaN,NaN,NaN,1.6121,1.2013,NaN,NaN
1.9333,4.4152,NaN,4.1797,NaN,5.9393,NaN,4.2408,2.2929,NaN,NaN,7.598,1.8894,0.92256,0.14873,4.1764,3.2542,4.7843,NaN,NaN,4.9628,NaN,NaN,1.9526,4.6078,10.122,8.7957,NaN,0.78181,3.1691,5.404,1.1012,NaN,1.3805,4.1351,3.6316,NaN,NaN,NaN,2.2505,9.7328,5.5942,6.5877,NaN,NaN,3.9651,NaN,1.288,NaN,4.8476,NaN,NaN,NaN,5.0156,5.5486,5.1347,5.2097,NaN,4.0937,3.3397,6.0829,NaN,2.7464,2.3391,1.7446,NaN,NaN,NaN,NaN,NaN,NaN,NaN,NaN,6.9196,NaN,0.42946,2.6714,2.4408,NaN,4.7262,1.9862,NaN,NaN,NaN,NaN,NaN,NaN,6.3656,1.9251,NaN,5.3982,NaN,1.6961,NaN,NaN,NaN,3.3657,1.4194,NaN,NaN
3.6252,3.2379,NaN,2.1396,NaN,5.5258,NaN,0.98878,2.4484,NaN,NaN,8.4322,0.94748,2.2223,2.4062,4.9127,3.4085,5.2975,NaN,NaN,4.2107,NaN,NaN,4.0356,6.4244,11.615,8.4515,NaN,2.3031,2.5647,3.19,1.7131,NaN,4.3692,5.3151,2.9433,NaN,NaN,NaN,1.3461,1.8416,5.4299,4.8845,NaN,NaN,6.5736,NaN,1.8661,NaN,3.4155,NaN,NaN,NaN,4.5551,3.0502,4.5007,0.75736,NaN,1.7005,1.8894,2.8298,NaN,0.45078,0.97985,3.1208,NaN,NaN,NaN,NaN,NaN,NaN,NaN,NaN,6.3381,NaN,1.2738,1.8314,1.7569,NaN,6.5473,2.3777,NaN,NaN,NaN,NaN,NaN,NaN,6.8923,1.114,NaN,2.9476,NaN,2.6097,NaN,NaN,NaN,0.71784,2.4539,NaN,NaN
3.8086,3.185,NaN,1.2779,NaN,0.60765,NaN,3.3613,1.0467,NaN,NaN,5.0714,2.5989,4.4138,5.8067,1.3837,5.2175,2.9293,NaN,NaN,1.3818,NaN,NaN,5.0778,2.5082,6.4814,3.7491,NaN,0.97213,2.2635,3.095,3.6436,NaN,3.5811,1.1432,0.13008,NaN,NaN,NaN,2.1971,4.4646,4.3868,3.0227,NaN,NaN,4.9352,NaN,3.7663,NaN,1.7449,NaN,NaN,NaN,2.1642,3.3487,3.3117,4.5067,NaN,0.29589,4.2188,0.91747,NaN,4.0866,1.9251,4.1291,NaN,NaN,NaN,NaN,NaN,NaN,NaN,NaN,2.9349,NaN,1.6797,2.164,2.2057,NaN,3.1627,3.8615,NaN,NaN,NaN,NaN,NaN,NaN,2.9245,0.53487,NaN,2.9378,NaN,2.3143,NaN,NaN,NaN,2.2505,1.3034,NaN,NaN
2.2519,1.051,NaN,0.97182,NaN,1.4075,NaN,4.2516,1.3664,NaN,NaN,5.273,1.176,2.2053,7.0656,4.1784,2.2895,1.2359,NaN,NaN,1.2766,NaN,NaN,2.2603,4.8014,7.1496,2.8861,NaN,3.4574,2.5347,2.4157,3.1795,NaN,3.7262,4.6761,4.0687,NaN,NaN,NaN,4.6745,3.3743,2.4674,3.1513,NaN,NaN,4.6016,NaN,2.7816,NaN,2.4661,NaN,NaN,NaN,1.1893,2.9903,2.2212,3.8215,NaN,2.4173,3.4824,1.9824,NaN,3.9662,2.081,3.5336,NaN,NaN,NaN,NaN,NaN,NaN,NaN,NaN,2.6376,NaN,1.9905,1.4289,2.7114,NaN,3.4262,3.2259,NaN,NaN,NaN,NaN,NaN,NaN,0.70624,0.66144,NaN,2.8879,NaN,2.7831,NaN,NaN,NaN,1.8365,2.3375,NaN,NaN
3.5145,0.98281,NaN,3.3368,NaN,2.2546,NaN,1.8704,4.7581,NaN,NaN,7.1334,2.1409,6.3223,2.5367,11.512,3.9914,2.0016,NaN,NaN,2.0432,NaN,NaN,2.5807,5.6882,6.535,3.5694,NaN,5.1428,4.8022,0.34535,1.1714,NaN,5.3034,5.3993,4.2596,NaN,NaN,NaN,1.7328,4.4523,1.9675,3.8552,NaN,NaN,6.9157,NaN,2.6199,NaN,1.7279,NaN,NaN,NaN,2.5626,0.57157,1.0717,1.8473,NaN,3.0467,2.6869,1.3068,NaN,1.0688,1.6873,2.8428,NaN,NaN,NaN,NaN,NaN,NaN,NaN,NaN,2.4097,NaN,2.4742,1.8054,2.7096,NaN,5.7123,1.8601,NaN,NaN,NaN,NaN,NaN,NaN,4.7642,0.28585,NaN,0.5523,NaN,1.8048,NaN,NaN,NaN,2.176,3.5511,NaN,NaN
2.3418,2.6635,NaN,1.9273,NaN,2.1745,NaN,4.1352,0.61396,NaN,NaN,3.2865,2.0389,4.7722,2.7601,7.4387,3.6967,1.8542,NaN,NaN,3.7471,NaN,NaN,2.9802,1.6525,3.9911,4.7868,NaN,2.078,2.982,3.0462,2.4928,NaN,1.0812,1.0403,3.6965,NaN,NaN,NaN,1.3789,6.7845,3.4458,2.3273,NaN,NaN,1.6713,NaN,3.8196,NaN,3.0779,NaN,NaN,NaN,6.9475,2.779,1.9129,2.5745,NaN,2.7482,3.8349,3.4104,NaN,6.3457,0.66089,1.1121,NaN,NaN,NaN,NaN,NaN,NaN,NaN,NaN,4.2286,NaN,1.9373,2.3262,3.112,NaN,4.0634,1.931,NaN,NaN,NaN,NaN,NaN,NaN,6.3965,1.352,NaN,1.8245,NaN,1.452,NaN,NaN,NaN,6.0112,3.0715,NaN,NaN
0.71977,1.5845,NaN,0.50574,NaN,1.1624,NaN,3.3611,4.0136,NaN,NaN,1.179,1.1567,2.2439,3.591,1.2418,0.92072,0.61834,NaN,NaN,1.8841,NaN,NaN,1.7331,3.8331,0.55399,5.5203,NaN,3.9245,2.0137,0.36705,0.96029,NaN,3.0933,5.5864,3.1738,NaN,NaN,NaN,2.4107,8.3037,3.2385,3.6038,NaN,NaN,4.1759,NaN,2.6834,NaN,1.3432,NaN,NaN,NaN,6.3811,3.3273,3.2692,3.8141,NaN,2.5894,5.8509,3.4348,NaN,4.3675,1.2156,1.8329,NaN,NaN,NaN,NaN,NaN,NaN,NaN,NaN,3.8406,NaN,2.2159,0.56089,3.4744,NaN,1.2549,1.7259,NaN,NaN,NaN,NaN,NaN,NaN,0.88656,2.246,NaN,3.4034,NaN,1.289,NaN,NaN,NaN,2.9318,4.1212,NaN,NaN
2.8744,1.5441,NaN,1.6524,NaN,0.55098,NaN,1.1551,1.8466,NaN,NaN,2.2405,3.656,3.1304,5.9171,2.0655,1.5422,1.1407,NaN,NaN,3.1722,NaN,NaN,1.7866,1.1963,1.0497,3.1887,NaN,1.9053,0.83316,1.6374,3.7583,NaN,1.9189,4.1359,4.0194,NaN,NaN,NaN,2.0337,9.4492,2.2934,2.7386,NaN,NaN,3.5201,NaN,2.7808,NaN,1.1152,NaN,NaN,NaN,2.4167,4.2139,4.0413,3.6335,NaN,0.84258,4.7382,2.0749,NaN,1.3881,1.9112,2.2197,NaN,NaN,NaN,NaN,NaN,NaN,NaN,NaN,3.0427,NaN,3.6851,2.1603,2.7187,NaN,1.9051,1.1233,NaN,NaN,NaN,NaN,NaN,NaN,3.4892,1.8296,NaN,3.5162,NaN,1.5996,NaN,NaN,NaN,2.6202,2.2823,NaN,NaN
4.0293,1.7794,NaN,4.2958,NaN,2.1554,NaN,2.5965,2.2978,NaN,NaN,0.90356,1.5423,2.1391,3.0443,1.7685,3.88,1.9631,NaN,NaN,6.1644,NaN,NaN,3.0845,2.8731,2.1191,3.1244,NaN,0.95042,1.7009,3.3826,5.2634,NaN,4.4858,1.9436,4.5515,NaN,NaN,NaN,1.0611,2.6323,1.4957,1.4141,NaN,NaN,3.7836,NaN,6.6222,NaN,3.2833,NaN,NaN,NaN,1.7292,1.9436,2.3794,4.0385,NaN,3.2623,1.1333,1.0573,NaN,0.82421,2.1425,1.8933,NaN,NaN,NaN,NaN,NaN,NaN,NaN,NaN,1.1885,NaN,3.3687,4.1184,0.84422,NaN,1.1553,1.3407,NaN,NaN,NaN,NaN,NaN,NaN,1.6596,4.3698,NaN,3.0685,NaN,0.62227,NaN,NaN,NaN,2.0767,2.1809,NaN,NaN
3.1961,2.4742,NaN,1.9209,NaN,2.9167,NaN,1.9645,5.8249,NaN,NaN,5.5185,1.1584,3.0679,3.4465,2.3736,2.6858,3.1419,NaN,NaN,3.8767,NaN,NaN,2.1544,3.8136,2.2371,3.3087,NaN,4.9053,1.8547,4.24,2.1449,NaN,6.0213,2.7503,2.0039,NaN,NaN,NaN,1.3305,4.7489,1.6825,1.615,NaN,NaN,1.6228,NaN,4.5648,NaN,0.15013,NaN,NaN,NaN,4.2865,2.5154,1.3679,2.5897,NaN,2.9172,4.6974,1.5793,NaN,3.4468,1.2725,5.193,NaN,NaN,NaN,NaN,NaN,NaN,NaN,NaN,5.5123,NaN,2.4536,3.8352,3.0773,NaN,1.9025,0.90179,NaN,NaN,NaN,NaN,NaN,NaN,3.1264,4.9072,NaN,2.2481,NaN,1.1727,NaN,NaN,NaN,4.3326,5.8157,NaN,NaN
1.6896,1.5183,NaN,3.4145,NaN,0.3541,NaN,2.3543,2.023,NaN,NaN,2.2712,1.6695,3.2708,2.9629,4.2955,2.8209,1.3673,NaN,NaN,0.74662,NaN,NaN,2.8459,3.7998,1.8555,3.7397,NaN,2.1163,2.9493,2.4158,2.3982,NaN,4.2895,3.6963,2.0457,NaN,NaN,NaN,1.7351,4.2468,2.1654,2.8731,NaN,NaN,1.1432,NaN,5.3543,NaN,3.717,NaN,NaN,NaN,1.9403,0.93198,1.9037,0.59274,NaN,2.0564,2.0512,0.077316,NaN,4.6095,1.1211,3.9033,NaN,NaN,NaN,NaN,NaN,NaN,NaN,NaN,4.023,NaN,0.31194,0.36961,2.938,NaN,1.2196,5.2299,NaN,NaN,NaN,NaN,NaN,NaN,7.6816,1.5567,NaN,1.0403,NaN,1.3977,NaN,NaN,NaN,2.0297,1.5192,NaN,NaN
3.2302,3.5544,NaN,3.3674,NaN,1.432,NaN,1.9145,6.6375,NaN,NaN,4.5736,1.2037,4.4141,1.303,6.331,1.2126,3.9195,NaN,NaN,2.0098,NaN,NaN,4.256,4.8784,3.3328,3.7174,NaN,3.7196,5.7872,4.0412,2.3959,NaN,5.1534,4.4953,3.3016,NaN,NaN,NaN,5.2034,2.044,1.0005,3.9457,NaN,NaN,4.5098,NaN,4.1235,NaN,2.3908,NaN,NaN,NaN,1.2159,5.4121,2.9814,2.681,NaN,2.4362,2.2351,2.2189,NaN,2.1322,2.5368,1.6854,NaN,NaN,NaN,NaN,NaN,NaN,NaN,NaN,6.2825,NaN,1.1514,1.6394,3.9672,NaN,2.3315,7.9351,NaN,NaN,NaN,NaN,NaN,NaN,2.8941,1.1938,NaN,2.7924,NaN,2.4316,NaN,NaN,NaN,1.3026,4.6659,NaN,NaN
7.4147,10.926,NaN,13.345,NaN,11.378,NaN,5.432,17.794,NaN,NaN,12.156,5.7956,13.387,2.799,12.372,8.4901,12.581,NaN,NaN,15.853,NaN,NaN,6.5015,7.1536,3.5325,13.902,NaN,10.267,17.165,19.858,16.946,NaN,15.575,19.593,12.034,NaN,NaN,NaN,15.94,8.4618,11.916,6.1764,NaN,NaN,12.335,NaN,12.305,NaN,11.358,NaN,NaN,NaN,13.019,17.062,16.063,15.423,NaN,10.988,17.469,18.545,NaN,22.723,5.0871,11.141,NaN,NaN,NaN,NaN,NaN,NaN,NaN,NaN,2.7046,NaN,23.892,15.038,16.761,NaN,11.005,7.7611,NaN,NaN,NaN,NaN,NaN,NaN,4.8692,10.873,NaN,12.726,NaN,12.738,NaN,NaN,NaN,5.9155,16.953,NaN,NaN
0.61507,3.3617,NaN,3.9293,NaN,3.6156,NaN,2.9078,5.1585,NaN,NaN,4.292,4.8591,3.0128,1.8598,0.3142,3.9215,4.1557,NaN,NaN,3.0961,NaN,NaN,0.59339,2.8133,2.2904,6.3178,NaN,3.6668,3.2993,6.2818,2.9441,NaN,2.0498,4.166,3.1577,NaN,NaN,NaN,1.7684,1.2357,3.295,1.7132,NaN,NaN,2.7662,NaN,3.4892,NaN,7.3692,NaN,NaN,NaN,2.2281,6.6763,5.3426,2.8416,NaN,4.4816,4.0439,1.2913,NaN,4.0489,2.3094,0.99566,NaN,NaN,NaN,NaN,NaN,NaN,NaN,NaN,3.6258,NaN,3.1632,3.5174,2.245,NaN,1.9039,1.9722,NaN,NaN,NaN,NaN,NaN,NaN,2.8316,2.8109,NaN,5.729,NaN,2.6017,NaN,NaN,NaN,3.0949,4.3454,NaN,NaN
2.9225,3.2135,NaN,7.7507,NaN,3.0149,NaN,3.341,2.0795,NaN,NaN,5.1968,3.0364,2.3482,1.6068,0.94494,4.2837,4.1404,NaN,NaN,1.6942,NaN,NaN,0.51545,2.3638,2.8246,3.3683,NaN,1.1914,2.143,4.9886,4.185,NaN,1.1663,1.6213,2.998,NaN,NaN,NaN,3.14,5.5825,2.001,2.7689,NaN,NaN,2.9092,NaN,3.9489,NaN,1.8975,NaN,NaN,NaN,0.94225,8.8456,3.3437,0.58358,NaN,4.6201,2.7583,1.0336,NaN,3.8854,1.9847,3.7642,NaN,NaN,NaN,NaN,NaN,NaN,NaN,NaN,2.3602,NaN,2.3678,3.1127,3.2488,NaN,3.2155,4.8454,NaN,NaN,NaN,NaN,NaN,NaN,3.6281,0.67991,NaN,3.6268,NaN,2.9329,NaN,NaN,NaN,1.8884,5.5018,NaN,NaN
1.7691,0.62268,NaN,4.577,NaN,1.8725,NaN,2.7308,0.75614,NaN,NaN,3.1555,2.5025,3.8362,1.6323,1.0454,4.8419,0.48335,NaN,NaN,1.6438,NaN,NaN,4.1601,3.3014,3.982,2.8107,NaN,2.5905,0.51167,2.6304,3.1692,NaN,3.0364,2.7517,2.679,NaN,NaN,NaN,2.6108,5.0149,0.41101,1.7662,NaN,NaN,2.764,NaN,3.1032,NaN,3.3598,NaN,NaN,NaN,0.90793,5.2703,2.3621,1.8631,NaN,2.0188,4.7657,1.4218,NaN,3.3593,1.4873,4.521,NaN,NaN,NaN,NaN,NaN,NaN,NaN,NaN,1.6646,NaN,1.951,1.509,2.9615,NaN,1.1993,3.9981,NaN,NaN,NaN,NaN,NaN,NaN,7.2237,2.1179,NaN,4.3653,NaN,2.6993,NaN,NaN,NaN,1.6625,3.2127,NaN,NaN
2.6175,1.8694,NaN,1.7286,NaN,2.9414,NaN,2.749,1.0884,NaN,NaN,1.3023,0.9872,3.6883,0.65915,3.8943,2.4781,2.1622,NaN,NaN,1.262,NaN,NaN,3.7316,2.7721,4.1032,1.2241,NaN,3.8144,1.6221,2.1605,0.93183,NaN,3.6536,1.6165,0.54403,NaN,NaN,NaN,1.1738,2.3313,0.99745,1.4304,NaN,NaN,2.1332,NaN,1.7773,NaN,2.1228,NaN,NaN,NaN,1.7031,0.73804,3.5638,1.4751,NaN,0.79703,5.3871,0.81122,NaN,1.3531,1.9752,3.1758,NaN,NaN,NaN,NaN,NaN,NaN,NaN,NaN,3.7513,NaN,1.6808,1.6564,1.9755,NaN,1.3781,1.6344,NaN,NaN,NaN,NaN,NaN,NaN,4.8675,2.6549,NaN,6.4298,NaN,1.937,NaN,NaN,NaN,1.8128,2.3106,NaN,NaN
4.3892,3.0843,NaN,3.02,NaN,2.2906,NaN,2.4256,2.9558,NaN,NaN,3.5074,1.9911,1.8416,1.8384,1.902,2.9475,2.2083,NaN,NaN,3.4574,NaN,NaN,1.7286,2.638,1.6742,2.9738,NaN,1.5242,2.9785,3.6766,3.0066,NaN,2.7549,1.2893,1.5432,NaN,NaN,NaN,4.1801,2.1453,0.82171,2.1641,NaN,NaN,3.0565,NaN,1.9225,NaN,4.2839,NaN,NaN,NaN,0.29192,4.9755,1.77,2.4535,NaN,0.77962,6.8549,1.7241,NaN,3.457,1.7901,6.3901,NaN,NaN,NaN,NaN,NaN,NaN,NaN,NaN,2.6794,NaN,2.4312,3.3965,3.4195,NaN,1.4872,2.5164,NaN,NaN,NaN,NaN,NaN,NaN,4.2826,3.625,NaN,2.3552,NaN,5.1426,NaN,NaN,NaN,2.1756,0.83352,NaN,NaN
4.8121,5.0921,NaN,4.5714,NaN,3.2077,NaN,1.8767,2.1241,NaN,NaN,5.2685,3.4381,1.024,1.8683,1.1636,4.9824,3.1677,NaN,NaN,7.1958,NaN,NaN,4.2711,1.9261,1.5855,4.0085,NaN,2.4787,4.284,4.8328,5.532,NaN,4.752,1.858,3.2836,NaN,NaN,NaN,6.5503,6.1635,2.5723,3.7139,NaN,NaN,6.2151,NaN,5.5897,NaN,5.3733,NaN,NaN,NaN,2.3778,9.9621,4.2038,2.9809,NaN,3.9106,5.4447,4.5269,NaN,3.4115,3.557,8.0256,NaN,NaN,NaN,NaN,NaN,NaN,NaN,NaN,4.2505,NaN,3.846,2.7629,5.3622,NaN,2.5688,2.8549,NaN,NaN,NaN,NaN,NaN,NaN,2.7579,3.2786,NaN,2.2347,NaN,7.9561,NaN,NaN,NaN,2.0924,5.1111,NaN,NaN
5.3759,2.3957,NaN,4.7343,NaN,4.0585,NaN,2.3751,2.9921,NaN,NaN,6.5674,5.5974,2.7661,3.8963,3.132,3.8025,4.9849,NaN,NaN,9.691,NaN,NaN,4.4511,3.0754,4.0939,7.0615,NaN,2.8609,5.4176,8.8151,6.632,NaN,4.97,6.2563,8.8235,NaN,NaN,NaN,7.6395,8.4614,3.7341,2.9255,NaN,NaN,9.7965,NaN,8.7954,NaN,6.2607,NaN,NaN,NaN,5.0449,11.713,6.2609,4.3166,NaN,8.123,6.1269,5.4869,NaN,4.8165,5.1333,6.9413,NaN,NaN,NaN,NaN,NaN,NaN,NaN,NaN,7.5988,NaN,4.4706,4.4018,5.2706,NaN,1.8095,6.9874,NaN,NaN,NaN,NaN,NaN,NaN,2.9795,2.6306,NaN,4.1234,NaN,10.357,NaN,NaN,NaN,3.9576,9.2015,NaN,NaN
8.026,2.3884,NaN,2.4934,NaN,3.8743,NaN,4.5127,7.1284,NaN,NaN,4.9761,7.7611,6.7004,5.5827,6.2153,1.9894,7.9903,NaN,NaN,10.911,NaN,NaN,3.7698,4.0755,7.2923,11.959,NaN,2.6036,6.8935,11.422,5.5317,NaN,5.6785,9.7679,13.715,NaN,NaN,NaN,8.0113,9.1128,4.0755,2.2462,NaN,NaN,8.6558,NaN,9.3626,NaN,7.3226,NaN,NaN,NaN,7.6265,10.333,8.371,4.9173,NaN,8.432,8.6313,4.697,NaN,5.1019,6.6054,4.3576,NaN,NaN,NaN,NaN,NaN,NaN,NaN,NaN,10.958,NaN,4.0754,5.1462,3.3319,NaN,5.1605,9.2208,NaN,NaN,NaN,NaN,NaN,NaN,9.2672,3.8523,NaN,7.7147,NaN,10.074,NaN,NaN,NaN,6.2115,10.144,NaN,NaN
10.056,4.5676,NaN,1.1752,NaN,2.1971,NaN,7.2307,7.4711,NaN,NaN,0.66661,5.7675,9.6117,4.6474,5.6919,3.8034,8.4102,NaN,NaN,9.1327,NaN,NaN,3.4172,6.5484,7.5659,11.13,NaN,0.13292,4.9127,13.054,1.2909,NaN,6.0137,6.4682,7.3441,NaN,NaN,NaN,7.7719,9.7492,4.6842,4.8119,NaN,NaN,4.651,NaN,9.2049,NaN,4.9259,NaN,NaN,NaN,8.1674,4.7148,7.4385,7.1012,NaN,4.5427,5.9465,2.952,NaN,4.913,7.2276,2.0758,NaN,NaN,NaN,NaN,NaN,NaN,NaN,NaN,10.311,NaN,4.6736,3.9322,2.5874,NaN,5.9967,10.806,NaN,NaN,NaN,NaN,NaN,NaN,9.3636,2.6397,NaN,5.5734,NaN,6.4206,NaN,NaN,NaN,5.752,7.0577,NaN,NaN
9.8083,2.274,NaN,4.8028,NaN,2.8264,NaN,2.6409,4.3321,NaN,NaN,5.5022,4.7101,3.0806,9.0113,4.9145,6.2884,8.9379,NaN,NaN,8.5264,NaN,NaN,3.8803,5.7544,7.7083,10.7,NaN,6.1021,6.3762,3.9531,3.6591,NaN,4.6442,7.6207,15.809,NaN,NaN,NaN,13.948,7.7075,6.9351,1.1764,NaN,NaN,8.4475,NaN,7.4223,NaN,8.8519,NaN,NaN,NaN,7.0431,8.5364,3.7836,3.1037,NaN,5.2287,9.9127,3.0259,NaN,7.055,10.642,4.4744,NaN,NaN,NaN,NaN,NaN,NaN,NaN,NaN,13.333,NaN,3.9924,0.5048,1.988,NaN,4.5744,9.015,NaN,NaN,NaN,NaN,NaN,NaN,16.048,3.2012,NaN,4.8355,NaN,12.106,NaN,NaN,NaN,8.8086,8.48,NaN,NaN
5.9596,5.0996,NaN,4.4617,NaN,4.0844,NaN,8.4832,0.8885,NaN,NaN,6.2856,3.6176,5.8334,5.1507,6.0987,5.5731,8.6777,NaN,NaN,5.5514,NaN,NaN,2.1752,6.091,4.375,6.4996,NaN,4.2966,5.805,1.3019,5.875,NaN,6.2121,4.028,8.5725,NaN,NaN,NaN,12.502,1.4975,3.2397,1.5482,NaN,NaN,3.7145,NaN,2.8473,NaN,11.817,NaN,NaN,NaN,3.7728,6.4536,5.4034,5.2882,NaN,3.3901,7.2824,3.9573,NaN,1.7008,7.3197,6.8776,NaN,NaN,NaN,NaN,NaN,NaN,NaN,NaN,8.4037,NaN,4.0417,1.5017,4.2848,NaN,4.6291,4.412,NaN,NaN,NaN,NaN,NaN,NaN,14.286,9.6609,NaN,10.634,NaN,7.4045,NaN,NaN,NaN,2.0756,10.203,NaN,NaN
2.4511,5.6271,NaN,11.683,NaN,11.133,NaN,10.337,9.4984,NaN,NaN,16.427,4.5528,13.192,7.8008,15.644,12.819,7.6589,NaN,NaN,11.703,NaN,NaN,0.98459,7.31,5.0873,1.3294,NaN,3.0661,3.54,12.67,6.708,NaN,10.12,11.822,9.6051,NaN,NaN,NaN,11.568,5.4998,4.8116,6.2647,NaN,NaN,5.7791,NaN,4.5305,NaN,10.122,NaN,NaN,NaN,9.123,7.5584,11.752,12.7,NaN,2.9455,10.549,11.154,NaN,14.554,7.1983,1.2739,NaN,NaN,NaN,NaN,NaN,NaN,NaN,NaN,11.087,NaN,17.652,8.3211,6.0999,NaN,1.2094,6.1252,NaN,NaN,NaN,NaN,NaN,NaN,17.659,11.066,NaN,12.406,NaN,1.4822,NaN,NaN,NaN,5.9331,15.977,NaN,NaN
