NaN,0.88721,1.7518,NaN,NaN,11.521,4.2854,15.478,NaN,3.1577,NaN,NaN,NaN,1.9796,1.1765,5.1183,NaN,5.214,NaN,1.7479,19.165,4.7878,NaN,NaN,NaN,2.8237,2.2198,2.1536,6.0399,NaN,2.4899,NaN,NaN,1.2953,9.0462,NaN,NaN,NaN,NaN,NaN,NaN,5.3243,1.3562,6.6421,2.7911,4.8853,NaN,NaN,NaN,9.7722,3.0308,6.8945,5.964,NaN,NaN,NaN,3.1155,0.76569,NaN,0.95425,7.7824,NaN,NaN,11.376,2.1785,8.3452,2.1233,4.2877,NaN,NaN,5.4921,2.4388,NaN,3.7205,3.5562,NaN,NaN,3.6162,2.1328,4.533,NaN,26.237,6.124,7.9758,6.5974,0.73229,2.4889,NaN,NaN,NaN,1.2688,NaN,NaN,NaN,NaN,NaN,4.4484,NaN,NaN,5.5343
NaN,3.5992,3.3041,NaN,NaN,3.1359,5.4877,8.4819,NaN,5.7793,NaN,NaN,NaN,1.4195,2.9497,2.5175,NaN,3.1776,NaN,5.0133,3.8075,2.4231,NaN,NaN,NaN,3.7133,7.3679,1.5276,2.9554,NaN,4.512,NaN,NaN,4.8756,8.2312,NaN,NaN,NaN,NaN,NaN,NaN,4.8012,3.891,4.9699,8.9304,4.4584,NaN,NaN,NaN,16.765,3.7005,7.1182,8.5393,NaN,NaN,NaN,4.8393,1.6313,NaN,1.449,3.8233,NaN,NaN,4.3227,2.4278,3.7828,2.5999,13.021,NaN,NaN,10.727,1.2447,NaN,4.3865,2.223,NaN,NaN,3.1759,5.196,3.1759,NaN,8.4496,16.186,31.33,10.571,11.659,4.1525,NaN,NaN,NaN,7.3938,NaN,NaN,NaN,NaN,NaN,5.0706,NaN,NaN,2.0874
NaN,1.7714,2.9946,NaN,NaN,9.787,3.5748,12.235,NaN,11.829,NaN,NaN,NaN,3.9082,0.22224,6.7591,NaN,9.0572,NaN,4.0991,8.6153,2.4306,NaN,NaN,NaN,3.8955,4.5135,3.5735,5.0765,NaN,4.0211,NaN,NaN,5.4638,11.413,NaN,NaN,NaN,NaN,NaN,NaN,10.403,3.1618,3.8693,8.6602,2.6088,NaN,NaN,NaN,10.464,6.0601,4.8747,9.3309,NaN,NaN,NaN,2.7629,2.5523,NaN,4.4113,9.5896,NaN,NaN,12.915,3.1135,9.9948,1.0662,14.003,NaN,NaN,14.131,0.56091,NaN,2.8366,2.0648,NaN,NaN,3.2967,2.9006,9.7488,NaN,17.599,11.298,5.8261,11.846,2.5517,2.4456,NaN,NaN,NaN,4.0585,NaN,NaN,NaN,NaN,NaN,3.7434,NaN,NaN,4.0401
NaN,5.9765,6.8317,NaN,NaN,2.4248,2.5338,5.7807,NaN,13.31,NaN,NaN,NaN,2.2414,6.2172,12.069,NaN,8.3886,NaN,5.6103,8.4684,4.2837,NaN,NaN,NaN,10.94,7.2057,21.012,2.3128,NaN,8.9643,NaN,NaN,12.861,5.2619,NaN,NaN,NaN,NaN,NaN,NaN,10.37,4.911,1.8573,11.117,0.90662,NaN,NaN,NaN,7.1033,5.0046,5.1813,4.0021,NaN,NaN,NaN,4.2166,3.2757,NaN,8.3842,7.2996,NaN,NaN,18.374,6.3837,4.2729,7.3466,6.4406,NaN,NaN,14.256,4.4764,NaN,5.6796,9.1946,NaN,NaN,3.0901,3.4178,1.6306,NaN,6.7354,6.2331,8.315,14.252,3.2323,3.6246,NaN,NaN,NaN,3.6729,NaN,NaN,NaN,NaN,NaN,1.9531,NaN,NaN,0.84607
NaN,14.642,7.6441,NaN,NaN,9.4878,3.4054,5.8208,NaN,45.243,NaN,NaN,NaN,3.4365,1.1725,15.676,NaN,8.4926,NaN,15.853,5.0782,5.5936,NaN,NaN,NaN,1.9841,2.1518,7.6352,2.8214,NaN,7.9363,NaN,NaN,10.511,7.5449,NaN,NaN,NaN,NaN,NaN,NaN,7.3055,4.2133,5.3704,19.486,3.1742,NaN,NaN,NaN,10.921,7.1483,1.0458,3.9213,NaN,NaN,NaN,7.6187,5.1781,NaN,4.6358,4.5918,NaN,NaN,13.896,3.8172,2.2489,4.6158,11.122,NaN,NaN,20.354,0.83614,NaN,2.5083,2.0618,NaN,NaN,2.3453,6.2186,6.7922,NaN,11.155,17.167,6.9757,8.1989,6.9931,1.7712,NaN,NaN,NaN,5.7222,NaN,NaN,NaN,NaN,NaN,2.2847,NaN,NaN,5.9448
NaN,5.4567,6.4721,NaN,NaN,3.3077,5.413,6.1502,NaN,7.1793,NaN,NaN,NaN,1.918,1.6748,4.5948,NaN,5.222,NaN,5.1595,4.962,5.4216,NaN,NaN,NaN,1.7586,5.4153,1.7339,1.965,NaN,16.859,NaN,NaN,7.5322,12.866,NaN,NaN,NaN,NaN,NaN,NaN,2.452,1.9637,1.9062,5.8245,4.583,NaN,NaN,NaN,9.956,5.3898,4.6715,10.605,NaN,NaN,NaN,8.7208,3.8065,NaN,3.1405,3.8717,NaN,NaN,8.0204,3.8038,1.4864,3.389,6.5868,NaN,NaN,11.781,0.37669,NaN,10.917,2.0308,NaN,NaN,2.2538,6.429,5.0675,NaN,12.43,16.978,8.0973,8.2692,9.1052,3.0583,NaN,NaN,NaN,4.9101,NaN,NaN,NaN,NaN,NaN,4.3907,NaN,NaN,10.358
NaN,1.6445,5.2094,NaN,NaN,4.1194,9.1439,3.4421,NaN,8.802,NaN,NaN,NaN,1.0144,6.2959,3.3765,NaN,1.7235,NaN,5.6123,3.5327,3.1961,NaN,NaN,NaN,5.4776,9.9792,3.9069,1.9307,NaN,10.329,NaN,NaN,5.2976,6.9924,NaN,NaN,NaN,NaN,NaN,NaN,5.7716,3.1856,11.197,4.0524,5.7113,NaN,NaN,NaN,6.0405,2.6719,4.9035,12.066,NaN,NaN,NaN,2.1807,3.2413,NaN,1.6489,1.6398,NaN,NaN,3.2288,3.4289,1.5587,3.4241,5.8971,NaN,NaN,3.4215,2.2269,NaN,4.9895,5.4487,NaN,NaN,10.722,4.5456,1.7495,NaN,3.2154,7.5205,11.581,6.0622,5.8755,5.4585,NaN,NaN,NaN,4.1006,NaN,NaN,NaN,NaN,NaN,3.4199,NaN,NaN,2.0254
NaN,5.8639,2.6309,NaN,NaN,8.1339,3.3077,4.1825,NaN,7.0727,NaN,NaN,NaN,0.33847,6.3153,2.1823,NaN,11.288,NaN,6.1537,8.5342,1.6092,NaN,NaN,NaN,3.4927,4.0796,2.7152,8.7409,NaN,2.3811,NaN,NaN,13.534,3.4012,NaN,NaN,NaN,NaN,NaN,NaN,3.9747,17.119,3.3513,3.1421,2.9117,NaN,NaN,NaN,3.9714,3.5146,4.2184,7.8484,NaN,NaN,NaN,0.94852,2.8817,NaN,4.4622,0.52638,NaN,NaN,4.8417,2.8954,4.6923,1.9744,6.4246,NaN,NaN,2.7489,1.0858,NaN,6.9943,7.0971,NaN,NaN,3.5874,3.1844,3.9222,NaN,15.355,11.079,1.1075,1.311,2.385,5.0108,NaN,NaN,NaN,0.66709,NaN,NaN,NaN,NaN,NaN,4.6887,NaN,NaN,1.2738
NaN,7.5629,8.2976,NaN,NaN,3.0618,1.0332,2.3544,NaN,7.4996,NaN,NaN,NaN,0.71826,6.9809,2.4324,NaN,5.0126,NaN,0.30193,10.06,4.3502,NaN,NaN,NaN,4.8257,7.0745,0.35486,7.0298,NaN,7.7413,NaN,NaN,3.3246,21.314,NaN,NaN,NaN,NaN,NaN,NaN,6.424,3.1656,3.3722,1.5971,5.0942,NaN,NaN,NaN,17.036,5.1703,9.7831,5.3345,NaN,NaN,NaN,4.1415,3.0327,NaN,3.1278,2.5832,NaN,NaN,16.444,1.0755,4.0591,8.1047,6.2298,NaN,NaN,4.8696,18.862,NaN,5.035,2.7186,NaN,NaN,1.9333,3.7317,4.7215,NaN,5.2957,5.3353,1.8428,1.0137,5.8249,4.9356,NaN,NaN,NaN,2.8208,NaN,NaN,NaN,NaN,NaN,5.5035,NaN,NaN,5.9989
NaN,8.4278,3.2205,NaN,NaN,6.3857,6.0042,2.2439,NaN,9.8388,NaN,NaN,NaN,4.1329,4.6818,4.508,NaN,2.9556,NaN,5.5256,3.2795,5.255,NaN,NaN,NaN,5.1435,5.3435,3.8032,5.0886,NaN,3.1808,NaN,NaN,5.5216,3.2569,NaN,NaN,NaN,NaN,NaN,NaN,3.4604,5.3606,5.5671,16.149,7.6481,NaN,NaN,NaN,7.5167,4.2923,3.1522,6.593,NaN,NaN,NaN,7.412,8.8514,NaN,3.9813,2.3638,NaN,NaN,11.587,4.2019,12.72,5.9573,3.3833,NaN,NaN,8.2484,1.7984,NaN,2.7182,3.8152,NaN,NaN,2.4482,6.8157,2.3723,NaN,3.1853,10.307,16.912,4.0217,4.709,4.3933,NaN,NaN,NaN,4.2783,NaN,NaN,NaN,NaN,NaN,4.3819,NaN,NaN,0.63045
NaN,19.817,7.4202,NaN,NaN,5.2203,3.7286,8.2081,NaN,4.5637,NaN,NaN,NaN,6.8087,5.0503,5.3075,NaN,6.483,NaN,2.3651,4.9099,11.356,NaN,NaN,NaN,9.7208,7.1354,11.606,1.9725,NaN,3.1163,NaN,NaN,9.2387,6.429,NaN,NaN,NaN,NaN,NaN,NaN,2.6107,2.7422,5.8602,8.1734,4.1661,NaN,NaN,NaN,5.6873,1.4048,3.957,3.9597,NaN,NaN,NaN,7.1839,7.0581,NaN,3.6028,1.6806,NaN,NaN,9.6961,3.9649,22.595,3.7344,6.7112,NaN,NaN,8.776,8.4383,NaN,4.1793,2.5206,NaN,NaN,5.2825,7.9567,1.5651,NaN,5.1601,2.6916,5.5682,3.0713,4.7983,2.528,NaN,NaN,NaN,8.4155,NaN,NaN,NaN,NaN,NaN,8.7717,NaN,NaN,0.1957
NaN,1.4698,3.7299,NaN,NaN,2.745,5.7356,7.8362,NaN,5.744,NaN,NaN,NaN,3.6206,11.354,1.8882,NaN,11.512,NaN,11.34,3.8104,3.5493,NaN,NaN,NaN,8.5567,8.1715,14.41,4.2796,NaN,4.6362,NaN,NaN,10.924,5.0084,NaN,NaN,NaN,NaN,NaN,NaN,0.83409,2.6583,12.659,10.856,2.9526,NaN,NaN,NaN,3.7975,12.704,2.6542,8.5715,NaN,NaN,NaN,2.7331,0.48384,NaN,3.1464,10.799,NaN,NaN,7.2459,0.75163,8.0427,4.0629,6.9598,NaN,NaN,4.4159,5.7946,NaN,13.179,2.68,NaN,NaN,3.7096,4.9055,8.0206,NaN,4.7933,2.5256,8.5416,1.2635,6.0289,4.3822,NaN,NaN,NaN,3.7073,NaN,NaN,NaN,NaN,NaN,2.6512,NaN,NaN,8.7692
NaN,6.8458,5.625,NaN,NaN,4.9841,2.3926,3.2043,NaN,4.1951,NaN,NaN,NaN,1.694,6.445,2.308,NaN,4.3617,NaN,13.449,2.8041,3.1102,NaN,NaN,NaN,10.87,1.1111,4.3458,5.5806,NaN,8.8577,NaN,NaN,1.8594,1.3216,NaN,NaN,NaN,NaN,NaN,NaN,4.6034,1.6586,8.7834,2.3067,2.8822,NaN,NaN,NaN,15.896,1.8452,3.7827,9.8555,NaN,NaN,NaN,5.5546,3.2791,NaN,6.7503,3.541,NaN,NaN,14.854,4.1423,1.8819,5.7765,6.9213,NaN,NaN,6.5461,6.0811,NaN,6.1932,12.4,NaN,NaN,2.7257,7.2179,3.6513,NaN,4.6956,6.1503,8.3249,7.9614,6.1255,10.933,NaN,NaN,NaN,2.6731,NaN,NaN,NaN,NaN,NaN,8.0244,NaN,NaN,3.9472
NaN,6.4612,4.2629,NaN,NaN,1.8036,5.5594,2.2896,NaN,12.822,NaN,NaN,NaN,2.2091,7.0036,3.3023,NaN,4.1237,NaN,6.9617,5.1934,3.5606,NaN,NaN,NaN,4.053,2.4717,3.6406,9.8689,NaN,20.163,NaN,NaN,6.4654,10.623,NaN,NaN,NaN,NaN,NaN,NaN,8.2081,3.0581,2.8929,11.347,5.5811,NaN,NaN,NaN,5.9563,3.6013,0.60712,1.1376,NaN,NaN,NaN,19.032,7.2254,NaN,7.8692,1.8638,NaN,NaN,10.951,10.165,2.1651,5.4531,2.517,NaN,NaN,0.56428,5.6085,NaN,1.3433,5.8121,NaN,NaN,3.252,7.4761,1.9798,NaN,5.2961,7.6242,8.4886,2.2748,4.1641,7.2616,NaN,NaN,NaN,4.1441,NaN,NaN,NaN,NaN,NaN,7.6637,NaN,NaN,16.315
NaN,13.197,2.4262,NaN,NaN,5.2354,9.3553,8.7062,NaN,1.9095,NaN,NaN,NaN,4.4894,7.6105,4.5474,NaN,5.918,NaN,8.3087,2.1622,12.335,NaN,NaN,NaN,6.8212,16.82,2.9091,6.8666,NaN,2.4171,NaN,NaN,6.9314,2.4861,NaN,NaN,NaN,NaN,NaN,NaN,1.2184,5.7956,7.6134,1.0188,6.2217,NaN,NaN,NaN,1.4778,7.8867,11.194,8.6467,NaN,NaN,NaN,4.2582,5.3165,NaN,11.478,30.236,NaN,NaN,7.8063,6.2343,14.998,6.2082,8.5961,NaN,NaN,10.525,3.9907,NaN,4.8144,3.6827,NaN,NaN,7.3209,10.515,1.9326,NaN,4.6181,4.265,5.408,5.0527,3.8898,4.3932,NaN,NaN,NaN,16.724,NaN,NaN,NaN,NaN,NaN,12.305,NaN,NaN,1.1874
NaN,11.256,8.4168,NaN,NaN,8.6093,6.747,5.954,NaN,11.196,NaN,NaN,NaN,11.352,5.725,9.7141,NaN,3.5621,NaN,5.3794,6.0815,2.9825,NaN,NaN,NaN,5.6192,4.9175,2.3012,19.366,NaN,3.6024,NaN,NaN,13.559,4.3868,NaN,NaN,NaN,NaN,NaN,NaN,3.6095,13.323,5.4323,16.35,5.9448,NaN,NaN,NaN,4.1627,4.2708,3.8921,9.3486,NaN,NaN,NaN,4.4983,7.5779,NaN,10.628,6.2656,NaN,NaN,6.56,2.349,6.7137,4.0037,1.8197,NaN,NaN,16.136,3.287,NaN,1.9283,1.5067,NaN,NaN,5.2684,6.346,3.3375,NaN,12.97,5.1097,4.5935,7.8018,3.6476,5.0257,NaN,NaN,NaN,2.9048,NaN,NaN,NaN,NaN,NaN,5.9299,NaN,NaN,4.7147
NaN,4.8307,1.0891,NaN,NaN,2.2009,4.4354,3.1295,NaN,9.0974,NaN,NaN,NaN,11.214,3.888,15.324,NaN,5.6714,NaN,12.301,3.2594,0.49681,NaN,NaN,NaN,8.5037,4.0735,4.9851,3.976,NaN,5.652,NaN,NaN,8.6066,7.6022,NaN,NaN,NaN,NaN,NaN,NaN,0.25021,8.1284,8.1157,31.469,1.1397,NaN,NaN,NaN,5.0192,1.7213,4.9202,8.7373,NaN,NaN,NaN,10.26,4.8001,NaN,2.6843,2.2671,NaN,NaN,16.649,2.8801,8.3319,4.5334,3.0842,NaN,NaN,2.4479,5.8791,NaN,8.1901,14.303,NaN,NaN,7.2462,4.8079,1.633,NaN,8.1484,7.9672,12.865,8.208,3.6123,4.6806,NaN,NaN,NaN,1.444,NaN,NaN,NaN,NaN,NaN,10.379,NaN,NaN,5.6672
NaN,2.4729,1.7219,NaN,NaN,7.7793,1.2691,3.0205,NaN,3.2961,NaN,NaN,NaN,3.2273,12.551,6.8889,NaN,8.2666,NaN,7.7,1.7332,2.3889,NaN,NaN,NaN,5.5153,3.1336,1.3152,1.2787,NaN,2.5236,NaN,NaN,2.2912,3.5751,NaN,NaN,NaN,NaN,NaN,NaN,1.9924,4.7618,9.9805,4.0282,4.0493,NaN,NaN,NaN,18.23,3.6652,5.6891,11.577,NaN,NaN,NaN,11.812,2.6016,NaN,7.8516,4.7891,NaN,NaN,16.316,1.8261,14.613,5.0388,6.7353,NaN,NaN,2.0299,9.7544,NaN,8.067,4.2171,NaN,NaN,8.7643,4.878,3.2248,NaN,2.8533,5.1,12.011,4.227,3.7224,21.84,NaN,NaN,NaN,1.5054,NaN,NaN,NaN,NaN,NaN,12.077,NaN,NaN,5.2864
NaN,2.8689,2.5113,NaN,NaN,4.5298,3.2054,5.5441,NaN,3.1727,NaN,NaN,NaN,1.8805,10.119,2.6487,NaN,2.1125,NaN,6.3087,1.0163,4.488,NaN,NaN,NaN,13.629,2.1192,8.716,5.6898,NaN,1.9579,NaN,NaN,5.9478,3.0384,NaN,NaN,NaN,NaN,NaN,NaN,0.594,4.1021,11.198,5.2189,0.43775,NaN,NaN,NaN,7.626,53.768,15.17,7.9537,NaN,NaN,NaN,4.1084,4.2199,NaN,7.3804,13.961,NaN,NaN,4.8405,3.1293,6.9819,2.7619,10.004,NaN,NaN,3.3482,16.018,NaN,2.1266,6.4643,NaN,NaN,23.142,0.40264,6.7977,NaN,4.4027,9.0448,3.2507,1.3205,10.161,4.3327,NaN,NaN,NaN,0.89949,NaN,NaN,NaN,NaN,NaN,10.179,NaN,NaN,13.769
NaN,6.7967,1.3384,NaN,NaN,5.6692,3.7468,5.1786,NaN,6.8128,NaN,NaN,NaN,8.4926,3.7279,9.0272,NaN,2.2645,NaN,4.533,9.0402,5.7391,NaN,NaN,NaN,36.046,6.8197,2.3768,4.8666,NaN,1.4174,NaN,NaN,37.38,3.1372,NaN,NaN,NaN,NaN,NaN,NaN,10.769,4.7872,4.0219,6.6207,4.8409,NaN,NaN,NaN,4.3168,4.9059,9.2404,4.6895,NaN,NaN,NaN,9.0526,5.8291,NaN,18.079,7.3145,NaN,NaN,8.2094,4.8084,9.5678,4.7178,3.7147,NaN,NaN,4.4758,5.2046,NaN,4.1577,10.558,NaN,NaN,12.305,1.6917,1.9938,NaN,8.5092,3.2319,3.1549,6.3526,8.7752,7.4721,NaN,NaN,NaN,2.1395,NaN,NaN,NaN,NaN,NaN,9.492,NaN,NaN,2.6656
NaN,0.13267,7.0889,NaN,NaN,6.1595,0.68223,5.74,NaN,5.3714,NaN,NaN,NaN,9.2535,3.7472,7.082,NaN,5.3702,NaN,4.7759,4.6323,2.1619,NaN,NaN,NaN,6.0655,5.557,2.8116,0.94595,NaN,0.7472,NaN,NaN,3.9948,7.0229,NaN,NaN,NaN,NaN,NaN,NaN,6.1435,3.6257,4.6643,5.0397,7.818,NaN,NaN,NaN,1.3128,0.78129,7.3148,7.7246,NaN,NaN,NaN,10.537,4.4864,NaN,13.356,4.3119,NaN,NaN,8.3322,2.0109,13.042,3.5134,5.7799,NaN,NaN,2.4115,4.5247,NaN,1.6283,0.51863,NaN,NaN,39.209,2.1039,0.97743,NaN,5.9534,7.5119,1.7268,6.6206,3.2774,13.115,NaN,NaN,NaN,0.90786,NaN,NaN,NaN,NaN,NaN,20.597,NaN,NaN,1.0995
NaN,2.4579,5.0877,NaN,NaN,5.688,2.2826,6.9722,NaN,6.2662,NaN,NaN,NaN,15.258,2.688,2.9585,NaN,8.1501,NaN,0.94875,8.5633,4.1454,NaN,NaN,NaN,11.033,7.4011,7.5036,5.2733,NaN,0.76823,NaN,NaN,4.0664,5.8585,NaN,NaN,NaN,NaN,NaN,NaN,6.6529,8.7811,8.1251,19.483,8.5873,NaN,NaN,NaN,3.4724,1.918,15.488,8.8642,NaN,NaN,NaN,4.1683,7.1072,NaN,4.001,2.2895,NaN,NaN,14.364,4.0574,8.4782,5.8374,3.5266,NaN,NaN,4.2055,3.6453,NaN,16.366,16.2,NaN,NaN,4.9777,1.0896,3.0697,NaN,29.549,15.744,3.3252,8.8799,3.8565,3.9419,NaN,NaN,NaN,2.1141,NaN,NaN,NaN,NaN,NaN,14.364,NaN,NaN,7.9636
NaN,6.507,2.6086,NaN,NaN,6.6511,5.0962,4.1425,NaN,6.5605,NaN,NaN,NaN,2.7555,7.8778,0.93824,NaN,2.1068,NaN,1.0465,5.8897,9.7929,NaN,NaN,NaN,15.157,10.746,6.1767,8.7817,NaN,0.88587,NaN,NaN,4.4609,5.3844,NaN,NaN,NaN,NaN,NaN,NaN,16.696,1.8284,6.2029,15.345,6.2235,NaN,NaN,NaN,5.7399,1.5391,14.746,8.2146,NaN,NaN,NaN,2.4962,7.707,NaN,7.7402,4.9454,NaN,NaN,10.72,4.1334,13.261,5.926,3.0046,NaN,NaN,7.4147,7.5134,NaN,8.0044,13.415,NaN,NaN,2.3845,3.03,7.7581,NaN,15.485,21.583,3.3394,6.9695,6.6801,5.7386,NaN,NaN,NaN,5.8559,NaN,NaN,NaN,NaN,NaN,7.8206,NaN,NaN,10.594
NaN,5.1977,3.4187,NaN,NaN,5.07,2.6614,2.8397,NaN,7.3241,NaN,NaN,NaN,3.2237,14.968,3.3979,NaN,6.8062,NaN,4.0248,4.8727,7.01,NaN,NaN,NaN,8.8579,9.9519,6.1881,10.082,NaN,4.9399,NaN,NaN,13.14,6.4763,NaN,NaN,NaN,NaN,NaN,NaN,12.434,6.1673,9.0166,4.6914,5.3084,NaN,NaN,NaN,5.2137,0.74759,15.172,10.981,NaN,NaN,NaN,2.8179,4.7757,NaN,11.373,4.8555,NaN,NaN,7.7221,3.2382,9.5148,0.86421,5.3113,NaN,NaN,18.347,5.7519,NaN,6.7065,11.487,NaN,NaN,7.0745,4.8402,4.158,NaN,5.5352,21.691,4.7033,4.6234,6.0131,6.2518,NaN,NaN,NaN,9.1084,NaN,NaN,NaN,NaN,NaN,7.614,NaN,NaN,7.8106
NaN,12.47,6.1301,NaN,NaN,8.7996,9.5524,5.9149,NaN,6.7892,NaN,NaN,NaN,5.4265,15.123,4.8686,NaN,6.1496,NaN,9.3953,7.2788,6.4992,NaN,NaN,NaN,10.928,18.745,11.181,9.8142,NaN,3.6707,NaN,NaN,10.365,5.8941,NaN,NaN,NaN,NaN,NaN,NaN,12.573,5.7116,6.496,7.866,14.433,NaN,NaN,NaN,13.016,0.90119,12.378,9.7551,NaN,NaN,NaN,3.1957,9.6037,NaN,8.3942,12.707,NaN,NaN,17.792,10.22,28.589,6.3962,1.9294,NaN,NaN,7.7544,3.7461,NaN,14.549,11.409,NaN,NaN,2.2881,4.8276,13.508,NaN,5.3225,21.688,13.237,9.4436,7.3478,4.5631,NaN,NaN,NaN,14.857,NaN,NaN,NaN,NaN,NaN,9.1827,NaN,NaN,19.832
NaN,6.4424,7.4847,NaN,NaN,18.061,5.0756,7.7383,NaN,4.1369,NaN,NaN,NaN,31.323,8.193,2.8048,NaN,10.893,NaN,7.4534,0.77958,6.1628,NaN,NaN,NaN,2.7259,6.2197,1.9433,3.4174,NaN,4.6425,NaN,NaN,1.4335,3.1287,NaN,NaN,NaN,NaN,NaN,NaN,9.0089,6.4667,3.1131,5.051,4.5479,NaN,NaN,NaN,6.3279,3.7003,7.3597,9.8324,NaN,NaN,NaN,7.9081,8.394,NaN,5.1786,7.7865,NaN,NaN,10.415,7.1364,9.9655,10.333,2.5894,NaN,NaN,13.392,4.4854,NaN,3.0292,3.9807,NaN,NaN,8.9802,5.6794,2.9303,NaN,8.6999,3.399,7.2634,14.56,6.195,3.063,NaN,NaN,NaN,9.6243,NaN,NaN,NaN,NaN,NaN,6.0378,NaN,NaN,5.7051
NaN,10.371,4.618,NaN,NaN,6.8144,12.706,8.4163,NaN,4.0282,NaN,NaN,NaN,13.418,9.7457,2.5024,NaN,12.582,NaN,17.158,2.2693,7.9899,NaN,NaN,NaN,6.1302,21.429,4.0764,9.2988,NaN,3.5757,NaN,NaN,4.749,4.6047,NaN,NaN,NaN,NaN,NaN,NaN,3.4727,8.3143,7.7812,1.5906,11.633,NaN,NaN,NaN,8.1057,5.9828,13.113,8.99,NaN,NaN,NaN,3.8131,7.9881,NaN,11.936,18.99,NaN,NaN,17.105,6.8198,15.819,8.3244,3.6622,NaN,NaN,14.539,15.898,NaN,5.9153,4.156,NaN,NaN,9.8064,9.0527,8.4332,NaN,7.7015,2.3235,5.223,11.752,7.7693,3.7691,NaN,NaN,NaN,19.913,NaN,NaN,NaN,NaN,NaN,15.445,NaN,NaN,4.5119
NaN,8.4932,7.1629,NaN,NaN,8.6419,7.2179,11.486,NaN,6.7506,NaN,NaN,NaN,5.7983,23.725,2.1625,NaN,5.5513,NaN,2.6219,2.365,19.245,NaN,NaN,NaN,30.724,11.204,21.026,20.176,NaN,2.4836,NaN,NaN,6.8588,38.594,NaN,NaN,NaN,NaN,NaN,NaN,11.041,2.5976,7.5545,1.5026,0.080169,NaN,NaN,NaN,7.4462,16.624,11.361,9.7341,NaN,NaN,NaN,3.0712,4.9069,NaN,20.701,16.826,NaN,NaN,25.96,5.6563,13.743,8.683,13.361,NaN,NaN,6.8105,3.4995,NaN,2.8204,7.3179,NaN,NaN,5.5767,5.9828,9.1466,NaN,7.6467,25.747,14.2,1.7683,14.1,3.0749,NaN,NaN,NaN,16.018,NaN,NaN,NaN,NaN,NaN,9.9244,NaN,NaN,15.834
NaN,9.2284,3.3548,NaN,NaN,6.6472,10.002,17.631,NaN,7.5477,NaN,NaN,NaN,10.44,13.508,0.7112,NaN,9.5017,NaN,12.485,3.9945,12.642,NaN,NaN,NaN,14.249,12.76,28.711,9.5163,NaN,2.0822,NaN,NaN,4.3985,58.446,NaN,NaN,NaN,NaN,NaN,NaN,14.628,3.1205,11.156,0.99399,7.8038,NaN,NaN,NaN,10.371,21.529,16.001,13.505,NaN,NaN,NaN,5.4539,9.6344,NaN,7.7539,14.021,NaN,NaN,20.051,6.0671,11.155,10.758,7.456,NaN,NaN,6.8974,10.678,NaN,3.2638,11.76,NaN,NaN,7.9531,9.3728,2.5464,NaN,7.0565,36.876,8.9998,2.9531,19.703,3.79,NaN,NaN,NaN,17.981,NaN,NaN,NaN,NaN,NaN,13.537,NaN,NaN,34.872
NaN,6.9229,1.8543,NaN,NaN,6.6432,1.6173,10.764,NaN,11.306,NaN,NaN,NaN,4.9941,8.845,16.99,NaN,5.5156,NaN,4.9582,3.7279,7.1437,NaN,NaN,NaN,3.729,5.367,10.223,1.3252,NaN,4.976,NaN,NaN,4.5197,9.1178,NaN,NaN,NaN,NaN,NaN,NaN,19.267,5.2551,4.2255,0.79899,10.274,NaN,NaN,NaN,5.8233,13.281,9.2635,10.141,NaN,NaN,NaN,9.8429,9.7836,NaN,1.1617,2.5983,NaN,NaN,17.643,8.0451,9.6531,9.2992,4.1506,NaN,NaN,4.6449,4.2551,NaN,10.498,9.1557,NaN,NaN,1.8807,10.373,1.9251,NaN,8.4946,11.528,4.1636,7.4344,16.122,4.2146,NaN,NaN,NaN,6.5069,NaN,NaN,NaN,NaN,NaN,2.8115,NaN,NaN,8.321
NaN,3.5848,1.6446,NaN,NaN,10.796,5.603,11.153,NaN,12.315,NaN,NaN,NaN,9.5745,6.3317,10.094,NaN,8.307,NaN,5.2949,8.074,4.4394,NaN,NaN,NaN,6.3285,20.5,7.0493,13.418,NaN,4.1445,NaN,NaN,20.725,7.8538,NaN,NaN,NaN,NaN,NaN,NaN,6.1827,7.627,7.6236,4.1414,7.5888,NaN,NaN,NaN,5.9479,5.3088,17.529,7.0236,NaN,NaN,NaN,8.199,5.068,NaN,17.626,8.1869,NaN,NaN,16.671,5.9707,6.0528,2.0218,0.95382,NaN,NaN,6.6364,1.699,NaN,8.7678,4.8779,NaN,NaN,5.6924,2.1407,2.9758,NaN,11.587,9.7556,5.0724,10.823,2.3128,3.2827,NaN,NaN,NaN,8.5882,NaN,NaN,NaN,NaN,NaN,5.3948,NaN,NaN,3.6968
NaN,0.67114,1.479,NaN,NaN,4.2956,9.5064,5.2594,NaN,5.9712,NaN,NaN,NaN,2.3038,15.716,14.837,NaN,8.7356,NaN,2.3453,3.1941,2.7293,NaN,NaN,NaN,1.3976,2.9447,11.743,4.8593,NaN,2.811,NaN,NaN,21.913,3.4332,NaN,NaN,NaN,NaN,NaN,NaN,4.0599,13.058,14.859,2.5759,3.094,NaN,NaN,NaN,4.1093,8.8123,3.409,1.8459,NaN,NaN,NaN,3.308,6.2207,NaN,18.812,8.4116,NaN,NaN,8.3505,3.4933,5.4233,1.7619,43.597,NaN,NaN,4.8588,3.5474,NaN,3.1246,4.4939,NaN,NaN,8.105,4.8826,3.0809,NaN,5.3324,10.221,6.0294,6.5141,2.6532,0.38796,NaN,NaN,NaN,7.6786,NaN,NaN,NaN,NaN,NaN,3.6962,NaN,NaN,4.6107
NaN,2.2864,4.3751,NaN,NaN,17.519,3.9984,9.5831,NaN,4.5309,NaN,NaN,NaN,3.9789,2.7454,5.69,NaN,3.2727,NaN,8.0458,7.382,2.5466,NaN,NaN,NaN,5.2978,1.4386,3.5222,8.2053,NaN,1.7703,NaN,NaN,0.69525,12.875,NaN,NaN,NaN,NaN,NaN,NaN,4.6094,5.4932,5.11,3.4048,5.0516,NaN,NaN,NaN,7.0186,1.7086,10.473,5.4742,NaN,NaN,NaN,1.3653,1.6114,NaN,3.5614,3.3103,NaN,NaN,6.7725,3.3054,3.9777,6.4484,17.783,NaN,NaN,8.7206,8.1896,NaN,2.8358,10.731,NaN,NaN,6.0486,3.2972,5.1117,NaN,11.17,4.2671,6.1146,6.5963,3.0229,3.103,NaN,NaN,NaN,3.7776,NaN,NaN,NaN,NaN,NaN,4.3888,NaN,NaN,5.9475
NaN,2.2454,3.2805,NaN,NaN,6.2535,3.4284,3.8676,NaN,3.8577,NaN,NaN,NaN,4.2069,0.48613,9.496,NaN,5.0013,NaN,7.8637,1.8494,6.8647,NaN,NaN,NaN,6.1187,3.0521,4.6602,8.1385,NaN,4.1246,NaN,NaN,4.3318,3.2073,NaN,NaN,NaN,NaN,NaN,NaN,3.5347,5.2719,2.439,4.6818,2.4364,NaN,NaN,NaN,4.767,3.4826,7.2254,21.412,NaN,NaN,NaN,3.6183,4.4568,NaN,5.3133,7.0725,NaN,NaN,6.9695,10.22,0.12678,3.5792,3.0725,NaN,NaN,6.5356,10.254,NaN,3.068,34.037,NaN,NaN,4.8347,6.7929,4.051,NaN,2.5048,2.8938,6.6021,5.0494,1.2654,9.2842,NaN,NaN,NaN,6.5671,NaN,NaN,NaN,NaN,NaN,5.2608,NaN,NaN,3.0182
NaN,1.9038,4.1179,NaN,NaN,1.3976,5.0859,5.8666,NaN,10.263,NaN,NaN,NaN,0.73877,10.168,4.9963,NaN,2.5296,NaN,2.0993,1.5022,5.1976,NaN,NaN,NaN,1.3291,3.8322,5.2171,4.9459,NaN,10.478,NaN,NaN,6.7393,8.5694,NaN,NaN,NaN,NaN,NaN,NaN,1.2664,4.3738,12.662,11.733,1.2704,NaN,NaN,NaN,5.6825,6.6755,7.8637,3.8713,NaN,NaN,NaN,7.3983,5.9399,NaN,3.7399,0.43356,NaN,NaN,27.672,12.459,5.2141,3.3636,2.2701,NaN,NaN,5.6074,12.108,NaN,3.2994,6.0011,NaN,NaN,3.5942,8.7919,1.4053,NaN,1.202,2.0543,7.5803,6.2418,3.5353,9.0266,NaN,NaN,NaN,22.379,NaN,NaN,NaN,NaN,NaN,5.5081,NaN,NaN,11.356
NaN,3.9306,1.7195,NaN,NaN,3.759,3.6257,3.3116,NaN,4.713,NaN,NaN,NaN,2.4096,3.1058,4.4021,NaN,6.1582,NaN,4.1759,2.05,3.094,NaN,NaN,NaN,4.7023,2.4085,7.6295,5.9138,NaN,4.4903,NaN,NaN,1.7061,5.5432,NaN,NaN,NaN,NaN,NaN,NaN,0.72837,4.1776,3.35,7.1065,0.7765,NaN,NaN,NaN,3.7353,5.2509,5.1471,20.19,NaN,NaN,NaN,5.8647,4.9953,NaN,3.8869,2.565,NaN,NaN,21.188,16.278,2.5631,1.741,1.1681,NaN,NaN,2.5337,5.7386,NaN,2.9216,12.066,NaN,NaN,4.5136,7.2885,1.9381,NaN,2.0543,2.5476,4.4739,11.105,1.1569,15.068,NaN,NaN,NaN,3.0512,NaN,NaN,NaN,NaN,NaN,3.5055,NaN,NaN,4.0099
NaN,4.0156,2.0251,NaN,NaN,6.5245,0.8763,6.8785,NaN,8.7242,NaN,NaN,NaN,3.4241,2.0236,6.6828,NaN,4.2117,NaN,2.4466,8.4166,4.8747,NaN,NaN,NaN,6.9582,6.6597,6.9648,7.0461,NaN,6.0518,NaN,NaN,4.288,6.2579,NaN,NaN,NaN,NaN,NaN,NaN,12.709,3.0549,6.5617,6.8898,1.3931,NaN,NaN,NaN,5.4871,4.8645,4.4149,5.2096,NaN,NaN,NaN,2.3099,2.9628,NaN,4.4943,3.6153,NaN,NaN,14.005,8.9419,7.0697,9.1951,6.4345,NaN,NaN,5.202,1.181,NaN,1.8096,6.2407,NaN,NaN,3.725,2.7481,5.7784,NaN,6.3366,2.8384,7.8053,22.331,2.9974,3.187,NaN,NaN,NaN,2.3458,NaN,NaN,NaN,NaN,NaN,3.9412,NaN,NaN,1.2157
NaN,2.9536,6.6441,NaN,NaN,1.6891,3.3537,13.192,NaN,19.432,NaN,NaN,NaN,2.1932,5.5327,7.2268,NaN,5.3144,NaN,4.5431,9.6676,1.6159,NaN,NaN,NaN,8.9622,8.2553,9.6604,6.0948,NaN,11.381,NaN,NaN,6.8039,3.2324,NaN,NaN,NaN,NaN,NaN,NaN,11.156,4.0542,4.0442,10.308,2.5938,NaN,NaN,NaN,7.8234,3.1786,4.7645,3.8472,NaN,NaN,NaN,2.4878,5.3087,NaN,4.8797,3.3828,NaN,NaN,14.403,10.533,1.3203,2.2842,3.1899,NaN,NaN,4.2596,1.321,NaN,5.9136,9.0924,NaN,NaN,2.617,9.5672,7.4229,NaN,1.8395,13.88,5.7677,12.036,5.7737,20.122,NaN,NaN,NaN,8.9567,NaN,NaN,NaN,NaN,NaN,7.1207,NaN,NaN,3.9854
NaN,0.98463,1.8694,NaN,NaN,8.596,2.5826,8.6316,NaN,5.6129,NaN,NaN,NaN,8.221,1.4305,7.31,NaN,5.2934,NaN,2.1271,1.622,1.0328,NaN,NaN,NaN,2.8973,2.5997,9.9456,9.4694,NaN,7.9893,NaN,NaN,3.8494,7.5632,NaN,NaN,NaN,NaN,NaN,NaN,7.9787,3.0984,4.0499,5.1833,1.9566,NaN,NaN,NaN,2.4104,2.9834,1.1186,2.0835,NaN,NaN,NaN,7.7771,3.8831,NaN,2.6215,13.979,NaN,NaN,7.217,11.42,7.7583,7.2332,3.6087,NaN,NaN,2.4594,0.66251,NaN,4.1612,1.2781,NaN,NaN,3.2076,8.2199,5.5705,NaN,1.0082,6.2934,6.5423,18.86,6.8658,11.08,NaN,NaN,NaN,7.8693,NaN,NaN,NaN,NaN,NaN,15.799,NaN,NaN,3.0247
NaN,11.358,2.6982,NaN,NaN,7.234,4.8586,4.4997,NaN,11.196,NaN,NaN,NaN,3.544,3.7995,8.0194,NaN,1.9118,NaN,1.5086,3.9783,2.5115,NaN,NaN,NaN,6.4234,2.2483,15.408,3.4693,NaN,13.321,NaN,NaN,8.2922,3.9484,NaN,NaN,NaN,NaN,NaN,NaN,5.5122,4.123,2.9468,1.9995,2.6237,NaN,NaN,NaN,5.6575,3.7812,3.768,0.73587,NaN,NaN,NaN,9.9371,5.7415,NaN,2.2861,12.84,NaN,NaN,8.2512,11.999,5.644,2.8586,1.8508,NaN,NaN,0.96858,2.693,NaN,2.178,2.764,NaN,NaN,6.2094,3.4346,5.7088,NaN,9.1885,8.3087,5.5882,6.8508,1.6439,21.966,NaN,NaN,NaN,11.432,NaN,NaN,NaN,NaN,NaN,4.9546,NaN,NaN,5.1468
NaN,5.0043,5.9932,NaN,NaN,4.9785,5.0669,5.9597,NaN,11.465,NaN,NaN,NaN,1.0008,16.017,5.5028,NaN,0.77069,NaN,2.8719,3.3425,3.9595,NaN,NaN,NaN,2.6971,4.8925,5.586,6.4672,NaN,7.4,NaN,NaN,6.1603,2.0395,NaN,NaN,NaN,NaN,NaN,NaN,2.3575,2.4213,7.4239,1.8727,2.5831,NaN,NaN,NaN,5.3177,3.6286,5.2859,4.5806,NaN,NaN,NaN,8.5963,13.399,NaN,1.3182,8.4797,NaN,NaN,23.323,10.927,3.556,4.4124,1.613,NaN,NaN,6.5916,7.4015,NaN,1.9362,5.7651,NaN,NaN,15.232,1.5029,11.256,NaN,7.4797,6.9114,3.4387,1.1203,7.9701,12.297,NaN,NaN,NaN,19.613,NaN,NaN,NaN,NaN,NaN,7.0307,NaN,NaN,3.282
NaN,2.2309,5.0559,NaN,NaN,2.9771,5.354,7.1872,NaN,8.3628,NaN,NaN,NaN,0.5563,18.148,4.9231,NaN,2.0932,NaN,4.9038,7.4216,1.6993,NaN,NaN,NaN,2.166,6.3786,2.4516,9.0149,NaN,3.9926,NaN,NaN,3.8422,3.3815,NaN,NaN,NaN,NaN,NaN,NaN,3.7332,3.1434,7.497,4.293,2.8297,NaN,NaN,NaN,10.559,2.3092,6.2233,6.8981,NaN,NaN,NaN,5.2615,2.7704,NaN,6.0259,4.2541,NaN,NaN,31.265,5.1997,6.1761,9.9999,4.5932,NaN,NaN,12.142,8.6554,NaN,2.3765,2.7984,NaN,NaN,6.1486,2.1215,7.3058,NaN,1.2088,4.2274,12.073,4.0626,6.1602,6.7188,NaN,NaN,NaN,8.8628,NaN,NaN,NaN,NaN,NaN,10.12,NaN,NaN,1.0131
NaN,3.1428,3.5118,NaN,NaN,2.1892,5.8208,17.767,NaN,6.2315,NaN,NaN,NaN,1.5191,4.3806,3.661,NaN,5.6414,NaN,12.427,9.2627,3.3329,NaN,NaN,NaN,5.316,12.868,12.815,14.227,NaN,4.6457,NaN,NaN,3.2976,3.4024,NaN,NaN,NaN,NaN,NaN,NaN,11.715,3.2261,3.5645,5.9126,5.525,NaN,NaN,NaN,0.11033,5.0454,3.4826,5.5555,NaN,NaN,NaN,9.4429,3.2623,NaN,3.753,5.7616,NaN,NaN,3.1067,2.0906,3.894,4.7952,0.75023,NaN,NaN,12.338,7.4106,NaN,10.693,3.2519,NaN,NaN,2.3047,3.3774,3.4476,NaN,4.1319,4.3895,8.2709,12.357,1.7475,12.658,NaN,NaN,NaN,3.758,NaN,NaN,NaN,NaN,NaN,11.605,NaN,NaN,1.6143
NaN,4.1018,4.6758,NaN,NaN,8.9026,12.715,8.4351,NaN,14.659,NaN,NaN,NaN,1.6542,10.885,3.4685,NaN,2.5958,NaN,0.17775,3.0441,1.688,NaN,NaN,NaN,11.11,2.0271,11.494,4.4943,NaN,3.4992,NaN,NaN,1.6008,2.6938,NaN,NaN,NaN,NaN,NaN,NaN,6.5642,3.7228,3.6596,2.7104,4.86,NaN,NaN,NaN,1.0353,6.2137,4.1575,5.2347,NaN,NaN,NaN,6.232,3.4995,NaN,0.49025,14.459,NaN,NaN,4.1828,5.4574,4.6773,4.9284,3.9846,NaN,NaN,4.8466,1.9417,NaN,8.4817,6.6903,NaN,NaN,9.5167,4.6836,7.6296,NaN,11.337,3.7951,3.7373,10.302,7.9361,22.082,NaN,NaN,NaN,18.23,NaN,NaN,NaN,NaN,NaN,9.2815,NaN,NaN,3.9324
NaN,5.5777,1.9783,NaN,NaN,10.326,6.1356,4.2635,NaN,27.185,NaN,NaN,NaN,7.0521,3.6117,1.1454,NaN,5.2528,NaN,10.348,7.8932,2.6498,NaN,NaN,NaN,11.315,4.6789,6.4747,6.7619,NaN,9.0051,NaN,NaN,6.2335,1.495,NaN,NaN,NaN,NaN,NaN,NaN,7.3533,3.207,4.1755,6.626,12.561,NaN,NaN,NaN,5.958,7.1802,8.2544,4.843,NaN,NaN,NaN,6.8508,6.3323,NaN,5.2623,6.3225,NaN,NaN,11.7,2.6038,7.5744,4.6729,1.5886,NaN,NaN,2.7673,1.9859,NaN,7.7705,7.5305,NaN,NaN,11.106,5.8906,4.3592,NaN,4.1782,8.5576,11.285,12.123,1.0192,14.898,NaN,NaN,NaN,11.745,NaN,NaN,NaN,NaN,NaN,10.126,NaN,NaN,8.1284
NaN,8.9187,3.2797,NaN,NaN,7.306,3.5887,4.1266,NaN,10.256,NaN,NaN,NaN,14.018,3.3629,2.295,NaN,5.6153,NaN,6.0444,10.137,1.8759,NaN,NaN,NaN,6.7899,6.5853,3.4572,18.483,NaN,3.2018,NaN,NaN,6.5509,1.3148,NaN,NaN,NaN,NaN,NaN,NaN,4.321,4.9583,3.6764,8.1798,9.3483,NaN,NaN,NaN,7.8754,16.412,9.5063,9.4736,NaN,NaN,NaN,2.1201,1.952,NaN,7.2334,9.8163,NaN,NaN,3.6158,5.8131,15.544,4.8671,3.1929,NaN,NaN,12.985,9.4859,NaN,3.2368,8.8071,NaN,NaN,2.3969,4.781,2.1011,NaN,4.4503,7.0594,7.0481,10.765,5.8956,4.7315,NaN,NaN,NaN,3.4657,NaN,NaN,NaN,NaN,NaN,4.2845,NaN,NaN,2.3691
NaN,5.9506,7.187,NaN,NaN,2.7985,3.0694,11.328,NaN,5.9086,NaN,NaN,NaN,6.957,7.5823,3.1247,NaN,3.8664,NaN,3.6161,6.2513,6.0512,NaN,NaN,NaN,15.993,6.5877,6.222,5.1812,NaN,7.9863,NaN,NaN,4.7404,3.3369,NaN,NaN,NaN,NaN,NaN,NaN,2.2983,3.3218,4.064,9.9153,4.3026,NaN,NaN,NaN,5.5539,6.3948,5.8465,2.048,NaN,NaN,NaN,2.2495,3.1814,NaN,4.595,9.2501,NaN,NaN,9.113,0.4137,5.9168,1.5461,3.3407,NaN,NaN,10.539,14.854,NaN,3.7422,7.6109,NaN,NaN,3.8106,10.109,1.2461,NaN,2.9639,5.9144,5.2304,9.0834,4.0262,25.182,NaN,NaN,NaN,6.7662,NaN,NaN,NaN,NaN,NaN,4.9871,NaN,NaN,1.0785
NaN,3.1369,1.0007,NaN,NaN,7.0801,1.9891,5.5167,NaN,8.9827,NaN,NaN,NaN,10.14,4.2655,6.3379,NaN,8.8899,NaN,1.2483,12.589,3.0413,NaN,NaN,NaN,12.229,19.701,5.4709,7.4782,NaN,2.3604,NaN,NaN,17.309,0.80082,NaN,NaN,NaN,NaN,NaN,NaN,3.5358,2.9694,3.4445,6.4373,1.7119,NaN,NaN,NaN,1.9899,6.0614,2.3373,5.4856,NaN,NaN,NaN,2.0587,5.9069,NaN,11.305,11.002,NaN,NaN,9.9137,5.8989,3.3718,1.9321,9.3018,NaN,NaN,13.19,9.4387,NaN,17.502,6.3674,NaN,NaN,2.6666,31.717,2.9927,NaN,2.2641,3.2679,3.3639,1.4901,1.8902,4.4681,NaN,NaN,NaN,7.5963,NaN,NaN,NaN,NaN,NaN,7.7,NaN,NaN,6.5458
NaN,3.0757,3.0492,NaN,NaN,18.442,5.7867,6.164,NaN,17.486,NaN,NaN,NaN,0.21861,2.761,4.4262,NaN,3.0365,NaN,2.8776,4.2732,2.3434,NaN,NaN,NaN,2.0701,4.0656,10.19,13.331,NaN,4.1294,NaN,NaN,7.2473,0.9302,NaN,NaN,NaN,NaN,NaN,NaN,5.0016,3.4506,7.2756,4.2009,1.2887,NaN,NaN,NaN,2.0064,3.4098,10.417,7.8313,NaN,NaN,NaN,3.9718,5.0344,NaN,18.809,2.8595,NaN,NaN,11.925,5.8602,4.3263,3.2435,10.679,NaN,NaN,3.8231,6.7219,NaN,8.5884,3.2434,NaN,NaN,9.4333,1.6597,5.269,NaN,1.9324,1.2138,7.0346,5.106,3.3322,3.3069,NaN,NaN,NaN,9.4091,NaN,NaN,NaN,NaN,NaN,3.681,NaN,NaN,2.6246
NaN,2.414,1.1358,NaN,NaN,0.95882,1.5149,2.9831,NaN,4.305,NaN,NaN,NaN,4.2587,9.6437,7.0177,NaN,19.923,NaN,18.319,3.1216,4.0818,NaN,NaN,NaN,7.429,4.4925,22.324,4.6281,NaN,2.0674,NaN,NaN,12.356,13.641,NaN,NaN,NaN,NaN,NaN,NaN,7.319,0.75725,21.955,3.2102,1.7017,NaN,NaN,NaN,20.357,3.4133,8.5986,9.5815,NaN,NaN,NaN,9.1507,5.8886,NaN,16.324,4.8739,NaN,NaN,14.93,7.8091,1.5848,3.3711,0.56521,NaN,NaN,2.8162,1.0216,NaN,6.2706,8.7831,NaN,NaN,5.4227,8.1515,3.9919,NaN,7.242,5.7125,10.073,7.6994,3.2784,24.438,NaN,NaN,NaN,7.3,NaN,NaN,NaN,NaN,NaN,29.758,NaN,NaN,1.3943
NaN,3.5935,0.51277,NaN,NaN,1.9806,2.4008,2.7646,NaN,2.1977,NaN,NaN,NaN,4.9643,7.6258,7.6044,NaN,3.4221,NaN,3.7977,3.4168,2.3254,NaN,NaN,NaN,10.113,5.7074,14.959,6.8103,NaN,3.1121,NaN,NaN,4.9228,27.914,NaN,NaN,NaN,NaN,NaN,NaN,4.5847,2.6329,5.315,5.8037,9.0613,NaN,NaN,NaN,12.904,5.2216,3.0529,5.9216,NaN,NaN,NaN,2.9355,2.0928,NaN,5.0721,5.2957,NaN,NaN,7.1558,3.4821,2.5917,2.0941,9.4835,NaN,NaN,2.8179,5.5805,NaN,9.6419,10.242,NaN,NaN,2.3467,4.4955,7.9168,NaN,15.287,12.157,3.4364,3.5706,8.0299,15.591,NaN,NaN,NaN,6.503,NaN,NaN,NaN,NaN,NaN,11.355,NaN,NaN,2.7727
NaN,7.8441,9.3509,NaN,NaN,8.9843,4.4844,12.079,NaN,7.159,NaN,NaN,NaN,3.2594,28.919,1.9999,NaN,3.8286,NaN,6.5055,14.861,7.2921,NaN,NaN,NaN,30.83,5.3912,19.221,9.2713,NaN,5.2004,NaN,NaN,20.046,13.913,NaN,NaN,NaN,NaN,NaN,NaN,10.559,4.2256,10.392,0.87352,2.8157,NaN,NaN,NaN,9.195,12.368,10.304,12.732,NaN,NaN,NaN,3.2017,11.198,NaN,20.725,22.836,NaN,NaN,9.3933,5.3881,5.2153,8.1822,6.9792,NaN,NaN,3.3428,2.2249,NaN,0.61265,9.8332,NaN,NaN,3.9461,1.6717,6.3237,NaN,8.4597,33.054,32.994,6.8902,17.69,4.8779,NaN,NaN,NaN,12.893,NaN,NaN,NaN,NaN,NaN,7.5334,NaN,NaN,9.362
NaN,7.7122,4.8237,NaN,NaN,5.1925,6.0657,9.736,NaN,5.5057,NaN,NaN,NaN,2.9264,6.2308,6.5398,NaN,2.5901,NaN,4.9047,11.661,9.649,NaN,NaN,NaN,5.9495,3.3749,12.434,10.248,NaN,7.2623,NaN,NaN,5.195,2.3625,NaN,NaN,NaN,NaN,NaN,NaN,3.7168,1.6735,8.7113,8.3103,2.2235,NaN,NaN,NaN,4.9205,5.0412,4.8677,5.298,NaN,NaN,NaN,7.5052,0.58849,NaN,4.4367,9.8705,NaN,NaN,5.7639,7.5015,6.5586,1.8902,5.8927,NaN,NaN,2.0088,7.1079,NaN,4.7851,7.4289,NaN,NaN,2.2752,9.3347,11.782,NaN,5.0312,15.361,2.559,6.7987,4.7389,7.6339,NaN,NaN,NaN,6.8609,NaN,NaN,NaN,NaN,NaN,0.50089,NaN,NaN,3.2019
NaN,5.8301,5.5732,NaN,NaN,10.968,4.6151,3.3078,NaN,2.3486,NaN,NaN,NaN,3.641,9.9218,7.9185,NaN,8.8879,NaN,0.14244,7.1899,6.6939,NaN,NaN,NaN,6.3112,26.547,2.792,5.5916,NaN,4.5556,NaN,NaN,6.6287,14.68,NaN,NaN,NaN,NaN,NaN,NaN,5.6574,5.9582,5.9522,5.7969,7.175,NaN,NaN,NaN,3.2464,3.7116,0.58075,2.0159,NaN,NaN,NaN,2.6436,2.4661,NaN,4.3442,3.0258,NaN,NaN,9.311,2.9818,1.4217,3.1763,6.4967,NaN,NaN,3.7472,10.733,NaN,1.7894,6.2725,NaN,NaN,3.6386,1.8474,3.3254,NaN,1.6185,30.186,10.839,4.3499,8.588,20.962,NaN,NaN,NaN,5.7025,NaN,NaN,NaN,NaN,NaN,9.2591,NaN,NaN,2.014
NaN,5.3726,4.6093,NaN,NaN,5.2698,3.6419,3.3808,NaN,4.6942,NaN,NaN,NaN,1.4579,9.9971,13.791,NaN,14.953,NaN,9.4646,6.644,20.872,NaN,NaN,NaN,3.9847,21.535,4.2133,3.3935,NaN,3.6987,NaN,NaN,2.1649,6.7492,NaN,NaN,NaN,NaN,NaN,NaN,7.343,7.6278,3.8285,6.5719,3.2977,NaN,NaN,NaN,9.7327,6.3733,5.1606,7.3978,NaN,NaN,NaN,8.8865,1.1415,NaN,19.893,5.9649,NaN,NaN,15.163,3.0136,3.6679,5.024,3.5003,NaN,NaN,2.003,3.0846,NaN,3.742,5.3626,NaN,NaN,2.514,5.8035,1.9634,NaN,3.6424,8.8651,11.879,6.6512,5.9674,21.939,NaN,NaN,NaN,3.1128,NaN,NaN,NaN,NaN,NaN,27.319,NaN,NaN,3.3189
NaN,2.1455,1.3985,NaN,NaN,18.088,7.2266,4.3306,NaN,6.6972,NaN,NaN,NaN,2.8427,14.914,9.4078,NaN,4.07,NaN,5.5986,2.0285,15.599,NaN,NaN,NaN,3.7006,5.4089,53.33,6.0925,NaN,2.9957,NaN,NaN,6.0348,5.1666,NaN,NaN,NaN,NaN,NaN,NaN,2.7472,11.569,4.5274,5.2057,1.7484,NaN,NaN,NaN,8.8306,13.833,8.2921,6.562,NaN,NaN,NaN,5.6847,6.5905,NaN,20.579,3.05,NaN,NaN,17.365,3.7222,10.931,3.7325,20.755,NaN,NaN,5.7339,2.7358,NaN,6.3193,7.5214,NaN,NaN,2.7933,6.0581,0.98912,NaN,4.043,7.8654,14.845,3.7905,0.41897,2.4615,NaN,NaN,NaN,9.8549,NaN,NaN,NaN,NaN,NaN,7.3141,NaN,NaN,4.6399
NaN,3.4214,2.8736,NaN,NaN,3.3929,6.5477,7.7612,NaN,8.7055,NaN,NaN,NaN,8.9468,2.5226,6.5835,NaN,8.7965,NaN,6.0449,10.54,12.18,NaN,NaN,NaN,4.1602,22.948,1.4044,6.4629,NaN,6.0841,NaN,NaN,11.188,3.9734,NaN,NaN,NaN,NaN,NaN,NaN,1.1254,8.6116,8.2179,6.0317,11.194,NaN,NaN,NaN,16.779,9.7549,8.2386,10.599,NaN,NaN,NaN,6.6803,5.329,NaN,24.537,26.309,NaN,NaN,10.444,3.2759,8.4657,6.7629,17.212,NaN,NaN,5.5891,2.928,NaN,14.528,3.4544,NaN,NaN,2.1538,3.4376,0.55549,NaN,10.369,12.351,6.4807,7.2993,4.9185,1.9829,NaN,NaN,NaN,6.3605,NaN,NaN,NaN,NaN,NaN,7.9637,NaN,NaN,8.5544
NaN,1.9067,1.3555,NaN,NaN,0.67732,6.3182,1.2109,NaN,1.6825,NaN,NaN,NaN,5.4075,1.1718,4.89,NaN,2.7974,NaN,5.5318,10.06,11.122,NaN,NaN,NaN,0.63581,16.19,5.3354,5.1934,NaN,7.2846,NaN,NaN,7,5.1743,NaN,NaN,NaN,NaN,NaN,NaN,2.8948,5.2422,7.8163,11.22,3.7338,NaN,NaN,NaN,22.39,8.6282,3.4135,10.915,NaN,NaN,NaN,4.7418,12.418,NaN,13.464,7.4219,NaN,NaN,12.569,3.3934,4.9768,4.6727,5.1364,NaN,NaN,0.22755,4.2135,NaN,27.107,1.7428,NaN,NaN,2.2738,1.3186,2.1573,NaN,5.4627,6.4036,5.8689,2.7798,13.413,1.5035,NaN,NaN,NaN,2.2026,NaN,NaN,NaN,NaN,NaN,8.9395,NaN,NaN,2.9934
NaN,1.8437,2.732,NaN,NaN,5.0429,5.2955,9.7489,NaN,6.0557,NaN,NaN,NaN,12.151,12.37,10.544,NaN,10.21,NaN,3.1347,0.81409,15.389,NaN,NaN,NaN,4.3168,5.1047,8.5872,9.8208,NaN,9.4801,NaN,NaN,8.8149,10.068,NaN,NaN,NaN,NaN,NaN,NaN,10.425,6.9458,3.8471,5.3034,1.8369,NaN,NaN,NaN,10.251,1.2981,5.509,14.955,NaN,NaN,NaN,8.8969,4.0735,NaN,11.463,4.3499,NaN,NaN,11.617,11.342,7.583,6.1454,2.8537,NaN,NaN,1.6724,3.1938,NaN,9.6366,5.6032,NaN,NaN,2.4493,9.3422,4.0366,NaN,3.1122,15.909,8.0812,4.0997,12.098,7.3579,NaN,NaN,NaN,8.2449,NaN,NaN,NaN,NaN,NaN,5.7133,NaN,NaN,6.1564
NaN,3.4856,6.286,NaN,NaN,2.2817,3.905,11.545,NaN,16.027,NaN,NaN,NaN,5.8381,15.391,10.801,NaN,18.99,NaN,9.2172,18.33,13.836,NaN,NaN,NaN,8.8581,9.5223,8.5741,12.418,NaN,18.288,NaN,NaN,12.052,8.9468,NaN,NaN,NaN,NaN,NaN,NaN,5.407,8.3958,1.0741,1.9087,4.9521,NaN,NaN,NaN,10.096,3.0461,7.8116,14.609,NaN,NaN,NaN,7.7428,7.5589,NaN,8.9763,8.9204,NaN,NaN,9.9742,12.496,14.105,11.817,0.71523,NaN,NaN,12.859,3.7372,NaN,7.3212,6.025,NaN,NaN,1.3023,8.5694,6.7034,NaN,2.8801,10.381,11.841,9.5446,8.9053,11.117,NaN,NaN,NaN,10.628,NaN,NaN,NaN,NaN,NaN,17.221,NaN,NaN,6.7423
NaN,3.2447,2.8611,NaN,NaN,1.5337,5.9032,12.624,NaN,13.964,NaN,NaN,NaN,4.2882,19.353,14.228,NaN,9.5466,NaN,9.0301,11.75,7.7743,NaN,NaN,NaN,19.533,11.289,7.1288,9.3751,NaN,9.0054,NaN,NaN,7.14,8.827,NaN,NaN,NaN,NaN,NaN,NaN,5.5003,7.0839,5.105,4.6815,10.662,NaN,NaN,NaN,14.192,3.2038,4.6634,6.8545,NaN,NaN,NaN,8.113,7.4619,NaN,5.1405,8.5216,NaN,NaN,8.22,10.583,10.675,13.696,1.2651,NaN,NaN,32.719,1.7623,NaN,5.0594,3.4815,NaN,NaN,1.8938,6.0349,8.2541,NaN,6.5909,7.7878,46.756,13.908,4.4242,12.541,NaN,NaN,NaN,16.508,NaN,NaN,NaN,NaN,NaN,11.844,NaN,NaN,6.2551
NaN,5.2751,6.0163,NaN,NaN,1.9154,1.872,9.336,NaN,8.4056,NaN,NaN,NaN,6.4172,13.154,7.6201,NaN,9.3342,NaN,8.7456,32.621,10.734,NaN,NaN,NaN,3.0553,5.6797,5.3089,6.8013,NaN,11.853,NaN,NaN,15.776,4.0681,NaN,NaN,NaN,NaN,NaN,NaN,1.7906,8.3132,2.2433,2.4588,5.1926,NaN,NaN,NaN,10.936,3.714,8.1437,12.805,NaN,NaN,NaN,8.12,8.2695,NaN,14.854,9.2692,NaN,NaN,9.4069,7.6177,6.3264,19.608,1.4916,NaN,NaN,4.1652,4.8863,NaN,5.9992,2.7995,NaN,NaN,1.1913,6.6899,4.1278,NaN,2.0119,7.8373,6.7013,10.667,11.06,14.003,NaN,NaN,NaN,7.7792,NaN,NaN,NaN,NaN,NaN,10.371,NaN,NaN,11.197
NaN,5.3192,5.5574,NaN,NaN,3.8601,2.6716,8.0082,NaN,3.6727,NaN,NaN,NaN,5.133,4.8647,5.0773,NaN,3.6031,NaN,0.89129,20.33,5.3216,NaN,NaN,NaN,2.9029,0.44109,14.801,6.1235,NaN,3.4092,NaN,NaN,4.9434,0.93285,NaN,NaN,NaN,NaN,NaN,NaN,9.8857,10.292,3.5067,2.9928,5.9164,NaN,NaN,NaN,8.1188,8.064,3.1129,2.9536,NaN,NaN,NaN,3.0947,5.0671,NaN,3.9003,4.5933,NaN,NaN,8.7491,19.536,1.0444,21.633,0.95387,NaN,NaN,2.0813,2.3519,NaN,7.1626,5.2452,NaN,NaN,3.1247,4.3588,1.9478,NaN,5.9418,17.68,2.5339,4.5421,15.349,9.0319,NaN,NaN,NaN,5.2743,NaN,NaN,NaN,NaN,NaN,6.17,NaN,NaN,6.0645
NaN,7.9693,4.3024,NaN,NaN,6.8519,4.8506,11.569,NaN,4.714,NaN,NaN,NaN,5.2528,10.944,4.494,NaN,5.4893,NaN,4.9801,15.032,8.4471,NaN,NaN,NaN,10.523,6.285,17.071,2.8665,NaN,4.2268,NaN,NaN,15.34,10.298,NaN,NaN,NaN,NaN,NaN,NaN,8.2296,7.9871,3.007,1.5992,4.3305,NaN,NaN,NaN,9.7503,12.028,5.1522,11.913,NaN,NaN,NaN,2.0407,9.0564,NaN,7.1775,17.617,NaN,NaN,17.816,6.8522,3.882,10.473,3.8573,NaN,NaN,2.4431,2.7752,NaN,1.9265,6.6361,NaN,NaN,4.0079,1.1442,2.714,NaN,4.1529,26.284,7.6924,5.1945,35.119,6.6021,NaN,NaN,NaN,11.405,NaN,NaN,NaN,NaN,NaN,7.8985,NaN,NaN,16.128
