NaN,13.04,7.3705,4.1157,5.3652,16.172,8.8127,1.7351,NaN,5.4904,NaN,NaN,3.3995,4.8977,2.8973,11.336,13.763,6.0009,NaN,NaN,5.5539,NaN,NaN,NaN,6.6323,25.439,10.21,4.0641,4.6674,NaN,NaN,NaN,NaN,12.351,12.506,NaN,3.4579,NaN,NaN,NaN,4.4685,7.3811,5.102,3.5299,3.3456,1.8258,7.9138,8.9492,4.2012,NaN,10.844,9.6295,NaN,7.9062,9.8553,NaN,NaN,NaN,NaN,NaN,3.714,10.766,NaN,NaN,2.7717,17.489,NaN,6.7006,7.8184,NaN,NaN,4.4405,3.0024,2.0919,9.87,5.772,14.932,9.8222,0.54984,NaN,NaN,NaN,2.4065,NaN,NaN,2.5518,3.3338,7.662,5.8325,NaN,14.311,1.3752,2.0978,NaN,3.7507,NaN,NaN,NaN,2.5863,2.3546
NaN,5.2865,5.1147,5.1875,1.3329,5.1772,0.3972,5.6249,NaN,10.007,NaN,NaN,11.386,1.4856,4.4234,13.195,7.3789,10.007,NaN,NaN,8.0143,NaN,NaN,NaN,9.6754,20.431,3.4793,4.0355,7.9455,NaN,NaN,NaN,NaN,21.084,6.786,NaN,4.1325,NaN,NaN,NaN,2.4963,8.7148,5.4928,4.1607,2.5037,0.75235,6.9695,14.047,4.7141,NaN,3.4763,7.3492,NaN,33.177,27.602,NaN,NaN,NaN,NaN,NaN,2.9908,15.5,NaN,NaN,1.6409,8.4734,NaN,9.5919,8.5886,NaN,NaN,3.8185,4.0024,8.0193,7.8369,5.7623,8.4054,2.9894,5.4584,NaN,NaN,NaN,4.8148,NaN,NaN,1.8911,1.8002,5.319,3.3532,NaN,1.3564,1.631,5.0697,NaN,14.952,NaN,NaN,NaN,3.4065,4.9588
NaN,1.393,6.6618,10.828,6.1866,8.5694,9.237,2.5664,NaN,2.5511,NaN,NaN,4.5012,3.0814,2.6156,4.6615,12.508,4.0967,NaN,NaN,3.3444,NaN,NaN,NaN,2.3416,16.893,3.7704,4.6228,4.9255,NaN,NaN,NaN,NaN,12.256,7.4016,NaN,6.2993,NaN,NaN,NaN,3.4719,4.9223,6.0745,3.2398,6.0773,1.4903,5.2987,3.7908,3.0471,NaN,6.9242,5.5019,NaN,5.49,3.8817,NaN,NaN,NaN,NaN,NaN,3.9462,4.6102,NaN,NaN,1.5441,9.1013,NaN,3.8209,5.2587,NaN,NaN,8.6506,8.3431,1.6487,7.2967,4.7951,21.184,5.5112,3.1374,NaN,NaN,NaN,3.5843,NaN,NaN,4.9702,3.95,13.045,10.332,NaN,40.063,8.0886,3.6772,NaN,1.2637,NaN,NaN,NaN,3.8586,9.3926
NaN,19.664,4.0967,9.7871,6.7046,3.3362,5.8126,5.6716,NaN,1.6573,NaN,NaN,5.4119,7.8012,7.6097,4.1602,3.2699,4.5486,NaN,NaN,5.0269,NaN,NaN,NaN,11.749,10.33,17.17,12.688,4.908,NaN,NaN,NaN,NaN,10.363,17.081,NaN,28.294,NaN,NaN,NaN,4.7546,4.9218,5.0785,5.5123,2.8887,2.2444,6.6158,6.6665,7.9181,NaN,5.1984,6.7629,NaN,2.6417,30.684,NaN,NaN,NaN,NaN,NaN,7.8689,19.029,NaN,NaN,1.5884,7.2531,NaN,23.772,8.0537,NaN,NaN,8.2988,9.8517,6.7523,9.5555,2.9958,20.176,3.4228,11.561,NaN,NaN,NaN,1.3445,NaN,NaN,6.2065,0.98911,13.41,8.9957,NaN,10.518,6.2218,14.401,NaN,4.7816,NaN,NaN,NaN,16.312,11.076
NaN,34.145,3.096,10.645,4.2045,4.6076,5.5502,5.2678,NaN,2.4465,NaN,NaN,0.23047,5.5633,8.4504,6.8237,5.6962,4.9106,NaN,NaN,7.6659,NaN,NaN,NaN,10.366,8.3612,16.278,6.8077,6.0195,NaN,NaN,NaN,NaN,6.2616,7.2164,NaN,16.4,NaN,NaN,NaN,5.7139,5.3385,3.2865,3.3401,8.2932,0.39259,5.4147,7.3525,5.4046,NaN,5.4687,9.2319,NaN,1.2413,9.6809,NaN,NaN,NaN,NaN,NaN,10.066,16.162,NaN,NaN,1.1943,7.1937,NaN,8.9124,5.1312,NaN,NaN,10.172,10.52,0.47335,6.7761,4.8876,17.942,4.2162,8.6699,NaN,NaN,NaN,1.2799,NaN,NaN,4.7209,2.1618,10.268,2.5775,NaN,12.006,3.4999,10.654,NaN,3.5346,NaN,NaN,NaN,4.2729,10.544
NaN,5.7645,4.6276,3.2472,8.2724,10.918,8.275,1.6317,NaN,6.272,NaN,NaN,3.1371,4.9479,6.6203,3.9887,8.3521,4.9899,NaN,NaN,6.2136,NaN,NaN,NaN,5.3494,3.9627,17.313,1.3719,5.7924,NaN,NaN,NaN,NaN,24.275,1.245,NaN,4.443,NaN,NaN,NaN,3.8054,8.9193,4.6175,6.3501,8.6662,4.5177,3.5921,3.2584,2.0225,NaN,2.5859,5.8705,NaN,4.1875,2.4085,NaN,NaN,NaN,NaN,NaN,12.273,2.8317,NaN,NaN,8.4651,25.731,NaN,1.5822,6.8854,NaN,NaN,9.291,17.694,5.0346,5.3244,14.774,6.7483,3.5429,11.713,NaN,NaN,NaN,2.8533,NaN,NaN,5.7224,4.2835,6.4203,5.0544,NaN,1.1466,4.7053,6.9239,NaN,3.9267,NaN,NaN,NaN,12.484,9.3861
NaN,2.9034,5.852,3.8331,4.8476,7.525,6.3942,4.7181,NaN,9.0983,NaN,NaN,2.902,10.895,7.2643,7.0634,1.5327,12.646,NaN,NaN,1.8256,NaN,NaN,NaN,7.9967,9.3678,6.7852,14.897,7.6508,NaN,NaN,NaN,NaN,16.841,7.281,NaN,6.9167,NaN,NaN,NaN,0.64721,20.452,5.3517,7.1929,3.7414,5.8511,21.92,11.793,1.2892,NaN,1.2595,9.5031,NaN,5.5504,17.116,NaN,NaN,NaN,NaN,NaN,4.9708,16.764,NaN,NaN,4.6129,1.8413,NaN,5.2934,11.907,NaN,NaN,13.662,10.582,7.4052,0.4822,4.5973,3.638,4.5073,9.7047,NaN,NaN,NaN,6.7719,NaN,NaN,3.547,3.46,3.4176,13.65,NaN,5.7221,2.3237,8.0987,NaN,16.567,NaN,NaN,NaN,7.486,4.7541
NaN,4.6813,3.4385,5.7773,5.023,6.6922,4.7351,3.2286,NaN,7.5425,NaN,NaN,4.1982,2.1034,18.203,6.7575,2.898,5.772,NaN,NaN,0.80215,NaN,NaN,NaN,15.349,4.2839,7.7586,8.5733,3.0739,NaN,NaN,NaN,NaN,6.2808,2.8172,NaN,5.4857,NaN,NaN,NaN,1.2703,7.4688,1.9142,12.509,15.395,14.405,18.146,2.5043,4.5238,NaN,2.1409,11.284,NaN,4.94,3.7326,NaN,NaN,NaN,NaN,NaN,4.9038,22.302,NaN,NaN,4.0119,5.9142,NaN,8.458,2.6735,NaN,NaN,7.1821,28.845,9.5023,12.4,0.75456,4.6116,3.1543,6.2279,NaN,NaN,NaN,2.948,NaN,NaN,10.623,6.0664,4.4324,7.8571,NaN,6.9314,6.8045,25.384,NaN,6.0125,NaN,NaN,NaN,13.143,4.7571
NaN,16.543,2.5239,2.3143,3.6592,8.2192,12.63,5.1001,NaN,5.1236,NaN,NaN,2.3715,5.1577,10.284,2.0229,5.8855,10.978,NaN,NaN,2.7249,NaN,NaN,NaN,3.6933,6.775,7.8474,6.879,7.4427,NaN,NaN,NaN,NaN,3.6209,4.8196,NaN,3.0357,NaN,NaN,NaN,6.8152,8.461,2.3844,9.76,10.837,5.3839,13.879,2.1623,2.8926,NaN,1.1448,8.9359,NaN,4.7577,8.9743,NaN,NaN,NaN,NaN,NaN,5.406,3.7488,NaN,NaN,4.1346,4.2176,NaN,3.3707,1.7945,NaN,NaN,4.3413,27.452,9.1694,10.852,4.4255,5.6129,4.3419,4.8269,NaN,NaN,NaN,1.5621,NaN,NaN,9.9039,5.6498,5.9837,6.4751,NaN,3.9169,6.6489,11.725,NaN,1.298,NaN,NaN,NaN,8.8397,5.939
NaN,14.048,1.806,9.5738,2.4674,3.5068,6.377,8.0273,NaN,6.4018,NaN,NaN,0.74805,10.779,7.0336,9.9115,8.3722,8.8805,NaN,NaN,3.2771,NaN,NaN,NaN,10.799,12.21,7.0724,5.3507,5.9992,NaN,NaN,NaN,NaN,9.4478,16.679,NaN,15.092,NaN,NaN,NaN,4.9303,4.1078,2.3109,4.0032,3.5074,1.1377,3.7423,8.3734,12.285,NaN,9.0961,5.7874,NaN,1.8548,13.308,NaN,NaN,NaN,NaN,NaN,12.113,19.391,NaN,NaN,2.3442,9.1281,NaN,10.172,6.1328,NaN,NaN,7.6886,12.565,3.1475,7.5328,4.775,5.3945,6.7777,9.2615,NaN,NaN,NaN,3.731,NaN,NaN,6.6169,2.528,2.2298,1.1395,NaN,6.0398,7.2038,12.145,NaN,8.2474,NaN,NaN,NaN,2.712,6.2505
NaN,10.135,3.7003,3.7345,13.152,3.548,14.512,6.4463,NaN,5.8341,NaN,NaN,5.2327,7.3671,4.406,4.5858,4.5967,6.4878,NaN,NaN,1.1003,NaN,NaN,NaN,8.9126,10.749,16.403,8.3942,5.6983,NaN,NaN,NaN,NaN,11.118,11.429,NaN,7.9224,NaN,NaN,NaN,8.9034,7.3866,3.8754,8.3067,1.9583,8.0469,36.302,5.3454,8.1567,NaN,0.80651,9.5953,NaN,2.0123,8.6083,NaN,NaN,NaN,NaN,NaN,6.2001,28.132,NaN,NaN,1.6104,10.76,NaN,3.7408,13.738,NaN,NaN,10.093,11.058,20.638,10.678,8.9694,8.4552,12.62,8.4433,NaN,NaN,NaN,9.8539,NaN,NaN,6.751,2.2274,1.7482,5.034,NaN,5.9778,4.5077,10.502,NaN,9.7238,NaN,NaN,NaN,8.0894,1.4343
NaN,2.749,6.1541,4.3997,4.2849,8.3372,17.354,16.746,NaN,5.7401,NaN,NaN,8.1377,32.654,3.4175,3.4261,7.7177,6.2903,NaN,NaN,5.0084,NaN,NaN,NaN,3.6789,1.97,5.0751,8.6271,10.467,NaN,NaN,NaN,NaN,6.3741,2.3851,NaN,12.1,NaN,NaN,NaN,12.39,9.724,6.5552,4.0563,3.5127,1.7939,18.963,2.1994,1.0894,NaN,3.0282,23.895,NaN,7.5018,4.6625,NaN,NaN,NaN,NaN,NaN,5.1698,6.6671,NaN,NaN,3.1265,9.3055,NaN,11.601,5.0751,NaN,NaN,13.768,13.821,5.0499,9.1334,1.3879,14.36,2.3207,3.4545,NaN,NaN,NaN,8.6512,NaN,NaN,5.6293,6.0222,9.6848,4.2333,NaN,8.5985,4.9388,9.4411,NaN,2.2022,NaN,NaN,NaN,1.9879,15.606
NaN,3.5541,6.7075,2.2299,5.1424,6.385,1.0684,1.0512,NaN,8.0628,NaN,NaN,15.002,5.855,5.6997,3.0547,2.3017,19.357,NaN,NaN,14.047,NaN,NaN,NaN,5.5658,5.8808,5.1613,4.5227,3.5931,NaN,NaN,NaN,NaN,7.505,2.8663,NaN,4.272,NaN,NaN,NaN,3.7551,18.406,4.5574,7.1676,3.445,19.717,3.2422,6.6766,3.1871,NaN,2.4259,5.414,NaN,5.3267,4.2889,NaN,NaN,NaN,NaN,NaN,3.9255,17.073,NaN,NaN,7.4567,8.7771,NaN,10.178,10.762,NaN,NaN,13.336,6.7163,9.8324,17.37,5.1874,21.948,3.3264,9.3921,NaN,NaN,NaN,14.624,NaN,NaN,15.501,3.2635,11.697,3.248,NaN,5.7073,9.7796,19.217,NaN,7.0381,NaN,NaN,NaN,4.1138,2.9872
NaN,11.416,2.5412,3.1414,4.832,7.8852,6.6518,3.022,NaN,6.1372,NaN,NaN,3.0961,4.8398,11.583,10.641,2.0846,14.984,NaN,NaN,9.3778,NaN,NaN,NaN,1.6261,26.835,0.38724,15.008,13.137,NaN,NaN,NaN,NaN,3.586,0.80423,NaN,3.45,NaN,NaN,NaN,6.6853,9.6715,0.63359,22.238,5.0028,2.2273,8.1191,4.1698,6.6224,NaN,3.984,4.4609,NaN,20.088,7.6864,NaN,NaN,NaN,NaN,NaN,1.6373,4.4674,NaN,NaN,4.9801,5.4308,NaN,3.4415,7.082,NaN,NaN,3.7398,7.0456,11.509,8.87,22.17,10.471,11.179,8.0667,NaN,NaN,NaN,1.9917,NaN,NaN,9.816,2.3844,12.105,35.124,NaN,2.5949,11.188,16.381,NaN,3.6111,NaN,NaN,NaN,2.2693,8.8775
NaN,1.6964,5.4948,3.5247,1.6737,13.067,16.225,10.903,NaN,1.3694,NaN,NaN,5.0504,26.94,20.405,12.027,8.7008,8.3576,NaN,NaN,4.0724,NaN,NaN,NaN,6.5773,11.418,11.718,18.735,1.7566,NaN,NaN,NaN,NaN,5.9919,16.616,NaN,6.7713,NaN,NaN,NaN,2.9705,10.995,13.869,1.0244,4.1265,5.8778,6.6089,6.4219,3.5348,NaN,3.7208,49.848,NaN,6.0652,10.181,NaN,NaN,NaN,NaN,NaN,11.545,3.7079,NaN,NaN,5.6995,34.229,NaN,17.721,0.84773,NaN,NaN,6.3687,8.0941,5.004,3.3173,15.431,43.56,7.6991,7.2546,NaN,NaN,NaN,8.1945,NaN,NaN,12.571,11.086,7.3837,3.8523,NaN,11.048,7.8406,25.972,NaN,11.124,NaN,NaN,NaN,4.1772,4.2929
NaN,5.8667,12.474,3.8208,2.9292,8.9331,8.6202,1.5656,NaN,10.022,NaN,NaN,4.1571,4.3612,10.381,1.5242,4.971,8.4933,NaN,NaN,15.308,NaN,NaN,NaN,14.628,47.794,4.3237,5.7208,5.2532,NaN,NaN,NaN,NaN,11.044,5.7663,NaN,10.8,NaN,NaN,NaN,1.3698,5.9882,3.497,3.632,4.5035,13.814,2.3227,12.797,2.4239,NaN,2.0232,5.5033,NaN,19.038,7.722,NaN,NaN,NaN,NaN,NaN,4.3136,6.1219,NaN,NaN,3.971,14.295,NaN,23.621,8.7029,NaN,NaN,11.934,10.963,10.48,6.3253,10.128,51.262,10.798,4.4625,NaN,NaN,NaN,8.6935,NaN,NaN,3.3321,0.88961,2.0443,6.407,NaN,17.734,9.1296,10.586,NaN,19.141,NaN,NaN,NaN,7.7955,14.419
NaN,4.8805,5.0152,8.6629,10.994,9.7571,9.2336,8.5853,NaN,17.518,NaN,NaN,4.0385,7.9694,8.3682,14.812,11.023,11.057,NaN,NaN,25.619,NaN,NaN,NaN,6.9916,39.549,8.851,9.6734,10.411,NaN,NaN,NaN,NaN,8.406,6.1965,NaN,9.1453,NaN,NaN,NaN,4.65,9.743,2.8174,21.97,4.0184,10.588,4.8278,4.8594,12.396,NaN,10.44,4.157,NaN,14.887,4.9318,NaN,NaN,NaN,NaN,NaN,4.9885,10.823,NaN,NaN,3.47,2.7307,NaN,5.5406,8.4574,NaN,NaN,16.401,6.9271,5.0596,3.6367,19.957,6.3157,10.459,8.5807,NaN,NaN,NaN,11.666,NaN,NaN,15.818,5.9536,22.299,10.224,NaN,7.7721,18.236,12.387,NaN,8.2736,NaN,NaN,NaN,23.497,10.364
NaN,2.558,8.3138,9.0122,6.1609,3.8512,0.92043,6.3503,NaN,5.8225,NaN,NaN,13.609,11.458,12.863,6.2111,4.1157,10.282,NaN,NaN,9.8581,NaN,NaN,NaN,5.5065,7.132,5.95,6.9735,1.4982,NaN,NaN,NaN,NaN,4.6956,5.5649,NaN,7.71,NaN,NaN,NaN,6.5792,5.6462,8.3497,21.79,3.1763,13.822,4.1478,9.6059,8.4515,NaN,2.0188,10.649,NaN,30.454,2.611,NaN,NaN,NaN,NaN,NaN,3.9354,7.9537,NaN,NaN,4.9149,6.0829,NaN,57.943,2.7717,NaN,NaN,5.9989,4.9081,8.4004,8.3354,20.615,9.8371,2.452,8.388,NaN,NaN,NaN,2.9537,NaN,NaN,3.4404,5.0708,7.3864,12.163,NaN,6.1788,4.3925,10.044,NaN,6.1442,NaN,NaN,NaN,18.179,2.3072
NaN,3.3401,4.5666,3.5058,5.9787,11.658,9.6242,18.029,NaN,4.6684,NaN,NaN,6.6295,3.8814,11.994,10.56,5.8898,4.9401,NaN,NaN,6.3234,NaN,NaN,NaN,7.4776,14.624,5.0923,14.209,19.205,NaN,NaN,NaN,NaN,5.4633,4.6956,NaN,6.7072,NaN,NaN,NaN,11.401,2.7066,5.0482,14.24,2.6454,4.1327,11.673,6.7559,10.29,NaN,1.0313,29.433,NaN,16.62,4.2962,NaN,NaN,NaN,NaN,NaN,16.987,7.7849,NaN,NaN,8.8868,11.232,NaN,16.21,19.681,NaN,NaN,10.861,12.565,2.501,9.366,3.1642,9.2033,3.2605,4.8334,NaN,NaN,NaN,6.5478,NaN,NaN,1.9727,2.8353,9.8554,12.763,NaN,3.1843,1.2716,3.5737,NaN,7.5953,NaN,NaN,NaN,13.972,9.0884
NaN,6.1257,9.9829,5.5179,6.1195,9.5904,8.5175,6.6841,NaN,13.915,NaN,NaN,13.553,1.4088,16.331,5.643,4.4626,0.60836,NaN,NaN,12.66,NaN,NaN,NaN,8.7131,4.0437,6.7133,19.789,2.4135,NaN,NaN,NaN,NaN,7.2971,4.9124,NaN,6.6813,NaN,NaN,NaN,8.6046,7.7271,24.624,14.685,5.6961,8.4454,1.7134,17.662,3.0116,NaN,17.076,3.8058,NaN,10.729,47.418,NaN,NaN,NaN,NaN,NaN,2.1039,4.221,NaN,NaN,6.9724,6.7193,NaN,5.3787,4.9124,NaN,NaN,8.2811,6.2716,15.561,2.1883,12.021,16.062,4.8529,6.7591,NaN,NaN,NaN,4.1925,NaN,NaN,1.4236,4.2471,10.752,7.251,NaN,4.1558,1.0324,5.3139,NaN,8.9018,NaN,NaN,NaN,7.5553,8.7935
NaN,13.072,9.8906,11.632,5.1455,3.2971,4.8928,5.2914,NaN,9.6984,NaN,NaN,4.06,11.084,11.193,10.321,6.4027,9.8008,NaN,NaN,0.43123,NaN,NaN,NaN,7.1992,6.3932,17.172,6.9791,4.3831,NaN,NaN,NaN,NaN,12.465,2.2022,NaN,1.6946,NaN,NaN,NaN,7.5765,9.6453,5.7945,23.411,8.9531,7.3875,5.3244,9.4047,7.3267,NaN,5.1185,6.5656,NaN,5.5433,5.644,NaN,NaN,NaN,NaN,NaN,3.7825,6.8152,NaN,NaN,10.026,15.378,NaN,6.1813,3.9973,NaN,NaN,8.1854,3.0022,14.125,4.8029,15.4,5.5551,4.9942,2.5558,NaN,NaN,NaN,2.3717,NaN,NaN,5.4169,2.1976,7.2029,6.1202,NaN,8.8914,4.8741,7.4338,NaN,5.8363,NaN,NaN,NaN,10.287,10.116
NaN,9.0095,3.2784,11.832,14.205,8.2548,6.7232,2.978,NaN,5.5729,NaN,NaN,12.468,11.958,9.5672,39.113,7.1059,3.4965,NaN,NaN,5.903,NaN,NaN,NaN,15.958,39.597,15.154,3.9322,8.8667,NaN,NaN,NaN,NaN,18.398,6.5776,NaN,5.3494,NaN,NaN,NaN,3.281,2.0028,5.6268,8.6525,11.276,2.7827,13.797,10.274,4.9469,NaN,9.17,14.931,NaN,13.499,4.7972,NaN,NaN,NaN,NaN,NaN,4.8998,8.5396,NaN,NaN,8.9378,11.51,NaN,2.1713,6.2925,NaN,NaN,4.6998,2.6652,17.637,11.279,16.859,6.654,0.77143,9.18,NaN,NaN,NaN,4.0988,NaN,NaN,8.2085,4.4344,16.024,3.7058,NaN,5.4187,6.1799,5.5479,NaN,6.5563,NaN,NaN,NaN,14.006,11.472
NaN,4.6065,4.1765,5.5153,8.029,8.1397,12.734,5.8309,NaN,4.2683,NaN,NaN,10.305,0.93765,9.1645,21.621,1.8796,2.0963,NaN,NaN,2.2569,NaN,NaN,NaN,9.0683,26.633,8.6994,7.6921,14.942,NaN,NaN,NaN,NaN,3.4552,10.605,NaN,12.747,NaN,NaN,NaN,4.3409,5.98,5.6121,6.6839,7.4932,4.8345,5.5081,5.7443,1.9398,NaN,18.249,13.836,NaN,20.53,11.006,NaN,NaN,NaN,NaN,NaN,4.7105,6.8745,NaN,NaN,9.0786,8.5628,NaN,14.488,4.5114,NaN,NaN,3.1256,7.2538,11.079,8.2922,17.551,12.16,1.025,4.6605,NaN,NaN,NaN,1.5166,NaN,NaN,2.2121,5.1326,8.4096,2.8543,NaN,1.4201,11.518,19.499,NaN,11.876,NaN,NaN,NaN,4.608,5.486
NaN,34.075,4.6374,5.1837,8.3311,2.6455,13.635,4.5887,NaN,4.3954,NaN,NaN,5.2722,71.306,3.5719,41.107,9.0259,3.7771,NaN,NaN,5.1369,NaN,NaN,NaN,5.9815,20.969,10.533,5.1703,2.1384,NaN,NaN,NaN,NaN,3.0067,15.067,NaN,28.203,NaN,NaN,NaN,4.3615,3.1712,16.193,19.828,3.8472,4.5395,6.6282,12.32,3.158,NaN,8.0792,19.608,NaN,8.9825,11.731,NaN,NaN,NaN,NaN,NaN,7.2031,5.6297,NaN,NaN,12.903,20.787,NaN,5.2154,4.8806,NaN,NaN,3.9589,9.9719,3.3468,6.3793,11.701,12.91,1.7665,4.659,NaN,NaN,NaN,24.619,NaN,NaN,7.472,19.023,5.3297,7.3573,NaN,6.5732,5.0377,3.4964,NaN,7.2167,NaN,NaN,NaN,4.3605,7.3322
NaN,7.5908,4.4742,3.0396,5.201,10.477,5.5633,4.6845,NaN,5.2957,NaN,NaN,2.2039,16.276,13.085,25.123,6.3916,4.4333,NaN,NaN,3.5535,NaN,NaN,NaN,1.5656,3.906,7.3993,20.321,5.5524,NaN,NaN,NaN,NaN,5.7786,8.3814,NaN,6.9952,NaN,NaN,NaN,5.9358,7.1511,14.538,2.6583,3.3295,5.8295,4.5459,8.1043,2.1915,NaN,5.5394,13.319,NaN,3.6345,8.4813,NaN,NaN,NaN,NaN,NaN,5.8668,3.5845,NaN,NaN,6.1808,5.3292,NaN,9.2875,5.2498,NaN,NaN,1.59,9.3511,8.5935,5.1634,11.405,7.8428,4.0309,7.441,NaN,NaN,NaN,7.3346,NaN,NaN,5.0772,11.681,2.3946,6.1732,NaN,8.2843,16.542,17.271,NaN,10.844,NaN,NaN,NaN,2.9688,9.5025
NaN,16.17,15.182,7.8573,32.283,8.8864,3.552,3.847,NaN,36.154,NaN,NaN,10.557,11.431,9.8756,10.746,20.518,9.28,NaN,NaN,8.561,NaN,NaN,NaN,15.73,4.8076,25.332,8.5733,4.7872,NaN,NaN,NaN,NaN,11.978,13.564,NaN,13.63,NaN,NaN,NaN,8.1121,4.4271,21.186,3.8037,4.3963,8.0138,9.8675,10.573,1.5491,NaN,36.613,10.436,NaN,6.8646,7.4414,NaN,NaN,NaN,NaN,NaN,3.9812,3.4626,NaN,NaN,7.442,10.287,NaN,11.097,9.2379,NaN,NaN,5.4,15.3,12.968,8.0773,4.6979,8.2642,11.305,19.26,NaN,NaN,NaN,7.3001,NaN,NaN,5.5081,2.7411,3.1708,2.2357,NaN,9.9141,15.866,8.4841,NaN,9.6238,NaN,NaN,NaN,14.154,8.5408
NaN,6.6413,9.8162,6.9925,15.618,14.128,13.519,11.632,NaN,19.092,NaN,NaN,7.1575,18.635,17.225,10.87,14.278,7.7493,NaN,NaN,6.1414,NaN,NaN,NaN,9.8759,7.4174,34.305,19.388,6.1012,NaN,NaN,NaN,NaN,7.5339,24.729,NaN,10.52,NaN,NaN,NaN,4.5558,10.341,29.292,3.0069,6.0972,5.1404,11.689,4.0781,1.3083,NaN,1.3493,35.709,NaN,6.5487,9.6419,NaN,NaN,NaN,NaN,NaN,13.707,5.5058,NaN,NaN,8.6628,57.976,NaN,29.931,4.4515,NaN,NaN,5.2859,16.489,7.9533,5.9993,11.112,13.564,7.6799,12.289,NaN,NaN,NaN,8.1106,NaN,NaN,11.72,9.7022,10.079,4.9667,NaN,17.394,18.834,16.364,NaN,14.762,NaN,NaN,NaN,14.088,7.4823
NaN,1.1946,5.3474,3.176,1.4563,10.161,22.378,12.763,NaN,1.5536,NaN,NaN,8.8187,10.192,16.205,5.6071,14.773,7.6586,NaN,NaN,2.891,NaN,NaN,NaN,10.136,15.978,9.2828,9.1118,14.272,NaN,NaN,NaN,NaN,10.914,17.764,NaN,7.0559,NaN,NaN,NaN,1.9318,11.161,12.17,7.5969,3.7332,1.4503,2.946,13.167,10.967,NaN,1.8705,29.577,NaN,8.2515,6.3864,NaN,NaN,NaN,NaN,NaN,10.956,8.0126,NaN,NaN,6.9067,15.754,NaN,16.415,0.96489,NaN,NaN,11.566,13.78,4.2174,5.7832,7.7614,25.839,11.725,19.437,NaN,NaN,NaN,5.6671,NaN,NaN,24.538,4.6437,1.8264,9.0742,NaN,23.327,5.6046,5.2004,NaN,8.8731,NaN,NaN,NaN,9.4592,3.1616
NaN,6.0979,6.9516,16.05,13.969,7.9828,22.978,20.486,NaN,20.77,NaN,NaN,18.787,20.476,12.388,5.948,15.54,8.8624,NaN,NaN,7.9466,NaN,NaN,NaN,18.348,17.264,30.032,7.0586,5.614,NaN,NaN,NaN,NaN,18.739,20.398,NaN,8.5425,NaN,NaN,NaN,8.353,10.677,27.622,16.45,9.6155,14.031,16.783,5.2879,28.801,NaN,11.139,35.247,NaN,21.232,15.36,NaN,NaN,NaN,NaN,NaN,11.372,13.366,NaN,NaN,10.45,28.895,NaN,35.321,2.557,NaN,NaN,7.131,19.149,4.8208,9.266,12.696,20.313,14.542,23.344,NaN,NaN,NaN,5.0979,NaN,NaN,22.089,4.9886,6.5057,16.15,NaN,9.9753,31.945,12.229,NaN,17.584,NaN,NaN,NaN,16.914,5.5586
NaN,6.4177,12.313,41.271,16.455,1.4207,9.6438,12.151,NaN,18.691,NaN,NaN,12.539,9.5174,44.753,16.715,11.801,10.239,NaN,NaN,26.371,NaN,NaN,NaN,14.961,9.2326,23.087,6.2466,5.7381,NaN,NaN,NaN,NaN,18.548,28.358,NaN,8.7628,NaN,NaN,NaN,8.1661,8.2592,32.464,5.2319,20.554,17.261,26.412,12.793,9.3125,NaN,38.553,14.534,NaN,18.065,32.667,NaN,NaN,NaN,NaN,NaN,27.842,7.9855,NaN,NaN,18.752,23.974,NaN,17.734,0.68159,NaN,NaN,9.67,17.118,23.971,6.1698,55.369,62.369,7.6482,13.357,NaN,NaN,NaN,21.348,NaN,NaN,9.763,3.5933,7.5358,12.311,NaN,6.0012,14.302,17.652,NaN,10.49,NaN,NaN,NaN,21.423,13.294
NaN,5.3054,10.005,8.7079,10.827,6.8427,4.3349,6.4279,NaN,9.8672,NaN,NaN,25.187,5.1491,13.604,14.189,7.3977,4.385,NaN,NaN,10.279,NaN,NaN,NaN,11.231,2.6033,8.4569,9.1734,6.4948,NaN,NaN,NaN,NaN,7.0934,9.3833,NaN,6.2683,NaN,NaN,NaN,10.965,6.1845,14.118,2.5839,8.209,15.76,12.643,10.584,4.8689,NaN,15.792,4.9759,NaN,8.4417,14.848,NaN,NaN,NaN,NaN,NaN,14.614,9.9917,NaN,NaN,21.937,0.72814,NaN,5.7713,5.6891,NaN,NaN,10.465,14.869,2.6674,1.7147,11.314,12.303,6.7244,15.855,NaN,NaN,NaN,20.686,NaN,NaN,1.4199,3.9598,18.68,14.999,NaN,5.6855,7.8944,8.6701,NaN,4.067,NaN,NaN,NaN,11.514,3.1414
NaN,1.1819,1.614,10.268,15.735,2.6171,5.061,14.356,NaN,12.567,NaN,NaN,11.391,9.2006,4.2421,9.1754,4.7681,15.856,NaN,NaN,10.457,NaN,NaN,NaN,6.5362,5.8901,16.386,3.1447,32.758,NaN,NaN,NaN,NaN,1.5591,1.9112,NaN,11.945,NaN,NaN,NaN,33.557,1.6477,6.7634,1.7625,2.6855,10.649,13.668,2.0136,2.5358,NaN,5.2793,4.0123,NaN,9.7257,6.6487,NaN,NaN,NaN,NaN,NaN,6.5699,9.8992,NaN,NaN,13.967,19.85,NaN,6.2598,12.752,NaN,NaN,10.316,7.0259,8.3294,4.5667,7.0949,5.8813,5.3954,7.7664,NaN,NaN,NaN,6.7012,NaN,NaN,5.1955,10.383,10.812,5.9661,NaN,2.1358,4.2761,9.5679,NaN,2.5339,NaN,NaN,NaN,6.0788,11.683
NaN,18.207,5.6218,4.4295,15.935,8.5408,7.8172,5.5243,NaN,2.5655,NaN,NaN,10.035,10.997,11.551,25.316,35.812,9.7816,NaN,NaN,3.2847,NaN,NaN,NaN,3.6752,3.9713,7.2475,1.8975,6.0705,NaN,NaN,NaN,NaN,4.4127,5.9932,NaN,7.4624,NaN,NaN,NaN,5.2753,1.4044,2.6963,2.1777,5.589,3.1559,12.038,4.3856,1.9246,NaN,25.854,10.097,NaN,2.3959,2.4054,NaN,NaN,NaN,NaN,NaN,4.028,11.783,NaN,NaN,11.532,14.094,NaN,5.208,5.0951,NaN,NaN,8.4205,5.008,8.2753,15.564,5.689,4.7414,5.2009,9.0369,NaN,NaN,NaN,2.1574,NaN,NaN,8.6182,0.97822,5.1337,10.266,NaN,14.142,4.5679,4.9313,NaN,2.7193,NaN,NaN,NaN,5.7936,3.8663
NaN,1.9549,11.869,2.4323,17.344,4.3912,3.7776,5.6776,NaN,8.308,NaN,NaN,4.8065,4.094,7.9364,6.8178,12.542,10.814,NaN,NaN,7.586,NaN,NaN,NaN,12.657,3.123,0.94015,5.0965,8.1084,NaN,NaN,NaN,NaN,4.3868,4.8769,NaN,5.7259,NaN,NaN,NaN,6.5176,3.1173,9.3945,11.653,7.7834,3.1958,5.7764,11.052,5.2251,NaN,18.109,12.573,NaN,6.0926,2.867,NaN,NaN,NaN,NaN,NaN,7.1642,5.512,NaN,NaN,6.1895,20.864,NaN,1.7842,3.701,NaN,NaN,3.9,6.2278,5.9454,8.3355,9.8453,7.6996,1.9683,2.062,NaN,NaN,NaN,7.7899,NaN,NaN,17.433,2.0562,6.7292,2.6676,NaN,9.1573,7.3856,6.2801,NaN,6.9307,NaN,NaN,NaN,6.2022,6.5953
NaN,2.757,7.2857,2.5412,15.242,12.835,7.4258,25.044,NaN,2.8651,NaN,NaN,12.748,4.3369,7.1598,7.6002,8.2991,4.642,NaN,NaN,12.348,NaN,NaN,NaN,4.5313,13.626,11.145,8.7288,5.7581,NaN,NaN,NaN,NaN,5.3605,2.9102,NaN,6.0927,NaN,NaN,NaN,6.4455,3.1886,3.8937,10.564,5.84,4.7976,0.54929,14.113,10.873,NaN,5.3678,4.3817,NaN,3.0587,5.7548,NaN,NaN,NaN,NaN,NaN,15.038,2.1169,NaN,NaN,12.518,8.9436,NaN,4.275,2.3895,NaN,NaN,7.8198,12.08,5.5021,7.3079,1.7388,7.6739,8.5915,2.9002,NaN,NaN,NaN,6.9043,NaN,NaN,5.7492,9.1141,6.0897,4.6208,NaN,20.471,2.0289,7.1386,NaN,2.9627,NaN,NaN,NaN,4.2269,11.969
NaN,7.5495,7.8487,2.4313,8.0504,9.5629,5.1708,8.7882,NaN,1.7779,NaN,NaN,7.1965,7.7525,3.3575,9.6267,12.965,4.0196,NaN,NaN,3.6779,NaN,NaN,NaN,2.7129,3.1634,3.9758,6.364,7.3123,NaN,NaN,NaN,NaN,4.1293,7.7236,NaN,5.8532,NaN,NaN,NaN,0.82152,6.9614,0.82352,3.2703,5.4363,6.431,8.3173,6.7079,1.2605,NaN,8.7159,7.2673,NaN,2.9474,6.2085,NaN,NaN,NaN,NaN,NaN,5.472,3.3984,NaN,NaN,7.0778,4.8107,NaN,3.9112,2.8453,NaN,NaN,5.2686,11.173,3.1865,18.643,0.58682,14.796,4.8919,2.8815,NaN,NaN,NaN,2.0317,NaN,NaN,8.2832,6.2116,9.0056,1.8436,NaN,3.3353,7.2495,3.8049,NaN,3.7773,NaN,NaN,NaN,2.8904,1.7522
NaN,5.4991,7.7954,9.3247,10.219,14.231,7.0877,7.2403,NaN,4.1812,NaN,NaN,7.7079,3.8679,2.6033,4.4505,7.9675,9.2257,NaN,NaN,3.5534,NaN,NaN,NaN,5.8522,2.7919,16.763,7.607,3.4578,NaN,NaN,NaN,NaN,12.214,13.509,NaN,10.447,NaN,NaN,NaN,3.8067,1.8271,3.6117,1.3781,7.516,5.1353,8.6579,4.3691,7.7488,NaN,12.65,1.1657,NaN,8.3518,7.6553,NaN,NaN,NaN,NaN,NaN,5.1793,14.425,NaN,NaN,1.1702,6.7216,NaN,2.6156,3.8295,NaN,NaN,4.7591,20.575,4.2366,9.3037,2.6244,29.875,8.772,6.0223,NaN,NaN,NaN,1.1685,NaN,NaN,11.101,5.3034,13.064,11.739,NaN,16.441,12.146,6.7033,NaN,1.6358,NaN,NaN,NaN,6.3912,7.87
NaN,11.842,8.2912,4.6971,5.7722,10.802,2.7881,12.825,NaN,1.9146,NaN,NaN,6.8403,6.7861,9.1294,4.46,9.0381,4.1671,NaN,NaN,1.3697,NaN,NaN,NaN,8.2924,4.9595,13.774,9.7208,4.2632,NaN,NaN,NaN,NaN,14.909,5.3978,NaN,14.908,NaN,NaN,NaN,4.3616,32.288,4.8629,5.6666,5.6577,3.9262,9.4152,4.9773,17.519,NaN,9.394,7.677,NaN,8.2595,0.31269,NaN,NaN,NaN,NaN,NaN,5.7471,21.611,NaN,NaN,2.7258,9.3768,NaN,7.6895,8.5772,NaN,NaN,1.3108,7.9757,5.2745,10.995,5.5621,8.9174,8.5114,4.3095,NaN,NaN,NaN,1.7033,NaN,NaN,3.5543,10.606,7.8757,5.6887,NaN,5.4152,0.80972,6.0131,NaN,3.9225,NaN,NaN,NaN,13.057,2.3329
NaN,2.7362,8.5819,4.5048,2.9175,22.043,2.9037,4.6317,NaN,2.4153,NaN,NaN,5.8559,5.5691,8.5385,6.6377,18.159,4.5243,NaN,NaN,9.4312,NaN,NaN,NaN,12.218,11.387,8.9027,6.2509,6.1176,NaN,NaN,NaN,NaN,11.478,2.7619,NaN,3.6543,NaN,NaN,NaN,17.094,1.0621,4.6196,3.9986,11.16,3.7754,7.3934,4.7389,10.728,NaN,7.69,8.3052,NaN,7.5257,3.2669,NaN,NaN,NaN,NaN,NaN,10.011,5.5773,NaN,NaN,9.3894,10.322,NaN,2.7852,10.275,NaN,NaN,5.5206,8.9935,14.914,6.1563,4.5187,12.892,3.5271,2.3193,NaN,NaN,NaN,7.3698,NaN,NaN,5.2158,6.6843,7.8311,3.5537,NaN,11.609,15.314,9.6251,NaN,6.6769,NaN,NaN,NaN,4.5933,4.4263
NaN,7.2871,17.637,6.8793,4.8308,9.3402,6.933,8.9731,NaN,4.6861,NaN,NaN,5.8696,1.7122,1.0648,8.0781,10.875,7.68,NaN,NaN,11.563,NaN,NaN,NaN,4.616,4.8549,5.8811,3.6677,7.3952,NaN,NaN,NaN,NaN,13.055,7.9935,NaN,4.6247,NaN,NaN,NaN,12.213,4.5738,4.5261,3.2229,1.5749,5.5483,5.9452,14.024,3.3252,NaN,9.9462,6.2774,NaN,5.3273,4.5853,NaN,NaN,NaN,NaN,NaN,7.9455,2.1598,NaN,NaN,4.9185,4.3696,NaN,4.0135,7.7586,NaN,NaN,7.3625,11.989,11.463,8.8257,4.979,12.579,2.1578,2.3809,NaN,NaN,NaN,4.5545,NaN,NaN,2.0944,8.4028,15.076,3.3687,NaN,1.3126,6.9283,5.2026,NaN,12.386,NaN,NaN,NaN,7.6324,4.6671
NaN,5.4137,18.058,3.5754,18.933,6.1401,6.2981,13.771,NaN,3.0371,NaN,NaN,10.271,3.3821,3.0356,5.112,2.6708,7.459,NaN,NaN,5.4057,NaN,NaN,NaN,10.964,16.361,4.7828,8.0939,7.5414,NaN,NaN,NaN,NaN,11.42,5.9912,NaN,5.2741,NaN,NaN,NaN,6.9759,4.764,3.8159,10.889,9.081,2.4591,2.2002,31.945,8.3028,NaN,5.4813,4.6408,NaN,0.52996,5.6427,NaN,NaN,NaN,NaN,NaN,7.7063,3.4731,NaN,NaN,22.009,6.2351,NaN,1.8858,3.0432,NaN,NaN,8.3872,13.284,2.2384,11.033,0.80845,6.2483,2.749,3.694,NaN,NaN,NaN,2.6306,NaN,NaN,1.2194,21.898,13.565,8.6977,NaN,10.821,2.6314,3.525,NaN,4.0955,NaN,NaN,NaN,6.1347,4.602
NaN,0.39397,16.239,6.2818,12.977,14.783,4.835,6.661,NaN,3.8193,NaN,NaN,10.439,3.6644,6.4141,15.359,5.4822,6.4674,NaN,NaN,10.951,NaN,NaN,NaN,7.1409,24.431,11.854,14.839,5.9006,NaN,NaN,NaN,NaN,6.1567,6.8654,NaN,8.4384,NaN,NaN,NaN,19.255,7.2967,3.9474,13.287,7.6006,15.267,1.7015,14.095,11.673,NaN,4.1852,1.307,NaN,3.9818,7.3038,NaN,NaN,NaN,NaN,NaN,16.089,5.0193,NaN,NaN,9.981,8.5332,NaN,4.9103,1.3215,NaN,NaN,4.5694,15.402,6.8627,5.3527,1.3717,8.1938,8.045,3.6207,NaN,NaN,NaN,13.038,NaN,NaN,0.28536,9.6881,9.4962,2.6855,NaN,19.126,3.4771,7.6895,NaN,1.412,NaN,NaN,NaN,4.4079,6.8591
NaN,4.1536,4.426,1.7702,7.9746,6.6124,3.4358,4.4078,NaN,7.6059,NaN,NaN,9.4449,7.1251,7.4938,3.5012,0.8295,10.261,NaN,NaN,7.3284,NaN,NaN,NaN,15.331,11.737,3.6543,12.689,5.6058,NaN,NaN,NaN,NaN,2.3893,10.955,NaN,15.041,NaN,NaN,NaN,3.0433,10.328,8.6482,10.555,7.7202,11.177,5.078,25.097,7.1368,NaN,7.2034,8.8373,NaN,6.9162,7.6847,NaN,NaN,NaN,NaN,NaN,12.956,6.0432,NaN,NaN,11.068,8.046,NaN,0.51122,2.8367,NaN,NaN,5.6048,25.109,3.4654,7.9389,4.8695,9.7415,10.066,2.3604,NaN,NaN,NaN,2.862,NaN,NaN,5.4034,6.6,3.6209,5.1722,NaN,7.6053,3.0159,4.93,NaN,8.5748,NaN,NaN,NaN,4.1491,6.5556
NaN,5.4,2.9312,7.1969,31.138,12.685,3.3916,10.767,NaN,5.0923,NaN,NaN,11.387,6.3711,6.8203,4.0286,6.7001,4.1468,NaN,NaN,13.728,NaN,NaN,NaN,3.8615,20.624,16.353,6.0962,3.2141,NaN,NaN,NaN,NaN,4.1948,19.48,NaN,4.3959,NaN,NaN,NaN,2.6381,7.7858,2.4392,8.9332,0.94811,9.1671,3.9383,7.6342,3.3723,NaN,22.509,4.9144,NaN,3.8465,13.36,NaN,NaN,NaN,NaN,NaN,11.644,4.9648,NaN,NaN,6.0599,1.3378,NaN,3.3584,3.7967,NaN,NaN,4.428,16.204,3.3959,5.3742,3.622,6.3891,9.1839,4.4353,NaN,NaN,NaN,1.3046,NaN,NaN,4.4204,4.773,7.3207,5.9942,NaN,9.5254,5.935,4.5699,NaN,5.47,NaN,NaN,NaN,10.408,7.3709
NaN,2.6282,26.431,10.829,9.3897,25.793,3.6681,10.405,NaN,6.1354,NaN,NaN,1.823,9.5354,4.3446,8.407,5.2329,4.4938,NaN,NaN,12.475,NaN,NaN,NaN,3.095,9.306,19.832,8.7919,5.6148,NaN,NaN,NaN,NaN,2.1533,9.5562,NaN,2.9293,NaN,NaN,NaN,12.215,1.4172,4.6808,2.005,7.1093,12.494,3.516,5.7884,11.083,NaN,4.2931,7.389,NaN,4.6913,8.2317,NaN,NaN,NaN,NaN,NaN,14.325,4.784,NaN,NaN,6.8295,7.785,NaN,3.8145,12.482,NaN,NaN,6.1706,11.628,20.063,4.8474,4.1043,14.284,5.5952,3.4328,NaN,NaN,NaN,3.9399,NaN,NaN,2.6054,8.1627,6.8197,4.4656,NaN,7.9628,4.2871,6.7232,NaN,6.4514,NaN,NaN,NaN,4.5867,4.2241
NaN,5.1346,10.329,8.4281,3.7307,10.759,5.7883,3.3478,NaN,7.2336,NaN,NaN,0.96473,5.2398,3.8843,7.7472,5.1352,2.3423,NaN,NaN,4.8121,NaN,NaN,NaN,17.973,23.045,12.573,4.6166,6.6683,NaN,NaN,NaN,NaN,6.8137,10.226,NaN,1.1631,NaN,NaN,NaN,12.95,10.828,5.7845,5.2221,11.587,3.5523,10.469,9.4924,13.13,NaN,2.1188,13.038,NaN,6.4848,6.3286,NaN,NaN,NaN,NaN,NaN,8.7944,2.6336,NaN,NaN,16.365,8.0775,NaN,4.997,8.7363,NaN,NaN,9.2288,4.0604,42.473,17.31,6.2772,10.799,4.6901,8.9253,NaN,NaN,NaN,5.826,NaN,NaN,9.1518,6.8186,8.9475,7.8008,NaN,3.287,8.6385,8.8386,NaN,6.0938,NaN,NaN,NaN,2.8458,3.5911
NaN,2.7499,2.0756,15.783,35.349,9.72,18.902,60.395,NaN,5.0298,NaN,NaN,13.006,8.653,2.9901,7.4108,6.4662,3.1196,NaN,NaN,8.2205,NaN,NaN,NaN,5.1231,2.833,1.1842,2.0561,9.0965,NaN,NaN,NaN,NaN,5.1156,8.3034,NaN,1.4069,NaN,NaN,NaN,2.2534,13.962,0.96078,4.0923,1.5847,8.2381,4.6024,3.3937,2.9032,NaN,9.4273,9.4768,NaN,6.5174,5.3403,NaN,NaN,NaN,NaN,NaN,3.7705,4.2548,NaN,NaN,3.9841,5.5279,NaN,1.9758,8.7859,NaN,NaN,6.2723,10.057,6.3115,4.0706,11.205,10.477,7.3827,6.0058,NaN,NaN,NaN,0.90566,NaN,NaN,3.6111,4.8978,14.987,5.8044,NaN,3.8429,9.8745,6.4527,NaN,3.3853,NaN,NaN,NaN,0.98416,7.0279
NaN,1.0871,2.9515,15.689,18.688,9.5562,5.7685,23.607,NaN,7.0475,NaN,NaN,6.9937,6.0652,2.1058,16.976,13.647,7.1161,NaN,NaN,15.754,NaN,NaN,NaN,13.531,5.1986,77.402,7.191,13.304,NaN,NaN,NaN,NaN,4.0007,3.8919,NaN,7.6917,NaN,NaN,NaN,8.6592,4.1321,2.5072,4.1191,4.6077,4.8412,2.5471,10.009,8.4514,NaN,5.816,5.3309,NaN,11.828,3.2918,NaN,NaN,NaN,NaN,NaN,11.366,3.9049,NaN,NaN,10.171,5.5189,NaN,5.1179,4.5778,NaN,NaN,8.0032,14.548,7.3727,4.0348,1.8448,24.718,8.444,5.4464,NaN,NaN,NaN,2.8455,NaN,NaN,6.6821,5.1479,6.5815,2.3508,NaN,2.9009,3.3367,9.9193,NaN,3.4291,NaN,NaN,NaN,5.9862,4.4744
NaN,2.681,19.956,1.9437,4.044,12.384,8.3262,3.4358,NaN,5.5407,NaN,NaN,5.2571,9.4435,5.6137,4.1933,2.6781,2.6385,NaN,NaN,19.061,NaN,NaN,NaN,10.121,11.335,17.539,17.366,5.3728,NaN,NaN,NaN,NaN,7.4501,6.7506,NaN,3.8464,NaN,NaN,NaN,23.18,6.5873,5.5571,0.95614,5.5139,3.516,1.27,13.371,1.4807,NaN,4.3387,2.7467,NaN,20.032,8.7746,NaN,NaN,NaN,NaN,NaN,9.5951,4.214,NaN,NaN,12.419,10.256,NaN,1.1522,7.3463,NaN,NaN,8.8396,3.1321,3.2837,10.645,5.6065,11.47,9.5088,0.68053,NaN,NaN,NaN,2.854,NaN,NaN,6.3218,3.6453,9.8566,7.9651,NaN,5.4293,10.554,5.8916,NaN,2.2847,NaN,NaN,NaN,7.1524,5.967
NaN,0.83748,15.338,5.7518,5.9578,30.102,8.27,13.761,NaN,4.1571,NaN,NaN,5.0095,1.0982,11.744,9.7973,5.8593,9.4216,NaN,NaN,8.6306,NaN,NaN,NaN,4.0214,3.5288,15.633,1.8748,10.166,NaN,NaN,NaN,NaN,5.2284,9.6333,NaN,5.9058,NaN,NaN,NaN,10.784,4.2612,4.9941,1.8505,15.213,9.8385,11.517,11.52,4.3534,NaN,3.8658,5.0812,NaN,4.9839,9.5087,NaN,NaN,NaN,NaN,NaN,13.579,3.6079,NaN,NaN,6.5803,6.0529,NaN,3.7852,10.326,NaN,NaN,3.5688,7.7136,2.7451,1.3884,3.1047,10.794,2.3973,6.8576,NaN,NaN,NaN,5.2656,NaN,NaN,2.3211,14.879,3.7713,5.3564,NaN,8.7971,9.0257,1.8372,NaN,4.0542,NaN,NaN,NaN,2.9118,4.7363
NaN,8.6966,17.33,0.63962,22.294,26.351,6.1695,11.47,NaN,5.7105,NaN,NaN,3.7868,8.9372,10.772,9.2133,2.8536,3.7813,NaN,NaN,18.898,NaN,NaN,NaN,8.4312,5.7826,11.716,3.1573,4.0949,NaN,NaN,NaN,NaN,1.8744,10.064,NaN,8.1287,NaN,NaN,NaN,0.83617,17.287,5.3532,16.011,7.901,23.105,11.074,6.4556,1.4159,NaN,7.7535,5.0495,NaN,28.414,13.054,NaN,NaN,NaN,NaN,NaN,10.749,2.7419,NaN,NaN,9.0736,8.2849,NaN,3.6795,1.7319,NaN,NaN,3.2927,7.5171,17.373,3.6968,13.426,3.6644,9.859,7.3436,NaN,NaN,NaN,6.401,NaN,NaN,4.4097,7.2449,2.1681,10.433,NaN,7.8291,16.715,2.3521,NaN,3.6647,NaN,NaN,NaN,1.4479,10.62
NaN,2.22,2.9784,6.7358,5.4529,3.3044,32.268,4.0363,NaN,3.9918,NaN,NaN,2.5811,6.9084,10.361,2.5494,4.6248,7.3281,NaN,NaN,10.761,NaN,NaN,NaN,6.9099,16.602,2.1634,6.8367,11.008,NaN,NaN,NaN,NaN,16.409,3.9244,NaN,14.786,NaN,NaN,NaN,5.0421,9.7493,10.252,5.9432,6.5917,2.1183,4.9973,4.4349,5.4535,NaN,3.7259,8.5547,NaN,1.4994,5.9143,NaN,NaN,NaN,NaN,NaN,5.0137,5.3301,NaN,NaN,3.7141,3.562,NaN,19.891,15.941,NaN,NaN,5.586,17.128,48.784,9.073,8.4337,9.5854,5.9794,12.505,NaN,NaN,NaN,3.7609,NaN,NaN,27.693,6.1033,4.6164,10.378,NaN,19.891,8.5357,8.264,NaN,3.9157,NaN,NaN,NaN,1.8219,0.32697
NaN,4.8542,9.1906,1.8972,8.2936,13.743,6.1706,7.9488,NaN,5.312,NaN,NaN,8.0701,6.4785,7.4517,30.575,6.5258,5.1563,NaN,NaN,13.964,NaN,NaN,NaN,5.1125,6.5491,12.698,7.5169,4.585,NaN,NaN,NaN,NaN,5.1671,8.967,NaN,6.265,NaN,NaN,NaN,5.8629,3.8486,6.517,6.8639,7.3354,3.1904,7.967,30.704,2.5288,NaN,16.276,13.355,NaN,4.3693,11.601,NaN,NaN,NaN,NaN,NaN,8.8512,6.5658,NaN,NaN,5.2247,11.981,NaN,5.2829,1.7377,NaN,NaN,12.463,6.252,20.127,2.7512,15.76,16.385,10.655,10.978,NaN,NaN,NaN,4.1687,NaN,NaN,3.4094,7.3371,2.6457,9,NaN,7.4408,5.8044,9.9147,NaN,6.1055,NaN,NaN,NaN,13.171,5.5072
NaN,4.2438,19.247,4.337,9.1131,18.957,37.757,9.7339,NaN,8.0682,NaN,NaN,7.7116,6.6157,7.2077,27.003,3.9083,1.9982,NaN,NaN,13.544,NaN,NaN,NaN,5.6597,9.2973,10.194,8.0313,5.028,NaN,NaN,NaN,NaN,5.4497,11.592,NaN,4.6767,NaN,NaN,NaN,6.6193,11.309,8.2868,7.8573,9.5877,13.532,18.32,5.2716,5.6958,NaN,16.051,9.9172,NaN,6.9702,8.8697,NaN,NaN,NaN,NaN,NaN,9.218,1.8878,NaN,NaN,4.8162,13.097,NaN,7.4273,10.624,NaN,NaN,5.6718,16.911,9.2619,3.1514,18.899,8.9454,5.0653,10.229,NaN,NaN,NaN,11.775,NaN,NaN,6.2766,1.8629,7.2688,7.7767,NaN,5.5731,2.6422,13.208,NaN,6.0072,NaN,NaN,NaN,10.092,8.8802
NaN,2.165,6.5111,4.8319,3.9893,5.3263,3.5168,10.99,NaN,2.8221,NaN,NaN,14.147,12.388,6.4077,8.2447,8.6157,17.464,NaN,NaN,1.555,NaN,NaN,NaN,2.2987,14.435,9.0516,9.0733,4.4269,NaN,NaN,NaN,NaN,8.4011,5.2069,NaN,6.2768,NaN,NaN,NaN,16.253,3.4245,8.7963,3.6723,12.317,6.908,15.821,4.6632,10.539,NaN,5.1841,4.7356,NaN,7.6884,5.1195,NaN,NaN,NaN,NaN,NaN,5.7237,5.6509,NaN,NaN,4.8959,3.044,NaN,24.807,10.033,NaN,NaN,8.1515,15.06,11.922,2.525,21.523,3.0028,16.842,6.3526,NaN,NaN,NaN,4.5973,NaN,NaN,11.711,3.5573,5.0884,2.8267,NaN,8.1912,0.66858,26.489,NaN,2.4345,NaN,NaN,NaN,10.926,4.0415
NaN,3.1807,3.5517,6.7913,12.73,7.9689,9.5318,4.6775,NaN,14.055,NaN,NaN,5.1706,6.498,3.233,14.044,5.524,2.3094,NaN,NaN,6.1154,NaN,NaN,NaN,4.8968,13.441,1.0813,6.4457,15.642,NaN,NaN,NaN,NaN,14.172,6.9691,NaN,7.6084,NaN,NaN,NaN,4.3491,7.5103,10.686,2.3573,2.7502,14.564,8.1331,4.4112,5.4208,NaN,3.6148,7.1601,NaN,11.304,14.71,NaN,NaN,NaN,NaN,NaN,2.8614,2.0008,NaN,NaN,8.1462,32.511,NaN,5.6661,8.6021,NaN,NaN,10.327,3.8652,13.044,10.362,6.0489,9.858,41.276,4.583,NaN,NaN,NaN,1.0124,NaN,NaN,1.8183,8.9685,10.235,1.7559,NaN,6.4319,6.3546,6.2434,NaN,6.4743,NaN,NaN,NaN,3.1718,4.2542
NaN,4.9688,13.856,11.384,10.034,5.7312,13.969,10.73,NaN,5.8915,NaN,NaN,6.7735,3.3788,13.557,18.682,9.9763,6.6572,NaN,NaN,3.1445,NaN,NaN,NaN,4.2692,1.5028,6.6223,5.9049,12.368,NaN,NaN,NaN,NaN,5.7015,19.748,NaN,4.1727,NaN,NaN,NaN,6.0933,8.4926,6.5851,1.3388,5.2484,11.642,16.626,7.5813,11.687,NaN,13.314,9.8658,NaN,9.8456,15.947,NaN,NaN,NaN,NaN,NaN,7.321,9.501,NaN,NaN,31.623,10.224,NaN,15.764,5.6139,NaN,NaN,11.002,3.8907,10.26,5.2596,2.217,7.0787,11.235,7.8233,NaN,NaN,NaN,5.3107,NaN,NaN,7.939,6.5665,12.682,14.514,NaN,8.7954,8.1743,7.2913,NaN,2.9545,NaN,NaN,NaN,5.7429,4.5758
NaN,5.2642,6.8849,12.323,6.8535,4.1453,11.245,6.6315,NaN,1.4787,NaN,NaN,10.401,4.9597,7.306,3.8098,6.0494,4.9367,NaN,NaN,7.3247,NaN,NaN,NaN,0.7183,6.8454,5.1971,2.943,14.043,NaN,NaN,NaN,NaN,3.6139,5.2311,NaN,1.0227,NaN,NaN,NaN,8.3539,8.1152,15.839,8.6593,6.0995,8.453,5.6701,5.4846,0.88193,NaN,7.0451,5.7844,NaN,8.2989,10.39,NaN,NaN,NaN,NaN,NaN,4.8264,4.8871,NaN,NaN,8.3872,4.9819,NaN,13.189,2.556,NaN,NaN,5.8935,12.375,9.4433,9.4925,20.399,2.2857,14.458,5.7731,NaN,NaN,NaN,5.5505,NaN,NaN,19.491,9.066,3.5493,14.59,NaN,6.7036,5.2068,3.6768,NaN,4.981,NaN,NaN,NaN,7.8664,4.8907
NaN,9.3995,4.7968,5.7108,10.116,6.1584,16.651,1.5188,NaN,5.8692,NaN,NaN,13.328,9.5294,29.056,5.2323,6.9112,5.2161,NaN,NaN,4.088,NaN,NaN,NaN,1.1282,8.0396,5.1824,5.9675,5.7406,NaN,NaN,NaN,NaN,12.835,3.3712,NaN,4.0745,NaN,NaN,NaN,10.559,2.6383,9.9863,23.125,6.5235,1.5434,8.0879,8.3727,5.8552,NaN,5.5311,9.3895,NaN,1.1622,9.1844,NaN,NaN,NaN,NaN,NaN,4.4862,1.7749,NaN,NaN,0.73909,6.2801,NaN,10.612,4.2517,NaN,NaN,22.922,19.927,11.248,9.0332,23.893,5.8786,15.984,6.1399,NaN,NaN,NaN,7.3682,NaN,NaN,14.984,5.9597,8.3055,8.8653,NaN,0.60129,7.052,12.103,NaN,7.5322,NaN,NaN,NaN,18.107,5.9113
NaN,6.9157,5.5836,2.7341,9.2831,5.4185,8.8063,5.0484,NaN,6.2663,NaN,NaN,6.01,11.109,17.256,7.4376,12.683,12.733,NaN,NaN,5.8472,NaN,NaN,NaN,2.9049,7.152,14.615,8.3125,3.3334,NaN,NaN,NaN,NaN,17.216,9.705,NaN,9.8075,NaN,NaN,NaN,10.75,11.942,12.22,18.099,10.346,1.3829,8.8419,31.577,6.7171,NaN,11.173,30.446,NaN,7.4456,12.912,NaN,NaN,NaN,NaN,NaN,7.3051,8.0013,NaN,NaN,7.2498,11.073,NaN,5.9772,10.898,NaN,NaN,22.474,13.135,25.156,8.9847,11.431,12.414,11.394,5.6305,NaN,NaN,NaN,12.197,NaN,NaN,6.7849,3.5621,4.8492,12.061,NaN,7.9751,2.5531,28.873,NaN,10.122,NaN,NaN,NaN,13.258,11.336
NaN,2.6667,6.7828,4.4169,6.2167,3.0745,3.1687,12.802,NaN,5.2983,NaN,NaN,3.6993,13.625,5.8118,20.165,19.942,8.7917,NaN,NaN,10.574,NaN,NaN,NaN,3.8205,7.7638,14.097,9.8651,2.6377,NaN,NaN,NaN,NaN,14.923,28.723,NaN,7.7292,NaN,NaN,NaN,4.9123,17.452,2.3752,2.6875,7.8529,4.2482,3.0395,15.078,8.9714,NaN,5.7497,12.997,NaN,11.902,16.502,NaN,NaN,NaN,NaN,NaN,7.6356,17.367,NaN,NaN,17.034,35.431,NaN,4.5115,8.2728,NaN,NaN,11.883,5.6325,12.216,8.8085,3.5055,26.772,11.011,7.7229,NaN,NaN,NaN,7.077,NaN,NaN,5.7084,5.1043,5.048,16.541,NaN,12.161,9.3698,7.6692,NaN,16.29,NaN,NaN,NaN,6.5572,12.649
NaN,6.6881,6.1231,10.478,7.6518,6.6583,8.8058,8.0595,NaN,1.8593,NaN,NaN,4.5402,18.055,35.554,15.579,30.925,3.9447,NaN,NaN,9.8534,NaN,NaN,NaN,4.2995,7.9033,2.8976,10.771,15.691,NaN,NaN,NaN,NaN,14.253,5.383,NaN,9.7747,NaN,NaN,NaN,6.0301,21.13,10.081,17.078,7.3585,4.7825,5.7725,11.278,5.5988,NaN,10.013,14.289,NaN,11.159,16.804,NaN,NaN,NaN,NaN,NaN,10.188,17.237,NaN,NaN,3.0824,5.4483,NaN,8.1315,16.192,NaN,NaN,8.0881,11.067,51.333,6.8016,0.22382,7.7672,10.09,6.5792,NaN,NaN,NaN,7.1449,NaN,NaN,11.132,2.436,6.2467,19.729,NaN,12.106,5.2182,9.3861,NaN,7.3166,NaN,NaN,NaN,4.8414,5.6081
NaN,3.124,1.4478,21.612,9.8836,11.251,11.723,5.5608,NaN,4.72,NaN,NaN,3.7819,13.246,20.434,13.034,2.6059,9.5119,NaN,NaN,9.1695,NaN,NaN,NaN,1.2323,11.759,8.5665,6.3521,3.488,NaN,NaN,NaN,NaN,2.5337,7.7458,NaN,7.7438,NaN,NaN,NaN,1.5748,8.7732,11.691,1.4382,15.159,15.802,18.582,6.9838,24.558,NaN,23.533,14.638,NaN,10.599,10.807,NaN,NaN,NaN,NaN,NaN,3.5283,10.208,NaN,NaN,15.146,14.218,NaN,7.1456,6.0237,NaN,NaN,2.5541,6.2255,7.7115,0.62846,6.3388,5.3872,1.9484,11.501,NaN,NaN,NaN,12.515,NaN,NaN,10.465,5.6931,5.3701,9.5445,NaN,2.4242,3.7085,5.8434,NaN,8.2214,NaN,NaN,NaN,4.9158,2.145
NaN,1.4835,6.885,13.891,4.502,6.4737,23.669,7.581,NaN,8.2731,NaN,NaN,6.565,8.797,10.991,6.3156,5.8438,8.008,NaN,NaN,28.351,NaN,NaN,NaN,4.7153,11.908,9.2322,3.0358,6.26,NaN,NaN,NaN,NaN,6.6743,5.3648,NaN,5.4366,NaN,NaN,NaN,3.2205,9.0986,11.953,15.791,4.0364,4.7011,10.774,2.1968,7.9076,NaN,11.227,9.2458,NaN,7.4584,9.0342,NaN,NaN,NaN,NaN,NaN,3.4676,14.58,NaN,NaN,5.5999,11.691,NaN,16.265,12.044,NaN,NaN,1.6609,20.955,13.732,4.122,6.9692,6.208,2.5972,11.237,NaN,NaN,NaN,5.8022,NaN,NaN,22.927,5.5486,4.1443,21.166,NaN,8.7947,5.478,5.3031,NaN,10.045,NaN,NaN,NaN,4.8153,0.54034
