NaN,NaN,NaN,NaN,NaN,NaN,8.6018,1.5404,3.2162,3.6339,1.2267,5.0618,3.5344,5.4168,1.4885,3.0237,NaN,NaN,NaN,3.5383,4.4743,3.7957,NaN,9.8936,NaN,10.305,NaN,2.4448,NaN,7.1575,NaN,NaN,NaN,NaN,17.963,NaN,NaN,10.311,1.8962,NaN,NaN,NaN,7.3744,2.2721,NaN,NaN,1.684,6.3692,NaN,NaN,4.4042,NaN,5.3566,2.2671,NaN,NaN,NaN,NaN,4.2053,NaN,NaN,3.2513,5.3454,NaN,1.504,NaN,NaN,NaN,NaN,NaN,NaN,6.4677,NaN,1.4846,2.8999,NaN,38.354,0.83091,8.1457,4.4738,2.1034,4.0618,3.6949,NaN,10.076,1.6046,NaN,2.3678,8.2632,4.4276,9.3076,NaN,NaN,4.5299,NaN,0.99223,2.3307,NaN,NaN,2.7452
NaN,NaN,NaN,NaN,NaN,NaN,9.1425,1.4654,5.6129,5.9899,4.4254,2.1059,1.7751,12.036,2.6247,5.5362,NaN,NaN,NaN,1.0535,2.5378,3.0719,NaN,3.1259,NaN,4.7732,NaN,3.8385,NaN,11.457,NaN,NaN,NaN,NaN,2.391,NaN,NaN,4.9485,11.105,NaN,NaN,NaN,6.0231,1.1967,NaN,NaN,3.9258,9.1119,NaN,NaN,6.8347,NaN,4.0288,11.063,NaN,NaN,NaN,NaN,3.5247,NaN,NaN,2.4578,13.187,NaN,6.4876,NaN,NaN,NaN,NaN,NaN,NaN,4.8119,NaN,2.3378,3.6,NaN,20.019,0.71579,4.8895,7.6841,3.2363,6.8815,3.7404,NaN,3.4425,6.2506,NaN,6.56,4.4246,0.72373,6.6957,NaN,NaN,4.1481,NaN,3.7386,0.35256,NaN,NaN,3.6129
NaN,NaN,NaN,NaN,NaN,NaN,13.495,0.99741,2.9724,5.6835,1.5403,1.8467,5.3919,3.6376,5.8704,2.8396,NaN,NaN,NaN,3.7273,3.274,2.7562,NaN,22.186,NaN,9.0745,NaN,2.2573,NaN,1.8696,NaN,NaN,NaN,NaN,7.9782,NaN,NaN,5.7525,2.1834,NaN,NaN,NaN,5.1299,2.6293,NaN,NaN,8.1929,5.2932,NaN,NaN,3.5558,NaN,6.7041,1.8906,NaN,NaN,NaN,NaN,3.7638,NaN,NaN,3.0694,15.476,NaN,2.2328,NaN,NaN,NaN,NaN,NaN,NaN,13.821,NaN,11.748,1.856,NaN,30.39,2.2847,4.3005,5.3086,8.4041,5.0942,2.642,NaN,3.9583,9.5878,NaN,2.447,9.9811,7.1977,13.493,NaN,NaN,6.4356,NaN,3.3783,3.9042,NaN,NaN,2.6757
NaN,NaN,NaN,NaN,NaN,NaN,5.3662,1.6623,7.9312,3.2703,1.6098,1.0043,2.8917,9.7342,2.5859,2.571,NaN,NaN,NaN,4.1104,1.3937,5.3718,NaN,5.343,NaN,10.352,NaN,2.5205,NaN,2.095,NaN,NaN,NaN,NaN,6.998,NaN,NaN,2.9586,21.896,NaN,NaN,NaN,1.9528,3.3558,NaN,NaN,3.9351,5.3335,NaN,NaN,5.156,NaN,5.0081,8.3364,NaN,NaN,NaN,NaN,6.5252,NaN,NaN,1.071,19.548,NaN,3.2475,NaN,NaN,NaN,NaN,NaN,NaN,2.2332,NaN,7.4926,4.6496,NaN,17.631,2.1814,2.3417,10.012,7.1873,1.9376,0.43416,NaN,6.7305,11.272,NaN,9.5211,1.3069,4.7096,9.6739,NaN,NaN,7.4427,NaN,3.2344,8.9759,NaN,NaN,2.0722
NaN,NaN,NaN,NaN,NaN,NaN,12.908,1.7818,2.1545,5.1714,1.4775,4.0027,4.6113,5.4426,3.1446,1.2102,NaN,NaN,NaN,2.5748,4.0197,3.3412,NaN,2.4127,NaN,2.8977,NaN,5.9868,NaN,1.247,NaN,NaN,NaN,NaN,0.73269,NaN,NaN,4.7523,4.829,NaN,NaN,NaN,6.9523,1.4588,NaN,NaN,6.0527,4.2386,NaN,NaN,1.14,NaN,6.7454,2.9599,NaN,NaN,NaN,NaN,6.898,NaN,NaN,3.3331,7.1793,NaN,1.4006,NaN,NaN,NaN,NaN,NaN,NaN,10.077,NaN,9.0285,3.0364,NaN,15.75,4.928,2.2309,5.13,9.7214,3.5338,3.2045,NaN,3.5345,18.787,NaN,2.9029,1.9231,4.4803,12.647,NaN,NaN,4.2039,NaN,3.8275,5.6444,NaN,NaN,0.29245
NaN,NaN,NaN,NaN,NaN,NaN,9.1988,2.0798,6.573,1.3703,10.748,19.706,2.8408,12.101,2.6504,9.0941,NaN,NaN,NaN,2.3706,8.4854,2.1032,NaN,7.0651,NaN,1.8739,NaN,6.3834,NaN,5.4736,NaN,NaN,NaN,NaN,7.1664,NaN,NaN,6.4749,4.5351,NaN,NaN,NaN,6.6995,0.56199,NaN,NaN,2.7168,8.595,NaN,NaN,4.0383,NaN,7.408,6.3465,NaN,NaN,NaN,NaN,4.1555,NaN,NaN,10.703,9.6518,NaN,4.4333,NaN,NaN,NaN,NaN,NaN,NaN,12.467,NaN,12.644,2.7222,NaN,7.5132,3.6304,2.8041,6.9152,11.54,6.0104,17.298,NaN,2.6961,7.5794,NaN,11.565,5.4229,2.3184,3.5686,NaN,NaN,2.4954,NaN,0.78331,6.0867,NaN,NaN,10.833
NaN,NaN,NaN,NaN,NaN,NaN,9.204,3.282,18.252,1.7545,19.134,7.7008,5.6896,11.414,4.1623,8.6465,NaN,NaN,NaN,10.461,16.359,2.1875,NaN,5.0545,NaN,2.6423,NaN,5.5038,NaN,2.8112,NaN,NaN,NaN,NaN,5.5579,NaN,NaN,5.6441,3.0894,NaN,NaN,NaN,5.7665,3.0592,NaN,NaN,9.379,4.661,NaN,NaN,9.6924,NaN,6.5013,13.209,NaN,NaN,NaN,NaN,1.9715,NaN,NaN,0.7272,9.0701,NaN,4.9937,NaN,NaN,NaN,NaN,NaN,NaN,4.2009,NaN,8.8044,3.8597,NaN,5.4363,2.3514,7.6156,22.946,3.526,4.1204,5.0964,NaN,2.8503,2.4284,NaN,8.9229,3.8464,4.9342,3.5445,NaN,NaN,11.754,NaN,11.973,2.182,NaN,NaN,5.0257
NaN,NaN,NaN,NaN,NaN,NaN,12.115,3.5429,31.265,3.092,22.796,4.1987,5.9432,9.3952,2.9071,11.538,NaN,NaN,NaN,10.111,10.317,2.7296,NaN,3.6782,NaN,3.3302,NaN,2.918,NaN,3.9242,NaN,NaN,NaN,NaN,5.2424,NaN,NaN,5.0931,2.2837,NaN,NaN,NaN,10.101,9.4822,NaN,NaN,8.8016,4.6505,NaN,NaN,2.2858,NaN,13.426,6.2047,NaN,NaN,NaN,NaN,2.75,NaN,NaN,0.78881,4.1285,NaN,4.8606,NaN,NaN,NaN,NaN,NaN,NaN,4.5956,NaN,2.393,1.304,NaN,4.5866,1.1418,32.298,18.534,1.2526,5.5367,6.502,NaN,2.4753,2.7336,NaN,5.8125,1.6141,6.7881,7.2682,NaN,NaN,7.4754,NaN,6.5171,2.3304,NaN,NaN,2.9764
NaN,NaN,NaN,NaN,NaN,NaN,12.306,2.1757,8.2096,2.8344,9.4189,4.5065,5.1031,9.2932,4.3515,12.286,NaN,NaN,NaN,11.885,11.776,6.8747,NaN,5.3065,NaN,1.6489,NaN,5.8116,NaN,12.332,NaN,NaN,NaN,NaN,6.5443,NaN,NaN,4.0273,5.4753,NaN,NaN,NaN,9.4706,8.2047,NaN,NaN,3.7576,4.6384,NaN,NaN,2.9176,NaN,27.498,6.5316,NaN,NaN,NaN,NaN,7.8851,NaN,NaN,1.0818,5.5194,NaN,3.1871,NaN,NaN,NaN,NaN,NaN,NaN,9.9809,NaN,6.7157,3.7355,NaN,5.6206,4.6443,17.965,18.188,5.8026,1.653,16.891,NaN,0.15411,2.684,NaN,8.2775,5.1415,5.5158,5.8918,NaN,NaN,5.6366,NaN,6.6343,7.6207,NaN,NaN,6.8764
NaN,NaN,NaN,NaN,NaN,NaN,2.8898,7.4566,3.9145,3.0986,10.355,13.296,12.698,9.2157,3.4544,10.58,NaN,NaN,NaN,18.894,6.3287,2.8494,NaN,4.6341,NaN,5.3718,NaN,6.329,NaN,3.2781,NaN,NaN,NaN,NaN,5.1915,NaN,NaN,8.7428,8.572,NaN,NaN,NaN,3.8638,1.3215,NaN,NaN,3.9615,3.6105,NaN,NaN,11.554,NaN,4.673,8.5666,NaN,NaN,NaN,NaN,4.7081,NaN,NaN,1.5008,10.401,NaN,6.4294,NaN,NaN,NaN,NaN,NaN,NaN,9.4165,NaN,6.8367,11.179,NaN,1.5045,2.031,13.708,0.74935,7.3087,4.2759,11.504,NaN,3.5161,17.106,NaN,9.8003,6.2931,3.0974,5.2997,NaN,NaN,1.1702,NaN,7.0476,8.2536,NaN,NaN,6.0115
NaN,NaN,NaN,NaN,NaN,NaN,7.9937,3.2631,1.8776,7.8997,9.6657,10.522,5.483,6.9776,0.54538,9.1057,NaN,NaN,NaN,1.159,1.2154,8.2674,NaN,4.1128,NaN,19.074,NaN,2.3145,NaN,6.0007,NaN,NaN,NaN,NaN,4.5912,NaN,NaN,6.1697,3.8189,NaN,NaN,NaN,5.2113,1.7175,NaN,NaN,4.3538,13.921,NaN,NaN,19.88,NaN,4.7639,13.492,NaN,NaN,NaN,NaN,5.9254,NaN,NaN,2.5201,5.7251,NaN,7.0071,NaN,NaN,NaN,NaN,NaN,NaN,3.4155,NaN,3.5274,1.97,NaN,2.875,1.9349,8.46,7.5439,2.983,1.1252,2.883,NaN,9.2133,3.9104,NaN,7.1638,4.4209,4.1785,3.6866,NaN,NaN,5.9329,NaN,5.1881,5.1931,NaN,NaN,9.3029
NaN,NaN,NaN,NaN,NaN,NaN,5.4671,6.2321,2.7976,3.3172,1.5005,5.1311,6.9192,2.2512,6.9841,3.643,NaN,NaN,NaN,10.049,4.3998,3.6348,NaN,3.8263,NaN,2.1857,NaN,1.2925,NaN,12.217,NaN,NaN,NaN,NaN,1.4057,NaN,NaN,11.548,8.7231,NaN,NaN,NaN,13.586,2.4237,NaN,NaN,1.4253,3.7881,NaN,NaN,2.8368,NaN,10.732,9.4339,NaN,NaN,NaN,NaN,5.1666,NaN,NaN,3.0638,3.9232,NaN,2.1013,NaN,NaN,NaN,NaN,NaN,NaN,5.1482,NaN,9.7289,1.0636,NaN,3.4797,1.044,17.166,7.8766,15.333,3.3651,13.409,NaN,3.8357,0.75686,NaN,3.9297,6.9313,10.11,1.2905,NaN,NaN,3.8663,NaN,4.508,6.6945,NaN,NaN,8.5867
NaN,NaN,NaN,NaN,NaN,NaN,7.0777,3.5968,5.0512,10.184,3.5418,3.1117,2.8718,1.5254,9.797,5.0746,NaN,NaN,NaN,7.5856,9.7015,3.2619,NaN,5.3549,NaN,2.9294,NaN,5.7972,NaN,4.0008,NaN,NaN,NaN,NaN,1.3969,NaN,NaN,8.624,1.9052,NaN,NaN,NaN,7.215,6.4841,NaN,NaN,1.3257,0.39862,NaN,NaN,8.2177,NaN,11.236,12.078,NaN,NaN,NaN,NaN,1.0936,NaN,NaN,11.218,1.9967,NaN,3.4561,NaN,NaN,NaN,NaN,NaN,NaN,5.3032,NaN,2.8817,3.9257,NaN,2.1786,4.7015,13.242,1.1786,12.393,3.0693,0.86251,NaN,4.5447,1.2834,NaN,10.872,6.0377,8.2606,5.1997,NaN,NaN,10.855,NaN,10.414,2.896,NaN,NaN,6.8741
NaN,NaN,NaN,NaN,NaN,NaN,8.657,1.2965,8.5201,5.4,7.8432,2.436,2.1243,3.2389,4.0698,5.6076,NaN,NaN,NaN,12.716,7.1317,13.09,NaN,0.43958,NaN,2.0985,NaN,17.111,NaN,8.2078,NaN,NaN,NaN,NaN,4.5468,NaN,NaN,2.7654,4.6189,NaN,NaN,NaN,8.6733,9.5062,NaN,NaN,3.2937,5.8378,NaN,NaN,9.9676,NaN,4.3209,7.0377,NaN,NaN,NaN,NaN,2.3394,NaN,NaN,1.668,5.3852,NaN,2.6735,NaN,NaN,NaN,NaN,NaN,NaN,2.0402,NaN,4.9523,8.6417,NaN,3.6902,4.8739,16.906,17.328,6.9811,16.26,31.873,NaN,6.881,3.7725,NaN,3.9123,7.3857,6.4126,6.0811,NaN,NaN,3.0412,NaN,5.0854,1.9794,NaN,NaN,1.066
NaN,NaN,NaN,NaN,NaN,NaN,5.3701,3.9281,1.987,1.0748,15.128,12.133,3.5779,4.8826,12.276,1.8934,NaN,NaN,NaN,4.1117,6.2885,1.1359,NaN,7.0478,NaN,9.0002,NaN,3.7298,NaN,3.3151,NaN,NaN,NaN,NaN,7.0572,NaN,NaN,6.492,16.229,NaN,NaN,NaN,6.23,1.8214,NaN,NaN,3.9203,13.121,NaN,NaN,10.643,NaN,5.7625,4.1802,NaN,NaN,NaN,NaN,11.772,NaN,NaN,6.0128,14.648,NaN,8.9851,NaN,NaN,NaN,NaN,NaN,NaN,3.727,NaN,6.4012,8.5797,NaN,6.4057,5.1607,7.4989,2.4888,9.1408,3.2866,14.043,NaN,4.496,2.3627,NaN,2.6257,4.3678,0.95462,4.6824,NaN,NaN,5.7528,NaN,42.109,11.893,NaN,NaN,7.8586
NaN,NaN,NaN,NaN,NaN,NaN,3.2576,2.1058,2.1067,1.5331,4.2629,2.3263,3.9751,2.8188,5.1269,8.1497,NaN,NaN,NaN,4.7561,60.561,5.9279,NaN,8.244,NaN,10.303,NaN,0.53617,NaN,4.0039,NaN,NaN,NaN,NaN,4.5133,NaN,NaN,6.6558,4.4162,NaN,NaN,NaN,9.1592,4.6455,NaN,NaN,6.4114,5.4717,NaN,NaN,5.2196,NaN,14.032,6.9405,NaN,NaN,NaN,NaN,2.9255,NaN,NaN,0.72791,13.098,NaN,12.642,NaN,NaN,NaN,NaN,NaN,NaN,6.6944,NaN,8.0646,2.5542,NaN,2.3861,4.8947,8.5813,6.1304,3.0244,2.3205,26.374,NaN,12.374,5.5436,NaN,1.7125,3.0411,7.1305,16.635,NaN,NaN,5.2252,NaN,0.68477,9.2288,NaN,NaN,5.7658
NaN,NaN,NaN,NaN,NaN,NaN,3.1227,3.5008,8.2475,6.9867,1.2819,3.9897,5.2738,2.0722,16.29,4.057,NaN,NaN,NaN,3.3021,10.841,7.2904,NaN,4.4037,NaN,3.4615,NaN,5.6187,NaN,2.6955,NaN,NaN,NaN,NaN,4.4591,NaN,NaN,3.1217,14.912,NaN,NaN,NaN,8.7967,13.397,NaN,NaN,8.9024,2.7444,NaN,NaN,1.4171,NaN,1.3747,11.889,NaN,NaN,NaN,NaN,1.0643,NaN,NaN,1.5563,6.6469,NaN,5.0401,NaN,NaN,NaN,NaN,NaN,NaN,1.1476,NaN,7.7788,7.4672,NaN,7.3435,4.8541,12.891,3.6468,9.4211,9.1724,23.467,NaN,3.7108,3.9375,NaN,6.2246,3.2862,3.7696,11.81,NaN,NaN,3.4894,NaN,1.2551,11.493,NaN,NaN,4.8266
NaN,NaN,NaN,NaN,NaN,NaN,11.084,1.899,8.0878,0.61723,7.8482,1.8365,11.092,3.1735,7.7162,4.2748,NaN,NaN,NaN,11.297,11.411,12.238,NaN,1.886,NaN,4.5879,NaN,8.4225,NaN,7.3535,NaN,NaN,NaN,NaN,8.1371,NaN,NaN,4.356,7.3387,NaN,NaN,NaN,14.256,2.2439,NaN,NaN,4.7853,1.9596,NaN,NaN,6.1566,NaN,5.3807,21.298,NaN,NaN,NaN,NaN,3.2449,NaN,NaN,2.3934,3.8188,NaN,15.199,NaN,NaN,NaN,NaN,NaN,NaN,4.1755,NaN,3.8945,3.3992,NaN,0.91597,2.7513,14.269,1.817,7.3106,4.1127,3.6425,NaN,1.8768,8.8424,NaN,7.6225,3.7463,12.913,9.8541,NaN,NaN,0.54048,NaN,13.837,4.8962,NaN,NaN,8.697
NaN,NaN,NaN,NaN,NaN,NaN,6.2083,1.8753,6.6896,0.34554,3.6105,7.2085,14.7,5.4308,9.3483,7.7911,NaN,NaN,NaN,7.2241,5.2549,4.9669,NaN,4.9654,NaN,6.7819,NaN,3.643,NaN,2.1136,NaN,NaN,NaN,NaN,6.414,NaN,NaN,8.0145,5.0292,NaN,NaN,NaN,23.22,2.4208,NaN,NaN,1.9281,1.7957,NaN,NaN,4.1864,NaN,3.3946,15.331,NaN,NaN,NaN,NaN,13.259,NaN,NaN,2.1689,6.3307,NaN,3.7725,NaN,NaN,NaN,NaN,NaN,NaN,11.449,NaN,9.5615,2.7122,NaN,2.7918,2.4291,15.763,1.2788,2.2145,4.8361,11.919,NaN,7.6001,4.0729,NaN,2.8791,6.0377,3.889,2.3237,NaN,NaN,0.60936,NaN,6.8638,14.433,NaN,NaN,6.1845
NaN,NaN,NaN,NaN,NaN,NaN,4.1998,6.5024,1.4299,0.79629,3.1219,9.5,5.3518,4.3699,1.6046,8.1452,NaN,NaN,NaN,1.8497,8.3988,4.4054,NaN,18.572,NaN,2.035,NaN,2.3454,NaN,3.2244,NaN,NaN,NaN,NaN,11.828,NaN,NaN,4.3808,2.0557,NaN,NaN,NaN,7.0113,12.831,NaN,NaN,2.0546,8.6752,NaN,NaN,2.9093,NaN,0.934,4.5153,NaN,NaN,NaN,NaN,2.6011,NaN,NaN,0.94517,4.3707,NaN,6.8062,NaN,NaN,NaN,NaN,NaN,NaN,8.9633,NaN,4.231,9.3977,NaN,2.249,3.6549,2.3401,3.7564,6.9611,3.32,7.8571,NaN,12.634,9.3178,NaN,3.379,3.8997,10.488,8.1109,NaN,NaN,0.61917,NaN,7.2492,4.8359,NaN,NaN,1.6756
NaN,NaN,NaN,NaN,NaN,NaN,5.344,2.4006,5.2113,0.90537,2.5658,6.5358,5.9677,5.6832,3.7691,3.6262,NaN,NaN,NaN,3.3888,4.012,2.6626,NaN,1.5563,NaN,2.5495,NaN,9.1822,NaN,1.0441,NaN,NaN,NaN,NaN,8.3901,NaN,NaN,1.8434,2.8183,NaN,NaN,NaN,5.0733,10.168,NaN,NaN,1.8358,8.923,NaN,NaN,1.0602,NaN,4.0559,0.61142,NaN,NaN,NaN,NaN,6.5181,NaN,NaN,0.37567,2.3078,NaN,10.785,NaN,NaN,NaN,NaN,NaN,NaN,4.0052,NaN,1.1978,11.05,NaN,4.7952,2.4032,14.595,3.8435,3.9678,4.2572,9.1427,NaN,3.9294,10.66,NaN,8.9247,1.0677,12.161,6.7338,NaN,NaN,1.5586,NaN,8.8146,5.8337,NaN,NaN,9.0233
NaN,NaN,NaN,NaN,NaN,NaN,3.2767,3.4131,11.016,3.2045,7.0062,5.6705,9.7566,3.3422,10.4,2.5292,NaN,NaN,NaN,6.1263,15.258,8.4953,NaN,1.3961,NaN,3.7568,NaN,4.543,NaN,5.3453,NaN,NaN,NaN,NaN,15.869,NaN,NaN,4.1968,4.3293,NaN,NaN,NaN,7.2809,1.694,NaN,NaN,3.5519,7.653,NaN,NaN,3.15,NaN,11.79,0.92389,NaN,NaN,NaN,NaN,2.8232,NaN,NaN,1.7187,5.4359,NaN,5.8968,NaN,NaN,NaN,NaN,NaN,NaN,2.5691,NaN,5.62,3.4268,NaN,0.66616,5.7312,17.893,6.1168,3.489,4.5947,5.2026,NaN,5.7119,27.993,NaN,4.3233,0.39218,2.5808,8.0546,NaN,NaN,9.5918,NaN,3.5609,7.469,NaN,NaN,5.9278
NaN,NaN,NaN,NaN,NaN,NaN,1.8382,3.2703,5.8835,4.125,12.261,6.1695,13.685,5.4553,4.4987,7.7361,NaN,NaN,NaN,7.8243,20.61,5.5673,NaN,1.9789,NaN,0.30979,NaN,6.4643,NaN,9.2258,NaN,NaN,NaN,NaN,23.103,NaN,NaN,6.3272,4.1692,NaN,NaN,NaN,4.6517,6.7179,NaN,NaN,2.6575,9.4081,NaN,NaN,2.3507,NaN,11.921,12.341,NaN,NaN,NaN,NaN,4.3149,NaN,NaN,5.5698,1.6454,NaN,1.9231,NaN,NaN,NaN,NaN,NaN,NaN,3.9331,NaN,8.0825,9.0017,NaN,0.95642,4.9134,9.9953,6.1766,6.8484,2.6058,3.9116,NaN,6.7346,20.043,NaN,2.2166,2.9447,8.4831,6.0007,NaN,NaN,14.156,NaN,3.2434,7.2836,NaN,NaN,3.8451
NaN,NaN,NaN,NaN,NaN,NaN,12.128,4.7791,7.2155,4.4225,19.44,2.747,4.8537,3.9469,8.3943,14.292,NaN,NaN,NaN,9.4146,6.4935,2.8501,NaN,1.9614,NaN,1.2814,NaN,5.553,NaN,2.2553,NaN,NaN,NaN,NaN,3.6174,NaN,NaN,8.7087,2.862,NaN,NaN,NaN,13.818,14.587,NaN,NaN,4.125,6.4145,NaN,NaN,2.3098,NaN,4.6493,13.562,NaN,NaN,NaN,NaN,10.273,NaN,NaN,9.2628,3.9482,NaN,5.0975,NaN,NaN,NaN,NaN,NaN,NaN,4.7939,NaN,5.8958,8.3996,NaN,6.6379,5.0449,12.148,8.8574,8.2076,5.4331,5.8551,NaN,5.013,7.9343,NaN,2.6321,3.9738,6.3628,3.0462,NaN,NaN,5.5653,NaN,4.8172,5.2514,NaN,NaN,1.3593
NaN,NaN,NaN,NaN,NaN,NaN,4.5646,2.6273,1.6748,3.9532,14.702,4.9813,4.7461,2.7118,11.122,4.2459,NaN,NaN,NaN,4.0358,8.4199,4.169,NaN,3.6937,NaN,3.8477,NaN,5.6195,NaN,2.9522,NaN,NaN,NaN,NaN,10.446,NaN,NaN,12.664,12.583,NaN,NaN,NaN,7.5147,3.7992,NaN,NaN,3.2988,7.8873,NaN,NaN,3.5905,NaN,6.403,24.396,NaN,NaN,NaN,NaN,7.7785,NaN,NaN,5.9621,12.116,NaN,4.1822,NaN,NaN,NaN,NaN,NaN,NaN,2.8847,NaN,8.6635,12.678,NaN,3.0524,1.7179,10.754,6.0129,9.6772,0.45205,6.3996,NaN,5.1256,9.3556,NaN,0.94021,3.9859,6.7753,1.2296,NaN,NaN,3.2466,NaN,30.085,5.876,NaN,NaN,6.2221
NaN,NaN,NaN,NaN,NaN,NaN,4.3922,5.1118,1.2437,7.5094,11.995,9.097,4.8968,1.9014,3.1898,13.364,NaN,NaN,NaN,2.3595,4.5922,8.1633,NaN,5.9328,NaN,7.9165,NaN,8.5591,NaN,5.263,NaN,NaN,NaN,NaN,3.3834,NaN,NaN,2.4187,7.0497,NaN,NaN,NaN,4.5617,7.5784,NaN,NaN,3.2455,9.3717,NaN,NaN,1.0355,NaN,4.8922,5.5456,NaN,NaN,NaN,NaN,11.524,NaN,NaN,3.9734,10.807,NaN,12.603,NaN,NaN,NaN,NaN,NaN,NaN,7.8022,NaN,8.9192,7.6678,NaN,6.2975,9.8018,11.478,3.6523,10.58,2.9265,5.6875,NaN,3.5505,11.981,NaN,3.4314,15.77,8.2939,3.1805,NaN,NaN,6.9545,NaN,15.596,1.2973,NaN,NaN,22.125
NaN,NaN,NaN,NaN,NaN,NaN,13.655,6.2403,2.1461,2.3991,14.393,14.618,8.0653,1.6723,10.152,5.8913,NaN,NaN,NaN,3.7716,9.1679,3.3403,NaN,8.9964,NaN,5.5512,NaN,8.162,NaN,3.4736,NaN,NaN,NaN,NaN,17.176,NaN,NaN,2.5569,12.633,NaN,NaN,NaN,6.2835,2.4866,NaN,NaN,13.284,1.8858,NaN,NaN,4.7458,NaN,3.5434,6.7639,NaN,NaN,NaN,NaN,7.4262,NaN,NaN,7.0713,22.664,NaN,9.5316,NaN,NaN,NaN,NaN,NaN,NaN,5.9357,NaN,10.346,7.4808,NaN,7.8405,9.1616,13.894,1.4933,4.8212,3.9063,14.518,NaN,4.8118,10.173,NaN,5.6413,10.788,2.9969,5.8086,NaN,NaN,9.7721,NaN,55.64,4.8584,NaN,NaN,14.021
NaN,NaN,NaN,NaN,NaN,NaN,10.442,8.7355,1.9113,10.141,14.394,16.329,2.7795,6.7764,2.9774,8.9331,NaN,NaN,NaN,6.9656,8.3223,9.1676,NaN,18.375,NaN,11.989,NaN,4.4234,NaN,3.9744,NaN,NaN,NaN,NaN,6.2189,NaN,NaN,2.4965,9.211,NaN,NaN,NaN,6.2738,1.6532,NaN,NaN,11.02,12.875,NaN,NaN,10.373,NaN,5.178,4.0048,NaN,NaN,NaN,NaN,5.6874,NaN,NaN,2.8504,7.207,NaN,3.3055,NaN,NaN,NaN,NaN,NaN,NaN,8.3894,NaN,6.6349,10.395,NaN,24.929,10.948,7.6001,2.2321,3.3052,4.8644,8.2049,NaN,3.2387,4.9893,NaN,2.8739,9.6352,5.9487,7.5404,NaN,NaN,4.9246,NaN,13.463,14.264,NaN,NaN,12.291
NaN,NaN,NaN,NaN,NaN,NaN,35.508,12.324,3.0815,20.076,7.8104,11.317,7.8127,12.505,5.4868,12.526,NaN,NaN,NaN,7.8217,14.287,9.39,NaN,20.197,NaN,3.2583,NaN,8.219,NaN,3.6244,NaN,NaN,NaN,NaN,10.728,NaN,NaN,4.5665,16.565,NaN,NaN,NaN,2.9134,2.825,NaN,NaN,21.852,10.056,NaN,NaN,4.3207,NaN,2.7959,10.222,NaN,NaN,NaN,NaN,21.848,NaN,NaN,3.5195,13.43,NaN,5.9912,NaN,NaN,NaN,NaN,NaN,NaN,15.348,NaN,12.441,8.8747,NaN,30.443,16.607,9.9758,16.609,13.858,7.476,34.498,NaN,3.5761,15.422,NaN,10.987,21.303,10.914,8.4898,NaN,NaN,14.2,NaN,14.684,5.0559,NaN,NaN,14.205
NaN,NaN,NaN,NaN,NaN,NaN,8.1726,4.436,3.1461,18.772,7.6657,10.201,11.132,6.7975,7.7703,3.6944,NaN,NaN,NaN,23.305,8.0985,22.875,NaN,5.4489,NaN,5.2776,NaN,9.871,NaN,1.947,NaN,NaN,NaN,NaN,11.851,NaN,NaN,6.6387,32.074,NaN,NaN,NaN,1.7028,12.209,NaN,NaN,7.1394,16.524,NaN,NaN,2.1738,NaN,11.214,8.5605,NaN,NaN,NaN,NaN,9.6254,NaN,NaN,3.2005,6.569,NaN,1.9119,NaN,NaN,NaN,NaN,NaN,NaN,6.9385,NaN,11.161,13.925,NaN,6.3249,19.496,1.0818,17.154,15.407,7.3883,5.6044,NaN,11.338,12.434,NaN,5.6516,13.177,5.4114,7.1257,NaN,NaN,11.243,NaN,4.9881,10.736,NaN,NaN,1.9675
NaN,NaN,NaN,NaN,NaN,NaN,3.3374,6.4728,4.169,12.939,7.5814,12.955,29.226,16.174,3.5077,11.188,NaN,NaN,NaN,9.5015,16.885,48.384,NaN,12.417,NaN,11.198,NaN,18.755,NaN,4.2856,NaN,NaN,NaN,NaN,9.6339,NaN,NaN,7.9693,10.18,NaN,NaN,NaN,10.032,22.382,NaN,NaN,19.816,8.1682,NaN,NaN,4.27,NaN,4.8155,28.814,NaN,NaN,NaN,NaN,0.42227,NaN,NaN,4.4397,5.7083,NaN,1.5391,NaN,NaN,NaN,NaN,NaN,NaN,8.1599,NaN,7.2545,7.937,NaN,3.9676,3.8056,6.7909,8.3291,7.3402,6.5033,2.0547,NaN,18.468,11.88,NaN,2.9745,6.7781,7.8081,9.9856,NaN,NaN,2.6686,NaN,8.1025,8.5641,NaN,NaN,11.971
NaN,NaN,NaN,NaN,NaN,NaN,5.8397,11.156,9.6278,2.9019,4.2781,11.315,4.3216,11.235,6.7216,2.7661,NaN,NaN,NaN,3.1478,6.1682,3.6219,NaN,8.4421,NaN,5.5896,NaN,5.8563,NaN,5.9229,NaN,NaN,NaN,NaN,3.5622,NaN,NaN,6.8639,1.7195,NaN,NaN,NaN,12.485,4.6786,NaN,NaN,6.1296,1.1706,NaN,NaN,2.2879,NaN,4.3569,9.5783,NaN,NaN,NaN,NaN,3.6578,NaN,NaN,7.1525,9.1222,NaN,6.9336,NaN,NaN,NaN,NaN,NaN,NaN,6.5603,NaN,17.185,8.4895,NaN,4.4739,1.3888,17.396,4.2313,1.0369,8.5762,8.7011,NaN,9.8248,8.5217,NaN,4.8999,6.8555,2.5174,4.8744,NaN,NaN,2.1396,NaN,3.9826,15.973,NaN,NaN,11.36
NaN,NaN,NaN,NaN,NaN,NaN,43.978,2.8882,2.1572,4.7599,2.6196,9.5596,4.4277,2.9052,7.869,4.8126,NaN,NaN,NaN,5.395,3.3765,8.8329,NaN,8.3532,NaN,4.1213,NaN,4.1411,NaN,1.6073,NaN,NaN,NaN,NaN,14.975,NaN,NaN,20.683,4.6187,NaN,NaN,NaN,5.1163,8.5972,NaN,NaN,3.1295,2.5704,NaN,NaN,9.8833,NaN,7.4932,6.7542,NaN,NaN,NaN,NaN,5.0172,NaN,NaN,0.7574,4.7749,NaN,8.0172,NaN,NaN,NaN,NaN,NaN,NaN,3.5916,NaN,2.9651,0.39785,NaN,17.434,3.2974,5.3921,6.0797,3.9574,11.599,2.27,NaN,5.3699,6.6402,NaN,3.2418,3.2355,3.3794,2.7541,NaN,NaN,3.6189,NaN,7.9774,2.288,NaN,NaN,5.4237
NaN,NaN,NaN,NaN,NaN,NaN,10.643,2.897,1.7541,8.0091,6.4405,10.137,9.0431,2.1092,6.6353,9.6632,NaN,NaN,NaN,9.2898,3.314,4.1018,NaN,2.4389,NaN,3.4153,NaN,8.8647,NaN,2.2093,NaN,NaN,NaN,NaN,15.205,NaN,NaN,11.245,2.8241,NaN,NaN,NaN,5.4484,8.0924,NaN,NaN,5.1083,0.94099,NaN,NaN,2.2413,NaN,1.9268,6.2599,NaN,NaN,NaN,NaN,7.3072,NaN,NaN,0.88417,2.9744,NaN,10.275,NaN,NaN,NaN,NaN,NaN,NaN,3.606,NaN,4.7191,2.9644,NaN,9.7645,4.1304,4.0536,3.5963,5.3923,20.394,2.9928,NaN,1.0259,4.6842,NaN,5.5332,1.9092,2.1023,3.628,NaN,NaN,3.3973,NaN,18.935,1.4693,NaN,NaN,5.3082
NaN,NaN,NaN,NaN,NaN,NaN,6.3572,4.7195,3.6783,5.9045,1.955,2.5148,4.834,13.99,7.8437,2.3182,NaN,NaN,NaN,9.9588,5.5313,2.1956,NaN,2.6529,NaN,5.3845,NaN,4.3536,NaN,1.3163,NaN,NaN,NaN,NaN,3.5032,NaN,NaN,6.6754,12.46,NaN,NaN,NaN,4.6363,2.7564,NaN,NaN,6.2155,2.8694,NaN,NaN,9.8075,NaN,5.5498,2.6806,NaN,NaN,NaN,NaN,4.1183,NaN,NaN,4.306,2.476,NaN,2.7684,NaN,NaN,NaN,NaN,NaN,NaN,4.7112,NaN,5.9245,1.5704,NaN,7.2955,4.0593,1.9595,2.253,5.1789,1.556,1.9268,NaN,9.0385,4.9294,NaN,8.4034,2.5946,2.7381,3.7186,NaN,NaN,2.6824,NaN,5.5014,4.253,NaN,NaN,5.5109
NaN,NaN,NaN,NaN,NaN,NaN,26.832,0.36902,1.8169,8.3356,5.8693,11.516,6.7131,7.6547,6.3195,2.7422,NaN,NaN,NaN,7.5423,4.7283,5.2673,NaN,3.9466,NaN,3.7692,NaN,5.4961,NaN,3.1409,NaN,NaN,NaN,NaN,9.4534,NaN,NaN,12.361,4.5382,NaN,NaN,NaN,7.1935,8.6497,NaN,NaN,6.3008,2.9663,NaN,NaN,5.6125,NaN,4.3096,4.8276,NaN,NaN,NaN,NaN,4.3707,NaN,NaN,3.0893,0.88732,NaN,3.3234,NaN,NaN,NaN,NaN,NaN,NaN,7.354,NaN,2.6133,1.7587,NaN,22.777,4.8465,13.489,5.0829,4.9237,6.8011,3.2484,NaN,7.3603,5.2179,NaN,15.805,2.743,2.5859,6.9482,NaN,NaN,4.1663,NaN,11.481,4.236,NaN,NaN,7.0083
NaN,NaN,NaN,NaN,NaN,NaN,7.7489,2.0319,6.2919,6.5197,1.1579,6.5897,1.8959,0.96535,7.6162,3.1348,NaN,NaN,NaN,3.2846,3.8355,8.147,NaN,6.7975,NaN,2.3215,NaN,5.4852,NaN,3.2038,NaN,NaN,NaN,NaN,11.207,NaN,NaN,11.991,1.2898,NaN,NaN,NaN,4.0162,4.725,NaN,NaN,11.223,3.5571,NaN,NaN,8.6734,NaN,7.1055,1.5238,NaN,NaN,NaN,NaN,6.9483,NaN,NaN,0.65004,12.408,NaN,14,NaN,NaN,NaN,NaN,NaN,NaN,5.9419,NaN,2.9465,6.0018,NaN,22.015,1.9882,5.921,2.9176,7.3509,8.8673,2.8218,NaN,5.1398,10.215,NaN,4.9174,3.4708,5.4305,10.821,NaN,NaN,6.7337,NaN,8.8642,6.1841,NaN,NaN,16.419
NaN,NaN,NaN,NaN,NaN,NaN,1.0131,3.6133,4.2114,4.0914,2.4248,4.1506,2.4426,13.23,2.2127,9.9125,NaN,NaN,NaN,5.6553,2.8604,9.8175,NaN,3.9444,NaN,3.4489,NaN,4.224,NaN,5.7475,NaN,NaN,NaN,NaN,4.9532,NaN,NaN,4.3588,6.6975,NaN,NaN,NaN,3.4997,1.94,NaN,NaN,2.6161,10.922,NaN,NaN,8.3591,NaN,4.4043,3.3064,NaN,NaN,NaN,NaN,5.1063,NaN,NaN,3.732,9.8756,NaN,14.238,NaN,NaN,NaN,NaN,NaN,NaN,4.6508,NaN,2.9152,11.986,NaN,4.8338,3.5423,2.4812,4.7866,3.4256,2.8926,1.9839,NaN,6.2531,3.3543,NaN,37.883,1.5596,4.805,3.1146,NaN,NaN,3.502,NaN,3.0964,11.355,NaN,NaN,2.8995
NaN,NaN,NaN,NaN,NaN,NaN,4.0314,4.2303,3.1072,8.7691,5.1545,2.8165,1.6396,8.5865,3.9007,5.8883,NaN,NaN,NaN,22.274,4.1665,9.0259,NaN,1.8764,NaN,10.771,NaN,22.746,NaN,7.7621,NaN,NaN,NaN,NaN,5.0456,NaN,NaN,20.164,6.2475,NaN,NaN,NaN,11.566,1.3794,NaN,NaN,4.5201,5.2363,NaN,NaN,3.2491,NaN,3.0281,4.8764,NaN,NaN,NaN,NaN,1.716,NaN,NaN,8.0457,3.3948,NaN,9.3629,NaN,NaN,NaN,NaN,NaN,NaN,4.7161,NaN,1.1846,3.1951,NaN,12.243,7.177,5.5104,2.6037,6.0436,2.9473,7.5753,NaN,5.677,13.415,NaN,23.575,4.0425,5.7873,7.901,NaN,NaN,6.1263,NaN,8.1572,6.1226,NaN,NaN,5.584
NaN,NaN,NaN,NaN,NaN,NaN,6.3556,4.3935,4.0023,8.3769,3.3136,1.5644,4.1911,5.4933,3.5783,3.6735,NaN,NaN,NaN,9.9109,10.271,5.2231,NaN,3.674,NaN,8.7786,NaN,8.8503,NaN,4.3112,NaN,NaN,NaN,NaN,2.2634,NaN,NaN,0.61635,9.7572,NaN,NaN,NaN,4.7105,0.72148,NaN,NaN,6.7784,3.0046,NaN,NaN,3.5041,NaN,2.2543,6.6727,NaN,NaN,NaN,NaN,2.7826,NaN,NaN,4.2943,1.6793,NaN,3.4394,NaN,NaN,NaN,NaN,NaN,NaN,3.2505,NaN,2.5502,4.3197,NaN,4.6379,8.0247,9.4671,3.262,5.1641,1.9489,1.6869,NaN,5.0146,8.2273,NaN,14.896,7.7723,4.5848,15.417,NaN,NaN,9.187,NaN,9.464,3.9107,NaN,NaN,5.1478
NaN,NaN,NaN,NaN,NaN,NaN,3.2061,7.5311,4.7195,6.0734,4.8773,3.7209,4.0274,24.73,5.7799,2.7693,NaN,NaN,NaN,3.385,5.3443,1.9281,NaN,2.0013,NaN,8.8989,NaN,2.6247,NaN,2.6555,NaN,NaN,NaN,NaN,3.7947,NaN,NaN,3.4366,10.146,NaN,NaN,NaN,2.3077,0.56563,NaN,NaN,4.1454,4.9719,NaN,NaN,7.4121,NaN,1.667,1.767,NaN,NaN,NaN,NaN,6.7241,NaN,NaN,2.5621,1.8749,NaN,0.31049,NaN,NaN,NaN,NaN,NaN,NaN,3.1382,NaN,5.865,4.5349,NaN,2.3319,4.3534,9.8711,2.2281,4.1738,1.1636,2.7305,NaN,1.215,2.6215,NaN,8.7785,1.8973,4.1238,3.9436,NaN,NaN,1.07,NaN,6.594,3.7162,NaN,NaN,4.0381
NaN,NaN,NaN,NaN,NaN,NaN,7.5579,6.302,3.2124,18.88,15.347,6.1365,11.389,14.812,8.27,5.152,NaN,NaN,NaN,9.5144,4.768,7.5563,NaN,1.9867,NaN,17.037,NaN,7.8235,NaN,2.9746,NaN,NaN,NaN,NaN,4.6222,NaN,NaN,4.5313,13.963,NaN,NaN,NaN,2.9889,1.6662,NaN,NaN,1.9211,4.9191,NaN,NaN,8.3185,NaN,4.5692,7.5587,NaN,NaN,NaN,NaN,5.0597,NaN,NaN,9.2184,4.8298,NaN,1.7973,NaN,NaN,NaN,NaN,NaN,NaN,2.609,NaN,8.0466,1.3958,NaN,2.7868,11.727,4.0859,3.1388,5.557,3.6998,2.4988,NaN,6.5451,9.1353,NaN,6.5808,3.6971,2.8992,12.165,NaN,NaN,3.2243,NaN,6.1988,2.9063,NaN,NaN,6.9648
NaN,NaN,NaN,NaN,NaN,NaN,5.9418,2.5687,4.3926,13.711,11.452,3.3491,12.916,8.4131,10.05,7.0099,NaN,NaN,NaN,2.9019,8.6181,15.759,NaN,4.1211,NaN,8.7012,NaN,16.801,NaN,1.5515,NaN,NaN,NaN,NaN,2.7799,NaN,NaN,13.938,3.8818,NaN,NaN,NaN,4.8569,5.1701,NaN,NaN,5.911,2.4851,NaN,NaN,2.9322,NaN,11.013,6.1318,NaN,NaN,NaN,NaN,2.6979,NaN,NaN,5.1194,6.245,NaN,7.527,NaN,NaN,NaN,NaN,NaN,NaN,11.276,NaN,7.2247,3.0835,NaN,4.4832,8.5267,11.96,4.1994,1.3207,1.5367,3.2655,NaN,6.15,6.9838,NaN,12.919,4.9735,1.8775,26.04,NaN,NaN,3.2265,NaN,5.7832,0.081614,NaN,NaN,4.2345
NaN,NaN,NaN,NaN,NaN,NaN,7.4506,6.7942,4.9693,10.645,13.174,7.7848,8.5223,11.358,8.3049,3.8478,NaN,NaN,NaN,7.8392,4.9772,18.895,NaN,9.3868,NaN,3.3334,NaN,4.9938,NaN,9.6306,NaN,NaN,NaN,NaN,2.8754,NaN,NaN,5.1177,5.5707,NaN,NaN,NaN,11.309,2.2512,NaN,NaN,5.8909,3.4967,NaN,NaN,1.2585,NaN,8.2605,4.5008,NaN,NaN,NaN,NaN,5.2669,NaN,NaN,3.434,4.5874,NaN,3.2302,NaN,NaN,NaN,NaN,NaN,NaN,6.8313,NaN,6.9756,9.7002,NaN,9.2481,2.844,12.083,2.3586,8.7094,2.857,5.0441,NaN,5.3314,3.2608,NaN,3.7279,3.921,2.0931,10.986,NaN,NaN,4.2862,NaN,2.0176,1.035,NaN,NaN,3.9324
NaN,NaN,NaN,NaN,NaN,NaN,11.725,7.2386,3.8982,1.4783,3.5873,21.145,8.4169,2.6721,4.7391,4.6449,NaN,NaN,NaN,12.145,5.2633,5.3589,NaN,2.8256,NaN,4.9056,NaN,4.5969,NaN,10.078,NaN,NaN,NaN,NaN,2.2671,NaN,NaN,6.5962,6.8994,NaN,NaN,NaN,4.3947,1.0081,NaN,NaN,11.192,3.0999,NaN,NaN,2.5621,NaN,2.9426,8.8833,NaN,NaN,NaN,NaN,3.8267,NaN,NaN,5.1352,3.722,NaN,7.3792,NaN,NaN,NaN,NaN,NaN,NaN,2.2383,NaN,5.3742,3.169,NaN,11.817,5.5835,8.0845,2.0627,8.4229,0.86473,11.424,NaN,4.9622,7.5069,NaN,7.1836,4.903,6.8063,4.6361,NaN,NaN,4.2452,NaN,5.4222,3.1717,NaN,NaN,4.135
NaN,NaN,NaN,NaN,NaN,NaN,1.0923,7.577,2.7461,10.018,9.6477,9.657,13.023,4.9453,4.0088,6.2647,NaN,NaN,NaN,5.7026,1.616,5.9539,NaN,4.008,NaN,4.3084,NaN,6.1693,NaN,3.6466,NaN,NaN,NaN,NaN,4.2473,NaN,NaN,2.6983,8.2678,NaN,NaN,NaN,8.5093,1.6937,NaN,NaN,2.2465,3.6461,NaN,NaN,2.6538,NaN,9.8884,14.997,NaN,NaN,NaN,NaN,9.0158,NaN,NaN,4.6421,5.2538,NaN,15.257,NaN,NaN,NaN,NaN,NaN,NaN,2.6237,NaN,9.1598,2.419,NaN,9.5643,4.3772,8.5153,4.2027,5.2188,3.9643,4.508,NaN,7.1926,9.9608,NaN,13.256,2.9944,3.6565,7.6012,NaN,NaN,2.0947,NaN,4.2523,9.4446,NaN,NaN,7.3807
NaN,NaN,NaN,NaN,NaN,NaN,4.0828,1.1319,5.6079,4.6663,4.1843,4.8542,8.4059,13.311,1.9974,8.0639,NaN,NaN,NaN,6.809,1.9051,6.7445,NaN,15.02,NaN,8.1067,NaN,2.7179,NaN,6.8325,NaN,NaN,NaN,NaN,3.9019,NaN,NaN,4.3881,5.325,NaN,NaN,NaN,5.095,1.7597,NaN,NaN,5.1146,9.9083,NaN,NaN,14.104,NaN,8.6097,9.1819,NaN,NaN,NaN,NaN,5.151,NaN,NaN,4.5906,1.0597,NaN,6.4302,NaN,NaN,NaN,NaN,NaN,NaN,3.4396,NaN,3.2213,9.2433,NaN,6.145,2.1988,4.9628,3.7312,8.901,1.1346,3.1948,NaN,7.0405,6.816,NaN,12.102,5.9034,9.2941,11.546,NaN,NaN,12.694,NaN,4.6621,12.598,NaN,NaN,7.3472
NaN,NaN,NaN,NaN,NaN,NaN,8.9208,3.1096,2.8512,3.6195,3.8765,10.628,1.9833,3.9497,1.1363,0.57538,NaN,NaN,NaN,3.9985,2.7679,0.51769,NaN,5.3128,NaN,11.49,NaN,2.9861,NaN,4.236,NaN,NaN,NaN,NaN,2.6476,NaN,NaN,3.0061,4.481,NaN,NaN,NaN,14.917,1.4707,NaN,NaN,2.7746,3.664,NaN,NaN,2.9598,NaN,9.2575,4.8283,NaN,NaN,NaN,NaN,4.413,NaN,NaN,7.2558,3.1907,NaN,4.7963,NaN,NaN,NaN,NaN,NaN,NaN,3.3475,NaN,13.67,10.014,NaN,8.2053,1.6151,6.747,4.4239,4.9959,6.017,7.0672,NaN,6.9319,3.9592,NaN,3.0276,3.4559,8.4955,9.4375,NaN,NaN,1.9414,NaN,6.2749,6.629,NaN,NaN,5.6822
NaN,NaN,NaN,NaN,NaN,NaN,9.0716,17.331,2.5932,7.6719,9.061,1.8103,6.3198,3.2438,22.998,3.5339,NaN,NaN,NaN,2.6481,7.9526,7.6185,NaN,2.1887,NaN,9.3288,NaN,12.852,NaN,5.8821,NaN,NaN,NaN,NaN,4.7806,NaN,NaN,1.9998,14.626,NaN,NaN,NaN,13.959,1.3464,NaN,NaN,4.2017,5.8071,NaN,NaN,3.079,NaN,11.518,9.0492,NaN,NaN,NaN,NaN,2.4704,NaN,NaN,15.912,5.0285,NaN,11.049,NaN,NaN,NaN,NaN,NaN,NaN,3.5904,NaN,3.1572,7.8042,NaN,2.3892,1.8345,8.3489,5.7848,1.3203,10.008,8.5031,NaN,12.042,7.8498,NaN,0.2418,5.7907,0.79203,7.6825,NaN,NaN,1.2353,NaN,8.8379,8.0664,NaN,NaN,5.1955
NaN,NaN,NaN,NaN,NaN,NaN,3.5935,4.0224,4.3865,4.0314,3.067,9.2729,13.196,1.3989,5.2964,9.5373,NaN,NaN,NaN,7.1502,5.3757,10.989,NaN,2.6399,NaN,2.5396,NaN,6.1174,NaN,1.7336,NaN,NaN,NaN,NaN,2.5643,NaN,NaN,5.7327,4.1134,NaN,NaN,NaN,1.6001,2.3699,NaN,NaN,18.601,7.3781,NaN,NaN,1.0852,NaN,3.0691,11.775,NaN,NaN,NaN,NaN,5.6301,NaN,NaN,5.3508,6.3987,NaN,8.34,NaN,NaN,NaN,NaN,NaN,NaN,5.5902,NaN,2.1038,1.961,NaN,9.7544,5.6168,12.598,0.47195,3.6918,3.4662,5.0994,NaN,5.8683,3.745,NaN,2.5615,1.1682,6.2818,5.6079,NaN,NaN,4.2725,NaN,3.5338,1.8517,NaN,NaN,8.7185
NaN,NaN,NaN,NaN,NaN,NaN,2.5021,10.429,7.0132,7.7036,9.1787,0.74305,8.3645,10.009,3.3534,1.4142,NaN,NaN,NaN,6.429,2.0295,18.923,NaN,9.2157,NaN,4.9103,NaN,8.8053,NaN,2.92,NaN,NaN,NaN,NaN,2.2714,NaN,NaN,6.9994,1.6451,NaN,NaN,NaN,7.2724,10.35,NaN,NaN,3.9728,6.3489,NaN,NaN,2.46,NaN,22.041,4.402,NaN,NaN,NaN,NaN,2.4957,NaN,NaN,6.8025,7.5528,NaN,3.6004,NaN,NaN,NaN,NaN,NaN,NaN,11.953,NaN,5.4527,6.8903,NaN,11.059,1.3773,25.975,2.7613,3.366,8.3477,2.1688,NaN,8.3829,4.5456,NaN,3.6023,4.7188,1.4107,14.856,NaN,NaN,3.5496,NaN,3.0439,2.4481,NaN,NaN,0.13543
NaN,NaN,NaN,NaN,NaN,NaN,11.496,11.222,2.2092,13.302,1.9836,3.3515,5.1973,4.1891,2.5178,5.6278,NaN,NaN,NaN,11.869,3.0113,7.0246,NaN,9.1044,NaN,5.6268,NaN,5.1415,NaN,1.2185,NaN,NaN,NaN,NaN,2.6812,NaN,NaN,5.1886,4.1077,NaN,NaN,NaN,3.83,6.9766,NaN,NaN,7.9647,9.7599,NaN,NaN,9.4441,NaN,17.825,5.7484,NaN,NaN,NaN,NaN,4.8642,NaN,NaN,6.1392,2.9933,NaN,3.2397,NaN,NaN,NaN,NaN,NaN,NaN,8.6024,NaN,8.9713,14.363,NaN,5.8824,5.585,2.9661,5.1164,4.298,2.0337,4.5977,NaN,6.5817,8.3434,NaN,6.5706,2.339,12.532,13.72,NaN,NaN,1.4267,NaN,9.5828,5.3794,NaN,NaN,9.6889
NaN,NaN,NaN,NaN,NaN,NaN,6.3235,1.4794,3.0386,3.8287,5.4401,10.492,7.6907,4.2823,5.2371,3.0947,NaN,NaN,NaN,2.0939,3.5892,9.1528,NaN,13.996,NaN,6.5257,NaN,3.9751,NaN,9.2176,NaN,NaN,NaN,NaN,4.1246,NaN,NaN,1.6141,6.0305,NaN,NaN,NaN,1.5257,4.2058,NaN,NaN,8.0047,3.5898,NaN,NaN,2.5583,NaN,5.1173,15.994,NaN,NaN,NaN,NaN,5.0385,NaN,NaN,5.954,10.367,NaN,7.5166,NaN,NaN,NaN,NaN,NaN,NaN,0.41746,NaN,4.5376,2.3018,NaN,1.3222,3.5768,13.468,0.67902,2.1803,7.2577,2.9576,NaN,12.341,4.1572,NaN,2.5546,3.9891,2.8576,8.0924,NaN,NaN,6.6394,NaN,7.0734,15.876,NaN,NaN,2.6199
NaN,NaN,NaN,NaN,NaN,NaN,10.676,1.5532,5.9787,6.0516,0.95273,1.2135,4.0978,14.925,7.5544,6.6356,NaN,NaN,NaN,2.614,1.7917,8.4243,NaN,28.112,NaN,13.731,NaN,5.3,NaN,8.3398,NaN,NaN,NaN,NaN,21.359,NaN,NaN,5.4946,3.7111,NaN,NaN,NaN,2.2626,11.905,NaN,NaN,25.398,7.0629,NaN,NaN,17.495,NaN,10.621,8.7144,NaN,NaN,NaN,NaN,9.439,NaN,NaN,5.5254,3.6192,NaN,3.267,NaN,NaN,NaN,NaN,NaN,NaN,4.646,NaN,2.5865,1.7644,NaN,10.055,8.2238,41.103,13.411,2.1601,17.831,4.3501,NaN,8.8188,3.307,NaN,3.1955,4.8368,0.66162,13.535,NaN,NaN,5.2932,NaN,6.5743,10.1,NaN,NaN,14.87
NaN,NaN,NaN,NaN,NaN,NaN,6.1527,7.0624,3.5889,15.118,2.5763,4.9807,16.884,2.8476,3.5039,6.7303,NaN,NaN,NaN,1.0111,8.1857,3.4699,NaN,4.5012,NaN,27.957,NaN,7.2296,NaN,7.6966,NaN,NaN,NaN,NaN,3.1622,NaN,NaN,3.492,3.9137,NaN,NaN,NaN,7.3869,2.2361,NaN,NaN,18.52,14.564,NaN,NaN,5.3009,NaN,4.3482,6.322,NaN,NaN,NaN,NaN,6.0144,NaN,NaN,2.7317,11.461,NaN,14.484,NaN,NaN,NaN,NaN,NaN,NaN,3.3856,NaN,4.233,3.8253,NaN,17.809,14.076,18.779,13.158,3.2181,2.7542,4.1929,NaN,3.0492,4.6623,NaN,6.6868,5.6914,3.8483,4.8474,NaN,NaN,9.4833,NaN,5.8522,6.3337,NaN,NaN,11.571
NaN,NaN,NaN,NaN,NaN,NaN,15.155,7.0454,3.7074,8.3092,3.1569,3.2396,7.0882,14.548,5.0113,1.6523,NaN,NaN,NaN,5.4868,4.3084,2.3568,NaN,4.4732,NaN,12.365,NaN,14.729,NaN,5.2645,NaN,NaN,NaN,NaN,3.9671,NaN,NaN,3.8758,3.5217,NaN,NaN,NaN,19.953,2.2741,NaN,NaN,18.951,5.2696,NaN,NaN,4.4682,NaN,9.0765,13.543,NaN,NaN,NaN,NaN,1.0188,NaN,NaN,19.875,5.3037,NaN,6.8924,NaN,NaN,NaN,NaN,NaN,NaN,6.9073,NaN,6.7121,9.569,NaN,9.8682,2.0394,2.1015,4.5212,3.1667,4.2072,8.0767,NaN,21.54,3.4974,NaN,6.107,5.3629,3.368,8.1204,NaN,NaN,3.9887,NaN,6.6161,7.9744,NaN,NaN,6.1244
NaN,NaN,NaN,NaN,NaN,NaN,6.4115,7.4914,6.9731,9.7932,5.1372,11.68,5.3246,10.006,4.6651,5.0625,NaN,NaN,NaN,8.4406,9.7424,9.7135,NaN,5.9649,NaN,7.0365,NaN,12.077,NaN,3.0111,NaN,NaN,NaN,NaN,4.4362,NaN,NaN,13.681,14.242,NaN,NaN,NaN,9.368,5.028,NaN,NaN,5.1445,10.636,NaN,NaN,5.308,NaN,8.4687,13.313,NaN,NaN,NaN,NaN,2.412,NaN,NaN,6.9396,7.1808,NaN,6.2421,NaN,NaN,NaN,NaN,NaN,NaN,8.3543,NaN,5.0647,5.8919,NaN,5.9556,1.8192,5.3225,13.653,6.056,6.0886,2.7484,NaN,15.468,14.707,NaN,4.6455,3.1785,9.1813,10.344,NaN,NaN,2.4539,NaN,7.0177,11.259,NaN,NaN,12.763
NaN,NaN,NaN,NaN,NaN,NaN,8.3672,2.9755,5.4551,5.7888,13.208,3.4222,5.8032,2.38,11.46,6.6518,NaN,NaN,NaN,3.5893,9.4271,6.0048,NaN,8.4211,NaN,3.7296,NaN,3.4536,NaN,4.2578,NaN,NaN,NaN,NaN,7.7054,NaN,NaN,13.925,12.994,NaN,NaN,NaN,9.1392,4.0642,NaN,NaN,5.4981,8.3479,NaN,NaN,5.6409,NaN,5.873,9.7934,NaN,NaN,NaN,NaN,6.2669,NaN,NaN,6.8127,7.6211,NaN,5.7047,NaN,NaN,NaN,NaN,NaN,NaN,11.938,NaN,1.3521,2.2543,NaN,4.9953,1.1222,6.3998,9.2224,3.3163,3.4999,6.027,NaN,7.569,7.235,NaN,15.899,5.2431,7.3413,4.8655,NaN,NaN,1.501,NaN,7.08,7.3036,NaN,NaN,4.2179
NaN,NaN,NaN,NaN,NaN,NaN,4.6397,7.7296,3.292,7.8181,5.0716,5.0457,6.6569,18.796,2.3349,4.9176,NaN,NaN,NaN,2.6995,6.384,5.2181,NaN,17.593,NaN,10.902,NaN,3.1387,NaN,6.8509,NaN,NaN,NaN,NaN,6.0243,NaN,NaN,15.485,7.6223,NaN,NaN,NaN,1.1823,12.732,NaN,NaN,17.002,4.3195,NaN,NaN,5.5415,NaN,2.1092,17.349,NaN,NaN,NaN,NaN,9.951,NaN,NaN,4.4236,2.6735,NaN,9.8594,NaN,NaN,NaN,NaN,NaN,NaN,9.7235,NaN,5.3055,2.4114,NaN,3.105,2.7619,15.212,6.6814,1.49,2.7054,4.1666,NaN,23.893,7.7351,NaN,14.493,6.161,1.0553,10.764,NaN,NaN,3.9816,NaN,17.667,9.1594,NaN,NaN,6.0693
NaN,NaN,NaN,NaN,NaN,NaN,2.3147,5.8273,4.4763,10.957,6.0436,7.9748,6.9523,11.551,6.5673,2.1338,NaN,NaN,NaN,4.29,7.0869,6.0016,NaN,7.3128,NaN,6.2321,NaN,8.8328,NaN,11.916,NaN,NaN,NaN,NaN,2.858,NaN,NaN,2.2855,6.2943,NaN,NaN,NaN,2.3464,8.517,NaN,NaN,27.816,8.8939,NaN,NaN,3.8004,NaN,6.5892,13.816,NaN,NaN,NaN,NaN,8.1231,NaN,NaN,7.0384,6.0234,NaN,7.7949,NaN,NaN,NaN,NaN,NaN,NaN,3.9039,NaN,11.291,1.953,NaN,8.2697,4.7082,12.129,0.70698,6.1991,6.1755,2.4016,NaN,18.183,10.074,NaN,3.1404,8.9522,2.2097,8.3315,NaN,NaN,3.5563,NaN,24.405,10.526,NaN,NaN,7.7657
NaN,NaN,NaN,NaN,NaN,NaN,7.9197,4.0524,4.0401,14.145,7.483,3.2616,4.9247,8.1181,6.4986,3.773,NaN,NaN,NaN,4.9834,14.46,6.216,NaN,8.971,NaN,12.19,NaN,7.3226,NaN,10.598,NaN,NaN,NaN,NaN,14.298,NaN,NaN,17.195,7.1872,NaN,NaN,NaN,2.7502,8.4341,NaN,NaN,8.1556,16.409,NaN,NaN,5.6749,NaN,6.589,5.0948,NaN,NaN,NaN,NaN,4.8269,NaN,NaN,12.387,4.1917,NaN,3.6577,NaN,NaN,NaN,NaN,NaN,NaN,6.4198,NaN,12.876,4.5491,NaN,6.8284,9.3262,13.483,5.0904,8.0568,2.69,10.597,NaN,12.911,10.025,NaN,2.4675,19.647,11.221,4.286,NaN,NaN,2.614,NaN,5.0671,10.399,NaN,NaN,7.4553
NaN,NaN,NaN,NaN,NaN,NaN,6.8817,11.835,5.2392,18.151,6.1469,10.513,12.473,9.5725,5.9791,4.9904,NaN,NaN,NaN,7.0554,12.273,9.1142,NaN,1.7031,NaN,5.7818,NaN,7.7133,NaN,16.724,NaN,NaN,NaN,NaN,2.4979,NaN,NaN,8.8979,6.9996,NaN,NaN,NaN,5.4203,6.5108,NaN,NaN,19.042,3.7342,NaN,NaN,9.3474,NaN,3.9691,8.7785,NaN,NaN,NaN,NaN,5.1621,NaN,NaN,11.015,2.5879,NaN,11.132,NaN,NaN,NaN,NaN,NaN,NaN,6.2603,NaN,37.943,4.3734,NaN,11.441,5.0663,11.058,2.2508,11.227,5.5278,3.2846,NaN,15.779,6.3179,NaN,5.8457,4.0225,5.7711,7.1682,NaN,NaN,11.543,NaN,13.03,5.77,NaN,NaN,13.264
NaN,NaN,NaN,NaN,NaN,NaN,3.5308,7.5378,4.2004,6.8826,4.0393,3.316,8.608,7.0866,3.9674,2.2913,NaN,NaN,NaN,3.5177,0.58036,14.387,NaN,7.6052,NaN,8.1953,NaN,4.9563,NaN,6.3202,NaN,NaN,NaN,NaN,12.818,NaN,NaN,7.0954,1.716,NaN,NaN,NaN,4.9705,4.5062,NaN,NaN,1.6921,12.53,NaN,NaN,3.478,NaN,8.6929,1.2711,NaN,NaN,NaN,NaN,2.9098,NaN,NaN,4.3928,4.0651,NaN,3.4313,NaN,NaN,NaN,NaN,NaN,NaN,2.7233,NaN,5.24,11.849,NaN,4.7449,9.4358,3.0556,4.1153,2.9702,2.254,9.237,NaN,1.3614,5.0606,NaN,7.2658,3.9316,3.4999,7.1697,NaN,NaN,1.2954,NaN,1.8687,2.1084,NaN,NaN,4.0555
NaN,NaN,NaN,NaN,NaN,NaN,22.834,14.438,1.5008,11.827,1.6726,2.7295,7.5808,9.8975,2.4004,8.3777,NaN,NaN,NaN,14.176,6.7405,10.277,NaN,13.392,NaN,3.7354,NaN,5.0992,NaN,2.8017,NaN,NaN,NaN,NaN,6.9688,NaN,NaN,6.8023,4.7847,NaN,NaN,NaN,7.7849,2.5419,NaN,NaN,10.27,8.1103,NaN,NaN,5.7034,NaN,7.231,4.9018,NaN,NaN,NaN,NaN,4.4039,NaN,NaN,5.9663,2.0211,NaN,5.8466,NaN,NaN,NaN,NaN,NaN,NaN,11.565,NaN,6.344,11.373,NaN,3.5263,6.4421,0.3372,5.5779,13.965,1.6937,10.53,NaN,2.5442,8.5225,NaN,11.701,7.981,13.925,9.4785,NaN,NaN,1.3015,NaN,5.9644,1.8461,NaN,NaN,13.855
