7.1829,4.2025,5.4212,NaN,2.0179,1.4617,6.5396,18.125,NaN,3.5644,8.5348,5.5366,NaN,3.8449,8.8153,NaN,NaN,2.8655,NaN,4.836,NaN,7.8681,NaN,3.8255,1.738,0.80867,3.3211,NaN,11.712,NaN,NaN,NaN,2.4457,5.4634,2.9327,NaN,NaN,NaN,0.84021,7.277,NaN,NaN,NaN,NaN,2.3391,NaN,12.171,6.5848,NaN,2.2612,12.225,6.5882,1.0632,9.8544,7.2721,NaN,NaN,NaN,5.2748,NaN,NaN,NaN,NaN,6.5725,NaN,12.889,NaN,3.5914,NaN,NaN,5.1805,NaN,NaN,NaN,NaN,NaN,NaN,11.133,NaN,NaN,NaN,13.928,4.0382,NaN,NaN,NaN,12.029,3.7346,NaN,NaN,2.0795,NaN,25.407,17.3,NaN,2.6303,3.9936,NaN,4.1383,6.2465
10.582,7.207,10.733,NaN,0.070876,2.647,6.2135,2.8107,NaN,6.7377,3.4604,2.8382,NaN,0.39054,14.885,NaN,NaN,2.3668,NaN,3.3297,NaN,16.792,NaN,6.5843,7.6997,1.654,2.0924,NaN,2.5381,NaN,NaN,NaN,7.1588,10.851,5.0459,NaN,NaN,NaN,0.4111,8.8277,NaN,NaN,NaN,NaN,6.2155,NaN,9.2129,5.6533,NaN,4.3093,9.682,11.453,1.2686,3.0207,9.8774,NaN,NaN,NaN,4.128,NaN,NaN,NaN,NaN,13.102,NaN,4.6765,NaN,3.8793,NaN,NaN,3.9067,NaN,NaN,NaN,NaN,NaN,NaN,7.3888,NaN,NaN,NaN,2.7029,4.8923,NaN,NaN,NaN,3.1404,2.5381,NaN,NaN,4.5202,NaN,6.172,33.794,NaN,5.7933,5.9459,NaN,11.107,4.5342
7.6019,4.0143,2.3382,NaN,4.3353,3.2534,7.8195,7.9525,NaN,9.1303,6.3585,4.3534,NaN,2.255,7.8744,NaN,NaN,0.54403,NaN,8.9853,NaN,0.53907,NaN,2.1751,3.1674,3.434,11.401,NaN,4.8283,NaN,NaN,NaN,10.854,5.2616,6.9419,NaN,NaN,NaN,1.0377,8.4939,NaN,NaN,NaN,NaN,5.5328,NaN,9.0534,4.4254,NaN,5.6162,8.2391,5.3272,1.3189,11.319,15.478,NaN,NaN,NaN,5.1346,NaN,NaN,NaN,NaN,5.366,NaN,10.49,NaN,10.779,NaN,NaN,13.037,NaN,NaN,NaN,NaN,NaN,NaN,4.9939,NaN,NaN,NaN,9.2572,2.1496,NaN,NaN,NaN,6.3009,4.0274,NaN,NaN,2.3982,NaN,13.323,17.045,NaN,3.8533,4.3797,NaN,8.7016,11.938
15.003,3.0465,3.0358,NaN,30.955,12.408,3.9865,6.9261,NaN,2.3966,2.8612,15.51,NaN,10.708,2.1009,NaN,NaN,5.5623,NaN,4.8475,NaN,2.0952,NaN,11.434,3.9029,11.183,12.832,NaN,6.6045,NaN,NaN,NaN,1.5214,17.036,12.015,NaN,NaN,NaN,3.3491,9.8513,NaN,NaN,NaN,NaN,8.5202,NaN,13.289,7.2582,NaN,9.3998,5.2363,6.5892,1.4069,7.3605,2.1579,NaN,NaN,NaN,2.5137,NaN,NaN,NaN,NaN,5.1912,NaN,19.059,NaN,10.124,NaN,NaN,5.1435,NaN,NaN,NaN,NaN,NaN,NaN,9.9979,NaN,NaN,NaN,12.968,0.52281,NaN,NaN,NaN,7.3016,8.5154,NaN,NaN,5.503,NaN,5.7485,9.1339,NaN,13.563,2.3586,NaN,6.8086,2.8348
8.7213,9.4288,3.5127,NaN,4.677,3.681,5.5062,2.9665,NaN,7.1332,2.6728,2.8366,NaN,5.6888,5.0028,NaN,NaN,3.9058,NaN,15.368,NaN,4.415,NaN,18.382,2.6514,11.502,27.782,NaN,5.8411,NaN,NaN,NaN,5.1786,4.5279,9.8365,NaN,NaN,NaN,1.2558,5.904,NaN,NaN,NaN,NaN,6.5608,NaN,7.5499,3.7461,NaN,2.0097,5.2562,2.4335,1.2078,8.3704,9.8448,NaN,NaN,NaN,2.6465,NaN,NaN,NaN,NaN,5.9179,NaN,3.1981,NaN,6.0835,NaN,NaN,10.683,NaN,NaN,NaN,NaN,NaN,NaN,2.8269,NaN,NaN,NaN,15.977,1.1457,NaN,NaN,NaN,1.6299,7.2875,NaN,NaN,3.5285,NaN,6.274,24.256,NaN,5.3946,9.3517,NaN,7.6913,7.4372
1.6253,8.3666,14.02,NaN,2.8486,3.2274,5.346,8.9195,NaN,6.3726,7.5752,4.792,NaN,1.8952,8.3758,NaN,NaN,4.9183,NaN,5.6549,NaN,5.6306,NaN,4.3671,4.134,2.7397,2.6814,NaN,4.6676,NaN,NaN,NaN,3.8248,3.6006,5.859,NaN,NaN,NaN,1.5699,4.3069,NaN,NaN,NaN,NaN,10.174,NaN,6.4501,5.5804,NaN,4.7341,7.0399,8.2792,1.384,4.8387,8.8047,NaN,NaN,NaN,9.0026,NaN,NaN,NaN,NaN,8.416,NaN,1.0169,NaN,8.7165,NaN,NaN,8.6598,NaN,NaN,NaN,NaN,NaN,NaN,5.5207,NaN,NaN,NaN,9.1993,7.8492,NaN,NaN,NaN,1.5012,4.5801,NaN,NaN,2.6218,NaN,3.7457,15.164,NaN,4.7569,11.359,NaN,8.1023,8.2687
5.1726,7.8378,4.9136,NaN,5.8349,5.2507,2.2175,9.2609,NaN,2.6177,5.0987,10.574,NaN,3.8526,4.9746,NaN,NaN,5.049,NaN,5.1093,NaN,4.2314,NaN,6.6824,1.9125,4.5126,3.9606,NaN,3.9404,NaN,NaN,NaN,2.5982,5.39,1.1611,NaN,NaN,NaN,0.73259,3.6818,NaN,NaN,NaN,NaN,13.504,NaN,12.789,4.7209,NaN,2.3875,3.1727,16.675,3.555,2.4317,1.9443,NaN,NaN,NaN,7.0748,NaN,NaN,NaN,NaN,6.0409,NaN,2.3124,NaN,2.9492,NaN,NaN,3.8936,NaN,NaN,NaN,NaN,NaN,NaN,9.3311,NaN,NaN,NaN,14.849,7.4193,NaN,NaN,NaN,2.7704,6.0544,NaN,NaN,4.6999,NaN,2.7935,11.047,NaN,9.816,11.713,NaN,8.4735,12.629
3.0019,5.474,3.5459,NaN,2.7081,6.1191,1.062,9.2936,NaN,0.89334,1.4493,4.7015,NaN,4.9066,5.3047,NaN,NaN,4.1778,NaN,7.5029,NaN,5.4657,NaN,1.1305,2.9681,3.1627,3.6222,NaN,2.1559,NaN,NaN,NaN,3.5966,1.6268,4.3814,NaN,NaN,NaN,6.2735,25.081,NaN,NaN,NaN,NaN,5.1075,NaN,16.318,9.0071,NaN,4.6907,3.1233,4.1245,1.6162,10.069,5.5022,NaN,NaN,NaN,8.2566,NaN,NaN,NaN,NaN,5.8303,NaN,15.568,NaN,5.1323,NaN,NaN,13.016,NaN,NaN,NaN,NaN,NaN,NaN,3.0807,NaN,NaN,NaN,9.3911,1.3573,NaN,NaN,NaN,1.4491,10.582,NaN,NaN,2.2422,NaN,9.4299,9.4075,NaN,1.9859,3.7554,NaN,7.8243,13.225
5.4677,8.7139,9.8761,NaN,3.2265,2.883,2.5265,12.715,NaN,10.585,5.1008,6.5245,NaN,6.4976,3.1417,NaN,NaN,14.628,NaN,10.123,NaN,10.255,NaN,6.9905,2.986,3.5217,2.5561,NaN,8.5494,NaN,NaN,NaN,1.353,0.96316,2.0679,NaN,NaN,NaN,1.5607,1.515,NaN,NaN,NaN,NaN,8.8892,NaN,19.583,3.4439,NaN,5.9898,7.1945,7.0751,11.473,6.9715,5.3952,NaN,NaN,NaN,4.2747,NaN,NaN,NaN,NaN,5.2665,NaN,4.9074,NaN,9.9421,NaN,NaN,5.627,NaN,NaN,NaN,NaN,NaN,NaN,14.262,NaN,NaN,NaN,3.516,4.3765,NaN,NaN,NaN,2.5587,3.0431,NaN,NaN,7.4289,NaN,3.8055,8.7053,NaN,5.2913,5.9418,NaN,6.7097,1.3233
9.1655,3.9756,4.0308,NaN,6.0514,8.4849,1.3204,3.716,NaN,6.1424,4.2719,10.094,NaN,6.5378,2.5149,NaN,NaN,18.863,NaN,20.097,NaN,6.6455,NaN,9.4923,5.4055,9.0743,6.1072,NaN,3.9617,NaN,NaN,NaN,0.98015,7.2722,8.2244,NaN,NaN,NaN,3.693,8.3781,NaN,NaN,NaN,NaN,6.3682,NaN,8.6902,5.1325,NaN,11.577,5.5989,10.771,2.7317,20.208,3.7838,NaN,NaN,NaN,14.482,NaN,NaN,NaN,NaN,6.8162,NaN,1.3857,NaN,0.88012,NaN,NaN,10.325,NaN,NaN,NaN,NaN,NaN,NaN,3.6592,NaN,NaN,NaN,13.7,4.6885,NaN,NaN,NaN,1.7171,13.69,NaN,NaN,7.0532,NaN,6.371,6.1989,NaN,8.0334,1.6198,NaN,4.4562,9.3858
5.6439,1.4478,3.9296,NaN,11.58,8.1118,2.334,1.1023,NaN,6.1291,12.75,3.741,NaN,6.6088,1.6599,NaN,NaN,8.5213,NaN,6.6034,NaN,5.7018,NaN,18.853,4.4061,3.5591,18.257,NaN,9.1123,NaN,NaN,NaN,4.0351,20.632,15.222,NaN,NaN,NaN,19.179,7.8004,NaN,NaN,NaN,NaN,3.7963,NaN,6.9875,9.1232,NaN,5.1326,6.7181,7.2558,1.523,14.161,1.3089,NaN,NaN,NaN,6.6405,NaN,NaN,NaN,NaN,3.6067,NaN,2.5095,NaN,8.1904,NaN,NaN,4.3013,NaN,NaN,NaN,NaN,NaN,NaN,8.095,NaN,NaN,NaN,7.2973,3.1157,NaN,NaN,NaN,4.2226,9.2022,NaN,NaN,6.0009,NaN,6.2566,3.9498,NaN,13.718,2.6024,NaN,6.1635,2.3515
2.4084,2.0957,8.5871,NaN,9.4053,13.293,4.1557,9.3392,NaN,16.514,9.8413,5.6062,NaN,6.2005,1.6892,NaN,NaN,0.95663,NaN,5.8359,NaN,1.88,NaN,9.4196,8.3869,6.1866,8.5411,NaN,3.9246,NaN,NaN,NaN,8.6061,15.23,18.606,NaN,NaN,NaN,9.6973,4.0076,NaN,NaN,NaN,NaN,3.9228,NaN,5.1452,20.102,NaN,1.2682,3.1713,2.8277,6.5334,2.4456,2.8035,NaN,NaN,NaN,8.6103,NaN,NaN,NaN,NaN,8.5144,NaN,5.5605,NaN,10.376,NaN,NaN,11.193,NaN,NaN,NaN,NaN,NaN,NaN,1.5677,NaN,NaN,NaN,7.4051,5.5113,NaN,NaN,NaN,4.2713,2.96,NaN,NaN,6.4721,NaN,5.1222,8.4488,NaN,3.4263,2.5633,NaN,4.6866,4.3743
6.4305,8.4556,4.1249,NaN,17.804,6.7728,8.0939,8.9072,NaN,6.1763,6.4725,7.4342,NaN,7.6927,3.4532,NaN,NaN,3.6927,NaN,6.825,NaN,4.8677,NaN,5.3534,9.0983,2.0599,9.7742,NaN,3.9605,NaN,NaN,NaN,2.195,4.9655,3.3382,NaN,NaN,NaN,3.5012,2.4002,NaN,NaN,NaN,NaN,5.3195,NaN,4.9785,6.9956,NaN,10.066,5.5737,15.639,6.1857,12.682,2.3003,NaN,NaN,NaN,13.172,NaN,NaN,NaN,NaN,6.9151,NaN,3.8273,NaN,2.1585,NaN,NaN,8.9652,NaN,NaN,NaN,NaN,NaN,NaN,3.1743,NaN,NaN,NaN,8.2624,10.47,NaN,NaN,NaN,5.0185,5.5146,NaN,NaN,6.4415,NaN,2.472,4.2875,NaN,1.6416,1.3122,NaN,2.5336,11.534
7.6892,5.0902,0.58472,NaN,9.971,2.8758,3.7231,2.0005,NaN,4.1936,1.6647,15.035,NaN,8.5985,3.8929,NaN,NaN,2.9537,NaN,3.6287,NaN,6.3308,NaN,8.3002,6.1345,3.725,7.6914,NaN,4.7149,NaN,NaN,NaN,8.2156,3.9297,1.2352,NaN,NaN,NaN,3.8701,1.7802,NaN,NaN,NaN,NaN,2.7809,NaN,6.3289,14.522,NaN,9.0378,2.8974,3.4175,2.7607,5.054,2.5292,NaN,NaN,NaN,9.2322,NaN,NaN,NaN,NaN,6.4927,NaN,12.65,NaN,4.7806,NaN,NaN,9.1793,NaN,NaN,NaN,NaN,NaN,NaN,4.2681,NaN,NaN,NaN,1.7732,1.1082,NaN,NaN,NaN,2.9562,6.1503,NaN,NaN,4.1779,NaN,1.0704,6.2417,NaN,7.2208,2.8806,NaN,4.4583,3.8625
12.892,7.7766,13.141,NaN,11.636,18.046,2.9016,12.79,NaN,22.891,16.028,9.3407,NaN,19.525,6.23,NaN,NaN,11.793,NaN,9.6869,NaN,9.5766,NaN,1.9713,12.297,8.1553,14.487,NaN,5.5004,NaN,NaN,NaN,8.5597,10.695,12.481,NaN,NaN,NaN,8.4212,6.5335,NaN,NaN,NaN,NaN,20.494,NaN,7.1317,19.251,NaN,17.456,14.729,11.073,13.302,7.0942,7.2102,NaN,NaN,NaN,18.247,NaN,NaN,NaN,NaN,27.619,NaN,9.3475,NaN,8.8217,NaN,NaN,13.393,NaN,NaN,NaN,NaN,NaN,NaN,5.5653,NaN,NaN,NaN,9.1319,8.8695,NaN,NaN,NaN,19.848,7.9265,NaN,NaN,10.52,NaN,13.348,11.546,NaN,10.723,7.9095,NaN,14.783,23.133
15.384,7.4245,4.0896,NaN,6.109,4.7777,1.4974,3.1937,NaN,13.101,7.9917,1.1561,NaN,3.902,8.633,NaN,NaN,5.2269,NaN,11.207,NaN,1.4278,NaN,5.6492,1.4441,1.3356,3.9795,NaN,4.4721,NaN,NaN,NaN,3.6911,2.855,15.636,NaN,NaN,NaN,3.9998,4.5174,NaN,NaN,NaN,NaN,7.1755,NaN,9.2824,4.0255,NaN,7.077,5.2983,11.661,1.4808,6.5226,3.6405,NaN,NaN,NaN,8.7956,NaN,NaN,NaN,NaN,3.7753,NaN,9.7117,NaN,7.8211,NaN,NaN,10.703,NaN,NaN,NaN,NaN,NaN,NaN,2.653,NaN,NaN,NaN,4.0152,6.0999,NaN,NaN,NaN,3.9822,3.0062,NaN,NaN,6.9699,NaN,8.1848,5.0781,NaN,10.318,2.9917,NaN,6.6795,5.4282
9.388,2.2934,5.0285,NaN,6.8897,1.785,4.048,4.5241,NaN,9.3329,9.5019,3.9269,NaN,3.811,2.9216,NaN,NaN,4.1006,NaN,3.52,NaN,4.8788,NaN,10.069,2.7836,8.2963,7.124,NaN,3.124,NaN,NaN,NaN,2.23,7.213,12.127,NaN,NaN,NaN,3.103,3.3573,NaN,NaN,NaN,NaN,5.7382,NaN,3.6292,10.953,NaN,12.596,9.0445,4.1057,0.96388,1.8792,1.6598,NaN,NaN,NaN,11.114,NaN,NaN,NaN,NaN,8.7712,NaN,7.8015,NaN,2.951,NaN,NaN,6.9483,NaN,NaN,NaN,NaN,NaN,NaN,4.1543,NaN,NaN,NaN,2.0144,1.5804,NaN,NaN,NaN,1.8543,14.63,NaN,NaN,5.0023,NaN,1.1697,4.8204,NaN,6.6514,7.2006,NaN,2.901,10.043
3.2873,1.2543,6.0931,NaN,2.4827,1.6049,6.2896,5.2226,NaN,7.9132,7.1215,2.5379,NaN,6.3687,3.2689,NaN,NaN,3.1453,NaN,5.211,NaN,6.6239,NaN,19.11,2.6667,3.3047,8.0494,NaN,9.6195,NaN,NaN,NaN,7.1542,8.8234,11.247,NaN,NaN,NaN,5.7538,0.35516,NaN,NaN,NaN,NaN,6.4018,NaN,1.4183,5.6602,NaN,1.2521,3.9044,4.0048,2.5611,1.2785,2.2935,NaN,NaN,NaN,13.669,NaN,NaN,NaN,NaN,5.1316,NaN,2.1217,NaN,6.1188,NaN,NaN,15.575,NaN,NaN,NaN,NaN,NaN,NaN,7.7712,NaN,NaN,NaN,4.8822,1.0677,NaN,NaN,NaN,4.8371,7.1266,NaN,NaN,2.6006,NaN,3.8264,6.2873,NaN,5.9917,4.2916,NaN,4.289,14.927
5.3227,1.1665,4.1567,NaN,17.831,2.5613,7.4057,7.2045,NaN,5.4285,2.0737,7.4306,NaN,1.677,2.4731,NaN,NaN,2.75,NaN,4.8785,NaN,3.1194,NaN,6.5019,8.3637,5.6521,6.6722,NaN,11.065,NaN,NaN,NaN,5.782,11.399,17.298,NaN,NaN,NaN,2.8548,2.3132,NaN,NaN,NaN,NaN,5.6485,NaN,4.7126,10.606,NaN,2.7763,2.7493,5.086,7.0043,3.1498,12.573,NaN,NaN,NaN,9.5923,NaN,NaN,NaN,NaN,7.4626,NaN,10.255,NaN,1.3238,NaN,NaN,11.899,NaN,NaN,NaN,NaN,NaN,NaN,14.627,NaN,NaN,NaN,4.0147,3.9294,NaN,NaN,NaN,5.3969,0.86334,NaN,NaN,4.2325,NaN,7.0078,10.694,NaN,7.2472,3.7321,NaN,5.7704,9.6163
8.42,6.2573,9.901,NaN,0.724,4.6415,1.9114,5.0332,NaN,10.677,6.8173,5.0008,NaN,4.9626,0.79594,NaN,NaN,7.8007,NaN,8.1342,NaN,5.1073,NaN,2.1754,8.0273,8.7165,9.1354,NaN,1.0971,NaN,NaN,NaN,12.671,19.123,12.266,NaN,NaN,NaN,10.772,4.1931,NaN,NaN,NaN,NaN,7.8318,NaN,14.044,4.6676,NaN,5.563,12.404,11.189,8.9897,9.8225,8.7794,NaN,NaN,NaN,5.2723,NaN,NaN,NaN,NaN,5.0666,NaN,10.34,NaN,17.807,NaN,NaN,10.565,NaN,NaN,NaN,NaN,NaN,NaN,6.0491,NaN,NaN,NaN,3.5921,4.2152,NaN,NaN,NaN,6.6042,1.5204,NaN,NaN,5.8258,NaN,6.4527,10.824,NaN,5.4142,4.3684,NaN,12.511,8.369
10.743,3.6452,8.9967,NaN,4.3127,5.2373,4.2997,4.8954,NaN,11.071,8.7504,3.3671,NaN,3.6402,9.3255,NaN,NaN,5.0083,NaN,13.169,NaN,7.3205,NaN,2.7765,7.7347,6.9435,12.259,NaN,5.8361,NaN,NaN,NaN,15.969,17.015,14.013,NaN,NaN,NaN,13.454,7.8728,NaN,NaN,NaN,NaN,5.9332,NaN,14.906,3.5211,NaN,4.0445,6.1268,6.8225,5.6749,9.8747,5.3801,NaN,NaN,NaN,9.3176,NaN,NaN,NaN,NaN,10.267,NaN,11.803,NaN,19.758,NaN,NaN,15.078,NaN,NaN,NaN,NaN,NaN,NaN,3.6801,NaN,NaN,NaN,3.7279,2.6516,NaN,NaN,NaN,5.5105,5.9108,NaN,NaN,6.3239,NaN,2.3149,5.7435,NaN,7.055,5.2855,NaN,6.5965,9.7337
5.3241,2.3154,5.9694,NaN,4.0499,6.6132,3.8702,5.5326,NaN,3.7406,12.045,4.6746,NaN,5.0549,11.618,NaN,NaN,16.177,NaN,11.799,NaN,7.4576,NaN,2.8491,5.6055,6.0909,17.398,NaN,2.2863,NaN,NaN,NaN,16.274,13.464,7.9907,NaN,NaN,NaN,13.044,7.7877,NaN,NaN,NaN,NaN,4.8518,NaN,11.202,4.8516,NaN,4.3038,8.5501,8.2098,2.007,8.4901,11.841,NaN,NaN,NaN,12.015,NaN,NaN,NaN,NaN,13.975,NaN,8.2665,NaN,3.3425,NaN,NaN,10.148,NaN,NaN,NaN,NaN,NaN,NaN,2.8163,NaN,NaN,NaN,7.6252,5.2883,NaN,NaN,NaN,3.0896,12.831,NaN,NaN,13.248,NaN,2.0987,7.1679,NaN,12.202,10.058,NaN,17.467,12.297
7.0335,2.9113,1.0129,NaN,1.77,3.5859,1.8154,2.6145,NaN,4.3546,10.402,3.5867,NaN,5.8802,4.064,NaN,NaN,16.411,NaN,17.263,NaN,12.958,NaN,13.5,5.7579,2.7411,4.3204,NaN,3.4211,NaN,NaN,NaN,30.688,6.6956,5.7304,NaN,NaN,NaN,7.7224,8.8357,NaN,NaN,NaN,NaN,4.4126,NaN,7.3305,5.7324,NaN,1.0175,12.081,11.198,1.8215,4.9545,10.123,NaN,NaN,NaN,7.352,NaN,NaN,NaN,NaN,6.4591,NaN,12.63,NaN,1.3513,NaN,NaN,9.4834,NaN,NaN,NaN,NaN,NaN,NaN,1.5714,NaN,NaN,NaN,8.5459,2.8119,NaN,NaN,NaN,5.6922,8.9648,NaN,NaN,14.202,NaN,7.0687,6.9368,NaN,4.3119,10.025,NaN,6.5518,10.126
5.5803,5.9293,4.8382,NaN,3.8125,4.7365,3.726,1.8191,NaN,9.0421,6.4991,10.32,NaN,7.1037,3.8026,NaN,NaN,6.188,NaN,14.062,NaN,24.615,NaN,5.7085,5.6379,3.5868,7.8529,NaN,4.1705,NaN,NaN,NaN,29.371,4.1509,3.8609,NaN,NaN,NaN,3.1262,9.8726,NaN,NaN,NaN,NaN,15.474,NaN,11.604,6.1009,NaN,4.7329,8.2077,22.57,3.113,4.3505,4.4543,NaN,NaN,NaN,2.111,NaN,NaN,NaN,NaN,2.0623,NaN,2.9922,NaN,3.0165,NaN,NaN,9.1247,NaN,NaN,NaN,NaN,NaN,NaN,2.3377,NaN,NaN,NaN,9.9352,2.1262,NaN,NaN,NaN,3.4912,8.774,NaN,NaN,14.975,NaN,10.279,10.148,NaN,7.8408,6.9754,NaN,4.8068,10.907
8.3117,4.2649,2.3947,NaN,2.0074,2.1486,4.1,8.8365,NaN,2.9499,2.7717,10.212,NaN,5.6214,1.7529,NaN,NaN,29.914,NaN,4.7562,NaN,8.0947,NaN,13.926,5.5984,1.457,2.9831,NaN,1.2243,NaN,NaN,NaN,11.07,1.7544,5.2846,NaN,NaN,NaN,2.4906,3.665,NaN,NaN,NaN,NaN,1.2231,NaN,3.7954,4.3892,NaN,4.6752,5.6588,9.2577,2.0744,1.9185,11.617,NaN,NaN,NaN,15.775,NaN,NaN,NaN,NaN,8.3688,NaN,2.3445,NaN,4.509,NaN,NaN,2.1894,NaN,NaN,NaN,NaN,NaN,NaN,1.9318,NaN,NaN,NaN,5.3375,1.1143,NaN,NaN,NaN,12.871,4.7571,NaN,NaN,6.2657,NaN,3.0566,5.4082,NaN,6.7982,6.4224,NaN,2.8093,10.115
7.6405,13.601,1.5301,NaN,3.4092,0.99982,7.405,7.6467,NaN,2.3805,1.3256,1.9393,NaN,6.0586,1.7437,NaN,NaN,10.514,NaN,9.2484,NaN,5.7129,NaN,3.0415,4.0859,7.9665,1.3859,NaN,2.8096,NaN,NaN,NaN,15.197,0.57655,7.3825,NaN,NaN,NaN,2.3769,5.6778,NaN,NaN,NaN,NaN,5.4101,NaN,1.5231,4.6083,NaN,5.0263,4.9786,15.917,5.4354,1.3174,6.5914,NaN,NaN,NaN,9.4928,NaN,NaN,NaN,NaN,5.029,NaN,3.2671,NaN,9.6573,NaN,NaN,12.293,NaN,NaN,NaN,NaN,NaN,NaN,4.4365,NaN,NaN,NaN,5.4453,1.0394,NaN,NaN,NaN,5.9912,3.241,NaN,NaN,4.6448,NaN,3.3898,3.8367,NaN,3.8721,4.5337,NaN,6.1276,9.0904
8.7706,3.0007,9.6777,NaN,7.1129,5.8204,7.4636,13.244,NaN,10.718,9.4989,10.011,NaN,15.039,3.365,NaN,NaN,18.31,NaN,8.7925,NaN,5.8128,NaN,0.98993,7.6964,5.6537,19.216,NaN,3.39,NaN,NaN,NaN,13.449,6.2272,15.168,NaN,NaN,NaN,7.2299,6.1552,NaN,NaN,NaN,NaN,16.113,NaN,3.9405,10.674,NaN,9.3505,11.398,7.7815,7.3308,4.0911,10.129,NaN,NaN,NaN,31.024,NaN,NaN,NaN,NaN,9.1044,NaN,5.8861,NaN,10.479,NaN,NaN,9.1481,NaN,NaN,NaN,NaN,NaN,NaN,3.8799,NaN,NaN,NaN,10.269,3.6188,NaN,NaN,NaN,18.94,1.5678,NaN,NaN,8.619,NaN,8.2827,8.4572,NaN,7.5891,2.3512,NaN,7.5057,24.732
18.985,23.677,15.491,NaN,26.549,22.102,7.8628,16.13,NaN,45.021,22.933,12.118,NaN,22.631,31.512,NaN,NaN,17.443,NaN,14.667,NaN,18.927,NaN,13.087,16.055,11.773,18.569,NaN,11.878,NaN,NaN,NaN,18.084,16.941,16.268,NaN,NaN,NaN,14.82,12.628,NaN,NaN,NaN,NaN,18.685,NaN,11.018,24.316,NaN,16.486,15.66,12.568,21.886,15.177,8.1555,NaN,NaN,NaN,14.815,NaN,NaN,NaN,NaN,13.881,NaN,15.069,NaN,13.209,NaN,NaN,17.784,NaN,NaN,NaN,NaN,NaN,NaN,14.224,NaN,NaN,NaN,12.806,24.018,NaN,NaN,NaN,14.25,11.523,NaN,NaN,12.642,NaN,16.41,15.496,NaN,14.758,17.184,NaN,15.203,19.496
17.063,12.206,14.153,NaN,15.493,11.726,7.0831,17.304,NaN,17.447,11.103,17.94,NaN,9.4566,13.317,NaN,NaN,16.697,NaN,17.673,NaN,12.528,NaN,18.456,14.325,12.947,24.535,NaN,11.047,NaN,NaN,NaN,14.159,11.718,20.859,NaN,NaN,NaN,16.469,16.069,NaN,NaN,NaN,NaN,16.609,NaN,12.816,14.959,NaN,11.523,14.709,13.442,13.239,13.135,13.197,NaN,NaN,NaN,19.619,NaN,NaN,NaN,NaN,10.867,NaN,13.588,NaN,14.802,NaN,NaN,12.643,NaN,NaN,NaN,NaN,NaN,NaN,12.01,NaN,NaN,NaN,8.0016,8.7377,NaN,NaN,NaN,12.335,9.7871,NaN,NaN,9.942,NaN,20.511,13.222,NaN,10.269,9.5632,NaN,10.637,19.519
4.1933,8.9683,4.9764,NaN,2.8624,0.65317,3.5311,5.5257,NaN,7.9945,2.917,0.72508,NaN,0.40768,4.9244,NaN,NaN,5.0189,NaN,6.4768,NaN,2.4945,NaN,0.54804,1.93,4.1164,11.304,NaN,5.5325,NaN,NaN,NaN,4.1053,2.6729,14.089,NaN,NaN,NaN,8.0385,2.6948,NaN,NaN,NaN,NaN,3.8414,NaN,8.9155,2.38,NaN,6.7799,6.6466,6.7165,2.6804,3.2952,2.5489,NaN,NaN,NaN,3.2322,NaN,NaN,NaN,NaN,7.3857,NaN,4.3707,NaN,8.2437,NaN,NaN,19.108,NaN,NaN,NaN,NaN,NaN,NaN,6.2711,NaN,NaN,NaN,4.8552,2.7123,NaN,NaN,NaN,2.8118,6.2442,NaN,NaN,4.4256,NaN,13.083,8.5466,NaN,25.136,3.7797,NaN,3.8499,8.1468
7.9157,12.091,5.6055,NaN,5.5667,3.1515,22.421,6.766,NaN,9.3172,4.2266,4.5772,NaN,4.1807,1.0677,NaN,NaN,5.0629,NaN,6.398,NaN,7.6136,NaN,11.602,7.4887,10.305,13.513,NaN,4.3716,NaN,NaN,NaN,8.2238,18.402,6.4658,NaN,NaN,NaN,7.561,4.9612,NaN,NaN,NaN,NaN,4.7963,NaN,18.16,7.4505,NaN,14.291,2.8039,13.538,6.5763,9.0966,10.672,NaN,NaN,NaN,3.8159,NaN,NaN,NaN,NaN,4.1869,NaN,6.1539,NaN,6.8813,NaN,NaN,8.3778,NaN,NaN,NaN,NaN,NaN,NaN,9.2577,NaN,NaN,NaN,7.6035,4.6562,NaN,NaN,NaN,12.388,2.3125,NaN,NaN,7.5524,NaN,8.3894,23.691,NaN,4.5051,12.693,NaN,7.0705,10.619
7.5228,2.9527,5.8615,NaN,9.7101,7.4844,11.091,9.8108,NaN,4.4861,2.3505,5.3505,NaN,0.94021,2.1785,NaN,NaN,4.0938,NaN,3.2279,NaN,4.6357,NaN,8.9662,7.9009,11.182,5.6268,NaN,5.3514,NaN,NaN,NaN,2.8612,12.939,5.7746,NaN,NaN,NaN,3.7456,5.5295,NaN,NaN,NaN,NaN,2.6235,NaN,5.9477,8.7352,NaN,8.8273,1.5998,14.144,6.8794,4.5035,8.3752,NaN,NaN,NaN,6.6859,NaN,NaN,NaN,NaN,15.854,NaN,6.7278,NaN,2.8681,NaN,NaN,10.936,NaN,NaN,NaN,NaN,NaN,NaN,7.6878,NaN,NaN,NaN,7.9519,8.1516,NaN,NaN,NaN,7.9247,1.6151,NaN,NaN,5.6456,NaN,8.7803,23.266,NaN,9.2061,4.1337,NaN,0.86561,7.6854
7.4484,1.3727,3.3329,NaN,4.0869,15.05,3.0936,9.9627,NaN,4.6991,6.964,4.3215,NaN,0.98405,3.1405,NaN,NaN,6.1286,NaN,10.032,NaN,18.317,NaN,6.2668,3.0991,2.5792,0.68689,NaN,4.854,NaN,NaN,NaN,3.821,10.117,2.7381,NaN,NaN,NaN,2.2411,1.4813,NaN,NaN,NaN,NaN,10.21,NaN,17.394,4.7656,NaN,7.8627,14.008,3.5061,5.4577,12.989,3.9588,NaN,NaN,NaN,4.0836,NaN,NaN,NaN,NaN,2.6429,NaN,12.326,NaN,4.8801,NaN,NaN,2.6489,NaN,NaN,NaN,NaN,NaN,NaN,12.033,NaN,NaN,NaN,38.727,2.2167,NaN,NaN,NaN,2.7482,9.639,NaN,NaN,4.587,NaN,21.786,12.21,NaN,6.4385,3.913,NaN,7.0574,1.0011
5.7253,3.2041,9.5879,NaN,1.7331,8.3195,3.9168,10.22,NaN,4.6388,0.93448,5.6045,NaN,0.78394,4.831,NaN,NaN,2.3997,NaN,8.5394,NaN,33.891,NaN,13.31,10.927,3.0183,6.7581,NaN,11.4,NaN,NaN,NaN,14.452,6.2175,2.651,NaN,NaN,NaN,2.415,1.8955,NaN,NaN,NaN,NaN,16.856,NaN,17.6,6.6785,NaN,6.8729,8.6814,6.8155,5.4451,12.605,3.9236,NaN,NaN,NaN,4.735,NaN,NaN,NaN,NaN,5.7601,NaN,2.5299,NaN,14.63,NaN,NaN,5.4077,NaN,NaN,NaN,NaN,NaN,NaN,6.3416,NaN,NaN,NaN,9.5838,10.318,NaN,NaN,NaN,12.498,9.2107,NaN,NaN,3.8583,NaN,14.31,3.4231,NaN,6.1061,3.6216,NaN,11.094,8.3732
7.1692,6.8402,9.5822,NaN,2.6165,1.6757,3.6218,5.75,NaN,6.0917,4.3796,13.572,NaN,5.5192,4.5889,NaN,NaN,2.8973,NaN,1.7544,NaN,26.734,NaN,13.016,11.258,2.3607,7.6066,NaN,1.6782,NaN,NaN,NaN,4.9669,6.5505,2.407,NaN,NaN,NaN,4.8617,1.7898,NaN,NaN,NaN,NaN,14.193,NaN,14.586,3.621,NaN,4.5178,12.838,5.5227,2.0617,8.296,8.7236,NaN,NaN,NaN,3.3351,NaN,NaN,NaN,NaN,5.9991,NaN,6.9463,NaN,12.161,NaN,NaN,7.0945,NaN,NaN,NaN,NaN,NaN,NaN,6.002,NaN,NaN,NaN,12.901,3.3907,NaN,NaN,NaN,3.1357,6.1679,NaN,NaN,8.2007,NaN,8.0118,3.3293,NaN,1.9612,5.5021,NaN,1.6227,7.3053
2.5082,2.515,8.432,NaN,3.9678,5.623,3.0104,5.2969,NaN,4.9781,2.6518,6.6131,NaN,2.3582,10.818,NaN,NaN,0.86703,NaN,1.332,NaN,33.536,NaN,15.143,4.037,7.4561,0.7197,NaN,8.7912,NaN,NaN,NaN,6.9945,7.3783,5.815,NaN,NaN,NaN,3.6541,5.3131,NaN,NaN,NaN,NaN,12.371,NaN,8.7935,9.2019,NaN,5.4666,6.0858,12.831,1.7543,9.7287,2.0506,NaN,NaN,NaN,7.6972,NaN,NaN,NaN,NaN,5.623,NaN,1.5651,NaN,11.166,NaN,NaN,4.3923,NaN,NaN,NaN,NaN,NaN,NaN,0.96808,NaN,NaN,NaN,12.375,8.5868,NaN,NaN,NaN,8.6714,15.172,NaN,NaN,4.1495,NaN,5.1398,6.8497,NaN,5.7095,2.6496,NaN,11.758,22.31
7.8991,0.72308,0.92015,NaN,4.1033,11.417,3.3366,8.3105,NaN,6.009,5.2595,8.4582,NaN,1.1963,4.535,NaN,NaN,0.85738,NaN,3.1427,NaN,7.089,NaN,5.984,5.7163,6.3594,26.365,NaN,7.1113,NaN,NaN,NaN,8.9677,12.174,7.1978,NaN,NaN,NaN,3.7528,1.7197,NaN,NaN,NaN,NaN,9.0569,NaN,8.2316,12.26,NaN,24.632,11.165,1.9841,8.2591,19.933,0.57007,NaN,NaN,NaN,0.34918,NaN,NaN,NaN,NaN,8.5449,NaN,15.75,NaN,10.358,NaN,NaN,8.7273,NaN,NaN,NaN,NaN,NaN,NaN,6.8678,NaN,NaN,NaN,21.301,6.5752,NaN,NaN,NaN,13.554,6.1948,NaN,NaN,3.7341,NaN,4.9605,8.2717,NaN,10.312,1.489,NaN,7.4087,10.813
7.6984,2.7848,6.0712,NaN,15.758,9.5056,5.3758,6.057,NaN,3.4391,8.7859,6.086,NaN,14.473,1.9982,NaN,NaN,7.9548,NaN,4.8041,NaN,0.69404,NaN,12.73,4.4408,11.19,15.268,NaN,7.5916,NaN,NaN,NaN,1.6592,10.699,5.6131,NaN,NaN,NaN,4.0161,9.7672,NaN,NaN,NaN,NaN,20.743,NaN,13.151,9.1781,NaN,9.8596,8.0808,3.9267,5.5236,3.4103,2.0515,NaN,NaN,NaN,1.3402,NaN,NaN,NaN,NaN,8.1258,NaN,5.3624,NaN,14.739,NaN,NaN,6.536,NaN,NaN,NaN,NaN,NaN,NaN,18.321,NaN,NaN,NaN,13.225,0.42019,NaN,NaN,NaN,9.525,7.5043,NaN,NaN,3.672,NaN,6.9449,5.7237,NaN,4.4052,3.2819,NaN,6.7512,6.0853
1.4975,8.9656,7.1135,NaN,4.5167,8.398,4.1409,1.0854,NaN,4.6128,10.51,6.7337,NaN,9.6263,3.0148,NaN,NaN,9.8822,NaN,3.8439,NaN,10.813,NaN,17.069,4.8418,7.9479,6.5331,NaN,5.1243,NaN,NaN,NaN,0.83843,7.9575,8.8119,NaN,NaN,NaN,5.4818,20.164,NaN,NaN,NaN,NaN,10.598,NaN,8.288,7.138,NaN,9.8667,7.3933,1.9923,4.2199,4.7261,5.1504,NaN,NaN,NaN,4.4469,NaN,NaN,NaN,NaN,11.494,NaN,1.3866,NaN,11.374,NaN,NaN,3.8856,NaN,NaN,NaN,NaN,NaN,NaN,10.034,NaN,NaN,NaN,17.727,1.8209,NaN,NaN,NaN,4.5881,15.505,NaN,NaN,1.4671,NaN,6.9088,8.2487,NaN,3.1671,3.6677,NaN,6.9716,7.3372
0.85101,6.9165,5.9648,NaN,2.1493,3.4586,0.7713,3.8874,NaN,4.39,5.6112,11.404,NaN,4.2492,3.2878,NaN,NaN,3.7189,NaN,4.2777,NaN,8.8306,NaN,13.966,1.8281,6.6095,5.4094,NaN,7.5405,NaN,NaN,NaN,0.69727,7.4955,10.982,NaN,NaN,NaN,3.235,18.695,NaN,NaN,NaN,NaN,7.884,NaN,6.6033,4.3358,NaN,9.0101,1.6084,7.524,2.3986,9.1355,7.1404,NaN,NaN,NaN,10.428,NaN,NaN,NaN,NaN,3.7781,NaN,7.3651,NaN,5.2952,NaN,NaN,1.5225,NaN,NaN,NaN,NaN,NaN,NaN,3.4973,NaN,NaN,NaN,11.777,4.1102,NaN,NaN,NaN,3.9923,7.6947,NaN,NaN,1.8032,NaN,1.6253,44.279,NaN,6.2506,13.008,NaN,9.8245,15.983
2.4162,10.424,7.0921,NaN,2.5039,5.8581,4.4039,4.5361,NaN,5.7552,6.3389,10.528,NaN,4.425,3.5739,NaN,NaN,18.101,NaN,3.6622,NaN,2.1506,NaN,10.694,2.2472,7.7612,2.922,NaN,7.82,NaN,NaN,NaN,0.92508,13.964,10.69,NaN,NaN,NaN,4.227,13.592,NaN,NaN,NaN,NaN,5.4582,NaN,11.524,3.9636,NaN,11.194,8.557,7.8866,3.6711,5.7008,5.5888,NaN,NaN,NaN,6.5167,NaN,NaN,NaN,NaN,3.4385,NaN,11.771,NaN,2.5607,NaN,NaN,5.1968,NaN,NaN,NaN,NaN,NaN,NaN,2.7003,NaN,NaN,NaN,1.7464,3.7677,NaN,NaN,NaN,6.9613,3.5047,NaN,NaN,4.6655,NaN,3.0718,3.6176,NaN,8.1746,18.927,NaN,5.8399,8.0659
5.0457,21.48,5.042,NaN,0.91735,8.3073,3.3179,4.6617,NaN,4.6837,4.833,6.0208,NaN,9.0773,1.2302,NaN,NaN,8.5351,NaN,0.62041,NaN,1.6195,NaN,4.0604,8.0171,2.5871,3.5291,NaN,4.926,NaN,NaN,NaN,2.7276,31.132,12.627,NaN,NaN,NaN,10.291,2.2,NaN,NaN,NaN,NaN,5.1908,NaN,17.349,10.068,NaN,7.208,6.316,6.2943,4.9281,1.8726,4.1547,NaN,NaN,NaN,7.5118,NaN,NaN,NaN,NaN,4.6903,NaN,3.7588,NaN,1.799,NaN,NaN,13.038,NaN,NaN,NaN,NaN,NaN,NaN,13.298,NaN,NaN,NaN,10.057,1.5465,NaN,NaN,NaN,1.1349,4.905,NaN,NaN,5.6725,NaN,9.6049,2.8348,NaN,1.4588,14.358,NaN,0.82675,0.66642
7.3195,10.951,3.5455,NaN,2.0203,8.4611,1.8813,12.445,NaN,3.3423,1.3815,1.7564,NaN,5.7416,4.8946,NaN,NaN,6.0097,NaN,2.4833,NaN,17.257,NaN,6.4918,7.4204,2.6794,3.3863,NaN,8.8575,NaN,NaN,NaN,2.0897,5.9827,5.087,NaN,NaN,NaN,8.4225,4.0663,NaN,NaN,NaN,NaN,7.3838,NaN,7.8545,10.115,NaN,11.689,6.7143,5.4621,7.7772,1.8907,2.7031,NaN,NaN,NaN,13.933,NaN,NaN,NaN,NaN,3.552,NaN,3.9562,NaN,3.8869,NaN,NaN,17.851,NaN,NaN,NaN,NaN,NaN,NaN,11.358,NaN,NaN,NaN,8.7158,1.9725,NaN,NaN,NaN,9.0826,4.9058,NaN,NaN,2.6611,NaN,5.8899,6.7208,NaN,0.9977,12.375,NaN,4.2912,4.7974
6.1863,6.717,4.263,NaN,0.42638,4.2702,2.7127,2.5679,NaN,3.6122,1.3797,8.6628,NaN,3.5641,7.3692,NaN,NaN,16.215,NaN,1.0891,NaN,10.325,NaN,2.6615,4.5604,1.0881,1.9589,NaN,4.7254,NaN,NaN,NaN,3.0519,1.4186,5.6119,NaN,NaN,NaN,2.5362,1.2989,NaN,NaN,NaN,NaN,2.453,NaN,3.8487,2.2053,NaN,17.362,7.2556,5.2424,0.95729,4.7289,4.4249,NaN,NaN,NaN,5.4207,NaN,NaN,NaN,NaN,4.9289,NaN,5.8148,NaN,4.0198,NaN,NaN,6.5796,NaN,NaN,NaN,NaN,NaN,NaN,6.4082,NaN,NaN,NaN,7.6452,1.1532,NaN,NaN,NaN,5.2343,1.8127,NaN,NaN,5.2277,NaN,5.7022,2.8505,NaN,2.9453,6.2599,NaN,2.4556,5.0244
3.4174,8.8445,4.5464,NaN,5.7619,14.459,3.7989,4.5772,NaN,6.1534,1.685,5.555,NaN,2.7522,4.4098,NaN,NaN,5.1502,NaN,12.214,NaN,8.0264,NaN,1.8209,17.115,4.8844,4.3498,NaN,4.4385,NaN,NaN,NaN,2.1791,1.8045,12.81,NaN,NaN,NaN,6.677,1.137,NaN,NaN,NaN,NaN,8.0087,NaN,0.8453,4.876,NaN,45.938,5.3423,4.0256,0.93872,10.226,18,NaN,NaN,NaN,6.7381,NaN,NaN,NaN,NaN,5.4063,NaN,11.686,NaN,2.9054,NaN,NaN,9.6863,NaN,NaN,NaN,NaN,NaN,NaN,4.0212,NaN,NaN,NaN,35.576,2.8805,NaN,NaN,NaN,0.94361,5.0948,NaN,NaN,3.3549,NaN,11.562,2.9078,NaN,3.3536,8.1505,NaN,4.9103,4.5296
3.469,15.719,6.802,NaN,5.7938,6.081,4.1312,5.3305,NaN,9.7874,5.4018,4.5695,NaN,5.7868,4.3898,NaN,NaN,6.0873,NaN,4.4689,NaN,7.8029,NaN,8.1707,11.067,3.3351,19.23,NaN,3.3534,NaN,NaN,NaN,3.6318,4.5629,7.326,NaN,NaN,NaN,13.112,3.6004,NaN,NaN,NaN,NaN,11.452,NaN,4.7101,6.1253,NaN,14.128,6.2792,3.5704,1.0414,7.9971,4.0136,NaN,NaN,NaN,4.5677,NaN,NaN,NaN,NaN,2.0491,NaN,4.5428,NaN,4.3972,NaN,NaN,7.7757,NaN,NaN,NaN,NaN,NaN,NaN,8.0646,NaN,NaN,NaN,23.039,1.1319,NaN,NaN,NaN,4.9356,7.843,NaN,NaN,2.9757,NaN,3.5454,4.3985,NaN,6.0808,1.8173,NaN,4.0664,0.7791
2.0963,4.8741,6.5775,NaN,7.6012,11.51,1.7033,1.8638,NaN,7.9789,10.18,3.1299,NaN,9.4083,2.2788,NaN,NaN,6.3613,NaN,8.2454,NaN,5.8719,NaN,12.424,3.8695,3.8097,31.003,NaN,6.4203,NaN,NaN,NaN,4.4137,8.6891,8.1078,NaN,NaN,NaN,15.946,7.0004,NaN,NaN,NaN,NaN,8.4689,NaN,1.4551,7.5677,NaN,2.9482,9.6314,1.9096,0.90089,10.086,0.51826,NaN,NaN,NaN,1.9972,NaN,NaN,NaN,NaN,2.0212,NaN,0.37982,NaN,6.967,NaN,NaN,1.0414,NaN,NaN,NaN,NaN,NaN,NaN,13.379,NaN,NaN,NaN,7.8408,2.3575,NaN,NaN,NaN,5.1919,7.404,NaN,NaN,5.7131,NaN,4.5391,2.7878,NaN,5.4131,4.4194,NaN,4.6942,4.7171
10.592,1.6192,11.164,NaN,9.2345,10.091,4.4834,9.4083,NaN,11.793,2.4828,2.2078,NaN,11.82,2.2585,NaN,NaN,2.2799,NaN,3.7141,NaN,0.5668,NaN,3.4406,6.6907,9.5993,11.018,NaN,2.3003,NaN,NaN,NaN,10.896,16.078,6.0421,NaN,NaN,NaN,4.2513,7.463,NaN,NaN,NaN,NaN,6.3773,NaN,9.1091,7.3726,NaN,4.1275,12.032,6.8818,1.4659,1.9636,1.2514,NaN,NaN,NaN,4.8258,NaN,NaN,NaN,NaN,3.6734,NaN,2.9976,NaN,7.0692,NaN,NaN,70.916,NaN,NaN,NaN,NaN,NaN,NaN,2.3243,NaN,NaN,NaN,8.201,2.8078,NaN,NaN,NaN,8.9446,3.7726,NaN,NaN,6.0421,NaN,7.3288,5.824,NaN,10.937,3.5077,NaN,1.6921,3.382
2.9327,4.7663,4.1855,NaN,1.5984,5.3179,4.5129,10.645,NaN,11.094,7.5123,3.7512,NaN,3.0254,3.9412,NaN,NaN,7.2856,NaN,7.5464,NaN,6.4903,NaN,0.82043,5.1549,9.3372,6.3647,NaN,3.0978,NaN,NaN,NaN,29.699,3.0492,4.7275,NaN,NaN,NaN,13.27,3.7562,NaN,NaN,NaN,NaN,18.032,NaN,9.916,6.143,NaN,6.6904,9.9211,7.764,1.777,2.6062,3.2937,NaN,NaN,NaN,7.5921,NaN,NaN,NaN,NaN,0.55973,NaN,3.5056,NaN,7.8684,NaN,NaN,10.214,NaN,NaN,NaN,NaN,NaN,NaN,2.4979,NaN,NaN,NaN,2.7421,6.5415,NaN,NaN,NaN,9.8272,10.325,NaN,NaN,6.348,NaN,1.8593,3.1616,NaN,7.2575,4.2148,NaN,4.0325,2.0704
3.1129,11.031,5.3957,NaN,1.6702,8.9197,4.8971,4.1525,NaN,4.8307,6.5419,4.3155,NaN,1.43,1.4028,NaN,NaN,5.3138,NaN,7.9346,NaN,12.461,NaN,3.7772,5.7303,6.3744,14.387,NaN,3.7342,NaN,NaN,NaN,0.56306,4.3001,6.807,NaN,NaN,NaN,15.913,3.9254,NaN,NaN,NaN,NaN,7.1842,NaN,6.3957,9.4331,NaN,11.503,9.07,9.7477,0.19571,5.972,11.936,NaN,NaN,NaN,10.786,NaN,NaN,NaN,NaN,3.5011,NaN,4.9391,NaN,13.506,NaN,NaN,7.8109,NaN,NaN,NaN,NaN,NaN,NaN,5.6005,NaN,NaN,NaN,6.0076,4.1687,NaN,NaN,NaN,0.82007,5.4671,NaN,NaN,2.9242,NaN,3.9038,3.7404,NaN,2.0958,5.043,NaN,3.5886,2.8728
8.0373,1.6643,2.536,NaN,3.4615,0.70376,3.9452,3.7677,NaN,1.9332,4.9598,3.1885,NaN,2.8442,4.8376,NaN,NaN,4.2112,NaN,5.5027,NaN,10.583,NaN,1.5682,4.3908,4.0054,8.6422,NaN,2.4366,NaN,NaN,NaN,4.3142,4.7763,1.1489,NaN,NaN,NaN,10.454,2.5776,NaN,NaN,NaN,NaN,4.0861,NaN,11.924,10.795,NaN,20.773,9.1068,2.1655,1.5239,4.1041,2.1848,NaN,NaN,NaN,17.757,NaN,NaN,NaN,NaN,2.1459,NaN,1.8908,NaN,6.6605,NaN,NaN,1.8267,NaN,NaN,NaN,NaN,NaN,NaN,0.43626,NaN,NaN,NaN,8.2204,2.9754,NaN,NaN,NaN,3.3297,1.6551,NaN,NaN,2.9389,NaN,2.7008,6.7586,NaN,1.4288,3.8413,NaN,6.5074,13.093
22.642,33.896,12.062,NaN,10.915,21.037,9.4414,17.422,NaN,17.948,13.283,10.085,NaN,17.653,45.359,NaN,NaN,14.56,NaN,14.994,NaN,15.562,NaN,7.3389,14.163,17.367,21.151,NaN,6.7842,NaN,NaN,NaN,20.598,21.049,16.818,NaN,NaN,NaN,14.609,21.25,NaN,NaN,NaN,NaN,14.429,NaN,13.508,19.091,NaN,18.598,18.901,22.201,26.956,25.121,8.9186,NaN,NaN,NaN,12.165,NaN,NaN,NaN,NaN,11.095,NaN,24.509,NaN,18.641,NaN,NaN,23.137,NaN,NaN,NaN,NaN,NaN,NaN,15.953,NaN,NaN,NaN,11.576,12.974,NaN,NaN,NaN,8.3706,11.687,NaN,NaN,12.128,NaN,12.979,16.026,NaN,15.645,27.786,NaN,21.004,25.753
3.4851,8.9052,7.2305,NaN,3.1441,7.7046,4.8348,3.7894,NaN,6.5697,4.2352,7.8988,NaN,3.4081,5.2097,NaN,NaN,5.4283,NaN,5.0514,NaN,11.341,NaN,13.676,22.552,2.3508,5.283,NaN,3.2951,NaN,NaN,NaN,14.784,7.8146,6.8977,NaN,NaN,NaN,8.3172,3.5312,NaN,NaN,NaN,NaN,8.546,NaN,9.4315,13.247,NaN,6.9881,3.4537,9.3987,15.432,2.7062,3.5445,NaN,NaN,NaN,9.9935,NaN,NaN,NaN,NaN,2.329,NaN,6.2636,NaN,6.5016,NaN,NaN,8.9327,NaN,NaN,NaN,NaN,NaN,NaN,9.7146,NaN,NaN,NaN,23.317,2.6588,NaN,NaN,NaN,7.689,6.0051,NaN,NaN,6.1166,NaN,7.7118,6.5545,NaN,3.0076,13.328,NaN,2.757,5.2792
6.5448,5.6251,3.4585,NaN,13.101,4.3668,2.2163,3.3563,NaN,5.7039,25.126,1.2996,NaN,2.0832,4.0364,NaN,NaN,1.2968,NaN,10.35,NaN,10.387,NaN,4.6098,7.6348,14.676,1.9378,NaN,1.9979,NaN,NaN,NaN,7.8757,9.9651,7.3533,NaN,NaN,NaN,7.6063,9.8277,NaN,NaN,NaN,NaN,5.473,NaN,14.349,9.8989,NaN,10.748,3.1562,7.8214,2.4448,5.088,13.397,NaN,NaN,NaN,17.667,NaN,NaN,NaN,NaN,4.4074,NaN,7.9025,NaN,3.8888,NaN,NaN,11.029,NaN,NaN,NaN,NaN,NaN,NaN,5.9783,NaN,NaN,NaN,7.0184,3.6123,NaN,NaN,NaN,4.383,6.9134,NaN,NaN,1.9987,NaN,4.748,2.9952,NaN,7.6815,7.1837,NaN,1.0601,13.584
5.4583,16.074,4.8166,NaN,3.8447,7.4072,2.3307,5.5617,NaN,5.4417,13.691,2.4194,NaN,1.3334,3.1732,NaN,NaN,2.1517,NaN,10.399,NaN,9.9828,NaN,6.5946,10.557,17.713,7.933,NaN,3.4716,NaN,NaN,NaN,5.0001,7.8101,12.565,NaN,NaN,NaN,14.408,4.6829,NaN,NaN,NaN,NaN,5.38,NaN,7.4317,9.3151,NaN,10.221,4.9954,9.7732,1.779,5.0599,6.2032,NaN,NaN,NaN,16.137,NaN,NaN,NaN,NaN,10.739,NaN,7.3234,NaN,5.0001,NaN,NaN,15.344,NaN,NaN,NaN,NaN,NaN,NaN,7.6704,NaN,NaN,NaN,4.0906,3.891,NaN,NaN,NaN,3.5292,7.8586,NaN,NaN,2.6801,NaN,2.9398,11.4,NaN,4.9935,4.9726,NaN,15.278,13.228
4.6701,12.197,5.107,NaN,1.9773,5.0364,6.7516,7.0217,NaN,9.6958,3.8287,3.3168,NaN,1.2779,0.72154,NaN,NaN,2.2113,NaN,5.1317,NaN,4.1466,NaN,10.549,8.4977,19.133,13.464,NaN,3.5037,NaN,NaN,NaN,5.4618,5.3099,9.7182,NaN,NaN,NaN,9.218,3.3486,NaN,NaN,NaN,NaN,4.397,NaN,7.6103,7.1029,NaN,18.032,3.4385,14.187,1.9908,4.3058,0.99879,NaN,NaN,NaN,5.3747,NaN,NaN,NaN,NaN,10.703,NaN,5.1084,NaN,9.5222,NaN,NaN,12.59,NaN,NaN,NaN,NaN,NaN,NaN,21.426,NaN,NaN,NaN,3.7632,9.9069,NaN,NaN,NaN,11.071,14.333,NaN,NaN,7.3624,NaN,4.0827,13.843,NaN,5.3815,9.4121,NaN,11.919,6.8982
8.8,18.481,6.5104,NaN,17.807,6.8956,12.783,6.1769,NaN,5.1826,12.25,4.0475,NaN,4.7442,2.4056,NaN,NaN,2.6744,NaN,9.1793,NaN,16.92,NaN,10.216,11.641,18.007,31.712,NaN,3.4358,NaN,NaN,NaN,7.9376,19.379,6.2743,NaN,NaN,NaN,11.101,5.3644,NaN,NaN,NaN,NaN,4.6609,NaN,6.3391,9.3189,NaN,18.581,4.7187,8.6532,4.4168,6.0868,9.1944,NaN,NaN,NaN,3.8272,NaN,NaN,NaN,NaN,6.0054,NaN,7.5778,NaN,7.3111,NaN,NaN,11.651,NaN,NaN,NaN,NaN,NaN,NaN,8.3925,NaN,NaN,NaN,8.2422,6.3387,NaN,NaN,NaN,12.189,6.6163,NaN,NaN,4.8425,NaN,13.009,10.715,NaN,1.9033,16.022,NaN,5.355,10.866
12.083,29.264,7.4082,NaN,7.6391,13.032,3.1137,6.7035,NaN,5.7683,12.513,5.7658,NaN,5.3089,12.488,NaN,NaN,3.4959,NaN,14.834,NaN,26.841,NaN,7.6932,28.032,18.565,15.634,NaN,3.3611,NaN,NaN,NaN,7.4027,10.222,12.043,NaN,NaN,NaN,14.111,6.8509,NaN,NaN,NaN,NaN,10.474,NaN,8.7052,11.293,NaN,13.898,7.7956,6.6649,4.4146,2.4391,8.7071,NaN,NaN,NaN,13.15,NaN,NaN,NaN,NaN,7.9139,NaN,9.2389,NaN,6.1193,NaN,NaN,14.956,NaN,NaN,NaN,NaN,NaN,NaN,5.6481,NaN,NaN,NaN,6.3609,9.3808,NaN,NaN,NaN,9.3369,10.148,NaN,NaN,4.3403,NaN,9.4991,15.997,NaN,3.2194,8.7874,NaN,5.2396,11.188
26.38,12.231,9.9312,NaN,2.3945,10.001,0.38306,6.7045,NaN,3.8738,39.536,6.2849,NaN,10.036,16.884,NaN,NaN,6.0801,NaN,9.353,NaN,13.242,NaN,7.9819,25.087,6.8174,15.39,NaN,3.7509,NaN,NaN,NaN,5.1349,3.576,16.125,NaN,NaN,NaN,11.263,7.4948,NaN,NaN,NaN,NaN,4.5282,NaN,9.8028,13.324,NaN,8.3191,8.5941,5.9772,10.551,4.6005,6.5133,NaN,NaN,NaN,28.026,NaN,NaN,NaN,NaN,20.613,NaN,6.3196,NaN,7.7216,NaN,NaN,25.068,NaN,NaN,NaN,NaN,NaN,NaN,4.755,NaN,NaN,NaN,8.9368,4.1443,NaN,NaN,NaN,0.84739,11.239,NaN,NaN,5.7578,NaN,7.8141,9.978,NaN,5.2339,6.6853,NaN,4.2921,7.6132
8.7427,8.8192,5.7535,NaN,1.6269,5.3164,0.60739,8.8838,NaN,2.1357,9.9806,8.129,NaN,10.468,12.309,NaN,NaN,14.502,NaN,2.2247,NaN,4.9834,NaN,9.0305,11.997,3.0932,11.785,NaN,4.5182,NaN,NaN,NaN,4.0308,2.2153,10.466,NaN,NaN,NaN,9.9542,4.8155,NaN,NaN,NaN,NaN,0.76387,NaN,10.127,6.8591,NaN,4.7909,8.232,4.1942,7.8578,6.3659,2.7506,NaN,NaN,NaN,10.592,NaN,NaN,NaN,NaN,4.6872,NaN,3.058,NaN,11.293,NaN,NaN,19.405,NaN,NaN,NaN,NaN,NaN,NaN,4.8242,NaN,NaN,NaN,4.904,1.6329,NaN,NaN,NaN,2.4478,7.559,NaN,NaN,5.461,NaN,8.1026,11.344,NaN,5.1032,6.6631,NaN,3.8946,3.0524
6.5801,9.7063,3.2493,NaN,2.4227,3.321,5.0042,10.559,NaN,3.5563,7.2158,7.1716,NaN,5.6217,10.682,NaN,NaN,8.4135,NaN,1.1406,NaN,2.8445,NaN,9.1459,10.591,3.3692,9.0065,NaN,11.049,NaN,NaN,NaN,3.026,1.5114,3.626,NaN,NaN,NaN,10.079,0.73,NaN,NaN,NaN,NaN,1.3717,NaN,11.082,4.5004,NaN,6.6986,10.326,3.3425,7.4875,6.8033,1.1812,NaN,NaN,NaN,4.081,NaN,NaN,NaN,NaN,6.0607,NaN,2.3393,NaN,6.468,NaN,NaN,3.4208,NaN,NaN,NaN,NaN,NaN,NaN,4.4178,NaN,NaN,NaN,2.226,1.5522,NaN,NaN,NaN,6.6636,7.9146,NaN,NaN,4.9613,NaN,11.008,24.548,NaN,7.1862,5.7553,NaN,3.5937,1.6461
8.1388,7.4658,1.6533,NaN,0.60921,1.3703,3.5492,4.0607,NaN,0.79488,15.514,3.1514,NaN,8.5354,7.3449,NaN,NaN,9.7741,NaN,6.3524,NaN,1.1191,NaN,6.2102,1.8832,2.5229,4.3698,NaN,2.0953,NaN,NaN,NaN,1.7954,1.7091,2.3497,NaN,NaN,NaN,2.0749,4.3782,NaN,NaN,NaN,NaN,2.3636,NaN,7.3321,5.3855,NaN,5.507,6.9851,3.036,2.7831,4.9959,0.76557,NaN,NaN,NaN,5.6277,NaN,NaN,NaN,NaN,3.4219,NaN,2.4047,NaN,11.172,NaN,NaN,21.752,NaN,NaN,NaN,NaN,NaN,NaN,4.5319,NaN,NaN,NaN,3.38,0.59542,NaN,NaN,NaN,2.7797,9.5179,NaN,NaN,7.1337,NaN,3.385,13.948,NaN,4.1467,1.5173,NaN,2.0622,1.8378
6.9094,9.3924,2.3783,NaN,1.8909,1.1484,6.2182,7.8488,NaN,3.3023,6.8056,2.2446,NaN,1.119,4.6,NaN,NaN,3.539,NaN,15.46,NaN,2.2486,NaN,1.8481,3.7778,4.583,2.3485,NaN,4.3143,NaN,NaN,NaN,0.49498,3.5351,6.7176,NaN,NaN,NaN,4.1271,3.6818,NaN,NaN,NaN,NaN,2.2845,NaN,2.4545,9.4564,NaN,5.51,3.0807,2.3299,1.4404,2.9737,3.1723,NaN,NaN,NaN,8.7872,NaN,NaN,NaN,NaN,3.824,NaN,3.2521,NaN,9.4215,NaN,NaN,22.708,NaN,NaN,NaN,NaN,NaN,NaN,1.5845,NaN,NaN,NaN,7.6083,0.76574,NaN,NaN,NaN,4.2326,18.606,NaN,NaN,6.8192,NaN,9.8202,10.828,NaN,6.428,1.4249,NaN,1.6667,4.1688
5.1663,30.083,7.3035,NaN,3.2976,5.9788,2.0585,19.615,NaN,5.6239,3.1014,7.248,NaN,5.4384,12.444,NaN,NaN,8.4395,NaN,27.23,NaN,9.3795,NaN,7.6505,13.022,6.4305,18.656,NaN,10.02,NaN,NaN,NaN,10.437,11.72,32.849,NaN,NaN,NaN,10.611,18.467,NaN,NaN,NaN,NaN,9.076,NaN,4.8002,5.5784,NaN,11.836,15.384,19.429,8.453,11.136,11.914,NaN,NaN,NaN,14.833,NaN,NaN,NaN,NaN,8.074,NaN,15.707,NaN,19.896,NaN,NaN,11.864,NaN,NaN,NaN,NaN,NaN,NaN,15.353,NaN,NaN,NaN,6.0692,4.88,NaN,NaN,NaN,5.6033,6.4743,NaN,NaN,8.9415,NaN,13.173,16.179,NaN,4.0208,5.5502,NaN,6.4864,12.835
