4.8664,7.4534,NaN,3.5019,NaN,NaN,10.909,NaN,4.8343,5.9497,9.8997,NaN,7.7349,NaN,4.1267,NaN,4.1778,12.012,NaN,NaN,4.7219,13.296,NaN,NaN,5.0004,4.4752,NaN,NaN,NaN,3.4959,6.2959,NaN,5.2424,NaN,7.2783,1.3505,11.787,NaN,NaN,NaN,22.303,9.4743,NaN,11.664,NaN,NaN,3.2913,2.4477,5.0059,NaN,15.019,NaN,3.0882,17.071,11.185,6.3342,NaN,10.997,NaN,NaN,5.17,2.4182,NaN,14.352,NaN,1.1736,NaN,13.741,3.0691,5.3578,4.4113,6.0933,NaN,2.6572,16.451,2.9616,6.0032,12.521,2.2478,NaN,5.1853,7.1888,NaN,3.2255,NaN,NaN,11.039,25.434,5.5273,NaN,17.839,6.4035,NaN,7.9725,NaN,8.1078,3.1464,11.789,11.845,NaN
2.975,4.0341,NaN,12.826,NaN,NaN,14.045,NaN,3.649,14.347,0.65044,NaN,12.352,NaN,6.7483,NaN,5.8276,4.9185,NaN,NaN,5.3215,9.2574,NaN,NaN,7.028,3.9073,NaN,NaN,NaN,7.951,7.0561,NaN,7.7253,NaN,7.9488,11.752,6.1802,NaN,NaN,NaN,7.1952,5.2742,NaN,7.3983,NaN,NaN,13.486,4.0003,5.7843,NaN,1.3636,NaN,1.4798,6.5201,16.697,12.853,NaN,7.2403,NaN,NaN,13.856,5.2417,NaN,30.936,NaN,7.2833,NaN,31.071,4.5747,5.541,5.195,4.6723,NaN,7.5851,14.671,1.5067,1.8897,14.194,7.2515,NaN,2.6727,1.5073,NaN,3.9848,NaN,NaN,4.157,10.465,3.2732,NaN,14.193,10.33,NaN,8.8519,NaN,6.0189,1.0237,7.1489,10.218,NaN
16.232,29.821,NaN,6.7556,NaN,NaN,10.117,NaN,4.4343,9.1037,2.1793,NaN,3.0971,NaN,1.8426,NaN,8.5668,35.576,NaN,NaN,8.0907,8.6626,NaN,NaN,9.0124,3.4682,NaN,NaN,NaN,4.9983,7.7993,NaN,5.966,NaN,9.855,4.8191,12.339,NaN,NaN,NaN,18.534,8.9719,NaN,7.3298,NaN,NaN,10.152,4.8007,9.2339,NaN,21.524,NaN,2.2476,10.349,10.946,8.7009,NaN,1.2872,NaN,NaN,7.6394,5.7858,NaN,5.2358,NaN,8.9032,NaN,16.423,2.0595,6.9477,7.2312,4.7641,NaN,3.9815,15.939,0.87105,10.824,13.898,3.8156,NaN,7.5641,8.2799,NaN,8.6569,NaN,NaN,6.7468,8.0069,1.8981,NaN,18.003,14.9,NaN,5.1345,NaN,12.859,3.7551,7.5476,8.4657,NaN
9.8168,3.0748,NaN,14.831,NaN,NaN,4.3601,NaN,8.4667,6.4613,6.8707,NaN,6.098,NaN,12.658,NaN,9.3574,11.091,NaN,NaN,8.566,6.7857,NaN,NaN,4.3055,3.662,NaN,NaN,NaN,6.7703,9.5964,NaN,10.551,NaN,6.2026,5.5442,6.0412,NaN,NaN,NaN,7.1585,7.6756,NaN,8.78,NaN,NaN,2.115,4.8028,13.833,NaN,6.256,NaN,6.3778,1.2845,8.5514,28.425,NaN,9.7023,NaN,NaN,11.828,5.0771,NaN,7.2811,NaN,12.297,NaN,0.51672,8.432,1.8366,1.4613,5.1128,NaN,4.2506,8.9689,5.0383,9.6337,7.6381,17.435,NaN,3.6201,8.7674,NaN,8.3376,NaN,NaN,8.7025,2.8396,4.4862,NaN,10.474,5.3371,NaN,2.6166,NaN,11.743,26.008,11.395,5.8742,NaN
18.876,2.6733,NaN,47.917,NaN,NaN,18.72,NaN,2.6816,10.82,5.6028,NaN,4.3108,NaN,5.3345,NaN,6.3754,12.574,NaN,NaN,8.1389,13.266,NaN,NaN,12.733,5.0813,NaN,NaN,NaN,3.5895,10.264,NaN,5.652,NaN,11.196,3.9778,4.8454,NaN,NaN,NaN,6.8639,8.4874,NaN,7.7066,NaN,NaN,9.5718,5.6114,11.715,NaN,20.556,NaN,4.447,7.8536,9.5086,10.836,NaN,4.0864,NaN,NaN,6.0333,9.3851,NaN,18.152,NaN,12.334,NaN,9.8166,0.74718,3.7804,23.36,3.668,NaN,10.041,18.626,4.2269,8.2983,4.8213,7.8438,NaN,6.5277,30.831,NaN,5.0525,NaN,NaN,2.4911,5.3226,5.111,NaN,7.1497,13.673,NaN,3.1112,NaN,9.8833,12.374,3.5075,10.006,NaN
3.0859,5.1092,NaN,11.038,NaN,NaN,12.767,NaN,5.1676,13.318,3.3213,NaN,8.6505,NaN,2.107,NaN,4.5554,4.6879,NaN,NaN,8.5456,8.3471,NaN,NaN,7.1326,6.7515,NaN,NaN,NaN,3.1587,9.6979,NaN,8.4763,NaN,10.688,7.7834,4.9177,NaN,NaN,NaN,5.0676,2.122,NaN,7.3504,NaN,NaN,20.982,4.1387,3.7505,NaN,7.5738,NaN,3.8475,0.86648,6.3113,13.934,NaN,1.3864,NaN,NaN,10.417,9.2404,NaN,20.283,NaN,3.953,NaN,9.8518,9.4662,8.6423,8.358,8.8191,NaN,12.438,12.023,2.6151,3.2627,6.1423,6.817,NaN,5.2141,8.7806,NaN,1.9011,NaN,NaN,4.992,5.9717,0.95968,NaN,4.673,16.381,NaN,2.5755,NaN,4.8235,6.9069,4.8256,9.3121,NaN
2.2515,1.4631,NaN,10.59,NaN,NaN,10.658,NaN,11.899,10.611,4.4454,NaN,13.57,NaN,3.3295,NaN,4.7959,18.929,NaN,NaN,7.4614,13.376,NaN,NaN,2.4126,5.9173,NaN,NaN,NaN,12.769,7.575,NaN,6.8381,NaN,2.0967,12.866,2.7233,NaN,NaN,NaN,1.7154,7.1474,NaN,8.8572,NaN,NaN,7.2346,13.942,1.739,NaN,1.1119,NaN,3.8351,4.1906,5.4652,13.057,NaN,4.3986,NaN,NaN,12.835,12.668,NaN,13.182,NaN,13.542,NaN,3.8921,12.773,7.8728,4.5515,4.461,NaN,6.5749,2.3048,1.4308,2.6262,2.1144,16.129,NaN,7.0438,8.7693,NaN,10.794,NaN,NaN,0.77023,5.5386,10.464,NaN,6.6272,6.4428,NaN,5.2117,NaN,12.034,2.7604,17.423,1.9169,NaN
4.3302,2.4175,NaN,2.9484,NaN,NaN,2.907,NaN,14.899,9.9464,6.2071,NaN,11.728,NaN,5.2852,NaN,6.5553,19.108,NaN,NaN,23.967,15.589,NaN,NaN,3.1062,10.804,NaN,NaN,NaN,11.586,7.66,NaN,5.501,NaN,11.601,5.2592,6.6065,NaN,NaN,NaN,4.6566,13.374,NaN,3.7666,NaN,NaN,16.669,9.5641,6.9112,NaN,6.9735,NaN,3.8375,11.438,12.64,9.7464,NaN,3.3129,NaN,NaN,4.6483,8.9952,NaN,7.1676,NaN,7.2323,NaN,10.698,7.0833,6.3066,4.8942,6.5714,NaN,5.9201,12.918,7.1336,4.2284,5.8811,12.113,NaN,8.7195,8.5746,NaN,7.574,NaN,NaN,3.3166,6.6729,14.594,NaN,12.941,1.0845,NaN,6.1976,NaN,11.659,2.8254,6.9936,5.8034,NaN
6.0742,2.1959,NaN,4.3471,NaN,NaN,10.12,NaN,3.8521,2.5726,6.3949,NaN,4.4363,NaN,2.732,NaN,2.4696,7.9019,NaN,NaN,13.657,3.1743,NaN,NaN,1.441,10.664,NaN,NaN,NaN,1.8045,10.958,NaN,1.7784,NaN,5.2455,11.621,5.0546,NaN,NaN,NaN,5.6926,7.2928,NaN,4.0345,NaN,NaN,8.7902,2.8045,11.509,NaN,10.104,NaN,6.1416,3.7133,32.922,13.399,NaN,15.442,NaN,NaN,2.0533,12.03,NaN,3.4692,NaN,6.3942,NaN,14.928,8.8328,13.606,8.0959,23.514,NaN,10.343,6.9286,3.6372,1.5875,11.08,7.7476,NaN,9.012,7.2053,NaN,5.3423,NaN,NaN,8.921,11.061,6.8162,NaN,10.381,14.678,NaN,4.9954,NaN,4.507,8.1081,17.537,6.2297,NaN
6.6896,4.4184,NaN,3.8476,NaN,NaN,12.463,NaN,2.4886,3.1166,10.747,NaN,8.8972,NaN,8.0027,NaN,2.1589,4.7836,NaN,NaN,8.7217,4.489,NaN,NaN,17.073,12.096,NaN,NaN,NaN,1.2294,26.913,NaN,10.806,NaN,5.8003,3.7868,3.7836,NaN,NaN,NaN,8.2419,8.3084,NaN,8.5556,NaN,NaN,17.43,23.169,1.7842,NaN,8.3922,NaN,11.431,4.1032,5.2173,9.8153,NaN,8.3993,NaN,NaN,1.4418,17.649,NaN,8.1775,NaN,3.2259,NaN,7.2294,6.0031,11.16,14.652,6.5687,NaN,5.1317,11.737,8.1239,4.1853,11.006,23.491,NaN,4.2838,10.706,NaN,3.272,NaN,NaN,10.035,4.2616,4.8823,NaN,14.052,15.105,NaN,11.652,NaN,8.6172,12.707,9.0546,7.7822,NaN
6.2368,13.133,NaN,5.2702,NaN,NaN,6.8802,NaN,6.2583,7.5914,6.7786,NaN,11.528,NaN,5.9761,NaN,9.4995,12.205,NaN,NaN,8.711,10.419,NaN,NaN,11.733,4.9659,NaN,NaN,NaN,7.8104,8.1119,NaN,6.3128,NaN,17.166,3.001,17.79,NaN,NaN,NaN,4.2501,4.3795,NaN,7.9155,NaN,NaN,12.908,7.5482,10.914,NaN,17.754,NaN,5.9221,2.1821,14.335,25.472,NaN,6.3121,NaN,NaN,2.7887,3.1481,NaN,5.7343,NaN,3.9137,NaN,9.196,5.5921,15.53,10.902,8.4703,NaN,1.3654,7.6906,11.049,10.167,5.172,11.953,NaN,1.8749,11.967,NaN,4.1924,NaN,NaN,12.406,3.6496,6.7364,NaN,4.6072,4.3578,NaN,5.2089,NaN,13.152,8.1903,7.9016,2.161,NaN
6.1233,5.0362,NaN,8.3737,NaN,NaN,7.7041,NaN,5.6514,24.894,43.565,NaN,8.7054,NaN,4.6854,NaN,11.351,8.9938,NaN,NaN,2.5768,7.4357,NaN,NaN,7.7746,9.9332,NaN,NaN,NaN,7.8321,8.4284,NaN,4.087,NaN,5.3196,3.8373,20.565,NaN,NaN,NaN,13.407,4.7211,NaN,10.166,NaN,NaN,8.3612,7.5291,1.347,NaN,14.18,NaN,4.9302,9.1103,18.032,17.621,NaN,19.2,NaN,NaN,2.8402,8.5445,NaN,30.86,NaN,0.18499,NaN,2.7357,2.1712,8.7229,6.3812,11.378,NaN,4.6863,19.538,5.5681,2.3576,9.1488,12.995,NaN,12.266,8.0733,NaN,5.1198,NaN,NaN,7.4006,16.558,8.1065,NaN,11.121,6.2064,NaN,3.2067,NaN,4.3934,9.9093,3.8827,5.9204,NaN
3.469,12.199,NaN,13.224,NaN,NaN,13.422,NaN,1.9952,17.033,6.5831,NaN,10.565,NaN,7.4633,NaN,6.7944,6.8627,NaN,NaN,5.7236,2.3142,NaN,NaN,11.119,13.63,NaN,NaN,NaN,9.8067,32.862,NaN,2.4213,NaN,2.0365,3.8682,2.7791,NaN,NaN,NaN,18.539,15.598,NaN,6.1968,NaN,NaN,8.5902,10.125,4.6717,NaN,5.475,NaN,13.662,27.131,6.4973,7.398,NaN,6.6966,NaN,NaN,5.8696,8.7299,NaN,14.752,NaN,8.0295,NaN,0.73948,9.5832,6.4343,10.994,7.7014,NaN,3.9329,11.238,2.6438,3.5212,16.116,7.0152,NaN,12.034,5.0299,NaN,9.6328,NaN,NaN,6.7603,4.5472,5.3869,NaN,25.56,7.1214,NaN,13.827,NaN,8.0011,20.436,61.4,11.07,NaN
9.6342,6.5304,NaN,17.899,NaN,NaN,9.0979,NaN,4.2441,12.662,7.9693,NaN,11.594,NaN,5.1724,NaN,6.1701,11.323,NaN,NaN,6.8624,4.1326,NaN,NaN,11.005,12.261,NaN,NaN,NaN,3.6844,15.284,NaN,7.5287,NaN,6.3422,0.57319,10.542,NaN,NaN,NaN,0.51132,12.441,NaN,1.3309,NaN,NaN,6.8467,1.4797,12.435,NaN,10.009,NaN,14.07,2.4903,8.3332,9.1699,NaN,18.211,NaN,NaN,10.727,7.2749,NaN,8.8248,NaN,6.4816,NaN,11.93,7.8228,11.005,17.808,19.071,NaN,2.5499,6.6297,2.5477,5.9653,15.296,4.027,NaN,8.3335,4.3961,NaN,8.9398,NaN,NaN,15.534,3.8861,35.003,NaN,11.647,8.4845,NaN,15.586,NaN,2.9639,6.3539,13.89,1.364,NaN
5.8987,11.621,NaN,7.1021,NaN,NaN,16.123,NaN,14.637,3.8198,3.5392,NaN,17.632,NaN,7.6506,NaN,11.709,23.53,NaN,NaN,4.9212,24.699,NaN,NaN,14.433,2.2618,NaN,NaN,NaN,6.4638,7.4784,NaN,1.4703,NaN,19.8,14.091,19.077,NaN,NaN,NaN,11.93,14.51,NaN,4.0744,NaN,NaN,9.2841,19.328,5.4619,NaN,8.5035,NaN,12.384,17.376,5.8071,24.21,NaN,24.878,NaN,NaN,14.146,8.0745,NaN,7.3426,NaN,23.272,NaN,8.5072,16.932,13.016,12.138,32.615,NaN,29.353,12.413,17.646,16.254,17.977,3.4848,NaN,9.3809,10.794,NaN,25.036,NaN,NaN,10.404,9.5862,28.146,NaN,10.25,18.534,NaN,6.7965,NaN,6.5267,19.885,6.8408,9.3355,NaN
7.6233,5.5277,NaN,7.789,NaN,NaN,1.9716,NaN,9.5252,7.0988,7.1782,NaN,9.4834,NaN,4.7431,NaN,3.3291,11.638,NaN,NaN,4.8226,4.0571,NaN,NaN,20.563,25.743,NaN,NaN,NaN,4.8231,13.363,NaN,10.342,NaN,5.6857,20.225,2.3521,NaN,NaN,NaN,4.1843,7.7728,NaN,1.6772,NaN,NaN,7.296,10.545,11.758,NaN,9.306,NaN,7.7115,5.8789,11.2,13.928,NaN,3.1622,NaN,NaN,14.724,13.293,NaN,14.035,NaN,16.491,NaN,25.076,9.9311,24.507,7.3255,43.416,NaN,2.9322,18.265,13.419,2.2798,13.324,7.6357,NaN,2.8266,11.063,NaN,7.3684,NaN,NaN,6.5147,9.0318,2.3003,NaN,8.2666,2.4906,NaN,1.9743,NaN,8.7065,4.3471,7.1542,2.2963,NaN
4.1088,3.5545,NaN,7.8023,NaN,NaN,3.9602,NaN,0.53538,11.842,4.9275,NaN,5.3217,NaN,6.6941,NaN,6.6834,9.0621,NaN,NaN,7.8814,18.947,NaN,NaN,18.17,13.493,NaN,NaN,NaN,5.1354,2.3771,NaN,6.5049,NaN,5.257,4.9128,6.3476,NaN,NaN,NaN,7.6982,9.5957,NaN,3.7982,NaN,NaN,9.0672,7.4741,5.0405,NaN,22.678,NaN,21.198,5.5874,1.7898,19.158,NaN,1.7667,NaN,NaN,13.211,14.723,NaN,8.3892,NaN,11.66,NaN,13.222,14.044,5.1748,12.058,2.3225,NaN,5.0026,5.339,7.7516,11.905,7.1382,5.7559,NaN,9.3561,14.323,NaN,25.889,NaN,NaN,6.575,2.9577,9.6605,NaN,8.9633,8.7471,NaN,2.7765,NaN,2.0116,13.315,7.0316,0.37116,NaN
10.452,9.2241,NaN,10.5,NaN,NaN,4.2888,NaN,7.2381,6.2918,3.999,NaN,10.348,NaN,11.386,NaN,10.867,6.722,NaN,NaN,16.187,11.062,NaN,NaN,5.8011,9.9441,NaN,NaN,NaN,5.9993,20.801,NaN,10.006,NaN,9.2837,2.5061,4.731,NaN,NaN,NaN,13.485,8.9629,NaN,5.4121,NaN,NaN,12.949,11.461,8.9486,NaN,7.1393,NaN,13.858,15.349,10.431,24.745,NaN,7.0956,NaN,NaN,5.9503,2.5586,NaN,0.88409,NaN,13.447,NaN,8.5808,14.198,3.7566,7.4524,11.325,NaN,1.3159,11.04,1.9256,10.68,10.34,6.0152,NaN,6.5211,12.534,NaN,31.108,NaN,NaN,5.1272,2.844,4.6587,NaN,10.929,5.1732,NaN,7.7502,NaN,5.7163,14.856,9.3788,14.776,NaN
9.3413,5.2639,NaN,5.29,NaN,NaN,9.0168,NaN,6.8564,9.196,1.6065,NaN,7.5787,NaN,8.0123,NaN,12.59,6.7689,NaN,NaN,6.3459,9.9032,NaN,NaN,8.8452,11.844,NaN,NaN,NaN,17.545,9.7969,NaN,6.0523,NaN,6.0348,4.3506,9.0806,NaN,NaN,NaN,11.276,14.098,NaN,7.4258,NaN,NaN,14.672,9.3486,7.9551,NaN,4.4051,NaN,5.0582,25.524,17.573,15.692,NaN,13.624,NaN,NaN,6.4886,11.694,NaN,5.2096,NaN,15.544,NaN,4.573,9.9113,6.8657,6.9292,49.066,NaN,14.331,4.6063,6.902,2.2558,9.3508,8.2035,NaN,8.2353,14.068,NaN,8.2069,NaN,NaN,4.3688,36.713,25.652,NaN,1.2658,6.591,NaN,10.254,NaN,5.864,27.08,9.587,4.3258,NaN
11.516,5.9275,NaN,11.264,NaN,NaN,8.9684,NaN,10.835,17.361,12.58,NaN,14.424,NaN,14.986,NaN,9.6557,8.5616,NaN,NaN,10.97,10.921,NaN,NaN,17.07,10.078,NaN,NaN,NaN,7.4083,13.898,NaN,4.8771,NaN,12.345,6.6442,24.018,NaN,NaN,NaN,24.646,5.6325,NaN,10.317,NaN,NaN,9.0191,8.9474,11.851,NaN,0.74474,NaN,15.012,64.389,25.026,2.2785,NaN,9.3229,NaN,NaN,9.8087,18.62,NaN,18.947,NaN,10.495,NaN,2.6971,13.852,8.4129,8.5474,26.001,NaN,5.0732,17.075,6.3463,7.6,13.263,8.3537,NaN,22.243,6.0127,NaN,10.638,NaN,NaN,2.4334,6.0491,10.947,NaN,8.2651,9.9022,NaN,16.644,NaN,9.602,7.617,11.697,7.0126,NaN
1.5147,7.6827,NaN,15.408,NaN,NaN,88.784,NaN,20.331,9.084,15.527,NaN,8.0806,NaN,19.509,NaN,18.519,3.4707,NaN,NaN,11.109,20.497,NaN,NaN,28.735,14.935,NaN,NaN,NaN,9.3335,13.484,NaN,15.119,NaN,20.86,8.5124,28.089,NaN,NaN,NaN,13.572,12.927,NaN,9.013,NaN,NaN,6.3302,12.187,26.585,NaN,17.465,NaN,17.3,14.199,24.203,14.697,NaN,14.373,NaN,NaN,9.1243,20.406,NaN,16.17,NaN,16.362,NaN,6.9677,13.287,3.973,15.183,48.754,NaN,6.8338,12.33,3.6584,16.377,26.235,10.786,NaN,19.953,13.244,NaN,14.493,NaN,NaN,23.354,7.6703,5.0224,NaN,4.2657,8.7405,NaN,17.635,NaN,9.2978,9.5315,12.62,19.325,NaN
1.4479,3.7019,NaN,5.2257,NaN,NaN,23.648,NaN,8.2673,5.0744,14.178,NaN,2.3687,NaN,12.028,NaN,7.8057,1.3323,NaN,NaN,8.0578,23.989,NaN,NaN,8.8254,13.641,NaN,NaN,NaN,1.2345,30.919,NaN,8.7144,NaN,12.847,12.637,12.813,NaN,NaN,NaN,12.685,8.0304,NaN,13.52,NaN,NaN,7.3833,18.074,7.8233,NaN,8.049,NaN,6.5356,6.9436,3.134,10.362,NaN,21.103,NaN,NaN,8.943,2.591,NaN,34.119,NaN,24.252,NaN,13.117,6.2774,9.3009,52.024,14.516,NaN,13.665,35.479,7.5318,11.952,19.338,18.027,NaN,13.511,33.286,NaN,14.217,NaN,NaN,22.715,2.9689,20.207,NaN,19.574,16.378,NaN,17.081,NaN,9.4157,12.13,13.745,22.048,NaN
10.861,7.9602,NaN,10.303,NaN,NaN,17.859,NaN,5.1485,8.592,5.0761,NaN,10.564,NaN,8.6102,NaN,2.247,6.4526,NaN,NaN,5.1778,8.5913,NaN,NaN,3.2968,12.8,NaN,NaN,NaN,11.228,36.52,NaN,11.86,NaN,12.922,19.793,4.6633,NaN,NaN,NaN,8.7205,10.471,NaN,5.2527,NaN,NaN,14.881,22.825,11.67,NaN,5.5576,NaN,10.289,3.4404,15.817,8.4058,NaN,15.077,NaN,NaN,10.395,3.3199,NaN,10.449,NaN,44.547,NaN,12.088,8.2417,22.589,14.459,22.156,NaN,9.4861,14.57,8.8789,5.8152,5.8026,11.369,NaN,21.296,17.45,NaN,8.5301,NaN,NaN,15.342,12.658,14.877,NaN,7.9862,8.1551,NaN,16.402,NaN,9.6539,14.5,8.0267,19.175,NaN
7.3424,8.7932,NaN,28.038,NaN,NaN,14.761,NaN,3.2564,12.367,4.9005,NaN,26.711,NaN,8.7909,NaN,3.05,6.4669,NaN,NaN,5.1191,9.1373,NaN,NaN,11.085,8.4434,NaN,NaN,NaN,9.9371,16.051,NaN,18.049,NaN,21.027,8.3396,4.2695,NaN,NaN,NaN,10.147,18.685,NaN,6.5693,NaN,NaN,14.915,18.122,11.487,NaN,5.9553,NaN,15.907,6.8573,13.575,10.103,NaN,3.3726,NaN,NaN,9.5102,11.764,NaN,6.9837,NaN,6.9687,NaN,8.8135,23.138,13.992,12.648,12.859,NaN,2.7988,9.1498,3.5141,6.3128,4.3263,7.5255,NaN,26.247,8.0426,NaN,8.7851,NaN,NaN,2.973,15.155,10.956,NaN,5.0086,8.911,NaN,11.942,NaN,11.825,10.594,6.6223,9.105,NaN
12.606,2.8739,NaN,11.247,NaN,NaN,12.591,NaN,5.2248,7.0012,16.52,NaN,10.271,NaN,12.7,NaN,7.3489,7.213,NaN,NaN,18.781,26.831,NaN,NaN,5.1394,9.4376,NaN,NaN,NaN,2.1866,15.83,NaN,9.6973,NaN,17.477,11.929,2.1864,NaN,NaN,NaN,13.973,14.621,NaN,19.856,NaN,NaN,13.386,21.862,17.917,NaN,5.2364,NaN,5.9381,1.0794,8.2396,6.9418,NaN,24.172,NaN,NaN,5.0223,18.345,NaN,6.2873,NaN,27.909,NaN,7.2534,9.4292,12.037,12.59,16.675,NaN,10.281,20.533,6.9588,12.416,11.827,14.33,NaN,15.794,16.114,NaN,8.5338,NaN,NaN,15.819,7.8395,31.114,NaN,8.2285,10.361,NaN,11.241,NaN,7.4593,21.249,18.894,23.49,NaN
13.582,21.976,NaN,15.553,NaN,NaN,16.287,NaN,4.3659,37.763,22.315,NaN,19.369,NaN,22.707,NaN,16.406,6.6383,NaN,NaN,10.161,24.789,NaN,NaN,16.155,8.2369,NaN,NaN,NaN,14.42,5.2767,NaN,11.304,NaN,11.713,8.0335,19.875,NaN,NaN,NaN,19.246,1.9157,NaN,17.669,NaN,NaN,1.853,18.574,29.124,NaN,3.7175,NaN,11.908,10.771,17.173,9.1778,NaN,15.069,NaN,NaN,16.368,16.538,NaN,18.435,NaN,19.43,NaN,7.8104,15.311,6.4254,10.043,23.459,NaN,19.953,8.7474,5.6462,6.9027,24.604,5.3531,NaN,28.344,6.19,NaN,6.4697,NaN,NaN,8.6961,8.8146,17.882,NaN,5.3253,11.059,NaN,19.376,NaN,5.3032,14.669,12.217,17.482,NaN
12.866,12.129,NaN,10.074,NaN,NaN,9.5258,NaN,7.4606,20.245,4.9042,NaN,19.079,NaN,10.444,NaN,19.581,6.6515,NaN,NaN,7.2204,14.422,NaN,NaN,17.847,2.4792,NaN,NaN,NaN,37.975,11.125,NaN,2.8423,NaN,8.445,9.9062,4.0863,NaN,NaN,NaN,14.779,10.894,NaN,14.561,NaN,NaN,13.313,22.425,19.429,NaN,7.3876,NaN,6.2767,10.345,9.8529,16.582,NaN,2.0196,NaN,NaN,7.8459,17.442,NaN,8.9263,NaN,13.88,NaN,9.5222,1.5677,4.7275,14.379,10.127,NaN,4.6661,2.8025,11.688,5.806,15.809,13.02,NaN,10.245,11.692,NaN,5.6806,NaN,NaN,26.874,2.9662,2.9022,NaN,12.544,9.425,NaN,12.932,NaN,14.049,12.357,17.265,8.5121,NaN
5.7929,13.149,NaN,9.6528,NaN,NaN,27.187,NaN,26.881,16.732,5.0037,NaN,16.756,NaN,7.9171,NaN,42.857,32.961,NaN,NaN,16.203,22.78,NaN,NaN,25.576,4.2791,NaN,NaN,NaN,6.6231,14.843,NaN,13.476,NaN,46.233,20.766,40.468,NaN,NaN,NaN,14.036,10.538,NaN,1.7906,NaN,NaN,18.873,33.503,7.2798,NaN,14.128,NaN,23.423,18.653,6.9862,46.193,NaN,17.084,NaN,NaN,12.304,8.5214,NaN,7.5598,NaN,19.067,NaN,8.8072,16.979,32.595,15.241,48.526,NaN,19.293,50.022,15.01,21.929,21.457,15.455,NaN,12.312,24.284,NaN,17.53,NaN,NaN,9.4705,16.104,18.747,NaN,11.693,17.165,NaN,13.157,NaN,7.5753,28.477,9.8316,18.722,NaN
9.1888,25.144,NaN,21.61,NaN,NaN,14.836,NaN,5.8348,15.237,3.9111,NaN,15.037,NaN,2.1465,NaN,12.46,12.685,NaN,NaN,19.121,19.128,NaN,NaN,29.038,16.501,NaN,NaN,NaN,20.126,57.711,NaN,20.929,NaN,25.888,17.662,18.938,NaN,NaN,NaN,15.646,14.195,NaN,4.877,NaN,NaN,30.395,12.439,22.488,NaN,8.8394,NaN,8.5682,31.579,10.086,27.981,NaN,10.077,NaN,NaN,7.7638,16.544,NaN,10.567,NaN,36.739,NaN,11.245,7.3462,31.225,22.93,23.448,NaN,13.216,10.657,11.808,14.075,21.721,24.649,NaN,15.572,25.989,NaN,12.926,NaN,NaN,32.308,16.213,15.035,NaN,17.245,30.803,NaN,14.206,NaN,14.72,23.17,21.803,6.1781,NaN
8.5902,12.831,NaN,20.794,NaN,NaN,22.189,NaN,6.3185,18.3,10.427,NaN,19.285,NaN,16.86,NaN,8.7463,9.1119,NaN,NaN,18.575,9.2589,NaN,NaN,9.3003,10.258,NaN,NaN,NaN,14.858,16.691,NaN,4.8646,NaN,11.765,8.9039,47.662,NaN,NaN,NaN,11.339,2.2622,NaN,39.902,NaN,NaN,10.748,13.65,28.254,NaN,10.926,NaN,27.341,6.6211,29.444,4.831,NaN,20.088,NaN,NaN,10.446,14.405,NaN,11.29,NaN,18.024,NaN,13.678,9.5203,15.274,14.089,14.573,NaN,22.938,18.08,6.4492,16.11,13.606,15.934,NaN,23.006,7.4057,NaN,9.4871,NaN,NaN,11.506,20.777,42.63,NaN,6.1427,19.439,NaN,11.064,NaN,11.884,16.624,7.3133,9.4069,NaN
8.2997,8.8961,NaN,23.212,NaN,NaN,16.228,NaN,16.372,17.558,13.86,NaN,7.2028,NaN,3.8718,NaN,15.334,5.2625,NaN,NaN,10.972,10.644,NaN,NaN,8.7186,5.4613,NaN,NaN,NaN,6.0402,14.263,NaN,12.372,NaN,8.9639,10.264,21.363,NaN,NaN,NaN,20.176,10.811,NaN,13.112,NaN,NaN,14.56,11.163,13.36,NaN,15.242,NaN,17.144,8.6474,6.6108,5.3782,NaN,17.168,NaN,NaN,9.2596,19.074,NaN,9.5889,NaN,12.339,NaN,9.1465,13.462,9.9362,8.5829,16.741,NaN,6.0098,9.5641,8.9107,10.439,9.3007,8.9459,NaN,12.522,6.859,NaN,13.327,NaN,NaN,14.556,7.0022,37.818,NaN,9.2912,13.363,NaN,8.0984,NaN,5.286,24.77,11.075,9.6361,NaN
12.936,4.3729,NaN,11.715,NaN,NaN,6.6533,NaN,6.608,11.934,7.6677,NaN,3.0917,NaN,4.2717,NaN,4.1993,6.0855,NaN,NaN,2.5357,9.8363,NaN,NaN,3.3286,3.9787,NaN,NaN,NaN,6.641,13.318,NaN,5.3765,NaN,1.8432,2.3357,18.482,NaN,NaN,NaN,67.455,5.9107,NaN,2.3311,NaN,NaN,24.434,7.7811,7.1736,NaN,27.586,NaN,2.9424,5.0403,3.2197,7.712,NaN,20.645,NaN,NaN,11.105,12.867,NaN,11.653,NaN,12.155,NaN,5.2069,8.3022,11.272,10.914,5.4455,NaN,3.0223,5.1053,11.472,1.054,1.7556,6.0121,NaN,9.7032,11.991,NaN,5.8552,NaN,NaN,7.6196,16.066,20.148,NaN,6.2083,13.711,NaN,11.928,NaN,6.2696,12.491,8.1516,15.204,NaN
6.6022,8.9752,NaN,3.1606,NaN,NaN,13.888,NaN,3.1172,7.7944,14.402,NaN,8.9106,NaN,8.169,NaN,7.6682,9.1777,NaN,NaN,4.6447,7.9618,NaN,NaN,3.3701,5.5459,NaN,NaN,NaN,3.714,5.2279,NaN,11.008,NaN,16.869,4.695,32.584,NaN,NaN,NaN,28.829,11.271,NaN,7.5507,NaN,NaN,8.5851,7.4634,10.884,NaN,16.775,NaN,8.634,12.089,4.7307,10.782,NaN,8.2102,NaN,NaN,6.357,5.6145,NaN,20.654,NaN,9.6585,NaN,12.291,4.0775,1.7429,4.1766,14.025,NaN,1.1984,6.7347,5.9604,13.514,9.6008,2.071,NaN,3.1881,9.0561,NaN,5.5757,NaN,NaN,4.63,11.87,7.3021,NaN,7.6792,6.5905,NaN,8.7614,NaN,1.6738,6.5267,29.299,15.077,NaN
4.553,2.0516,NaN,3.5647,NaN,NaN,13.565,NaN,4.1454,5.3657,10.599,NaN,6.5998,NaN,3.4906,NaN,5.3077,4.2246,NaN,NaN,9.9985,6.7468,NaN,NaN,10.839,10.196,NaN,NaN,NaN,6.5725,5.9514,NaN,6.0352,NaN,25.163,8.6731,12.774,NaN,NaN,NaN,6.5125,9.2298,NaN,10.404,NaN,NaN,23.544,7.6763,7.4205,NaN,12.716,NaN,5.0111,24.644,8.4271,12.882,NaN,12.23,NaN,NaN,3.4554,5.1378,NaN,21.898,NaN,8.9579,NaN,16.145,4.7684,11.593,10.835,4.3536,NaN,1.8362,3.8894,5.9666,29.399,9.1214,2.5896,NaN,6.0192,8.8844,NaN,11.013,NaN,NaN,6.7224,3.8792,8.9203,NaN,5.3879,3.3678,NaN,12.168,NaN,5.1126,3.8843,18.399,10.277,NaN
5.2844,13.361,NaN,8.2154,NaN,NaN,19.524,NaN,11.972,4.4532,8.0248,NaN,68.202,NaN,3.7449,NaN,17.231,8.1104,NaN,NaN,24.104,5.9927,NaN,NaN,15.008,5.7515,NaN,NaN,NaN,13.988,10.414,NaN,4.3387,NaN,11.477,13.521,2.4752,NaN,NaN,NaN,7.4398,7.0138,NaN,5.2752,NaN,NaN,5.5737,6.3603,2.4385,NaN,6.3386,NaN,2.4061,10.571,5.9662,7.406,NaN,16.583,NaN,NaN,8.7513,6.4377,NaN,12.424,NaN,0.76359,NaN,1.8864,8.1319,25.121,20.275,5.1166,NaN,5.9061,20.79,4.4623,12.573,2.504,1.9102,NaN,4.6133,6.9039,NaN,17.324,NaN,NaN,17.33,4.6922,10.277,NaN,4.6047,8.9349,NaN,2.3606,NaN,6.9306,5.697,9.0557,15.327,NaN
7.9145,0.44728,NaN,2.1331,NaN,NaN,14.706,NaN,4.8357,6.3533,9.4127,NaN,0.51242,NaN,4.7165,NaN,12.315,13.091,NaN,NaN,10.661,10.696,NaN,NaN,1.1817,7.8125,NaN,NaN,NaN,7.0316,9.8987,NaN,0.85504,NaN,16.432,2.8582,9.6445,NaN,NaN,NaN,1.8127,3.1497,NaN,9.4022,NaN,NaN,13.869,9.8572,10.365,NaN,16.552,NaN,3.2422,14.814,3.5181,8.419,NaN,17.505,NaN,NaN,4.1782,0.78984,NaN,7.4685,NaN,14.386,NaN,29.813,5.2214,7.4914,5.1583,5.0194,NaN,4.0426,14.194,3.9722,12.629,5.2043,5.2068,NaN,0.60399,10.354,NaN,15.491,NaN,NaN,9.8794,2.3484,3.2348,NaN,7.1374,3.1816,NaN,11.175,NaN,5.2094,3.0054,33.916,12.394,NaN
10.818,11.092,NaN,3.6968,NaN,NaN,11.411,NaN,3.0791,22.944,6.6586,NaN,5.0328,NaN,12.598,NaN,7.0197,10.452,NaN,NaN,8.152,10.639,NaN,NaN,4.597,10.907,NaN,NaN,NaN,16.307,14.124,NaN,13.586,NaN,16.057,2.0789,4.8054,NaN,NaN,NaN,19.862,2.9409,NaN,8.0684,NaN,NaN,4.1395,7.5501,6.4839,NaN,18.489,NaN,17.736,11.676,0.67208,11.274,NaN,4.7995,NaN,NaN,3.571,23.653,NaN,1.284,NaN,11.125,NaN,8.227,2.5874,7.6558,7.8151,7.7967,NaN,4.5321,10.17,2.1219,6.2696,7.0359,4.6811,NaN,7.8549,6.7584,NaN,6.702,NaN,NaN,3.0439,15.189,5.9006,NaN,3.6262,5.797,NaN,8.0175,NaN,4.8295,9.8024,19.673,1.2704,NaN
7.5286,6.3354,NaN,3.1282,NaN,NaN,14.44,NaN,5.6018,7.4593,17.228,NaN,6.75,NaN,2.4748,NaN,8.6913,5.7484,NaN,NaN,10.756,7.6071,NaN,NaN,1.1267,10.162,NaN,NaN,NaN,4.4361,18.815,NaN,8.1841,NaN,5.5893,3.5462,4.1983,NaN,NaN,NaN,8.4392,7.5489,NaN,4.3221,NaN,NaN,2.7693,4.0902,4.0986,NaN,13.284,NaN,11.543,14.689,6.3888,16.779,NaN,9.5008,NaN,NaN,10.28,8.6296,NaN,11.62,NaN,6.1468,NaN,3.9045,4.9967,2.9907,5.6588,2.4843,NaN,4.2099,10.83,6.1447,5.2773,2.5729,8.7894,NaN,1.4468,4.7998,NaN,4.0884,NaN,NaN,6.4532,4.8638,13.235,NaN,1.4564,3.9491,NaN,2.7788,NaN,8.4669,9.7519,13.101,24.812,NaN
8.9965,4.7215,NaN,5.045,NaN,NaN,13.868,NaN,6.5356,7.5829,22.185,NaN,3.1503,NaN,10.919,NaN,2.1207,9.352,NaN,NaN,8.5946,13.016,NaN,NaN,6.9637,27.611,NaN,NaN,NaN,11.789,33.529,NaN,12.579,NaN,6.7118,13.216,5.404,NaN,NaN,NaN,12.072,4.589,NaN,3.8829,NaN,NaN,4.9689,7.2177,11.465,NaN,11.183,NaN,7.4442,6.0555,11.887,6.3937,NaN,6.4088,NaN,NaN,4.9302,10.373,NaN,7.8878,NaN,17.523,NaN,5.8129,8.926,3.1557,7.2081,15.985,NaN,8.5832,8.115,8.6923,5.5435,4.9438,6.4881,NaN,2.6011,2.3881,NaN,8.9774,NaN,NaN,2.551,5.0921,2.4157,NaN,8.0335,6.5485,NaN,6.3598,NaN,14.098,5.4707,9.893,11.863,NaN
11.202,2.4885,NaN,4.0931,NaN,NaN,6.1783,NaN,15.615,8.7988,20.77,NaN,0.79094,NaN,9.2122,NaN,10.449,16.328,NaN,NaN,12.593,13.764,NaN,NaN,5.0117,8.33,NaN,NaN,NaN,9.0003,9.7811,NaN,27.086,NaN,4.1943,23.418,8.8771,NaN,NaN,NaN,7.292,0.88894,NaN,7.2434,NaN,NaN,8.9213,17.452,11.95,NaN,19.992,NaN,3.7134,5.5376,5.3166,9.3054,NaN,16.159,NaN,NaN,32.223,14.144,NaN,2.7589,NaN,8.137,NaN,22.196,18.337,7.2659,9.184,5.3773,NaN,9.2073,11.905,2.3986,11.394,3.9788,3.8238,NaN,3.8593,1.9544,NaN,14.865,NaN,NaN,16.575,6.0139,2.3177,NaN,10.856,9.472,NaN,20.971,NaN,2.218,6.8153,0.79681,4.0276,NaN
0.87157,12.678,NaN,4.5339,NaN,NaN,6.7329,NaN,8.6184,8.2029,29.123,NaN,2.5152,NaN,8.2746,NaN,21.54,8.4013,NaN,NaN,15.337,10.026,NaN,NaN,1.1189,7.8882,NaN,NaN,NaN,2.8468,8.2937,NaN,14.429,NaN,12.944,6.483,2.5894,NaN,NaN,NaN,17.105,7.5736,NaN,2.1017,NaN,NaN,6.0524,7.6241,2.1074,NaN,7.8991,NaN,1.6947,5.2296,2.3217,14.605,NaN,13.286,NaN,NaN,17.743,13.265,NaN,8.7768,NaN,2.0955,NaN,9.1802,10.879,9.178,27.192,7.7167,NaN,7.3704,10.13,2.8959,15.164,16.109,4.2653,NaN,3.642,2.8003,NaN,9.2491,NaN,NaN,12.194,5.0145,6.6613,NaN,6.577,6.369,NaN,7.738,NaN,5.6197,10.375,6.9477,23.796,NaN
10.232,13.212,NaN,9.9552,NaN,NaN,28.769,NaN,16.873,7.4217,6.3221,NaN,34.183,NaN,16.921,NaN,8.2259,8.7425,NaN,NaN,44.045,3.8541,NaN,NaN,4.4191,9.4842,NaN,NaN,NaN,8.8209,19.385,NaN,10.237,NaN,26.387,10.766,10.9,NaN,NaN,NaN,23.901,13.21,NaN,6.4488,NaN,NaN,8.1505,4.5189,6.6834,NaN,2.0016,NaN,2.1606,20.554,3.1799,14.84,NaN,9.9474,NaN,NaN,8.3996,7.9573,NaN,46.092,NaN,12.304,NaN,2.8654,10.562,13.213,8.6772,5.1732,NaN,16.137,6.6618,1.6019,5.5881,4.6131,6.6262,NaN,4.838,2.1994,NaN,5.92,NaN,NaN,10.89,2.8785,21.55,NaN,4.772,2.603,NaN,4.5651,NaN,6.9879,9.8168,15.625,21.301,NaN
10.395,11.308,NaN,8.9617,NaN,NaN,5.703,NaN,6.8865,7.1879,0.47033,NaN,10.325,NaN,14.004,NaN,10.479,5.3134,NaN,NaN,20.752,7.0988,NaN,NaN,3.3176,6.0585,NaN,NaN,NaN,19.488,22.542,NaN,4.7631,NaN,7.1442,4.8181,7.8124,NaN,NaN,NaN,10.221,8.8041,NaN,11.901,NaN,NaN,9.6792,63.712,2.1779,NaN,0.85494,NaN,5.2316,5.1328,1.2944,10.883,NaN,26.769,NaN,NaN,0.74039,9.7197,NaN,19.625,NaN,7.9347,NaN,7.6299,6.7669,11.135,8.8323,8.7445,NaN,2.907,5.3385,17.667,9.8813,7.9364,6.6368,NaN,14.834,2.2712,NaN,5.9453,NaN,NaN,4.4936,11.588,14.594,NaN,6.7261,3.871,NaN,0.20095,NaN,6.3736,10.507,7.32,5.8832,NaN
6.7487,5.7781,NaN,3.6897,NaN,NaN,10.175,NaN,7.1501,6.5088,19.44,NaN,3.62,NaN,6.5977,NaN,6.8338,2.068,NaN,NaN,9.717,4.3203,NaN,NaN,6.6711,8.8651,NaN,NaN,NaN,1.7712,3.7386,NaN,3.562,NaN,4.3292,6.5558,4.6516,NaN,NaN,NaN,19.347,9.9449,NaN,6.1725,NaN,NaN,15.537,12.361,2.4455,NaN,3.5182,NaN,2.0253,14.047,6.1162,16.137,NaN,8.8453,NaN,NaN,4.9621,17.14,NaN,13.555,NaN,2.3183,NaN,7.7585,7.6181,3.0036,9.1829,8.445,NaN,3.7477,7.3377,7.7457,8.2627,14.964,7.0165,NaN,5.32,6.9006,NaN,2.197,NaN,NaN,6.4093,2.3915,6.589,NaN,6.6818,3.2821,NaN,7.05,NaN,5.6946,27.33,11.923,13.544,NaN
5.1503,1.8328,NaN,9.3437,NaN,NaN,8.4352,NaN,10.729,20.47,6.3624,NaN,1.6379,NaN,7.3886,NaN,14.752,13.782,NaN,NaN,10.597,7.3202,NaN,NaN,7.1183,9.1214,NaN,NaN,NaN,3.8939,3.7369,NaN,2.6834,NaN,2.428,14.608,7.4248,NaN,NaN,NaN,8.0055,13.263,NaN,6.3563,NaN,NaN,14.532,18.611,3.5184,NaN,9.2467,NaN,5.9755,11.471,13.172,8.1285,NaN,13.631,NaN,NaN,1.2088,11.104,NaN,0.37898,NaN,3.3339,NaN,9.4193,5.6521,5.2869,12.666,7.8368,NaN,5.5181,6.4719,6.7724,12.086,2.2355,4.4026,NaN,14.499,9.2276,NaN,2.8714,NaN,NaN,2.35,8.9733,5.1008,NaN,8.6506,7.4048,NaN,4.3781,NaN,3.872,3.8547,3.277,50.664,NaN
11.624,12.807,NaN,15.215,NaN,NaN,5.9944,NaN,4.5387,1.9286,7.4428,NaN,6.761,NaN,4.0213,NaN,10.24,11.997,NaN,NaN,3.8132,4.1968,NaN,NaN,9.6494,22.013,NaN,NaN,NaN,6.7706,12.271,NaN,11.534,NaN,9.4598,18.952,3.3648,NaN,NaN,NaN,33.692,2.2776,NaN,8.777,NaN,NaN,2.0528,3.0133,4.7526,NaN,7.917,NaN,7.3171,11.081,17.307,4.2229,NaN,2.3387,NaN,NaN,10.803,12.11,NaN,10.296,NaN,10.139,NaN,5.3908,4.9445,8.201,6.3633,13.508,NaN,3.3717,4.0292,12.439,11.448,4.1072,2.8248,NaN,2.1824,4.5916,NaN,20.887,NaN,NaN,0.8113,4.4428,7.2966,NaN,7.7883,2.9984,NaN,2.2564,NaN,6.1079,8.2968,9.4691,5.1265,NaN
13.534,15.185,NaN,8.3223,NaN,NaN,8.8446,NaN,16.735,14.458,9.3413,NaN,9.3834,NaN,9.2078,NaN,7.3543,6.4206,NaN,NaN,9.1855,15.501,NaN,NaN,2.5138,6.2216,NaN,NaN,NaN,18.786,4.4159,NaN,4.2318,NaN,13.793,4.7817,8.2801,NaN,NaN,NaN,13.551,9.2648,NaN,3.334,NaN,NaN,1.2634,12.848,8.1121,NaN,6.7839,NaN,7.0892,7.7653,8.3199,25.679,NaN,4.0963,NaN,NaN,3.4774,7.4326,NaN,10.547,NaN,3.2358,NaN,4.7213,1.7221,7.549,1.9204,6.0852,NaN,1.5642,5.623,11.945,10.011,4.8477,3.7254,NaN,2.3993,3.0658,NaN,7.5878,NaN,NaN,3.8343,8.9657,8.9981,NaN,2.0968,6.5796,NaN,9.5971,NaN,4.0246,51.519,16.071,14.226,NaN
9.6491,2.5783,NaN,6.1286,NaN,NaN,6.4673,NaN,13.688,22.21,14.401,NaN,8.1384,NaN,5.5201,NaN,2.7198,6.0061,NaN,NaN,3.5741,14.31,NaN,NaN,2.3578,22.466,NaN,NaN,NaN,2.0065,5.1966,NaN,6.4036,NaN,5.991,4.2534,8.3593,NaN,NaN,NaN,6.1558,5.6815,NaN,4.7795,NaN,NaN,11.934,11.7,5.7436,NaN,12.795,NaN,4.7513,1.3529,3.2835,7.043,NaN,20.194,NaN,NaN,4.8757,6.3393,NaN,21.65,NaN,7.6982,NaN,4.8398,12.782,11.576,5.1134,6.6345,NaN,1.5047,17.597,9.9824,3.8697,6.8168,5.0046,NaN,10.972,6.523,NaN,3.1391,NaN,NaN,2.923,3.5607,15.017,NaN,7.3458,3.4199,NaN,9.7058,NaN,2.45,17.246,7.3428,17.115,NaN
15.424,11.3,NaN,4.0485,NaN,NaN,13.434,NaN,1.6333,3.7216,6.4091,NaN,8.1967,NaN,5.0756,NaN,18.07,4.1943,NaN,NaN,5.6581,8.1813,NaN,NaN,3.9911,13.109,NaN,NaN,NaN,1.2085,2.3207,NaN,18.611,NaN,5.9563,6.2498,6.7894,NaN,NaN,NaN,12.875,3.7978,NaN,1.6957,NaN,NaN,10.218,20.248,6.5992,NaN,15.244,NaN,11.41,10.539,1.7946,10.226,NaN,6.7851,NaN,NaN,12.98,14.264,NaN,5.0057,NaN,16.127,NaN,9.8914,23.982,4.823,9.3359,10.882,NaN,6.3076,7.023,15.474,11.602,5.2187,4.4174,NaN,4.2938,6.7191,NaN,5.7695,NaN,NaN,13.774,8.9409,4.573,NaN,13.734,3.5485,NaN,14.13,NaN,5.9076,8.1655,5.9731,12.734,NaN
9.4874,2.4112,NaN,7.9921,NaN,NaN,9.7213,NaN,3.5065,5.2503,6.9688,NaN,8.3197,NaN,15.644,NaN,12.274,3.8673,NaN,NaN,2.9782,8.9187,NaN,NaN,6.9856,5.4637,NaN,NaN,NaN,6.1447,15.257,NaN,4.2338,NaN,1.4366,8.0612,5.2328,NaN,NaN,NaN,4.5862,9.0782,NaN,2.1791,NaN,NaN,3.6579,13.915,1.9449,NaN,2.4182,NaN,5.71,11.837,11.639,10.054,NaN,6.0183,NaN,NaN,7.2859,14.228,NaN,35.213,NaN,7.7742,NaN,5.0511,16.912,2.3363,3.607,14.184,NaN,8.0222,6.4549,12.247,5.6992,5.2321,3.9451,NaN,27.789,13.302,NaN,9.1393,NaN,NaN,5.2736,4.1594,3.2043,NaN,5.6987,6.6924,NaN,5.0274,NaN,2.5123,7.9017,1.3961,7.486,NaN
16.507,4.9472,NaN,6.6588,NaN,NaN,1.7966,NaN,3.4119,2.3418,3.8631,NaN,4.0333,NaN,5.3122,NaN,1.0452,12.273,NaN,NaN,2.3177,8.6003,NaN,NaN,2.0374,6.4313,NaN,NaN,NaN,26.943,38.985,NaN,1.9577,NaN,1.2305,13.792,5.3194,NaN,NaN,NaN,9.9189,4.2206,NaN,3.7745,NaN,NaN,13.681,19.224,3.631,NaN,5.2665,NaN,1.972,3.9845,10.923,4.8103,NaN,10.821,NaN,NaN,8.1021,2.4259,NaN,12.116,NaN,16.692,NaN,18.094,8.1278,4.351,5.2437,9.3436,NaN,3.2623,17.174,10.281,1.4916,11.241,6.8151,NaN,5.4118,6.9381,NaN,18.279,NaN,NaN,3.982,3.7475,10.877,NaN,2.3634,2.0252,NaN,8.0617,NaN,11.808,11.353,1.6678,20.356,NaN
6.2799,8.2827,NaN,12.084,NaN,NaN,39.103,NaN,8.7011,47.173,9.1798,NaN,11.173,NaN,11.256,NaN,2.4415,49.227,NaN,NaN,7.3419,7.2759,NaN,NaN,25.803,3.1123,NaN,NaN,NaN,4.2568,3.3264,NaN,12.221,NaN,20.041,13.247,22.357,NaN,NaN,NaN,20.768,2.8478,NaN,9.4387,NaN,NaN,18.012,3.5745,9.4809,NaN,2.9156,NaN,21.153,17.66,12.804,3.3886,NaN,15.699,NaN,NaN,14.805,12.907,NaN,18.879,NaN,15.635,NaN,5.7126,6.3652,21.37,4.3938,26.492,NaN,8.7853,14.202,4.9613,19.702,16.284,23.902,NaN,21.372,11.286,NaN,12.897,NaN,NaN,5.8389,12.355,11.306,NaN,4.3813,36.804,NaN,10.301,NaN,7.3157,10.063,13.599,4.8273,NaN
3.0831,5.3679,NaN,8.1593,NaN,NaN,24.421,NaN,7.6944,15.095,1.0516,NaN,13.26,NaN,1.7198,NaN,8.1082,14.1,NaN,NaN,4.9176,18.572,NaN,NaN,2.089,1.5956,NaN,NaN,NaN,10.103,22.431,NaN,10.315,NaN,14.918,9.8912,4.0489,NaN,NaN,NaN,8.3467,4.9443,NaN,12.188,NaN,NaN,7.763,16.636,4.6409,NaN,9.9739,NaN,6.5549,10.805,16.512,32.435,NaN,11.107,NaN,NaN,7.8764,3.32,NaN,15.817,NaN,6.719,NaN,10.492,10.413,6.6028,14.847,3.5996,NaN,7.1425,4.48,11.625,7.8473,5.5709,10.963,NaN,9.4577,8.2716,NaN,11.743,NaN,NaN,7.14,4.4971,8.6409,NaN,18.044,16.69,NaN,6.5645,NaN,3.1157,10.32,9.8838,12.199,NaN
3.9675,7.1871,NaN,2.5482,NaN,NaN,12.92,NaN,3.8148,6.6982,3.2982,NaN,5.4446,NaN,3.0742,NaN,5.0246,7.9695,NaN,NaN,5.6961,28.467,NaN,NaN,6.3915,3.2174,NaN,NaN,NaN,13.118,37.553,NaN,12.751,NaN,6.2381,9.2902,6.2353,NaN,NaN,NaN,3.2326,4.5426,NaN,8.6825,NaN,NaN,7.7294,10.137,10.749,NaN,16.326,NaN,5.4515,13.154,4.7265,38.389,NaN,13.871,NaN,NaN,8.5326,2.1523,NaN,11.613,NaN,16.529,NaN,13.573,4.8446,4.4163,9.5982,5.1349,NaN,7.9566,10.19,5.829,21.642,7.962,11.929,NaN,14.009,5.2113,NaN,22.525,NaN,NaN,7.8327,2.0201,12.736,NaN,9.8105,14.996,NaN,6.7483,NaN,1.2975,5.5208,13.505,8.9757,NaN
17.915,12.166,NaN,10.409,NaN,NaN,24.128,NaN,3.4988,2.381,11.532,NaN,2.6099,NaN,6.9052,NaN,1.6529,6.7457,NaN,NaN,2.6852,17.379,NaN,NaN,9.9788,0.44356,NaN,NaN,NaN,6.2365,42.599,NaN,3.5459,NaN,13.09,13.36,1.2352,NaN,NaN,NaN,20.277,4.4804,NaN,3.4749,NaN,NaN,28.592,4.095,7.8639,NaN,2.4047,NaN,3.2252,10.79,9.3424,1.5948,NaN,5.5537,NaN,NaN,20.145,7.8358,NaN,15.325,NaN,12.217,NaN,7.9745,6.4894,5.41,2.1664,13.961,NaN,9.6068,4.3697,9.44,8.2587,12.438,6.0898,NaN,21.096,6.0797,NaN,16.321,NaN,NaN,11.359,1.4988,15.868,NaN,6.8244,1.7719,NaN,3.9227,NaN,5.8077,9.3153,5.0691,4.8022,NaN
20.174,10.329,NaN,8.4953,NaN,NaN,7.2702,NaN,9.4057,4.086,2.2005,NaN,2.5841,NaN,9.7487,NaN,6.27,8.075,NaN,NaN,4.2794,3.0723,NaN,NaN,7.2184,5.7649,NaN,NaN,NaN,4.2788,18.77,NaN,15.495,NaN,12.342,9.1165,19.532,NaN,NaN,NaN,19.987,5.0859,NaN,20.47,NaN,NaN,16.836,7.2985,2.7066,NaN,15.197,NaN,4.3576,4.8462,3.0696,4.9311,NaN,6.5294,NaN,NaN,14.145,9.6614,NaN,5.0831,NaN,11.623,NaN,22.918,8.8341,8.7792,7.109,9.7179,NaN,0.69636,3.9726,0.61006,6.8866,9.1646,7.9197,NaN,14.254,2.241,NaN,8.1358,NaN,NaN,12.393,5.0112,1.5754,NaN,4.5887,26.23,NaN,10.724,NaN,18.306,5.767,7.3223,10.879,NaN
9.4551,11.465,NaN,16.684,NaN,NaN,11.191,NaN,16.83,10.578,17.669,NaN,3.6852,NaN,5.6347,NaN,15.148,9.4707,NaN,NaN,7.5825,17.08,NaN,NaN,14.895,3.5436,NaN,NaN,NaN,4.1895,8.3284,NaN,48.346,NaN,10.2,13.956,12.952,NaN,NaN,NaN,28.93,11.471,NaN,28.591,NaN,NaN,6.3033,13.087,28.381,NaN,48.415,NaN,9.1657,9.6127,6.2181,2.0212,NaN,13.508,NaN,NaN,12.364,18.776,NaN,8.4071,NaN,17.699,NaN,9.5122,7.704,24.026,6.5642,22.089,NaN,9.7952,1.7687,11.51,14.677,9.9659,9.4339,NaN,8.6327,2.5353,NaN,14.607,NaN,NaN,15.794,4.1678,38.55,NaN,0.75453,19.35,NaN,6.013,NaN,19.155,11.635,10.847,13.224,NaN
14.667,11.383,NaN,5.6204,NaN,NaN,7.6215,NaN,11.963,2.0138,6.4126,NaN,2.6149,NaN,2.3344,NaN,2.1401,15.283,NaN,NaN,4.9553,25.069,NaN,NaN,31.209,3.6403,NaN,NaN,NaN,4.1877,7.7063,NaN,31.924,NaN,15.816,7.7071,8.1797,NaN,NaN,NaN,26.804,16.089,NaN,7.0664,NaN,NaN,0.94898,10.739,1.0518,NaN,6.2254,NaN,6.3513,7.7502,14.738,5.3122,NaN,9.1864,NaN,NaN,16.606,11.568,NaN,1.0739,NaN,2.6638,NaN,9.1809,7.7481,11.315,11.702,16.308,NaN,18.4,11.526,6.5957,27.592,9.4781,8.3952,NaN,8.6002,5.6577,NaN,32.409,NaN,NaN,10.182,2.0895,14.843,NaN,8.8982,11.581,NaN,7.642,NaN,8.3739,10.598,18.917,1.673,NaN
0.62454,4.0491,NaN,8.1585,NaN,NaN,14.193,NaN,27.722,6.4705,1.9074,NaN,3.3666,NaN,4.9087,NaN,1.8083,5.9366,NaN,NaN,11.253,10.495,NaN,NaN,15.966,3.1838,NaN,NaN,NaN,5.451,28.973,NaN,35.631,NaN,17.331,3.9859,14.098,NaN,NaN,NaN,21.782,3.1213,NaN,14.236,NaN,NaN,7.8228,10.519,5.65,NaN,6.0416,NaN,6.6866,1.5771,10.046,16.319,NaN,7.0388,NaN,NaN,7.0937,14.152,NaN,11.597,NaN,17.514,NaN,12.81,27.066,8.4535,32.105,4.4743,NaN,11.057,10.68,5.244,2.4161,13.557,14.134,NaN,9.0216,5.9293,NaN,46.335,NaN,NaN,10.641,7.4589,8.3955,NaN,5.1342,15.195,NaN,7.7441,NaN,0.88222,4.4749,18.764,8.3313,NaN
3.7472,5.1166,NaN,13.107,NaN,NaN,18.384,NaN,31.02,7.0833,6.6559,NaN,1.5425,NaN,3.46,NaN,3.1553,4.3186,NaN,NaN,17.449,0.47557,NaN,NaN,7.478,0.23266,NaN,NaN,NaN,6.1948,41.843,NaN,32.704,NaN,20.191,4.2322,23.889,NaN,NaN,NaN,20.388,1.9399,NaN,20.457,NaN,NaN,10.108,7.5379,3.4124,NaN,9.1984,NaN,5.9563,3.6458,17.071,17.654,NaN,10.573,NaN,NaN,7.8418,13.718,NaN,20.769,NaN,14.167,NaN,9.4487,27.728,12.136,22.102,0.85589,NaN,16.528,8.7239,6.2177,1.8964,17.849,12.008,NaN,11.917,5.1164,NaN,20.614,NaN,NaN,9.0827,8.2924,10.179,NaN,8.8915,13.498,NaN,7.9716,NaN,4.0161,2.6661,14.002,12.374,NaN
20.392,6.505,NaN,12.385,NaN,NaN,10.731,NaN,5.4304,7.5567,4.3641,NaN,5.8048,NaN,3.5081,NaN,2.4326,11.638,NaN,NaN,8.1706,7.4689,NaN,NaN,8.238,6.5592,NaN,NaN,NaN,1.9024,76.652,NaN,11.518,NaN,14.361,7.0724,12.225,NaN,NaN,NaN,17.742,12.579,NaN,27.806,NaN,NaN,4.8148,7.5797,7.0613,NaN,9.0427,NaN,2.9222,11.884,22.403,5.5335,NaN,24.954,NaN,NaN,5.978,17.727,NaN,10.944,NaN,11.252,NaN,10.916,16.474,6.1708,15.443,11.161,NaN,6.151,6.6722,1.9857,8.617,44.305,7.8352,NaN,36.569,10.359,NaN,13.425,NaN,NaN,4.6403,10.41,9.6011,NaN,11.26,7.081,NaN,10.85,NaN,8.2229,6.1174,21.605,11.088,NaN
5.6126,3.1435,NaN,26.185,NaN,NaN,23.399,NaN,17.727,11.632,7.2608,NaN,21.208,NaN,7.1345,NaN,6.3929,13.891,NaN,NaN,18.339,8.7701,NaN,NaN,11.665,13.812,NaN,NaN,NaN,8.3524,20.327,NaN,18.936,NaN,33.525,8.3399,23.878,NaN,NaN,NaN,18.61,9.2842,NaN,20.683,NaN,NaN,20.235,15.046,11.657,NaN,10.036,NaN,9.0205,15.908,32.771,8.1197,NaN,13.581,NaN,NaN,22.154,15.408,NaN,25.091,NaN,30.212,NaN,20.355,20.662,11.939,17.932,8.2783,NaN,10.722,26.191,4.2635,9.6087,22.846,21.119,NaN,20.273,14.352,NaN,33.857,NaN,NaN,15.735,40.196,19.659,NaN,13.243,13.564,NaN,14.101,NaN,3.5436,8.8979,22.295,25.274,NaN
8.971,9.7073,NaN,7.1228,NaN,NaN,16.869,NaN,24.511,1.6452,1.4538,NaN,9.7749,NaN,3.0109,NaN,6.0051,11.88,NaN,NaN,1.2401,11.138,NaN,NaN,9.1441,9.7834,NaN,NaN,NaN,7.9881,12.995,NaN,9.9128,NaN,4.6689,42.07,11.738,NaN,NaN,NaN,5.6849,15.638,NaN,16.351,NaN,NaN,8.1907,9.3897,18.18,NaN,16.991,NaN,8.538,11.873,12.455,5.0426,NaN,6.4926,NaN,NaN,7.9487,10.926,NaN,11.903,NaN,1.3119,NaN,25.019,4.3993,9.806,33.003,4.7815,NaN,5.4365,9.3326,8.4045,9.1888,8.5595,32.845,NaN,17.189,13.505,NaN,21.011,NaN,NaN,4.5706,24.828,18.42,NaN,5.6635,8.7819,NaN,27.209,NaN,11.549,16.479,51.708,11.25,NaN
6.2727,19.483,NaN,18.459,NaN,NaN,15.275,NaN,13.42,10.166,6.9422,NaN,6.2214,NaN,1.2794,NaN,13.016,16.522,NaN,NaN,11.058,6.2013,NaN,NaN,10.265,39.803,NaN,NaN,NaN,5.9423,31.735,NaN,23.215,NaN,52.389,38.395,23.891,NaN,NaN,NaN,14.176,7.164,NaN,7.4847,NaN,NaN,21.335,16.192,13.867,NaN,9.0295,NaN,16.858,37.683,11.789,5.8262,NaN,7.2248,NaN,NaN,16.498,17.604,NaN,12.23,NaN,46.153,NaN,20.664,6.2386,12.749,23.992,26.016,NaN,7.182,7.1929,6.7163,15.985,17.637,25.69,NaN,19.511,20.972,NaN,6.8408,NaN,NaN,15.325,25.178,9.2533,NaN,5.4902,4.0251,NaN,32.497,NaN,6.4224,16.285,28.098,17.778,NaN
