NaN,NaN,NaN,NaN,NaN,NaN,2.1543,0.95031,1.5155,3.4674,1.3816,4.7203,2.6891,3.2424,0.95,1.0802,NaN,NaN,NaN,1.9764,2.0146,3.1201,NaN,4.0679,NaN,3.2258,NaN,1.1414,NaN,2.3289,NaN,NaN,NaN,NaN,4.1936,NaN,NaN,4.1354,0.72955,NaN,NaN,NaN,4.7192,1.2233,NaN,NaN,1.0619,1.9247,NaN,NaN,3.2235,NaN,5.0963,1.68,NaN,NaN,NaN,NaN,1.9815,NaN,NaN,1.5259,2.9368,NaN,1.0307,NaN,NaN,NaN,NaN,NaN,NaN,4.5313,NaN,0.5764,2.0919,NaN,5.4358,0.55901,2.2566,3.0928,1.3537,3.3642,2.7078,NaN,3.51,0.5641,NaN,1.2563,3.2614,2.6011,3.2747,NaN,NaN,2.8375,NaN,0.66142,1.8715,NaN,NaN,1.7619
NaN,NaN,NaN,NaN,NaN,NaN,5.5459,1.9455,2.606,3.48,5.7244,1.8583,1.5999,5.8944,2.4335,3.3043,NaN,NaN,NaN,0.91311,1.7972,3.8485,NaN,2.2881,NaN,3.7651,NaN,1.6172,NaN,4.4132,NaN,NaN,NaN,NaN,1.2785,NaN,NaN,5.0364,2.6391,NaN,NaN,NaN,7.5619,1.2319,NaN,NaN,2.2379,2.4749,NaN,NaN,3.957,NaN,2.6205,6.1649,NaN,NaN,NaN,NaN,1.1249,NaN,NaN,1.3776,5.3057,NaN,5.6625,NaN,NaN,NaN,NaN,NaN,NaN,4.626,NaN,1.8375,3.6437,NaN,4.2376,0.66796,7.1673,3.5396,2.2832,3.0941,4.8985,NaN,2.5,3.5378,NaN,4.9961,4.2946,0.57341,3.6884,NaN,NaN,2.9868,NaN,2.2278,0.28853,NaN,NaN,1.5029
NaN,NaN,NaN,NaN,NaN,NaN,6.3272,1.544,1.4001,5.3399,2.4561,2.5919,5.4334,2.4218,2.7257,1.5594,NaN,NaN,NaN,2.4888,2.8481,3.8255,NaN,5.6062,NaN,3.3403,NaN,1.6281,NaN,1.9464,NaN,NaN,NaN,NaN,5.4313,NaN,NaN,4.3258,1.9583,NaN,NaN,NaN,4.677,2.8474,NaN,NaN,4.0805,3.404,NaN,NaN,4.7426,NaN,7.1577,1.9704,NaN,NaN,NaN,NaN,3.0676,NaN,NaN,2.6157,5.5232,NaN,2.566,NaN,NaN,NaN,NaN,NaN,NaN,5.6706,NaN,5.744,2.3312,NaN,6.6733,1.7656,4.737,4.6192,4.2141,4.5199,2.7535,NaN,3.1697,2.504,NaN,2.263,4.0618,3.2808,5.7873,NaN,NaN,5.453,NaN,2.7984,5.83,NaN,NaN,2.3857
NaN,NaN,NaN,NaN,NaN,NaN,4.5224,2.136,1.037,3.1881,1.691,0.94142,2.8985,3.2664,3.2898,1.5906,NaN,NaN,NaN,1.4584,1.6806,1.5008,NaN,3.2566,NaN,4.9629,NaN,2.5333,NaN,1.6148,NaN,NaN,NaN,NaN,3.8087,NaN,NaN,3.9122,4.7087,NaN,NaN,NaN,1.7939,2.4584,NaN,NaN,3.6828,2.1038,NaN,NaN,2.8094,NaN,5.0742,4.3716,NaN,NaN,NaN,NaN,3.1743,NaN,NaN,1.227,3.203,NaN,2.5057,NaN,NaN,NaN,NaN,NaN,NaN,1.5987,NaN,7.4475,2.6134,NaN,5.0529,1.641,2.5933,5.6665,5.0223,0.89705,0.65092,NaN,4.007,3.4366,NaN,6.937,0.73975,4.5551,4.2183,NaN,NaN,4.0471,NaN,4.1941,7.7035,NaN,NaN,2.1147
NaN,NaN,NaN,NaN,NaN,NaN,5.0643,2.4667,0.96338,2.9321,1.7029,3.4469,4.306,2.6272,3.4713,1.0127,NaN,NaN,NaN,2.1369,4.5521,3.1493,NaN,2.1738,NaN,2.6111,NaN,4.889,NaN,1.4469,NaN,NaN,NaN,NaN,0.43893,NaN,NaN,3.8055,2.2797,NaN,NaN,NaN,4.0333,3.2715,NaN,NaN,5.4302,2.0921,NaN,NaN,0.94158,NaN,6.6425,2.3695,NaN,NaN,NaN,NaN,3.3815,NaN,NaN,2.7589,1.9912,NaN,1.8471,NaN,NaN,NaN,NaN,NaN,NaN,6.6183,NaN,8.5421,3.9444,NaN,6.3509,1.9182,2.6049,4.292,9.732,3.0851,4.0187,NaN,2.4692,6.7882,NaN,2.4406,0.94075,3.2574,5.0238,NaN,NaN,3.2952,NaN,5.2622,7.117,NaN,NaN,0.2973
NaN,NaN,NaN,NaN,NaN,NaN,7.8793,2.4181,3.0357,1.1445,9.9491,5.4816,0.97995,6.7208,2.7764,5.548,NaN,NaN,NaN,2.7308,3.3975,2.5876,NaN,6.5626,NaN,2.8768,NaN,5.7182,NaN,2.8514,NaN,NaN,NaN,NaN,5.8763,NaN,NaN,4.6732,2.2956,NaN,NaN,NaN,6.9296,0.87799,NaN,NaN,1.8897,2.5709,NaN,NaN,2.5431,NaN,4.9102,5.474,NaN,NaN,NaN,NaN,1.381,NaN,NaN,3.146,5.4101,NaN,5.2521,NaN,NaN,NaN,NaN,NaN,NaN,8.1569,NaN,5.0222,4.7401,NaN,3.7262,2.5484,4.7305,5.7787,5.2262,3.7369,5.9249,NaN,2.9246,4.6847,NaN,5.3636,2.8281,0.76975,2.0714,NaN,NaN,1.7741,NaN,0.5348,4.8766,NaN,NaN,2.701
NaN,NaN,NaN,NaN,NaN,NaN,13.69,4.3654,7.5809,2.4034,19.913,7.5282,4.7245,7.3553,2.016,8.567,NaN,NaN,NaN,3.2718,8.0668,2.6134,NaN,9.3533,NaN,4.8407,NaN,4.6872,NaN,2.7594,NaN,NaN,NaN,NaN,7.0257,NaN,NaN,11.709,3.679,NaN,NaN,NaN,7.4576,3.1735,NaN,NaN,8.9457,2.2601,NaN,NaN,5.3395,NaN,4.3684,10.805,NaN,NaN,NaN,NaN,1.1457,NaN,NaN,0.68966,5.144,NaN,3.7408,NaN,NaN,NaN,NaN,NaN,NaN,4.9621,NaN,4.4127,4.6291,NaN,2.1021,2.0093,13.726,13.86,3.1074,3.2955,4.2676,NaN,2.5317,3.4387,NaN,8.0914,3.7483,2.1087,3.0846,NaN,NaN,5.6428,NaN,6.6733,1.4747,NaN,NaN,1.4352
NaN,NaN,NaN,NaN,NaN,NaN,17.798,4.1446,10.034,6.9231,20.427,7.0715,9.3828,8.16,2.628,7.9536,NaN,NaN,NaN,8.6695,12.697,2.2625,NaN,10.164,NaN,6.7311,NaN,2.1133,NaN,3.0597,NaN,NaN,NaN,NaN,11.732,NaN,NaN,12.555,3.6848,NaN,NaN,NaN,13.4,4.9832,NaN,NaN,9.2217,4.0122,NaN,NaN,2.8966,NaN,5.8794,10.249,NaN,NaN,NaN,NaN,3.0728,NaN,NaN,1.3256,4.0937,NaN,3.304,NaN,NaN,NaN,NaN,NaN,NaN,4.0834,NaN,2.7748,0.98373,NaN,2.374,0.69637,19.607,17.348,0.88893,3.9944,6.7534,NaN,1.6806,6.8924,NaN,10.263,0.70564,1.8127,9.7372,NaN,NaN,5.4723,NaN,7.5825,1.3916,NaN,NaN,0.76356
NaN,NaN,NaN,NaN,NaN,NaN,13.022,2.0119,7.0532,5.7518,10.541,5.7227,5.0811,7.9583,4.7658,7.5465,NaN,NaN,NaN,7.7136,8.5396,5.5464,NaN,8.7205,NaN,2.5453,NaN,3.1189,NaN,3.8283,NaN,NaN,NaN,NaN,10.527,NaN,NaN,4.9597,5.6289,NaN,NaN,NaN,9.3659,3.1481,NaN,NaN,2.7374,2.4112,NaN,NaN,2.7059,NaN,5.2883,7.5836,NaN,NaN,NaN,NaN,1.904,NaN,NaN,1.2532,4.7352,NaN,1.9083,NaN,NaN,NaN,NaN,NaN,NaN,5.5796,NaN,3.9821,3.165,NaN,2.2399,2.1279,13.531,12.405,2.7611,0.87354,11.938,NaN,0.13481,5.2231,NaN,8.8712,2.5783,3.5682,3.4019,NaN,NaN,3.4061,NaN,4.3346,3.6418,NaN,NaN,2.4794
NaN,NaN,NaN,NaN,NaN,NaN,2.267,3.187,1.944,2.9367,7.0131,4.0887,3.1991,5.6514,2.5873,3.399,NaN,NaN,NaN,6.3476,3.5688,1.8359,NaN,4.3139,NaN,3.044,NaN,4.6055,NaN,2.3996,NaN,NaN,NaN,NaN,2.6788,NaN,NaN,4.5254,2.5339,NaN,NaN,NaN,2.1416,1.2652,NaN,NaN,2.7142,2.093,NaN,NaN,3.6572,NaN,2.3732,6.0864,NaN,NaN,NaN,NaN,2.1629,NaN,NaN,1.0007,3.1286,NaN,3.5754,NaN,NaN,NaN,NaN,NaN,NaN,4.2544,NaN,4.8885,5.3087,NaN,0.75971,1.0277,7.1154,0.51334,7.0045,2.2167,5.4627,NaN,1.7116,3.7225,NaN,4.1037,4.6305,2.264,2.6933,NaN,NaN,0.69531,NaN,5.3711,3.1004,NaN,NaN,2.7786
NaN,NaN,NaN,NaN,NaN,NaN,4.2064,1.4717,1.5082,3.8499,2.7668,4.3563,3.5881,3.2564,0.59166,1.6066,NaN,NaN,NaN,0.72559,1.1296,3.3551,NaN,2.1784,NaN,6.6429,NaN,1.9949,NaN,3.2747,NaN,NaN,NaN,NaN,3.5939,NaN,NaN,5.8707,2.638,NaN,NaN,NaN,4.6155,1.0379,NaN,NaN,2.1678,6.3738,NaN,NaN,5.189,NaN,3.7705,5.2676,NaN,NaN,NaN,NaN,4.882,NaN,NaN,2.0615,2.1275,NaN,2.4887,NaN,NaN,NaN,NaN,NaN,NaN,1.4409,NaN,2.5909,0.54418,NaN,0.61941,1.4854,4.5093,2.9126,2.7355,0.36632,2.0894,NaN,3.7212,3.4686,NaN,4.1904,3.8442,4.6231,1.4966,NaN,NaN,2.3606,NaN,3.4661,3.5723,NaN,NaN,3.1988
NaN,NaN,NaN,NaN,NaN,NaN,5.9566,1.8091,2.4367,2.589,1.0839,3.8607,3.0388,0.79965,5.0238,2.3752,NaN,NaN,NaN,3.4893,2.8927,2.0351,NaN,3.2407,NaN,1.0133,NaN,0.51697,NaN,2.383,NaN,NaN,NaN,NaN,0.75704,NaN,NaN,4.0917,3.6995,NaN,NaN,NaN,5.6286,1.6824,NaN,NaN,0.74801,1.1667,NaN,NaN,1.65,NaN,2.5206,1.9941,NaN,NaN,NaN,NaN,2.3521,NaN,NaN,1.88,0.88898,NaN,1.1512,NaN,NaN,NaN,NaN,NaN,NaN,2.2176,NaN,4.6719,0.54086,NaN,0.87255,0.4337,6.722,2.4649,2.2215,1.9124,6.7677,NaN,1.7749,0.76626,NaN,1.4493,1.8149,4.2136,0.71694,NaN,NaN,1.4241,NaN,2.3163,3.1831,NaN,NaN,3.5503
NaN,NaN,NaN,NaN,NaN,NaN,4.1073,2.6012,1.3211,3.5457,2.7393,1.0983,1.2568,0.6903,2.0451,3.6705,NaN,NaN,NaN,2.3297,2.4287,1.722,NaN,2.2726,NaN,1.4882,NaN,3.2474,NaN,2.1382,NaN,NaN,NaN,NaN,0.63767,NaN,NaN,3.5226,0.98509,NaN,NaN,NaN,1.8406,3.0494,NaN,NaN,0.52504,0.1587,NaN,NaN,1.7843,NaN,4.5013,5.1103,NaN,NaN,NaN,NaN,0.78227,NaN,NaN,4.2927,1.1429,NaN,1.6438,NaN,NaN,NaN,NaN,NaN,NaN,3.1502,NaN,2.0122,3.2702,NaN,0.95382,0.99435,9.6155,0.69469,2.148,1.6013,0.42493,NaN,2.6506,0.55589,NaN,3.8399,1.8267,2.7621,1.8738,NaN,NaN,2.3003,NaN,3.5893,1.5764,NaN,NaN,3.4613
NaN,NaN,NaN,NaN,NaN,NaN,8.1273,1.1291,6.9437,6.9301,4.5754,4.3339,2.307,2.7085,3.5378,4.3779,NaN,NaN,NaN,7.7251,6.0178,5.4797,NaN,0.68542,NaN,1.9771,NaN,5.0306,NaN,4.5592,NaN,NaN,NaN,NaN,8.5587,NaN,NaN,3.0965,3.7931,NaN,NaN,NaN,10.801,1.5254,NaN,NaN,1.5386,2.1634,NaN,NaN,4.7854,NaN,4.9266,6.9738,NaN,NaN,NaN,NaN,1.6226,NaN,NaN,3.0226,4.4732,NaN,1.9728,NaN,NaN,NaN,NaN,NaN,NaN,1.4584,NaN,3.4121,3.6461,NaN,3.1502,2.7737,20.704,10.682,4.9089,5.8634,11.264,NaN,3.7155,8.2456,NaN,6.0374,2.5358,4.4608,4.4494,NaN,NaN,2.6432,NaN,3.9976,2.2703,NaN,NaN,0.46578
NaN,NaN,NaN,NaN,NaN,NaN,7.3989,4.7246,2.8114,2.0632,11.245,9.2835,4.9984,3.2012,8.2647,4.3849,NaN,NaN,NaN,6.3238,7.3724,2.1335,NaN,11.66,NaN,7.367,NaN,4.465,NaN,6.2804,NaN,NaN,NaN,NaN,9.0899,NaN,NaN,7.4017,9.546,NaN,NaN,NaN,4.9169,2.7293,NaN,NaN,7.0797,6.2574,NaN,NaN,7.2689,NaN,9.2106,6.0236,NaN,NaN,NaN,NaN,4.8547,NaN,NaN,6.951,13.593,NaN,5.3597,NaN,NaN,NaN,NaN,NaN,NaN,7.354,NaN,5.6426,8.5155,NaN,11.892,10.966,12.899,4.2369,10.702,6.4692,18.566,NaN,3.8412,1.6898,NaN,3.5373,6.3003,1.2138,3.7433,NaN,NaN,5.7186,NaN,15.081,7.9605,NaN,NaN,4.9329
NaN,NaN,NaN,NaN,NaN,NaN,5.6315,1.814,2.0702,1.2117,1.9578,2.1329,3.5309,1.8543,3.6201,6.3823,NaN,NaN,NaN,1.7748,9.8066,3.7956,NaN,3.9962,NaN,4.9825,NaN,0.34085,NaN,2.1725,NaN,NaN,NaN,NaN,6.5911,NaN,NaN,3.1696,3.0493,NaN,NaN,NaN,7.8367,3.2374,NaN,NaN,6.6007,2.4344,NaN,NaN,3.6083,NaN,4.6356,3.6946,NaN,NaN,NaN,NaN,3.0417,NaN,NaN,1.2063,4.2186,NaN,4.5169,NaN,NaN,NaN,NaN,NaN,NaN,2.5433,NaN,6.676,1.7209,NaN,1.3149,5.618,10.286,3.9081,2.0773,3.1766,9.555,NaN,6.2026,9.5978,NaN,1.1871,1.9132,3.2837,6.4015,NaN,NaN,3.5812,NaN,0.81283,4.5463,NaN,NaN,1.7212
NaN,NaN,NaN,NaN,NaN,NaN,4.0843,2.2635,3.5501,2.0354,0.69024,4.5774,5.4429,1.4226,5.9401,2.3627,NaN,NaN,NaN,1.0134,7.5923,3.1967,NaN,3.2391,NaN,2.5205,NaN,4.5588,NaN,1.8626,NaN,NaN,NaN,NaN,6.2239,NaN,NaN,1.5132,4.8889,NaN,NaN,NaN,7.3395,2.7848,NaN,NaN,5.7753,1.1172,NaN,NaN,1.0457,NaN,1.7206,5.1055,NaN,NaN,NaN,NaN,1.1223,NaN,NaN,1.8418,4.3314,NaN,2.5951,NaN,NaN,NaN,NaN,NaN,NaN,1.1907,NaN,3.1343,3.2349,NaN,3.0545,4.8217,13.624,3.1948,7.128,4.5023,4.7432,NaN,2.6591,3.9456,NaN,4.7338,1.6146,2.8675,6.7265,NaN,NaN,3.1955,NaN,1.0205,5.7838,NaN,NaN,2.0916
NaN,NaN,NaN,NaN,NaN,NaN,5.9472,0.69162,4.542,0.69121,4.6841,0.87661,5.4194,1.7901,4.8465,1.8062,NaN,NaN,NaN,4.4846,3.2558,4.0498,NaN,2.6729,NaN,4.0191,NaN,3.0555,NaN,3.64,NaN,NaN,NaN,NaN,4.4266,NaN,NaN,1.618,5.4143,NaN,NaN,NaN,1.6636,1.2419,NaN,NaN,2.9037,0.80534,NaN,NaN,3.0121,NaN,3.5028,4.6471,NaN,NaN,NaN,NaN,1.5529,NaN,NaN,2.101,3.3145,NaN,3.3822,NaN,NaN,NaN,NaN,NaN,NaN,4.5177,NaN,2.6552,2.2596,NaN,0.63819,1.6957,5.4569,1.1541,4.3505,2.5736,2.0592,NaN,1.8454,3.6642,NaN,2.9916,2.014,3.7751,2.9554,NaN,NaN,0.45683,NaN,4.4699,2.8216,NaN,NaN,4.4979
NaN,NaN,NaN,NaN,NaN,NaN,4.5683,0.62582,3.2346,0.2481,2.0124,3.2048,4.62,3.3865,4.8966,1.7094,NaN,NaN,NaN,3.1024,2.1445,2.3957,NaN,3.3322,NaN,2.7889,NaN,1.387,NaN,1.1288,NaN,NaN,NaN,NaN,3.5709,NaN,NaN,2.042,2.0344,NaN,NaN,NaN,4.642,0.70722,NaN,NaN,0.72343,1.1642,NaN,NaN,1.7711,NaN,0.89222,3.7371,NaN,NaN,NaN,NaN,2.0082,NaN,NaN,0.99722,2.5522,NaN,1.0042,NaN,NaN,NaN,NaN,NaN,NaN,3.8874,NaN,3.352,1.8751,NaN,1.0971,1.0134,5.6037,0.55089,1.1717,1.3198,4.2264,NaN,3.9342,3.1417,NaN,1.259,2.8889,1.303,0.94701,NaN,NaN,0.27251,NaN,3.7516,4.4134,NaN,NaN,2.2879
NaN,NaN,NaN,NaN,NaN,NaN,3.0585,2.3667,1.7018,0.79527,1.4673,3.777,3.3254,1.7623,0.88956,2.8189,NaN,NaN,NaN,1.0964,4.0969,2.3199,NaN,3.6828,NaN,1.1668,NaN,1.1021,NaN,1.4708,NaN,NaN,NaN,NaN,8.3583,NaN,NaN,1.2614,1.4789,NaN,NaN,NaN,2.5431,5.5447,NaN,NaN,1.3198,4.9273,NaN,NaN,2.0731,NaN,0.68128,2.0592,NaN,NaN,NaN,NaN,1.4547,NaN,NaN,1.0819,3.3088,NaN,3.2042,NaN,NaN,NaN,NaN,NaN,NaN,4.4002,NaN,1.8741,4.2339,NaN,0.73718,1.4267,1.4024,3.1601,3.7462,1.0902,3.2139,NaN,6.1173,8.7031,NaN,1.5544,1.0598,7.3016,2.7446,NaN,NaN,0.48871,NaN,3.7282,2.9227,NaN,NaN,0.65682
NaN,NaN,NaN,NaN,NaN,NaN,4.7343,1.5612,6.0557,1.149,2.5067,2.9391,4.6315,2.4924,1.9686,3.0193,NaN,NaN,NaN,2.6912,2.7358,2.2956,NaN,1.5695,NaN,2.586,NaN,3.0172,NaN,0.64801,NaN,NaN,NaN,NaN,8.5829,NaN,NaN,1.2673,2.842,NaN,NaN,NaN,3.9431,4.6118,NaN,NaN,1.983,1.8589,NaN,NaN,1.2042,NaN,4.2365,0.31568,NaN,NaN,NaN,NaN,3.4108,NaN,NaN,0.63113,1.7425,NaN,7.0694,NaN,NaN,NaN,NaN,NaN,NaN,2.1252,NaN,0.78907,1.9552,NaN,2.2535,1.4031,4.054,2.8299,1.6282,2.1603,4.9716,NaN,1.7031,8.237,NaN,3.8193,0.57188,5.6383,3.5976,NaN,NaN,1.8753,NaN,5.7853,3.9787,NaN,NaN,4.432
NaN,NaN,NaN,NaN,NaN,NaN,4.8568,3.1799,4.8957,2.6291,6.1963,2.6942,6.843,2.1908,5.2042,2.0724,NaN,NaN,NaN,3.992,8.1047,4.231,NaN,1.7507,NaN,2.8145,NaN,2.3301,NaN,3.1764,NaN,NaN,NaN,NaN,7.8903,NaN,NaN,3.4761,3.0215,NaN,NaN,NaN,3.4735,0.99452,NaN,NaN,3.4177,2.7027,NaN,NaN,2.0886,NaN,7.7647,0.53121,NaN,NaN,NaN,NaN,2.8816,NaN,NaN,1.7367,2.6575,NaN,5.8303,NaN,NaN,NaN,NaN,NaN,NaN,3.0002,NaN,4.6353,1.4608,NaN,0.48816,4.4235,5.019,7.8347,2.3349,2.5144,3.228,NaN,2.0296,5.002,NaN,5.6259,0.19176,1.2526,4.3765,NaN,NaN,5.4796,NaN,2.5532,6.1204,NaN,NaN,4.8235
NaN,NaN,NaN,NaN,NaN,NaN,2.5795,3.7629,4.3355,4.9404,7.8299,4.4464,6.4452,3.761,3.9554,4.8229,NaN,NaN,NaN,4.8742,11.891,4.1451,NaN,1.9657,NaN,0.29487,NaN,2.8163,NaN,4.8514,NaN,NaN,NaN,NaN,7.1729,NaN,NaN,4.7896,2.2794,NaN,NaN,NaN,2.7787,4.986,NaN,NaN,4.2629,6.9762,NaN,NaN,2.5658,NaN,7.3594,4.6717,NaN,NaN,NaN,NaN,4.2936,NaN,NaN,2.362,0.56115,NaN,2.082,NaN,NaN,NaN,NaN,NaN,NaN,4.5294,NaN,8.9937,3.3424,NaN,1.1609,5.0045,2.0962,8.4349,6.973,3.587,2.0668,NaN,4.5727,7.2258,NaN,4.4438,2.1848,4.8866,3.6199,NaN,NaN,5.5206,NaN,2.5013,5.9318,NaN,NaN,3.8707
NaN,NaN,NaN,NaN,NaN,NaN,5.9716,4.6397,7.4231,5.7763,12.57,2.1657,3.3362,2.0269,6.1796,5.543,NaN,NaN,NaN,4.688,8.8635,2.3722,NaN,3.1014,NaN,1.1815,NaN,2.3816,NaN,1.379,NaN,NaN,NaN,NaN,4.4522,NaN,NaN,6.4735,1.7972,NaN,NaN,NaN,7.539,8.1753,NaN,NaN,6.4117,8.7733,NaN,NaN,2.7816,NaN,3.6139,8.1458,NaN,NaN,NaN,NaN,5.4268,NaN,NaN,4.1794,2.7253,NaN,3.1754,NaN,NaN,NaN,NaN,NaN,NaN,4.2393,NaN,6.946,4.2031,NaN,2.6064,3.1776,12.855,8.526,6.3059,4.7653,4.3258,NaN,3.6098,7.7556,NaN,3.6804,2.0346,4.9529,3.1427,NaN,NaN,4.8161,NaN,4.5096,4.2765,NaN,NaN,1.3525
NaN,NaN,NaN,NaN,NaN,NaN,5.3586,1.2736,1.9865,4.8675,11.181,4.8062,1.329,2.1998,8.5745,6.4115,NaN,NaN,NaN,5.201,9.7596,6.4421,NaN,3.7214,NaN,2.8476,NaN,5.3414,NaN,3.6256,NaN,NaN,NaN,NaN,5.8938,NaN,NaN,8.1653,7.5556,NaN,NaN,NaN,4.1503,3.9372,NaN,NaN,4.5425,7.4425,NaN,NaN,4.3261,NaN,8.7199,7.429,NaN,NaN,NaN,NaN,4.6035,NaN,NaN,6.2618,7.33,NaN,3.9081,NaN,NaN,NaN,NaN,NaN,NaN,5.6814,NaN,8.9604,10.801,NaN,5.7895,1.98,6.1902,10.786,11.848,0.83238,7.2703,NaN,7.5492,4.8587,NaN,1.9587,1.7841,6.5504,0.7031,NaN,NaN,2.9547,NaN,10.981,4.6339,NaN,NaN,5.054
NaN,NaN,NaN,NaN,NaN,NaN,4.3859,2.4401,1.1502,2.2919,8.8735,2.9557,2.9534,1.7867,2.645,7.4552,NaN,NaN,NaN,1.6265,2.7825,2.6502,NaN,3.7867,NaN,1.5623,NaN,4.5983,NaN,3.2852,NaN,NaN,NaN,NaN,2.7138,NaN,NaN,1.2405,3.2576,NaN,NaN,NaN,2.055,3.5277,NaN,NaN,1.7164,2.7444,NaN,NaN,0.32834,NaN,3.4207,1.7997,NaN,NaN,NaN,NaN,4.8282,NaN,NaN,4.652,7.1004,NaN,5.3789,NaN,NaN,NaN,NaN,NaN,NaN,4.4128,NaN,3.3626,5.6406,NaN,5.3796,6.7735,8.4281,3.2922,3.13,2.4782,2.5215,NaN,2.4416,11.322,NaN,3.2566,3.7886,2.0889,3.2902,NaN,NaN,4.4751,NaN,8.1694,0.95063,NaN,NaN,4.1331
NaN,NaN,NaN,NaN,NaN,NaN,8.2463,4.0492,2.4668,3.3527,11.597,7.4095,5.4275,1.3679,6.6924,8.542,NaN,NaN,NaN,5.8335,8.0543,4.3756,NaN,10.546,NaN,2.3639,NaN,7.2513,NaN,4.8751,NaN,NaN,NaN,NaN,6.5894,NaN,NaN,2.9049,7.2083,NaN,NaN,NaN,2.4244,1.9468,NaN,NaN,7.962,1.1106,NaN,NaN,3.5367,NaN,6.3884,3.7498,NaN,NaN,NaN,NaN,5.7524,NaN,NaN,7.474,13.623,NaN,5.8018,NaN,NaN,NaN,NaN,NaN,NaN,9.4032,NaN,4.0126,9.9618,NaN,11.472,12.523,14.227,2.1415,4.8273,6.295,11.626,NaN,5.7952,8.3817,NaN,5.2746,6.0181,2.6265,5.3415,NaN,NaN,8.1292,NaN,17.323,4.6486,NaN,NaN,5.9565
NaN,NaN,NaN,NaN,NaN,NaN,12.245,8.6967,3.654,6.8219,7.1236,7.8647,3.4373,5.6431,1.6404,6.1418,NaN,NaN,NaN,8.2189,7.6855,9.3206,NaN,15.298,NaN,9.7756,NaN,7.8258,NaN,6.1446,NaN,NaN,NaN,NaN,9.5353,NaN,NaN,1.8935,8.9993,NaN,NaN,NaN,5.6573,1.7539,NaN,NaN,10.193,7.2804,NaN,NaN,9.6857,NaN,5.1406,2.5013,NaN,NaN,NaN,NaN,4.2436,NaN,NaN,3.5125,9.3434,NaN,4.4647,NaN,NaN,NaN,NaN,NaN,NaN,17.713,NaN,4.8816,12.137,NaN,11.17,13.303,13.039,3.5268,4.4387,6.2288,9.7566,NaN,1.7697,3.8573,NaN,4.3092,8.124,5.6963,5.2896,NaN,NaN,4.1787,NaN,14.365,9.7139,NaN,NaN,9.2272
NaN,NaN,NaN,NaN,NaN,NaN,12.713,8.1479,3.8414,7.9317,6.2513,6.5118,7.0791,8.1825,5.5768,7.1891,NaN,NaN,NaN,6.7427,10.363,11.048,NaN,13.344,NaN,1.4021,NaN,9.2599,NaN,4.1343,NaN,NaN,NaN,NaN,12.989,NaN,NaN,3.711,7.0684,NaN,NaN,NaN,1.2015,1.8357,NaN,NaN,11.711,7.24,NaN,NaN,5.9502,NaN,3.7755,5.7654,NaN,NaN,NaN,NaN,5.9671,NaN,NaN,3.5051,10.61,NaN,4.8896,NaN,NaN,NaN,NaN,NaN,NaN,15.057,NaN,7.445,11.615,NaN,9.349,15.675,11.154,6.6708,11.23,6.9885,8.5301,NaN,2.1126,12.354,NaN,8.4912,9.9644,4.9759,5.8946,NaN,NaN,8.014,NaN,14.619,5.2933,NaN,NaN,6.9297
NaN,NaN,NaN,NaN,NaN,NaN,4.311,2.8034,2.6416,3.2734,5.2558,4.512,3.9425,4.8359,7.9135,2.7715,NaN,NaN,NaN,1.7869,4.2333,7.6816,NaN,2.615,NaN,3.7132,NaN,3.9021,NaN,1.2718,NaN,NaN,NaN,NaN,5.6481,NaN,NaN,3.4552,6.9591,NaN,NaN,NaN,0.57925,5.6459,NaN,NaN,5.6789,8.5063,NaN,NaN,2.1495,NaN,5.5838,4.8917,NaN,NaN,NaN,NaN,4.1158,NaN,NaN,3.1144,7.5986,NaN,1.4231,NaN,NaN,NaN,NaN,NaN,NaN,6.1291,NaN,9.2614,5.6302,NaN,3.2341,8.4399,1.5516,11.671,10.64,4.5049,3.5655,NaN,6.7184,15.402,NaN,7.2245,5.3052,2.5203,7.656,NaN,NaN,6.0647,NaN,4.1704,4.5932,NaN,NaN,1.171
NaN,NaN,NaN,NaN,NaN,NaN,2.6769,4.1975,4.6425,4.0257,1.7301,4.2118,3.2799,3.193,2.4102,3.3211,NaN,NaN,NaN,4.0136,5.0904,1.7034,NaN,3.9742,NaN,4.1767,NaN,3.5539,NaN,2.4527,NaN,NaN,NaN,NaN,7.3574,NaN,NaN,3.98,3.9272,NaN,NaN,NaN,3.1612,4.8035,NaN,NaN,3.5464,5.1862,NaN,NaN,3.5733,NaN,3.1002,6.093,NaN,NaN,NaN,NaN,0.43763,NaN,NaN,3.4009,6.1912,NaN,0.7282,NaN,NaN,NaN,NaN,NaN,NaN,5.0612,NaN,4.0302,6.1187,NaN,2.0395,1.5821,5.7513,4.2797,4.992,3.2655,1.5567,NaN,7.8375,10.507,NaN,2.3637,2.2501,4.2599,5.3288,NaN,NaN,1.4657,NaN,4.7186,4.588,NaN,NaN,6.0286
NaN,NaN,NaN,NaN,NaN,NaN,4.4195,2.3832,4.487,1.3522,1.1028,3.565,2.9973,4.4914,2.9212,1.7224,NaN,NaN,NaN,0.94732,2.5444,2.6543,NaN,3.126,NaN,3.2862,NaN,2.0273,NaN,2.5235,NaN,NaN,NaN,NaN,1.8751,NaN,NaN,2.2014,0.26755,NaN,NaN,NaN,4.3476,1.8681,NaN,NaN,2.1147,1.0599,NaN,NaN,1.105,NaN,2.8779,2.8835,NaN,NaN,NaN,NaN,2.1366,NaN,NaN,2.8496,4.563,NaN,1.6257,NaN,NaN,NaN,NaN,NaN,NaN,2.5328,NaN,3.7165,3.2815,NaN,0.80169,0.87922,4.2792,1.9456,0.47426,3.3597,5.0824,NaN,4.0996,3.4119,NaN,3.6564,3.1394,0.49733,2.8748,NaN,NaN,0.56125,NaN,1.4043,4.0668,NaN,NaN,4.3541
NaN,NaN,NaN,NaN,NaN,NaN,4.3125,1.6634,0.95181,4.9538,3.2877,9.2337,5.2152,2.2565,3.2207,0.95881,NaN,NaN,NaN,1.9405,1.731,5.0135,NaN,2.9534,NaN,2.9104,NaN,2.7254,NaN,0.67566,NaN,NaN,NaN,NaN,7.7342,NaN,NaN,6.5532,2.5906,NaN,NaN,NaN,2.7876,2.3882,NaN,NaN,2.0905,1.5628,NaN,NaN,2.8921,NaN,2.8115,4.2195,NaN,NaN,NaN,NaN,3.6527,NaN,NaN,0.71305,1.4083,NaN,2.4616,NaN,NaN,NaN,NaN,NaN,NaN,3.6013,NaN,1.8218,0.21958,NaN,4.2672,2.0418,4.2085,3.5273,1.4462,6.8178,2.4567,NaN,2.7438,2.6605,NaN,1.518,2.7034,2.6914,3.3878,NaN,NaN,1.3903,NaN,2.8617,1.7368,NaN,NaN,3.433
NaN,NaN,NaN,NaN,NaN,NaN,3.3522,1.9521,1.1675,7.2338,5.2188,6.9515,5.9338,1.2492,3.1353,1.6712,NaN,NaN,NaN,4.7999,2.3908,3.2599,NaN,1.9623,NaN,3.127,NaN,3.3914,NaN,1.4138,NaN,NaN,NaN,NaN,5.6314,NaN,NaN,5.754,1.8387,NaN,NaN,NaN,3.65,4.7952,NaN,NaN,2.8889,0.62366,NaN,NaN,0.92917,NaN,2.1118,3.4664,NaN,NaN,NaN,NaN,4.177,NaN,NaN,0.52803,1.1969,NaN,4.5827,NaN,NaN,NaN,NaN,NaN,NaN,3.1247,NaN,3.5937,1.9247,NaN,3.0812,3.0415,4.1652,2.9934,2.1508,5.4907,2.9493,NaN,0.62677,3.1534,NaN,2.7557,1.6674,1.7193,4.3692,NaN,NaN,0.99151,NaN,4.9697,1.3443,NaN,NaN,3.9207
NaN,NaN,NaN,NaN,NaN,NaN,2.2144,3.9328,3.5177,3.5542,1.0874,1.4555,2.3446,5.1027,1.8866,1.2769,NaN,NaN,NaN,4.7142,3.2007,2.0365,NaN,2.4939,NaN,3.9085,NaN,2.6199,NaN,1.1279,NaN,NaN,NaN,NaN,2.9451,NaN,NaN,2.3765,5.0864,NaN,NaN,NaN,3.5122,2.2265,NaN,NaN,2.7735,1.5164,NaN,NaN,2.913,NaN,3.084,2.0219,NaN,NaN,NaN,NaN,1.6984,NaN,NaN,2.4859,1.2562,NaN,2.453,NaN,NaN,NaN,NaN,NaN,NaN,5.1343,NaN,2.1353,1.4271,NaN,4.6113,2.6092,1.6426,1.1846,3.5741,0.85138,1.0844,NaN,2.6807,2.0614,NaN,2.9187,3.0804,1.6849,2.0865,NaN,NaN,2.2814,NaN,3.8401,5.4795,NaN,NaN,2.1554
NaN,NaN,NaN,NaN,NaN,NaN,6.3414,0.241,1.2083,8.4627,6.4747,4.7908,4.746,3.1252,3.8471,1.6215,NaN,NaN,NaN,3.9796,3.5825,4.3701,NaN,2.8198,NaN,3.1709,NaN,1.917,NaN,2.4003,NaN,NaN,NaN,NaN,5.0652,NaN,NaN,4.7206,2.4651,NaN,NaN,NaN,5.4498,3.2972,NaN,NaN,5.7419,1.1147,NaN,NaN,4.4291,NaN,2.2633,3.5987,NaN,NaN,NaN,NaN,2.9474,NaN,NaN,1.2783,0.8582,NaN,3.0412,NaN,NaN,NaN,NaN,NaN,NaN,4.4251,NaN,1.8455,0.95141,NaN,5.305,3.0713,6.9829,4.7519,2.944,5.8516,3.2948,NaN,4.6305,3.1633,NaN,5.1323,2.1225,1.751,6.1228,NaN,NaN,3.0005,NaN,5.0916,3.8077,NaN,NaN,5.4059
NaN,NaN,NaN,NaN,NaN,NaN,7.0427,2.0037,1.1235,6.7292,2.1419,8.0738,3.8443,1.0718,7.8432,1.4561,NaN,NaN,NaN,4.3334,3.9157,5.1462,NaN,3.6474,NaN,2.4292,NaN,3.0609,NaN,3.3115,NaN,NaN,NaN,NaN,10.275,NaN,NaN,7.0211,1.5519,NaN,NaN,NaN,5.7605,2.1689,NaN,NaN,8.1624,3.5332,NaN,NaN,8.7264,NaN,6.2888,2.8739,NaN,NaN,NaN,NaN,7.9747,NaN,NaN,0.77471,6.1414,NaN,10.164,NaN,NaN,NaN,NaN,NaN,NaN,3.6122,NaN,2.8593,3.7999,NaN,3.3224,2.3786,5.7225,2.1234,1.833,8.4467,2.1538,NaN,4.7888,3.644,NaN,4.5994,2.0194,2.4218,6.9416,NaN,NaN,5.5965,NaN,3.1287,5.5925,NaN,NaN,5.2615
NaN,NaN,NaN,NaN,NaN,NaN,0.78604,1.3381,1.0245,4.4711,2.3054,3.4169,1.8361,4.1649,2.3484,1.9455,NaN,NaN,NaN,2.7241,2.1977,3.3702,NaN,2.1662,NaN,2.5952,NaN,3.1109,NaN,1.8725,NaN,NaN,NaN,NaN,2.6197,NaN,NaN,3.2437,3.1035,NaN,NaN,NaN,1.9198,1.0998,NaN,NaN,1.6512,2.8367,NaN,NaN,2.9953,NaN,3.2311,2.7507,NaN,NaN,NaN,NaN,0.86426,NaN,NaN,2.6195,4.554,NaN,5.5897,NaN,NaN,NaN,NaN,NaN,NaN,2.8023,NaN,2.9551,4.2092,NaN,1.2754,3.4281,2.336,1.9876,1.2576,1.9813,1.9177,NaN,5.677,1.2168,NaN,6.8916,0.43765,2.5276,2.075,NaN,NaN,1.734,NaN,2.7267,6.7068,NaN,NaN,2.2496
NaN,NaN,NaN,NaN,NaN,NaN,1.5927,3.1371,1.0543,6.5796,4.3353,2.0263,1.3313,4.2979,2.5977,3.6067,NaN,NaN,NaN,7.9461,2.4063,5.6486,NaN,1.2387,NaN,5.6967,NaN,4.3795,NaN,2.7477,NaN,NaN,NaN,NaN,2.9421,NaN,NaN,4.4314,4.0699,NaN,NaN,NaN,5.4222,0.9397,NaN,NaN,3.7344,1.8738,NaN,NaN,3.4245,NaN,3.5734,4.9138,NaN,NaN,NaN,NaN,1.58,NaN,NaN,3.7605,3.5181,NaN,5.1663,NaN,NaN,NaN,NaN,NaN,NaN,3.6399,NaN,1.0856,2.6903,NaN,1.7331,6.1503,6.8166,3.5179,2.2627,2.3353,2.7268,NaN,6.2854,5.1088,NaN,7.1577,4.4409,3.8917,5.6631,NaN,NaN,3.2442,NaN,6.7793,7.1496,NaN,NaN,3.4648
NaN,NaN,NaN,NaN,NaN,NaN,4.846,5.5677,2.8641,5.5357,3.1685,1.1363,3.9169,4.5993,2.011,4.9472,NaN,NaN,NaN,7.1608,6.8445,3.7388,NaN,2.0414,NaN,7.5898,NaN,4.6893,NaN,2.541,NaN,NaN,NaN,NaN,2.105,NaN,NaN,0.49379,7.2502,NaN,NaN,NaN,2.8913,2.1078,NaN,NaN,5.0053,2.0928,NaN,NaN,4.5825,NaN,3.1183,6.0404,NaN,NaN,NaN,NaN,2.6788,NaN,NaN,2.9429,2.2877,NaN,3.0939,NaN,NaN,NaN,NaN,NaN,NaN,2.7943,NaN,2.0594,5.2547,NaN,1.9072,4.6251,10.728,5.6551,3.119,3.072,0.72657,NaN,6.4695,8.1864,NaN,6.1361,6.4439,4.4837,7.0961,NaN,NaN,4.1081,NaN,9.4823,7.089,NaN,NaN,5.982
NaN,NaN,NaN,NaN,NaN,NaN,1.3104,5.5552,5.2391,4.6869,5.3326,3.6641,3.1311,10.625,1.6591,4.7199,NaN,NaN,NaN,2.0907,5.9903,2.5108,NaN,1.9726,NaN,4.6945,NaN,1.2936,NaN,2.8107,NaN,NaN,NaN,NaN,6.3143,NaN,NaN,2.448,10.763,NaN,NaN,NaN,2.604,1.9196,NaN,NaN,3.5123,3.2283,NaN,NaN,4.037,NaN,1.7912,1.7173,NaN,NaN,NaN,NaN,4.1506,NaN,NaN,1.8088,1.5385,NaN,0.44993,NaN,NaN,NaN,NaN,NaN,NaN,4.2877,NaN,4.296,5.8722,NaN,2.4473,3.2842,5.5192,2.3887,4.036,1.8515,1.5543,NaN,0.8344,2.7359,NaN,3.753,2.2354,4.0669,2.8478,NaN,NaN,1.578,NaN,7.3688,6.2901,NaN,NaN,5.0428
NaN,NaN,NaN,NaN,NaN,NaN,6.9363,6.1942,3.8156,10.967,9.176,6.33,6.4215,15.252,2.6993,7.1571,NaN,NaN,NaN,5.1664,3.1201,7.377,NaN,1.8,NaN,10.181,NaN,4.8099,NaN,3.1406,NaN,NaN,NaN,NaN,7.4733,NaN,NaN,3.0839,9.0107,NaN,NaN,NaN,5.6653,3.8618,NaN,NaN,1.46,2.5694,NaN,NaN,5.2069,NaN,3.975,8.9432,NaN,NaN,NaN,NaN,3.2368,NaN,NaN,6.4135,2.9713,NaN,2.0533,NaN,NaN,NaN,NaN,NaN,NaN,3.6702,NaN,5.9612,2.5175,NaN,2.8122,6.6268,5.6263,4.8692,3.1088,3.7936,2.7982,NaN,4.2796,6.442,NaN,2.2212,5.994,3.4977,3.8946,NaN,NaN,3.895,NaN,6.5933,4.6038,NaN,NaN,1.7606
NaN,NaN,NaN,NaN,NaN,NaN,10.06,1.5138,4.6026,17.586,10.761,2.4639,14.037,15.793,6.6599,8.7233,NaN,NaN,NaN,2.1198,2.4714,10.565,NaN,4.2352,NaN,10.102,NaN,5.326,NaN,1.2726,NaN,NaN,NaN,NaN,3.7977,NaN,NaN,4.9241,3.7265,NaN,NaN,NaN,8.35,7.1346,NaN,NaN,5.5006,2.4914,NaN,NaN,2.769,NaN,4.2258,4.8301,NaN,NaN,NaN,NaN,3.1802,NaN,NaN,4.5099,4.2069,NaN,6.4722,NaN,NaN,NaN,NaN,NaN,NaN,3.9591,NaN,7.3749,3.2743,NaN,2.7551,5.9524,13.357,6.5588,0.52741,1.3226,4.5644,NaN,2.0059,4.8771,NaN,5.6174,4.6121,1.8348,10.246,NaN,NaN,3.1229,NaN,5.2253,0.12141,NaN,NaN,2.4699
NaN,NaN,NaN,NaN,NaN,NaN,6.4036,3.5873,4.4478,10.441,9.0452,3.8906,7.4511,12.488,4.5792,6.5445,NaN,NaN,NaN,3.6439,2.2482,9.9431,NaN,4.2131,NaN,2.4827,NaN,1.6998,NaN,3.3818,NaN,NaN,NaN,NaN,4.6027,NaN,NaN,4.1435,5.8496,NaN,NaN,NaN,8.5589,4.3275,NaN,NaN,4.0415,3.4117,NaN,NaN,1.0103,NaN,4.5678,2.7442,NaN,NaN,NaN,NaN,4.6769,NaN,NaN,3.0051,6.1104,NaN,2.0564,NaN,NaN,NaN,NaN,NaN,NaN,3.3161,NaN,5.4902,8.4594,NaN,7.5065,2.5555,5.1854,3.5951,4.1321,2.0084,5.1678,NaN,2.8197,3.6876,NaN,2.4729,2.918,2.8633,7.679,NaN,NaN,3.1649,NaN,1.4424,1.032,NaN,NaN,3.5121
NaN,NaN,NaN,NaN,NaN,NaN,4.8235,6.9472,4.4842,1.4296,2.3059,4.6787,6.1526,3.1045,2.6691,4.8845,NaN,NaN,NaN,5.9335,3.8085,4.2926,NaN,2.3546,NaN,4.4504,NaN,2.9774,NaN,3.6844,NaN,NaN,NaN,NaN,1.395,NaN,NaN,3.5759,5.2649,NaN,NaN,NaN,3.9292,2.397,NaN,NaN,3.0474,2.8056,NaN,NaN,2.1748,NaN,3.4043,10.21,NaN,NaN,NaN,NaN,4.1248,NaN,NaN,2.4735,6.1168,NaN,3.0595,NaN,NaN,NaN,NaN,NaN,NaN,2.6895,NaN,2.7258,4.4414,NaN,9.7382,5.19,7.562,3.3737,8.1694,1.1626,3.5418,NaN,5.7868,8.6454,NaN,4.3153,6.3738,4.4534,2.9242,NaN,NaN,4.4856,NaN,6.1227,6.8239,NaN,NaN,3.2366
NaN,NaN,NaN,NaN,NaN,NaN,0.39864,4.603,1.8305,2.2527,4.2107,1.4713,3.7926,4.5311,2.3605,1.2896,NaN,NaN,NaN,4.2774,1.1795,4.4632,NaN,3.3799,NaN,2.1774,NaN,2.3417,NaN,1.8335,NaN,NaN,NaN,NaN,2.6694,NaN,NaN,0.76946,4.144,NaN,NaN,NaN,2.6804,1.8125,NaN,NaN,1.3186,1.8858,NaN,NaN,1.6815,NaN,4.7477,5.6464,NaN,NaN,NaN,NaN,2.6065,NaN,NaN,3.8626,1.9384,NaN,2.6693,NaN,NaN,NaN,NaN,NaN,NaN,1.6271,NaN,2.7946,2.4022,NaN,3.1891,2.9071,7.1113,2.5718,4.2727,2.252,1.6862,NaN,4.0996,4.3933,NaN,7.3227,2.8264,1.1946,5.6049,NaN,NaN,1.1825,NaN,3.8272,7.7911,NaN,NaN,4.4142
NaN,NaN,NaN,NaN,NaN,NaN,2.3653,0.91933,4.6174,4.5923,1.3207,2.4429,2.5431,3.7488,2.3746,1.8785,NaN,NaN,NaN,5.0274,1.496,5.2825,NaN,4.7748,NaN,5.8828,NaN,1.569,NaN,3.2755,NaN,NaN,NaN,NaN,2.9605,NaN,NaN,2.6453,3.4372,NaN,NaN,NaN,4.0735,1.7353,NaN,NaN,2.0794,5.8414,NaN,NaN,5.0983,NaN,3.5934,3.888,NaN,NaN,NaN,NaN,3.8888,NaN,NaN,3.258,0.75062,NaN,2.9435,NaN,NaN,NaN,NaN,NaN,NaN,2.6997,NaN,2.6514,3.141,NaN,2.0863,1.5789,4.8688,2.4597,3.9932,0.88328,2.8495,NaN,5.16,3.6971,NaN,6.0235,2.7017,6.1957,5.3819,NaN,NaN,2.1374,NaN,1.5372,5.384,NaN,NaN,6.3698
NaN,NaN,NaN,NaN,NaN,NaN,5.3187,1.6132,1.9495,2.7028,1.6198,4.3452,1.7325,1.6035,0.74772,0.52588,NaN,NaN,NaN,2.746,1.6845,0.4569,NaN,3.8564,NaN,2.5332,NaN,1.1961,NaN,1.8491,NaN,NaN,NaN,NaN,1.0228,NaN,NaN,1.1101,1.9154,NaN,NaN,NaN,7.9451,1.1888,NaN,NaN,1.3,2.0588,NaN,NaN,3.2432,NaN,3.8706,1.8182,NaN,NaN,NaN,NaN,2.7942,NaN,NaN,3.9301,1.6332,NaN,2.9807,NaN,NaN,NaN,NaN,NaN,NaN,2.2759,NaN,4.0907,2.8416,NaN,3.4745,1.0455,4.4099,3.9234,2.8571,3.476,5.1333,NaN,4.2168,2.2293,NaN,0.8061,1.6764,5.0578,4.5746,NaN,NaN,1.3579,NaN,2.7005,2.7173,NaN,NaN,4.489
NaN,NaN,NaN,NaN,NaN,NaN,4.6404,2.4866,1.3014,3.7747,2.2733,0.82905,3.4549,1.633,6.5129,2.6382,NaN,NaN,NaN,1.4093,4.0734,3.1258,NaN,1.1626,NaN,5.6507,NaN,2.2913,NaN,2.8704,NaN,NaN,NaN,NaN,1.4411,NaN,NaN,1.3516,3.172,NaN,NaN,NaN,5.3988,0.6093,NaN,NaN,1.5771,2.3773,NaN,NaN,1.7749,NaN,6.2792,2.7492,NaN,NaN,NaN,NaN,1.5375,NaN,NaN,4.3671,2.7265,NaN,3.7044,NaN,NaN,NaN,NaN,NaN,NaN,1.879,NaN,1.4504,3.7323,NaN,0.82594,0.9158,4.1791,2.5628,1.1602,3.5809,2.2853,NaN,2.5353,3.9868,NaN,0.14015,2.7793,0.37544,3.5538,NaN,NaN,0.5512,NaN,2.4506,1.7899,NaN,NaN,2.6508
NaN,NaN,NaN,NaN,NaN,NaN,2.4647,1.9428,8.4182,4.1979,0.88341,4.1089,6.3894,0.98091,3.1903,3.9778,NaN,NaN,NaN,3.5528,3.2507,2.9196,NaN,1.1242,NaN,1.6035,NaN,0.9051,NaN,1.2196,NaN,NaN,NaN,NaN,1.4479,NaN,NaN,2.9709,1.7162,NaN,NaN,NaN,1.0803,2.1198,NaN,NaN,3.488,3.5851,NaN,NaN,0.47629,NaN,2.4856,5.9073,NaN,NaN,NaN,NaN,2.024,NaN,NaN,1.533,5.1413,NaN,3.9412,NaN,NaN,NaN,NaN,NaN,NaN,3.8017,NaN,1.1182,1.3772,NaN,4.8261,2.6861,3.9544,0.39421,3.3551,1.4752,1.5034,NaN,1.6839,2.4403,NaN,1.3829,0.72785,3.1232,2.3757,NaN,NaN,3.3646,NaN,1.856,1.8974,NaN,NaN,2.7309
NaN,NaN,NaN,NaN,NaN,NaN,1.8953,3.9379,9.0125,9.2696,5.694,0.33676,8.0587,6.3802,2.2797,1.3856,NaN,NaN,NaN,4.1636,1.8977,10.409,NaN,5.0623,NaN,4.4084,NaN,3.694,NaN,1.9288,NaN,NaN,NaN,NaN,1.414,NaN,NaN,5.6105,1.7072,NaN,NaN,NaN,7.4898,7.1558,NaN,NaN,2.2542,5.0595,NaN,NaN,1.603,NaN,4.9312,2.542,NaN,NaN,NaN,NaN,2.3518,NaN,NaN,3.4156,7.3436,NaN,2.2094,NaN,NaN,NaN,NaN,NaN,NaN,6.9331,NaN,5.9436,4.8581,NaN,6.3496,0.85918,12.771,3.0822,1.7458,6.6931,2.4229,NaN,5.3995,3.7661,NaN,3.365,3.5839,1.2329,11.785,NaN,NaN,2.3173,NaN,4.0258,2.0034,NaN,NaN,0.07676
NaN,NaN,NaN,NaN,NaN,NaN,10.803,7.0462,4.204,9.5015,1.3692,3.199,4.6716,5.6087,2.797,5.7092,NaN,NaN,NaN,11.143,3.6116,9.1239,NaN,11.484,NaN,6.8177,NaN,7.6697,NaN,1.7053,NaN,NaN,NaN,NaN,6.9597,NaN,NaN,4.3133,6.7472,NaN,NaN,NaN,2.7202,4.1474,NaN,NaN,8.1095,8.4253,NaN,NaN,10.899,NaN,5.9322,5.7628,NaN,NaN,NaN,NaN,4.1915,NaN,NaN,6.6195,4.6491,NaN,6.5008,NaN,NaN,NaN,NaN,NaN,NaN,18.262,NaN,4.9402,13.635,NaN,6.3208,6.372,2.4933,6.2663,7.4701,2.3163,5.7548,NaN,4.0397,7.902,NaN,7.0025,4.0638,6.4806,6.8934,NaN,NaN,1.2092,NaN,13.813,8.1316,NaN,NaN,8.7117
NaN,NaN,NaN,NaN,NaN,NaN,2.5734,0.81888,1.3406,1.471,4.5403,2.8892,1.7431,1.7393,3.6849,2.8188,NaN,NaN,NaN,1.0529,1.2131,5.3403,NaN,5.8046,NaN,4.2787,NaN,1.8488,NaN,2.8707,NaN,NaN,NaN,NaN,2.4938,NaN,NaN,1.2299,2.7677,NaN,NaN,NaN,1.7965,3.5846,NaN,NaN,3.2635,2.6615,NaN,NaN,1.9612,NaN,2.7274,3.072,NaN,NaN,NaN,NaN,3.7679,NaN,NaN,4.663,2.959,NaN,4.0823,NaN,NaN,NaN,NaN,NaN,NaN,0.37953,NaN,2.9273,1.3002,NaN,0.9162,2.0967,3.8985,0.49725,1.1863,6.1802,2.5239,NaN,6.0374,2.851,NaN,1.9266,2.2338,1.9352,4.8817,NaN,NaN,1.8919,NaN,2.9052,4.6886,NaN,NaN,2.3854
NaN,NaN,NaN,NaN,NaN,NaN,6.3337,1.1534,4.5798,3.2172,0.72277,0.65073,2.3253,5.1272,3.5252,4.2939,NaN,NaN,NaN,1.7603,1.5643,6.0073,NaN,8.7789,NaN,11.38,NaN,3.3655,NaN,3.0383,NaN,NaN,NaN,NaN,5.2336,NaN,NaN,5.3954,2.6557,NaN,NaN,NaN,2.3729,7.5754,NaN,NaN,6.3961,6.131,NaN,NaN,2.7945,NaN,2.5925,2.9924,NaN,NaN,NaN,NaN,6.8397,NaN,NaN,1.8854,2.8195,NaN,2.2391,NaN,NaN,NaN,NaN,NaN,NaN,2.8672,NaN,1.8254,0.94704,NaN,5.8312,2.8972,13.072,5.678,1.6584,7.6645,3.7186,NaN,5.6493,2.8458,NaN,3.641,2.9662,0.507,6.7178,NaN,NaN,5.0423,NaN,7.0902,4.1639,NaN,NaN,1.4684
NaN,NaN,NaN,NaN,NaN,NaN,4.6165,3.386,4.6352,4.7308,0.85338,3.5174,5.1279,1.3442,1.2878,4.5785,NaN,NaN,NaN,0.99975,2.6341,1.8919,NaN,0.70685,NaN,3.3942,NaN,1.6814,NaN,2.3491,NaN,NaN,NaN,NaN,1.4418,NaN,NaN,3.1713,2.8446,NaN,NaN,NaN,5.4359,1.6506,NaN,NaN,5.4989,4.8586,NaN,NaN,2.1925,NaN,1.1339,2.5248,NaN,NaN,NaN,NaN,3.4124,NaN,NaN,1.3286,2.613,NaN,2.9416,NaN,NaN,NaN,NaN,NaN,NaN,2.6889,NaN,2.322,1.8803,NaN,6.2682,2.507,7.3617,4.3932,1.7437,1.6533,2.2243,NaN,1.516,1.4338,NaN,5.9966,3.2225,1.0344,1.8095,NaN,NaN,3.3458,NaN,2.0458,1.5927,NaN,NaN,3.6081
NaN,NaN,NaN,NaN,NaN,NaN,4.0748,2.5342,1.3534,2.9474,0.95996,1.0222,2.7099,4.5076,2.9173,1.0569,NaN,NaN,NaN,1.4745,1.9662,1.4411,NaN,0.72078,NaN,6.0137,NaN,2.9065,NaN,2.8394,NaN,NaN,NaN,NaN,1.5524,NaN,NaN,1.4987,1.743,NaN,NaN,NaN,4.7898,1.6011,NaN,NaN,5.0339,1.7552,NaN,NaN,1.8801,NaN,3.9631,5.2067,NaN,NaN,NaN,NaN,0.77103,NaN,NaN,3.2605,2.2783,NaN,3.808,NaN,NaN,NaN,NaN,NaN,NaN,2.8193,NaN,2.1814,3.8379,NaN,3.1123,0.87952,0.34031,1.1848,1.2551,2.9946,4.1883,NaN,4.0869,1.5928,NaN,4.8225,1.4106,1.0251,2.9232,NaN,NaN,1.7887,NaN,3.0701,2.5002,NaN,NaN,1.5327
NaN,NaN,NaN,NaN,NaN,NaN,4.4903,3.8316,3.6122,3.6382,2.0115,2.9444,1.7518,3.5551,3.2018,2.4853,NaN,NaN,NaN,4.1126,5.2424,2.9422,NaN,0.92545,NaN,4.9916,NaN,4.4208,NaN,2.2262,NaN,NaN,NaN,NaN,3.4965,NaN,NaN,3.7158,6.0537,NaN,NaN,NaN,3.6957,3.125,NaN,NaN,3.6684,3.9356,NaN,NaN,2.9313,NaN,4.4731,7.4786,NaN,NaN,NaN,NaN,2.1444,NaN,NaN,2.4892,5.8739,NaN,3.0493,NaN,NaN,NaN,NaN,NaN,NaN,5.6427,NaN,4.9021,4.5274,NaN,2.7172,0.65156,5.3027,5.0703,4.5653,4.4692,2.0101,NaN,5.7233,8.5985,NaN,3.9968,2.4381,2.3315,5.7738,NaN,NaN,1.6934,NaN,6.1517,3.3905,NaN,NaN,6.7744
NaN,NaN,NaN,NaN,NaN,NaN,3.8183,1.0618,1.7433,2.7156,1.4371,2.2366,2.9627,1.153,4.5452,3.5866,NaN,NaN,NaN,1.7463,6.259,3.6467,NaN,0.71692,NaN,2.433,NaN,2.2984,NaN,3.0178,NaN,NaN,NaN,NaN,2.9672,NaN,NaN,4.761,4.0952,NaN,NaN,NaN,3.428,1.9676,NaN,NaN,5.2641,4.0426,NaN,NaN,0.86382,NaN,2.2116,4.6144,NaN,NaN,NaN,NaN,2.4608,NaN,NaN,1.6471,4.96,NaN,0.6602,NaN,NaN,NaN,NaN,NaN,NaN,5.0418,NaN,1.4932,1.4272,NaN,4.0277,0.57756,5.7795,6.2206,3.6154,2.854,3.264,NaN,2.3573,5.5494,NaN,6.1302,2.9606,3.2866,1.9816,NaN,NaN,0.81674,NaN,5.1696,1.694,NaN,NaN,3.8429
NaN,NaN,NaN,NaN,NaN,NaN,2.787,4.0399,2.5998,3.121,2.7602,3.558,4.6249,4.4691,1.7037,4.4515,NaN,NaN,NaN,1.7172,5.1303,2.6922,NaN,4.7178,NaN,7.4668,NaN,2.2645,NaN,3.2935,NaN,NaN,NaN,NaN,5.0958,NaN,NaN,5.8759,3.9315,NaN,NaN,NaN,1.1051,6.3918,NaN,NaN,8.8114,3.232,NaN,NaN,3.6338,NaN,1.4352,8.2507,NaN,NaN,NaN,NaN,7.379,NaN,NaN,1.8847,1.5516,NaN,8.7906,NaN,NaN,NaN,NaN,NaN,NaN,4.454,NaN,3.45,2.0025,NaN,2.9115,2.4606,8.6747,6.3464,1.9795,2.4389,1.8867,NaN,6.4107,9.6543,NaN,6.4471,3.7439,0.97273,3.9781,NaN,NaN,2.5423,NaN,9.859,2.8733,NaN,NaN,3.7101
NaN,NaN,NaN,NaN,NaN,NaN,2.2396,5.2517,3.039,5.6828,5.2835,6.1638,5.6246,5.8162,7.8492,3.0551,NaN,NaN,NaN,3.9653,3.8356,2.9448,NaN,5.492,NaN,5.123,NaN,4.2268,NaN,5.2387,NaN,NaN,NaN,NaN,2.9234,NaN,NaN,2.0031,6.9522,NaN,NaN,NaN,4.2452,5.669,NaN,NaN,6.6081,7.7235,NaN,NaN,4.8336,NaN,3.7987,8.0542,NaN,NaN,NaN,NaN,8.1251,NaN,NaN,7.6452,1.8698,NaN,10.789,NaN,NaN,NaN,NaN,NaN,NaN,4.4592,NaN,8.0999,2.5473,NaN,5.6503,4.2359,7.5684,1.0047,4.918,6.4827,2.4494,NaN,11.165,10.494,NaN,4.5133,7.5652,1.986,7.5137,NaN,NaN,2.4634,NaN,6.538,8.991,NaN,NaN,6.9458
NaN,NaN,NaN,NaN,NaN,NaN,8.0453,3.9008,5.4327,8.9493,3.8327,3.6901,7.0234,7.0498,7.508,4.4796,NaN,NaN,NaN,4.6405,6.7571,6.348,NaN,9.6204,NaN,9.1472,NaN,6.277,NaN,7.6353,NaN,NaN,NaN,NaN,9.5903,NaN,NaN,9.8363,6.8666,NaN,NaN,NaN,5.0873,7.0977,NaN,NaN,3.0766,11.509,NaN,NaN,3.2064,NaN,5.6505,5.9991,NaN,NaN,NaN,NaN,8.6888,NaN,NaN,8.6069,4.328,NaN,6.4046,NaN,NaN,NaN,NaN,NaN,NaN,6.615,NaN,8.8433,4.7398,NaN,7.0979,6.7083,13.929,7.7707,4.9079,5.3948,10.496,NaN,7.113,7.819,NaN,5.0598,8.037,5.9298,4.8517,NaN,NaN,2.8182,NaN,2.8421,11.217,NaN,NaN,8.6591
NaN,NaN,NaN,NaN,NaN,NaN,4.1275,5.8874,2.5085,9.1293,4.1222,6.8959,5.9573,7.7213,8.2554,2.7127,NaN,NaN,NaN,6.152,5.9295,3.7283,NaN,1.4285,NaN,5.9873,NaN,4.4171,NaN,7.5029,NaN,NaN,NaN,NaN,2.946,NaN,NaN,3.9298,8.4573,NaN,NaN,NaN,6.7499,4.0446,NaN,NaN,6.4967,3.2713,NaN,NaN,7.321,NaN,2.8594,8.5001,NaN,NaN,NaN,NaN,6.0418,NaN,NaN,5.5512,2.6681,NaN,11.586,NaN,NaN,NaN,NaN,NaN,NaN,6.3255,NaN,5.1464,4.7249,NaN,7.5789,3.8264,7.5283,3.5613,7.5804,4.344,3.5424,NaN,9.5873,8.996,NaN,9.619,4.1585,3.7897,3.8278,NaN,NaN,5.0611,NaN,8.684,9.4962,NaN,NaN,5.8669
NaN,NaN,NaN,NaN,NaN,NaN,1.4364,4.7034,3.2975,2.755,3.4913,2.2355,3.1091,8.9748,4.4183,3.9348,NaN,NaN,NaN,1.6638,0.33669,9.9933,NaN,3.6656,NaN,5.5603,NaN,4.8684,NaN,5.7734,NaN,NaN,NaN,NaN,5.7573,NaN,NaN,5.0097,0.90245,NaN,NaN,NaN,4.2303,2.2423,NaN,NaN,1.5925,7.6531,NaN,NaN,2.9009,NaN,6.1125,1.3618,NaN,NaN,NaN,NaN,2.3586,NaN,NaN,4.2246,4.2335,NaN,1.9156,NaN,NaN,NaN,NaN,NaN,NaN,2.3806,NaN,5.893,7.6917,NaN,4.3674,3.7337,3.8432,7.2459,2.7219,3.0518,5.6404,NaN,1.4329,6.0021,NaN,10.221,3.0449,1.7348,4.4455,NaN,NaN,0.89502,NaN,2.1121,1.7415,NaN,NaN,2.4502
NaN,NaN,NaN,NaN,NaN,NaN,9.379,7.2832,2.1392,7.9397,1.5055,2.3858,3.2523,12.095,3.5982,8.046,NaN,NaN,NaN,7.3391,5.8424,10.856,NaN,9.9028,NaN,4.2535,NaN,8.3165,NaN,2.2944,NaN,NaN,NaN,NaN,11.432,NaN,NaN,2.6215,4.7432,NaN,NaN,NaN,4.2097,1.944,NaN,NaN,8.0405,7.0322,NaN,NaN,7.7651,NaN,5.2453,6.6832,NaN,NaN,NaN,NaN,4.1267,NaN,NaN,5.7903,3.0252,NaN,6.7172,NaN,NaN,NaN,NaN,NaN,NaN,9.7065,NaN,3.7061,11.644,NaN,3.819,6.7562,0.36733,6.1248,10.003,2.3949,4.7681,NaN,2.6796,8.5356,NaN,10.641,6.7716,6.5554,3.7843,NaN,NaN,0.77662,NaN,7.7978,3.3618,NaN,NaN,4.4493
