2.9777,1.3783,12.931,3.5859,1.6117,15.482,1.5849,9.8259,0.66659,4.8176,9.47,NaN,8.2836,13.683,2.8413,2.6125,4.6034,0.91292,NaN,8.8762,1.5864,NaN,NaN,NaN,9.4667,1.7071,NaN,7.6069,2.1639,NaN,NaN,NaN,NaN,NaN,34.933,NaN,NaN,2.4518,NaN,3.9716,10.884,15.392,6.132,6.222,5.54,3.2273,4.3398,3.2105,6.953,6.2036,3.918,5.7399,NaN,13.862,NaN,NaN,NaN,14.908,2.92,NaN,NaN,NaN,2.9109,4.3626,NaN,5.9039,4.8889,9.8388,23.529,5.5205,7.1659,13.653,0.22994,17.38,NaN,3.5488,3.0137,3.8218,NaN,4.8532,NaN,5.2511,NaN,9.4426,NaN,NaN,NaN,2.994,NaN,NaN,6.6902,NaN,NaN,NaN,NaN,NaN,NaN,3.7016,3.2058,NaN
5.021,3.7737,2.3988,5.1424,7.2417,17.58,1.54,0.96203,2.069,3.1133,2.4169,NaN,9.2389,7.7116,2.4545,10.164,0.70406,2.7033,NaN,10.461,6.0083,NaN,NaN,NaN,11.169,3.2708,NaN,6.5758,8.9028,NaN,NaN,NaN,NaN,NaN,5.0959,NaN,NaN,1.8188,NaN,2.9273,7.2765,11.79,5.6319,11.533,10.069,4.4098,4.1359,1.6036,2.4491,2.9718,6.1541,5.7971,NaN,3.6622,NaN,NaN,NaN,8.6592,6.2022,NaN,NaN,NaN,8.6964,12.478,NaN,5.7762,13.291,13.014,12.501,4.1576,5.652,14.637,3.6918,6.1597,NaN,6.7345,10.236,1.7712,NaN,7.8078,NaN,3.4152,NaN,8.6645,NaN,NaN,NaN,2.9986,NaN,NaN,19.938,NaN,NaN,NaN,NaN,NaN,NaN,3.2891,8.0247,NaN
2.7331,3.6667,7.8724,3.2211,5.765,20.516,2.2536,0.83558,7.1084,2.7358,4.6354,NaN,4.9477,0.62511,4.2281,0.68348,2.0255,3.3235,NaN,4.2426,3.7216,NaN,NaN,NaN,5.581,2.8009,NaN,2.7096,6.6821,NaN,NaN,NaN,NaN,NaN,9.4095,NaN,NaN,4.0948,NaN,2.0643,5.5544,9.0076,1.7506,3.4401,12.909,6.0372,3.2596,3.5551,5.5042,3.7673,7.7802,6.7662,NaN,10.897,NaN,NaN,NaN,7.9305,2.183,NaN,NaN,NaN,5.1354,4.0649,NaN,3.4263,9.4652,5.5309,30.912,10.499,8.8508,15.545,0.34351,8.9239,NaN,1.1524,5.6064,3.1147,NaN,2.7444,NaN,2.6472,NaN,14.272,NaN,NaN,NaN,1.2106,NaN,NaN,14.007,NaN,NaN,NaN,NaN,NaN,NaN,4.104,7.6517,NaN
7.2567,4.4702,3.3972,3.5546,5.9052,4.8296,7.5279,1.7477,5.8283,11.129,2.9791,NaN,0.70231,9.1958,2.0987,4.7076,3.5174,5.9525,NaN,3.2735,4.8169,NaN,NaN,NaN,11.506,3.9948,NaN,1.5705,6.2806,NaN,NaN,NaN,NaN,NaN,8.1036,NaN,NaN,4.1141,NaN,1.6122,7.0498,10.052,3.8925,8.5695,9.8319,14.505,14.814,2.7459,2.9343,4.3703,12.358,3.0967,NaN,12.119,NaN,NaN,NaN,5.6654,1.8435,NaN,NaN,NaN,2.7445,5.6525,NaN,6.868,7.8605,2.2162,4.1916,10.629,6.0413,18.358,0.81549,4.0267,NaN,1.5149,9.3541,5.6472,NaN,6.0986,NaN,3.613,NaN,10.555,NaN,NaN,NaN,1.5902,NaN,NaN,8.1895,NaN,NaN,NaN,NaN,NaN,NaN,5.0816,15.646,NaN
40.822,2.4481,5.867,1.269,6.9329,11.179,4.0895,0.62293,8.0576,10.443,2.451,NaN,2.4561,5.8907,8.6187,4.8027,5.6906,5.9934,NaN,3.8591,5.2472,NaN,NaN,NaN,10.937,5.1662,NaN,8.5433,8.0262,NaN,NaN,NaN,NaN,NaN,6.7798,NaN,NaN,6.8266,NaN,1.0651,2.035,7.2137,4.0784,5.9222,10.051,10.793,9.9106,2.9234,3.1125,1.3702,7.8523,7.3272,NaN,8.0416,NaN,NaN,NaN,7.4732,1.8265,NaN,NaN,NaN,3.8022,3.93,NaN,3.6108,11.665,3.3647,5.6033,10.066,3.2596,8.1749,2.0663,7.2193,NaN,1.8282,14.43,3.7925,NaN,3.397,NaN,1.8182,NaN,11.374,NaN,NaN,NaN,1.3298,NaN,NaN,12.411,NaN,NaN,NaN,NaN,NaN,NaN,6.724,15.927,NaN
7.2212,5.0768,7.0957,0.54849,1.7036,10.005,2.0626,0.65298,3.4354,9.6972,1.6578,NaN,1.8731,5.7843,5.0293,8.3492,8.3372,4.2747,NaN,4.737,7.8222,NaN,NaN,NaN,9.0533,4.0867,NaN,12.398,6.503,NaN,NaN,NaN,NaN,NaN,4.7201,NaN,NaN,7.6853,NaN,0.70168,8.2962,8.1734,4.3039,3.4441,6.0361,6.5974,4.8787,2.9941,3.4039,2.7941,7.2963,8.204,NaN,2.4407,NaN,NaN,NaN,5.9832,3.601,NaN,NaN,NaN,10.205,7.6972,NaN,4.2452,5.7871,9.9978,2.9665,6.1021,10.658,6.6487,3.4977,4.9207,NaN,4.7324,16.392,0.43771,NaN,1.9527,NaN,1.7616,NaN,6.4061,NaN,NaN,NaN,1.5071,NaN,NaN,15.513,NaN,NaN,NaN,NaN,NaN,NaN,3.8865,14.834,NaN
3.0453,6.0505,2.7671,1.7026,12.771,10.448,1.641,2.8018,0.85783,4.2732,5.6008,NaN,6.3134,12.034,4.6961,5.2443,6.0538,6.0871,NaN,5.4799,15.174,NaN,NaN,NaN,3.5981,7.1407,NaN,6.8857,5.0179,NaN,NaN,NaN,NaN,NaN,1.5342,NaN,NaN,1.6294,NaN,1.1923,7.1791,8.1522,9.9107,3.9114,7.7602,1.0796,2.0387,3.5612,4.9173,2.8699,7.8425,2.1616,NaN,3.1373,NaN,NaN,NaN,2.9972,9.111,NaN,NaN,NaN,11.636,8.8595,NaN,2.9446,14.497,12.494,8.0566,6.8532,7.2218,15.531,3.2736,5.764,NaN,0.51618,11.708,3.9776,NaN,10.2,NaN,2.3486,NaN,3.8125,NaN,NaN,NaN,4.0297,NaN,NaN,7.1415,NaN,NaN,NaN,NaN,NaN,NaN,3.1697,7.9645,NaN
12.495,6.2092,3.3947,1.4224,4.9108,8.5262,4.2702,5.3718,2.4921,1.9348,9.1094,NaN,9.4015,10.253,14.909,2.5939,10.787,18.945,NaN,3.2976,8.0956,NaN,NaN,NaN,3.6423,11.85,NaN,11.006,2.2344,NaN,NaN,NaN,NaN,NaN,4.6432,NaN,NaN,2.4826,NaN,2.5627,8.6307,20.168,6.0631,0.81697,6.7038,3.2681,4.1261,6.9573,2.4559,8.3726,4.5318,1.196,NaN,1.2032,NaN,NaN,NaN,2.4646,6.2225,NaN,NaN,NaN,2.8491,0.72262,NaN,2.121,9.9811,8.1178,15.608,19.062,6.391,4.9437,2.4261,11.232,NaN,2.0583,3.0275,1.3015,NaN,4.3789,NaN,2.2161,NaN,15.638,NaN,NaN,NaN,26.166,NaN,NaN,6.9947,NaN,NaN,NaN,NaN,NaN,NaN,5.2173,13.368,NaN
8.9594,7.1821,1.574,3.4589,9.1021,3.0667,2.3043,5.5061,4.9061,9.6392,7.1591,NaN,0.80787,6.6355,3.8416,5.1182,8.1356,4.3287,NaN,2.2646,14.406,NaN,NaN,NaN,2.3268,1.7784,NaN,12.077,1.3247,NaN,NaN,NaN,NaN,NaN,2.7213,NaN,NaN,1.5616,NaN,3.9403,7.2944,4.8935,3.8255,1.61,4.5585,6.4752,3.1401,0.76117,1.9619,15.222,8.1394,4.6883,NaN,3.292,NaN,NaN,NaN,5.0935,1.8953,NaN,NaN,NaN,4.3913,10.574,NaN,5.6091,5.8951,9.167,10.1,2.5277,8.8451,1.7565,3.2617,1.9598,NaN,7.6584,3.6529,2.9843,NaN,3.325,NaN,3.2195,NaN,0.60333,NaN,NaN,NaN,11.98,NaN,NaN,8.4727,NaN,NaN,NaN,NaN,NaN,NaN,2.3501,16.02,NaN
9.4185,3.3487,4.5042,1.0179,0.85037,7.8355,2.4003,1.3136,2.8939,1.1986,15.213,NaN,2.0671,7.2311,2.0423,8.1758,2.3589,2.9275,NaN,3.6462,3.6536,NaN,NaN,NaN,5.3469,5.5958,NaN,10.266,14.296,NaN,NaN,NaN,NaN,NaN,15.828,NaN,NaN,4.2945,NaN,5.0124,5.9964,8.4905,4.7225,1.7151,4.1224,8.8347,22.559,0.86183,5.0359,5.5087,5.0436,5.6286,NaN,3.211,NaN,NaN,NaN,9.3208,4.558,NaN,NaN,NaN,11.388,3.4632,NaN,9.6315,7.4777,8.2592,3.3107,4.9163,21.551,3.5228,3.8934,4.392,NaN,4.7735,10.238,7.5216,NaN,4.3823,NaN,16.341,NaN,23.653,NaN,NaN,NaN,2.0405,NaN,NaN,26.207,NaN,NaN,NaN,NaN,NaN,NaN,2.3884,6.3461,NaN
1.6795,1.2347,3.5853,3.1723,3.3998,9.7404,19.265,4.9059,4.8321,16.757,8.1564,NaN,1.378,7.4237,6.6684,6.0234,4.4597,4.2258,NaN,4.9373,15.221,NaN,NaN,NaN,6.1936,4.4235,NaN,3.9078,3.8987,NaN,NaN,NaN,NaN,NaN,9.5131,NaN,NaN,3.6403,NaN,5.0784,8.4422,7.0058,8.342,3.8592,2.7898,7.7049,19.929,2.1779,7.316,6.1504,1.6382,2.6764,NaN,8.6206,NaN,NaN,NaN,6.1028,5.5905,NaN,NaN,NaN,2.4942,7.1857,NaN,9.96,5.9757,3.062,3.2345,17.232,4.6361,2.6441,2.511,7.0102,NaN,3.4027,8.545,3.4245,NaN,7.1429,NaN,6.2283,NaN,9.4248,NaN,NaN,NaN,1.6065,NaN,NaN,7.1953,NaN,NaN,NaN,NaN,NaN,NaN,4.5847,3.1306,NaN
6.4672,1.1468,1.8863,4.3948,4.7665,11.307,3.2273,6.9365,1.3952,5.0983,5.5612,NaN,6.4238,6,7.8418,9.0128,17.251,6.4231,NaN,0.83114,9.296,NaN,NaN,NaN,4.459,1.9986,NaN,11.427,18.292,NaN,NaN,NaN,NaN,NaN,2.0136,NaN,NaN,1.0953,NaN,7.642,5.5226,2.6138,7.6723,4.1168,3.0882,2.3587,1.7162,6.9606,5.2706,14.059,5.4728,0.74309,NaN,5.8777,NaN,NaN,NaN,1.3667,9.992,NaN,NaN,NaN,13.224,5.4955,NaN,1.5561,3.0728,8.4631,5.1765,4.363,2.5773,6.0949,3.3041,11.992,NaN,2.9866,3.2353,1.3575,NaN,1.2877,NaN,13.969,NaN,7.6404,NaN,NaN,NaN,10.635,NaN,NaN,11.779,NaN,NaN,NaN,NaN,NaN,NaN,7.2274,7.1672,NaN
16.317,4.5455,1.274,2.4716,3.0889,5.3094,3.1326,6.3281,1.9947,6.3653,3.5441,NaN,5.4317,2.7374,4.0015,2.3501,6.4934,9.8292,NaN,2.4614,2.7086,NaN,NaN,NaN,9.3253,14.766,NaN,86.132,12.1,NaN,NaN,NaN,NaN,NaN,4.6293,NaN,NaN,1.5814,NaN,2.6085,8.9661,12.094,2.6155,3.4592,9.7447,8.5277,3.9027,9.7656,4.1048,6.8664,0.40103,2.541,NaN,2.6463,NaN,NaN,NaN,2.8628,11.522,NaN,NaN,NaN,11.711,14.728,NaN,10.095,1.8526,12.786,12.707,2.9588,5.8949,14.36,4.8717,8.0817,NaN,9.6213,4.866,2.8032,NaN,5.3956,NaN,9.2661,NaN,20.747,NaN,NaN,NaN,2.6691,NaN,NaN,13.737,NaN,NaN,NaN,NaN,NaN,NaN,4.5271,8.0247,NaN
7.3029,8.3265,4.1368,3.5488,12.603,8.303,4.2823,27.406,4.0944,14.174,4.2346,NaN,4.7517,7.1084,9.3285,2.9602,18.593,3.8078,NaN,3.0764,10.646,NaN,NaN,NaN,2.65,1.5277,NaN,11.249,6.6054,NaN,NaN,NaN,NaN,NaN,4.9476,NaN,NaN,3.3989,NaN,3.1568,11.618,4.3051,2.2337,2.8752,4.5474,3.2748,6.1073,3.7916,13.4,5.4823,7.2364,4.3153,NaN,4.4212,NaN,NaN,NaN,0.84118,5.8394,NaN,NaN,NaN,8.7108,1.5435,NaN,6.8712,16.781,1.4687,18.03,0.9137,5.6699,5.6575,8.0511,6.0104,NaN,6.6852,5.8303,0.71708,NaN,2.0313,NaN,6.7422,NaN,1.8872,NaN,NaN,NaN,11.265,NaN,NaN,3.2994,NaN,NaN,NaN,NaN,NaN,NaN,3.1482,6.2803,NaN
11.126,22.75,13.161,8.6373,18.494,10.657,11.262,4.6931,8.7763,22.188,17.123,NaN,20.316,12.403,19.478,34.289,23.56,11.542,NaN,16.64,5.0664,NaN,NaN,NaN,13.394,21.614,NaN,14.008,12.676,NaN,NaN,NaN,NaN,NaN,19.679,NaN,NaN,13.347,NaN,8.3172,4.8288,16.426,9.4506,14.878,15.252,12.076,11.351,12.551,12.815,5.9031,9.2546,23.558,NaN,16.587,NaN,NaN,NaN,23.623,15.5,NaN,NaN,NaN,12.977,7.9663,NaN,7.3407,1.5083,2.2689,13.723,29.477,7.9729,24.085,11.066,6.2776,NaN,22.131,19.057,12.778,NaN,10.876,NaN,9.8018,NaN,13.723,NaN,NaN,NaN,12.034,NaN,NaN,17.468,NaN,NaN,NaN,NaN,NaN,NaN,3.6748,10.941,NaN
5.1642,3.8198,6.265,2.3123,2.5273,7.2738,17.697,10.217,6.1726,18.86,5.8029,NaN,12.395,7.8661,29.38,6.4995,9.2032,5.1423,NaN,2.6819,11.844,NaN,NaN,NaN,3.1576,6.7434,NaN,30.641,14.609,NaN,NaN,NaN,NaN,NaN,13.032,NaN,NaN,2.7125,NaN,4.8338,17.834,2.2013,2.2405,5.633,5.0928,4.9456,7.3895,11.316,14.004,10.705,15.242,6.1917,NaN,5.2608,NaN,NaN,NaN,12.967,9.498,NaN,NaN,NaN,7.9811,3.3906,NaN,4.8203,11.529,7.721,6.0952,8.3855,1.0583,3.7163,2.9507,4.0101,NaN,9.4327,1.7303,9.2372,NaN,4.2878,NaN,6.2289,NaN,4.0019,NaN,NaN,NaN,18.563,NaN,NaN,4.6849,NaN,NaN,NaN,NaN,NaN,NaN,7.7895,6.0407,NaN
1.8239,6.2996,2.7323,0.63986,9.6539,6.2152,6.6916,35.8,2.6485,17.655,3.5544,NaN,5.7754,8.9338,11.494,8.284,4.9364,3.7499,NaN,1.2206,5.7239,NaN,NaN,NaN,1.4637,3.071,NaN,8.6337,8.9271,NaN,NaN,NaN,NaN,NaN,4.3952,NaN,NaN,3.8603,NaN,4.2135,12.552,2.1522,1.7185,4.3631,3.229,1.558,5.1354,3.7546,53.098,7.8721,15.008,13.893,NaN,4.8012,NaN,NaN,NaN,5.7523,5.1671,NaN,NaN,NaN,7.118,1.8211,NaN,20.373,1.993,10.908,6.4322,7.2737,3.7647,2.2025,4.6964,4.3305,NaN,13.013,5.5615,4.0142,NaN,4.3484,NaN,7.7316,NaN,0.66585,NaN,NaN,NaN,10.664,NaN,NaN,1.776,NaN,NaN,NaN,NaN,NaN,NaN,3.1974,4.0779,NaN
8.6925,5.8333,2.0698,1.1751,3.5386,3.1928,10.914,18.504,4.9057,10.73,7.4354,NaN,1.4059,3.422,5.4043,16.7,7.6232,8.3881,NaN,2.408,3.1296,NaN,NaN,NaN,5.3611,8.8296,NaN,12.568,7.9132,NaN,NaN,NaN,NaN,NaN,9.0838,NaN,NaN,2.6975,NaN,2.7122,6.9849,8.1894,3.4782,4.9136,13.673,5.1074,3.234,0.62975,17.037,8.2599,4.99,1.0742,NaN,3.6109,NaN,NaN,NaN,3.0846,5.2016,NaN,NaN,NaN,6.7552,8.2432,NaN,15.031,5.067,9.199,11.134,2.7985,2.0589,6.6563,6.6867,17.978,NaN,13.651,4.9796,0.86797,NaN,4.1758,NaN,11.008,NaN,2.8609,NaN,NaN,NaN,2.1823,NaN,NaN,12.878,NaN,NaN,NaN,NaN,NaN,NaN,3.0355,4.1458,NaN
30.592,8.0831,5.3882,6.0649,2.285,2.6771,17.911,11.634,4.0331,2.1239,4.4466,NaN,5.1679,2.3321,10.064,12.047,10.928,32.795,NaN,5.0347,6.9146,NaN,NaN,NaN,1.4533,5.5553,NaN,11.376,3.8229,NaN,NaN,NaN,NaN,NaN,8.732,NaN,NaN,0.34626,NaN,4.5471,9.8354,2.7285,5.5246,5.2855,8.7846,5.4932,6.7162,3.8332,1.8926,2.0366,4.0624,2.025,NaN,9.4844,NaN,NaN,NaN,2.8813,2.9038,NaN,NaN,NaN,7.3224,3.9508,NaN,4.3998,11.694,6.12,5.3396,3.8131,2.3167,10.694,7.2459,8.8633,NaN,8.8883,5.3921,2.0075,NaN,3.3313,NaN,8.9345,NaN,4.9237,NaN,NaN,NaN,3.9136,NaN,NaN,15.246,NaN,NaN,NaN,NaN,NaN,NaN,5.2108,18.689,NaN
14.525,3.2338,4.3584,3.3757,2.1434,2.3508,3.2628,10.98,4.4701,11.688,6.4701,NaN,5.3373,7.5747,8.0326,5.9151,17.23,20.273,NaN,8.909,2.9246,NaN,NaN,NaN,3.4496,10.871,NaN,19.315,1.5427,NaN,NaN,NaN,NaN,NaN,6.0999,NaN,NaN,3.7538,NaN,13.228,11.07,4.3917,2.3885,5.4927,8.4947,6.0187,5.2488,18.874,5.202,9.1415,4.6868,8.3711,NaN,9.3366,NaN,NaN,NaN,5.7248,4.1762,NaN,NaN,NaN,1.8071,5.3703,NaN,4.4878,2.4731,6.3571,9.8225,4.8312,1.8426,11.718,6.1265,2.9606,NaN,7.5496,3.5435,5.7377,NaN,3.3183,NaN,20.375,NaN,5.5022,NaN,NaN,NaN,6.7723,NaN,NaN,37.467,NaN,NaN,NaN,NaN,NaN,NaN,2.9553,4.873,NaN
6.0012,5.6939,1.9915,2.4614,5.6686,4.2978,6.9476,11.345,7.117,10.595,10.681,NaN,1.0894,2.2321,11.845,10.088,6.1713,12.358,NaN,15.602,1.2367,NaN,NaN,NaN,7.9283,6.6511,NaN,14.007,10.082,NaN,NaN,NaN,NaN,NaN,4.0892,NaN,NaN,6.1948,NaN,1.3327,5.2223,5.7619,2.5742,8.3414,3.8601,5.5424,2.8876,4.5583,15.102,15.17,5.9394,3.2498,NaN,6.8399,NaN,NaN,NaN,2.3677,1.7185,NaN,NaN,NaN,0.82555,21.718,NaN,2.0822,1.2826,14.451,11.596,5.0838,3.9936,16.023,5.6226,2.6998,NaN,5.2549,3.3168,3.6981,NaN,6.8227,NaN,7.8254,NaN,7.4124,NaN,NaN,NaN,8.1696,NaN,NaN,13.013,NaN,NaN,NaN,NaN,NaN,NaN,2.949,2.9042,NaN
6.6229,7.329,8.4171,2.2394,4.2213,7.2113,4.8815,45.493,5.64,12.676,5.7403,NaN,2.1852,7.6101,5.6085,3.1483,7.7501,8.6133,NaN,15.614,2.2792,NaN,NaN,NaN,2.4975,4.3673,NaN,26.079,11.181,NaN,NaN,NaN,NaN,NaN,4.0384,NaN,NaN,9.9393,NaN,3.045,21.166,12.411,4.8548,9.8085,7.8276,3.8385,4.9704,4.7879,18.522,18.355,5.7385,5.5692,NaN,15.086,NaN,NaN,NaN,5.197,19.019,NaN,NaN,NaN,3.4764,7.11,NaN,1.9607,2.0709,11.743,12.598,13.117,9.0945,8.3598,5.1851,4.9735,NaN,9.181,9.6242,7.669,NaN,27.054,NaN,11.167,NaN,3.8024,NaN,NaN,NaN,21.798,NaN,NaN,10.864,NaN,NaN,NaN,NaN,NaN,NaN,4.6616,5.0256,NaN
16.733,5.0298,21.32,4.1074,4.0204,8.3308,5.1013,12.732,4.8242,12.361,3.4597,NaN,5.1984,6.6184,3.0111,2.4284,11.262,9.538,NaN,8.4573,5.0021,NaN,NaN,NaN,2.912,4.3801,NaN,23.724,13.821,NaN,NaN,NaN,NaN,NaN,5.7188,NaN,NaN,6.3326,NaN,3.1491,28.571,19.835,4.4474,4.175,6.5363,3.1854,7.9287,8.3829,6.6421,17.602,2.9475,6.1316,NaN,7.5119,NaN,NaN,NaN,22.199,15.073,NaN,NaN,NaN,6.4062,3.0992,NaN,8.0329,2.5218,2.8338,10.491,10.291,30.523,9.1101,5.8423,9.3616,NaN,12.824,9.3435,5.3837,NaN,19.272,NaN,11.506,NaN,4.1563,NaN,NaN,NaN,33.313,NaN,NaN,15.203,NaN,NaN,NaN,NaN,NaN,NaN,9.3723,7.4474,NaN
9.3075,5.1012,9.3669,8.2502,14.324,7.636,16.005,7.8629,14.237,9.0541,6.1443,NaN,2.9982,12.128,8.4023,1.5915,11.302,10.335,NaN,9.2785,9.5519,NaN,NaN,NaN,3.4914,7.5256,NaN,13.986,20.545,NaN,NaN,NaN,NaN,NaN,15.455,NaN,NaN,2.7127,NaN,1.141,16.032,15.772,3.8481,5.4933,7.4605,5.7847,3.951,8.0872,4.0876,17.624,3.5299,6.78,NaN,6.0217,NaN,NaN,NaN,8.833,13.339,NaN,NaN,NaN,9.7408,3.441,NaN,5.7695,3.311,2.1485,9.3897,12.39,12.333,16.484,10.715,9.3823,NaN,4.5279,8.5455,1.8428,NaN,6.4481,NaN,2.9801,NaN,4.0374,NaN,NaN,NaN,8.7261,NaN,NaN,9.9966,NaN,NaN,NaN,NaN,NaN,NaN,3.5892,6.8078,NaN
2.6192,13.017,6.1826,2.6383,8.2169,6.6114,3.5104,8.9359,6.3451,12.27,6.5468,NaN,5.0203,7.6845,8.6074,8.2865,3.596,17.016,NaN,21.611,5.2676,NaN,NaN,NaN,8.8401,3.3198,NaN,13.094,16.848,NaN,NaN,NaN,NaN,NaN,6.5364,NaN,NaN,9.1461,NaN,2.5217,44.986,11.884,5.255,12.165,9.3328,4.6838,8.5998,8.7054,4.722,21.399,8.5351,9.7233,NaN,19.807,NaN,NaN,NaN,3.5243,11.557,NaN,NaN,NaN,6.9401,7.8138,NaN,11.633,1.9504,5.2976,12.133,17.981,20.207,8.8319,2.9055,8.9579,NaN,8.5152,50.87,12.529,NaN,8.4789,NaN,8.6643,NaN,2.9718,NaN,NaN,NaN,15.907,NaN,NaN,11.529,NaN,NaN,NaN,NaN,NaN,NaN,2.5509,5.01,NaN
7.4164,10.733,6.7484,3.503,6.194,7.121,6.4227,3.7498,4.7204,9.5554,19.501,NaN,5.7826,9.2938,19.821,13.325,6.8537,13.404,NaN,7.5546,6.2915,NaN,NaN,NaN,12.615,5.8561,NaN,34.851,12.879,NaN,NaN,NaN,NaN,NaN,2.5518,NaN,NaN,14.365,NaN,5.1064,15.016,14.1,5.5558,1.4435,11.667,8.5223,6.074,5.0433,11.468,14.699,6.7858,12.659,NaN,16.764,NaN,NaN,NaN,6.4119,8.1132,NaN,NaN,NaN,5.7883,4.364,NaN,8.7693,2.0515,7.7346,4.4289,7.1101,11.333,7.0925,9.6071,1.0294,NaN,8.1606,4.957,50.089,NaN,8.4628,NaN,8.2981,NaN,6.3259,NaN,NaN,NaN,9.9554,NaN,NaN,4.5614,NaN,NaN,NaN,NaN,NaN,NaN,5.8404,3.3582,NaN
14.338,15.965,12.324,14.057,10.79,10.151,11.534,0.80105,9.6965,12.538,22.837,NaN,12.686,21.465,17.896,15.279,13.642,22.21,NaN,11.676,6.1478,NaN,NaN,NaN,14.99,12.966,NaN,18.633,18.696,NaN,NaN,NaN,NaN,NaN,11.421,NaN,NaN,17.603,NaN,10.712,16.153,15.151,8.86,11.495,15.445,16.046,11.466,15.905,11.577,7.7887,17.544,20.487,NaN,40.203,NaN,NaN,NaN,14.926,13.459,NaN,NaN,NaN,11.068,5.2112,NaN,12.37,2.449,2.7508,11.256,19.104,14.648,18.862,15.175,4.1319,NaN,17.473,19.749,24.885,NaN,10.557,NaN,13.021,NaN,9.7165,NaN,NaN,NaN,8.1774,NaN,NaN,10.545,NaN,NaN,NaN,NaN,NaN,NaN,8.1175,2.1487,NaN
30.858,15.035,18.803,10.735,11.248,12.337,14.04,29.154,15.311,17.756,16.853,NaN,18.317,14.177,14.563,8.926,22.699,13.947,NaN,16.218,8.4258,NaN,NaN,NaN,14.897,21.902,NaN,14.998,14.073,NaN,NaN,NaN,NaN,NaN,18.107,NaN,NaN,22.285,NaN,12.29,4.2784,17.502,12.384,18.308,13.157,14.207,19.365,16.582,4.8254,15.687,26.014,17.799,NaN,13.579,NaN,NaN,NaN,18.156,13.524,NaN,NaN,NaN,13.661,14.067,NaN,10.142,17.46,10.638,14.981,32.651,13.136,22.049,14.02,20.426,NaN,24.214,19.36,9.0305,NaN,20.54,NaN,10.376,NaN,13.357,NaN,NaN,NaN,11.985,NaN,NaN,23.418,NaN,NaN,NaN,NaN,NaN,NaN,7.5638,11.618,NaN
27.574,15.754,15.372,11.522,11.974,13.645,17.689,19.684,17.216,13.409,22.61,NaN,19.772,14.748,13.046,12.823,15.181,17.357,NaN,11.26,10.703,NaN,NaN,NaN,14.567,18.84,NaN,13.426,19.79,NaN,NaN,NaN,NaN,NaN,14.941,NaN,NaN,19.896,NaN,12.703,12.708,14.234,12.082,16.5,12.675,18.702,29.962,19.986,7.3498,17.668,23.081,22.27,NaN,12.732,NaN,NaN,NaN,19.473,12.128,NaN,NaN,NaN,15.718,7.0085,NaN,12.427,8.9787,28.603,12.252,21.663,16.488,18.774,19.063,17.917,NaN,24.487,23.943,10.6,NaN,15.036,NaN,15.812,NaN,8.9231,NaN,NaN,NaN,10.71,NaN,NaN,15.844,NaN,NaN,NaN,NaN,NaN,NaN,12.25,14.313,NaN
6.1152,5.9643,9.8986,9.4401,4.9276,8.6212,6.8037,12.626,6.7529,11.271,5.6095,NaN,6.5629,8.8121,5.4202,6.864,2.0512,8.1388,NaN,5.0426,16.552,NaN,NaN,NaN,6.9084,5.899,NaN,25.677,6.3966,NaN,NaN,NaN,NaN,NaN,7.2547,NaN,NaN,12.518,NaN,5.2498,15.357,7.7772,11.159,6.0541,6.2916,10.393,1.3189,11.625,6.1408,3.7985,2.8622,6.8166,NaN,3.4903,NaN,NaN,NaN,11.507,7.3533,NaN,NaN,NaN,4.6389,5.2566,NaN,5.0299,2.1919,5.9065,5.9408,5.6053,3.0541,6.8174,13.963,10.396,NaN,13.413,11.262,5.8724,NaN,5.4649,NaN,5.0559,NaN,6.2475,NaN,NaN,NaN,3.7994,NaN,NaN,7.0904,NaN,NaN,NaN,NaN,NaN,NaN,18.001,8.6291,NaN
14.401,10.914,9.8736,3.742,3.2981,8.641,14.931,27.811,3.6239,9.5963,5.8085,NaN,9.775,12.652,0.85405,5.7742,21.93,17.822,NaN,8.1205,4.2837,NaN,NaN,NaN,4.6639,9.2986,NaN,20.564,4.6623,NaN,NaN,NaN,NaN,NaN,7.3932,NaN,NaN,24.19,NaN,11.204,15.482,2.5646,3.0505,7.5872,11.503,8.5967,10.37,12.709,5.7657,6.9113,6.2018,14.448,NaN,12.194,NaN,NaN,NaN,17.125,6.4215,NaN,NaN,NaN,4.4005,4.7774,NaN,7.2621,2.445,2.9253,19.783,7.8465,4.0737,9.7264,5.5336,10.674,NaN,4.0601,6.8766,10.161,NaN,5.5402,NaN,12.835,NaN,3.1338,NaN,NaN,NaN,15.944,NaN,NaN,18.637,NaN,NaN,NaN,NaN,NaN,NaN,5.3198,9.6665,NaN
12.059,5.5849,8.9943,0.77915,2.11,6.8945,8.6811,23.28,1.8295,4.9807,11.652,NaN,7.7173,7.75,1.5049,8.6209,5.3422,9.5044,NaN,4.8396,7.4819,NaN,NaN,NaN,2.3286,2.9367,NaN,15.456,8.2118,NaN,NaN,NaN,NaN,NaN,6.9265,NaN,NaN,4.7542,NaN,7.6465,35.754,1.5067,4.362,6.2601,9.443,7.3222,12.26,5.2652,5.2635,13.311,8.1587,10.597,NaN,6.1698,NaN,NaN,NaN,1.4543,10.917,NaN,NaN,NaN,9.9775,1.607,NaN,1.8482,6.5596,6.4484,3.0013,5.2305,9.6057,4.369,5.4686,4.0255,NaN,2.1812,6.2494,5.3386,NaN,7.4081,NaN,1.8763,NaN,7.4213,NaN,NaN,NaN,11.249,NaN,NaN,12.161,NaN,NaN,NaN,NaN,NaN,NaN,4.561,6.8332,NaN
3.6301,4.3476,11.639,2.8889,6.8447,4.6492,3.5003,7.1105,2.1794,5.5956,7.0297,NaN,12.339,12.225,2.5266,2.3032,3.0179,0.89539,NaN,2.4807,3.1753,NaN,NaN,NaN,12.765,0.913,NaN,8.4873,2.5186,NaN,NaN,NaN,NaN,NaN,18.188,NaN,NaN,7.9518,NaN,1.9911,14.032,12.583,14.042,3.0108,5.5751,2.4779,5.7461,4.1095,5.5332,5.5619,4.7067,6.7881,NaN,9.7625,NaN,NaN,NaN,8.401,1.6685,NaN,NaN,NaN,8.5375,2.3532,NaN,1.636,3.479,8.9146,18.393,6.504,12.595,5.0816,1.2259,15.707,NaN,4.8904,3.253,4.3122,NaN,1.6254,NaN,5.2728,NaN,7.2133,NaN,NaN,NaN,1.8602,NaN,NaN,6.9109,NaN,NaN,NaN,NaN,NaN,NaN,3.3833,8.3427,NaN
1.8095,11.304,1.0019,3.6669,3.6702,1.3374,6.9444,1.5752,9.782,4.3591,5.0239,NaN,8.7883,1.4583,2.451,7.4407,5.8945,4.9567,NaN,1.5246,3.5493,NaN,NaN,NaN,6.097,9.7542,NaN,0.7253,3.5276,NaN,NaN,NaN,NaN,NaN,7.9903,NaN,NaN,6.5614,NaN,0.75455,13.743,17.69,13.472,3.1151,5.428,4.502,7.3618,6.481,11.985,5.9607,6.0476,10.367,NaN,12.385,NaN,NaN,NaN,8.2507,3.4421,NaN,NaN,NaN,5.4836,2.7627,NaN,3.5858,4.0406,1.8643,12.211,10.247,3.107,11.658,4.1391,0.39479,NaN,5.5684,3.3137,5.5892,NaN,5.5004,NaN,4.2566,NaN,3.0922,NaN,NaN,NaN,2.3689,NaN,NaN,12.671,NaN,NaN,NaN,NaN,NaN,NaN,6.3081,10.003,NaN
11.235,7.8763,4.2873,9.6109,4.3177,0.55987,5.7515,2.1759,10.313,11.145,21.07,NaN,2.7634,11.235,8.6512,14.546,7.5618,9.2581,NaN,6.8893,2.1933,NaN,NaN,NaN,3.122,15.703,NaN,1.9338,1.6801,NaN,NaN,NaN,NaN,NaN,6.4207,NaN,NaN,7.8253,NaN,0.51525,3.5018,15.161,6.5573,3.3634,3.8199,4.3475,1.4337,2.7857,10.936,2.1118,2.0531,4.6154,NaN,7.4493,NaN,NaN,NaN,9.7587,4.4981,NaN,NaN,NaN,8.5642,5.8284,NaN,2.8822,2.7146,2.8894,20.693,6.7736,9.4568,23.822,9.7609,4.0156,NaN,11.219,10.278,3.5222,NaN,2.1008,NaN,2.824,NaN,3.8309,NaN,NaN,NaN,4.774,NaN,NaN,5.1602,NaN,NaN,NaN,NaN,NaN,NaN,4.89,3.5747,NaN
9.5608,5.1826,3.3676,4.0858,2.1386,1.1568,2.1922,7.4127,14.501,2.8838,8.3203,NaN,5.0884,4.5437,0.92858,5.8294,8.7045,7.7969,NaN,2.2717,5.2324,NaN,NaN,NaN,7.8333,4.4608,NaN,4.9757,17.26,NaN,NaN,NaN,NaN,NaN,8.7262,NaN,NaN,4.9669,NaN,1.1795,8.7421,14.674,5.8812,5.7017,4.4837,0.97399,9.0047,2.9352,5.4621,10.359,2.8198,8.3619,NaN,3.7205,NaN,NaN,NaN,9.0075,3.1993,NaN,NaN,NaN,9.2522,2.0062,NaN,6.2838,12.888,1.2339,15.869,16.766,2.0599,8.8426,2.7987,5.3177,NaN,3.0893,15.479,4.1384,NaN,1.3562,NaN,2.6809,NaN,2.8522,NaN,NaN,NaN,2.0316,NaN,NaN,11.389,NaN,NaN,NaN,NaN,NaN,NaN,5.3548,5.3788,NaN
3.2306,1.948,3.4375,3.6809,10.906,2.1845,2.6245,6.979,6.8668,3.2921,7.2876,NaN,7.6324,3.8777,1.4077,0.65976,5.6091,3.488,NaN,0.3995,3.6798,NaN,NaN,NaN,5.5878,2.4318,NaN,8.0977,10.646,NaN,NaN,NaN,NaN,NaN,15.389,NaN,NaN,3.4439,NaN,1.1457,9.4871,8.4012,4.6641,3.8515,2.0565,4.1744,4.9496,5.1075,2.7012,9.7766,4.7225,5.5584,NaN,4.7378,NaN,NaN,NaN,8.6874,0.94696,NaN,NaN,NaN,13.28,4.0327,NaN,5.2509,9.5329,4.9508,14.382,7.6502,24.33,12.473,1.0943,2.0719,NaN,3.2326,4.7501,3.4644,NaN,3.7809,NaN,2.9493,NaN,7.0622,NaN,NaN,NaN,1.3114,NaN,NaN,7.5303,NaN,NaN,NaN,NaN,NaN,NaN,3.9099,6.5528,NaN
1.3863,8.1668,3.9854,6.4191,2.0301,3.5737,1.1316,8.1189,2.1721,12.481,7.7315,NaN,3.5281,8.7514,3.7708,4.1639,4.4257,3.9122,NaN,4.3523,9.7082,NaN,NaN,NaN,5.2925,3.0983,NaN,2.5885,12.718,NaN,NaN,NaN,NaN,NaN,10.756,NaN,NaN,2.5972,NaN,2.7776,12.211,8.8419,5.2487,8.9676,2.9745,5.9609,39.946,3.3734,8.6636,11.216,3.7614,3.5465,NaN,7.2839,NaN,NaN,NaN,9.5301,3.2408,NaN,NaN,NaN,6.9827,6.5944,NaN,19.801,3.5441,1.841,1.0063,19.546,8.5711,15.353,2.1418,2.8084,NaN,2.4909,8.6789,4.4381,NaN,5.929,NaN,4.1653,NaN,16.84,NaN,NaN,NaN,1.3672,NaN,NaN,0.66841,NaN,NaN,NaN,NaN,NaN,NaN,6.5307,6.4372,NaN
12.567,7.3371,6.7387,6.984,2.0243,1.5909,5.8512,7.821,6.4933,22.861,11.362,NaN,1.5453,9.0601,4.3477,1.6511,2.547,5.7271,NaN,4.4467,7.6055,NaN,NaN,NaN,11.213,2.2561,NaN,3.9547,24.075,NaN,NaN,NaN,NaN,NaN,10.196,NaN,NaN,3.0332,NaN,1.9201,7.0418,2.8938,4.312,9.4799,5.351,4.3897,18.542,2.3497,7.2742,15.743,8.3371,6.8436,NaN,4.9634,NaN,NaN,NaN,12.524,1.8346,NaN,NaN,NaN,9.8453,2.8995,NaN,10.215,8.2483,1.8168,2.4557,6.9477,5.7323,3.3679,3.4572,8.8023,NaN,1.6019,7.4096,4.7238,NaN,5.9206,NaN,3.1213,NaN,7.1211,NaN,NaN,NaN,0.75233,NaN,NaN,3.2993,NaN,NaN,NaN,NaN,NaN,NaN,9.3065,6.5021,NaN
18.244,8.192,8.7112,4.4429,2.5705,2.1403,5.9273,13.375,10.788,7.1509,6.4542,NaN,0.63131,4.2681,1.2264,7.5809,3.8846,7.4888,NaN,5.5221,3.9518,NaN,NaN,NaN,8.0383,6.0894,NaN,5.1301,14.185,NaN,NaN,NaN,NaN,NaN,3.4548,NaN,NaN,5.4125,NaN,0.87782,3.0415,5.8221,1.7894,8.8609,11.126,7.2664,7.3976,2.0076,5.5575,1.2055,4.0187,4.8882,NaN,3.6886,NaN,NaN,NaN,15.403,5.3416,NaN,NaN,NaN,12.883,4.788,NaN,11.602,31.248,4.2238,6.1413,1.0982,6.7583,2.0009,2.2335,8.0621,NaN,7.265,10.546,6.9128,NaN,2.9121,NaN,2.2214,NaN,2.3651,NaN,NaN,NaN,4.7769,NaN,NaN,12.729,NaN,NaN,NaN,NaN,NaN,NaN,4.3705,6.4157,NaN
6.5564,7.2769,7.6044,2.0346,2.6473,1.5458,5.4148,6.6679,8.1186,2.7821,2.5493,NaN,2.2151,1.9031,1.1864,4.9831,2.5164,9.8614,NaN,4.6273,5.1242,NaN,NaN,NaN,1.0241,7.7285,NaN,4.3082,7.4639,NaN,NaN,NaN,NaN,NaN,6.0798,NaN,NaN,5.6324,NaN,1.0294,2.2081,7.6448,4.3734,13.845,14.554,1.5331,5.3304,4.35,1.9576,6.058,1.2207,2.0829,NaN,4.5682,NaN,NaN,NaN,6.32,10.87,NaN,NaN,NaN,17.944,4.9273,NaN,2.9055,25.301,5.6369,8.4251,5.7423,9.515,3.2725,3.0461,4.3928,NaN,7.327,11.475,7.8455,NaN,2.6772,NaN,6.1033,NaN,8.2675,NaN,NaN,NaN,5.3673,NaN,NaN,14.269,NaN,NaN,NaN,NaN,NaN,NaN,2.9515,7.9137,NaN
13.395,8.4687,9.9663,8.7992,2.6093,6.8776,3.0214,2.3307,7.9356,5.8344,2.3815,NaN,5.398,9.1554,6.1452,7.0171,1.8189,32.429,NaN,2.9868,5.0828,NaN,NaN,NaN,5.9091,7.3192,NaN,9.0099,1.3597,NaN,NaN,NaN,NaN,NaN,9.0159,NaN,NaN,6.2503,NaN,2.9334,1.6964,4.7216,5.0021,7.8141,15.13,0.51539,4.6409,3.5879,4.0545,4.3359,1.1935,1.0153,NaN,5.2713,NaN,NaN,NaN,1.377,7.8887,NaN,NaN,NaN,13.537,5.5903,NaN,7.0577,5.3638,5.9438,9.3998,8.6059,11.261,12.101,4.6179,4.4177,NaN,5.2782,6.589,3.9374,NaN,1.3805,NaN,8.1832,NaN,8.7282,NaN,NaN,NaN,3.8254,NaN,NaN,6.2132,NaN,NaN,NaN,NaN,NaN,NaN,1.1919,3.8743,NaN
7.6426,5.9414,9.4155,4.2478,4.7056,14.959,6.3816,9.5094,3.2246,3.7607,5.8797,NaN,7.2315,10.653,2.4252,6.2036,2.8831,4.9691,NaN,2.8335,4.9333,NaN,NaN,NaN,3.9904,7.4615,NaN,9.499,1.6131,NaN,NaN,NaN,NaN,NaN,6.9479,NaN,NaN,6.2351,NaN,5.4784,3.9543,4.599,12.05,6.891,10.754,3.5649,2.476,5.166,2.2866,4.4127,3.1178,4.0414,NaN,1.6237,NaN,NaN,NaN,4.3466,17.805,NaN,NaN,NaN,2.6613,4.9168,NaN,12.267,5.5138,3.9216,5.6483,7.7397,3.2067,7.047,1.8332,7.3257,NaN,11.59,1.3616,3.519,NaN,5.3186,NaN,16.65,NaN,3.1175,NaN,NaN,NaN,9.9012,NaN,NaN,4.7837,NaN,NaN,NaN,NaN,NaN,NaN,1.6056,3.2429,NaN
5.8358,8.7421,5.9715,2.8685,3.4399,5.1833,10.041,4.0544,2.6339,2.7588,0.78146,NaN,6.319,4.229,1.8828,4.0379,5.6042,6.5518,NaN,1.3522,7.4245,NaN,NaN,NaN,4.2547,4.9353,NaN,7.9534,7.552,NaN,NaN,NaN,NaN,NaN,8.7536,NaN,NaN,4.0826,NaN,7.1211,4.5697,5.7852,4.835,4.5515,7.3224,2.7697,6.9435,11.458,8.0582,6.4904,2.5536,2.4596,NaN,4.8415,NaN,NaN,NaN,2.5916,9.3784,NaN,NaN,NaN,2.1234,1.4424,NaN,4.4003,11.584,13.226,5.5948,14.265,2.7272,12.297,1.7194,1.7943,NaN,2.4821,7.5817,4.3531,NaN,15.562,NaN,16.562,NaN,1.5314,NaN,NaN,NaN,5.2883,NaN,NaN,4.9504,NaN,NaN,NaN,NaN,NaN,NaN,3.0908,8.5852,NaN
7.2304,13.532,9.185,8.293,14.076,5.0236,11.378,14.477,10.176,5.7813,13.072,NaN,4.1709,6.778,3.8652,8.6602,1.4731,7.0087,NaN,5.7062,2.9888,NaN,NaN,NaN,4.9735,4.6659,NaN,3.4707,12.73,NaN,NaN,NaN,NaN,NaN,3.5726,NaN,NaN,5.1642,NaN,1.2948,6.559,3.5777,1.103,4.9919,6.2308,9.652,7.3446,8.7843,13.199,3.995,5.334,6.97,NaN,18.353,NaN,NaN,NaN,1.6363,6.7118,NaN,NaN,NaN,2.233,8.6263,NaN,1.3675,7.3566,10.406,9.6816,7.6088,9.565,4.0257,8.626,1.4177,NaN,6.3366,8.3592,2.5303,NaN,4.8999,NaN,11.37,NaN,2.7556,NaN,NaN,NaN,4.5795,NaN,NaN,3.4372,NaN,NaN,NaN,NaN,NaN,NaN,4.7022,8.6262,NaN
2.88,5.426,3.5661,4.0004,11.494,3.1308,8.882,7.7663,1.4582,11.668,17.171,NaN,8.9149,4.8957,9.8436,4.4605,7.8587,6.6191,NaN,12.304,10.623,NaN,NaN,NaN,3.2254,1.3172,NaN,4.4532,13.534,NaN,NaN,NaN,NaN,NaN,5.0734,NaN,NaN,1.9948,NaN,2.1552,8.2973,5.3068,3.9943,10.149,3.9083,1.9109,7.1429,2.1295,6.219,3.9899,6.7534,6.9696,NaN,9.5844,NaN,NaN,NaN,4.248,2.6317,NaN,NaN,NaN,3.1245,4.992,NaN,4.6216,2.724,4.3227,8.1649,4.3796,7.4641,2.4539,17.723,5.3634,NaN,2.02,6.7801,1.1702,NaN,7.7629,NaN,3.1718,NaN,4.4278,NaN,NaN,NaN,1.0514,NaN,NaN,3.8829,NaN,NaN,NaN,NaN,NaN,NaN,6.1015,10.681,NaN
3.3151,3.6734,4.1627,1.4695,4.5187,3.9138,11.242,6.8363,3.455,14.735,14.996,NaN,8.1297,5.0058,8.7523,7.9332,10.888,7.2374,NaN,11.263,21.346,NaN,NaN,NaN,2.6361,3.7533,NaN,1.4406,7.2134,NaN,NaN,NaN,NaN,NaN,6.0483,NaN,NaN,2.1285,NaN,2.2694,14.211,5.0484,9.6121,10.986,3.5253,2.2194,10.538,3.3622,7.3106,8.0619,6.5488,8.2684,NaN,11.772,NaN,NaN,NaN,7.87,3.4684,NaN,NaN,NaN,2.4087,3.8129,NaN,6.8589,0.83856,2.5397,1.9155,18.832,6.5342,4.9579,7.4246,4.7031,NaN,4.8863,8.8284,4.0684,NaN,7.931,NaN,16.171,NaN,13.675,NaN,NaN,NaN,1.8595,NaN,NaN,4.4066,NaN,NaN,NaN,NaN,NaN,NaN,3.371,5.7059,NaN
2.1091,2.5234,0.12382,2.0411,3.8494,5.7625,6.4769,7.7529,5.8234,12.16,7.5965,NaN,9.7101,7.2852,5.781,7.8642,7.7993,14.687,NaN,1.5832,29.029,NaN,NaN,NaN,1.7174,2.982,NaN,7.799,13.461,NaN,NaN,NaN,NaN,NaN,6.1682,NaN,NaN,1.4206,NaN,1.4125,12.106,2.2189,7.8366,12.004,1.5425,2.0679,3.3125,10.588,4.156,9.696,6.9134,8.8562,NaN,7.5131,NaN,NaN,NaN,2.6085,2.5282,NaN,NaN,NaN,4.5163,1.352,NaN,2.1419,1.5517,10.866,2.3394,3.09,2.6164,2.5463,2.8776,1.9413,NaN,18.929,6.2339,9.0067,NaN,19.175,NaN,4.1906,NaN,11.208,NaN,NaN,NaN,1.2538,NaN,NaN,7.4923,NaN,NaN,NaN,NaN,NaN,NaN,4.6822,4.078,NaN
2.7083,1.6726,1.1411,6.7242,6.6847,2.6014,0.093188,10.481,1.8372,15.028,2.0233,NaN,2.6204,16.348,6.8288,7.5079,25.917,14.176,NaN,4.7964,8.0144,NaN,NaN,NaN,7.6696,1.9899,NaN,5.244,12.067,NaN,NaN,NaN,NaN,NaN,12.796,NaN,NaN,1.5474,NaN,9.9286,5.1703,4.869,9.5201,7.6567,2.8095,3.2786,1.8205,2.4284,3.8408,6.4666,4.1803,6.159,NaN,5.5589,NaN,NaN,NaN,3.493,3.6069,NaN,NaN,NaN,9.4787,3.2001,NaN,1.9418,4.0515,15.803,5.5706,4.8904,5.9991,3.1841,2.4275,3.1733,NaN,1.793,8.8491,8.5411,NaN,8.2416,NaN,4.4777,NaN,5.9398,NaN,NaN,NaN,3.3098,NaN,NaN,1.0427,NaN,NaN,NaN,NaN,NaN,NaN,3.3445,3.0077,NaN
5.5566,14.161,2.9747,5.2964,4.6734,5.0266,1.8552,9.1016,13.645,7.3977,4.4081,NaN,25.824,13.216,4.2171,9.0633,3.6325,8.1599,NaN,5.2879,2.5141,NaN,NaN,NaN,11.278,5.3666,NaN,2.8573,12.89,NaN,NaN,NaN,NaN,NaN,12.175,NaN,NaN,2.8991,NaN,6.2488,1.7693,11.143,1.7619,7.3878,2.6604,3.3313,7.0108,2.4402,8.6008,7.3208,1.8205,13.887,NaN,9.4769,NaN,NaN,NaN,5.3294,4.815,NaN,NaN,NaN,12.37,2.3127,NaN,4.6478,9.3097,2.9703,14.025,22.515,16.812,3.8663,3.6582,4.0882,NaN,3.2557,4.4885,28.427,NaN,5.4538,NaN,11.617,NaN,2.2327,NaN,NaN,NaN,1.7198,NaN,NaN,2.4495,NaN,NaN,NaN,NaN,NaN,NaN,6.8226,3.3723,NaN
5.5822,11.194,0.76063,4.294,6.6202,13.193,7.7377,27.563,0.18376,6.8408,3.7521,NaN,10.455,10.337,6.0665,5.4607,5.149,1.434,NaN,7.3422,8.8022,NaN,NaN,NaN,12.401,5.6493,NaN,76.486,15.561,NaN,NaN,NaN,NaN,NaN,6.6621,NaN,NaN,4.0839,NaN,1.2471,6.0449,5.5736,3.1502,5.5388,1.134,3.7126,1.7664,5.2334,8.5953,12.938,2.5109,7.6694,NaN,0.49845,NaN,NaN,NaN,9.407,3.6567,NaN,NaN,NaN,16.532,1.2434,NaN,8.5288,8.1275,8.1074,4.5167,64.149,11.912,7.8974,2.8432,2.332,NaN,2.1931,6.7741,17.197,NaN,8.7471,NaN,3.659,NaN,5.8707,NaN,NaN,NaN,18.683,NaN,NaN,4.193,NaN,NaN,NaN,NaN,NaN,NaN,4.9448,4.0026,NaN
12.992,8.5973,20.261,9.7112,12.713,10.326,16.426,23.979,20.162,8.8233,14.669,NaN,18.713,9.1237,10.695,9.8863,37.805,15.932,NaN,15.324,7.2593,NaN,NaN,NaN,16.247,20.222,NaN,13.745,19.141,NaN,NaN,NaN,NaN,NaN,16.751,NaN,NaN,55.819,NaN,14.432,3.7774,26.162,29.583,22.094,11.451,13.067,23.479,25.121,11.883,20.271,17.916,19.35,NaN,16.243,NaN,NaN,NaN,16.836,13.423,NaN,NaN,NaN,15.254,3.3985,NaN,12.317,11.639,16.02,19.734,51.733,15.11,16.578,19.099,20.254,NaN,42.695,9.247,9.692,NaN,26.921,NaN,11.461,NaN,5.9618,NaN,NaN,NaN,10.081,NaN,NaN,26.16,NaN,NaN,NaN,NaN,NaN,NaN,10.337,8.1975,NaN
5.3326,3.9177,36.452,2.083,4.8079,2.8097,13.918,11.159,4.258,7.295,5.2688,NaN,15.994,5.9372,13.265,21.569,5.5113,23.555,NaN,10.552,4.0857,NaN,NaN,NaN,5.8596,8.7025,NaN,59.582,5.6252,NaN,NaN,NaN,NaN,NaN,2.242,NaN,NaN,2.729,NaN,3.0976,5.6345,10.912,13.101,1.8362,6.0189,5.8,5.0404,6.1518,9.4913,4.9477,2.7644,2.7472,NaN,7.6035,NaN,NaN,NaN,10.471,4.7466,NaN,NaN,NaN,4.9704,3.4906,NaN,4.3652,2.0138,5.3165,12.744,13.429,9.806,4.1034,3.9431,14.975,NaN,15.845,10.284,3.4649,NaN,2.2945,NaN,5.5343,NaN,10.103,NaN,NaN,NaN,5.7112,NaN,NaN,8.3345,NaN,NaN,NaN,NaN,NaN,NaN,17.259,4.6463,NaN
8.0504,8.0753,4.117,2.303,5.4177,22.073,6.054,12.354,4.09,4.2891,11.32,NaN,17.035,4.9666,10.907,21.687,5.9668,17.611,NaN,7.3513,7.9284,NaN,NaN,NaN,3.8191,4.3558,NaN,21.462,11.012,NaN,NaN,NaN,NaN,NaN,4.8086,NaN,NaN,7.2424,NaN,1.134,7.5748,8.5422,12.789,6.287,5.3844,4.8425,7.5357,8.172,11.922,7.0169,2.791,18.497,NaN,4.5164,NaN,NaN,NaN,7.0919,1.3821,NaN,NaN,NaN,10.879,1.8922,NaN,11.953,5.7391,8.5737,9.6047,23.531,8.5167,3.6861,3.0066,2.2995,NaN,8.9182,3.0664,13.001,NaN,3.3614,NaN,3.1602,NaN,10.551,NaN,NaN,NaN,11.525,NaN,NaN,7.4623,NaN,NaN,NaN,NaN,NaN,NaN,5.5211,2.656,NaN
5.0625,20.901,4.0886,3.1923,2.7113,7.1201,1.1047,2.1881,11.607,4.9119,18.935,NaN,11.012,7.5684,3.1953,4.5173,5.6818,6.0773,NaN,2.5914,1.8505,NaN,NaN,NaN,11.512,2.8341,NaN,10.675,5.6262,NaN,NaN,NaN,NaN,NaN,9.5027,NaN,NaN,8.7546,NaN,4.9483,3.9591,21.41,6.0383,8.0941,5.5983,11.334,2.335,4.9463,9.8691,10.263,3.7577,18.746,NaN,7.4915,NaN,NaN,NaN,3.4906,3.472,NaN,NaN,NaN,9.1634,1.3222,NaN,3.7906,16.727,6.3312,9.2432,17.772,10.366,3.9084,4.2906,2.1118,NaN,4.3857,2.1262,33.476,NaN,3.7777,NaN,8.9268,NaN,5.6525,NaN,NaN,NaN,5.4434,NaN,NaN,16.097,NaN,NaN,NaN,NaN,NaN,NaN,3.761,4.8495,NaN
9.2796,4.2549,8.4172,4.4618,3.2948,2.4637,3.8103,11.6,3.9411,8.4654,25.944,NaN,5.4045,6.2407,2.6492,7.7844,5.2564,7.3242,NaN,3.4501,5.8833,NaN,NaN,NaN,5.4904,5.2062,NaN,8.4389,11.371,NaN,NaN,NaN,NaN,NaN,10.277,NaN,NaN,9.7494,NaN,8.7977,13.339,6.6996,4.8853,7.4256,8.5986,9.933,7.5075,4.3578,18.11,8.8858,11.508,12.896,NaN,4.2405,NaN,NaN,NaN,6.4871,8.7422,NaN,NaN,NaN,9.4806,3.4367,NaN,4.6215,3.4769,3.3546,7.2063,6.8616,15.458,2.947,11.301,6.2204,NaN,1.8327,2.8323,14.691,NaN,8.0018,NaN,4.8437,NaN,3.2476,NaN,NaN,NaN,6.397,NaN,NaN,11.904,NaN,NaN,NaN,NaN,NaN,NaN,2.3995,5.5284,NaN
13.144,13.233,12.118,1.7286,7.8861,14.421,14.301,15.714,7.17,8.3076,13.054,NaN,27.861,12.832,3.4144,6.2214,14.022,22.526,NaN,9.8421,6.6155,NaN,NaN,NaN,9.9479,7.602,NaN,18.434,12.35,NaN,NaN,NaN,NaN,NaN,9.1931,NaN,NaN,37.671,NaN,11.678,12.416,13.479,6.2591,13.436,11.512,11.873,12.427,11.327,11.412,6.1356,18.689,23.353,NaN,6.2358,NaN,NaN,NaN,16.639,8.2538,NaN,NaN,NaN,9.5652,12.516,NaN,8.0729,3.1293,3.5331,13.852,9.4316,7.0489,11.789,9.2237,14.776,NaN,5.3037,7.3946,15.6,NaN,21.136,NaN,12.483,NaN,3.3019,NaN,NaN,NaN,19.93,NaN,NaN,29.154,NaN,NaN,NaN,NaN,NaN,NaN,3.6977,11.154,NaN
15.159,18.531,6.5281,2.5619,10.336,17.248,24.654,6.652,6.3216,14.155,20.581,NaN,21.91,11.985,3.2322,7.6201,14.209,18.952,NaN,16.154,10.16,NaN,NaN,NaN,12.516,6.9144,NaN,12.445,30.377,NaN,NaN,NaN,NaN,NaN,13.953,NaN,NaN,13.448,NaN,16.583,5.9869,19.047,6.3398,11.969,10.762,11.72,6.171,12.15,14.57,7.7666,12.229,19.089,NaN,5.5751,NaN,NaN,NaN,9.2464,11.209,NaN,NaN,NaN,9.7714,7.6439,NaN,6.0873,1.2115,5.8904,12.472,17.458,11.006,15.408,10.09,8.8389,NaN,8.6272,4.0802,27.4,NaN,7.8322,NaN,14.545,NaN,16.563,NaN,NaN,NaN,17.74,NaN,NaN,11.171,NaN,NaN,NaN,NaN,NaN,NaN,3.5062,10.241,NaN
16.02,6.0213,4.8518,11.564,1.7942,18.002,20.793,6.8587,9.3741,23.084,14.136,NaN,12.528,8.9559,3.8939,11.876,22.598,4.2264,NaN,20.587,14.747,NaN,NaN,NaN,4.3377,30.602,NaN,2.0236,15.428,NaN,NaN,NaN,NaN,NaN,10.977,NaN,NaN,2.4047,NaN,8.9362,2.8003,13.709,6.5892,7.8834,11.17,11.307,4.6923,9.9984,9.8843,30.38,7.8361,2.2079,NaN,3.6404,NaN,NaN,NaN,5.8915,26.491,NaN,NaN,NaN,10.838,7.3435,NaN,3.2994,3.8694,14.213,11.116,17.857,11.978,9.3604,12.711,15.917,NaN,12.611,11.532,8.2917,NaN,5.3995,NaN,9.4201,NaN,9.5329,NaN,NaN,NaN,11.894,NaN,NaN,8.6551,NaN,NaN,NaN,NaN,NaN,NaN,10.95,9.8977,NaN
11.11,2.2462,9.6878,10.184,0.66551,16.032,7.6636,9.0905,9.9235,17.177,1.6422,NaN,24.946,8.2966,8.6911,9.6255,19.203,9.0352,NaN,18.391,14.497,NaN,NaN,NaN,5.4591,9.9255,NaN,2.6086,10.967,NaN,NaN,NaN,NaN,NaN,15.675,NaN,NaN,10.374,NaN,4.2414,8.7216,13.137,7.9602,9.0413,11.766,12.61,3.9403,6.5814,9.7253,43.033,7.4462,8.6394,NaN,12.461,NaN,NaN,NaN,10.002,30.903,NaN,NaN,NaN,14.266,6.0873,NaN,5.3573,8.306,7.4591,9.6767,10.872,11.722,5.6559,14.461,24.885,NaN,14.313,16.106,3.2572,NaN,6.8328,NaN,3.5342,NaN,6.7195,NaN,NaN,NaN,7.7234,NaN,NaN,17.312,NaN,NaN,NaN,NaN,NaN,NaN,14.714,10.132,NaN
8.645,9.7162,25.667,8.2605,2.9733,3.5715,4.1138,8.5972,11.762,13.211,4.026,NaN,21.129,9.7549,11.976,2.8619,9.2957,11.137,NaN,7.2729,10.284,NaN,NaN,NaN,2.8451,7.9024,NaN,9.5054,8.3944,NaN,NaN,NaN,NaN,NaN,23.11,NaN,NaN,8.5827,NaN,0.80227,11.469,13.92,7.6596,17.656,3.8515,40.532,6.9881,4.7377,8.9415,28.71,5.9773,12.386,NaN,16.763,NaN,NaN,NaN,17.494,17.056,NaN,NaN,NaN,11.766,5.4468,NaN,5.5841,6.0364,3.4494,10.313,10.068,9.7518,1.7115,8.8499,6.5422,NaN,9.9799,13.927,4.3681,NaN,8.2816,NaN,6.1352,NaN,7.087,NaN,NaN,NaN,7.8537,NaN,NaN,19.391,NaN,NaN,NaN,NaN,NaN,NaN,10.046,9.9592,NaN
9.5095,3.2106,3.8079,7.2965,1.7838,22.42,5.3474,22.274,8.5413,20.14,5.8843,NaN,15.6,14.162,5.2589,7.9533,19.786,7.4884,NaN,6.8152,7.282,NaN,NaN,NaN,6.6437,11.492,NaN,1.0426,13.603,NaN,NaN,NaN,NaN,NaN,32.964,NaN,NaN,12.455,NaN,10.982,6.9301,11.779,7.135,11.149,8.7436,33.102,3.8665,9.1532,16.594,24.58,14.464,17.625,NaN,6.522,NaN,NaN,NaN,9.6532,24.763,NaN,NaN,NaN,18.261,5.3205,NaN,9.6777,7.2519,7.6032,3.2228,8.0641,10.714,4.227,21.075,22.1,NaN,5.8804,21.048,5.5113,NaN,7.2535,NaN,4.3666,NaN,2.63,NaN,NaN,NaN,8.3089,NaN,NaN,12.075,NaN,NaN,NaN,NaN,NaN,NaN,15.345,13.095,NaN
4.7566,8.7592,6.4947,8.9236,1.0699,24.743,5.2756,7.217,2.5321,22.083,6.2484,NaN,5.9175,25.21,6.9874,13.07,7.1675,10.986,NaN,4.8015,4.2264,NaN,NaN,NaN,1.7963,18.381,NaN,8.3172,12.664,NaN,NaN,NaN,NaN,NaN,11.26,NaN,NaN,6.7979,NaN,10.855,13.585,7.0061,3.6043,5.8588,9.5317,16.658,2.0844,12.16,15.391,4.8287,11.723,9.0854,NaN,4.1922,NaN,NaN,NaN,2.718,8.4111,NaN,NaN,NaN,10.561,3.9646,NaN,4.1797,4.1511,12.124,4.2396,7.1841,8.3734,8.7968,10.726,12.239,NaN,2.3856,9.966,4.8733,NaN,5.2165,NaN,6.5175,NaN,1.0287,NaN,NaN,NaN,11.975,NaN,NaN,5.351,NaN,NaN,NaN,NaN,NaN,NaN,12.405,8.5702,NaN
11.351,10.692,26.429,9.1309,9.2002,17.488,22.409,12.271,13.415,13.258,17.015,NaN,15.424,3.6667,7.5896,13.948,18.453,15.589,NaN,8.672,4.3014,NaN,NaN,NaN,9.3115,48.783,NaN,7.9036,14.518,NaN,NaN,NaN,NaN,NaN,13.615,NaN,NaN,42.558,NaN,11.291,10.843,14.575,16.146,18.312,10.131,16.518,22.819,11.302,18.176,12.582,18.147,26.986,NaN,8.977,NaN,NaN,NaN,16.48,11.052,NaN,NaN,NaN,19.838,0.85469,NaN,13.581,6.4088,22.584,13.664,31.7,13.256,13.421,16.066,20.829,NaN,29.07,22.217,8.2865,NaN,13.995,NaN,23.964,NaN,3.2702,NaN,NaN,NaN,5.3361,NaN,NaN,13.69,NaN,NaN,NaN,NaN,NaN,NaN,12.883,6.5229,NaN
