7.5662,1.7116,7.0932,6.5712,NaN,7.7125,7.4601,2.8672,5.389,4.6173,3.4275,8.3095,15.823,8.8702,NaN,2.7631,5.6526,NaN,5.022,9.6102,NaN,6.1045,2.1225,3.0932,11.985,NaN,1.9353,7.5828,2.503,5.5332,6.9375,NaN,1.1995,4.4953,1.8209,4.239,3.1242,10.202,3.5734,8.6807,NaN,5.3697,16.954,NaN,NaN,7.5158,NaN,1.6486,3.1792,4.4936,4.0665,1.1295,4.6924,3.1095,4.1367,8.4838,4.7806,NaN,NaN,36.704,7.5189,NaN,0.82371,NaN,NaN,9.5819,NaN,NaN,3.547,2.1922,NaN,8.2016,4.4968,20.821,7.5289,NaN,NaN,29.401,5.831,0.97192,NaN,NaN,NaN,NaN,4.5712,10.418,6.4671,NaN,6.3661,2.5434,4.6032,NaN,NaN,NaN,1.2267,NaN,NaN,NaN,7.6077,NaN
6.2236,3.4179,1.2929,1.0115,NaN,5.2112,0.90924,1.6485,3.1693,2.7695,3.0527,5.4247,3.8217,3.3488,NaN,0.81233,4.2251,NaN,2.589,3.8984,NaN,4.1048,4.6003,3.9908,1.6339,NaN,4.4917,3.6892,1.8591,2.7074,0.15525,NaN,2.6269,3.0856,3.5824,1.2772,0.76728,5.6068,1.9552,2.1645,NaN,2.8709,6.1914,NaN,NaN,4.7363,NaN,3.0622,2.2866,2.5684,2.6876,4.0826,3.0035,5.131,3.0455,3.5415,1.5501,NaN,NaN,12.846,2.0093,NaN,2.5204,NaN,NaN,1.8082,NaN,NaN,7.8466,4.017,NaN,5.2181,4.7366,6.1324,2.7666,NaN,NaN,15.273,2.737,2.8497,NaN,NaN,NaN,NaN,4.1307,4.2796,1.8743,NaN,3.3752,4.6589,5.7791,NaN,NaN,NaN,2.0384,NaN,NaN,NaN,3.3111,NaN
4.451,1.6325,6.7744,2.994,NaN,8.4124,5.6684,5.7841,5.5673,4.8167,2.8048,8.57,14.932,6.4399,NaN,4.4959,3.7681,NaN,8.6517,7.8518,NaN,2.3774,3.2728,3.9529,13.799,NaN,3.2611,8.0911,3.5978,6.1149,8.2833,NaN,4.079,8.1518,4.2004,3.4112,3.729,8.292,1.0119,6.2829,NaN,1.8469,22.816,NaN,NaN,11.82,NaN,2.697,5.3947,3.7135,5.0819,2.9429,2.779,4.17,5.0918,7.0406,4.5937,NaN,NaN,33.601,6.5998,NaN,1.4208,NaN,NaN,8.3831,NaN,NaN,6.4932,1.3128,NaN,4.6259,0.68025,16.242,6.8178,NaN,NaN,32.148,4.5439,3.0492,NaN,NaN,NaN,NaN,2.3222,6.1283,8.0023,NaN,4.5035,1.4544,7.9363,NaN,NaN,NaN,0.78398,NaN,NaN,NaN,9.3578,NaN
7.3605,2.6213,5.2565,1.3074,NaN,9.5219,1.7947,7.4776,4.1043,10.483,1.0643,3.253,12.398,3.9255,NaN,2.135,1.065,NaN,12.682,3.664,NaN,4.7645,3.3017,5.1931,10.784,NaN,4.2383,11.669,2.6533,4.0162,9.0136,NaN,5.8311,10.654,8.7474,3.235,3.0847,1.7178,1.197,1.4147,NaN,1.7752,14.317,NaN,NaN,13.314,NaN,5.181,8.1564,3.4854,3.9723,4.2526,3.6599,7.8409,4.2599,6.3205,4.8407,NaN,NaN,20.245,2.9185,NaN,3.6166,NaN,NaN,8.3441,NaN,NaN,8.0389,7.4084,NaN,3.3863,3.0212,12.919,2.9861,NaN,NaN,22.068,6.3216,1.3786,NaN,NaN,NaN,NaN,0.8424,1.8093,2.118,NaN,2.0974,3.3169,5.3196,NaN,NaN,NaN,2.1027,NaN,NaN,NaN,2.2236,NaN
3.3224,2.9169,4.699,2.9659,NaN,4.1129,3.8381,6.384,6.1021,7.4756,0.81592,6.2837,4.6349,4.4357,NaN,3.5239,3.7695,NaN,8.8305,2.9133,NaN,1.6462,3.7289,8.9292,5.1374,NaN,3.9528,1.928,3.4836,5.6376,2.571,NaN,6.7989,9.9077,4.3631,3.1786,1.6851,1.4052,1.3235,2.2162,NaN,5.7072,13.304,NaN,NaN,10.955,NaN,4.9116,7.0739,4.7376,4.7284,3.5309,3.3469,2.9979,3.9747,8.424,5.2706,NaN,NaN,13.753,9.6449,NaN,0.96412,NaN,NaN,9.1438,NaN,NaN,11.886,6.8004,NaN,3.1865,2.7771,5.3321,4.8839,NaN,NaN,16.309,1.3442,1.4609,NaN,NaN,NaN,NaN,2.9284,2.7293,4.5894,NaN,4.2793,6.1711,10.734,NaN,NaN,NaN,2.4514,NaN,NaN,NaN,7.5941,NaN
2.2252,3.7413,1.6592,1.8106,NaN,7.0774,3.5767,4.7997,4.3519,3.66,2.9371,4.5597,3.0386,2.4456,NaN,2.0569,3.3103,NaN,3.832,4.9476,NaN,4.3274,5.0118,9.4667,2.7749,NaN,4.3127,4.4612,3.4013,2.9686,2.1006,NaN,4.0108,6.6535,1.7898,1.1731,0.96205,1.2514,2.8049,3.1215,NaN,5.0351,7.3587,NaN,NaN,8.1497,NaN,3.8425,2.6865,3.5373,1.4845,4.0831,1.98,3.3346,3.3222,7.3981,3.1384,NaN,NaN,3.911,6.3804,NaN,2.1498,NaN,NaN,4.5759,NaN,NaN,11.464,3.4114,NaN,6.0411,2.5521,1.2092,4.778,NaN,NaN,9.9719,2.3427,3.3777,NaN,NaN,NaN,NaN,1.646,0.93023,1.6579,NaN,2.1132,7.9919,10.195,NaN,NaN,NaN,0.14603,NaN,NaN,NaN,5.7786,NaN
3.3887,7.532,2.177,1.6342,NaN,9.2244,4.4241,2.0946,2.4307,3.193,2.4681,3.644,3.0757,0.60972,NaN,1.8426,7.5439,NaN,0.58471,6.4675,NaN,8.5554,7.3821,6.7212,7.1785,NaN,6.3201,5.7851,1.5135,3.0445,3.4101,NaN,1.4753,0.59136,5.2154,1.6699,2.0948,2.6208,3.1446,5.3002,NaN,3.0176,5.427,NaN,NaN,3.8362,NaN,3.8088,2.5926,2.6103,6.0516,3.8481,1.9583,4.7868,2.5797,5.4768,3.6569,NaN,NaN,2.7108,3.5664,NaN,5.7538,NaN,NaN,7.7111,NaN,NaN,8.8351,3.3309,NaN,10.924,6.7149,1.8078,1.8007,NaN,NaN,5.8,7.064,7.218,NaN,NaN,NaN,NaN,2.8552,6.9345,7.0936,NaN,1.3691,7.7432,7.0433,NaN,NaN,NaN,2.7734,NaN,NaN,NaN,4.4123,NaN
1.2154,4.8552,1.4553,5.5316,NaN,6.702,4.5277,4.3051,3.3581,8.1647,2.7946,2.6787,1.1436,2.3531,NaN,3.997,3.2633,NaN,4.5063,3.7663,NaN,6.2866,3.7326,3.8684,4.7721,NaN,5.1582,1.3429,1.1562,2.9767,5.6278,NaN,4.3483,4.994,5.5198,3.4542,6.0388,4.2349,3.4065,5.206,NaN,4.1975,6.4858,NaN,NaN,2.365,NaN,5.1532,4.1131,2.5188,2.3534,2.0169,2.4979,5.6663,1.8624,4.0774,8.3571,NaN,NaN,5.3082,11.739,NaN,4.7207,NaN,NaN,5.7269,NaN,NaN,2.8098,6.6664,NaN,9.3224,6.6051,5.8734,4.6047,NaN,NaN,5.3962,4.0939,10.458,NaN,NaN,NaN,NaN,0.19733,8.6598,8.2851,NaN,2.5382,6.0908,2.0413,NaN,NaN,NaN,4.6569,NaN,NaN,NaN,7.8975,NaN
1.5823,2.7797,1.6945,2.9603,NaN,7.1793,5.9737,5.9217,0.72,5.0664,3.9194,2.1164,2.2981,1.8111,NaN,3.3949,2.1236,NaN,2.1514,5.2051,NaN,2.9826,2.3062,6.4765,6.9315,NaN,2.4224,4.6659,4.2328,3.3553,5.0086,NaN,2.4472,4.7514,5.9615,2.1632,4.0305,4.0007,2.5972,3.6959,NaN,1.8201,4.8591,NaN,NaN,2.5509,NaN,3.9509,6.3998,5.5812,2.6113,3.1393,1.6192,2.2492,2.9817,3.5787,1.6392,NaN,NaN,3.8486,4.6286,NaN,2.0448,NaN,NaN,6.2108,NaN,NaN,2.8581,0.78829,NaN,1.4756,6.2297,3.7111,2.3715,NaN,NaN,1.1302,3.1439,6.9427,NaN,NaN,NaN,NaN,3.3346,6.4863,3.1948,NaN,1.3825,7.4988,5.713,NaN,NaN,NaN,1.2134,NaN,NaN,NaN,2.9174,NaN
4.4182,2.5152,4.4418,1.706,NaN,2.1612,5.2799,7.548,2.4913,4.6338,1.7618,4.4047,2.8587,1.9894,NaN,4.6839,4.568,NaN,5.1645,3.9961,NaN,4.7195,2.7543,4.7733,7.1283,NaN,3.4165,4.4438,4.282,2.4399,3.4846,NaN,1.071,5.7898,1.1475,3.3036,0.63367,3.117,0.36905,2.8266,NaN,4.7626,5.3426,NaN,NaN,7.2966,NaN,3.7902,2.2798,6.7599,0.60938,2.8623,3.7248,3.1887,1.2326,5.2553,6.8065,NaN,NaN,1.3628,17.984,NaN,5.0145,NaN,NaN,9.1112,NaN,NaN,5.905,6.0143,NaN,3.2051,3.1123,1.7856,4.053,NaN,NaN,6.5233,4.9246,3.2547,NaN,NaN,NaN,NaN,4.6386,3.5289,3.6386,NaN,6.4025,5.9169,9.8622,NaN,NaN,NaN,3.0239,NaN,NaN,NaN,3.0694,NaN
3.4994,1.7869,4.9382,1.1178,NaN,5.0829,2.8324,6.1891,2.9782,4.2471,2.3938,5.9976,2.5862,5.5917,NaN,2.1364,3.0955,NaN,4.5705,2.3665,NaN,5.7985,4.3799,4.7504,4.4769,NaN,4.0629,5.7236,2.4952,4.6696,1.7396,NaN,5.0643,4.9761,5.96,0.21919,3.6689,5.0056,2.9041,2.4903,NaN,3.5683,5.7902,NaN,NaN,12.681,NaN,7.9687,6.5425,5.14,3.0738,6.3792,8.2457,8.5505,1.2282,8.1317,2.1236,NaN,NaN,5.7126,12.549,NaN,3.7341,NaN,NaN,9.2274,NaN,NaN,7.8272,5.1708,NaN,4.6165,2.9801,3.5165,1.595,NaN,NaN,2.8712,1.5513,2.9474,NaN,NaN,NaN,NaN,4.0259,1.31,3.7623,NaN,3.8106,3.5959,7.9693,NaN,NaN,NaN,2.626,NaN,NaN,NaN,3.6263,NaN
2.5885,1.0478,4.52,2.6929,NaN,3.8198,5.4526,4.5235,3.4552,5.9278,5.004,4.0996,4.8047,5.0441,NaN,2.9402,2.7585,NaN,6.6013,3.0575,NaN,4.1353,3.6688,6.4765,1.0385,NaN,4.3517,3.0765,3.7723,4.3356,0.8967,NaN,8.7785,3.1808,2.3743,1.1859,8.02,2.3532,2.3935,1.5275,NaN,5.1301,7.9958,NaN,NaN,11.273,NaN,4.2417,2.7124,6.2107,2.4121,6.7041,5.6396,4.973,3.1613,4.6166,3.938,NaN,NaN,2.6238,12.601,NaN,2.0237,NaN,NaN,4.2123,NaN,NaN,3.2451,4.6878,NaN,3.8885,1.944,1.5409,6.0424,NaN,NaN,7.3803,5.6368,3.2792,NaN,NaN,NaN,NaN,2.7684,2.8997,4.7642,NaN,6.6947,3.1336,8.9939,NaN,NaN,NaN,1.3606,NaN,NaN,NaN,6.3968,NaN
7.875,3.1744,3.0224,2.6657,NaN,2.7934,4.365,5.8901,1.096,5.8729,5.3994,4.8284,3.5832,5.0305,NaN,0.033295,2.8457,NaN,8.7542,0.77545,NaN,4.0296,2.6465,3.4258,4.9369,NaN,1.0871,7.6524,3.3622,5.3901,3.0461,NaN,6.9762,1.4285,1.3866,2.9959,3.4202,1.9093,3.0241,2.6116,NaN,5.214,5.3483,NaN,NaN,6.2418,NaN,2.9672,6.1676,5.5316,1.8596,4.1729,3.52,6.6087,2.1922,1.6921,8.0001,NaN,NaN,3.3555,13.912,NaN,5.0965,NaN,NaN,0.72685,NaN,NaN,0.92649,4.471,NaN,2.7257,1.2871,5.7889,5.1924,NaN,NaN,8.2713,7.7361,9.0888,NaN,NaN,NaN,NaN,2.2194,8.0558,8.3044,NaN,6.5031,2.7849,6.8921,NaN,NaN,NaN,6.0575,NaN,NaN,NaN,1.5385,NaN
3.276,3.3136,0.22295,3.2612,NaN,5.7073,2.8104,2.7716,2.5722,5.3412,4.9071,2.7459,2.2821,6.003,NaN,1.0682,2.9297,NaN,5.0869,2.2397,NaN,1.4832,1.9481,2.4349,4.7388,NaN,5.352,6.841,0.73365,3.5824,2.0229,NaN,5.906,6.1463,3.0705,1.0764,1.8551,4.091,1.8301,2.801,NaN,4.6688,5.1294,NaN,NaN,1.4459,NaN,2.5753,7.1259,4.1218,0.8654,0.81923,2.3038,2.6483,3.4913,0.89129,0.87031,NaN,NaN,3.4009,7.4489,NaN,2.4017,NaN,NaN,4.1286,NaN,NaN,5.7573,4.0745,NaN,5.0206,6.8274,1.2851,3.3269,NaN,NaN,4.2952,5.1038,6.2314,NaN,NaN,NaN,NaN,2.4095,11.53,2.8959,NaN,1.0876,1.7005,3.2568,NaN,NaN,NaN,0.4614,NaN,NaN,NaN,2.8347,NaN
10.451,18.122,14.51,19.665,NaN,3.4692,14.324,16.267,4.52,8.686,8.7283,11.776,12.854,15.965,NaN,5.0978,10.715,NaN,10.008,8.3538,NaN,10.091,6.5579,9.8485,7.9231,NaN,12.367,23.422,8.8239,18.951,15.296,NaN,16.19,23.57,22.606,12.087,6.7201,12.755,7.7506,22.632,NaN,11.951,16.547,NaN,NaN,0.71208,NaN,10.807,5.853,13.447,16.128,12.639,9.0075,23.415,16.295,19.584,25.433,NaN,NaN,10.438,13.249,NaN,13.823,NaN,NaN,17.157,NaN,NaN,12.483,18.991,NaN,10.147,28.883,4.4035,24.205,NaN,NaN,22.856,5.5981,15.393,NaN,NaN,NaN,NaN,29.855,8.0917,12.468,NaN,21.273,14.266,16.318,NaN,NaN,NaN,20.101,NaN,NaN,NaN,20.795,NaN
4.5378,6.2919,3.3192,4.3862,NaN,8.1686,4.636,3.8165,2.884,2.14,3.4472,7.1163,1.7103,9.9829,NaN,3.0441,7.9487,NaN,5.6793,9.4301,NaN,11.381,4.9968,5.591,6.1131,NaN,7.5906,7.1801,8.0837,3.7934,5.4841,NaN,3.2455,9.8364,2.5321,5.4432,13.163,3.3714,3.259,4.4091,NaN,5.9378,8.049,NaN,NaN,10.637,NaN,2.1945,2.8663,4.8664,1.5753,5.1106,3.2556,0.62792,7.0309,4.1349,10.569,NaN,NaN,3.9044,18.445,NaN,9.6899,NaN,NaN,3.2725,NaN,NaN,6.8251,8.5579,NaN,2.3011,9.1342,6.1379,28.306,NaN,NaN,9.0484,4.0749,5.8654,NaN,NaN,NaN,NaN,0.23727,5.1771,8.4228,NaN,3.179,2.4606,12.051,NaN,NaN,NaN,8.9762,NaN,NaN,NaN,5.3488,NaN
1.151,4.619,3.2833,2.4179,NaN,9.7222,3.3032,0.54964,2.3749,4.0597,3.7403,4.2963,4.089,3.2008,NaN,1.444,9.1273,NaN,4.7773,6.5319,NaN,6.3472,3.8633,6.9576,2.0609,NaN,8.4939,12.324,6.0308,6.3383,5.851,NaN,6.5199,5.3289,4.2611,5.8201,10.993,1.6032,1.1292,4.9662,NaN,5.3848,4.5072,NaN,NaN,3.3501,NaN,4.2269,2.5517,0.83434,2.5873,1.8526,2.3688,3.046,0.83112,2.5709,1.8052,NaN,NaN,4.2174,4.4858,NaN,4.3572,NaN,NaN,2.4481,NaN,NaN,3.4599,3.6184,NaN,6.2931,4.6411,5.8898,11.417,NaN,NaN,5.3166,3.8162,3.0917,NaN,NaN,NaN,NaN,2.2449,6.2886,2.5336,NaN,1.8085,2.3435,3.1844,NaN,NaN,NaN,3.3989,NaN,NaN,NaN,5.993,NaN
3.7692,5.3213,2.0652,2.6843,NaN,2.6126,5.7393,4.9193,5.3338,5.3571,6.4812,7.1676,2.4909,3.8451,NaN,0.7532,2.0061,NaN,5.3844,0.61339,NaN,0.99616,3.5348,9.7995,1.4956,NaN,3.406,3.1496,6.3003,9.6182,8.4163,NaN,7.7207,3.8987,9.0252,6.2657,7.0564,4.2736,4.0552,4.0049,NaN,7.8185,2.4025,NaN,NaN,4.3869,NaN,4.2269,2.344,4.6795,3.8453,3.008,1.2005,8.3928,1.734,4.3194,8.7236,NaN,NaN,4.2449,11.797,NaN,6.5719,NaN,NaN,3.041,NaN,NaN,1.2269,3.6106,NaN,1.9644,6.5797,6.9867,5.8325,NaN,NaN,7.2643,6.6553,7.8642,NaN,NaN,NaN,NaN,5.9045,5.308,8.0971,NaN,9.3369,5.0119,7.5504,NaN,NaN,NaN,2.231,NaN,NaN,NaN,8.6144,NaN
1.7709,5.2134,4.6633,2.6029,NaN,6.4601,3.7185,5.4153,5.049,6.4931,5.474,6.4255,2.1419,2.4642,NaN,2.6971,1.2164,NaN,4.6452,2.9572,NaN,2.5083,4.8058,9.5655,2.9137,NaN,3.8222,4.1945,3.0226,6.5068,4.3268,NaN,6.8453,3.2325,8.3739,3.7386,2.5605,4.2262,4.208,2.9909,NaN,7.8374,2.6523,NaN,NaN,6.7546,NaN,2.5204,4.8622,7.4638,3.8896,3.1779,3.0512,4.4224,5.0121,2.4397,6.0415,NaN,NaN,3.5032,8.3662,NaN,4.4607,NaN,NaN,4.6583,NaN,NaN,1.323,0.57747,NaN,1.8295,6.8249,0.39987,5.4309,NaN,NaN,5.6453,5.3956,4.9172,NaN,NaN,NaN,NaN,1.8152,4.5538,8.7285,NaN,10.048,4.1776,7.6122,NaN,NaN,NaN,1.8475,NaN,NaN,NaN,10.716,NaN
2.6654,6.1988,4.2709,3.5942,NaN,5.4986,3.2016,4.3074,1.6984,4.9153,3.2533,4.6192,2.03,1.7518,NaN,1.3832,1.153,NaN,3.9069,4.8979,NaN,2.071,5.2192,8.2616,3.8446,NaN,6.0215,6.2367,10.4,7.9379,8.1824,NaN,2.9964,9.8942,11.461,4.7855,5.4731,5.8928,3.4876,3.0376,NaN,7.1736,1.4122,NaN,NaN,0.9926,NaN,2.8697,2.605,2.871,3.1888,2.4205,2.4937,7.8405,1.3553,5.8825,7.9088,NaN,NaN,5.0161,8.0774,NaN,0.18075,NaN,NaN,6.8847,NaN,NaN,3.5477,5.2641,NaN,3.385,7.8088,2.2341,3.5799,NaN,NaN,4.168,5.4062,11.237,NaN,NaN,NaN,NaN,7.4212,11.983,12.285,NaN,6.8278,3.7209,6.9698,NaN,NaN,NaN,5.1863,NaN,NaN,NaN,13.315,NaN
2.8139,4.8143,3.7549,4.9162,NaN,7.4583,6.6998,3.9944,4.8194,5.5695,3.8098,6.3852,4.188,4.2327,NaN,1.2809,0.62677,NaN,5.1873,2.569,NaN,5.1425,8.228,8.8457,2.1182,NaN,4.0629,3.8835,15.144,11.26,10.6,NaN,5.2404,12.861,13.29,5.9814,9.5127,4.2594,3.52,5.8939,NaN,7.0508,2.234,NaN,NaN,3.1536,NaN,2.1921,3.4901,3.66,2.063,6.0212,1.667,10.19,1.5372,7.4516,11.406,NaN,NaN,7.7112,11.917,NaN,3.6322,NaN,NaN,6.5904,NaN,NaN,6.141,1.6219,NaN,7.3569,11.128,1.4023,5.4454,NaN,NaN,2.222,4.0589,12.886,NaN,NaN,NaN,NaN,7.8689,9.6419,6.0934,NaN,6.6305,2.5388,11.92,NaN,NaN,NaN,5.004,NaN,NaN,NaN,12.885,NaN
5.0962,2.8803,4.308,3.6321,NaN,11.246,6.4183,1.412,4.559,4.0824,0.89971,5.1141,4.5075,4.2574,NaN,2.795,1.8691,NaN,2.3953,1.9459,NaN,7.5686,7.1892,5.2205,3.1185,NaN,2.9319,11.999,11.063,9.1631,8.9041,NaN,5.4534,10.224,9.8735,6.7265,16.419,6.642,7.8071,7.1519,NaN,1.2803,4.2593,NaN,NaN,6.4252,NaN,5.0628,2.1235,2.537,4.7647,8.117,2.2728,7.155,0.64764,7.8673,7.4135,NaN,NaN,8.4107,5.4761,NaN,6.3792,NaN,NaN,4.5477,NaN,NaN,7.2179,5.1007,NaN,5.8643,9.988,3.0508,11.057,NaN,NaN,9.4047,6.0144,9.4828,NaN,NaN,NaN,NaN,4.1443,9.3998,2.3302,NaN,2.4946,4.9018,6.9893,NaN,NaN,NaN,3.0067,NaN,NaN,NaN,10.551,NaN
8.8045,5.1471,4.7925,3.1861,NaN,10.147,4.8442,1.9462,4.2982,7.5886,3.5997,4.1828,6.4492,12.332,NaN,4.1494,2.9213,NaN,2.681,2.0379,NaN,9.8066,4.1987,2.5181,4.2595,NaN,2.6473,13.049,3.166,4.0835,5.0402,NaN,3.0981,7.4966,8.0059,8.6618,18.117,11.516,9.9242,4.5523,NaN,5.961,3.5252,NaN,NaN,8.2003,NaN,5.1814,0.58587,7.5263,9.8581,8.54,2.161,5.7406,4.5521,4.1616,2.7337,NaN,NaN,5.3084,5.387,NaN,7.8183,NaN,NaN,3.3828,NaN,NaN,3.7144,8.6899,NaN,1.254,8.233,3.0668,18.963,NaN,NaN,16.943,7.9509,6.3998,NaN,NaN,NaN,NaN,2.6004,10.335,5.7317,NaN,3.6382,7.3725,3.2967,NaN,NaN,NaN,6.2951,NaN,NaN,NaN,7.3062,NaN
10.78,7.8346,4.405,7.8985,NaN,5.5124,3.8996,6.5358,3.0836,8.7272,4.33,1.5123,7.2691,13.214,NaN,7.7796,6.4323,NaN,4.9474,1.427,NaN,7.8934,3.0483,3.622,4.8309,NaN,6.8815,4.1424,4.7548,2.9131,2.7608,NaN,1.5413,11.41,11.642,8.5773,10.684,6.888,7.9232,2.7932,NaN,4.3609,5.442,NaN,NaN,3.0768,NaN,1.3361,5.482,8.8732,4.5574,7.0021,3.9899,5.4321,8.0867,1.097,5.9018,NaN,NaN,6.2761,5.274,NaN,2.5577,NaN,NaN,3.6668,NaN,NaN,2.8301,10.627,NaN,11.456,8.3263,5.456,16.756,NaN,NaN,15.62,9.931,8.5119,NaN,NaN,NaN,NaN,6.3801,14.173,8.8845,NaN,6.3404,8.2262,7.5203,NaN,NaN,NaN,4.9535,NaN,NaN,NaN,2.8552,NaN
3.4944,4.4809,8.6678,9.0503,NaN,13.238,6.2384,2.9091,4.5723,9.0241,3.2898,2.8249,15.449,3.3818,NaN,6.9756,3.6982,NaN,7.1968,4.3164,NaN,9.6723,8.6576,4.4315,6.2273,NaN,5.9461,19.205,7.4575,3.3247,6.3999,NaN,6.6962,8.9294,1.8926,4.0929,12.943,19.544,11.406,4.2995,NaN,4.9721,5.4998,NaN,NaN,6.9795,NaN,7.5038,3.9594,7.1036,19.417,8.2799,4.1465,2.7884,1.8,6.4038,5.6553,NaN,NaN,8.6747,7.7224,NaN,10.968,NaN,NaN,11.533,NaN,NaN,15.74,5.5468,NaN,6.5004,6.7272,4.9007,4.2912,NaN,NaN,22.402,13.35,11.561,NaN,NaN,NaN,NaN,11.156,19.837,6.5574,NaN,10.534,6.2204,4.1703,NaN,NaN,NaN,1.9736,NaN,NaN,NaN,1.6588,NaN
9.52,7.9553,9.4533,11.924,NaN,7.6156,4.7907,11.799,4.1105,8.2604,10.327,6.5125,7.3929,13.937,NaN,3.7942,8.6553,NaN,11.534,4.921,NaN,11.984,6.6128,8.8027,7.3204,NaN,0.90848,22.964,10.074,7.5371,10.438,NaN,15.376,8.8052,6.4345,6.7726,6.5672,14.186,10.435,9.0175,NaN,6.3783,18.022,NaN,NaN,9.4436,NaN,6.9141,4.2845,9.386,14.607,2.5036,4.9728,11.099,10.74,11.042,6.3012,NaN,NaN,1.944,11.724,NaN,19.825,NaN,NaN,5.2105,NaN,NaN,20.128,11.312,NaN,12.458,10.084,10.69,12.931,NaN,NaN,18.819,13.955,12.441,NaN,NaN,NaN,NaN,12.652,15.836,7.2638,NaN,15.099,7.4901,8.6001,NaN,NaN,NaN,11.811,NaN,NaN,NaN,3.3,NaN
23.085,21.351,19.74,24.867,NaN,11.731,16.968,25.771,6.8741,13.002,15.903,15.996,15.91,24.059,NaN,5.8629,17.954,NaN,19.148,10.697,NaN,17.709,4.1264,15.97,10.66,NaN,12.029,39.217,6.6933,23.481,23.427,NaN,27.363,28.948,27.336,18.183,4.843,17.832,18.139,23.885,NaN,16.729,32.725,NaN,NaN,9.6018,NaN,14.192,7.8645,20.328,22.106,14.404,14.058,29.216,20.906,26.129,25.723,NaN,NaN,9.7013,22.499,NaN,29.885,NaN,NaN,20.386,NaN,NaN,27.043,27.223,NaN,18.072,33.604,14.918,30.685,NaN,NaN,34.86,10.641,10.066,NaN,NaN,NaN,NaN,37.108,7.6907,16.606,NaN,33.599,18.197,21.203,NaN,NaN,NaN,25.415,NaN,NaN,NaN,24.979,NaN
29.306,29.325,19.458,29.712,NaN,4.7228,27.162,32.507,12.32,12.955,14.899,21.794,20.943,26.304,NaN,20.656,28.616,NaN,18.631,21.562,NaN,22.196,20.973,22.237,11.094,NaN,21.927,39.327,26.769,34.627,34.319,NaN,34.584,47.035,40.052,20.06,18.594,12.626,25.911,38.926,NaN,24.268,30.509,NaN,NaN,3.4987,NaN,15.47,12.755,24.808,21.421,25.885,18.768,37.554,30.874,32.008,42.103,NaN,NaN,19.511,23.658,NaN,18.375,NaN,NaN,30.097,NaN,NaN,16.856,36.951,NaN,21.483,54.585,9.1559,39.748,NaN,NaN,37.854,11.657,33.692,NaN,NaN,NaN,NaN,45.912,26.995,28.252,NaN,30.012,32.649,35.832,NaN,NaN,NaN,35.475,NaN,NaN,NaN,32.749,NaN
43.067,34.59,25.763,34.847,NaN,10.137,39.459,40.65,18.238,19.691,24.491,26.426,25.044,39.841,NaN,22.439,37.747,NaN,23.118,27.224,NaN,30.929,24.783,29.452,20.209,NaN,22.79,50.755,33.941,40.62,41.209,NaN,48.682,55.067,45.699,27.488,21.042,13.71,37.797,43.142,NaN,29.824,52.906,NaN,NaN,12.008,NaN,18.408,19.729,29.975,15.083,35.828,24.887,44.842,35.545,40.756,42.956,NaN,NaN,23.164,32.956,NaN,33.672,NaN,NaN,39.829,NaN,NaN,30.039,42.253,NaN,25.213,61.887,18.535,45.698,NaN,NaN,47.346,17.072,30.861,NaN,NaN,NaN,NaN,53.919,25.726,33.798,NaN,44.43,38.844,49.582,NaN,NaN,NaN,43.686,NaN,NaN,NaN,45.353,NaN
16.943,8.7287,9.8259,13.405,NaN,6.3638,22.297,11.655,9.8107,6.5937,12.304,5.9699,5.8064,21.479,NaN,6.2362,16.475,NaN,7.0151,7.275,NaN,12.322,7.7026,9.1514,13.449,NaN,5.3419,17.117,10.074,10.884,7.5174,NaN,18.999,14.009,8.5849,8.9254,2.414,7.2426,17.874,14.38,NaN,7.3248,25.96,NaN,NaN,10.515,NaN,6.7832,9.0385,10.691,5.4138,18.353,7.3096,11.389,13.796,13.579,5.4415,NaN,NaN,11.319,13.055,NaN,14.307,NaN,NaN,10.734,NaN,NaN,14.901,9.5937,NaN,7.2546,16.268,9.7424,9.9218,NaN,NaN,14.798,18.012,2.9163,NaN,NaN,NaN,NaN,10.515,6.5282,10.489,NaN,18.037,11.787,19.936,NaN,NaN,NaN,11.939,NaN,NaN,NaN,7.5652,NaN
3.4374,7.9176,2.9304,0.8016,NaN,4.7351,5.847,6.2328,2.2191,2.9603,1.1312,5.1921,1.8462,2.0958,NaN,2.2283,1.2263,NaN,6.0687,4.7564,NaN,2.5134,2.8765,5.8456,4.649,NaN,7.7107,7.7033,9.1061,5.8634,8.3728,NaN,3.9962,7.9781,10.213,4.3618,6.2123,5.8162,3.1594,4.0621,NaN,6.1863,2.2625,NaN,NaN,1.9541,NaN,4.51,0.92565,2.593,4.603,5.3184,4.6432,5.3477,2.5277,6.8276,9.9045,NaN,NaN,3.1386,4.1399,NaN,5.037,NaN,NaN,8.1343,NaN,NaN,2.6658,10.169,NaN,4.3646,8.0075,2.9071,6.656,NaN,NaN,8.491,5.6272,8.3326,NaN,NaN,NaN,NaN,8.1301,13.673,14.307,NaN,6.8504,5.8883,4.9036,NaN,NaN,NaN,8.1448,NaN,NaN,NaN,15.382,NaN
2.4815,3.8941,5.1605,3.0759,NaN,4.3077,3.2506,4.3075,4.2933,5.3562,4.5554,2.362,4.0848,1.0219,NaN,3.2542,1.8803,NaN,7.2925,4.5908,NaN,5.1075,3.572,3.8746,5.9938,NaN,7.3833,2.4534,3.5518,5.5617,2.1528,NaN,6.1703,5.9239,3.6324,1.4326,1.378,1.6379,4.0093,3.1275,NaN,4.375,1.1249,NaN,NaN,7.0892,NaN,4.2424,2.5602,4.5272,5.3529,3.4755,2.8072,1.5426,3.809,2.7109,4.3005,NaN,NaN,8.4015,2.6689,NaN,2.7847,NaN,NaN,4.4028,NaN,NaN,3.2219,1.5471,NaN,3.3607,7.1138,3.4905,3.61,NaN,NaN,4.5328,4.0793,7.2213,NaN,NaN,NaN,NaN,0.76737,6.6196,10.779,NaN,6.6127,7.2568,9.2155,NaN,NaN,NaN,6.0067,NaN,NaN,NaN,7.5253,NaN
4.3455,3.8517,8.2736,6.2971,NaN,10.145,6.213,4.1713,4.2848,5.1068,0.9849,5.306,23.496,8.1786,NaN,4.9828,3.745,NaN,8.6298,9.417,NaN,8.57,3.7389,4.2825,12.677,NaN,2.7522,10.823,1.8308,2.194,11.914,NaN,2.0674,3.248,2.444,6.4279,7.7092,9.5951,3.3507,7.916,NaN,9.9547,17.923,NaN,NaN,13.217,NaN,2.3813,3.7773,3.4777,6.0501,3.5071,5.719,1.355,5.1228,7.3815,4.7606,NaN,NaN,34.285,8.803,NaN,4.1451,NaN,NaN,9.9391,NaN,NaN,3.401,1.5538,NaN,10.817,5.4663,25.015,12.042,NaN,NaN,29.256,6.2842,0.046382,NaN,NaN,NaN,NaN,3.5055,9.7568,12.689,NaN,5.4047,2.794,9.393,NaN,NaN,NaN,2.7914,NaN,NaN,NaN,7.8586,NaN
2.841,6.9498,2.6733,1.5451,NaN,2.691,5.3203,1.4471,6.0561,2.7797,2.2054,4.544,16.062,6.0192,NaN,4.754,3.7896,NaN,5.1572,4.7356,NaN,4.5273,3.302,3.8489,8.7116,NaN,4.8148,2.6663,5.9329,3.1156,7.4848,NaN,1.9708,6.3263,4.7276,3.6506,13.163,7.294,4.0359,4.0668,NaN,5.4158,9.3046,NaN,NaN,10.22,NaN,3.445,5.4411,8.8371,6.813,4.152,3.453,5.0114,5.5079,1.7527,0.86662,NaN,NaN,2.044,3.961,NaN,8.3283,NaN,NaN,1.2666,NaN,NaN,0.27626,2.0976,NaN,1.5743,3.4982,5.7522,5.8584,NaN,NaN,10.575,2.5314,6.0394,NaN,NaN,NaN,NaN,4.9579,3.4165,10.545,NaN,3.5488,2.6616,10.063,NaN,NaN,NaN,3.3941,NaN,NaN,NaN,6.4542,NaN
3.9592,3.7416,3.2767,2.6666,NaN,6.9178,5.741,4.9059,1.4967,4.7868,1.3714,3.0071,2.4729,7.7515,NaN,3.9826,4.6139,NaN,1.8123,3.8663,NaN,9.0979,4.6172,10.031,9.4385,NaN,1.3662,6.621,3.1635,3.1461,8.7324,NaN,3.4341,0.57943,4.5352,3.6185,15.765,2.0434,8.7676,3.713,NaN,6.6103,5.2726,NaN,NaN,3.9316,NaN,3.4525,4.9591,7.518,5.6143,4.1646,3.6897,4.9023,3.0535,4.4664,5.1399,NaN,NaN,19.644,2.266,NaN,8.7858,NaN,NaN,2.3505,NaN,NaN,2.728,4.7468,NaN,5.4154,1.3934,21.847,2.7186,NaN,NaN,5.3826,5.6812,9.39,NaN,NaN,NaN,NaN,3.622,5.2292,2.3071,NaN,7.3946,4.6357,4.4856,NaN,NaN,NaN,2.408,NaN,NaN,NaN,3.9189,NaN
4.614,1.708,6.1234,1.9434,NaN,2.6244,9.4451,2.4571,2.7558,1.9272,2.2856,4.3546,15.518,3.6373,NaN,5.3323,7.4633,NaN,3.9542,9.2495,NaN,1.6786,3.2734,6.8459,11.651,NaN,6.9146,2.3221,2.3785,5.3483,7.6736,NaN,1.9271,5.569,5.4042,2.723,14.546,5.8519,5.1387,7.805,NaN,0.31395,9.8173,NaN,NaN,12.828,NaN,3.9832,5.3955,4.6921,5.4734,2.0958,3.8665,4.3634,7.6298,4.5112,5.6907,NaN,NaN,1.9936,2.4975,NaN,5.7673,NaN,NaN,6.32,NaN,NaN,2.0918,1.5756,NaN,2.7837,2.5775,6.7416,4.4788,NaN,NaN,10.974,4.9773,5.1448,NaN,NaN,NaN,NaN,4.2752,6.3943,8.9175,NaN,5.9122,0.76371,10.339,NaN,NaN,NaN,4.2958,NaN,NaN,NaN,5.0666,NaN
2.4398,1.2406,7.6587,5.5113,NaN,14.933,7.3865,7.9794,4.6182,4.5127,1.5156,4.6757,26.551,7.8707,NaN,6.3695,2.3482,NaN,10.493,11.225,NaN,7.5126,2.0183,0.877,15.329,NaN,4.2274,14.398,1.3313,5.1754,16.469,NaN,2.7418,8.1261,7.5447,5.1533,8.5465,6.093,1.7621,8.8421,NaN,9.0421,21.424,NaN,NaN,18.024,NaN,3.5101,2.9345,2.3857,4.4147,2.0933,3.1423,2.4346,6.0321,7.2087,9.1325,NaN,NaN,30.934,10.069,NaN,5.1164,NaN,NaN,10.114,NaN,NaN,1.0202,5.4424,NaN,7.5174,2.0937,22.175,11.045,NaN,NaN,31.983,6.7253,2.0542,NaN,NaN,NaN,NaN,2.9939,10.437,10.543,NaN,6.493,2.7479,8.9041,NaN,NaN,NaN,4.2762,NaN,NaN,NaN,6.2942,NaN
10.402,1.0193,6.1046,4.0946,NaN,12.629,4.3013,11.022,1.3364,7.4183,3.1526,2.0106,18.326,3.05,NaN,4.746,5.1877,NaN,10.401,6.6498,NaN,8.2409,1.5913,3.0926,12.255,NaN,4.8707,13.205,2.9727,1.4716,11.609,NaN,4.5691,8.5547,9.4236,1.5976,8.238,1.1196,0.60553,3.6285,NaN,8.1838,10.318,NaN,NaN,16.613,NaN,3.3337,6.8286,0.11051,2.1835,3.8994,3.9901,9.4214,6.2866,4.0763,9.441,NaN,NaN,12.893,11.098,NaN,4.9715,NaN,NaN,7.375,NaN,NaN,3.7422,8.0041,NaN,4.5217,1.7549,12.89,7.6212,NaN,NaN,20.853,7.8744,3.4089,NaN,NaN,NaN,NaN,1.6322,6.0832,0.88756,NaN,2.3868,0.71278,6.1594,NaN,NaN,NaN,3.0699,NaN,NaN,NaN,5.0485,NaN
5.4277,3.523,7.3695,2.9294,NaN,5.8902,9.1743,6.0746,2.1676,1.3753,4.1798,2.1986,14.022,3.6977,NaN,5.2959,4.2185,NaN,6.4181,7.8169,NaN,5.7658,3.2001,7.1679,10.52,NaN,6.0713,4.3829,2.0224,3.9186,7.2425,NaN,4.9227,5.1663,6.3616,4.5613,15.276,0.19242,4.2858,5.9774,NaN,7.4495,9.9857,NaN,NaN,16.3,NaN,1.7116,6.0412,1.6671,3.4797,3.5345,0.88751,3.4423,9.1483,7.5078,7.4415,NaN,NaN,3.456,10.563,NaN,1.6425,NaN,NaN,8.7715,NaN,NaN,3.691,4.1432,NaN,2.6321,2.415,9.9802,3.9072,NaN,NaN,14.158,4.9055,6.6965,NaN,NaN,NaN,NaN,1.6352,14.178,3.7828,NaN,3.7676,2.1266,8.5761,NaN,NaN,NaN,5.0016,NaN,NaN,NaN,4.9681,NaN
4.0238,4.3034,6.8986,1.5598,NaN,8.0192,10.471,3.5811,3.0487,2.7944,2.6277,4.1459,6.6573,3.2681,NaN,2.2926,7.2015,NaN,9.4442,9.1595,NaN,1.1318,7.3168,8.6546,10.965,NaN,5.311,4.2274,4.754,5.7497,3.9142,NaN,3.5624,2.5179,3.4113,7.0121,17.278,0.85006,6.6801,6.5875,NaN,6.3176,10.255,NaN,NaN,8.8428,NaN,2.0685,4.9232,1.74,6.1362,5.2172,4.3671,4.279,8.2175,7.0881,6.8639,NaN,NaN,6.2345,5.9235,NaN,4.5801,NaN,NaN,9.5346,NaN,NaN,4.8678,3.1353,NaN,3.5973,5.0045,17.112,7.2538,NaN,NaN,9.4046,4.094,7.6271,NaN,NaN,NaN,NaN,6.1735,18.895,5.409,NaN,2.9589,0.75779,9.4123,NaN,NaN,NaN,3.6146,NaN,NaN,NaN,3.9398,NaN
4.7163,2.3574,2.9569,3.0205,NaN,12.084,6.5916,6.8449,4.6574,4.8309,1.169,1.6786,0.65031,4.7763,NaN,1.149,7.2433,NaN,5.6039,9.6962,NaN,5.2737,4.8619,6.8763,10.549,NaN,2.0036,5.8115,6.4315,3.9467,4.5961,NaN,1.9242,4.1961,2.7184,6.666,13.539,1.6219,6.9631,4.2528,NaN,6.3226,6.7509,NaN,NaN,2.3926,NaN,2.145,1.7613,4.8186,7.6833,6.6469,6.0121,5.4177,5.7149,2.2041,7.5404,NaN,NaN,6.761,2.8253,NaN,6.693,NaN,NaN,6.7954,NaN,NaN,4.7454,4.8778,NaN,4.4562,3.0503,20.457,6.4236,NaN,NaN,7.2143,8.087,5.2171,NaN,NaN,NaN,NaN,7.4889,11.276,5.0562,NaN,3.6478,2.7728,5.3072,NaN,NaN,NaN,5.0332,NaN,NaN,NaN,2.2511,NaN
2.3562,2.1475,7.5797,3.902,NaN,7.6953,2.5289,8.4351,4.4493,5.6896,3.0431,3.1297,7.1359,7.0299,NaN,1.9154,1.2075,NaN,2.2252,5.8509,NaN,9.9323,6.3167,8.269,4.7484,NaN,4.29,2.2904,7.2578,3.0808,6.0037,NaN,3.0365,5.8875,1.3974,6.0966,6.4541,4.3857,5.109,3.2505,NaN,4.2892,3.9253,NaN,NaN,1.6574,NaN,5.3706,2.3973,5.1235,3.3197,5.6759,2.8961,4.3785,4.0881,6.2708,3.4013,NaN,NaN,8.8464,7.3246,NaN,6.0889,NaN,NaN,2.2771,NaN,NaN,2.4186,2.2314,NaN,6.5401,2.4591,19.829,1.2713,NaN,NaN,8.1442,8.7689,5.1028,NaN,NaN,NaN,NaN,4.5027,3.632,10.019,NaN,6.4752,4.179,4.3836,NaN,NaN,NaN,2.4384,NaN,NaN,NaN,3.8158,NaN
4.0793,1.5955,8.0665,2.9091,NaN,3.5726,1.6011,6.9675,7.3811,3.9746,3.8904,7.8728,6.8576,7.647,NaN,5.9723,5.198,NaN,4.8907,2.6021,NaN,9.0979,8.3017,12.839,3.0907,NaN,5.915,5.2713,9.9762,1.7128,5.6336,NaN,5.088,6.4738,3.2195,5.8893,7.0413,6.9977,4.5052,5.3862,NaN,5.6094,9.7703,NaN,NaN,7.8348,NaN,5.1044,3.2515,4.9484,2.456,4.484,4.9699,4.4217,3.7148,5.5632,4.8576,NaN,NaN,7.3097,7.8276,NaN,4.8486,NaN,NaN,3.456,NaN,NaN,2.0997,1.7925,NaN,7.7803,3.8926,4.9588,8.0733,NaN,NaN,0.97145,7.4558,3.0048,NaN,NaN,NaN,NaN,4.731,4.602,17.432,NaN,0.62356,1.6078,7.4703,NaN,NaN,NaN,4.2732,NaN,NaN,NaN,8.3388,NaN
4.6231,0.5904,4.4455,0.73222,NaN,6.6253,1.8328,4.645,4.8586,3.7722,1.1891,4.2855,4.5801,5.6127,NaN,3.4847,3.8985,NaN,3.7706,3.5964,NaN,3.6657,2.6131,7.7181,3.1439,NaN,2.5838,1.6569,4.5176,2.7529,3.795,NaN,1.9263,3.4831,2.4665,3.4119,5.3043,6.0449,1.8959,1.2262,NaN,0.98247,2.6875,NaN,NaN,4.959,NaN,1.0641,1.6807,6.0725,3.342,4.7654,6.8088,3.5894,1.991,1.8515,3.3454,NaN,NaN,3.4081,2.7041,NaN,3.9489,NaN,NaN,5.2105,NaN,NaN,3.1481,4.0775,NaN,2.0643,1.2828,8.1376,3.5907,NaN,NaN,5.5099,6.1337,1.1435,NaN,NaN,NaN,NaN,6.7301,5.418,6.1836,NaN,1.0938,2.1489,4.1175,NaN,NaN,NaN,4.8151,NaN,NaN,NaN,1.7111,NaN
3.2278,3.3078,3.3189,0.32364,NaN,5.3275,2.6654,5.5188,1.021,1.4641,0.52681,1.7069,7.6362,1.0608,NaN,2.4454,4.1996,NaN,5.3111,1.4392,NaN,0.77404,8.7921,1.8029,6.5468,NaN,3.2514,4.494,1.5608,2.8362,2.3293,NaN,2.7653,1.6062,2.6486,7.322,9.5782,4.3263,1.6013,2.7127,NaN,7.646,6.6756,NaN,NaN,2.3816,NaN,5.6588,6.2168,2.0975,2.7266,4.5728,2.3621,3.7861,2.7248,6.278,6.4093,NaN,NaN,4.3662,5.0224,NaN,5.8886,NaN,NaN,5.234,NaN,NaN,5.7945,5.5873,NaN,3.2823,4.5789,9.1887,3.6472,NaN,NaN,5.4425,0.91037,4.862,NaN,NaN,NaN,NaN,3.6728,10.245,5.0304,NaN,1.1269,4.2486,6.2994,NaN,NaN,NaN,1.1216,NaN,NaN,NaN,4.6593,NaN
6.354,3.1653,5.1516,4.7356,NaN,3.0937,3.4437,7.1363,1.0858,2.1916,1.4978,4.5667,5.3239,7.4273,NaN,3.1397,2.4411,NaN,4.2157,5.8564,NaN,3.696,3.6438,3.578,6.7229,NaN,0.51958,1.0497,2.1231,5.4501,3.0828,NaN,0.1841,4.3847,3.2787,7.8382,9.5396,2.5738,5.0138,3.4385,NaN,6.0668,8.5735,NaN,NaN,8.9416,NaN,4.8981,8.095,6.1775,1.295,7.516,5.7304,9.3345,6.0514,6.1511,4.2273,NaN,NaN,6.1611,6.401,NaN,3.6199,NaN,NaN,4.7907,NaN,NaN,5.9801,3.8676,NaN,2.619,1.1114,5.9546,2.2194,NaN,NaN,0.057712,2.1191,2.8182,NaN,NaN,NaN,NaN,3.1256,11.266,0.46723,NaN,1.7145,6.9396,5.9419,NaN,NaN,NaN,2.432,NaN,NaN,NaN,1.3169,NaN
11.966,4.1656,6.789,5.5869,NaN,7.7196,1.2489,12.106,4.6509,2.175,2.5745,12.126,5.3678,9.0953,NaN,4.0565,2.9914,NaN,2.3748,8.2014,NaN,6.7315,4.7119,4.3592,7.034,NaN,4.724,7.8099,3.1274,10.255,0.72243,NaN,3.874,4.1329,6.9101,3.5314,4.5383,3.4935,1.7314,1.1168,NaN,3.6368,7.2269,NaN,NaN,13.789,NaN,7.6633,9.7258,4.2691,0.28955,9.1605,11.03,15.933,4.4666,5.7421,1.9814,NaN,NaN,1.6321,9.1008,NaN,4.9576,NaN,NaN,7.1857,NaN,NaN,5.3711,4.061,NaN,4.5155,1.0993,3.6843,3.0659,NaN,NaN,4.4854,4.6862,6.8038,NaN,NaN,NaN,NaN,4.7008,4.6997,5.6914,NaN,1.4048,4.8773,2.8873,NaN,NaN,NaN,3.2267,NaN,NaN,NaN,4.0896,NaN
3.7441,2.5337,6.761,7.2052,NaN,5.2403,5.7976,7.1669,5.9508,6.3169,7.5879,8.1708,5.3393,7.0268,NaN,2.3317,0.82873,NaN,7.3761,7.4873,NaN,4.9171,2.4678,4.9074,4.8114,NaN,8.1995,4.8978,2.7652,11.237,5.6079,NaN,8.986,8.1142,3.7324,2.4348,6.9859,2.5373,3.2438,2.2576,NaN,3.9612,6.8383,NaN,NaN,13.201,NaN,6.644,4.2029,4.797,3.7059,7.3579,8.4663,9.9208,1.9504,3.4153,1.9198,NaN,NaN,5.8105,4.8441,NaN,1.5114,NaN,NaN,5.4462,NaN,NaN,3.5547,4.4918,NaN,3.9964,3.0715,3.4348,3.513,NaN,NaN,6.9151,4.4142,8.5934,NaN,NaN,NaN,NaN,3.8237,3.3939,4.4255,NaN,1.9728,6.4009,7.8613,NaN,NaN,NaN,4.4677,NaN,NaN,NaN,6.0467,NaN
1.0187,2.4069,4.417,5.1861,NaN,1.0367,0.86423,4.3222,6.0379,5.2526,5.9753,3.5409,4.589,5.2734,NaN,1.9752,0.57337,NaN,3.7981,7.9547,NaN,1.721,3.2296,1.0667,3.7521,NaN,5.9151,6.2847,1.8766,7.5826,4.9055,NaN,2.3056,5.6483,5.7215,4.3219,0.99762,3.3088,3.2685,1.3407,NaN,8.0515,1.4404,NaN,NaN,5.785,NaN,7.5801,5.0318,7.8693,3.3519,4.7914,4.5,3.6201,3.9871,2.935,5.905,NaN,NaN,2.7185,3.4778,NaN,2.094,NaN,NaN,3.5881,NaN,NaN,3.8074,3.5181,NaN,5.4138,3.2203,4.4352,2.7451,NaN,NaN,0.84256,5.549,0.84876,NaN,NaN,NaN,NaN,4.8789,3.4027,3.5752,NaN,0.43428,5.1115,4.6251,NaN,NaN,NaN,1.8607,NaN,NaN,NaN,4.5351,NaN
3.4186,3.0323,3.6676,0.9573,NaN,5.099,0.42721,5.8892,5.9045,2.3465,2.5425,2.0268,5.559,2.8892,NaN,2.8052,2.0287,NaN,3.1607,7.3084,NaN,1.6164,4.4741,1.3616,2.6322,NaN,7.7169,8.1195,4.312,4.5417,2.8208,NaN,2.7287,2.8211,6.4472,2.3535,1.4447,2.2532,7.3885,2.4029,NaN,8.7813,4.1863,NaN,NaN,7.6229,NaN,8.3825,6.8347,1.8997,3.662,2.7544,3.9313,1.4917,9.2889,5.8181,4.7843,NaN,NaN,1.9641,9.6154,NaN,0.93178,NaN,NaN,3.3882,NaN,NaN,1.8107,4.0879,NaN,5.6945,7.3593,9.2227,5.2929,NaN,NaN,4.0026,3.6716,3.5491,NaN,NaN,NaN,NaN,4.4427,4.3239,9.8103,NaN,3.2897,1.5161,5.5944,NaN,NaN,NaN,2.6044,NaN,NaN,NaN,8.3537,NaN
2.0599,2.68,4.0007,1.5409,NaN,4.6665,3.7418,2.8659,3.7082,2.5704,1.7307,5.9149,2.4535,4.8462,NaN,3.6075,7.38,NaN,2.4687,5.6292,NaN,5.1071,3.7682,6.8095,3.9775,NaN,3.3928,1.1475,3.4037,4.0068,4.1891,NaN,2.1643,1.6108,9.3386,3.2135,1.6225,6.1773,0.93404,2.1927,NaN,1.8341,7.5999,NaN,NaN,4.8935,NaN,2.3827,3.2173,5.8334,1.066,2.2659,8.6535,2.2381,7.5752,4.0721,3.826,NaN,NaN,9.4297,5.0525,NaN,3.7907,NaN,NaN,4.7213,NaN,NaN,2.2589,0.76853,NaN,1.9865,3.6182,5.0961,12.693,NaN,NaN,5.5451,2.9954,2.4368,NaN,NaN,NaN,NaN,6.4693,8.5101,7.8824,NaN,3.8222,5.5392,3.9095,NaN,NaN,NaN,2.9648,NaN,NaN,NaN,6.0733,NaN
20.274,18.903,9.0716,14.886,NaN,4.7627,10.156,19.083,10.593,11.586,8.4323,16.513,15.523,8.4161,NaN,23.202,21.554,NaN,17.264,15.227,NaN,14.66,18.523,16.166,8.5159,NaN,16.248,21.32,22.11,22.445,25.706,NaN,26.31,28.916,24.361,10.355,19.191,14.532,19.378,24.921,NaN,18.916,21.298,NaN,NaN,2.2503,NaN,8.2557,7.5272,11.165,14.734,12.493,13.849,22.836,15.312,21.666,24.524,NaN,NaN,11.953,14.041,NaN,8.4429,NaN,NaN,26.137,NaN,NaN,9.9178,28.218,NaN,16.728,38.374,9.0175,18.405,NaN,NaN,23.512,21.183,26.663,NaN,NaN,NaN,NaN,26.758,19.795,22.13,NaN,14.637,24.309,29.454,NaN,NaN,NaN,24.834,NaN,NaN,NaN,26.065,NaN
4.5084,6.1464,5.2718,3.2301,NaN,2.3393,3.1806,1.4863,9.0042,3.3733,3.6041,3.2589,4.3555,6.1287,NaN,5.3588,7.8128,NaN,3.471,1.3596,NaN,6.8916,6.5076,1.7068,10.528,NaN,4.5022,7.5367,3.0464,3.0666,2.9761,NaN,6.6325,2.617,6.2042,4.5858,4.9077,1.1049,4.2108,2.4155,NaN,4.8543,6.8823,NaN,NaN,4.9729,NaN,0.10719,5.3173,2.2815,5.1628,4.3656,1.6433,1.929,4.0513,3.9039,5.7956,NaN,NaN,13.402,4.9051,NaN,5.9445,NaN,NaN,9.6443,NaN,NaN,1.4485,4.734,NaN,6.0602,4.5201,8.8461,2.2706,NaN,NaN,7.8718,7.4404,1.0839,NaN,NaN,NaN,NaN,3.417,12.513,11.801,NaN,3.7345,8.0742,2.5966,NaN,NaN,NaN,4.078,NaN,NaN,NaN,10.098,NaN
0.88745,0.93777,4.5799,3.5317,NaN,6.583,5.2507,5.567,6.2115,3.4887,1.4615,2.2574,6.2822,4.1321,NaN,5.8041,6.8627,NaN,2.2544,1.7127,NaN,6.1527,7.1169,5.663,7.1065,NaN,5.2324,3.5656,3.4957,7.0615,0.82245,NaN,3.5469,4.6707,5.5006,2.5529,5.2734,2.647,3.5531,3.8319,NaN,2.4909,2.3973,NaN,NaN,3.2182,NaN,1.8048,2.4262,0.91721,1.1035,1.3779,4.1951,4.0368,5.2398,4.5103,4.0651,NaN,NaN,20.137,6.6792,NaN,6.4472,NaN,NaN,3.8192,NaN,NaN,1.0381,4.5703,NaN,3.9934,5.5556,4.2155,8.466,NaN,NaN,8.906,2.3231,3.3216,NaN,NaN,NaN,NaN,5.5149,13.584,6.5448,NaN,3.2384,7.4142,5.1608,NaN,NaN,NaN,3.8997,NaN,NaN,NaN,8.8504,NaN
3.1586,7.4911,1.984,1.9638,NaN,5.2666,3.2596,7.1813,4.2014,2.2776,1.5147,4.7486,7.378,4.8768,NaN,3.4974,3.5371,NaN,2.9671,2.6947,NaN,1.4552,5.6009,3.3681,3.1774,NaN,5.4569,7.2929,2.167,7.0411,0.58472,NaN,5.2031,4.0356,2.4996,0.92061,7.6771,1.488,1.2734,4.8641,NaN,8.257,3.9753,NaN,NaN,1.5058,NaN,8.1808,3.6105,3.4911,2.8985,3.3631,2.302,4.2916,7.4353,6.8207,9.1368,NaN,NaN,8.3192,7.9559,NaN,3.3724,NaN,NaN,8.1805,NaN,NaN,1.9583,2.4535,NaN,4.299,7.4952,5.1785,9.4492,NaN,NaN,10.996,5.0117,5.9508,NaN,NaN,NaN,NaN,4.06,10.519,7.5922,NaN,1.0178,2.669,8.7955,NaN,NaN,NaN,4.5338,NaN,NaN,NaN,6.224,NaN
4.7503,4.9276,0.98966,3.6892,NaN,1.3496,0.83679,4.332,3.7197,0.60847,2.2505,2.0125,2.9109,3.1073,NaN,0.87026,2.6719,NaN,4.08,4.3054,NaN,2.4352,3.8701,1.2243,4.5844,NaN,5.3141,4.712,3.2938,2.1115,2.3031,NaN,4.3436,2.2549,5.0686,2.5811,3.2454,2.2005,2.4524,2.5216,NaN,5.8109,4.3629,NaN,NaN,2.7147,NaN,7.2103,3.0874,5.7177,4.7292,5.1533,0.84279,4.0265,2.2925,4.5112,8.7527,NaN,NaN,5.9169,2.9348,NaN,1.1323,NaN,NaN,5.156,NaN,NaN,4.0428,1.5596,NaN,4.5834,6.1157,3.1745,4.6699,NaN,NaN,8.3351,6.1299,0.50098,NaN,NaN,NaN,NaN,2.7324,1.5002,2.0764,NaN,1.9404,3.0281,7.2845,NaN,NaN,NaN,4.1225,NaN,NaN,NaN,4.2354,NaN
6.0811,10.704,3.7948,1.4316,NaN,1.6589,6.4322,11.3,3.873,7.2625,2.5638,9.1956,6.7528,3.6552,NaN,3.1596,4.3603,NaN,10.217,4.6131,NaN,6.0353,5.0806,6.4824,5.1759,NaN,4.1038,15.027,8.6766,8.5435,11.543,NaN,8.3348,12.112,12.154,5.7897,8.0382,4.3059,4.5038,9.1514,NaN,8.8824,6.9267,NaN,NaN,4.0423,NaN,5.5223,4.1507,6.7002,5.1761,4.1774,6.343,8.3726,5.4138,9.4067,17.655,NaN,NaN,3.9832,6.9208,NaN,7.2154,NaN,NaN,12.014,NaN,NaN,6.1155,12.785,NaN,6.0875,11.81,0.39313,12.841,NaN,NaN,12.746,0.78192,8.2292,NaN,NaN,NaN,NaN,12.355,11.745,10.432,NaN,9.381,6.7292,5.3198,NaN,NaN,NaN,13.308,NaN,NaN,NaN,16.232,NaN
7.8484,14.166,10.931,7.2237,NaN,1.4066,11.334,15.376,4.1598,6.0178,1.1502,10.325,14.42,10.311,NaN,5.3932,10.003,NaN,9.1361,7.303,NaN,9.4123,9.4288,13.638,1.7371,NaN,3.8437,22.836,8.9234,15.235,12.801,NaN,11.297,18.002,13.275,6.8275,9.7151,1.3603,6.2701,15.737,NaN,12.787,9.4294,NaN,NaN,1.8009,NaN,6.8163,8.0106,15.569,4.7918,8.5955,6.6,13.346,10.246,11.622,22.203,NaN,NaN,11.065,12.518,NaN,6.703,NaN,NaN,13.569,NaN,NaN,6.994,11.593,NaN,4.208,16.174,4.7213,17.081,NaN,NaN,14.225,2.1943,11.615,NaN,NaN,NaN,NaN,18.536,19.018,9.4712,NaN,12.655,8.5597,6.3402,NaN,NaN,NaN,16.419,NaN,NaN,NaN,11.69,NaN
10.124,9.2361,14.019,11.202,NaN,4.117,17.298,17.042,6.8608,2.0946,3.5455,9.5328,13.794,16.156,NaN,3.6496,11.574,NaN,5.7715,8.2198,NaN,12.655,11.514,16.673,5.9604,NaN,4.9849,21.861,12.371,14.082,10.215,NaN,10.014,18.676,12.193,7.447,6.7772,2.3205,6.8025,17.057,NaN,9.5571,6.1737,NaN,NaN,4.0849,NaN,2.9558,7.9416,18.478,5.7967,9.669,6.2556,11.732,13.812,9.9279,19.446,NaN,NaN,18.93,14.194,NaN,5.1175,NaN,NaN,8.5173,NaN,NaN,10.501,9.8492,NaN,6.5546,15.29,6.2684,14.64,NaN,NaN,16.843,2.1988,8.8833,NaN,NaN,NaN,NaN,19.441,24.332,6.4212,NaN,15.841,8.6769,3.3671,NaN,NaN,NaN,13.748,NaN,NaN,NaN,5.615,NaN
10.492,0.41841,11.562,11.464,NaN,3.1564,17.334,15.457,7.9833,6.4439,4.394,12.413,6.7517,18.51,NaN,1.3496,10.436,NaN,6.8606,6.4492,NaN,13.451,10.713,12.868,8.8546,NaN,3.3304,15.443,13.214,7.8766,5.627,NaN,8.474,13.017,9.8155,5.9251,4.3941,6.9277,5.9859,11.992,NaN,4.7614,7.3263,NaN,NaN,4.2572,NaN,0.18331,4.3809,15.19,10.069,9.7318,6.2435,6.5215,14.79,7.6602,12.133,NaN,NaN,13.682,12.973,NaN,4.6863,NaN,NaN,13.457,NaN,NaN,11.053,6.3214,NaN,10.587,11.201,7.2785,15.88,NaN,NaN,19.426,6.5527,4.6016,NaN,NaN,NaN,NaN,15.347,19.97,4.9519,NaN,14.311,6.6307,4.4542,NaN,NaN,NaN,8.1035,NaN,NaN,NaN,13.755,NaN
4.0399,4.118,7.1277,9.22,NaN,4.8395,11.432,6.5298,3.4594,4.3066,4.5051,6.9264,0.85385,12.688,NaN,4.4626,6.5682,NaN,6.6744,4.0827,NaN,10.045,8.6156,6.3486,3.4515,NaN,2.5311,7.2838,9.2599,2.8153,3.9867,NaN,7.3279,5.3819,6.4736,4.6436,6.2443,8.7288,9.164,4.0285,NaN,4.7207,6.7952,NaN,NaN,4.1414,NaN,3.4911,1.2046,8.4124,11.201,10.331,4.6897,5.7689,11.631,7.6332,5.0503,NaN,NaN,3.5007,10.98,NaN,4.9375,NaN,NaN,9.9018,NaN,NaN,6.6707,3.5877,NaN,10.195,6.5672,7.4561,16.58,NaN,NaN,15.557,6.3437,6.1507,NaN,NaN,NaN,NaN,7.0815,3.8089,5.8419,NaN,9.0072,4.2726,4.0732,NaN,NaN,NaN,2.9229,NaN,NaN,NaN,10.44,NaN
9.1813,6.7008,17.878,16.97,NaN,3.6676,19.759,21.918,5.1557,10.461,0.83604,12.088,10.824,21.209,NaN,11.965,14.448,NaN,12.643,7.8837,NaN,15.374,11.292,11.982,7.7057,NaN,6.1366,25.606,10.01,8.8444,5.4549,NaN,2.8937,14.866,12.13,7.5054,10.591,10.332,3.2976,14.142,NaN,3.8634,10.009,NaN,NaN,5.8242,NaN,2.9879,6.1468,23.762,11.602,12.078,5.1185,11.974,23.039,9.4734,16.841,NaN,NaN,9.436,13.595,NaN,7.9006,NaN,NaN,16.581,NaN,NaN,14.682,7.3353,NaN,8.3551,6.3643,7.1839,19.645,NaN,NaN,19.525,10.972,1.5564,NaN,NaN,NaN,NaN,15.359,12.427,9.2477,NaN,19.577,3.4565,16.889,NaN,NaN,NaN,8.1993,NaN,NaN,NaN,15.512,NaN
2.4249,8.566,11.753,7.5847,NaN,3.6947,11.989,16.592,2.2974,6.7835,6.4121,5.3929,10.451,5.4004,NaN,5.942,10.731,NaN,9.3409,6.9861,NaN,6.7675,5.5621,8.9357,8.2379,NaN,4.436,21.957,3.9701,5.8578,7.247,NaN,6.7184,9.4846,7.0395,4.4784,7.026,2.4912,7.7601,8.0502,NaN,6.5121,13.959,NaN,NaN,7.8478,NaN,2.4326,5.5271,16.264,6.0988,3.8385,5.5449,7.4574,15.729,5.2272,15.021,NaN,NaN,5.8925,11.068,NaN,4.2892,NaN,NaN,4.9625,NaN,NaN,4.7524,8.091,NaN,1.8637,7.1742,8.3449,11.98,NaN,NaN,6.3112,12.696,6.0166,NaN,NaN,NaN,NaN,9.9319,12.038,7.2691,NaN,7.4794,3.8782,18.708,NaN,NaN,NaN,9.8164,NaN,NaN,NaN,6.5,NaN
19.961,16.021,12.833,10.374,NaN,5.4688,16.515,16.428,11.316,15.923,14.51,13.545,12.259,9.9617,NaN,22.486,21.703,NaN,15.727,16.797,NaN,15.571,18.517,11.755,14.319,NaN,12.055,12.768,23.393,16.956,19.403,NaN,29.889,22.793,17.481,10.542,22.779,13.452,23.657,16.01,NaN,15.054,34.506,NaN,NaN,8.6931,NaN,6.5977,10.413,9.2896,7.804,13.739,11.973,19.573,13.104,19.873,12.992,NaN,NaN,11.449,16.034,NaN,12.203,NaN,NaN,27.64,NaN,NaN,12.795,19.318,NaN,13.975,31.403,13.529,13.322,NaN,NaN,21.778,22.12,18.629,NaN,NaN,NaN,NaN,21.887,11.512,22.266,NaN,11.582,21.738,39.659,NaN,NaN,NaN,18.706,NaN,NaN,NaN,34.087,NaN
