3.609,1.4581,4.5063,7.1232,0.52101,5.462,1.4965,3.4305,0.65604,3.7201,6.4007,NaN,5.8323,3.6305,4.4641,3.0775,3.0124,0.80942,NaN,5.5802,1.5697,NaN,NaN,NaN,6.5862,4.2056,NaN,4.8688,2.1663,NaN,NaN,NaN,NaN,NaN,7.1483,NaN,NaN,1.4674,NaN,2.6988,7.7538,6.9687,3.7106,5.0597,3.3761,2.1231,6.3985,2.5735,3.1994,5.3198,3.7381,6.5692,NaN,5.7481,NaN,NaN,NaN,6.0572,1.5976,NaN,NaN,NaN,1.6493,2.8828,NaN,3.4656,4.3885,6.0137,8.1039,3.9648,7.2456,3.7734,0.54745,6.4894,NaN,3.4192,3.144,3.6435,NaN,3.8948,NaN,4.6676,NaN,5.1913,NaN,NaN,NaN,7.0293,NaN,NaN,5.4395,NaN,NaN,NaN,NaN,NaN,NaN,4.5859,2.0756,NaN
2.7166,1.6472,1.3864,3.4963,2.7688,5.4255,1.0811,0.96945,1.7973,1.0954,2.0141,NaN,3.2121,3.9121,1.7703,2.9263,0.22476,1.8864,NaN,6.7635,2.6981,NaN,NaN,NaN,3.9884,5.3522,NaN,3.5318,3.8114,NaN,NaN,NaN,NaN,NaN,2.1004,NaN,NaN,1.165,NaN,2.9849,4.8291,6.1717,3.7638,4.9449,5.4127,1.8475,2.479,1.6263,1.1432,2.1853,5.1716,3.1509,NaN,2.6743,NaN,NaN,NaN,3.1105,3.3209,NaN,NaN,NaN,7.0783,4.3021,NaN,2.984,5.9102,6.4671,3.6755,2.1275,4.6794,5.6659,2.5111,2.2407,NaN,3.2402,4.0634,1.1484,NaN,4.1183,NaN,2.5075,NaN,3.456,NaN,NaN,NaN,2.6156,NaN,NaN,4.6017,NaN,NaN,NaN,NaN,NaN,NaN,2.4163,5.572,NaN
2.5059,2.8882,4.2704,4.6182,2.2808,3.1689,2.1765,1.1474,4.3342,2.4658,3.5385,NaN,4.3216,0.3859,6.3936,0.64559,0.98889,2.9785,NaN,3.2124,4.172,NaN,NaN,NaN,5.138,6.2829,NaN,2.0734,5.1585,NaN,NaN,NaN,NaN,NaN,5.9826,NaN,NaN,3.3368,NaN,1.6377,5.1434,6.3215,2.2342,1.8455,4.1019,2.9371,3.9285,3.3354,3.2261,3.7485,7.0334,5.0063,NaN,3.6917,NaN,NaN,NaN,5.157,1.9948,NaN,NaN,NaN,3.1781,4.2141,NaN,1.0533,6.921,5.6433,5.9729,8.0988,5.5108,5.4746,0.81826,5.1483,NaN,1.7621,4.2699,3.526,NaN,1.6269,NaN,4.084,NaN,4.3121,NaN,NaN,NaN,2.8915,NaN,NaN,7.4686,NaN,NaN,NaN,NaN,NaN,NaN,7.0375,4.8482,NaN
3.4189,3.1899,2.047,2.9963,2.007,1.4735,5.2362,2.297,5.3745,7.2314,2.5121,NaN,0.62115,5.7113,3.3022,2.5114,1.634,3.5395,NaN,2.1423,2.8544,NaN,NaN,NaN,5.0504,6.0455,NaN,1.2414,3.831,NaN,NaN,NaN,NaN,NaN,6.9727,NaN,NaN,5.0572,NaN,1.7556,5.6739,4.7487,3.4069,3.0885,4.9167,5.7742,6.6156,3.8222,2.0685,5.7074,6.054,3.0215,NaN,4.3663,NaN,NaN,NaN,3.6792,2.0885,NaN,NaN,NaN,1.5487,6.167,NaN,2.692,4.7575,3.3096,1.8867,7.662,3.1149,5.7754,1.294,2.628,NaN,2.9126,6.4431,4.8177,NaN,5.3136,NaN,5.254,NaN,5.0924,NaN,NaN,NaN,3.3635,NaN,NaN,5.1509,NaN,NaN,NaN,NaN,NaN,NaN,6.6606,3.0308,NaN
4.356,1.2852,2.113,1.8142,3.2812,6.4008,4.2584,0.98028,5.2823,6.5183,1.664,NaN,3.0688,3.1408,4.9243,1.4414,2.0393,3.6757,NaN,2.8624,3.569,NaN,NaN,NaN,5.2481,6.1526,NaN,4.8362,4.0723,NaN,NaN,NaN,NaN,NaN,6.2535,NaN,NaN,6.3067,NaN,1.7399,1.1321,5.3062,4.9059,1.9293,4.4727,5.9105,4.9145,4.2125,2.5442,1.6613,7.2329,4.856,NaN,1.9845,NaN,NaN,NaN,5.3563,1.311,NaN,NaN,NaN,2.0336,5.5474,NaN,2.4511,7.5724,3.4273,1.8908,9.347,1.6281,3.8685,2.438,4.4082,NaN,3.1466,6.3432,3.8785,NaN,3.1525,NaN,2.1106,NaN,5.0376,NaN,NaN,NaN,2.2624,NaN,NaN,9.1186,NaN,NaN,NaN,NaN,NaN,NaN,4.7902,5.9498,NaN
2.9517,3.1898,1.9578,0.54504,0.83231,5.9593,2.4051,0.83455,2.4284,2.777,0.76738,NaN,1.4008,3.2667,2.9299,2.9371,3.5922,3.0286,NaN,3.9162,3.6069,NaN,NaN,NaN,3.4159,4.4797,NaN,8.2025,3.807,NaN,NaN,NaN,NaN,NaN,3.618,NaN,NaN,4.1095,NaN,1.1175,3.6836,6.2114,5.2908,1.781,4.0172,2.951,1.922,3.164,2.2425,2.2295,6.3777,4.7829,NaN,1.5837,NaN,NaN,NaN,3.0969,1.5409,NaN,NaN,NaN,6.2162,5.0979,NaN,2.4835,3.3451,6.3375,0.75568,4.9664,4.0724,3.5084,2.6538,2.6808,NaN,3.2578,5.3043,0.26614,NaN,1.4954,NaN,1.5732,NaN,3.5285,NaN,NaN,NaN,2.0657,NaN,NaN,7.4709,NaN,NaN,NaN,NaN,NaN,NaN,1.6193,5.4515,NaN
2.1903,4.6533,3.184,1.8247,3.1962,5.6109,1.2193,2.6479,1.0662,1.2391,4.8789,NaN,3.6881,8.0598,4.9455,5.0555,5.0299,3.9958,NaN,5.74,3.374,NaN,NaN,NaN,2.5505,7.2252,NaN,6.8493,3.8249,NaN,NaN,NaN,NaN,NaN,0.8846,NaN,NaN,0.9191,NaN,1.5318,5.0669,4.0513,8.2088,2.5645,6.7381,0.58808,1.9836,2.5936,2.5983,2.7078,8.0305,2.4952,NaN,3.3962,NaN,NaN,NaN,2.2934,4.1577,NaN,NaN,NaN,9.4467,4.3561,NaN,1.7351,6.4734,8.2701,2.3447,4.8902,5.2066,5.5595,5.1542,2.3937,NaN,0.37019,3.8603,2.9303,NaN,4.2872,NaN,2.8809,NaN,2.2158,NaN,NaN,NaN,4.7421,NaN,NaN,2.1609,NaN,NaN,NaN,NaN,NaN,NaN,2.2477,3.7027,NaN
5.5857,5.7591,3.8086,2.1843,2.5082,3.7911,2.6716,2.7163,2.4377,1.4387,6.1305,NaN,5.6902,6.2922,12.892,2.7384,7.2319,6.8241,NaN,1.891,4.6348,NaN,NaN,NaN,3.6731,8.5916,NaN,10.58,1.9731,NaN,NaN,NaN,NaN,NaN,4.0423,NaN,NaN,1.5979,NaN,1.6353,5.1298,4.7028,5.3396,0.65121,5.9623,1.9288,5.8651,5.1352,1.4604,6.4269,4.919,1.4611,NaN,0.81511,NaN,NaN,NaN,3.4954,4.0308,NaN,NaN,NaN,1.7786,0.52871,NaN,0.8565,5.5895,6.5714,6.868,6.0779,5.4525,4.3529,4.1263,3.7776,NaN,3.1444,1.5569,1.4971,NaN,2.6466,NaN,2.1781,NaN,5.1646,NaN,NaN,NaN,6.8407,NaN,NaN,1.9559,NaN,NaN,NaN,NaN,NaN,NaN,3.2621,4.0473,NaN
4.3874,5.4041,1.3187,3.2363,4.084,2.1555,2.6786,2.8471,2.4708,4.2338,3.5674,NaN,0.66375,4.1693,3.5621,4.8409,5.5988,2.9487,NaN,0.94651,4.5725,NaN,NaN,NaN,1.953,1.6295,NaN,9.667,1.2763,NaN,NaN,NaN,NaN,NaN,2.0951,NaN,NaN,1.8088,NaN,3.9606,4.7651,3.4082,3.3894,1.2126,4.534,2.622,0.7583,0.6354,1.8271,6.4807,4.5176,3.6302,NaN,2.0764,NaN,NaN,NaN,4.469,1.349,NaN,NaN,NaN,2.559,3.2124,NaN,1.327,3.6001,3.9645,4.0337,1.8336,5.5956,2.0885,4.3085,0.77784,NaN,6.0319,2.6461,1.7242,NaN,1.7769,NaN,3.2554,NaN,0.40955,NaN,NaN,NaN,4.6701,NaN,NaN,5.3003,NaN,NaN,NaN,NaN,NaN,NaN,1.5422,3.7528,NaN
3.8965,2.4268,1.8248,0.82686,0.57128,6.8983,1.8608,0.72862,2.3387,0.70803,4.1366,NaN,3.0689,4.9386,1.8703,3.9946,1.843,2.349,NaN,2.5382,2.0195,NaN,NaN,NaN,4.7445,4.271,NaN,6.159,3.4229,NaN,NaN,NaN,NaN,NaN,5.7322,NaN,NaN,3.1529,NaN,6.6067,3.2805,4.0217,4.6353,0.90686,3.3917,5.6494,7.4711,1.2395,2.1395,4.0845,2.6485,2.9628,NaN,1.2098,NaN,NaN,NaN,4.6196,3.9427,NaN,NaN,NaN,2.3305,3.1237,NaN,5.0427,4.3773,3.7418,0.86627,5.0961,3.547,2.2635,5.6337,1.5776,NaN,6.9012,2.233,3.4483,NaN,2.0014,NaN,2.7251,NaN,4.7498,NaN,NaN,NaN,1.6267,NaN,NaN,7.3978,NaN,NaN,NaN,NaN,NaN,NaN,1.1187,2.5169,NaN
1.2759,1.0729,2.1301,2.3876,2.7502,3.4419,6.1709,5.2784,5.1477,6.9038,3.7907,NaN,1.2352,5.3664,4.3378,3.4086,2.5393,2.6909,NaN,4.0964,5.6254,NaN,NaN,NaN,4.6584,5.0126,NaN,2.335,2.9295,NaN,NaN,NaN,NaN,NaN,8.7763,NaN,NaN,5.9596,NaN,5.0318,3.7533,3.9015,2.7769,3.3191,2.6615,3.6976,11.273,4.2785,3.8495,5.6493,0.76645,1.3929,NaN,4.3134,NaN,NaN,NaN,3.5184,4.0062,NaN,NaN,NaN,1.8961,4.2053,NaN,5.1207,4.2941,2.8644,2.2561,9.2367,2.9913,0.95663,1.8945,3.081,NaN,6.8928,4.7206,2.1327,NaN,4.8018,NaN,2.9223,NaN,4.4122,NaN,NaN,NaN,1.1573,NaN,NaN,3.5073,NaN,NaN,NaN,NaN,NaN,NaN,3.2156,2.1943,NaN
3.5328,0.81603,1.022,1.905,1.2672,2.5503,1.8331,6.3744,1.266,3.0063,2.9194,NaN,1.7614,3.2529,3.6223,3.2554,6.2101,2.6395,NaN,0.74012,3.6606,NaN,NaN,NaN,3.5276,2.2732,NaN,6.0351,2.3496,NaN,NaN,NaN,NaN,NaN,1.5993,NaN,NaN,1.7103,NaN,5.6451,2.936,2.5738,5.6467,3.1052,1.5138,1.5874,1.8431,6.4483,4.2642,3.3251,3.3101,0.47401,NaN,3.2781,NaN,NaN,NaN,1.4976,4.0369,NaN,NaN,NaN,5.2696,1.1351,NaN,0.53617,1.9335,3.4086,3.8772,4.1547,1.6492,3.3955,2.7635,1.6892,NaN,1.3351,2.5633,0.85491,NaN,0.721,NaN,2.6773,NaN,2.6137,NaN,NaN,NaN,1.9308,NaN,NaN,7.787,NaN,NaN,NaN,NaN,NaN,NaN,5.5713,4.7685,NaN
5.2144,2.6191,0.61306,2.0632,1.1343,3.8063,2.4189,4.9558,2.7473,7.2506,2.0828,NaN,2.5787,3.2593,4.2314,0.89389,5.2359,3.3276,NaN,1.2424,1.0975,NaN,NaN,NaN,4.1467,7.053,NaN,11.885,3.0793,NaN,NaN,NaN,NaN,NaN,2.9239,NaN,NaN,2.8694,NaN,3.3378,7.5243,4.6565,2.035,3.0167,7.2649,4.1978,3.4904,5.6593,2.5687,5.7359,0.35701,2.1193,NaN,1.4748,NaN,NaN,NaN,1.9629,4.9807,NaN,NaN,NaN,4.7593,4.7951,NaN,2.677,1.0909,6.9835,3.7458,4.1084,2.9935,3.3028,4.0583,3.7871,NaN,7.1896,5.5705,2.3722,NaN,3.6312,NaN,5.6812,NaN,1.7244,NaN,NaN,NaN,1.0706,NaN,NaN,9.1917,NaN,NaN,NaN,NaN,NaN,NaN,3.9225,3.9867,NaN
4.9882,4.1573,0.95804,4.359,3.1598,4.1147,3.1084,7.4647,2.6213,10.493,2.132,NaN,1.9856,7.2866,7.3925,1.8027,6.2988,1.5285,NaN,2.0387,6.4178,NaN,NaN,NaN,1.8935,0.99398,NaN,5.3139,3.6382,NaN,NaN,NaN,NaN,NaN,4.0235,NaN,NaN,4.3256,NaN,6.1442,6.2545,2.1517,2.6398,1.4616,6.006,1.0488,3.0011,2.9524,7.9617,5.1246,2.2543,3.2761,NaN,2.2751,NaN,NaN,NaN,0.47157,3.4773,NaN,NaN,NaN,6.3326,1.8309,NaN,2.9141,4.0584,0.46943,5.6408,0.5657,5.2562,2.8563,4.6274,3.7983,NaN,5.6435,4.2969,0.41746,NaN,1.2003,NaN,7.334,NaN,0.63882,NaN,NaN,NaN,4.4766,NaN,NaN,3.5414,NaN,NaN,NaN,NaN,NaN,NaN,4.1525,2.4922,NaN
10.115,16.419,13.831,9.8784,7.2398,9.4065,11.506,1.6321,11.243,12.578,13.12,NaN,15.858,9.5838,8.8745,10.027,18.816,15.634,NaN,11.833,7.512,NaN,NaN,NaN,16.937,26.405,NaN,8.2889,16.602,NaN,NaN,NaN,NaN,NaN,10.553,NaN,NaN,15.815,NaN,13.958,4.3123,15.772,11.984,19.082,16.929,22.681,13.35,18.918,1.906,9.9037,9.3396,23.567,NaN,10.96,NaN,NaN,NaN,19.108,18.817,NaN,NaN,NaN,18.442,7.8785,NaN,11.413,0.92336,0.94486,14.876,24.438,11.498,21.094,21.775,4.9114,NaN,25.384,10.71,8.7931,NaN,14.991,NaN,10.211,NaN,12.914,NaN,NaN,NaN,15.646,NaN,NaN,12.229,NaN,NaN,NaN,NaN,NaN,NaN,6.6574,8.4897,NaN
2.6717,5.5801,4.8627,4.6618,2.3633,6.6247,6.8535,13.309,5.2008,9.7841,4.901,NaN,5.6501,14.001,11.477,6.3884,4.555,5.9632,NaN,2.2981,4.3907,NaN,NaN,NaN,4.2935,11.42,NaN,32.143,4.3094,NaN,NaN,NaN,NaN,NaN,2.3783,NaN,NaN,1.6971,NaN,12.405,6.6061,1.8658,3.741,3.9684,5.1922,2.7655,5.5976,3.9769,11.707,11.374,16.022,8.1873,NaN,4.1775,NaN,NaN,NaN,8.5463,3.7312,NaN,NaN,NaN,10.529,4.9277,NaN,2.6311,3.173,8.9841,2.8144,7.0253,0.68066,1.7138,6.8314,2.7415,NaN,5.123,1.9261,6.3915,NaN,3.2325,NaN,4.6358,NaN,5.5094,NaN,NaN,NaN,8.8128,NaN,NaN,5.3887,NaN,NaN,NaN,NaN,NaN,NaN,6.3806,10.68,NaN
1.1519,6.7601,2.081,1.5599,5.6802,5.8117,3.9599,11.547,3.12,11.816,5.7084,NaN,3.0268,12.651,8.0026,6.7575,3.0104,3.96,NaN,1.0848,6.1764,NaN,NaN,NaN,0.80726,5.9225,NaN,5.9497,2.59,NaN,NaN,NaN,NaN,NaN,3.3745,NaN,NaN,3.7028,NaN,17.062,4.7651,0.8131,3.1404,1.4084,2.5883,0.67135,1.6584,2.6378,15.734,6.6765,6.8112,4.3908,NaN,3.9252,NaN,NaN,NaN,3.3271,3.743,NaN,NaN,NaN,6.9743,5.1812,NaN,4.1953,0.86229,3.9376,2.5979,4.2707,4.2888,1.5568,8.7257,1.506,NaN,5.5091,4.2741,2.1445,NaN,3.8615,NaN,5.5792,NaN,0.92134,NaN,NaN,NaN,6.9112,NaN,NaN,1.66,NaN,NaN,NaN,NaN,NaN,NaN,6.3899,4.8806,NaN
5.5808,4.1849,1.3701,2.1236,1.3829,3.8003,5.7169,7.9401,8.3278,8.4005,5.6649,NaN,0.85047,5.273,6.4081,6.7689,4.4866,4.199,NaN,1.6339,2.0151,NaN,NaN,NaN,3.3979,10.6,NaN,15.351,2.7959,NaN,NaN,NaN,NaN,NaN,3.861,NaN,NaN,4.8041,NaN,7.7062,5.8681,2.2933,3.9066,3.4438,5.8766,3.1489,3.3099,0.45419,5.9072,7.1783,5.5095,0.76131,NaN,3.647,NaN,NaN,NaN,2.1409,3.0918,NaN,NaN,NaN,4.244,7.5797,NaN,4.5549,1.8761,8.979,5.7628,3.8933,2.2717,3.0419,6.4561,6.5001,NaN,7.1237,5.5793,1.0873,NaN,3.9254,NaN,6.249,NaN,1.8916,NaN,NaN,NaN,3.7621,NaN,NaN,6.7587,NaN,NaN,NaN,NaN,NaN,NaN,5.1719,3.6253,NaN
6.5435,3.0288,2.0764,2.2606,1.7847,1.9648,4.3496,5.0479,6.5099,1.5309,2.2844,NaN,2.4734,2.2736,6.7329,5.1406,5.7282,3.2073,NaN,4.3284,3.3947,NaN,NaN,NaN,1.8271,4.524,NaN,12.095,2.3625,NaN,NaN,NaN,NaN,NaN,2.8163,NaN,NaN,0.55618,NaN,4.561,5.3075,1.7607,5.9064,4.7439,5.2689,5.8874,8.4997,2.6997,0.85538,1.2485,4.9803,2.0422,NaN,3.3896,NaN,NaN,NaN,3.4542,1.9537,NaN,NaN,NaN,4.4947,2.7892,NaN,2.4536,3.5143,4.4789,3.3402,4.9816,1.8456,4.5966,5.7891,4.0947,NaN,5.838,4.7404,2.6115,NaN,4.6052,NaN,4.2105,NaN,1.8865,NaN,NaN,NaN,4.9373,NaN,NaN,8.6715,NaN,NaN,NaN,NaN,NaN,NaN,4.2793,5.4199,NaN
5.6382,2.9718,3.5794,4.4337,2.2225,1.8388,1.7578,5.7,6.3451,7.0181,3.3367,NaN,4.3815,7.4559,7.707,3.0788,6.8535,6.5776,NaN,4.589,3.2766,NaN,NaN,NaN,3.8223,8.9149,NaN,18.265,1.3874,NaN,NaN,NaN,NaN,NaN,2.7336,NaN,NaN,2.8912,NaN,11.618,6.6119,3.5248,3.5176,7.0487,5.402,7.468,9.8315,10.876,2.8825,10.311,8.0341,4.4343,NaN,5.0976,NaN,NaN,NaN,5.9174,2.9844,NaN,NaN,NaN,2.0314,3.4467,NaN,2.9066,1.6234,6.5306,7.0253,7.2533,2.0197,10.26,7.3688,1.3462,NaN,5.5177,3.6381,5.0847,NaN,5.211,NaN,2.3786,NaN,3.4902,NaN,NaN,NaN,6.6435,NaN,NaN,9.3447,NaN,NaN,NaN,NaN,NaN,NaN,3.4928,4.1561,NaN
3.5369,7.7867,1.5062,6.6722,3.6268,4.534,6.1497,6.1214,9.8822,8.687,9.3386,NaN,1.0063,2.3736,9.1552,2.6832,3.2902,5.1505,NaN,4.566,0.98324,NaN,NaN,NaN,3.8229,14.226,NaN,11.996,5.7295,NaN,NaN,NaN,NaN,NaN,2.8275,NaN,NaN,3.7816,NaN,3.3913,3.9727,3.5162,2.6018,6.1485,2.2586,4.2185,4.9898,4.627,8.0315,12.225,8.2104,1.0452,NaN,4.9703,NaN,NaN,NaN,3.1622,0.74403,NaN,NaN,NaN,0.83087,8.3783,NaN,1.1952,1.4089,12.312,10.885,6.499,3.751,7.5068,11.488,2.0826,NaN,4.9959,3.49,3.5788,NaN,6.5492,NaN,2.1971,NaN,4.0048,NaN,NaN,NaN,11.123,NaN,NaN,7.4154,NaN,NaN,NaN,NaN,NaN,NaN,6.1652,5.1848,NaN
2.9748,11.724,4.3613,6.8977,4.1561,6.4519,4.4013,9.8738,7.6026,10.906,9.2912,NaN,2.3614,7.5547,6.5598,2.5077,5.027,8.1897,NaN,6.4496,1.1966,NaN,NaN,NaN,1.7061,12.051,NaN,11.294,7.6945,NaN,NaN,NaN,NaN,NaN,4.5003,NaN,NaN,5.1599,NaN,11.89,9.1154,4.1121,5.1879,4.4274,3.5645,2.288,5.2564,5.3234,12.639,15.293,5.5312,3.0831,NaN,6.1496,NaN,NaN,NaN,5.0104,4.3812,NaN,NaN,NaN,4.187,7.5681,NaN,0.66443,2.6144,10.371,11.184,5.2584,6.2849,5.8961,13.512,4.1764,NaN,5.8661,6.4266,5.9714,NaN,6.6571,NaN,2.6645,NaN,3.7555,NaN,NaN,NaN,15.184,NaN,NaN,5.7246,NaN,NaN,NaN,NaN,NaN,NaN,8.3413,11.755,NaN
4.2,6.8635,5.6432,7.5591,4.5233,5.2044,3.4232,11.555,5.9878,10.969,4.0808,NaN,5.2236,8.0606,3.2245,3.108,9.9844,11.432,NaN,6.85,4.0019,NaN,NaN,NaN,3.9531,9.926,NaN,31.761,9.8808,NaN,NaN,NaN,NaN,NaN,5.3682,NaN,NaN,3.5681,NaN,9.4845,13.252,7.7943,6.4511,3.5375,4.8453,2.4858,3.7089,7.1754,7.8829,17.812,4.231,6.5047,NaN,6.9865,NaN,NaN,NaN,9.2754,7.9926,NaN,NaN,NaN,10.345,1.4191,NaN,3.9007,3.207,5.4091,9.5209,5.662,7.1647,6.1602,10.931,5.9824,NaN,7.4867,7.5322,5.5895,NaN,4.8294,NaN,6.088,NaN,4.8548,NaN,NaN,NaN,15.446,NaN,NaN,7.9909,NaN,NaN,NaN,NaN,NaN,NaN,7.1041,15.676,NaN
5.6299,3.2804,4.6238,6.5426,9.6913,3.0494,4.1274,5.8766,9.239,7.6822,5.9594,NaN,2.6426,8.5998,6.0809,2.3528,12.206,8.7166,NaN,8.6578,7.6009,NaN,NaN,NaN,4.3288,6.8532,NaN,18.351,8.681,NaN,NaN,NaN,NaN,NaN,5.5234,NaN,NaN,2.5921,NaN,1.496,13.465,9.5697,6.775,5.1162,7.2298,5.299,2.0418,4.9132,5.3612,13.59,3.9436,9.085,NaN,7.0896,NaN,NaN,NaN,9.2327,10.48,NaN,NaN,NaN,11.583,2.8148,NaN,4.1804,3.4876,4.14,7.9919,8.542,8.6262,7.8036,8.6482,5.8183,NaN,7.0388,7.0399,1.8526,NaN,3.6796,NaN,3.2698,NaN,4.0659,NaN,NaN,NaN,7.89,NaN,NaN,5.3868,NaN,NaN,NaN,NaN,NaN,NaN,4.9979,10.933,NaN
1.9394,11.603,5.2173,3.5006,6.6917,3.477,4.7556,6.708,11.337,3.6835,3.784,NaN,8.4704,3.7507,9.8972,12.597,4.6458,14.027,NaN,6.7238,8.2958,NaN,NaN,NaN,9.5177,6.4686,NaN,16.081,22.155,NaN,NaN,NaN,NaN,NaN,7.6139,NaN,NaN,9.9834,NaN,3.7882,18.972,9.1832,6.7561,6.6904,8.6107,4.5627,15.931,11.81,4.6301,14.099,8.5697,11.324,NaN,13.893,NaN,NaN,NaN,2.7665,8.8945,NaN,NaN,NaN,10.384,7.6991,NaN,9.8078,4.1127,12.619,9.2739,9.767,11.394,7.1299,6.4646,8.5866,NaN,10.925,12.356,13.123,NaN,9.1996,NaN,8.5637,NaN,1.9526,NaN,NaN,NaN,12.937,NaN,NaN,6.6584,NaN,NaN,NaN,NaN,NaN,NaN,4.4323,14.771,NaN
5.2018,17.701,7.6205,5.7165,5.3203,7.2906,12.643,4.5928,7.7414,7.2738,10.104,NaN,7.4152,4.552,15.552,14.59,7.1855,5.7902,NaN,7.0774,4.6255,NaN,NaN,NaN,10.88,16.498,NaN,14.071,19.903,NaN,NaN,NaN,NaN,NaN,2.6319,NaN,NaN,14.34,NaN,3.6984,18.004,13.907,8.2048,1.3208,11.276,8.7981,15.05,6.7852,11.097,8.5099,5.2045,14.426,NaN,9.6821,NaN,NaN,NaN,12.755,9.0003,NaN,NaN,NaN,9.6121,4.8957,NaN,9.6199,4.0297,8.3626,4.4256,11.926,11.278,1.546,17.199,0.97284,NaN,11.575,5.7126,12.602,NaN,12.053,NaN,8.8871,NaN,9.281,NaN,NaN,NaN,8.7111,NaN,NaN,4.7882,NaN,NaN,NaN,NaN,NaN,NaN,5.8755,9.5359,NaN
13.472,27.624,20.846,14.701,11.918,15.538,21.207,0.8703,14.257,12.154,14.721,NaN,19.021,11.88,15.761,19.337,23.357,13.888,NaN,16.494,11.185,NaN,NaN,NaN,25.593,30.956,NaN,12.7,29.38,NaN,NaN,NaN,NaN,NaN,12.47,NaN,NaN,27.073,NaN,14.276,16.705,22.549,19.329,15.415,23.158,24.609,23.354,18.521,9.2234,5.1959,15.97,30.688,NaN,16.231,NaN,NaN,NaN,25.845,22.338,NaN,NaN,NaN,18.473,6.1311,NaN,20.012,4.3808,2.7917,16.341,32.783,18.456,20.354,36.741,3.7785,NaN,30.508,12.626,13.326,NaN,19.765,NaN,16.872,NaN,20.323,NaN,NaN,NaN,12.596,NaN,NaN,15.781,NaN,NaN,NaN,NaN,NaN,NaN,10.592,4.8102,NaN
18.743,24.455,22.59,19.775,8.3483,18.898,23.063,10.217,27.381,19.867,20.051,NaN,27.48,17.426,13.174,11.871,29.725,26.486,NaN,22.009,12.872,NaN,NaN,NaN,26.659,39.763,NaN,13.184,22.368,NaN,NaN,NaN,NaN,NaN,23.434,NaN,NaN,25.782,NaN,27.589,5.1373,28.293,27.283,36.575,27.967,36.53,22.931,30.272,4.5277,27.285,18.542,39.613,NaN,16.73,NaN,NaN,NaN,29.488,28.855,NaN,NaN,NaN,25.782,10.117,NaN,19.453,11.352,9.5818,29.925,36.642,20.559,38.124,35.589,14.31,NaN,39.117,15.808,10.682,NaN,23.859,NaN,20.86,NaN,19.713,NaN,NaN,NaN,24.544,NaN,NaN,31.088,NaN,NaN,NaN,NaN,NaN,NaN,13.679,12.022,NaN
21.925,33.113,32.463,28.437,14.836,26.056,31.144,10.042,29.331,20.75,22.773,NaN,28.056,17.55,18.362,19.573,34.125,25.689,NaN,25.818,16.838,NaN,NaN,NaN,34.787,46.815,NaN,22.994,31.183,NaN,NaN,NaN,NaN,NaN,27.148,NaN,NaN,39.401,NaN,27.435,18.153,32.617,35.788,38.177,31.552,40.223,27.229,26.796,8.7213,25.243,25.34,46.306,NaN,19.431,NaN,NaN,NaN,35.228,33.691,NaN,NaN,NaN,23.343,9.8659,NaN,27.173,10.516,13.921,35.591,44.799,25.195,38.935,57.047,15.609,NaN,43.738,18.176,12.464,NaN,29.338,NaN,24.482,NaN,28.819,NaN,NaN,NaN,25.304,NaN,NaN,39.47,NaN,NaN,NaN,NaN,NaN,NaN,21.152,6.6729,NaN
5.5838,7.9892,12.468,16.797,3.5325,6.9861,8.7487,10.165,8.9334,9.8041,5.8276,NaN,3.9168,4.0783,8.7313,8.3388,2.2162,6.8465,NaN,7.361,7.5419,NaN,NaN,NaN,7.8748,14.05,NaN,20.394,9.1553,NaN,NaN,NaN,NaN,NaN,8.076,NaN,NaN,15.709,NaN,9.341,22.839,11.234,15.451,6.9406,6.6806,5.8666,1.7447,9.8208,5.4538,7.2111,4.8545,8.6382,NaN,3.3232,NaN,NaN,NaN,10.372,15.366,NaN,NaN,NaN,6.5191,5.1232,NaN,6.4654,2.1226,5.4819,7.0527,9.3371,4.4983,5.1407,29.085,8.592,NaN,10.365,8.4902,7.3161,NaN,7.422,NaN,5.0889,NaN,12.807,NaN,NaN,NaN,4.0099,NaN,NaN,11.81,NaN,NaN,NaN,NaN,NaN,NaN,14.769,7.1203,NaN
9.369,10.75,6.3891,4.4965,3.8016,4.2263,5.5621,8.6918,3.5178,7.3681,5.7,NaN,7.6303,11.088,1.4277,6.3219,10.593,7.1783,NaN,7.3087,5.7205,NaN,NaN,NaN,6.5588,6.3736,NaN,15.454,5.7527,NaN,NaN,NaN,NaN,NaN,5.5021,NaN,NaN,9.5399,NaN,18.94,9.6723,2.3959,3.7634,9.8207,6.4171,13.762,13.061,17.991,2.7631,9.2034,8.0731,10.877,NaN,5.9283,NaN,NaN,NaN,8.941,5.1151,NaN,NaN,NaN,4.861,4.784,NaN,5.6992,0.84128,2.1532,5.0959,10.525,5.5236,12.26,6.6375,4.2248,NaN,6.7796,4.7381,6.4866,NaN,6.7395,NaN,3.9973,NaN,2.4611,NaN,NaN,NaN,5.7978,NaN,NaN,8.7976,NaN,NaN,NaN,NaN,NaN,NaN,4.0893,6.7476,NaN
6.4905,5.4559,6.3947,0.67528,2.1165,3.4065,4.615,7.3326,1.9422,3.9478,2.193,NaN,4.1301,5.3664,1.2302,8.4794,3.366,3.1692,NaN,4.8485,4.343,NaN,NaN,NaN,2.4139,4.9382,NaN,7.1527,6.3215,NaN,NaN,NaN,NaN,NaN,3.9932,NaN,NaN,2.4006,NaN,9.4639,4.5063,2.0703,4.5169,4.739,3.0104,9.5401,11.651,7.8635,3.313,6.4845,2.7199,7.9584,NaN,2.2024,NaN,NaN,NaN,1.5799,2.988,NaN,NaN,NaN,5.1831,1.887,NaN,0.7322,3.043,1.8631,1.6989,7.3684,5.3401,2.3328,4.9536,2.2203,NaN,3.4766,3.7113,3.746,NaN,6.9652,NaN,0.88851,NaN,3.1684,NaN,NaN,NaN,4.2124,NaN,NaN,5.6705,NaN,NaN,NaN,NaN,NaN,NaN,5.1359,5.3541,NaN
5.6957,3.5603,3.4482,6.0383,3.3927,3.2743,3.205,4.2736,1.6103,5.4506,9.4925,NaN,5.696,5.7255,5.1859,3.0461,2.2868,0.98904,NaN,2.8366,2.8691,NaN,NaN,NaN,6.6847,1.6948,NaN,5.8249,2.205,NaN,NaN,NaN,NaN,NaN,9.0427,NaN,NaN,4.1418,NaN,1.5712,9.244,7.5101,7.2862,2.9251,5.9825,2.2775,7.5494,4.1522,3.6441,5.9229,3.8733,9.6247,NaN,6.0454,NaN,NaN,NaN,4.7259,0.75363,NaN,NaN,NaN,4.85,1.5404,NaN,1.1793,1.9469,4.2308,5.78,5.5231,4.1517,3.1856,3.0681,5.583,NaN,4.6003,3.3396,4.4803,NaN,1.386,NaN,5.3567,NaN,5.3631,NaN,NaN,NaN,4.9632,NaN,NaN,5.1262,NaN,NaN,NaN,NaN,NaN,NaN,4.2556,5.6778,NaN
1.3871,2.3807,0.78613,4.9904,1.6897,1.5783,3.9874,0.99622,7.2597,3.4947,5.5202,NaN,4.2384,0.78982,2.4501,3.5122,3.7489,2.0567,NaN,2.1085,2.4091,NaN,NaN,NaN,4.866,3.6082,NaN,0.56286,1.1896,NaN,NaN,NaN,NaN,NaN,4.1288,NaN,NaN,5.2107,NaN,1.2598,7.8841,7.8667,9.0589,2.3199,5.4088,2.6786,5.1885,4.0318,7.8329,4.8442,6.1432,9.8555,NaN,5.4673,NaN,NaN,NaN,3.8795,2.406,NaN,NaN,NaN,6.1644,3.1786,NaN,3.667,2.3022,1.807,4.3414,6.1691,1.914,5.5152,5.2738,0.25911,NaN,3.8894,1.771,3.1166,NaN,2.8185,NaN,2.448,NaN,2.6535,NaN,NaN,NaN,3.3783,NaN,NaN,5.1637,NaN,NaN,NaN,NaN,NaN,NaN,5.0373,7.6255,NaN
6.3834,2.3141,3.8969,9.4184,3.3555,0.73986,3.6407,1.7949,9.1747,5.4405,4.1133,NaN,1.7805,8.1277,5.2108,4.2358,2.2208,5.5756,NaN,5.2535,1.4678,NaN,NaN,NaN,1.8647,7.97,NaN,1.3659,0.97193,NaN,NaN,NaN,NaN,NaN,3.9544,NaN,NaN,6.0513,NaN,0.96586,2.6536,5.1843,8.3213,3.1359,2.5406,1.8665,1.0586,3.2786,7.5185,1.402,3.2997,6.0179,NaN,6.9099,NaN,NaN,NaN,3.1586,3.8821,NaN,NaN,NaN,7.1737,5.7921,NaN,2.4472,2.4787,3.8408,6.7578,3.6192,9.0579,2.7967,6.4648,1.9265,NaN,8.0207,3.913,2.5268,NaN,1.9919,NaN,1.9631,NaN,2.4791,NaN,NaN,NaN,7.6636,NaN,NaN,5.0517,NaN,NaN,NaN,NaN,NaN,NaN,4.2079,2.7531,NaN
7.3559,4.6685,1.934,5.4701,1.3583,2.1493,1.9175,4.3335,10.004,3.6296,7.5658,NaN,3.5762,2.7082,1.493,4.1901,5.1576,5.2615,NaN,2.6644,2.5563,NaN,NaN,NaN,5.2847,4.3353,NaN,5.0654,4.8484,NaN,NaN,NaN,NaN,NaN,4.9032,NaN,NaN,3.7161,NaN,2.4408,4.9894,5.1462,4.9559,4.3013,3.8116,0.30849,4.8005,1.8879,4.1686,4.3751,2.8479,7.7381,NaN,2.6732,NaN,NaN,NaN,4.7099,2.3122,NaN,NaN,NaN,9.2307,2.3945,NaN,4.5372,5.2086,1.2409,5.6142,4.6632,1.2376,4.5025,3.2813,4.1107,NaN,2.7385,4.6665,2.8264,NaN,0.96472,NaN,2.4144,NaN,2.4934,NaN,NaN,NaN,3.4742,NaN,NaN,6.0633,NaN,NaN,NaN,NaN,NaN,NaN,6.4714,7.0599,NaN
4.7956,1.9317,2.4633,4.4554,5.6616,2.3586,2.6725,2.7835,3.4745,4.0676,7.8407,NaN,3.4504,2.7186,4.0182,0.62173,3.9588,3.5173,NaN,0.41251,3.0562,NaN,NaN,NaN,5.0758,4.4336,NaN,6.9688,4.898,NaN,NaN,NaN,NaN,NaN,7.9611,NaN,NaN,2.1735,NaN,0.94152,7.5877,3.7917,5.0936,2.8197,1.9089,2.2284,4.7842,3.011,1.2555,6.3083,2.857,6.4874,NaN,3.2947,NaN,NaN,NaN,4.1212,0.798,NaN,NaN,NaN,6.3804,2.7884,NaN,1.8413,4.9269,5.0694,4.1308,4.8007,5.5463,6.0641,2.5647,1.1286,NaN,3.8293,3.1379,3.673,NaN,2.1258,NaN,5.0694,NaN,2.9385,NaN,NaN,NaN,3.88,NaN,NaN,5.3587,NaN,NaN,NaN,NaN,NaN,NaN,7.2433,5.3587,NaN
1.0818,5.3391,2.1214,2.6256,0.93188,2.9708,0.72355,3.1121,2.4353,7.732,6.3294,NaN,1.6064,5.3026,8.3563,3.6496,2.492,2.7578,NaN,3.2364,4.6379,NaN,NaN,NaN,2.879,5.12,NaN,2.5185,5.2702,NaN,NaN,NaN,NaN,NaN,6.0873,NaN,NaN,2.9631,NaN,2.6262,7.3225,3.9558,3.5133,4.9479,2.4474,3.3938,7.6595,4.4585,4.4905,9.0904,1.0511,3.437,NaN,4.4966,NaN,NaN,NaN,3.6109,3.5473,NaN,NaN,NaN,5.4579,3.3756,NaN,4.0212,2.1601,3.0559,0.52312,7.4046,5.6489,6.805,2.272,1.8345,NaN,4.0609,5.2909,3.5246,NaN,6.5461,NaN,6.1139,NaN,4.9682,NaN,NaN,NaN,3.2977,NaN,NaN,0.61098,NaN,NaN,NaN,NaN,NaN,NaN,7.1785,4.8219,NaN
4.1024,4.6922,1.6889,4.4893,1.2008,1.9811,3.8313,2.8277,4.9408,8.3384,8.4768,NaN,0.63471,3.2792,7.592,1.1965,1.4104,4.5716,NaN,3.6127,3.5849,NaN,NaN,NaN,4.7618,2.9572,NaN,3.403,7.3779,NaN,NaN,NaN,NaN,NaN,4.826,NaN,NaN,2.7373,NaN,3.189,4.5063,1.7137,2.4567,7.0906,2.7393,2.81,6.708,3.1491,3.8386,6.3574,4.2355,3.7267,NaN,3.6766,NaN,NaN,NaN,3.4435,1.3022,NaN,NaN,NaN,7.8649,2.4249,NaN,3.9529,3.9838,1.8293,1.4314,4.3884,3.4506,2.9554,2.5133,4.3239,NaN,2.0571,4.8542,3.0952,NaN,5.1401,NaN,4.1688,NaN,3.7953,NaN,NaN,NaN,1.3081,NaN,NaN,2.741,NaN,NaN,NaN,NaN,NaN,NaN,7.0484,6.3456,NaN
8.6779,7.6622,4.9518,5.4445,2.456,3.2748,5.4687,5.1638,8.0323,3.4962,6.6359,NaN,0.84224,2.4298,1.618,6.6388,3.7312,7.2227,NaN,4.6773,2.8877,NaN,NaN,NaN,3.8134,6.9044,NaN,4.8039,8.0012,NaN,NaN,NaN,NaN,NaN,2.7185,NaN,NaN,4.4128,NaN,1.9359,3.0725,3.7034,1.8233,4.9157,4.8438,3.7313,4.944,2.6485,4.2497,0.61217,3.4107,2.8722,NaN,2.2075,NaN,NaN,NaN,5.6708,3.5675,NaN,NaN,NaN,9.0271,3.8705,NaN,3.7136,6.3987,3.7209,3.9821,0.87585,3.458,2.3555,2.0585,5.3115,NaN,6.0659,6.1792,4.1289,NaN,3.0436,NaN,2.0425,NaN,1.3788,NaN,NaN,NaN,5.476,NaN,NaN,5.0754,NaN,NaN,NaN,NaN,NaN,NaN,6.0093,5.094,NaN
5.3993,7.625,8.6063,2.2036,2.8832,2.2445,4.45,4.8266,6.7126,2.2519,2.7026,NaN,3.3563,2.249,1.2156,7.18,2.5007,9.1561,NaN,5.6034,3.5216,NaN,NaN,NaN,0.80435,9.0211,NaN,3.5017,5.966,NaN,NaN,NaN,NaN,NaN,3.6059,NaN,NaN,5.5638,NaN,1.8072,2.6625,4.6963,4.633,3.6391,5.7438,1.1707,4.4243,5.884,1.2332,3.8378,1.5921,2.1366,NaN,3.3563,NaN,NaN,NaN,3.8718,6.2423,NaN,NaN,NaN,9.5676,3.1298,NaN,1.7304,5.3263,4.5807,6.4288,3.8327,8.3014,2.5456,2.9824,2.9316,NaN,5.3443,5.7862,4.4197,NaN,3.2858,NaN,3.3861,NaN,2.225,NaN,NaN,NaN,6.3699,NaN,NaN,5.2612,NaN,NaN,NaN,NaN,NaN,NaN,3.4163,5.7332,NaN
5.4153,3.8562,8.4637,7.5503,2.1255,5.4681,1.4904,2.2417,3.4443,3.337,2.1336,NaN,5.4578,8.7384,3.7237,4.6995,1.4648,8.0887,NaN,3.8623,2.8574,NaN,NaN,NaN,3.3716,8.3593,NaN,4.7387,1.0884,NaN,NaN,NaN,NaN,NaN,5.0455,NaN,NaN,5.2108,NaN,3.5969,1.7331,2.8003,4.4925,5.5537,7.0117,0.45779,3.2603,5.148,2.6058,2.3014,2.1508,0.94883,NaN,4.753,NaN,NaN,NaN,1.1445,3.8108,NaN,NaN,NaN,5.7517,3.4935,NaN,4.1629,3.9608,4.4229,5.6823,8.6756,9.1516,2.5025,3.914,2.9599,NaN,3.485,3.3453,4.6173,NaN,1.2373,NaN,3.0951,NaN,4.8337,NaN,NaN,NaN,6.0235,NaN,NaN,5.5022,NaN,NaN,NaN,NaN,NaN,NaN,1.2079,6.7268,NaN
6.011,5.4386,6.6933,5.9635,3.1926,10.224,5.8431,4.7055,3.9605,3.1701,3.3072,NaN,7.4484,5.1721,1.679,3.7879,3.4975,5.3061,NaN,3.5764,6.2378,NaN,NaN,NaN,2.4813,8.4249,NaN,9.673,0.81953,NaN,NaN,NaN,NaN,NaN,4.3404,NaN,NaN,4.0558,NaN,5.6173,3.0282,2.3103,5.7908,6.4076,4.9502,2.7485,1.3156,4.6167,2.8619,2.4455,4.904,3.8515,NaN,1.9009,NaN,NaN,NaN,5.0328,4.3447,NaN,NaN,NaN,2.4206,5.2607,NaN,8.0902,7.0013,3.5225,3.1743,8.7052,1.0569,3.6163,1.3679,5.9843,NaN,8.2521,0.94098,3.902,NaN,4.7803,NaN,2.6935,NaN,2.8887,NaN,NaN,NaN,7.5017,NaN,NaN,1.9551,NaN,NaN,NaN,NaN,NaN,NaN,2.6769,6.3959,NaN
5.1077,7.5825,5.7285,3.3049,2.5979,4.2741,6.3061,1.7583,1.4928,2.0162,0.57896,NaN,6.3181,2.8608,1.5204,4.6625,3.6958,5.679,NaN,1.1623,5.5975,NaN,NaN,NaN,3.347,5.4712,NaN,5.2089,3.2205,NaN,NaN,NaN,NaN,NaN,3.3626,NaN,NaN,2.0048,NaN,2.8857,4.7404,3.2653,2.6031,3.342,3.8598,1.4551,6.2782,6.7511,4.2378,6.3587,2.5612,2.2345,NaN,3.5514,NaN,NaN,NaN,1.6186,4.9132,NaN,NaN,NaN,0.99358,1.4258,NaN,2.8282,3.0302,2.5777,2.5113,7.8606,1.0301,3.953,1.2742,1.5208,NaN,2.9423,2.3665,1.4869,NaN,6.6099,NaN,2.9392,NaN,0.88503,NaN,NaN,NaN,3.1467,NaN,NaN,2.532,NaN,NaN,NaN,NaN,NaN,NaN,1.7883,5.7718,NaN
1.9718,6.7606,3.971,6.2974,3.0744,2.9777,4.5057,4.1305,3.4568,3.1676,3.9644,NaN,2.9952,3.3701,1.9875,5.7356,1.2041,4.0198,NaN,2.444,1.8136,NaN,NaN,NaN,2.965,3.3866,NaN,1.7896,3.8877,NaN,NaN,NaN,NaN,NaN,1.1241,NaN,NaN,4.0311,NaN,1.4788,6.3316,1.6878,0.52302,2.9613,4.3694,4.175,5.6427,4.9639,5.9008,4.453,3.2019,2.2735,NaN,6.1889,NaN,NaN,NaN,0.73125,1.8633,NaN,NaN,NaN,1.4984,3.4896,NaN,0.69041,3.8114,3.0774,3.4824,5.8795,0.94663,4.3695,3.3322,1.3401,NaN,5.3057,4.2669,1.0242,NaN,3.3026,NaN,3.2735,NaN,1.1828,NaN,NaN,NaN,2.65,NaN,NaN,2.4687,NaN,NaN,NaN,NaN,NaN,NaN,4.8743,5.7715,NaN
2.7289,3.961,2.2554,2.1858,3.4902,0.95593,4.5269,3.4666,1.629,6.2368,8.4346,NaN,3.0278,4.6841,9.141,2.663,5.2673,6.0371,NaN,4.8846,6.2888,NaN,NaN,NaN,2.4133,1.2672,NaN,2.7212,5.3139,NaN,NaN,NaN,NaN,NaN,3.4141,NaN,NaN,3.1544,NaN,3.0923,5.2567,1.9869,1.9305,3.4463,2.4043,2.1683,8.1922,3.5735,4.7685,4.6732,5.545,3.0678,NaN,5.4209,NaN,NaN,NaN,2.4611,1.6459,NaN,NaN,NaN,2.5163,2.503,NaN,2.7595,2.0378,4.0045,2.1465,3.5214,3.7072,2.9457,3.916,3.4643,NaN,2.0678,4.4452,0.74363,NaN,7.9364,NaN,1.1958,NaN,3.3129,NaN,NaN,NaN,0.60917,NaN,NaN,2.2529,NaN,NaN,NaN,NaN,NaN,NaN,4.3357,7.9833,NaN
4.2023,3.0684,3.532,1.4425,3.0769,2.7424,5.5039,6.0696,4.9636,7.4338,9.1135,NaN,4.3057,4.9549,10.704,6.2356,6.748,5.4549,NaN,6.6251,10.207,NaN,NaN,NaN,2.0341,5.8882,NaN,0.94386,4.4628,NaN,NaN,NaN,NaN,NaN,5.7573,NaN,NaN,4.7582,NaN,3.3844,8.0701,2.4015,3.5803,5.7571,4.1401,2.2762,12.925,7.6564,8.1288,10.81,3.962,3.043,NaN,5.86,NaN,NaN,NaN,4.9461,4.1141,NaN,NaN,NaN,3.2058,2.0501,NaN,4.2382,1.0302,3.4658,1.8503,11.534,4.6726,3.6175,3.6728,4.1789,NaN,9.142,6.1829,2.9269,NaN,10.694,NaN,3.695,NaN,5.5011,NaN,NaN,NaN,2.0571,NaN,NaN,3.8451,NaN,NaN,NaN,NaN,NaN,NaN,3.344,6.7791,NaN
2.5172,2.4404,0.07308,1.3702,1.7968,2.7564,3.6119,7.744,3.9751,5.2661,4.3272,NaN,3.2784,6.3739,3.7861,6.6925,3.9692,4.8441,NaN,1.738,5.5737,NaN,NaN,NaN,0.78004,5.8829,NaN,3.4322,4.1664,NaN,NaN,NaN,NaN,NaN,5.3564,NaN,NaN,2.5666,NaN,1.7173,3.1063,3.2376,6.8323,3.5693,0.78967,1.9414,4.1479,8.3875,5.0044,12.686,5.4858,5.6736,NaN,4.3232,NaN,NaN,NaN,2.9134,2.0462,NaN,NaN,NaN,3.3867,0.68897,NaN,1.2785,1.2335,4.9441,2.9397,2.8477,2.7574,1.5759,3.704,1.5741,NaN,6.4123,6.1679,2.585,NaN,7.0021,NaN,2.243,NaN,4.6366,NaN,NaN,NaN,0.78885,NaN,NaN,4.4769,NaN,NaN,NaN,NaN,NaN,NaN,6.0335,5.7187,NaN
1.8639,1.7616,0.62346,1.1016,1.298,1.4272,0.04649,4.1562,1.0857,5.0302,1.6832,NaN,0.67595,7.816,3.9547,5.8467,4.3115,4.2648,NaN,2.3816,3.4292,NaN,NaN,NaN,4.0432,2.3315,NaN,2.132,4.4042,NaN,NaN,NaN,NaN,NaN,4.9744,NaN,NaN,2.0067,NaN,7.8377,1.868,3.6135,4.2418,3.36,1.67,2.6316,0.97709,1.77,2.1497,6.5465,2.2787,3.3625,NaN,1.4117,NaN,NaN,NaN,2.3349,1.8828,NaN,NaN,NaN,4.3399,1.1692,NaN,1.0041,2.5124,4.0165,2.8425,5.029,3.2554,1.8003,1.5506,1.8865,NaN,1.1079,3.4979,3.1554,NaN,3.8069,NaN,2.4467,NaN,1.9503,NaN,NaN,NaN,1.6607,NaN,NaN,0.46449,NaN,NaN,NaN,NaN,NaN,NaN,2.7681,3.589,NaN
1.9507,6.0276,2.1596,6.7911,2.8197,2.993,0.64309,2.1333,3.233,4.3828,4.4043,NaN,2.4714,7.449,1.4059,3.63,2.5352,1.4256,NaN,3.6948,1.5342,NaN,NaN,NaN,6.4184,3.2415,NaN,1.5389,3.9096,NaN,NaN,NaN,NaN,NaN,4.0101,NaN,NaN,2.1013,NaN,6.5264,1.761,6.4678,1.6984,5.324,2.3851,2.3411,4.5672,3.2352,4.3317,4.7409,1.4363,5.6158,NaN,1.8608,NaN,NaN,NaN,3.6367,1.6235,NaN,NaN,NaN,7.3681,1.3368,NaN,3.2416,4.2135,1.8466,5.6428,14.327,6.0267,2.4845,3.115,3.0142,NaN,5.6372,5.0782,9.3002,NaN,4.5435,NaN,5.2941,NaN,0.83698,NaN,NaN,NaN,0.84672,NaN,NaN,1.751,NaN,NaN,NaN,NaN,NaN,NaN,8.7663,1.7999,NaN
2.9453,7.9094,0.6407,6.1647,4.9773,2.6362,4.3788,3.0268,0.22452,3.8641,4.5901,NaN,5.4994,6.3552,4.3332,2.1632,5.5451,1.2574,NaN,3.7318,4.9974,NaN,NaN,NaN,4.3039,2.8225,NaN,8.2099,4.0681,NaN,NaN,NaN,NaN,NaN,5.3874,NaN,NaN,5.3009,NaN,2.2266,4.7854,3.225,3.6425,4.2359,0.90737,2.7754,1.4981,6.2323,4.7482,8.1964,3.6857,6.3617,NaN,0.37652,NaN,NaN,NaN,5.3986,4.0048,NaN,NaN,NaN,6.6081,1.3277,NaN,3.2501,2.4213,3.5623,1.7253,15.822,6.6575,2.5801,3.7291,1.3371,NaN,4.1682,5.6058,7.3906,NaN,8.19,NaN,1.5089,NaN,3.9631,NaN,NaN,NaN,5.3323,NaN,NaN,3.9891,NaN,NaN,NaN,NaN,NaN,NaN,5.9611,2.044,NaN
11.952,16.45,16.511,15.074,8.6038,15.824,16.518,10.74,19.068,9.6967,19.694,NaN,25.092,8.5447,13.378,6.9354,19.504,20.051,NaN,15.17,5.7544,NaN,NaN,NaN,19.678,29.463,NaN,11.872,12.362,NaN,NaN,NaN,NaN,NaN,14.904,NaN,NaN,18.119,NaN,23.019,3.3946,17.745,21.801,32.087,18.068,27.649,20.234,22.585,7.3134,24.297,16.939,33.963,NaN,14.463,NaN,NaN,NaN,18.768,17.091,NaN,NaN,NaN,16.391,3.9479,NaN,19.08,13.121,8.3085,22.791,22.898,15.02,29.319,30.981,12.286,NaN,23.966,9.0687,9.9136,NaN,18.217,NaN,17.069,NaN,8.2875,NaN,NaN,NaN,10.889,NaN,NaN,27.516,NaN,NaN,NaN,NaN,NaN,NaN,13.399,10.094,NaN
5.3043,5.5892,9.2955,2.0414,6.4152,1.3804,5.5319,6.7334,6.4458,8.7825,4.2878,NaN,5.2279,5.8776,11.098,5.379,5.4902,6.8422,NaN,4.2231,2.8281,NaN,NaN,NaN,4.2689,9.9879,NaN,10.318,4.2367,NaN,NaN,NaN,NaN,NaN,2.0707,NaN,NaN,2.5411,NaN,7.4136,3.2022,5.6917,5.4068,1.7137,4.7544,4.8822,2.9985,7.6032,4.9188,5.7602,5.0192,2.5701,NaN,3.7978,NaN,NaN,NaN,3.0919,3.9878,NaN,NaN,NaN,3.3749,2.3066,NaN,6.3345,1.312,3.9778,5.931,10.263,4.6249,2.1769,6.8821,3.4877,NaN,10.516,7.4041,3.6633,NaN,2.0637,NaN,2.5192,NaN,7.5851,NaN,NaN,NaN,5.1222,NaN,NaN,6.8023,NaN,NaN,NaN,NaN,NaN,NaN,9.789,7.9892,NaN
3.8574,9.5468,3.5155,4.4215,4.1818,3.8747,3.1255,4.0387,4.1415,3.4232,10.49,NaN,3.9431,5.1628,7.4942,3.838,5.9727,2.9123,NaN,4.1412,2.1587,NaN,NaN,NaN,1.7845,5.2805,NaN,8.2361,4.0565,NaN,NaN,NaN,NaN,NaN,5.3735,NaN,NaN,6.2433,NaN,2.5229,4.6073,5.6134,8.2668,1.9506,4.4179,2.9614,2.8472,9.4401,6.3181,7.0416,6.8172,8.7804,NaN,2.2256,NaN,NaN,NaN,4.1793,1.2462,NaN,NaN,NaN,3.4668,1.5829,NaN,4.649,1.7638,5.2337,5.2829,17.54,6.0148,1.7727,5.3434,1.1851,NaN,7.7494,2.8812,8.6387,NaN,2.54,NaN,1.4273,NaN,7.2157,NaN,NaN,NaN,6.1891,NaN,NaN,6.3896,NaN,NaN,NaN,NaN,NaN,NaN,8.6832,3.7746,NaN
2.4064,11.804,2.3131,6.3254,1.0716,4.0528,0.57577,1.1004,6.0107,2.9892,16.229,NaN,2.9241,7.6279,1.8522,1.7842,3.6442,2.4468,NaN,1.3696,0.9007,NaN,NaN,NaN,7.7146,3.7405,NaN,4.4843,3.4305,NaN,NaN,NaN,NaN,NaN,4.4654,NaN,NaN,6.1241,NaN,8.9857,2.4378,9.421,7.1382,3.8043,4.199,4.4378,1.4779,8.2324,4.7884,4.8213,6.5524,9.2429,NaN,3.539,NaN,NaN,NaN,2.6035,1.488,NaN,NaN,NaN,7.3446,0.99324,NaN,3.5341,3.7609,3.4367,5.4023,16.756,6.8554,2.4294,5.0724,1.3863,NaN,5.3,2.3251,11.83,NaN,4.1905,NaN,5.1048,NaN,3.6904,NaN,NaN,NaN,3.6539,NaN,NaN,4.1184,NaN,NaN,NaN,NaN,NaN,NaN,8.0196,2.6895,NaN
4.2014,3.453,3.652,3.5394,1.7732,2.1152,1.7882,3.6974,2.213,3.9225,10.332,NaN,1.881,3.9096,2.3542,7.5856,1.0612,3.2525,NaN,1.5958,2.1134,NaN,NaN,NaN,5.3567,4.6886,NaN,4.8763,5.8674,NaN,NaN,NaN,NaN,NaN,4.8833,NaN,NaN,4.6979,NaN,12.551,4.9155,5.0539,3.0866,4.8494,3.224,8.4449,5.1499,9.3135,3.7908,2.7334,3.8577,5.9814,NaN,1.7305,NaN,NaN,NaN,2.348,2.749,NaN,NaN,NaN,6.486,2.9074,NaN,2.4599,1.7262,0.98086,2.1929,11.146,5.7,1.8701,5.1043,2.7345,NaN,2.852,0.73437,7.096,NaN,5.9213,NaN,1.7658,NaN,1.868,NaN,NaN,NaN,4.9146,NaN,NaN,2.2473,NaN,NaN,NaN,NaN,NaN,NaN,2.1706,3.5103,NaN
8.8669,13.26,5.2541,2.3517,4.9074,5.435,7.8783,6.7745,5.3259,7.8173,16.685,NaN,9.0399,8.7972,5.1298,6.099,10.575,7.7594,NaN,7.6749,6.165,NaN,NaN,NaN,11.932,9.4824,NaN,12.618,10.155,NaN,NaN,NaN,NaN,NaN,7.5115,NaN,NaN,11.567,NaN,17.856,9.0445,9.2907,6.5582,11.038,8.5399,15.966,9.7398,19.935,5.0008,7.5492,11.44,13.08,NaN,4.3388,NaN,NaN,NaN,11.846,6.5597,NaN,NaN,NaN,7.5239,6.3401,NaN,7.4741,1.3272,1.3434,7.1237,16.643,8.0468,13.725,9.2293,4.9042,NaN,9.7099,4.0906,6.5781,NaN,8.7066,NaN,7.5179,NaN,2.0848,NaN,NaN,NaN,7.3729,NaN,NaN,7.6802,NaN,NaN,NaN,NaN,NaN,NaN,5.0679,7.7395,NaN
7.1428,14.771,5.8768,3.7106,3.9029,7.1577,8.1607,3.8425,7.5073,9.5649,20.534,NaN,9.249,7.0486,3.7217,4.4868,9.5133,6.1728,NaN,7.4812,5.0061,NaN,NaN,NaN,11.03,10.243,NaN,8.1244,10.173,NaN,NaN,NaN,NaN,NaN,8.4811,NaN,NaN,7.9604,NaN,14.216,4.6906,12.641,12.169,9.1832,11.25,12.139,6.1445,17.549,6.5349,5.7216,13.453,11.167,NaN,2.9421,NaN,NaN,NaN,10.567,8.4005,NaN,NaN,NaN,8.3479,4.6518,NaN,6.0533,0.65463,2.7916,10.085,21.677,8.8455,14.018,10.255,3.858,NaN,13.229,3.2325,6.1453,NaN,7.3028,NaN,10.787,NaN,5.5248,NaN,NaN,NaN,10.982,NaN,NaN,6.739,NaN,NaN,NaN,NaN,NaN,NaN,7.281,8.2467,NaN
10.027,7.2931,5.4122,8.2385,2.3173,7.4074,6.9173,2.8833,8.3534,14.41,10.438,NaN,6.4112,8.8749,3.6434,6.7539,7.7506,3.4825,NaN,7.3714,5.1085,NaN,NaN,NaN,4.6515,11.312,NaN,2.5519,11.511,NaN,NaN,NaN,NaN,NaN,9.3351,NaN,NaN,1.8088,NaN,11.111,2.4985,11.458,15.276,9.1385,10.982,8.2724,3.8015,13.147,7.9284,8.2765,14,2.3224,NaN,2.7198,NaN,NaN,NaN,6.8655,14.266,NaN,NaN,NaN,6.2554,4.6658,NaN,2.5303,2.6986,5.2826,9.9087,20.102,8.9204,10.308,11.981,9.7383,NaN,14.242,10.198,4.0851,NaN,4.2744,NaN,8.0135,NaN,8.4611,NaN,NaN,NaN,14.018,NaN,NaN,5.8652,NaN,NaN,NaN,NaN,NaN,NaN,18.106,13.118,NaN
11.84,3.9727,6.6963,11.535,1.2543,5.178,5.6127,6.0053,8.2624,16.348,2.7107,NaN,10.32,10.562,8.7853,7.4016,8.9645,10.175,NaN,6.109,7.692,NaN,NaN,NaN,7.7221,10.888,NaN,4.4209,12.446,NaN,NaN,NaN,NaN,NaN,11.462,NaN,NaN,9.5334,NaN,6.6959,6.7036,13.988,16.986,14.365,9.2006,10.49,3.6828,10.284,10.491,13.736,14.63,10.835,NaN,8.8842,NaN,NaN,NaN,6.9838,20.695,NaN,NaN,NaN,7.9917,5.5755,NaN,8.1312,4.7309,7.3937,8.0947,14.621,9.2958,6.4933,15.75,11.882,NaN,13.019,17.569,2.6984,NaN,3.511,NaN,2.7263,NaN,8.8373,NaN,NaN,NaN,13.72,NaN,NaN,9.4173,NaN,NaN,NaN,NaN,NaN,NaN,26.699,18.492,NaN
8.5561,8.0272,7.7516,9.025,2.6291,2.0844,3.5121,5.5996,7.7532,10.612,8.1865,NaN,9.512,9.4448,10.56,2.1404,9.6651,10.146,NaN,3.1608,5.4776,NaN,NaN,NaN,3.1482,6.7746,NaN,9.9037,7.983,NaN,NaN,NaN,NaN,NaN,12.253,NaN,NaN,11.184,NaN,0.98812,6.5727,13.498,11.425,14.626,3.9674,8.3174,5.7846,6.964,6.8833,12.763,10.352,11.461,NaN,8.1676,NaN,NaN,NaN,5.8298,18.058,NaN,NaN,NaN,9.051,5.7607,NaN,7.4942,3.5927,6.2939,5.0527,10.413,8.2321,1.5087,11.617,4.6455,NaN,9.2883,14.528,4.986,NaN,4.9044,NaN,5.0275,NaN,6.4938,NaN,NaN,NaN,13.1,NaN,NaN,9.0318,NaN,NaN,NaN,NaN,NaN,NaN,21.512,15.969,NaN
10.886,6.861,2.8155,15.858,3.2726,10.255,5.4756,4.2261,6.4911,23.481,7.9515,NaN,11.087,13.389,9.0425,9.1905,12.904,8.8295,NaN,4.5434,6.8222,NaN,NaN,NaN,11.429,21.248,NaN,2.3449,20.012,NaN,NaN,NaN,NaN,NaN,20.076,NaN,NaN,14.807,NaN,19.493,11.054,17.981,23.315,22.936,6.7862,15.708,4.2152,13.525,15.994,23.887,24.528,23.982,NaN,8.4931,NaN,NaN,NaN,8.2816,29.148,NaN,NaN,NaN,12.974,7.9565,NaN,11.14,9.5517,9.1668,1.7817,11.828,14.003,6.8382,29.873,21.298,NaN,9.0815,24.289,5.1505,NaN,7.2864,NaN,4.2767,NaN,6.4496,NaN,NaN,NaN,14.768,NaN,NaN,15.958,NaN,NaN,NaN,NaN,NaN,NaN,33.106,21.604,NaN
4.071,4.3534,5.1058,9.0255,0.71308,5.6856,1.8502,5.1604,2.6905,17.875,4.9125,NaN,3.6413,12.196,8.0239,7.5043,7.6509,5.9836,NaN,4.1771,3.4728,NaN,NaN,NaN,2.3367,13.649,NaN,7.9321,12.711,NaN,NaN,NaN,NaN,NaN,7.0232,NaN,NaN,4.3108,NaN,16.002,9.7248,9.2327,6.8636,6.5137,7.1861,7.8682,2.3613,13.463,7.1963,9.1132,13.434,9.3619,NaN,4.8918,NaN,NaN,NaN,2.582,8.9537,NaN,NaN,NaN,9.9766,4.6429,NaN,4.1623,6.0104,6.7388,1.5931,8.6091,6.9644,5.1788,19.207,7.9415,NaN,2.6059,6.1273,6.3844,NaN,4.4598,NaN,4.4832,NaN,2.2143,NaN,NaN,NaN,7.55,NaN,NaN,9.2634,NaN,NaN,NaN,NaN,NaN,NaN,10.258,10.538,NaN
10.524,17.268,18.026,19.318,8.283,18.668,16.525,6.8568,11.905,16.087,15.318,NaN,17.014,2.886,11.829,12.947,18.215,18.247,NaN,11.904,4.807,NaN,NaN,NaN,19.468,32.646,NaN,12.516,16.621,NaN,NaN,NaN,NaN,NaN,12.358,NaN,NaN,22.6,NaN,21.635,8.4444,13.943,20.747,29.185,12.879,25.66,16.791,15.633,10.481,22.194,20.176,35.947,NaN,13.638,NaN,NaN,NaN,16.675,17.919,NaN,NaN,NaN,11.717,1.3337,NaN,19.96,10.564,11.775,21.688,19.118,13.693,22.365,43.237,11.655,NaN,19.921,11.234,12.357,NaN,18.337,NaN,11.925,NaN,10.039,NaN,NaN,NaN,6.0025,NaN,NaN,30.989,NaN,NaN,NaN,NaN,NaN,NaN,18.791,8.9822,NaN
