7.8712,4.0969,1.7168,1.7371,NaN,3.442,6.1775,1.5808,1.6549,NaN,NaN,2.2158,1.6667,4.511,0.32909,7.1689,0.89981,3.7853,0.42765,NaN,3.2112,3.5277,NaN,NaN,2.4646,1.8092,1.2405,3.2545,1.3923,1.6747,NaN,1.9155,1.7679,1.4114,3.2633,1.263,2.0312,1.5319,3.9071,1.2074,NaN,2.1604,1.8833,NaN,NaN,NaN,6.419,NaN,NaN,NaN,NaN,NaN,2.2489,NaN,NaN,2.0867,4.7005,3.9106,NaN,3.6181,0.4571,2.617,NaN,NaN,NaN,NaN,3.2097,NaN,NaN,1.2331,NaN,NaN,NaN,NaN,2.2119,1.2497,NaN,NaN,2.6127,NaN,3.2476,1.9453,3.0611,3.2462,1.5546,2.0851,3.4004,6.5116,NaN,NaN,3.9909,NaN,1.8789,1.2782,1.873,4.2886,NaN,3.6614,2.1458,2.4102
5.0435,4.749,1.5228,3.1224,NaN,2.8608,7.1046,1.6246,3.4115,NaN,NaN,3.608,0.62386,4.5911,2.5448,5.9161,0.96407,1.9636,2.2383,NaN,5.03,5.31,NaN,NaN,2.2882,2.2155,5.0173,2.5991,5.6528,1.6318,NaN,0.94371,3.2745,2.3337,3.3729,2.1584,5.4334,1.8127,1.9606,1.8013,NaN,3.543,0.52836,NaN,NaN,NaN,5.523,NaN,NaN,NaN,NaN,NaN,0.68003,NaN,NaN,1.2673,4.1933,2.4883,NaN,4.7624,4.4539,2.8708,NaN,NaN,NaN,NaN,1.9896,NaN,NaN,2.4275,NaN,NaN,NaN,NaN,0.48888,2.4411,NaN,NaN,2.0089,NaN,3.2343,1.3698,1.9954,2.6747,3.5458,2.3496,3.7892,2.0055,NaN,NaN,5.1036,NaN,2.5932,2.1287,4.0736,1.2386,NaN,1.779,1.1263,0.38895
4.1845,2.5716,1.1531,4.7537,NaN,5.1306,5.6151,1.6357,1.0124,NaN,NaN,2.5572,4.2146,5.6402,3.1812,3.8968,4.2325,6.8381,3.0904,NaN,3.3627,2.9977,NaN,NaN,3.3427,1.3912,3.0162,2.043,2.118,3.1671,NaN,2.8762,1.4123,2.4547,2.8456,2.338,1.5034,3.7247,3.4488,1.0863,NaN,3.0264,3.6655,NaN,NaN,NaN,5.0369,NaN,NaN,NaN,NaN,NaN,1.8747,NaN,NaN,1.3274,3.6295,2.2833,NaN,2.6804,2.3139,0.41199,NaN,NaN,NaN,NaN,3.6398,NaN,NaN,2.0284,NaN,NaN,NaN,NaN,2.3532,0.36306,NaN,NaN,3.0314,NaN,1.6371,1.1116,1.757,2.7642,1.9046,1.0331,2.3862,2.2275,NaN,NaN,4.5713,NaN,2.7406,0.11405,3.3482,4.8134,NaN,2.8628,3.7507,3.1472
0.42384,3.7091,2.3719,3.195,NaN,4.588,1.3838,1.5286,2.4947,NaN,NaN,1.4489,2.8583,1.2925,2.9525,3.5269,3.8589,4.6881,2.5176,NaN,0.37695,1.9582,NaN,NaN,2.7671,1.8885,3.7969,3.6697,1.6631,1.9604,NaN,4.0465,1.4466,1.273,1.6689,3.2,1.0419,5.1776,2.1904,2.1537,NaN,0.58605,4.074,NaN,NaN,NaN,0.63631,NaN,NaN,NaN,NaN,NaN,4.2474,NaN,NaN,1.0186,2.5483,1.4337,NaN,1.6252,1.0395,0.32294,NaN,NaN,NaN,NaN,3.1183,NaN,NaN,1.1892,NaN,NaN,NaN,NaN,2.5975,2.5895,NaN,NaN,3.5241,NaN,0.88978,2.0209,0.59734,2.3734,1.727,1.2553,0.71941,2.6661,NaN,NaN,5.047,NaN,1.2394,0.38066,3.1796,4.4086,NaN,4.5865,2.416,2.8927
3.3166,3.2326,2.8073,4.3565,NaN,5.432,1.3468,1.5175,2.1124,NaN,NaN,1.262,8.5701,1.9029,3.8937,0.40317,6.6428,8.078,4.5089,NaN,3.3175,2.9224,NaN,NaN,4.6788,1.5305,5.5042,1.3599,3.5667,3.7113,NaN,6.0794,0.34562,2.8849,0.55383,5.3987,1.6085,4.1649,4.5258,0.52336,NaN,4.2803,4.1272,NaN,NaN,NaN,2.7517,NaN,NaN,NaN,NaN,NaN,7.4168,NaN,NaN,1.3206,3.1088,1.5119,NaN,2.1433,1.5608,2.4885,NaN,NaN,NaN,NaN,4.1686,NaN,NaN,0.47999,NaN,NaN,NaN,NaN,3.4979,0.642,NaN,NaN,3.9635,NaN,2.7691,1.7671,1.711,1.9925,5.0108,4.8136,0.26256,4.1827,NaN,NaN,7.1116,NaN,3.9031,0.45743,4.5195,4.2512,NaN,4.5014,3.4144,4.3165
3.8729,5.2117,2.4371,4.3924,NaN,4.0334,1.5751,0.45302,1.0408,NaN,NaN,0.92284,7.5672,2.855,4.5042,5.4823,5.8466,6.5153,4.7436,NaN,3.9079,2.1443,NaN,NaN,4.3938,2.2938,3.3231,5.1294,3.8197,6.5184,NaN,2.8908,3.0397,4.8783,2.1734,5.1227,2.2215,3.5768,4.8149,0.17722,NaN,6.4683,1.9899,NaN,NaN,NaN,3.3543,NaN,NaN,NaN,NaN,NaN,6.662,NaN,NaN,1.1447,1.3472,1.3601,NaN,3.415,2.7708,3.4085,NaN,NaN,NaN,NaN,4.2104,NaN,NaN,2.9059,NaN,NaN,NaN,NaN,2.3036,1.5646,NaN,NaN,2.1473,NaN,4.5256,4.1361,1.0528,2.4294,3.8163,5.7646,3.2317,4.9196,NaN,NaN,3.8861,NaN,2.427,2.1676,5.9749,2.1623,NaN,3.5367,2.7568,7.0076
3.8395,3.2476,3.136,2.9343,NaN,1.56,1.0962,1.4221,3.0212,NaN,NaN,2.7757,2.0028,1.8596,2.507,2.1959,2.5435,3.4252,1.9375,NaN,2.5794,2.8185,NaN,NaN,0.77921,2.0143,3.7789,4.8306,3.0565,3.8047,NaN,0.78807,1.9114,1.3797,1.6196,2.374,6.0933,3.5961,2.6596,2.1896,NaN,3.5504,2.1556,NaN,NaN,NaN,2.9704,NaN,NaN,NaN,NaN,NaN,4.0921,NaN,NaN,0.56342,2.8769,1.8939,NaN,3.3592,4.1231,2.3968,NaN,NaN,NaN,NaN,3.3446,NaN,NaN,3.3589,NaN,NaN,NaN,NaN,2.8621,4.57,NaN,NaN,2.5768,NaN,3.578,2.2108,4.439,2.2462,2.3896,3.4437,4.0423,4.3164,NaN,NaN,4.1739,NaN,4.136,3.578,4.7961,3.5588,NaN,3.3382,1.4004,1.4676
8.0201,7.2047,3.3387,3.0757,NaN,2.365,6.7551,1.377,2.7356,NaN,NaN,2.3239,1.9944,5.3353,3.7048,5.0125,0.66085,3.9003,4.9473,NaN,4.1358,3.6222,NaN,NaN,5.9167,3.2856,4.0465,3.7006,3.2152,5.7117,NaN,3.4953,3.9819,1.4692,6.7125,2.5563,3.4848,3.4927,2.7934,1.7208,NaN,1.7338,2.0838,NaN,NaN,NaN,2.5026,NaN,NaN,NaN,NaN,NaN,5.4208,NaN,NaN,2.1762,6.0606,2.8031,NaN,2.3714,2.074,2.3338,NaN,NaN,NaN,NaN,2.8043,NaN,NaN,3.2067,NaN,NaN,NaN,NaN,5.8693,6.8763,NaN,NaN,3.0194,NaN,0.98695,0.82055,2.1734,2.3985,1.096,1.5744,4.6673,2.2024,NaN,NaN,6.9729,NaN,3.0625,3.8135,2.2491,4.0716,NaN,1.4681,4.0287,2.2001
5.2596,11.572,2.6539,5.7041,NaN,2.4474,8.3754,2.431,3.4337,NaN,NaN,3.6852,4.3769,3.7256,5.1714,3.9044,2.4141,4.9105,7.635,NaN,2.1867,6.2318,NaN,NaN,4.4518,6.0001,3.805,8.6954,2.6484,8.9512,NaN,4.0902,2.279,5.7978,5.969,4.6161,1.8898,5.2204,1.2141,3.147,NaN,2.7799,3.9125,NaN,NaN,NaN,2.9197,NaN,NaN,NaN,NaN,NaN,4.3175,NaN,NaN,1.5868,2.9441,3.552,NaN,3.6731,1.2973,3.7324,NaN,NaN,NaN,NaN,3.4695,NaN,NaN,0.84852,NaN,NaN,NaN,NaN,3.1835,9.1485,NaN,NaN,2.8096,NaN,1.0509,5.3496,6.8984,1.165,2.5825,3.2514,6.257,2.1742,NaN,NaN,4.9198,NaN,1.8851,1.2719,1.1398,3.2288,NaN,2.0995,1.109,8.5914
3.0027,3.8728,3.6922,0.82896,NaN,2.4714,0.88218,1.8203,1.638,NaN,NaN,3.9336,2.9618,2.0436,1.2744,2.2666,3.5166,5.4982,1.4729,NaN,1.207,2.2173,NaN,NaN,1.3915,4.3616,1.1773,2.1657,2.4723,0.90287,NaN,1.6059,1.4315,3.6832,1.5416,2.8405,2.3008,0.82776,2.6417,0.013631,NaN,1.1321,1.4792,NaN,NaN,NaN,3.0397,NaN,NaN,NaN,NaN,NaN,6.0193,NaN,NaN,3.2115,2.6416,1.6247,NaN,1.9371,1.5182,2.9269,NaN,NaN,NaN,NaN,2.6327,NaN,NaN,1.6584,NaN,NaN,NaN,NaN,2.9102,4.7376,NaN,NaN,4.3763,NaN,0.53301,4.4391,5.6953,1.6107,3.2693,4.1518,2.0399,2.4699,NaN,NaN,4.4974,NaN,2.8236,2.0799,1.99,3.4834,NaN,3.355,2.1737,4.662
1.9931,4.4893,4.1946,2.6929,NaN,2.6022,2.0172,2.7889,2.1773,NaN,NaN,3.0294,3.3891,1.4173,1.407,1.8498,2.7688,1.5372,3.4828,NaN,1.0837,1.1095,NaN,NaN,0.89069,2.5835,2.0431,5.7776,3.4165,2.3092,NaN,0.72202,2.707,1.9975,1.0723,1.7316,2.9949,5.1513,1.8623,3.0092,NaN,1.2467,1.7908,NaN,NaN,NaN,1.0235,NaN,NaN,NaN,NaN,NaN,4.6469,NaN,NaN,1.4776,2.3578,2.525,NaN,1.3441,0.19424,0.81774,NaN,NaN,NaN,NaN,2.4098,NaN,NaN,2.0643,NaN,NaN,NaN,NaN,1.9163,1.8288,NaN,NaN,2.6016,NaN,1.8755,1.9746,2.6707,4.3488,0.97321,0.97209,1.7313,1.5334,NaN,NaN,6.1463,NaN,2.1048,1.8599,3.8745,2.7207,NaN,4.5759,1.2201,2.9309
2.4752,1.2814,3.3839,1.863,NaN,1.8482,3.2584,1.7475,1.8566,NaN,NaN,1.8811,3.386,0.78319,1.3559,1.5704,0.57657,1.7382,3.2311,NaN,0.84162,1.2304,NaN,NaN,1.7565,0.54771,1.4484,1.7838,2.3621,1.0839,NaN,1.2682,1.5695,1.5035,0.80844,1.343,0.60722,2.413,3.0021,3.4769,NaN,1.0482,0.9978,NaN,NaN,NaN,2.5716,NaN,NaN,NaN,NaN,NaN,3.5422,NaN,NaN,2.9144,2.7769,2.8219,NaN,1.7266,1.0402,0.55063,NaN,NaN,NaN,NaN,2.5799,NaN,NaN,1.3201,NaN,NaN,NaN,NaN,0.55298,1.8203,NaN,NaN,1.3782,NaN,2.2472,3.0004,1.9568,2.241,1.6829,1.5475,1.8788,2.1901,NaN,NaN,2.3984,NaN,3.5216,1.9133,3.3482,0.73811,NaN,2.3478,0.30998,2.1839
3.3385,1.4653,4.1973,2.7607,NaN,4.5242,3.9678,3.3232,3.1495,NaN,NaN,4.4043,2.8355,3.2853,1.9888,0.37169,1.5542,4.3879,4.6643,NaN,2.4834,2.9662,NaN,NaN,2.3386,4.0595,2.18,1.2183,1.545,4.1322,NaN,2.8451,0.46323,3.4278,4.2145,0.60509,1.1567,3.0143,2.7792,1.3586,NaN,1.0862,2.498,NaN,NaN,NaN,3.9562,NaN,NaN,NaN,NaN,NaN,3.394,NaN,NaN,4.1801,4.7415,5.5576,NaN,2.6911,4.2846,1.7058,NaN,NaN,NaN,NaN,0.86456,NaN,NaN,2.3865,NaN,NaN,NaN,NaN,3.2008,5.0731,NaN,NaN,2.1092,NaN,2.6163,4.5474,4.4201,1.5508,1.8351,1.6078,0.668,5.2479,NaN,NaN,0.52854,NaN,1.9821,3.0446,3.947,1.0117,NaN,2.1865,4.1953,5.2769
3.99,4.6425,2.9955,4.5875,NaN,4.7867,4.1036,1.0228,2.2214,NaN,NaN,4.141,1.7528,3.8235,6.2465,0.7664,4.219,4.3759,4.1112,NaN,3.3866,5.8015,NaN,NaN,1.9185,5.0895,1.7368,1.8134,2.5105,6.5729,NaN,3.7305,2.0343,3.1497,1.2689,2.6992,2.028,4.641,3.4775,2.1907,NaN,1.5173,1.6213,NaN,NaN,NaN,3.2724,NaN,NaN,NaN,NaN,NaN,1.788,NaN,NaN,3.3018,4.4508,1.464,NaN,2.5836,0.5555,4.9985,NaN,NaN,NaN,NaN,2.0975,NaN,NaN,3.1933,NaN,NaN,NaN,NaN,2.125,7.328,NaN,NaN,2.009,NaN,2.649,3.8369,6.0564,2.5171,1.6175,1.6,2.7437,4.479,NaN,NaN,3.7242,NaN,3.0668,1.8407,7.2437,1.3384,NaN,4.7003,1.7308,4.2442
5.3691,4.0682,12.956,4.9632,NaN,1.5896,2.331,12.952,25.693,NaN,NaN,4.2188,1.5496,8.8473,6.7179,1.7819,1.3949,13.962,9.4714,NaN,8.9777,2.4147,NaN,NaN,2.35,5.1427,8.5498,5.3934,10.633,1.3216,NaN,6.7216,8.1137,8.7801,6.9234,10.975,2.6209,6.2379,4.5182,5.6753,NaN,18.484,7.5134,NaN,NaN,NaN,5.3965,NaN,NaN,NaN,NaN,NaN,10.469,NaN,NaN,11.159,0.88728,7.2374,NaN,3.4771,3.6518,6.639,NaN,NaN,NaN,NaN,3.4494,NaN,NaN,6.5106,NaN,NaN,NaN,NaN,8.6103,3.4365,NaN,NaN,4.2751,NaN,5.7605,5.5234,8.3828,7.7473,4.0588,9.3698,9.7182,3.5082,NaN,NaN,4.007,NaN,5.4481,7.2579,8.1471,9.6001,NaN,6.3059,5.0294,6.4327
6.3032,4.8979,5.1388,6.7263,NaN,1.4068,2.4107,3.6922,2.3436,NaN,NaN,4.7285,1.9649,5.3334,4.1274,5.4593,5.2334,9.2599,5.1039,NaN,5.7563,4.4947,NaN,NaN,4.322,9.1299,7.32,8.3,4.2297,2.1669,NaN,2.5617,5.6754,6.445,4.4194,4.0058,2.9484,3.4023,3.4636,1.3731,NaN,1.7848,4.2943,NaN,NaN,NaN,5.1311,NaN,NaN,NaN,NaN,NaN,4.7657,NaN,NaN,6.1631,9.5042,2.5431,NaN,5.9067,7.1043,4.4105,NaN,NaN,NaN,NaN,7.9235,NaN,NaN,1.2088,NaN,NaN,NaN,NaN,7.1754,6.5199,NaN,NaN,4.5198,NaN,3.7018,9.5282,6.0288,2.141,2.8328,5.9904,6.2516,6.4712,NaN,NaN,3.2196,NaN,3.9137,6.6077,1.3612,2.1888,NaN,8.3693,4.1572,1.2448
3.309,3.2125,4.8556,6.0833,NaN,2.4779,1.1941,4.6101,4.7813,NaN,NaN,1.524,2.4317,2.2542,4.09,2.4267,2.3504,7.7868,2.5006,NaN,2.738,1.3954,NaN,NaN,1.7928,4.9467,6.5605,1.0225,3.4217,1.1242,NaN,1.2185,2.5435,1.8612,5.8643,3.7801,3.4817,1.2021,2.6358,3.2258,NaN,1.7328,4.6251,NaN,NaN,NaN,1.1706,NaN,NaN,NaN,NaN,NaN,1.9681,NaN,NaN,2.2742,5.9269,1.7753,NaN,3.007,2.9157,2.8021,NaN,NaN,NaN,NaN,3.9895,NaN,NaN,3.9621,NaN,NaN,NaN,NaN,3.1829,5.1562,NaN,NaN,5.648,NaN,4.3746,8.4695,1.7563,4.8154,3.0068,1.3787,5.9224,1.5054,NaN,NaN,1.2887,NaN,0.76513,2.401,6.9182,2.179,NaN,2.6598,3.9005,1.4429
4.2924,3.2085,3.8557,2.6323,NaN,3.5619,2.7924,6.8838,3.6552,NaN,NaN,2.0674,3.5441,1.9732,1.7695,2.0325,0.89663,5.5444,0.92499,NaN,4.0946,0.39004,NaN,NaN,3.5032,5.9365,4.8922,2.7537,0.4248,1.5964,NaN,0.84299,1.3117,3.7382,5.6541,4.5816,1.2124,1.8145,5.0536,3.7839,NaN,0.71166,0.08258,NaN,NaN,NaN,2.4211,NaN,NaN,NaN,NaN,NaN,1.4633,NaN,NaN,3.1544,2.5226,3.2754,NaN,2.5054,2.3738,1.6799,NaN,NaN,NaN,NaN,1.4672,NaN,NaN,3.5097,NaN,NaN,NaN,NaN,3.9698,0.70884,NaN,NaN,4.1423,NaN,2.4631,3.6787,1.7805,4.4624,2.8821,1.2597,2.2297,4.6123,NaN,NaN,1.8387,NaN,2.1494,1.3492,4.5626,3.2775,NaN,5.1451,5.2998,2.7989
0.92198,0.97521,2.7801,0.82488,NaN,2.2061,2.7318,1.2623,1.3481,NaN,NaN,1.3074,0.88338,0.55444,2.291,2.1408,0.67728,2.6245,1.9894,NaN,2.8554,1.4109,NaN,NaN,1.591,1.3496,0.61939,2.0151,2.3204,0.94372,NaN,5.1493,0.28287,3.0269,0.94704,2.4304,3.4475,1.089,4.3927,2.9621,NaN,3.7246,1.2925,NaN,NaN,NaN,1.0938,NaN,NaN,NaN,NaN,NaN,1.2937,NaN,NaN,2.6636,1.8387,0.23345,NaN,2.8286,0.95987,2.0454,NaN,NaN,NaN,NaN,4.7339,NaN,NaN,0.96065,NaN,NaN,NaN,NaN,1.0859,1.5362,NaN,NaN,1.2202,NaN,4.705,2.7946,2.0797,1.2275,0.82388,1.4785,5.0291,2.8417,NaN,NaN,3.31,NaN,4.1095,1.8638,2.3006,0.24445,NaN,1.4584,0.41062,3.6737
5.4669,2.0998,7.8551,1.609,NaN,3.2712,0.96011,2.7809,8.1633,NaN,NaN,1.9859,5.5159,3.4956,5.5455,5.5026,3.1329,4.7278,3.606,NaN,5.1214,0.18497,NaN,NaN,2.1513,3.4183,3.785,3.4346,4.2075,1.4509,NaN,1.1323,3.1581,2.9127,0.66319,6.796,4.8354,2.7846,1.2239,6.2069,NaN,4.2009,3.3135,NaN,NaN,NaN,1.8363,NaN,NaN,NaN,NaN,NaN,2.498,NaN,NaN,1.8354,2.4867,1.678,NaN,3.3614,1.0447,4.73,NaN,NaN,NaN,NaN,1.6525,NaN,NaN,3.1656,NaN,NaN,NaN,NaN,0.81194,1.5017,NaN,NaN,1.1538,NaN,4.9899,5.2362,3.4583,2.3486,1.8411,1.1263,1.3214,3.8438,NaN,NaN,3.8914,NaN,4.0637,2.6007,3.1509,1.5151,NaN,0.18085,0.48855,5.0083
6.8315,1.6864,6.7261,5.8176,NaN,1.3212,0.76309,0.44216,8.9386,NaN,NaN,1.9873,5.5001,2.6836,3.1126,3.8623,2.1175,0.25226,2.5099,NaN,8.7163,3.7459,NaN,NaN,2.8239,6.036,1.5144,4.256,3.4413,2.8569,NaN,1.7624,3.6436,2.9797,2.8409,9.8788,2.9516,3.4896,2.5089,1.0656,NaN,6.0264,2.2499,NaN,NaN,NaN,5.6832,NaN,NaN,NaN,NaN,NaN,2.6757,NaN,NaN,4.1839,3.1945,4.0472,NaN,1.6845,1.9383,4.0717,NaN,NaN,NaN,NaN,2.3865,NaN,NaN,0.95027,NaN,NaN,NaN,NaN,0.92365,1.7087,NaN,NaN,1.6013,NaN,2.2356,2.2297,4.9051,5.2346,2.5732,2.1382,3.0003,4.2215,NaN,NaN,2.7569,NaN,0.3785,2.2952,4.4065,0.93533,NaN,3.2607,6.8909,3.0097
4.9725,4.0944,3.0956,7.3058,NaN,3.2803,3.8264,2.1408,10.348,NaN,NaN,0.60602,5.5561,2.0637,4.0585,3.9786,3.0385,5.2503,2.7316,NaN,7.619,9.5781,NaN,NaN,3.63,6.0865,2.1043,7.7643,1.8122,1.038,NaN,1.8791,5.7297,1.8021,4.6128,7.6529,4.0922,7.4448,3.5775,1.5173,NaN,7.8505,3.5578,NaN,NaN,NaN,8.9684,NaN,NaN,NaN,NaN,NaN,2.8817,NaN,NaN,2.8707,9.5572,2.937,NaN,1.496,7.0102,3.0575,NaN,NaN,NaN,NaN,4.7268,NaN,NaN,0.81105,NaN,NaN,NaN,NaN,2.364,3.2931,NaN,NaN,1.8572,NaN,2.7282,3.6527,3.8003,6.6112,4.293,7.1889,8.505,4.8246,NaN,NaN,1.6605,NaN,4.2048,4.1928,5.7436,3.7204,NaN,2.2234,10.141,0.94128
2.9225,6.4852,6.7075,6.6355,NaN,3.0983,5.7155,5.7507,9.9355,NaN,NaN,5.0254,4.3895,6.8537,4.6574,6.2783,7.1229,9.9603,8.5108,NaN,5.8468,13.791,NaN,NaN,0.96765,1.2721,2.1584,6.8388,1.9317,3.7032,NaN,2.6526,8.5073,4.4649,3.1274,8.4277,5.1088,12.472,3.4278,2.7257,NaN,8.9946,4.2278,NaN,NaN,NaN,8.1466,NaN,NaN,NaN,NaN,NaN,1.0521,NaN,NaN,0.69057,14.157,1.7392,NaN,2.8279,10.933,4.9567,NaN,NaN,NaN,NaN,6.9948,NaN,NaN,2.9336,NaN,NaN,NaN,NaN,5.3007,4.0745,NaN,NaN,7.4073,NaN,5.7617,2.0134,5.1091,3.7603,5.6276,13.521,10.451,7.1897,NaN,NaN,1.6494,NaN,6.2624,5.1839,7.6403,6.5195,NaN,10.143,8.3592,3.9289
3.1302,6.7937,9.6922,4.494,NaN,3.3042,7.5221,9.3657,12.794,NaN,NaN,8.3987,4.3168,7.6802,3.3921,7.5503,4.718,7.0705,8.8901,NaN,4.2442,12.642,NaN,NaN,2.4041,6.5492,3.969,4.924,5.9145,8.0041,NaN,7.2084,5.3101,4.5423,2.5132,13.57,4.5958,15.979,5.9222,8.4036,NaN,11.87,4.0693,NaN,NaN,NaN,7.3803,NaN,NaN,NaN,NaN,NaN,1.611,NaN,NaN,1.4031,9.7555,2.8574,NaN,4.0838,6.3852,7.0461,NaN,NaN,NaN,NaN,5.9424,NaN,NaN,3.7838,NaN,NaN,NaN,NaN,7.2961,5.6841,NaN,NaN,8.6058,NaN,8.9664,2.9728,9.0289,1.2106,9.0285,16.371,9.194,4.2463,NaN,NaN,3.7034,NaN,6.6498,6.5733,7.9404,1.733,NaN,11.645,7.3152,8.7336
7.3314,12.278,11.14,8.9705,NaN,1.2267,6.6833,10.617,15.997,NaN,NaN,7.7303,6.7348,3.9663,7.1032,9.9466,9.7108,12.856,9.7262,NaN,12.636,18.405,NaN,NaN,6.5632,4.953,7.0291,14.066,13.719,4.8831,NaN,4.4087,12.098,4.0572,2.9799,11.338,8.649,19.391,9.9209,5.5093,NaN,14.093,4.9418,NaN,NaN,NaN,18.219,NaN,NaN,NaN,NaN,NaN,9.0218,NaN,NaN,0.974,12.819,5.3554,NaN,2.7815,12.698,7.6117,NaN,NaN,NaN,NaN,4.7509,NaN,NaN,2.1919,NaN,NaN,NaN,NaN,12.721,9.1415,NaN,NaN,13.768,NaN,12.214,6.9035,4.6623,6.3944,7.4008,16.408,9.2954,4.3258,NaN,NaN,0.81884,NaN,7.9462,6.9635,10.608,8.3798,NaN,13.032,13.115,7.1343
8.2486,6.2407,11.123,8.1944,NaN,3.448,1.5928,9.6059,14.667,NaN,NaN,3.8343,7.133,2.5847,9.4601,13.027,8.2415,8.9085,7.4863,NaN,12.828,9.0407,NaN,NaN,6.5426,7.3119,7.4773,4.5652,11.478,6.1166,NaN,7.3451,9.2963,5.7257,3.3567,9.1077,6.2945,10.538,5.8066,9.8618,NaN,10.429,3.026,NaN,NaN,NaN,12.741,NaN,NaN,NaN,NaN,NaN,10.723,NaN,NaN,2.8807,7.6191,5.3136,NaN,2.3849,6.801,12.824,NaN,NaN,NaN,NaN,4.3169,NaN,NaN,2.8249,NaN,NaN,NaN,NaN,7.8662,5.0931,NaN,NaN,4.8121,NaN,7.6677,8.0546,6.0429,3.3226,5.1715,2.5254,3.5362,8.237,NaN,NaN,2.5675,NaN,5.4208,6.4955,4.9856,1.9293,NaN,7.412,6.2942,2.4328
7.7621,7.6901,1.4875,5.8371,NaN,3.5693,1.5714,3.1186,7.7073,NaN,NaN,7.716,4.9273,6.4434,8.1276,11.147,9.0964,13.932,6.3726,NaN,6.9555,8.7812,NaN,NaN,6.7969,9.8721,8.9305,4.8351,17,5.8975,NaN,5.1365,10.423,7.8667,8.3009,5.7793,6.3412,10.098,7.9524,5.2667,NaN,6.8231,5.0577,NaN,NaN,NaN,9.148,NaN,NaN,NaN,NaN,NaN,9.9194,NaN,NaN,9.1806,6.8999,0.44199,NaN,3.7564,6.3074,13.543,NaN,NaN,NaN,NaN,5.4263,NaN,NaN,2.0553,NaN,NaN,NaN,NaN,9.8628,6.3126,NaN,NaN,3.894,NaN,5.0174,6.5565,4.8743,4.8418,3.8467,4.9519,2.831,5.7508,NaN,NaN,2.4079,NaN,6.583,6.0806,4.6755,6.9954,NaN,10.708,3.8024,8.2872
7.2135,9.1142,35.873,13.313,NaN,2.6086,8.817,38.436,51.231,NaN,NaN,8.994,6.4398,11.015,9.7942,8.4984,7.704,17.013,24.581,NaN,24.243,21.058,NaN,NaN,14.06,6.1078,16.917,5.506,9.1446,11.471,NaN,13.668,11.528,10.331,8.9475,25.314,7.4471,25.154,21.897,20.524,NaN,35.254,18.263,NaN,NaN,NaN,26.799,NaN,NaN,NaN,NaN,NaN,22.426,NaN,NaN,10.356,9.5626,17.871,NaN,4.174,8.6122,14.581,NaN,NaN,NaN,NaN,1.6595,NaN,NaN,15.09,NaN,NaN,NaN,NaN,15.72,15.822,NaN,NaN,15.048,NaN,28.843,15.478,19.425,14.471,13.993,35.221,24.053,9.2348,NaN,NaN,6.7965,NaN,6.8913,16.921,20.447,14.792,NaN,14.949,15.224,2.5422
1.7855,4.9186,17.868,6.418,NaN,2.9676,4.111,16.093,27.661,NaN,NaN,6.7574,2.931,3.8629,9.9032,3.001,10.791,10.226,9.3217,NaN,10.769,9.8504,NaN,NaN,13.965,12.987,12.023,7.8805,10.935,6.1347,NaN,4.9801,8.9595,5.3928,8.9944,11.022,4.8093,6.2058,16.376,5.5832,NaN,14.776,15.957,NaN,NaN,NaN,14.64,NaN,NaN,NaN,NaN,NaN,14.542,NaN,NaN,11.398,5.4639,11.638,NaN,2.4956,4.9094,14.878,NaN,NaN,NaN,NaN,6.2291,NaN,NaN,5.7518,NaN,NaN,NaN,NaN,3.3011,5.0687,NaN,NaN,9.2192,NaN,11.368,6.8557,7.1042,9.1911,3.4132,28.22,14.223,1.7569,NaN,NaN,3.7347,NaN,2.043,10.109,16.313,8.2471,NaN,4.0513,9.1668,6.2932
6.7472,4.9191,5.521,10.092,NaN,6.5649,2.1167,7.3422,15.173,NaN,NaN,4.4032,3.2349,3.0519,12.509,11.407,8.6418,8.4201,9.5818,NaN,3.144,1.728,NaN,NaN,12.001,17.517,4.1483,6.8923,2.6444,4.6528,NaN,10.591,6.4554,2.5933,3.9147,11.292,6.2508,8.4572,6.2728,18.696,NaN,3.7985,5.177,NaN,NaN,NaN,11.027,NaN,NaN,NaN,NaN,NaN,12.535,NaN,NaN,8.9981,3.4002,7.5168,NaN,4.5949,7.4102,14.669,NaN,NaN,NaN,NaN,3.4367,NaN,NaN,11.099,NaN,NaN,NaN,NaN,5.3768,1.9375,NaN,NaN,6.8864,NaN,8.7006,11.232,7.0979,1.523,2.7338,12.186,3.4492,8.1704,NaN,NaN,2.0868,NaN,6.6585,9.2606,3.3776,5.7483,NaN,5.3292,5.0555,3.3213
5.0298,2.9703,6.0969,2.4735,NaN,5.0684,2.3685,5.8052,8.9598,NaN,NaN,1.3369,5.0089,2.4188,5.874,8.695,2.618,6.1686,4.7036,NaN,2.2493,2.1829,NaN,NaN,4.3391,6.4972,5.0743,5.7329,4.5521,2.1488,NaN,1.4502,3.9365,3.8869,0.49795,3.5707,5.2866,4.2415,2.7101,10.407,NaN,4.0757,2.1478,NaN,NaN,NaN,0.66783,NaN,NaN,NaN,NaN,NaN,3.4409,NaN,NaN,0.53204,2.7505,1.1313,NaN,4.3235,0.76371,5.4121,NaN,NaN,NaN,NaN,5.1792,NaN,NaN,3.5225,NaN,NaN,NaN,NaN,1.8985,0.87421,NaN,NaN,1.9354,NaN,6.9709,5.875,1.716,2.1996,3.4331,1.6223,0.58331,3.3861,NaN,NaN,3.8357,NaN,4.5194,2.8921,2.0853,1.4074,NaN,3.7093,3.6142,6.161
3.4165,1.4928,2.4169,0.80084,NaN,3.4252,2.5853,4.3731,4.7878,NaN,NaN,0.7208,1.232,1.2909,2.4627,1.7299,3.2217,3.7304,2.424,NaN,0.35204,0.85924,NaN,NaN,2.4461,0.57725,2.9645,3.455,3.1456,3.1703,NaN,7.4901,0.87585,1.5335,2.3105,1.4977,3.5135,1.102,5.3646,1.0587,NaN,6.1454,1.883,NaN,NaN,NaN,1.8654,NaN,NaN,NaN,NaN,NaN,1.807,NaN,NaN,2.124,1.5189,2.9493,NaN,2.8484,5.1266,3.5167,NaN,NaN,NaN,NaN,6.8525,NaN,NaN,1.936,NaN,NaN,NaN,NaN,1.6935,3.1776,NaN,NaN,1.9006,NaN,8.2131,2.0933,3.3726,3.032,1.9675,1.4429,4.0207,0.79654,NaN,NaN,4.7366,NaN,3.2428,1.8236,2.3032,2.4367,NaN,2.6801,2.1199,3.7883
5.5269,1.334,2.0175,3.4564,NaN,1.8564,1.6784,2.6638,5.0355,NaN,NaN,3.2797,3.3026,4.5065,2.1126,6.1587,2.1201,1.364,3.1135,NaN,2.2854,3.9397,NaN,NaN,3.0555,1.4536,3.5263,1.6659,2.8649,2.8068,NaN,1.7661,1.481,2.6847,1.2244,2.682,0.66647,2.6566,6.196,3.6409,NaN,2.8195,2.1867,NaN,NaN,NaN,4.5394,NaN,NaN,NaN,NaN,NaN,2.426,NaN,NaN,1.0714,2.5351,3.1976,NaN,2.5591,3.9407,2.6519,NaN,NaN,NaN,NaN,3.6896,NaN,NaN,1.1401,NaN,NaN,NaN,NaN,2.2757,2.2865,NaN,NaN,4.0219,NaN,4.0423,3.9038,3.2327,1.4075,0.68078,0.52226,2.5525,4.1995,NaN,NaN,3.7775,NaN,1.6767,2.9284,2.5913,4.494,NaN,0.72737,1.2294,5.194
1.3747,2.4511,5.2734,4.0581,NaN,2.2354,2.083,2.4704,3.7735,NaN,NaN,1.6264,4.9328,4.0697,2.6864,2.6141,2.5235,1.9624,3.0331,NaN,3.889,3.3859,NaN,NaN,1.3724,1.7489,3.5317,3.4365,2.9936,4.5996,NaN,2.0454,2.1171,2.16,2.7666,0.40006,1.1746,3.543,4.4735,2.5796,NaN,5.607,0.96812,NaN,NaN,NaN,1.589,NaN,NaN,NaN,NaN,NaN,2.5117,NaN,NaN,0.23357,1.6108,1.6803,NaN,2.005,5.0883,1.5279,NaN,NaN,NaN,NaN,2.7588,NaN,NaN,0.84748,NaN,NaN,NaN,NaN,1.407,0.63572,NaN,NaN,0.94935,NaN,6.4315,3.2775,0.33269,3.383,2.1216,4.883,2.1391,1.3176,NaN,NaN,5.967,NaN,2.4306,4.3354,2.8482,0.76141,NaN,4.3266,1.8604,5.1232
3.9485,2.1172,4.6992,3.5365,NaN,4.2142,1.5547,1.6932,3.7168,NaN,NaN,3.1248,6.3132,2.4103,1.7028,4.678,4.6594,3.7124,1.7973,NaN,1.509,4.0441,NaN,NaN,2.8399,3.4435,1.1452,7.1854,2.217,3.4033,NaN,5.8958,1.994,5.7438,2.8191,1.6716,2.4654,1.7498,3.8316,5.0059,NaN,3.4608,1.7804,NaN,NaN,NaN,1.9517,NaN,NaN,NaN,NaN,NaN,5.2416,NaN,NaN,2.6109,1.1385,2.2131,NaN,3.0074,2.7536,6.6814,NaN,NaN,NaN,NaN,2.5896,NaN,NaN,4.0625,NaN,NaN,NaN,NaN,1.6471,2.7242,NaN,NaN,3.6298,NaN,5.9701,1.2529,3.8394,5.1535,2.3616,5.0595,5.3947,2.0282,NaN,NaN,0.1873,NaN,1.8453,0.90885,4.142,3.8986,NaN,6.0457,3.1839,1.7436
1.4089,1.7158,6.5368,4.416,NaN,4.6219,2.7239,1.0107,3.8372,NaN,NaN,2.065,4.5416,2.7469,0.88303,1.2809,2.9863,1.1419,0.25915,NaN,1.179,3.6452,NaN,NaN,2.911,3.269,0.55859,2.29,2.9496,3.6167,NaN,1.2427,2.6919,1.091,1.8364,3.3237,2.8286,1.4885,5.042,5.2972,NaN,3.1606,3.5785,NaN,NaN,NaN,2.2685,NaN,NaN,NaN,NaN,NaN,3.364,NaN,NaN,1.2257,2.6876,1.7657,NaN,2.2026,0.69703,2.3121,NaN,NaN,NaN,NaN,3.0024,NaN,NaN,1.6661,NaN,NaN,NaN,NaN,1.414,2.2036,NaN,NaN,0.27297,NaN,3.0635,1.7576,3.2198,1.4133,3.301,2.5286,1.9665,2.1975,NaN,NaN,4.969,NaN,0.56931,1.2021,2.1581,2.949,NaN,3.4844,2.8113,3.5964
2.1714,1.4685,3.3854,3.0652,NaN,1.4828,2.8637,1.0051,3.3449,NaN,NaN,1.0699,1.82,2.2747,2.2168,3.984,2.5892,3.6209,0.92168,NaN,2.273,1.2944,NaN,NaN,3.8177,0.96527,1.6816,2.0203,1.5263,2.5606,NaN,0.39796,0.95962,2.43,1.5761,3.4155,1.9846,3.5367,4.5925,2.22,NaN,1.5331,3.2204,NaN,NaN,NaN,3.5639,NaN,NaN,NaN,NaN,NaN,1.385,NaN,NaN,0.65788,0.99633,1.9581,NaN,0.92989,3.0881,2.8256,NaN,NaN,NaN,NaN,4.1859,NaN,NaN,2.2297,NaN,NaN,NaN,NaN,1.4096,2.3908,NaN,NaN,2.1406,NaN,0.91279,0.75573,1.0795,3.3832,1.3897,1.4754,2.2281,1.273,NaN,NaN,2.9644,NaN,0.09806,0.53222,3.7746,4.7181,NaN,0.64033,4.0386,0.94535
0.97894,1.7796,3.6794,1.6451,NaN,1.3763,0.98384,0.56896,2.8744,NaN,NaN,1.4146,2.1454,3.6404,3.8095,3.0003,1.3106,1.9761,0.39228,NaN,2.3506,1.9668,NaN,NaN,2.3354,1.9585,1.1402,0.13217,0.94937,1.1653,NaN,0.78779,1.6561,1.4367,1.0687,2.1019,0.69108,4.4418,1.2397,1.7668,NaN,1.8362,1.6893,NaN,NaN,NaN,3.2772,NaN,NaN,NaN,NaN,NaN,1.3568,NaN,NaN,1.2903,2.0339,0.99811,NaN,3.2696,1.5383,2.1489,NaN,NaN,NaN,NaN,1.3014,NaN,NaN,0.46394,NaN,NaN,NaN,NaN,2.4278,3.6174,NaN,NaN,2.263,NaN,3.3859,3.1922,1.1651,3.7403,3.3825,1.5361,0.79146,3.5739,NaN,NaN,1.6037,NaN,1.3271,1.1764,2.4621,3.7232,NaN,2.7433,2.9482,3.1668
0.62396,3.0843,3.8409,2.1262,NaN,3.3422,4.2778,0.93408,2.3876,NaN,NaN,1.3729,1.2197,3.2402,4.1162,1.6321,1.5912,2.2698,2.0758,NaN,0.49843,1.4556,NaN,NaN,3.3524,3.0931,1.0893,1.7291,2.6019,1.1799,NaN,3.3913,0.46166,1.9869,2.4124,1.5883,2.2556,2.9592,2.4259,5.9276,NaN,1.1271,2.3836,NaN,NaN,NaN,4.2832,NaN,NaN,NaN,NaN,NaN,1.6733,NaN,NaN,1.7874,1.7199,0.76362,NaN,2.1944,2.0334,0.43974,NaN,NaN,NaN,NaN,0.84157,NaN,NaN,2.9057,NaN,NaN,NaN,NaN,2.6033,2.6418,NaN,NaN,2.0474,NaN,3.5312,2.2684,2.9164,4.3353,4.9014,2.1576,1.7972,4.6149,NaN,NaN,6.9813,NaN,3.2149,2.7832,1.1338,3.7199,NaN,1.4741,4.4345,1.7904
3.9893,3.1323,4.2466,1.8066,NaN,7.7514,4.5104,0.3823,5.3078,NaN,NaN,3.2413,4.291,1.9174,1.2714,1.8839,0.98368,3.6438,3.9369,NaN,2.3934,3.896,NaN,NaN,5.4346,4.26,4.1605,2.092,2.9602,1.2679,NaN,4.8625,1.8456,1.1488,1.838,4.604,4.7725,2.0732,3.9013,9.131,NaN,0.60064,2.4631,NaN,NaN,NaN,1.9349,NaN,NaN,NaN,NaN,NaN,5.9623,NaN,NaN,2.7685,5.0996,3.9136,NaN,1.5894,2.8266,3.0063,NaN,NaN,NaN,NaN,1.1484,NaN,NaN,2.0712,NaN,NaN,NaN,NaN,2.8139,0.8582,NaN,NaN,0.94544,NaN,0.97141,1.9068,5.4915,2.5367,5.6805,3.9951,1.4963,2.7236,NaN,NaN,13.53,NaN,4.6016,3.3238,2.8858,4.626,NaN,3.1482,3.294,3.9284
2.6358,1.9547,3.8002,2.7638,NaN,7.1442,2.7705,2.0497,2.1866,NaN,NaN,3.7681,4.9809,0.87692,3.3925,3.6368,3.3318,6.8287,3.6656,NaN,2.8212,3.5799,NaN,NaN,3.5918,4.2437,5.0059,7.7523,1.814,4.2595,NaN,1.1158,1.0069,2.8371,1.1446,2.991,5.9061,4.9365,4.6213,3.6692,NaN,0.53005,3.4789,NaN,NaN,NaN,3.751,NaN,NaN,NaN,NaN,NaN,5.2318,NaN,NaN,5.8154,3.2744,2.0119,NaN,2.8378,2.1589,3.3121,NaN,NaN,NaN,NaN,1.904,NaN,NaN,2.4459,NaN,NaN,NaN,NaN,0.97246,2.0327,NaN,NaN,1.8452,NaN,2.9025,2.3113,2.307,1.6185,4.1832,2.7641,3.8647,1.1329,NaN,NaN,9.247,NaN,3.6161,3.9977,1.7266,5.0335,NaN,3.4765,1.1418,4.3085
1.5236,2.3128,1.6422,2.7437,NaN,4.0104,2.2211,4.4501,3.7339,NaN,NaN,2.5321,3.554,1.4335,1.5378,1.5012,3.012,6.4956,3.1425,NaN,2.3673,2.8947,NaN,NaN,3.2874,2.8983,3.5488,8.7162,1.1727,3.6511,NaN,4.309,3.6309,6.4592,1.6045,1.6678,5.367,5.2444,5.2975,5.597,NaN,1.8899,3.6533,NaN,NaN,NaN,2.9822,NaN,NaN,NaN,NaN,NaN,2.7507,NaN,NaN,4.3403,6.1325,5.0827,NaN,0.84179,2.0385,3.5634,NaN,NaN,NaN,NaN,0.58604,NaN,NaN,5.5663,NaN,NaN,NaN,NaN,3.1578,3.6194,NaN,NaN,2.7944,NaN,1.4713,1.2181,4.2838,3.0096,1.7963,0.5627,8.1445,1.7797,NaN,NaN,2.3626,NaN,1.1611,4.8683,0.33458,4.448,NaN,2.4335,2.7065,3.779
7.1468,1.65,6.8508,2.5302,NaN,0.86061,4.6451,3.4946,1.2031,NaN,NaN,1.5976,2.5943,2.3672,1.6951,7.2003,2.8087,4.0158,2.5319,NaN,2.3781,2.4717,NaN,NaN,1.5408,3.381,3.3963,5.4038,3.5644,1.2974,NaN,1.9145,5.8785,2.3291,1.7922,1.8141,5.4854,4.9215,0.87018,2.1923,NaN,2.8833,5.3083,NaN,NaN,NaN,2.9736,NaN,NaN,NaN,NaN,NaN,1.259,NaN,NaN,2.6282,7.2196,4.0844,NaN,2.1607,2.3485,3.6403,NaN,NaN,NaN,NaN,0.91883,NaN,NaN,1.8228,NaN,NaN,NaN,NaN,2.8536,2.16,NaN,NaN,1.0299,NaN,4.5977,1.2431,5.4257,0.82713,8.5163,4.9042,7.699,4.0729,NaN,NaN,1.8142,NaN,1.5343,5.8096,5.4679,1.4969,NaN,6.9313,1.2838,3.8588
4.223,3.9865,0.87248,2.6465,NaN,3.8281,2.3981,0.90212,4.8775,NaN,NaN,4.4208,0.90206,2.195,4.8699,5.6853,3.8715,2.9521,5.1509,NaN,1.6835,1.8557,NaN,NaN,4.4897,3.4397,5.9324,5.2039,2.9177,1.6958,NaN,3.9851,3.2481,0.86273,1.6161,1.5744,2.3444,3.907,2.0316,5.7156,NaN,1.6506,3.0849,NaN,NaN,NaN,2.4718,NaN,NaN,NaN,NaN,NaN,6.2867,NaN,NaN,3.5319,5.0594,2.7784,NaN,3.6872,3.789,2.5846,NaN,NaN,NaN,NaN,1.2086,NaN,NaN,2.3646,NaN,NaN,NaN,NaN,2.8746,1.3929,NaN,NaN,3.2612,NaN,3.2511,1.2934,2.3887,0.99106,6.4536,1.4655,5.1182,3.3212,NaN,NaN,2.8315,NaN,2.5286,1.8804,4.6621,1.3714,NaN,3.9076,1.3939,3.7251
3.1304,3.229,3.4111,1.0047,NaN,5.2004,1.7757,1.3396,6.7538,NaN,NaN,3.5317,0.40181,2.1383,2.3614,0.8583,1.6438,2.0927,4.144,NaN,1.9224,1.7238,NaN,NaN,4.166,0.96469,2.8564,1.984,2.167,1.6394,NaN,3.9444,2.4391,2.5339,1.4644,1.5771,3.1094,1.001,1.5986,7.4626,NaN,0.75576,1.5643,NaN,NaN,NaN,1.6993,NaN,NaN,NaN,NaN,NaN,4.6419,NaN,NaN,0.66124,4.5376,4.3129,NaN,1.326,2.7781,1.8496,NaN,NaN,NaN,NaN,0.79682,NaN,NaN,2.6796,NaN,NaN,NaN,NaN,1.8103,0.99032,NaN,NaN,2.508,NaN,1.4183,0.89692,3.8276,3.2059,2.5798,3.9566,2.4305,1.7509,NaN,NaN,6.8318,NaN,1.4116,1.2208,1.6599,2.0776,NaN,1.5237,1.1667,1.1222
1.1221,1.2405,4.2177,2.0575,NaN,2.0304,3.2638,1.9992,3.3184,NaN,NaN,1.0503,1.063,2.7757,2.6636,1.1388,0.37506,0.6719,2.0038,NaN,1.365,4.2672,NaN,NaN,2.9032,1.1808,0.91928,0.7394,1.8941,2.3239,NaN,2.3213,2.1686,3.0127,2.9868,2.1385,2.4685,0.85343,1.6052,3.5867,NaN,1.3344,2.3488,NaN,NaN,NaN,2.8417,NaN,NaN,NaN,NaN,NaN,1.3931,NaN,NaN,3.1113,1.611,1.2696,NaN,1.5326,1.6707,1.305,NaN,NaN,NaN,NaN,0.12414,NaN,NaN,3.0164,NaN,NaN,NaN,NaN,2.2063,0.90677,NaN,NaN,3.3663,NaN,2.3658,0.67068,1.6893,2.4152,2.6014,2.3229,2.8607,0.76832,NaN,NaN,4.5455,NaN,1.4812,1.5163,0.49987,3.2546,NaN,2.8403,1.3844,1.8305
2.3653,3.3829,5.9904,3.3281,NaN,2.0058,1.3575,3.9103,2.346,NaN,NaN,1.1208,3.5171,3.7912,3.3788,1.1568,2.8284,0.52759,2.9773,NaN,3.1739,4.0768,NaN,NaN,2.147,0.47694,0.72036,2.3911,3.3908,2.1588,NaN,1.2588,4.9138,2.7179,1.1051,2.2457,0.51422,4.0656,2.9162,4.2742,NaN,0.91044,1.1007,NaN,NaN,NaN,2.1444,NaN,NaN,NaN,NaN,NaN,3.1689,NaN,NaN,3.2437,3.543,1.1656,NaN,1.8633,2.7312,1.9754,NaN,NaN,NaN,NaN,0.33933,NaN,NaN,1.3894,NaN,NaN,NaN,NaN,3.0795,1.3334,NaN,NaN,1.5206,NaN,2.4124,1.7896,0.96646,4.1707,3.1355,0.46452,1.5572,1.0851,NaN,NaN,2.658,NaN,2.2815,0.63299,2.5704,4.2864,NaN,3.1982,1.3046,4.4084
4.5993,2.2205,4.8088,2.7226,NaN,0.69784,1.436,6.3318,6.5756,NaN,NaN,1.6131,2.3369,2.3481,1.22,0.72078,2.7012,1.6483,2.8921,NaN,2.9456,3.2415,NaN,NaN,2.6839,1.4147,2.4086,2.5849,3.1406,2.4795,NaN,1.1664,4.2057,3.4879,2.0658,0.64536,1.4425,1.9697,4.5564,3.1926,NaN,3.3751,2.5263,NaN,NaN,NaN,0.77732,NaN,NaN,NaN,NaN,NaN,3.7466,NaN,NaN,5.0713,3.2633,0.31046,NaN,1.2765,3.4489,1.1838,NaN,NaN,NaN,NaN,3.7895,NaN,NaN,2.3661,NaN,NaN,NaN,NaN,2.575,2.4774,NaN,NaN,2.5528,NaN,4.1295,2.6759,2.1395,3.2832,0.19113,0.24654,1.0606,2.1116,NaN,NaN,1.5608,NaN,3.0149,1.432,2.8994,0.92511,NaN,1.909,1.3111,1.3819
0.98445,2.1803,2.7909,0.86713,NaN,0.37841,4.4154,3.6361,5.4209,NaN,NaN,0.4949,1.2799,2.4681,2.0598,3.3833,2.8307,0.52136,2.2203,NaN,1.7232,1.5591,NaN,NaN,1.2341,0.59081,2.5842,1.1764,1.9721,4.5123,NaN,1.7582,1.6068,3.0062,1.9116,0.18546,1.6282,0.61946,2.6316,1.5385,NaN,1.6137,3.239,NaN,NaN,NaN,0.66392,NaN,NaN,NaN,NaN,NaN,3.2999,NaN,NaN,2.7722,1.8222,1.0695,NaN,1.6498,2.2132,1.9826,NaN,NaN,NaN,NaN,0.26187,NaN,NaN,3.1271,NaN,NaN,NaN,NaN,1.5328,1.102,NaN,NaN,2.1411,NaN,3.2974,2.222,1.2654,1.5997,1.5746,2.326,3.1155,4.0467,NaN,NaN,2.0419,NaN,1.8898,1.5232,2.137,0.32582,NaN,4.5963,0.019112,1.5902
4.9069,4.9497,2.3995,0.41294,NaN,2.4861,4.5562,2.2472,2.1614,NaN,NaN,6.1884,3.5205,2.9025,4.926,3.2652,2.5041,4.6161,0.95769,NaN,2.1688,1.0615,NaN,NaN,1.39,3.2352,2.237,1.0231,0.71363,4.9008,NaN,2.8951,4.7168,2.0232,1.1768,0.98588,1.9624,3.0227,2.1896,3.8674,NaN,1.3136,1.8946,NaN,NaN,NaN,2.5841,NaN,NaN,NaN,NaN,NaN,0.37705,NaN,NaN,2.9783,4.0256,1.3062,NaN,1.6645,3.4057,1.3972,NaN,NaN,NaN,NaN,3.4171,NaN,NaN,4.7321,NaN,NaN,NaN,NaN,1.209,2.6964,NaN,NaN,3.0771,NaN,0.57549,1.7285,1.3264,1.9528,2.7506,1.5536,2.0252,5.9451,NaN,NaN,2.3408,NaN,4.7082,1.5301,2.6988,2.5068,NaN,4.1118,3.8807,2.7793
4.9545,7.0769,2.623,2.8548,NaN,3.1763,4.6898,2.0594,5.6043,NaN,NaN,5.6824,1.8369,3.6658,4.4935,0.63902,5.7551,5.5262,3.063,NaN,4.1083,1.58,NaN,NaN,3.021,6.5656,5.9117,2.3279,3.9968,1.7723,NaN,6.5527,1.1171,0.95613,2.5111,3.0036,1.1034,4.0194,3.3789,5.0703,NaN,2.0886,3.7619,NaN,NaN,NaN,2.694,NaN,NaN,NaN,NaN,NaN,4.3174,NaN,NaN,4.7956,4.1739,1.9361,NaN,0.7121,3.8933,3.1115,NaN,NaN,NaN,NaN,4.0693,NaN,NaN,4.6334,NaN,NaN,NaN,NaN,3.3287,1.7949,NaN,NaN,2.5758,NaN,4.4977,5.1047,3.2364,0.62921,6.5386,4.5302,3.7195,4.2071,NaN,NaN,2.7676,NaN,3.7801,3.743,3.294,3.8708,NaN,1.7257,5.0965,2.3476
5.5852,11.874,33.642,11.797,NaN,5.462,12.733,35.3,38.177,NaN,NaN,6.4881,5.6935,4.2582,11.196,12.513,7.2727,10.761,19.448,NaN,21.419,19.862,NaN,NaN,14.969,4.1415,11.688,7.8046,9.1399,10.912,NaN,10.696,13.877,2.7954,2.4661,17.854,3.7136,23.116,22.492,20.827,NaN,25.597,12.543,NaN,NaN,NaN,27.583,NaN,NaN,NaN,NaN,NaN,15.893,NaN,NaN,1.153,8.9253,18.359,NaN,4.3847,8.2052,13.564,NaN,NaN,NaN,NaN,1.2657,NaN,NaN,11.477,NaN,NaN,NaN,NaN,16.873,13.849,NaN,NaN,9.6594,NaN,25.138,12.192,17.999,13.341,9.2017,29.443,19.437,11.24,NaN,NaN,4.7433,NaN,7.9222,12.332,18.368,10.1,NaN,17.127,11.532,7.6528
1.0843,1.1745,5.7782,4.8165,NaN,3.3176,4.9144,7.1594,4.3437,NaN,NaN,7.116,3.3157,5.7499,7.9671,6.0316,4.1052,5.1919,2.2875,NaN,1.9001,4.7534,NaN,NaN,6.8454,5.7589,3.9425,6.2137,7.6098,6.1002,NaN,4.747,4.2069,1.5025,5.5788,3.4697,8.3651,4.123,4.9585,5.3024,NaN,5.6159,3.3794,NaN,NaN,NaN,2.0632,NaN,NaN,NaN,NaN,NaN,8.6739,NaN,NaN,2.0046,5.0708,1.4428,NaN,1.8256,7.6562,3.4924,NaN,NaN,NaN,NaN,5.003,NaN,NaN,1.5123,NaN,NaN,NaN,NaN,7.8099,2.5761,NaN,NaN,2.4154,NaN,7.8557,7.3171,3.5048,2.6199,4.0331,8.0904,5.4746,1.4757,NaN,NaN,3.4745,NaN,1.2422,7.0346,1.8733,2.9806,NaN,4.2824,3.662,4.3293
5.5906,7.0745,2.1033,1.7166,NaN,2.1035,5.8955,2.6482,6.0069,NaN,NaN,2.0596,1.04,1.0152,5.4256,2.9874,5.5472,6.9967,3.2467,NaN,2.5672,2.5587,NaN,NaN,1.5167,10.538,2.1904,4.181,5.6053,1.8301,NaN,4.7299,3.2053,2.5355,1.9849,2.2696,3.595,4.5749,4.0161,2.9882,NaN,3.1165,0.8342,NaN,NaN,NaN,4.3312,NaN,NaN,NaN,NaN,NaN,3.1369,NaN,NaN,4.3015,1.5883,0.55477,NaN,1.2528,4.6089,0.56881,NaN,NaN,NaN,NaN,4.0905,NaN,NaN,4.7915,NaN,NaN,NaN,NaN,4.7874,5.0815,NaN,NaN,1.1728,NaN,1.8412,7.0917,2.6241,2.3051,3.6325,3.1429,2.2379,3.2395,NaN,NaN,0.53838,NaN,4.4442,7.5435,2.558,4.1593,NaN,5.7126,10.294,2.8982
7.6375,5.6333,2.6548,3.0367,NaN,2.391,3.3893,1.6828,4.5431,NaN,NaN,5.689,2.4574,1.5773,5.1672,5.6146,3.9967,4.8311,1.5944,NaN,3.8821,2.9486,NaN,NaN,2.5183,9.1338,1.0281,1.7988,2.4443,4.0684,NaN,5.649,5.1583,1.63,3.8356,1.8021,1.2783,4.9656,1.2006,0.57106,NaN,2.9781,2.4759,NaN,NaN,NaN,2.2888,NaN,NaN,NaN,NaN,NaN,2.969,NaN,NaN,4.6249,2.8587,2.3778,NaN,0.64443,0.81832,2.3925,NaN,NaN,NaN,NaN,6.5126,NaN,NaN,7.4392,NaN,NaN,NaN,NaN,1.6452,5.1183,NaN,NaN,3.9845,NaN,0.48544,3.4514,2.1185,1.1422,4.9565,1.023,2.3395,5.3651,NaN,NaN,1.242,NaN,5.1194,1.7035,3.993,1.488,NaN,7.1542,7.855,5.1198
0.94173,2.129,1.3181,2.4381,NaN,2.1138,1.6723,1.4306,4.0477,NaN,NaN,1.4663,1.643,1.4053,2.443,6.0538,3.2237,2.146,0.29306,NaN,1.6704,2.5212,NaN,NaN,2.1827,3.7105,1.8382,1.7666,2.4053,5.5202,NaN,7.0581,1.9696,1.0337,2.362,2.2457,3.0069,1.6421,3.4145,2.0748,NaN,3.1563,3.081,NaN,NaN,NaN,2.0018,NaN,NaN,NaN,NaN,NaN,3.0124,NaN,NaN,2.1215,1.8197,3.7548,NaN,1.7651,4.8391,1.9276,NaN,NaN,NaN,NaN,6.575,NaN,NaN,4.572,NaN,NaN,NaN,NaN,0.35665,0.57546,NaN,NaN,2.4471,NaN,3.6083,0.95042,2.4122,2.7231,2.6474,0.37174,2.3837,2.1599,NaN,NaN,3.27,NaN,2.2546,2.5466,3.6414,1.2082,NaN,2.7084,2.4272,2.0468
2.2279,1.8474,4.0011,0.77457,NaN,4.3217,1.5437,4.1531,8.2067,NaN,NaN,0.46976,1.955,0.78278,2.9164,10.103,0.34861,4.0309,4.7565,NaN,4.079,2.5843,NaN,NaN,2.6821,4.5453,3.4723,2.8409,6.0773,2.4149,NaN,2.035,4.3905,2.013,3.2653,7.0481,2.6327,5.3729,4.82,10.354,NaN,4.8077,2.6344,NaN,NaN,NaN,3.4286,NaN,NaN,NaN,NaN,NaN,1.371,NaN,NaN,1.8148,2.4582,1.402,NaN,2.7341,1.78,3.7873,NaN,NaN,NaN,NaN,8.2636,NaN,NaN,6.8838,NaN,NaN,NaN,NaN,2.1135,3.0944,NaN,NaN,2.0623,NaN,4.0957,3.7562,3.5485,1.9756,4.7646,2.2242,2.4344,2.3542,NaN,NaN,1.2508,NaN,0.18939,2.8939,2.1885,2.2597,NaN,4.0769,2.9857,4.7933
1.7513,6.5679,3.77,4.6222,NaN,3.7131,1.2568,5.9855,7.0101,NaN,NaN,2.6597,3.3811,1.0716,2.4059,7.8632,5.17,4.4426,5.1083,NaN,9.082,4.3142,NaN,NaN,0.6499,8.8872,5.1741,3.8933,7.3935,1.1385,NaN,3.5823,3.3129,1.1415,8.054,9.8562,4.4809,8.8598,4.3458,5.6134,NaN,8.3207,4.6123,NaN,NaN,NaN,8.1614,NaN,NaN,NaN,NaN,NaN,5.4389,NaN,NaN,5.7859,1.0208,5.2599,NaN,1.2526,3.3336,0.95338,NaN,NaN,NaN,NaN,7.8722,NaN,NaN,9.9517,NaN,NaN,NaN,NaN,5.454,6.4164,NaN,NaN,1.4526,NaN,5.3617,3.9942,6.6322,2.6889,6.2006,3.9192,4.7674,1.1055,NaN,NaN,3.0341,NaN,4.2373,5.2998,3.2759,3.8666,NaN,8.6876,5.9259,7.4078
1.3846,8.047,7.2074,6.721,NaN,4.5939,6.1977,11.175,6.8282,NaN,NaN,3.3207,3.5035,2.7177,6.067,5.4051,7.9175,5.4824,5.0313,NaN,9.7681,6.8947,NaN,NaN,3.8506,12.855,7.9771,2.8389,8.2175,6.2228,NaN,5.465,5.5195,3.1146,8.1183,8.9265,10.246,12.374,1.9467,2.4688,NaN,13.431,7.6895,NaN,NaN,NaN,10.504,NaN,NaN,NaN,NaN,NaN,11.637,NaN,NaN,8.9975,3.4259,9.0977,NaN,0.96608,6.0045,3.8226,NaN,NaN,NaN,NaN,2.7124,NaN,NaN,9.1522,NaN,NaN,NaN,NaN,8.4741,7.2894,NaN,NaN,7.5243,NaN,11.36,7.0691,6.8636,3.7869,7.7189,9.7877,8.0413,3.1094,NaN,NaN,6.4377,NaN,6.9924,10.599,3.6287,6.7278,NaN,9.6063,10.739,7.8929
4.6165,6.6572,12.732,6.657,NaN,7.8521,10.524,15.26,11.407,NaN,NaN,9.2434,1.4646,5.2638,10.215,6.1353,7.0067,4.2891,3.5642,NaN,7.274,9.6819,NaN,NaN,8.8242,7.0269,11.334,1.1497,7.0081,9.7967,NaN,4.4147,8.1763,6.4443,2.6453,9.0936,13.78,13.897,1.0664,4.4205,NaN,18.168,9.5261,NaN,NaN,NaN,9.8109,NaN,NaN,NaN,NaN,NaN,15.636,NaN,NaN,10.52,6.8592,9.5962,NaN,0.55541,5.432,4.4247,NaN,NaN,NaN,NaN,4.9289,NaN,NaN,6.8669,NaN,NaN,NaN,NaN,10.467,6.0737,NaN,NaN,11.279,NaN,17.466,8.8111,6.3786,2.076,10.607,16.678,11.099,3.372,NaN,NaN,8.2771,NaN,7.723,12.851,3.1299,7.3586,NaN,8.0991,9.2246,4.9855
3.1918,4.9896,14.911,3.2318,NaN,5.6658,6.0035,15.709,14.825,NaN,NaN,11.016,4.1538,6.3962,10.021,5.3079,3.1422,3.741,5.141,NaN,6.6453,7.987,NaN,NaN,8.1072,2.8408,11.496,4.8074,1.6306,8.2469,NaN,5.8873,7.9037,10.522,4.6551,10.023,6.8355,9.401,4.9819,1.2746,NaN,16.702,6.6129,NaN,NaN,NaN,6.4946,NaN,NaN,NaN,NaN,NaN,12.95,NaN,NaN,6.6778,8.2842,5.8818,NaN,1.3031,1.8208,3.3211,NaN,NaN,NaN,NaN,5.451,NaN,NaN,5.8464,NaN,NaN,NaN,NaN,8.2774,4.9061,NaN,NaN,14.136,NaN,13.76,6.0657,2.6255,4.5975,10.404,16.189,11.194,1.5894,NaN,NaN,6.9948,NaN,7.6893,7.2546,4.4078,8.2415,NaN,3.0417,6.9596,2.5683
8.2624,12.214,6.1093,9.0039,NaN,8.2884,12.43,15.377,14.339,NaN,NaN,7.3346,2.6358,3.7923,13.47,11.073,7.7155,6.4541,6.4317,NaN,10.317,8.4103,NaN,NaN,7.8467,10.305,14.004,8.9786,5.254,9.9336,NaN,8.0915,11.73,10.778,8.9665,13.347,13.6,17.443,1.6591,4.3247,NaN,21.909,10.548,NaN,NaN,NaN,13.254,NaN,NaN,NaN,NaN,NaN,12.345,NaN,NaN,13.401,3.9522,18.37,NaN,6.072,5.9943,5.4464,NaN,NaN,NaN,NaN,3.2138,NaN,NaN,15.114,NaN,NaN,NaN,NaN,11.217,9.6544,NaN,NaN,17.065,NaN,18.069,6.3264,8.549,5.3971,11.27,10.804,8.4934,5.7718,NaN,NaN,11.036,NaN,10.174,11.645,5.5915,9.4355,NaN,11.519,10.597,6.2892
6.4567,6.3052,3.4975,11.167,NaN,5.0765,6.0337,10.122,16.624,NaN,NaN,2.8968,3.9718,4.9273,10.656,7.0361,6.726,6.7066,9.863,NaN,9.3249,3.6445,NaN,NaN,4.5825,10.026,5.9243,6.3512,4.8328,5.2204,NaN,8.1071,3.576,5.4798,6.2164,17.846,7.244,13.96,1.163,9.3938,NaN,9.0542,8.7746,NaN,NaN,NaN,14.711,NaN,NaN,NaN,NaN,NaN,4.2969,NaN,NaN,7.1682,2.817,15.262,NaN,3.3177,3.4628,5.2146,NaN,NaN,NaN,NaN,0.89478,NaN,NaN,17.043,NaN,NaN,NaN,NaN,10.369,7.5761,NaN,NaN,5.7093,NaN,11.214,8.3583,7.911,3.4874,5.2645,7.0614,3.5348,2.5533,NaN,NaN,6.0743,NaN,5.0217,9.8538,2.2244,9.3674,NaN,7.8149,4.681,4.2676
5.0061,9.7515,14.853,7.6764,NaN,5.2876,6.4133,13.566,18.456,NaN,NaN,6.9984,5.8577,3.9181,13.438,8.5261,9.2008,5.0474,2.701,NaN,8.6081,7.6491,NaN,NaN,11.247,8.6991,8.254,12.767,4.1567,0.49553,NaN,3.111,11.493,5.4347,4.2243,11.21,6.2556,8.1158,10.873,4.2759,NaN,8.3283,9.9634,NaN,NaN,NaN,16.212,NaN,NaN,NaN,NaN,NaN,4.4593,NaN,NaN,6.1953,6.708,18.174,NaN,5.5341,1.1621,8.3388,NaN,NaN,NaN,NaN,5.0871,NaN,NaN,13.457,NaN,NaN,NaN,NaN,9.3173,4.8443,NaN,NaN,7.6597,NaN,1.5095,5.2964,4.153,8.5227,1.8782,15.83,7.5748,4.2151,NaN,NaN,6.0807,NaN,4.5726,4.4251,11.796,8.145,NaN,6.5667,8.1137,7.309
