17.296,5.4291,6.0048,4.0106,NaN,6.9103,10.937,9.6861,6.1506,NaN,NaN,4.8486,3.2005,12.714,0.80691,8.7985,1.7721,26.691,0.96271,NaN,6.7539,8.5067,NaN,NaN,5.5908,7.1961,2.5209,30.911,4.9861,3.5251,NaN,4.9974,9.1899,4.5018,4.1123,6.0696,5.1636,2.7889,9.5695,6.4413,NaN,5.3634,5.984,NaN,NaN,NaN,31.455,NaN,NaN,NaN,NaN,NaN,4.0724,NaN,NaN,4.9315,9.1359,6.8063,NaN,5.1928,1.7457,15.727,NaN,NaN,NaN,NaN,7.9157,NaN,NaN,2.6897,NaN,NaN,NaN,NaN,7.3882,3.2844,NaN,NaN,7.3611,NaN,9.5865,9.3645,7.166,8.5563,3.2871,5.8152,6.119,10.93,NaN,NaN,6.7579,NaN,3.0287,15.698,4.3694,8.8268,NaN,6.4791,4.6569,9.2716
11.584,6.5794,3.526,5.5258,NaN,3.3597,16.893,4.7671,9.1099,NaN,NaN,8.8092,1.3502,17.9,16.43,7.9382,1.3143,5.9731,8.9488,NaN,10.265,17.258,NaN,NaN,5.533,7.8001,15.224,6.1011,25.165,3.0444,NaN,4.2623,17.3,6.4477,4.1682,5.7934,14.218,4.0031,9.88,4.3536,NaN,8.4434,1.9894,NaN,NaN,NaN,16.437,NaN,NaN,NaN,NaN,NaN,1.0143,NaN,NaN,2.372,20.411,3.8389,NaN,11.493,11.762,8.0322,NaN,NaN,NaN,NaN,6.3982,NaN,NaN,2.7269,NaN,NaN,NaN,NaN,0.87176,13.431,NaN,NaN,14.53,NaN,10.036,4.5785,6.612,7.6717,7.257,6.3356,15.987,5.4054,NaN,NaN,8.877,NaN,4.8693,4.0384,10.26,2.2801,NaN,3.3642,4.5208,1.5419
9.2566,4.1769,3.467,12.069,NaN,14.867,8.314,3.3349,3.8467,NaN,NaN,8.4183,8.7853,21.135,16.097,4.3642,11.195,13.419,9.9485,NaN,5.3542,10.707,NaN,NaN,5.2661,4.7601,4.9326,13.687,6.0675,8.84,NaN,6.484,3.6639,6.0339,4.6618,4.6133,4.3198,4.8137,7.2516,2.1585,NaN,7.7568,20.773,NaN,NaN,NaN,9.6413,NaN,NaN,NaN,NaN,NaN,4.5374,NaN,NaN,2.8319,12.122,5.5756,NaN,5.9942,7.7865,0.83002,NaN,NaN,NaN,NaN,7.1711,NaN,NaN,4.6161,NaN,NaN,NaN,NaN,6.6775,0.97983,NaN,NaN,16.98,NaN,5.7848,2.0832,14.675,13.561,4.1796,3.2021,11.612,2.9181,NaN,NaN,6.1091,NaN,4.1949,0.3936,13.17,6.4501,NaN,6.2037,5.3503,7.7303
0.66177,12.949,9.0859,11.656,NaN,21.403,3.6223,3.2178,6.3904,NaN,NaN,5.3834,7.7036,3.9663,5.4544,7.8041,14.554,9.1612,4.1624,NaN,0.95555,5.7761,NaN,NaN,4.8208,3.477,9.9059,11.982,13.582,3.2758,NaN,13.999,6.1129,3.3185,4.7478,7.0239,2.8281,9.7355,8.0676,4.6186,NaN,1.8816,12.378,NaN,NaN,NaN,1.9758,NaN,NaN,NaN,NaN,NaN,11.319,NaN,NaN,2.0371,8.2112,7.5339,NaN,3.1649,1.9959,0.63378,NaN,NaN,NaN,NaN,11.758,NaN,NaN,5.5604,NaN,NaN,NaN,NaN,10.453,3.6415,NaN,NaN,12.74,NaN,2.513,6.7964,2.601,12.902,6.6361,3.3562,3.1539,3.243,NaN,NaN,11.221,NaN,4.5024,1.16,14.204,10.536,NaN,7.3128,3.6869,17.787
4.4019,5.8333,16.645,6.8676,NaN,9.9476,2.4307,2.696,3.0776,NaN,NaN,5.9988,8.7307,4.4169,6.1868,0.75836,16.082,15.873,6.5177,NaN,5.6843,5.6031,NaN,NaN,4.6891,3.2214,15.332,6.0074,13.613,5.8848,NaN,9.037,0.57577,7.4663,1.1035,8.5975,2.9371,4.7848,8.3291,0.76482,NaN,7.7359,8.6495,NaN,NaN,NaN,3.5526,NaN,NaN,NaN,NaN,NaN,11.438,NaN,NaN,1.4632,14.641,6.1867,NaN,3.9076,3.2087,4.7058,NaN,NaN,NaN,NaN,8.0921,NaN,NaN,1.5321,NaN,NaN,NaN,NaN,8.1023,0.96633,NaN,NaN,14.688,NaN,5.1941,3.219,5.0059,6.6198,15.835,7.69,0.73081,3.6724,NaN,NaN,9.1437,NaN,4.8761,1.2532,25.587,5.0423,NaN,4.7167,4.2382,8.1538
5.7912,8.5374,11.969,4.7392,NaN,5.0218,2.5088,0.83116,1.8441,NaN,NaN,2.8035,6.8148,6.1326,9.7287,13.426,8.942,12.12,8.5153,NaN,10.913,3.5552,NaN,NaN,5.2265,5.6559,14.733,14.842,8.2482,11.817,NaN,6.0426,4.3501,10.257,6.3934,17.359,3.3713,4.4202,7.014,0.25202,NaN,10.907,8.5358,NaN,NaN,NaN,5.3284,NaN,NaN,NaN,NaN,NaN,16.837,NaN,NaN,1.6959,3.6516,2.0558,NaN,4.9736,5.6143,7.1315,NaN,NaN,NaN,NaN,10.647,NaN,NaN,6.7123,NaN,NaN,NaN,NaN,7.169,2.7051,NaN,NaN,4.9318,NaN,7.7862,6.2955,2.8503,5.571,8.0916,8.6115,5.8159,5.1959,NaN,NaN,4.2262,NaN,3.3362,5.495,13.477,2.5998,NaN,3.5404,4.3749,10.676
15.128,7.5307,5.5727,4.1775,NaN,1.4794,3.785,3.107,7.5378,NaN,NaN,8.967,2.498,4.3357,3.6154,7.3399,6.6971,11.495,3.4814,NaN,6.2887,4.3667,NaN,NaN,1.5982,4.7998,6.9432,8.2763,6.4546,14.56,NaN,1.8622,3.3684,3.2962,5.7004,5.9714,14.853,14.204,19.555,2.7061,NaN,7.1897,6.8723,NaN,NaN,NaN,31.011,NaN,NaN,NaN,NaN,NaN,7.3569,NaN,NaN,2.185,5.8459,3.0823,NaN,5.4605,14.197,6.1145,NaN,NaN,NaN,NaN,9.973,NaN,NaN,7.0961,NaN,NaN,NaN,NaN,5.7062,10.505,NaN,NaN,6.467,NaN,5.8833,5.0258,9.8336,4.9464,4.4181,10.932,21.351,12.276,NaN,NaN,5.7043,NaN,10.847,10.276,12.413,12.2,NaN,5.3964,2.9221,7.4904
9.3914,17.566,5.5727,6.34,NaN,5.7474,8.2889,4.6111,7.4126,NaN,NaN,8.1647,3.0274,13.715,3.7958,7.1849,0.79309,14.908,7.4043,NaN,9.7994,2.8465,NaN,NaN,11.906,5.1416,10.508,6.2287,5.9526,9.0759,NaN,4.3679,6.6545,2.027,10.897,7.1094,9.5199,5.2081,10.787,2.4109,NaN,2.3366,2.945,NaN,NaN,NaN,5.815,NaN,NaN,NaN,NaN,NaN,4.7539,NaN,NaN,3.272,8.4336,3.5068,NaN,2.8711,2.3026,8.3607,NaN,NaN,NaN,NaN,15.545,NaN,NaN,4.405,NaN,NaN,NaN,NaN,14.426,16.302,NaN,NaN,3.9919,NaN,1.7779,2.0184,9.1326,4.8625,1.6325,1.7787,10.21,4.0481,NaN,NaN,9.7581,NaN,7.0004,8.5347,5.8551,13.467,NaN,1.6199,6.1224,5.5816
7.9212,76.663,5.1082,6.352,NaN,7.1439,16.631,4.214,8.3373,NaN,NaN,22.855,7.768,13.849,7.2987,6.9184,3.1351,4.0774,18.812,NaN,3.7605,4.5472,NaN,NaN,9.4112,13.364,7.613,21.659,7.5684,18.759,NaN,9.5067,2.9366,5.7607,11.162,13.669,3.6612,6.2842,2.2996,2.9887,NaN,4.8346,16.042,NaN,NaN,NaN,4.3537,NaN,NaN,NaN,NaN,NaN,7.9393,NaN,NaN,2.0306,12.14,4.3998,NaN,4.0464,1.3781,4.9877,NaN,NaN,NaN,NaN,6.3283,NaN,NaN,2.5703,NaN,NaN,NaN,NaN,6.9815,11.873,NaN,NaN,4.2608,NaN,2.4749,28.181,12.826,3.0073,5.6656,4.2649,6.9103,3.1394,NaN,NaN,7.468,NaN,2.0958,2.8409,1.8347,13.834,NaN,1.9672,2.6577,15.828
7.4578,12.751,13.627,1.7729,NaN,4.0261,2.7994,3.4808,3.0532,NaN,NaN,42.752,8.2974,3.9781,3.8061,4.4076,8.1865,12.04,3.2355,NaN,4.2417,6.2625,NaN,NaN,2.2543,11.275,2.3457,5.6003,7.8585,2.8399,NaN,2.9292,4.1017,7.39,4.9814,7.3327,9.9058,2.9666,6.5464,0.025871,NaN,2.8197,2.6419,NaN,NaN,NaN,6.4446,NaN,NaN,NaN,NaN,NaN,13.022,NaN,NaN,3.6711,17.303,5.4252,NaN,4.3461,4.7208,4.2272,NaN,NaN,NaN,NaN,7.8747,NaN,NaN,5.7659,NaN,NaN,NaN,NaN,21.491,8.2413,NaN,NaN,18.63,NaN,2.3527,31.906,10.618,8.295,12.784,6.9752,2.8654,3.6098,NaN,NaN,13.377,NaN,3.1075,5.1883,4.7463,8.6349,NaN,4.9641,7.4733,33.696
4.8784,14.025,48.907,10.662,NaN,5.3743,20.417,5.1851,6.3172,NaN,NaN,7.7329,10.693,4.2974,3.3952,3.7264,11.171,7.7673,5.5458,NaN,2.5097,4.1019,NaN,NaN,2.2428,6.3669,6.0352,13.194,10.756,4.3863,NaN,1.7346,6.7575,4.2865,3.0269,3.1712,6.6397,9.0116,6.0608,6.4959,NaN,7.1393,4.1641,NaN,NaN,NaN,4.0089,NaN,NaN,NaN,NaN,NaN,8.9458,NaN,NaN,2.8326,9.7614,7.0633,NaN,2.7944,0.30869,3.4589,NaN,NaN,NaN,NaN,11.041,NaN,NaN,12.672,NaN,NaN,NaN,NaN,16.942,3.1445,NaN,NaN,6.9049,NaN,4.6807,5.1038,8.3041,12.493,4.7816,1.5969,6.294,1.9585,NaN,NaN,13.506,NaN,6.573,4.7735,15.882,7.3798,NaN,12.286,3.1714,7.1359
4.492,4.5904,14.926,10.107,NaN,6.5271,10.227,7.3787,4.1412,NaN,NaN,6.5032,4.8128,1.6445,5.945,4.196,2.2507,5.1841,7.0511,NaN,4.0807,3.7562,NaN,NaN,7.1141,1.8695,2.9246,14.83,6.2414,4.6878,NaN,4.4201,6.1321,7.8644,2.4194,3.3423,1.479,4.0887,7.9748,6.2533,NaN,2.1079,3.5101,NaN,NaN,NaN,6.3025,NaN,NaN,NaN,NaN,NaN,7.7243,NaN,NaN,10.407,29.761,9.2982,NaN,4.5115,4.1093,5.3381,NaN,NaN,NaN,NaN,21.393,NaN,NaN,5.4677,NaN,NaN,NaN,NaN,1.3429,2.5981,NaN,NaN,2.7797,NaN,7.7245,16.283,4.2686,7.3431,9.8801,6.3276,7.8437,8.4188,NaN,NaN,5.2518,NaN,11.213,5.7118,7.6226,1.5326,NaN,9.3598,0.68818,5.8865
4.749,2.1878,12.071,9.3269,NaN,20.262,5.2381,5.4584,4.7565,NaN,NaN,9.4607,2.3087,3.0581,2.9267,0.3818,4.0185,5.5273,6.2317,NaN,6.5935,4.6717,NaN,NaN,3.7455,4.7147,3.4444,1.8371,2.6054,7.9781,NaN,5.7838,0.66596,3.0047,8.435,2.2686,1.5799,3.7932,4.2215,1.4438,NaN,1.0306,4.7666,NaN,NaN,NaN,4.0817,NaN,NaN,NaN,NaN,NaN,4.8297,NaN,NaN,5.9254,16.807,10.924,NaN,3.2522,8.964,3.2695,NaN,NaN,NaN,NaN,3.465,NaN,NaN,3.6734,NaN,NaN,NaN,NaN,8.7713,3.8785,NaN,NaN,3.2542,NaN,6.2447,8.749,6.7974,11.021,3.515,2.7312,0.7032,11.296,NaN,NaN,1.0827,NaN,5.1329,3.4919,11.737,1.0274,NaN,3.5734,5.2231,9.2287
6.8973,10.547,11.514,22.463,NaN,7.654,4.4204,1.3576,5.187,NaN,NaN,11.055,2.4323,4.3102,10.093,0.77634,12.047,4.4587,6.689,NaN,3.7343,4.6736,NaN,NaN,4.6669,6.4887,3.1529,2.8725,8.0571,42.763,NaN,8.8605,3.1556,2.7156,3.8107,27.509,2.7661,9.7763,6.6461,2.9096,NaN,2.0757,3.4491,NaN,NaN,NaN,3.4345,NaN,NaN,NaN,NaN,NaN,3.0535,NaN,NaN,6.7232,20.916,2.648,NaN,4.6773,0.94292,10.898,NaN,NaN,NaN,NaN,4.978,NaN,NaN,6.6303,NaN,NaN,NaN,NaN,7.359,6.4723,NaN,NaN,6.6958,NaN,8.1293,7.8422,8.8702,9.5393,3.2037,2.9943,3.4307,5.5968,NaN,NaN,6.6419,NaN,14.791,3.0489,21.786,1.8572,NaN,8.6224,2.8918,6.557
7.0684,8.6245,15.538,5.2894,NaN,4.74,10.483,16.066,25.136,NaN,NaN,7.7351,3.9584,15.521,7.892,2.3033,1.8015,19.148,7.5212,NaN,26.374,3.494,NaN,NaN,4.5522,7.0707,16.405,5.4919,10.981,5.4064,NaN,6.0239,8.0329,43.568,20.934,14.071,4.8013,6.8677,7.7044,8.7394,NaN,26.077,12.789,NaN,NaN,NaN,8.7689,NaN,NaN,NaN,NaN,NaN,38.878,NaN,NaN,18.263,0.87807,8.8298,NaN,3.6513,17.331,15.373,NaN,NaN,NaN,NaN,7.0324,NaN,NaN,8.6702,NaN,NaN,NaN,NaN,21.196,4.5573,NaN,NaN,6.6037,NaN,9.3569,12.035,9.4514,22.578,5.519,14.116,8.2579,4.7649,NaN,NaN,7.2545,NaN,29.721,20.219,7.9489,16.748,NaN,16.384,17.649,7.285
10.364,5.4486,18.295,8.7237,NaN,1.989,5.2964,6.2513,5.378,NaN,NaN,4.5101,4.2059,8.6028,8.243,9.7608,7.0534,13.691,9.3491,NaN,10.099,5.9992,NaN,NaN,10.244,18.504,8.5151,8.8568,4.8757,8.6321,NaN,3.5565,6.9436,12.524,25.32,7.7399,6.5709,4.7574,7.6416,1.408,NaN,4.3317,7.489,NaN,NaN,NaN,5.8838,NaN,NaN,NaN,NaN,NaN,6.4227,NaN,NaN,7.4684,22.062,5.864,NaN,20.157,25.311,13.957,NaN,NaN,NaN,NaN,32.357,NaN,NaN,3.5979,NaN,NaN,NaN,NaN,12.933,11.427,NaN,NaN,5.7379,NaN,5.0625,23.684,6.7581,8.7017,13.374,10.874,9.0148,4.4911,NaN,NaN,4.348,NaN,6.6862,15.551,2.3475,3.6124,NaN,38.95,7.1723,4.2853
3.8221,5.0146,10.984,14.729,NaN,3.7106,1.5317,6.3923,10.364,NaN,NaN,2.0326,2.6452,4.3573,5.2623,3.18,9.0046,10.846,4.5069,NaN,5.1185,2.0673,NaN,NaN,9.6455,5.6744,17.326,1.254,9.45,1.9249,NaN,5.6352,4.6545,1.7314,19.243,10.415,4.1527,1.6966,10.102,8.0595,NaN,2.3176,17.138,NaN,NaN,NaN,3.0127,NaN,NaN,NaN,NaN,NaN,2.4479,NaN,NaN,6.0112,20.138,3.6224,NaN,7.2141,4.8933,15.542,NaN,NaN,NaN,NaN,20.055,NaN,NaN,7.7051,NaN,NaN,NaN,NaN,12.216,4.3703,NaN,NaN,9.8695,NaN,7.4916,25.551,4.2416,32.147,7.1638,3.0335,21.167,1.7659,NaN,NaN,2.1301,NaN,1.329,4.986,24.153,3.1015,NaN,4.6052,5.7805,2.7248
6.7687,3.6634,6.2273,11.395,NaN,7.461,3.7132,12.824,8.0582,NaN,NaN,4.9194,2.8906,2.1592,1.9102,1.9711,1.6919,6.3329,1.4169,NaN,6.0469,0.60847,NaN,NaN,7.1029,5.4367,9.9471,5.2079,0.9832,2.8737,NaN,3.3413,1.8483,2.704,11.992,13.765,1.5473,2.4241,8.2135,4.2695,NaN,0.82569,0.22047,NaN,NaN,NaN,2.7499,NaN,NaN,NaN,NaN,NaN,1.9464,NaN,NaN,6.5258,19.84,5.2204,NaN,3.2897,3.3787,6.3421,NaN,NaN,NaN,NaN,6.1669,NaN,NaN,6.7394,NaN,NaN,NaN,NaN,10.113,0.61676,NaN,NaN,6.4341,NaN,5.4713,7.5559,5.0119,20.137,6.1185,2.9437,3.7279,3.9011,NaN,NaN,3.4052,NaN,5.3854,1.725,14.517,3.5091,NaN,5.7897,6.7606,4.7936
2.7654,1.9419,7.5589,7.3032,NaN,11.532,7.7468,2.0195,11.523,NaN,NaN,7.4179,1.8903,1.2238,3.4184,4.131,1.384,5.7566,10.308,NaN,10.451,5.3214,NaN,NaN,10.031,3.2127,1.2143,7.0101,10.41,3.9384,NaN,19.514,1.227,5.9716,6.3115,10.3,8.8074,2.4282,8.5493,10.356,NaN,9.8471,8.9567,NaN,NaN,NaN,3.0201,NaN,NaN,NaN,NaN,NaN,2.3559,NaN,NaN,7.3443,17.143,0.55624,NaN,5.8189,5.1664,11.909,NaN,NaN,NaN,NaN,38.894,NaN,NaN,2.3641,NaN,NaN,NaN,NaN,3.5069,2.83,NaN,NaN,2.265,NaN,11.077,14.352,7.4287,9.7966,4.4761,2.7745,12.89,3.2935,NaN,NaN,9.9266,NaN,13.657,6.864,5.5433,0.69224,NaN,4.2763,1.5239,13.76
8.4984,2.4654,10.639,6.2095,NaN,6.8235,1.7154,3.1349,18.14,NaN,NaN,4.3548,19.136,5.1337,6.0162,13.827,5.1159,10.911,4.6962,NaN,25.216,0.38686,NaN,NaN,6.6988,22.85,9.7279,9.2086,14.712,3.1272,NaN,13.895,7.2966,3.8472,2.955,9.5455,14.888,4.1726,3.0907,10.671,NaN,8.7057,50.181,NaN,NaN,NaN,6.8253,NaN,NaN,NaN,NaN,NaN,5.4273,NaN,NaN,13.636,8.3182,3.7665,NaN,7.8692,2.7981,6.4696,NaN,NaN,NaN,NaN,2.6311,NaN,NaN,6.2234,NaN,NaN,NaN,NaN,1.6685,1.9275,NaN,NaN,1.7372,NaN,7.7014,22.642,5.6754,7.3418,3.436,1.0483,6.4922,4.4129,NaN,NaN,7.1449,NaN,19.509,3.9224,9.6496,6.5937,NaN,0.64704,2.1991,11.079
10.912,1.7937,10.09,18.66,NaN,7.0771,1.2865,0.72594,21.473,NaN,NaN,9.9971,7.8503,3.4848,4.2983,5.0739,3.48,0.37677,4.3025,NaN,31.926,11.208,NaN,NaN,4.9047,9.9808,8.3872,14.931,8.3534,6.2447,NaN,5.0221,6.2149,2.8706,20.376,11.215,6.622,4.568,5.4977,1.907,NaN,25.451,11.03,NaN,NaN,NaN,13.218,NaN,NaN,NaN,NaN,NaN,4.855,NaN,NaN,14.826,10.921,6.5327,NaN,2.5137,3.7176,7.2219,NaN,NaN,NaN,NaN,4.328,NaN,NaN,2.0573,NaN,NaN,NaN,NaN,1.7504,1.6926,NaN,NaN,2.4482,NaN,5.2287,5.186,10.652,13.139,4.0151,3.6289,9.0092,4.9429,NaN,NaN,5.02,NaN,1.0683,2.6523,14.707,2.263,NaN,12,15.601,6.7794
12.909,5.1842,4.1113,23.067,NaN,5.535,6.8419,4.5862,47.5,NaN,NaN,0.78862,7.87,3.2661,5.8276,6.3232,5.3141,7.4127,4.8482,NaN,16.439,16.502,NaN,NaN,5.6668,9.6359,4.3221,11.15,4.4331,1.6053,NaN,3.1656,12.528,1.8416,13.55,8.6967,5.848,8.7286,8.5661,2.4299,NaN,19.542,6.6121,NaN,NaN,NaN,13.021,NaN,NaN,NaN,NaN,NaN,3.5017,NaN,NaN,5.6491,13.924,4.1141,NaN,3.316,12.362,6.656,NaN,NaN,NaN,NaN,9.9658,NaN,NaN,1.6055,NaN,NaN,NaN,NaN,9.9721,3.6606,NaN,NaN,3.2054,NaN,6.2614,8.1752,6.7857,15.83,6.8241,9.4944,32.144,8.4899,NaN,NaN,3.977,NaN,6.1872,4.8657,23.941,9.0692,NaN,5.3384,15.286,1.4183
11.053,7.215,14.905,15.551,NaN,5.4146,28.606,10.758,24.156,NaN,NaN,4.5801,4.7091,10.268,6.0831,32.053,15.129,19.595,9.6159,NaN,5.3081,21.736,NaN,NaN,2.0971,2.8132,2.7359,6.3523,3.332,13.012,NaN,5.8297,19.433,7.1359,7.6525,12.283,8.1933,16.743,8.9228,2.5337,NaN,12.108,6.4102,NaN,NaN,NaN,7.9939,NaN,NaN,NaN,NaN,NaN,1.3134,NaN,NaN,0.96753,16.106,2.3098,NaN,7.5687,22.133,6.5446,NaN,NaN,NaN,NaN,8.688,NaN,NaN,5.9709,NaN,NaN,NaN,NaN,12.7,5.3211,NaN,NaN,13.739,NaN,7.9702,3.8003,4.5974,9.8128,7.594,14.641,16.172,5.4689,NaN,NaN,1.3748,NaN,9.6262,6.247,11.289,13.278,NaN,14.285,12.138,4.8583
7.1909,10.336,33.225,11.362,NaN,5.507,18.332,13.882,21.563,NaN,NaN,17.882,4.5457,11.349,4.0228,8.9825,11.733,11.451,10.429,NaN,3.6752,21.477,NaN,NaN,13.829,10.573,5.2013,7.7449,10.563,16.121,NaN,9.9644,7.1279,11.458,12.083,20.523,13.651,27.165,10.085,7.5139,NaN,19.355,7.9847,NaN,NaN,NaN,9.9157,NaN,NaN,NaN,NaN,NaN,3.2712,NaN,NaN,4.2772,9.9847,4.1041,NaN,6.0314,15.537,10.105,NaN,NaN,NaN,NaN,12.952,NaN,NaN,7.3517,NaN,NaN,NaN,NaN,20.391,7.1276,NaN,NaN,23.63,NaN,11.851,6.0838,11.741,1.8217,10.283,20.876,14.204,2.6169,NaN,NaN,2.3856,NaN,11.272,11.845,12.564,2.3864,NaN,14.353,17.137,9.7145
13.79,15.633,14.027,14.554,NaN,2.7639,16.677,38.323,46.25,NaN,NaN,13.535,10.349,4.1107,5.6811,14.166,17.05,15.162,10.722,NaN,11.503,18.932,NaN,NaN,7.3744,24.744,9.3892,10.977,13.318,7.1098,NaN,3.9642,15.903,9.2683,5.7958,11.382,8.4869,24.403,19.043,6.0828,NaN,19.931,6.5181,NaN,NaN,NaN,17.22,NaN,NaN,NaN,NaN,NaN,14.103,NaN,NaN,1.901,10.198,6.4891,NaN,4.4718,29.948,4.8105,NaN,NaN,NaN,NaN,4.4085,NaN,NaN,3.254,NaN,NaN,NaN,NaN,27.286,12.35,NaN,NaN,21.566,NaN,11.906,14.382,5.5744,9.9168,6.4051,13.963,17.816,3.0162,NaN,NaN,0.88301,NaN,11.658,8.5452,14.292,17.05,NaN,11.202,21.067,6.7871
10.946,8.1238,8.3377,13.842,NaN,5.7283,4.2387,15.197,35.843,NaN,NaN,7.2933,10.153,3.3644,8.6472,11.079,15.35,16.322,25.87,NaN,26.269,11.885,NaN,NaN,11.714,12.774,14.58,5.6852,22.173,8.4398,NaN,13.458,10.696,8.1498,3.9942,9.9186,4.9715,11.07,28.543,10.614,NaN,19.96,10.509,NaN,NaN,NaN,24.18,NaN,NaN,NaN,NaN,NaN,9.8776,NaN,NaN,7.6877,15.125,13.057,NaN,3.2529,7.1128,8.7263,NaN,NaN,NaN,NaN,4.751,NaN,NaN,3.9321,NaN,NaN,NaN,NaN,14.301,4.3422,NaN,NaN,5.0117,NaN,9.3134,27.374,6.6769,5.1862,4.8329,2.24,10.596,6.1019,NaN,NaN,3.6158,NaN,9.4427,5.7467,4.3941,15.819,NaN,8.3517,29.004,5.6255
14.323,11.959,1.5148,9.443,NaN,6.5386,8.6832,3.9073,14.671,NaN,NaN,14.174,6.9478,10.918,7.4075,7.6527,12.934,13.401,5.3326,NaN,20.331,10.674,NaN,NaN,9.9861,9.7754,13.835,6.2575,16.334,8.359,NaN,9.3584,11.335,12.731,8.7558,8.6397,5.0694,9.6533,39.521,7.433,NaN,20.956,10.762,NaN,NaN,NaN,19.439,NaN,NaN,NaN,NaN,NaN,10.672,NaN,NaN,12.344,7.6581,1.6404,NaN,3.8923,8.8557,10.86,NaN,NaN,NaN,NaN,6.5671,NaN,NaN,6.2634,NaN,NaN,NaN,NaN,18.892,5.8509,NaN,NaN,3.9998,NaN,8.5744,13.576,5.1735,6.0551,3.9309,6.1688,5.6851,4.7719,NaN,NaN,5.457,NaN,11.643,8.7897,3.695,43.721,NaN,10.819,24.432,21.153
22.581,37.224,32.089,14.344,NaN,4.7868,22.112,30.727,27.087,NaN,NaN,11.802,11.685,9.0663,13.979,8.512,7.365,26.944,30.999,NaN,20.113,18.696,NaN,NaN,70.69,9.7208,38.283,9.3335,22.881,29.107,NaN,16.675,19.404,15.71,13.853,19.257,9.8567,13.609,19.665,20.01,NaN,27.62,32.717,NaN,NaN,NaN,19.654,NaN,NaN,NaN,NaN,NaN,46.142,NaN,NaN,22.527,6.865,20.646,NaN,4.273,22.907,12.45,NaN,NaN,NaN,NaN,2.5046,NaN,NaN,14.853,NaN,NaN,NaN,NaN,32.706,12.429,NaN,NaN,10.577,NaN,15.759,19.637,14.98,31.282,15.218,20.677,14.835,15.378,NaN,NaN,14.523,NaN,14.456,20.402,29.693,14.036,NaN,14.377,18.258,2.1852
2.3765,19.452,20.923,7.797,NaN,2.3903,11.122,10.032,17.931,NaN,NaN,5.749,2.7097,3.6205,15.566,1.5293,10.415,8.1687,9.5396,NaN,16.067,12.237,NaN,NaN,20.175,8.7102,17.953,7.4321,15.213,9.7967,NaN,8.1786,12.757,6.1769,13.7,23.817,3.9475,4.1407,35.666,6.6003,NaN,17.976,49.653,NaN,NaN,NaN,15.827,NaN,NaN,NaN,NaN,NaN,17.249,NaN,NaN,9.3172,6.1519,10.514,NaN,2.2471,6.0099,14.721,NaN,NaN,NaN,NaN,3.9096,NaN,NaN,23.29,NaN,NaN,NaN,NaN,6.337,3.0843,NaN,NaN,4.2619,NaN,10.973,6.3934,5.2141,34.842,3.3512,24.064,14.137,1.435,NaN,NaN,5.8422,NaN,3.8812,8.9055,8.8197,12.077,NaN,5.9275,15.946,7.4759
4.8402,11.834,3.2935,17.21,NaN,3.9232,4.1063,5.0979,21.534,NaN,NaN,3.9412,3.369,3.2974,9.6661,7.1733,9.7519,13.934,16.328,NaN,5.0559,1.0916,NaN,NaN,13.488,11.839,4.133,4.0055,9.7245,5.2827,NaN,17.374,5.9106,3.0979,4.0069,12.788,3.887,12.926,9.6784,17.537,NaN,2.8193,9.5383,NaN,NaN,NaN,21.267,NaN,NaN,NaN,NaN,NaN,8.2376,NaN,NaN,9.8563,7.0571,6.3078,NaN,7.2022,5.0267,9.9893,NaN,NaN,NaN,NaN,1.8282,NaN,NaN,11.555,NaN,NaN,NaN,NaN,15.898,1.0667,NaN,NaN,3.3986,NaN,6.576,16.894,6.7292,2.1346,2.7976,6.0596,4.5903,5.4368,NaN,NaN,1.9276,NaN,14.672,5.3423,1.7085,14.559,NaN,7.6474,28.739,3.557
7.8577,4.9814,7.4975,17.842,NaN,6.2984,4.5539,5.8006,25.994,NaN,NaN,3.3547,14.548,3.7603,6.7826,12.134,5.2181,22.623,4.9643,NaN,6.58,2.6908,NaN,NaN,12.263,10.422,8.8993,9.103,14.942,4.0822,NaN,5.6072,9.9987,7.4273,1.6867,4.5809,12.343,7.4404,3.8206,19.177,NaN,6.4092,5.0922,NaN,NaN,NaN,3.3326,NaN,NaN,NaN,NaN,NaN,12.362,NaN,NaN,5.195,5.479,2.902,NaN,12.402,1.695,7.1849,NaN,NaN,NaN,NaN,9.5786,NaN,NaN,11.064,NaN,NaN,NaN,NaN,7.3665,1.7398,NaN,NaN,2.3204,NaN,7.2329,18.658,2.9237,5.3501,7.5118,1.433,4.5381,7.8293,NaN,NaN,7.8474,NaN,12.887,6.6831,4.7972,5.9556,NaN,8.0724,17.715,11.837
5.9984,5.0299,5.2925,4.7632,NaN,15.456,6.9915,6.4857,47.169,NaN,NaN,1.4028,1.984,3.8723,4.4185,2.3321,8.1607,10.276,4.4522,NaN,1.3113,5.618,NaN,NaN,8.8062,0.76254,6.2194,11.787,12.29,7.8101,NaN,11.86,3.052,5.0891,13.041,8.6802,8.7422,4.6481,8.0057,1.8976,NaN,25.152,3.9983,NaN,NaN,NaN,6.4686,NaN,NaN,NaN,NaN,NaN,2.4957,NaN,NaN,9.1996,10.558,8.3046,NaN,7.0143,8.1179,10.144,NaN,NaN,NaN,NaN,14.452,NaN,NaN,2.7368,NaN,NaN,NaN,NaN,3.1476,6.0207,NaN,NaN,5.324,NaN,8.4412,5.0129,10.128,17.588,23.294,2.2463,8.9652,1.7238,NaN,NaN,15.281,NaN,8.7937,5.1649,5.4595,5.7699,NaN,8.462,7.4129,13.586
13.19,2.737,5.2055,22.568,NaN,2.5517,2.8675,7.4917,14.094,NaN,NaN,6.7898,8.1553,13.752,7.7069,13.93,3.8785,3.0968,7.5532,NaN,3.5577,7.2319,NaN,NaN,10.171,4.9224,5.0061,7.5164,8.6386,4.4563,NaN,7.6855,5.5943,11.044,4.3423,11.956,1.6641,3.5238,21.23,8.3721,NaN,4.3932,4.9395,NaN,NaN,NaN,21.304,NaN,NaN,NaN,NaN,NaN,7.6824,NaN,NaN,3.9377,15.724,5.9551,NaN,4.9849,6.3424,5.6277,NaN,NaN,NaN,NaN,6.7417,NaN,NaN,2.1186,NaN,NaN,NaN,NaN,4.8556,5.3996,NaN,NaN,13.647,NaN,13.227,12.854,14.923,2.6158,2.0214,1.0805,4.4458,6.3539,NaN,NaN,10.516,NaN,1.9169,11.297,7.0039,10.321,NaN,2.3801,2.8397,15.332
10.082,7.1245,15.331,11.653,NaN,4.0079,5.4146,5.4058,6.8341,NaN,NaN,4.7686,11.486,13.128,3.7691,9.589,3.1487,6.3971,5.4467,NaN,7.2875,15.983,NaN,NaN,2.8218,3.7081,5.3794,14.278,7.8756,10.463,NaN,4.2693,4.4585,6.1789,6.9361,5.2531,2.1171,6.7582,11.729,6.1791,NaN,10.804,3.0208,NaN,NaN,NaN,6.2612,NaN,NaN,NaN,NaN,NaN,3.2148,NaN,NaN,0.7062,8.3196,6.8394,NaN,23.501,10.264,3.5438,NaN,NaN,NaN,NaN,4.9031,NaN,NaN,1.7294,NaN,NaN,NaN,NaN,2.2964,1.2915,NaN,NaN,2.3437,NaN,17.176,13.012,0.85642,11.303,6.734,16.959,13.147,1.669,NaN,NaN,8.8267,NaN,2.727,9.2089,12.486,1.6287,NaN,8.532,2.8593,13.581
17.34,3.7305,30.551,7.7269,NaN,12.354,3.3168,3.7439,6.4181,NaN,NaN,16.523,15.314,5.1075,3.7621,15.05,13.701,8.116,3.9481,NaN,4.7379,11.245,NaN,NaN,6.3564,6.9871,2.8483,17.422,6.9807,9.4708,NaN,14.944,2.8629,15.247,4.502,14.374,4.1553,3.4268,7.6417,10.427,NaN,8.2728,5.2682,NaN,NaN,NaN,3.0474,NaN,NaN,NaN,NaN,NaN,5.1497,NaN,NaN,6.4192,4.8788,11.306,NaN,7.6719,11.109,11.429,NaN,NaN,NaN,NaN,4.8645,NaN,NaN,6.4662,NaN,NaN,NaN,NaN,4.1693,3.5217,NaN,NaN,6.3235,NaN,9.7415,3.1925,5.806,18.203,4.793,12.196,9.4953,2.6707,NaN,NaN,0.24502,NaN,2.9977,1.4951,6.5086,16.841,NaN,19.794,4.6301,3.1372
3.7605,9.194,21.523,14.393,NaN,7.671,5.8481,2.7367,6.4297,NaN,NaN,9.277,12.45,7.6785,1.3439,2.9604,9.526,5.8181,0.59817,NaN,2.1242,18.598,NaN,NaN,6.6175,9.464,0.97747,11.148,6.113,14.11,NaN,2.6887,4.4159,4.0446,6.4431,7.1628,7.8634,4.3836,13.378,11.476,NaN,5.7004,11.282,NaN,NaN,NaN,4.8757,NaN,NaN,NaN,NaN,NaN,4.678,NaN,NaN,5.7739,10.796,3.495,NaN,9.7216,1.7686,3.8458,NaN,NaN,NaN,NaN,4.773,NaN,NaN,3.6209,NaN,NaN,NaN,NaN,5.2384,8.5581,NaN,NaN,1.0374,NaN,24.189,3.0848,6.5625,7.5758,8.6799,6.4309,4.2165,2.7487,NaN,NaN,6.4829,NaN,0.97785,3.1532,7.4532,4.8825,NaN,14.121,4.2711,12.135
4.2073,15.653,10.652,12.485,NaN,2.416,5.8558,2.4587,14.068,NaN,NaN,4.0777,5.9172,14.81,7.1122,15.814,8.7263,7.5368,2.7641,NaN,5.7554,4.418,NaN,NaN,7.473,2.4786,2.8043,9.5636,6.6441,5.8881,NaN,1.4351,2.6937,4.9929,5.1586,18.468,5.993,6.4791,14.455,8.3595,NaN,6.1421,13.221,NaN,NaN,NaN,11.38,NaN,NaN,NaN,NaN,NaN,5.2395,NaN,NaN,3.3349,5.4094,6.8519,NaN,3.7341,13.331,8.6641,NaN,NaN,NaN,NaN,43.783,NaN,NaN,5.7881,NaN,NaN,NaN,NaN,4.8947,9.5182,NaN,NaN,11.336,NaN,4.0722,2.2582,3.8561,8.1626,3.2779,4.167,4.7545,2.0472,NaN,NaN,5.4421,NaN,0.16548,2.5304,14.602,14.552,NaN,1.2632,10.838,3.4807
1.9359,4.899,14.292,5.0239,NaN,6.8661,2.5965,1.3767,8.1501,NaN,NaN,4.6139,17.947,11.24,9.9593,10.969,5.6557,9.2937,1.0433,NaN,7.9027,6.3721,NaN,NaN,11.864,5.1567,4.803,0.8507,3.4353,2.7223,NaN,2.1907,4.078,3.0511,4.3669,7.5819,1.5973,10.518,3.9729,7.8001,NaN,7.929,7.5596,NaN,NaN,NaN,22.214,NaN,NaN,NaN,NaN,NaN,2.619,NaN,NaN,4.9583,6.1047,2.3892,NaN,11.641,3.9541,4.4045,NaN,NaN,NaN,NaN,5.6001,NaN,NaN,2.1382,NaN,NaN,NaN,NaN,17.51,6.2502,NaN,NaN,6.8949,NaN,8.3365,7.5837,2.8409,16.241,12.105,2.5805,1.7648,12.288,NaN,NaN,3.1221,NaN,4.6647,4.132,17.029,16.066,NaN,6.5869,7.4713,8.5177
0.75307,26.073,17.524,5.6777,NaN,8.0569,12.054,2.4549,9.0077,NaN,NaN,5.6375,4.5116,6.7296,7.3226,2.5339,6.8849,11.518,5.8809,NaN,1.1228,3.3289,NaN,NaN,12.131,10.819,1.9608,21.837,8.8838,5.0075,NaN,11.226,1.387,5.1836,8.6216,2.7673,3.8829,6.4841,10.824,16.17,NaN,6.476,5.6718,NaN,NaN,NaN,17.342,NaN,NaN,NaN,NaN,NaN,1.8605,NaN,NaN,5.6285,9.0732,2.1831,NaN,6.0835,3.5781,0.75157,NaN,NaN,NaN,NaN,2.2713,NaN,NaN,12.724,NaN,NaN,NaN,NaN,10.547,9.1562,NaN,NaN,5.9993,NaN,9.6515,3.2264,4.4215,24.966,12.317,7.0042,4.7486,8.6015,NaN,NaN,18.022,NaN,5.8781,22.041,3.8698,13.693,NaN,3.9108,9.6212,4.2022
4.6346,7.4482,14.055,3.6476,NaN,12.09,8.5304,0.93432,9.5098,NaN,NaN,20.866,9.4821,3.6081,1.5274,2.2628,3.9472,6.4273,11.626,NaN,3.9538,7.0958,NaN,NaN,9.0068,10.989,5.5446,6.4342,5.5655,3.0633,NaN,9.6155,6.3135,2.9694,5.756,6.3867,10.41,5.2668,19.651,17.359,NaN,1.0943,4.127,NaN,NaN,NaN,5.1127,NaN,NaN,NaN,NaN,NaN,5.8113,NaN,NaN,8.8062,10.176,5.1885,NaN,5.1596,5.0944,2.858,NaN,NaN,NaN,NaN,1.9573,NaN,NaN,5.949,NaN,NaN,NaN,NaN,9.2818,2.2417,NaN,NaN,2.2635,NaN,1.7383,2.1353,12.067,5.5336,10.162,9.6727,2.7817,6.6416,NaN,NaN,21.087,NaN,6.9101,6.2899,5.2199,7.2689,NaN,4.7431,5.2409,9.3286
4.3668,4.0629,16.382,4.6008,NaN,10.088,4.8143,5.4946,2.6244,NaN,NaN,9.3714,17.105,2.1924,5.8876,10.151,13.556,11.067,13.443,NaN,7.1139,9.336,NaN,NaN,6.6757,14.384,7.4283,28.229,3.0454,6.1969,NaN,3.4145,1.7199,6.431,3.9322,4.4963,10.118,8.7154,17.99,4.9948,NaN,0.72769,6.1297,NaN,NaN,NaN,5.8049,NaN,NaN,NaN,NaN,NaN,5.5961,NaN,NaN,13.187,7.3459,2.341,NaN,12.502,9.5077,4.8341,NaN,NaN,NaN,NaN,2.8135,NaN,NaN,3.9133,NaN,NaN,NaN,NaN,8.6525,3.7633,NaN,NaN,3.1112,NaN,4.2836,2.6751,11.291,2.8086,9.4323,4.6999,4.9141,1.4954,NaN,NaN,10.157,NaN,10.167,6.7701,3.4474,12.589,NaN,5.1422,1.9052,30.868
4.5398,6.8503,4.9213,11.795,NaN,8.7792,5.6346,9.3993,5.4485,NaN,NaN,9.5709,7.1394,4.0035,8.0099,2.4469,11.127,15.204,5.9206,NaN,6.7906,13.063,NaN,NaN,9.5614,12.094,7.1474,21.8,4.0563,4.8427,NaN,13.506,5.4073,30.263,3.0351,6.296,6.2669,7.8572,21.989,6.2747,NaN,3.7424,12.232,NaN,NaN,NaN,5.1324,NaN,NaN,NaN,NaN,NaN,5.8061,NaN,NaN,15.494,25.095,9.4406,NaN,1.0418,5.2869,5.5555,NaN,NaN,NaN,NaN,1.615,NaN,NaN,9.7299,NaN,NaN,NaN,NaN,11.515,4.7151,NaN,NaN,5.2629,NaN,2.954,1.6374,12.141,8.5713,2.8909,1.0322,13.66,2.0044,NaN,NaN,2.1957,NaN,10.37,16.915,2.3867,9.8622,NaN,7.3623,9.917,7.6785
62.044,2.2275,22.892,6.4645,NaN,1.4641,18.859,7.2241,2.3854,NaN,NaN,3.0277,6.7804,8.594,3.6744,12.452,7.3263,6.4259,3.8465,NaN,3.2917,4.3715,NaN,NaN,3.0705,4.1405,6.6889,9.8976,7.464,2.5417,NaN,6.0881,12.612,9.8812,4.4923,2.6456,7.4558,9.4191,4.9846,2.577,NaN,4.8398,11.321,NaN,NaN,NaN,9.5309,NaN,NaN,NaN,NaN,NaN,4.4381,NaN,NaN,4.9138,15.448,15.411,NaN,2.4017,6.2995,4.356,NaN,NaN,NaN,NaN,4.4505,NaN,NaN,7.0126,NaN,NaN,NaN,NaN,8.1652,3.1022,NaN,NaN,2.3574,NaN,11.537,2.1033,15.982,1.5608,16.445,7.0847,10.505,4.4996,NaN,NaN,2.023,NaN,5.9104,10.508,7.8272,3.1401,NaN,33.225,2.2131,5.7574
9.838,7.466,4.821,5.0188,NaN,10.023,9.2635,1.4828,18.357,NaN,NaN,7.5177,1.8898,17.369,18.099,10.963,9.1261,4.8358,7.9949,NaN,2.8891,6.3798,NaN,NaN,15.519,7.0294,7.5062,12.498,5.4357,6.5125,NaN,13.643,15.697,1.9736,15.412,2.3559,19.355,9.1551,5.6995,9.8355,NaN,5.298,10.198,NaN,NaN,NaN,8.1608,NaN,NaN,NaN,NaN,NaN,8.9153,NaN,NaN,4.2297,15.88,3.5141,NaN,5.6083,9.6519,2.2647,NaN,NaN,NaN,NaN,2.9939,NaN,NaN,7.1771,NaN,NaN,NaN,NaN,8.2577,3.0593,NaN,NaN,9.0732,NaN,5.4154,4.0734,5.0096,2.9039,21.938,2.6629,9.3698,5.5289,NaN,NaN,2.656,NaN,4.6788,4.9387,15.104,4.4366,NaN,22.412,6.0077,8.4181
6.6085,7.8621,12.611,1.8631,NaN,9.1826,4.4839,2.6999,20.982,NaN,NaN,5.8685,0.4206,6.6105,3.3006,1.1931,5.8242,3.8485,16.396,NaN,4.4133,5.6021,NaN,NaN,7.7745,2.5305,5.151,3.7672,5.8629,4.9995,NaN,10.143,10.093,7.2249,15.701,5.1459,6.4233,6.337,3.7055,15.685,NaN,2.4361,5.3631,NaN,NaN,NaN,6.8017,NaN,NaN,NaN,NaN,NaN,9.6445,NaN,NaN,2.0284,12.518,6.7205,NaN,4.1798,7.0343,1.4995,NaN,NaN,NaN,NaN,2.5792,NaN,NaN,10.131,NaN,NaN,NaN,NaN,5.0732,3.3667,NaN,NaN,25.359,NaN,2.5938,2.0543,20.433,10.22,10.03,7.4567,4.1238,7.4339,NaN,NaN,12.364,NaN,2.1749,2.558,3.6217,9.2169,NaN,5.0326,3.4729,2.5073
2.332,3.8327,45.557,4.901,NaN,3.802,18.008,5.1085,11.064,NaN,NaN,2.7458,2.545,10.298,4.882,1.5139,1.3301,2.1986,4.3214,NaN,3.1158,6.9439,NaN,NaN,6.368,3.5766,2.2516,2.0751,4.695,8.7902,NaN,6.4127,9.8012,11.617,9.7489,5.6571,3.5226,2.4315,6.793,8.6206,NaN,4.5526,7.9678,NaN,NaN,NaN,8.3438,NaN,NaN,NaN,NaN,NaN,2.8125,NaN,NaN,5.8087,6.0221,6.3062,NaN,3.8784,2.92,4.0201,NaN,NaN,NaN,NaN,0.43153,NaN,NaN,16.304,NaN,NaN,NaN,NaN,9.8841,2.375,NaN,NaN,18.097,NaN,13.108,2.8765,4.2117,8.0927,10.109,6.2476,17.003,1.803,NaN,NaN,11.784,NaN,2.8178,10.346,1.5225,15.617,NaN,14.695,3.5391,5.6591
5.6713,7.2254,39.589,8.6946,NaN,5.6491,6.593,6.4167,4.1946,NaN,NaN,2.4666,18.882,10.577,4.8775,1.6694,13.198,0.99,4.9892,NaN,7.6048,6.5248,NaN,NaN,8.0969,0.91594,1.4712,8.3643,9.7505,3.3516,NaN,3.4897,12.107,2.9983,2.0591,3.468,0.63896,6.9415,5.4418,6.9021,NaN,5.4993,4.0274,NaN,NaN,NaN,4.0896,NaN,NaN,NaN,NaN,NaN,5.1761,NaN,NaN,6.8838,6.6005,3.1186,NaN,10.247,4.0109,4.7913,NaN,NaN,NaN,NaN,1.0236,NaN,NaN,3.9575,NaN,NaN,NaN,NaN,10.967,1.8603,NaN,NaN,3.7893,NaN,4.5076,2.5464,2.4594,10.475,10.319,0.54992,3.2033,1.8934,NaN,NaN,3.6921,NaN,6.7948,0.81946,16.68,8.2371,NaN,6.7509,2.1584,11.048
7.1446,3.3318,35.314,10.436,NaN,2.5922,7.6019,50.523,15.116,NaN,NaN,2.8385,6.4248,6.6626,1.9,1.004,39.908,3.1489,6.7083,NaN,15.382,8.7793,NaN,NaN,10.731,1.7656,4.6736,8.4772,11.963,6.5385,NaN,3.1284,14.043,5.1244,5.4466,1.7867,2.1806,9.374,6.4481,5.6,NaN,10.711,5.1309,NaN,NaN,NaN,2.377,NaN,NaN,NaN,NaN,NaN,5.5456,NaN,NaN,16.485,9.0916,1.2955,NaN,6.8065,4.4497,4.9134,NaN,NaN,NaN,NaN,19.183,NaN,NaN,4.1589,NaN,NaN,NaN,NaN,4.051,5.899,NaN,NaN,8.0431,NaN,4.5841,4.0096,7.2521,10.209,0.69322,0.34532,2.1637,5.624,NaN,NaN,3.6924,NaN,10.574,1.6858,14.803,1.382,NaN,6.3376,2.3548,4.7718
4.2417,3.3201,7.4818,2.4471,NaN,0.87708,95.523,17.388,18.336,NaN,NaN,0.73186,3.4368,6.4196,8.5722,6.1268,9.728,1.4145,7.9789,NaN,10.084,5.3222,NaN,NaN,4.1673,1.7543,6.2303,1.7187,14.488,15.879,NaN,3.7683,6.9549,6.7305,6.1791,0.3337,2.8302,1.402,8.8149,1.7816,NaN,2.4967,12.105,NaN,NaN,NaN,3.022,NaN,NaN,NaN,NaN,NaN,4.3565,NaN,NaN,5.1379,4.0888,2.8896,NaN,3.1655,6.5809,3.6651,NaN,NaN,NaN,NaN,1.0367,NaN,NaN,7.2101,NaN,NaN,NaN,NaN,5.7232,2.5319,NaN,NaN,5.0754,NaN,9.0567,3.7975,9.7289,10.728,5.8617,3.7739,8.5262,19.939,NaN,NaN,9.589,NaN,17.768,5.8006,6.6054,1.3682,NaN,11.837,0.05361,2.2334
6.0113,12.103,5.6151,0.63914,NaN,3.18,10.766,5.6463,2.1418,NaN,NaN,5.4673,3.8864,9.6028,4.9615,4.3933,7.0472,14.553,6.1068,NaN,5.7166,6.3046,NaN,NaN,9.4046,5.1509,4.8223,1.1048,1.2104,7.1386,NaN,4.0836,7.8352,1.9635,3.4818,1.0413,2.2357,5.5507,2.4763,3.1638,NaN,1.2337,3.7069,NaN,NaN,NaN,5.8283,NaN,NaN,NaN,NaN,NaN,0.30152,NaN,NaN,10.916,4.9807,1.899,NaN,2.1533,7.3501,1.6548,NaN,NaN,NaN,NaN,6.1756,NaN,NaN,14.724,NaN,NaN,NaN,NaN,3.8709,3.1796,NaN,NaN,11.189,NaN,1.3151,1.3339,5.4566,10.737,3.9977,1.3876,2.085,8.5607,NaN,NaN,2.3767,NaN,15.885,1.7996,4.5868,11.031,NaN,5.9791,4.3886,2.6339
4.6496,15.331,7.531,8.552,NaN,14.025,8.4967,3.9957,8.8929,NaN,NaN,23.881,4.7187,9.3355,8.953,0.6586,5.3723,13.991,4.7957,NaN,9.7723,6.2663,NaN,NaN,6.246,20.169,9.4897,3.5959,5.8824,4.0877,NaN,24.375,3.2011,1.7487,8.7162,7.2149,2.9901,8.1315,9.8074,11.031,NaN,6.2999,6.9719,NaN,NaN,NaN,9.5307,NaN,NaN,NaN,NaN,NaN,3.8522,NaN,NaN,11.339,7.4195,7.3467,NaN,0.79762,32.639,4.8837,NaN,NaN,NaN,NaN,12.187,NaN,NaN,22.376,NaN,NaN,NaN,NaN,5.7089,2.3949,NaN,NaN,4.5086,NaN,6.6615,7.5744,6.6825,2.0771,6.8364,9.0757,5.892,4.3277,NaN,NaN,2.6156,NaN,12.423,10.779,8.8154,9.3241,NaN,3.2999,7.7831,3.5749
28.492,19.314,29.936,16.86,NaN,12.414,23.904,37.21,20.319,NaN,NaN,11.043,11.003,3.5673,11.822,13.403,7.4573,24.762,24.857,NaN,15.58,13.016,NaN,NaN,23.859,4.516,22.691,9.8486,22.906,19.062,NaN,13.091,13.814,3.2203,2.5258,32.925,6.1123,12.822,19.173,20.962,NaN,19.509,54.177,NaN,NaN,NaN,18.039,NaN,NaN,NaN,NaN,NaN,14.017,NaN,NaN,2.2169,8.4765,16.399,NaN,4.5264,13.118,9.9233,NaN,NaN,NaN,NaN,1.8747,NaN,NaN,13.375,NaN,NaN,NaN,NaN,16.999,15.61,NaN,NaN,6.2973,NaN,11.193,11.041,14.57,15.922,8.7064,21.359,11.934,17.878,NaN,NaN,8.8321,NaN,10.653,13.8,28.635,11.362,NaN,15.72,9.0622,10.128
1.9883,2.4996,11.542,17.07,NaN,7.1547,14.154,7.9796,10.75,NaN,NaN,26.576,9.7992,10.217,14.65,7.576,8.2616,11.129,3.4605,NaN,2.246,14.693,NaN,NaN,8.7751,14.618,7.479,6.6055,9.5314,7.1439,NaN,7.1326,6.7741,1.6725,26.077,3.704,13.304,19.998,8.3949,6.0222,NaN,6.8049,8.5429,NaN,NaN,NaN,6.0634,NaN,NaN,NaN,NaN,NaN,40.943,NaN,NaN,5.4695,11.904,2.0621,NaN,3.2053,15.133,11.977,NaN,NaN,NaN,NaN,14.358,NaN,NaN,1.8378,NaN,NaN,NaN,NaN,20.006,4.5707,NaN,NaN,3.1925,NaN,9.6418,17.826,13.899,9.7285,7.1947,20.906,9.0433,3.3569,NaN,NaN,4.8101,NaN,2.5559,9.4365,2.2651,3.1185,NaN,12.408,11.846,13.828
5.9698,17.421,6.3938,4.1065,NaN,2.9346,9.4602,7.4148,8.5597,NaN,NaN,6.973,1.9918,1.8586,7.4834,3.0221,9.3195,11.062,20.861,NaN,5.4486,8.4324,NaN,NaN,2.0599,13.526,3.3543,12.262,9.0746,3.4347,NaN,15.687,8.7764,8.7123,4.1546,3.3124,4.8877,8.5444,11.898,5.0714,NaN,10.572,1.8346,NaN,NaN,NaN,13.825,NaN,NaN,NaN,NaN,NaN,4.1356,NaN,NaN,9.7776,2.4397,2.2619,NaN,1.9296,11.949,4.8613,NaN,NaN,NaN,NaN,7.8328,NaN,NaN,8.9911,NaN,NaN,NaN,NaN,8.497,6.2151,NaN,NaN,2.0353,NaN,3.2102,8.92,8.0258,11.528,4.0852,8.2517,4.4923,2.9718,NaN,NaN,0.74212,NaN,13.874,10.913,6.3718,8.0118,NaN,21.606,8.9967,6.5103
9.5652,21.349,6.0183,6.4392,NaN,2.8555,5.4035,4.5654,5.6039,NaN,NaN,8.3342,3.3799,4.8282,6.3922,8.5817,14.607,10.403,10.012,NaN,10.853,7.8576,NaN,NaN,5.404,8.9867,3.3727,2.977,3.3338,3.8127,NaN,9.6171,8.3282,1.8778,7.713,2.0936,1.5386,6.4276,1.3381,0.42633,NaN,2.615,4.025,NaN,NaN,NaN,6.8239,NaN,NaN,NaN,NaN,NaN,2.4966,NaN,NaN,8.6128,2.8208,3.5998,NaN,0.7176,2.681,6.6572,NaN,NaN,NaN,NaN,8.5837,NaN,NaN,12.403,NaN,NaN,NaN,NaN,2.5316,6.5295,NaN,NaN,10.031,NaN,0.92831,2.6284,4.4354,3.611,5.6696,1.074,3.6556,6.553,NaN,NaN,1.3954,NaN,27.898,2.0546,27.43,4.2947,NaN,13.193,6.0299,7.3353
3.4408,8.9627,3.2642,10.885,NaN,9.074,8.2803,2.5673,11.484,NaN,NaN,3.7917,2.4528,6.5024,11.195,12.863,7.2199,7.0097,0.89596,NaN,5.7549,26.052,NaN,NaN,10.858,6.8985,8.0076,3.7246,8.4252,6.8925,NaN,12.287,6.912,2.4537,5.1338,4.1408,6.9793,3.0142,4.4559,1.9693,NaN,4.1906,5.8312,NaN,NaN,NaN,15.215,NaN,NaN,NaN,NaN,NaN,3.5283,NaN,NaN,7.2795,3.0149,8.15,NaN,3.95,20.029,6.8209,NaN,NaN,NaN,NaN,12.044,NaN,NaN,6.4252,NaN,NaN,NaN,NaN,1.0358,1.2481,NaN,NaN,3.6308,NaN,7.0882,1.5191,13.566,11.591,9.4078,0.81193,11.655,9.0018,NaN,NaN,8.7667,NaN,10.653,13.282,11.212,4.974,NaN,10.966,7.6269,3.4164
3.1984,4.2201,5.7052,2.4119,NaN,8.1911,3.7514,3.915,15.678,NaN,NaN,2.5033,3.8097,2.5465,5.214,14.151,1.0276,20.871,8.51,NaN,9.7426,3.6596,NaN,NaN,8.1286,15.917,6.526,4.0511,11.726,3.8574,NaN,7.7887,9.9501,6.2439,12.423,10.033,5.6575,10.018,4.733,12.888,NaN,8.2786,3.2039,NaN,NaN,NaN,24.691,NaN,NaN,NaN,NaN,NaN,8.1092,NaN,NaN,10.491,3.5531,3.4152,NaN,8.9005,5.3055,5.9283,NaN,NaN,NaN,NaN,21.301,NaN,NaN,17.901,NaN,NaN,NaN,NaN,4.5677,6.9703,NaN,NaN,2.1039,NaN,5.0573,11.048,6.0107,4.6521,10.287,2.6069,10.93,8.9773,NaN,NaN,2.7304,NaN,0.79809,7.3557,5.7083,18.165,NaN,11.95,10,12.463
3.1207,16.622,6.0839,6.3333,NaN,4.6429,1.8207,6.528,14.789,NaN,NaN,6.7282,3.9014,3.624,5.1086,18.36,22.101,6.7792,15.545,NaN,23.733,8.3105,NaN,NaN,1.2297,10.192,11.725,4.6099,13.924,1.6067,NaN,20.541,11.186,2.652,14.218,11.768,5.1064,16.911,4.9855,6.0591,NaN,12.197,5.833,NaN,NaN,NaN,18.056,NaN,NaN,NaN,NaN,NaN,11.746,NaN,NaN,15.622,1.3331,8.1473,NaN,3.9738,16.756,1.3016,NaN,NaN,NaN,NaN,12.909,NaN,NaN,18.77,NaN,NaN,NaN,NaN,6.0458,14.067,NaN,NaN,2.811,NaN,11.462,5.9712,11.281,6.0024,9.9402,5.7605,16.085,1.4168,NaN,NaN,4.1101,NaN,9.2005,11.393,10.323,14.936,NaN,31.452,9.4145,18.929
2.5964,10.379,12.328,10.075,NaN,3.4197,9.6485,19.05,26.374,NaN,NaN,5.1969,4.3146,14.626,9.3923,12.923,15.108,5.4714,16.753,NaN,13.46,12.594,NaN,NaN,4.8781,9.2303,12.448,2.3996,16.902,29.921,NaN,9.1125,7.8358,9.7386,8.4545,7.816,9.784,23.252,6.4068,4.7923,NaN,25.873,12.135,NaN,NaN,NaN,13.557,NaN,NaN,NaN,NaN,NaN,19.952,NaN,NaN,15.208,9.9975,10.084,NaN,1.7203,12.76,5.3331,NaN,NaN,NaN,NaN,3.271,NaN,NaN,14.85,NaN,NaN,NaN,NaN,7.5239,19.197,NaN,NaN,18.783,NaN,27.821,28.895,11.788,8.3109,10.279,16.364,21.988,3.1951,NaN,NaN,6.73,NaN,10.881,21.085,10.402,14.997,NaN,18.781,22.938,10.865
5.1275,8.0903,22.56,12.821,NaN,6.7718,25.625,18.006,21.535,NaN,NaN,11.986,2.887,15.263,14.878,15.134,8.47,4.2935,15.219,NaN,7.3648,17.039,NaN,NaN,7.7913,4.6176,18.055,0.80382,6.4705,21.864,NaN,4.0353,6.3316,6.8839,3.402,5.4929,13.982,38.949,2.6575,5.3563,NaN,22.855,9.698,NaN,NaN,NaN,9.8717,NaN,NaN,NaN,NaN,NaN,22.447,NaN,NaN,13.979,28.22,8.2881,NaN,0.64617,14.297,7.8428,NaN,NaN,NaN,NaN,5.3915,NaN,NaN,10.682,NaN,NaN,NaN,NaN,7.0659,9.677,NaN,NaN,27.101,NaN,26.626,14.763,6.6956,3.993,13.766,22.981,26.437,3.3,NaN,NaN,7.3177,NaN,11.234,26.156,4.6814,10.28,NaN,9.2658,11.31,5.5929
5.2583,5.9428,19.35,13.12,NaN,5.8642,12.349,20.749,22.563,NaN,NaN,19.239,11.386,29.732,13.763,14.361,3.9784,6.0002,17.763,NaN,7.2862,13.315,NaN,NaN,12.374,2.4813,20.533,6.6124,3.0395,14.66,NaN,5.7228,7.9027,10.559,18.882,7.6796,14.153,27.003,9.256,1.2738,NaN,20.397,7.7336,NaN,NaN,NaN,8.4277,NaN,NaN,NaN,NaN,NaN,13.057,NaN,NaN,6.8071,33.931,7.2993,NaN,1.3295,8.0304,6.5145,NaN,NaN,NaN,NaN,5.3824,NaN,NaN,7.4424,NaN,NaN,NaN,NaN,8.4857,4.0723,NaN,NaN,16.534,NaN,13.9,12.627,2.5583,8.4087,17.067,27.298,16.095,1.5554,NaN,NaN,5.712,NaN,17.589,15.52,5.1507,8.8939,NaN,3.7183,10.663,7.5058
8.9938,8.8515,5.4397,9.4443,NaN,5.6688,57.477,20.904,19.438,NaN,NaN,4.9655,6.1219,5.927,12.39,7.5626,10.929,6.3377,6.6912,NaN,11.996,14.263,NaN,NaN,5.8193,4.1837,13.43,3.8335,5.9564,11.537,NaN,5.9697,8.0264,15.308,6.9383,7.1673,9.1749,48.897,3.3055,6.039,NaN,16.615,8.3485,NaN,NaN,NaN,9.8445,NaN,NaN,NaN,NaN,NaN,13.261,NaN,NaN,21.524,10.273,10.811,NaN,5.6352,10.391,14.439,NaN,NaN,NaN,NaN,3.6758,NaN,NaN,16.145,NaN,NaN,NaN,NaN,5.9764,18.392,NaN,NaN,10.398,NaN,24.018,6.9058,5.5942,5.5338,13.069,7.2519,8.4405,3.8806,NaN,NaN,8.213,NaN,11.867,27.834,6.884,27.832,NaN,12.054,6.3887,5.8361
10.804,17.951,2.0812,10.555,NaN,5.6672,37.881,9.4646,18.007,NaN,NaN,2.4829,11.115,8.8981,9.757,3.7182,20.424,8.0193,11.226,NaN,12.822,3.8527,NaN,NaN,11.741,8.0737,7.3132,3.0563,7.7646,6.475,NaN,11.522,5.8646,46,12.198,17.376,3.9641,43.755,1.3625,22.59,NaN,7.9609,10.9,NaN,NaN,NaN,15.385,NaN,NaN,NaN,NaN,NaN,7.1521,NaN,NaN,19.212,11.645,10.167,NaN,5.0184,4.4342,7.0387,NaN,NaN,NaN,NaN,0.8514,NaN,NaN,21.305,NaN,NaN,NaN,NaN,13.244,7.0731,NaN,NaN,3.2036,NaN,10.874,16.285,7.5639,5.2517,8.0529,3.3966,5.3833,5.347,NaN,NaN,4.4089,NaN,12.212,12.367,1.5232,31.461,NaN,14.768,6.7402,4.5193
34.984,15.69,13.025,6.8617,NaN,9.0768,12.558,11.695,12.55,NaN,NaN,5.0718,10.104,3.4077,14.201,3.8208,12.649,4.7319,2.3324,NaN,11.331,9.25,NaN,NaN,16.062,5.2512,14.245,6.6963,5.9282,0.62635,NaN,2.7174,13.934,8.0701,6.1762,16.011,3.803,6.2716,19.899,7.0115,NaN,6.0579,19.412,NaN,NaN,NaN,12.549,NaN,NaN,NaN,NaN,NaN,11.273,NaN,NaN,8.5876,10.484,9.7567,NaN,4.4088,1.214,7.5995,NaN,NaN,NaN,NaN,4.1641,NaN,NaN,20.707,NaN,NaN,NaN,NaN,7.8793,4.4109,NaN,NaN,3.2994,NaN,1.0608,4.1761,3.2382,11.399,1.5076,9.2381,5.6958,6.5352,NaN,NaN,5.234,NaN,5.6375,8.7203,6.6482,12.516,NaN,15.095,6.2491,10.027
