7.0836,1.6218,4.0437,5.0843,NaN,4.2048,3.5009,2.9535,7.9861,15.145,2.3668,7.6626,8.0814,5.2774,NaN,3.7721,7.0785,NaN,2.8067,3.5224,NaN,3.3355,6.4429,2.8992,8.6349,NaN,1.3469,10.4,1.9491,6.1565,2.7038,NaN,0.99047,2.8652,1.5193,3.9729,2.1196,7.0607,2.7734,6.5071,NaN,4.5866,6.8187,NaN,NaN,3.4915,NaN,0.9732,2.3527,5.0167,2.1856,2.0556,4.1816,3.2203,2.5653,18.823,2.5005,NaN,NaN,9.3974,13.963,NaN,0.45812,NaN,NaN,7.9436,NaN,NaN,6.7258,3.6911,NaN,4.8825,2.8838,6.703,5.759,NaN,NaN,13.112,7.4189,0.84542,NaN,NaN,NaN,NaN,3.3191,5.9305,2.1545,NaN,24.239,2.9048,2.8151,NaN,NaN,NaN,0.61356,NaN,NaN,NaN,4.7327,NaN
8.5746,4.0489,3.0195,1.0661,NaN,5.3722,1.0116,1.5813,2.4242,7.4535,15.202,7.1176,2.7501,2.6857,NaN,1.3393,4.4914,NaN,4.7665,4.1053,NaN,7.7367,7.8504,5.7548,1.6137,NaN,4.517,5.1632,1.3427,3.1779,0.21828,NaN,3.5208,6.1957,7.2203,1.545,0.80972,7.4478,4.1547,3.3709,NaN,2.33,6.3852,NaN,NaN,4.0251,NaN,9.0587,2.8034,2.997,3.5877,7.948,2.8448,9.6282,4.4535,7.5661,4.5233,NaN,NaN,17.625,3.2537,NaN,2.5824,NaN,NaN,1.9192,NaN,NaN,10.274,7.5559,NaN,5.3373,4.9894,7.2404,4.0452,NaN,NaN,18.682,12.578,3.763,NaN,NaN,NaN,NaN,6.4913,3.6968,1.4896,NaN,3.6828,4.3832,4.8544,NaN,NaN,NaN,1.6054,NaN,NaN,NaN,3.9254,NaN
3.3908,1.5363,3.7294,2.164,NaN,5.5683,3.084,4.9669,5.2095,11.331,2.528,8.3647,4.337,3.004,NaN,8.6162,2.7578,NaN,4.9393,2.8381,NaN,0.96858,8.19,4.887,8.2732,NaN,1.6584,10.236,2.3007,4.4969,2.6771,NaN,2.4576,4.048,3.6585,2.213,2.4729,5.4959,1.1122,5.4774,NaN,1.3365,10.939,NaN,NaN,5.2379,NaN,1.3304,4.2559,2.6147,2.8073,4.2999,1.4047,6.4028,5.7208,7.2153,3.1519,NaN,NaN,8.5241,8.5739,NaN,0.61366,NaN,NaN,3.8626,NaN,NaN,6.262,1.7643,NaN,3.5041,0.37827,3.8064,5.5317,NaN,NaN,15.994,7.8673,2.6682,NaN,NaN,NaN,NaN,1.6346,3.623,2.6236,NaN,10.982,1.6461,3.3078,NaN,NaN,NaN,0.41083,NaN,NaN,NaN,5.3298,NaN
5.4482,2.1453,2.6089,1.214,NaN,7.8791,1.3837,4.3776,4.277,7.6694,0.97162,3.5526,3.129,2.1237,NaN,3.995,0.73094,NaN,12.691,1.8572,NaN,2.1376,3.9212,3.2598,7.5989,NaN,6.4708,11.12,2.5063,1.9337,4.1484,NaN,2.588,6.6807,9.5287,2.3042,3.224,1.1054,1.8209,1.546,NaN,1.8162,9.2612,NaN,NaN,6.3677,NaN,3.2315,6.1393,5.598,5.5001,3.5452,1.6875,4.7242,3.098,5.0788,3.7934,NaN,NaN,5.5372,3.0966,NaN,1.5376,NaN,NaN,3.091,NaN,NaN,5.0617,6.7688,NaN,3.5957,1.6821,3.0347,2.1142,NaN,NaN,10.105,22.382,0.96149,NaN,NaN,NaN,NaN,0.84828,2.5944,1.9918,NaN,3.8364,4.0018,1.896,NaN,NaN,NaN,1.427,NaN,NaN,NaN,0.92861,NaN
1.9625,2.7978,6.3266,1.805,NaN,3.677,3.5857,3.5267,4.9745,8.5217,0.72052,11.599,1.4436,2.9316,NaN,4.9948,2.8926,NaN,10.096,1.8327,NaN,1.1661,3.546,5.8323,3.5949,NaN,3.2772,0.86292,2.1521,2.8139,1.8726,NaN,2.9145,11.016,5.0215,1.7937,1.3333,1.0999,2.5468,2.2309,NaN,3.8048,21.834,NaN,NaN,6.9605,NaN,4.3724,5.1313,5.7571,5.5227,4.0727,1.2304,2.5389,3.3803,7.4619,4.1811,NaN,NaN,6.7056,6.3312,NaN,0.64316,NaN,NaN,3.9164,NaN,NaN,6.5698,9.4104,NaN,5.3504,1.6507,2.4546,4.7919,NaN,NaN,12.212,1.4139,1.0684,NaN,NaN,NaN,NaN,2.6165,2.6479,3.0807,NaN,7.2218,4.5796,9.9583,NaN,NaN,NaN,1.7384,NaN,NaN,NaN,3.2815,NaN
1.8563,2.7321,2.4814,1.1817,NaN,6.9603,4.9375,3.7881,4.0412,6.4197,4.4625,5.4883,1.9873,2.776,NaN,2.9343,3.2496,NaN,7.8903,15.266,NaN,4.1849,8.6934,7.9232,2.9371,NaN,4.2776,2.4722,1.8872,2.6975,2.6877,NaN,3.1655,14.114,4.2929,1.3097,0.69014,1.851,7.0182,2.9558,NaN,3.767,6.1631,NaN,NaN,6.2144,NaN,7.6672,3.4974,5.9701,2.5538,9.2957,1.3491,4.5792,2.9446,21.861,4.6941,NaN,NaN,5.6355,5.3576,NaN,2.4028,NaN,NaN,3.0784,NaN,NaN,7.9654,8.6531,NaN,10.258,1.8218,1.0587,6.8726,NaN,NaN,7.8247,2.0807,2.735,NaN,NaN,NaN,NaN,1.7633,0.82045,1.466,NaN,2.5923,4.7771,15.57,NaN,NaN,NaN,0.11064,NaN,NaN,NaN,4.753,NaN
3.184,5.0811,1.4911,1.2251,NaN,6.0864,5.3286,1.7924,1.7032,2.6977,2.0272,2.8886,3.5855,0.85421,NaN,2.1276,6.3192,NaN,0.38319,4.045,NaN,10.082,10.1,6.2034,7.368,NaN,10.476,5.7598,0.94246,3.0037,1.1284,NaN,4.2097,0.45264,3.8693,1.2615,2.2722,2.1819,6.3107,6.3514,NaN,3.4919,3.2595,NaN,NaN,3.8673,NaN,4.9575,2.9813,1.8517,7.4605,4.93,2.0448,10.527,1.8981,13.071,3.3302,NaN,NaN,1.0316,6.2772,NaN,7.6738,NaN,NaN,5.1838,NaN,NaN,11.114,3.3354,NaN,11.719,5.1895,0.89805,2.9922,NaN,NaN,5.5161,7.4296,11.479,NaN,NaN,NaN,NaN,3.4046,4.4858,3.4062,NaN,1.2376,5.3562,3.5984,NaN,NaN,NaN,1.331,NaN,NaN,NaN,5.7817,NaN
0.81821,3.3771,0.86996,4.3317,NaN,9.3518,5.1667,3.2392,6.8664,4.0035,2.1747,1.5925,0.50694,4.9445,NaN,3.8301,5.6836,NaN,3.7912,1.7651,NaN,5.2245,7.7257,2.9694,2.4835,NaN,5.1018,0.66063,1.1321,4.1111,1.8669,NaN,3.1411,5.6202,4.5444,1.7545,8.3147,2.3494,3.187,8.8044,NaN,4.6751,4.4823,NaN,NaN,2.8273,NaN,15.013,4.1694,1.9627,2.27,1.7649,1.8848,4.4382,3.0079,6.8323,5.8633,NaN,NaN,2.4984,8.933,NaN,7.4634,NaN,NaN,3.7715,NaN,NaN,2.1539,10.458,NaN,13.63,9.3297,3.0509,4.9218,NaN,NaN,5.0334,4.0369,16.55,NaN,NaN,NaN,NaN,0.21745,8.5474,4.8587,NaN,3.1292,6.9042,1.3997,NaN,NaN,NaN,2.9783,NaN,NaN,NaN,5.9768,NaN
1.4419,2.0236,1.1987,2.0797,NaN,7.8171,9.1068,7.1581,0.80179,3.386,5.3947,1.7528,4.2155,2.1441,NaN,3.7387,3.0925,NaN,2.8555,8.5677,NaN,3.0478,3.1576,7.3767,5.7021,NaN,2.4055,7.5965,3.7054,6.5028,3.0307,NaN,5.2531,4.639,8.2683,2.1101,3.1144,2.7781,3.0927,4.7581,NaN,1.2632,2.7499,NaN,NaN,5.15,NaN,8.8491,4.969,7.2053,2.653,5.0699,1.3623,2.1299,3.0821,2.7252,1.4949,NaN,NaN,2.4718,7.2278,NaN,6.6272,NaN,NaN,6.1921,NaN,NaN,2.7663,0.90566,NaN,2.5669,5.8821,2.9834,3.9268,NaN,NaN,0.73622,2.7454,7.7947,NaN,NaN,NaN,NaN,3.0745,9.2254,7.5074,NaN,1.5013,5.4305,7.2314,NaN,NaN,NaN,0.7667,NaN,NaN,NaN,2.4739,NaN
4.6,2.3628,3.8997,1.2248,NaN,1.8983,9.6865,6.1727,2.2213,5.8592,1.6611,12.121,1.2804,5.4831,NaN,3.9067,5.9678,NaN,3.8645,4.6346,NaN,3.4084,2.7239,6.5694,3.4478,NaN,2.6882,2.404,2.92,3.2325,4.1877,NaN,0.95026,10.8,1.553,3.9677,0.39016,3.2017,0.49659,2.986,NaN,4.3138,4.65,NaN,NaN,8.4307,NaN,6.0699,2.1013,14.195,0.64339,2.2561,3.1978,2.3419,2.3816,7.1651,3.5298,NaN,NaN,1.7601,17.255,NaN,5.09,NaN,NaN,8.3499,NaN,NaN,4.644,6.096,NaN,4.3873,3.1812,1.2919,5.6105,NaN,NaN,4.5787,3.7427,3.3217,NaN,NaN,NaN,NaN,2.9645,5.3031,3.6322,NaN,13.118,11.786,6.4914,NaN,NaN,NaN,3.5654,NaN,NaN,NaN,1.5344,NaN
3.8242,1.7883,3.0954,1.9305,NaN,3.1792,4.0036,3.5988,3.388,6.0457,2.9831,6.3662,1.1553,5.11,NaN,2.4669,2.7202,NaN,2.8031,3.3386,NaN,17.952,4.967,3.7534,1.6833,NaN,8.3689,5.2298,1.448,4.2381,3.396,NaN,2.5205,4.3731,5.2996,0.19507,3.7926,3.2258,3.0856,5.6366,NaN,5.1854,4.9853,NaN,NaN,9.7583,NaN,8.9609,4.294,3.5349,4.1697,6.7266,7.3136,3.6121,1.8997,9.2971,2.6966,NaN,NaN,2.7072,11.261,NaN,2.3704,NaN,NaN,5.403,NaN,NaN,7.939,3.1893,NaN,3.628,4.1163,2.0555,1.2838,NaN,NaN,1.9528,1.3451,2.4398,NaN,NaN,NaN,NaN,6.1366,1.8052,4.5616,NaN,3.3757,4.295,9.8833,NaN,NaN,NaN,2.7496,NaN,NaN,NaN,1.2673,NaN
2.5995,1.1532,3.9199,9.3338,NaN,3.9778,5.4597,4.0328,5.2566,3.6462,3.921,8.7788,3.1324,8.9752,NaN,3.9897,2.7909,NaN,4.1829,5.1655,NaN,6.3083,4.1386,5.8179,0.88965,NaN,5.7575,3.6822,2.8288,7.4667,0.82353,NaN,9.5615,4.8927,2.8411,1.4991,8.8488,1.6797,3.9959,1.1934,NaN,8.9005,5.6279,NaN,NaN,15.41,NaN,5.696,2.7559,3.7286,3.6969,7.1213,7.5874,2.8183,4.3798,10.279,1.8306,NaN,NaN,2.4717,12.404,NaN,3.6076,NaN,NaN,4.2792,NaN,NaN,4.1104,6.9494,NaN,13.568,6.7529,0.83836,10.964,NaN,NaN,8.824,8.3246,5.0584,NaN,NaN,NaN,NaN,5.1344,6.8392,4.5449,NaN,9.7249,3.8921,6.2772,NaN,NaN,NaN,2.2169,NaN,NaN,NaN,2.9007,NaN
12.174,3.3678,2.5343,7.0807,NaN,4.6279,3.0003,19.287,1.0562,4.7033,5.3937,8.0669,2.5972,5.4704,NaN,0.039377,6.5965,NaN,9.2059,1.8214,NaN,3.4483,6.7561,2.4839,4.9848,NaN,0.92376,11.49,3.099,9.0129,2.2126,NaN,8.9901,1.38,2.4861,2.5319,2.2759,1.9739,3.6388,2.4676,NaN,10.896,4.4851,NaN,NaN,6.4448,NaN,2.6251,15.432,4.9612,2.9416,6.2941,2.8886,4.4615,2.2065,4.4188,4.9437,NaN,NaN,1.7775,19.999,NaN,7.959,NaN,NaN,0.70189,NaN,NaN,0.80503,5.5127,NaN,3.5446,1.6976,2.86,7.7107,NaN,NaN,8.3833,9.3048,6.7448,NaN,NaN,NaN,NaN,1.8576,19.161,7.4157,NaN,8.1412,2.9633,4.1812,NaN,NaN,NaN,6.8377,NaN,NaN,NaN,1.1721,NaN
5.4887,7.8926,0.15751,4.5903,NaN,6.6343,4.905,4.8136,2.7856,2.4477,5.3471,2.5573,1.3929,8.9533,NaN,2.7357,8.9426,NaN,5.8381,2.4863,NaN,0.84434,1.5688,5.7211,2.5581,NaN,8.6537,3.6141,1.1276,11.073,2.5232,NaN,6.733,4.4291,2.2637,0.79323,1.5585,1.8729,1.3819,4.8586,NaN,7.2292,4.3727,NaN,NaN,1.1333,NaN,3.9783,7.5946,6.5897,0.8521,0.66557,1.5142,1.8698,4.291,0.97927,0.64901,NaN,NaN,1.6636,6.2533,NaN,5.298,NaN,NaN,6.3115,NaN,NaN,6.3953,3.1569,NaN,7.3926,11.13,0.74639,2.6203,NaN,NaN,3.7635,6.4087,9.2076,NaN,NaN,NaN,NaN,6.0474,6.3901,4.3408,NaN,0.78316,1.9358,4.8704,NaN,NaN,NaN,0.15027,NaN,NaN,NaN,6.1257,NaN
14,8.2898,10.625,19.816,NaN,3.6544,12.068,15.109,5.1939,10.984,4.727,8.158,7.0629,8.1625,NaN,2.8663,15.556,NaN,13.91,13.475,NaN,11.859,9.581,5.3537,12.566,NaN,7.2979,14.673,6.2906,9.1794,9.318,NaN,13.806,25.517,81.72,11.276,6.8575,10.988,7.8221,20.85,NaN,9.2291,18.251,NaN,NaN,0.65612,NaN,10.16,5.8008,10.972,14.719,6.934,7.6022,13.293,8.8872,18.673,19.2,NaN,NaN,4.8129,10.222,NaN,8.7636,NaN,NaN,15.644,NaN,NaN,7.6094,16.715,NaN,6.1487,15.119,1.986,18.215,NaN,NaN,14.28,9.2354,20.969,NaN,NaN,NaN,NaN,16.363,4.4458,12.937,NaN,9.6267,12.101,9.2929,NaN,NaN,NaN,10.611,NaN,NaN,NaN,14.569,NaN
6.8108,2.787,2.6573,2.9358,NaN,7.1449,2.8527,3.5765,1.3426,1.1532,2.8494,9.7993,0.28786,5.6163,NaN,2.0839,10.203,NaN,1.8096,11.9,NaN,5.4098,4.1371,2.5761,2.6872,NaN,5.9879,2.7652,4.6268,3.6337,4.0712,NaN,2.8057,7.9586,2.9662,8.9553,12.88,0.97437,8.4354,4.2661,NaN,2.2793,2.4649,NaN,NaN,3.37,NaN,1.3446,6.3278,5.9447,2.7727,6.6231,5.0733,0.36071,7.1645,6.2372,4.021,NaN,NaN,0.96531,10.488,NaN,9.3398,NaN,NaN,4.2226,NaN,NaN,3.5053,7.956,NaN,2.3144,7.8891,1.3223,18.866,NaN,NaN,2.3576,3.6525,4.179,NaN,NaN,NaN,NaN,0.11903,1.239,5.6353,NaN,3.4378,2.0972,7.6231,NaN,NaN,NaN,6.5365,NaN,NaN,NaN,2.5372,NaN
1.3498,5.8091,2.8392,2.0464,NaN,9.6197,4.0777,0.40919,1.3469,2.3782,6.3363,6.2493,1.1685,2.5824,NaN,1.7428,8.8949,NaN,2.9133,7.7996,NaN,3.2286,2.8451,9.3872,0.95757,NaN,8.7738,4.8396,4.2527,4.3212,3.186,NaN,5.2968,3.7806,2.2968,7.0143,7.0356,0.66161,0.82877,9.0645,NaN,1.7647,2.7754,NaN,NaN,1.3564,NaN,9.6919,16.288,1.2756,3.7703,6.274,3.0352,3.9691,2.6647,4.6643,1.357,NaN,NaN,0.92323,3.0293,NaN,5.3722,NaN,NaN,5.056,NaN,NaN,13.989,3.5107,NaN,9.4085,9.3899,1.8396,7.0493,NaN,NaN,1.3607,3.0353,2.2956,NaN,NaN,NaN,NaN,2.977,2.2197,2.1317,NaN,1.2919,1.2945,2.7398,NaN,NaN,NaN,2.0192,NaN,NaN,NaN,3.2855,NaN
4.7378,7.5392,1.9704,1.9835,NaN,6.7819,5.3711,4.6377,7.3815,7.0906,9.3183,8.4176,1.791,2.4845,NaN,1.3375,3.2618,NaN,6.9675,1.0915,NaN,1.5697,3.0606,8.6505,1.4483,NaN,5.0561,1.9934,6.6091,7.4782,2.8838,NaN,4.9526,3.3664,6.382,7.6632,4.9543,3.1303,3.5112,5.3805,NaN,5.9462,4.5353,NaN,NaN,2.204,NaN,6.9263,8.9921,4.1352,5.2159,10.451,2.034,6.8853,1.7225,13.059,4.2528,NaN,NaN,1.029,16.117,NaN,10.623,NaN,NaN,3.088,NaN,NaN,0.86753,4.3049,NaN,1.161,7.1571,4.3312,3.0372,NaN,NaN,2.5716,6.9214,4.6964,NaN,NaN,NaN,NaN,7.0746,4.0337,6.7145,NaN,8.1292,2.6834,5.9274,NaN,NaN,NaN,3.0159,NaN,NaN,NaN,7.1513,NaN
1.8839,11.513,7.1176,3.1433,NaN,6.4427,5.5928,9.9451,4.846,4.8701,3.4647,19.797,1.0093,3.2237,NaN,2.9742,1.7532,NaN,3.5179,3.0448,NaN,3.3835,8.8686,9.1866,3.0711,NaN,4.5868,4.9804,2.1439,9.5541,2.2959,NaN,6.0313,3.5329,9.0547,12.193,4.4325,3.6982,3.752,3.6208,NaN,13.309,2.658,NaN,NaN,5.0272,NaN,2.4118,7.2995,5.5904,7.9881,5.6768,6.7572,4.1804,4.0321,6.6081,1.5561,NaN,NaN,2.8224,10.809,NaN,4.604,NaN,NaN,5.6925,NaN,NaN,1.8629,0.93736,NaN,1.4045,26.493,0.23449,4.8921,NaN,NaN,5.6242,7.3127,5.2737,NaN,NaN,NaN,NaN,2.3706,6.7134,6.7458,NaN,17.67,4.2247,5.7893,NaN,NaN,NaN,3.8335,NaN,NaN,NaN,6.5759,NaN
4.7179,8.5106,3.0081,4.0835,NaN,8.6224,8.2191,3.777,1.7852,3.9007,3.5421,6.0542,0.92853,1.7314,NaN,1.359,2.7882,NaN,2.4167,7.1079,NaN,1.3323,6.0477,9.9607,2.7585,NaN,8.8042,5.7912,10.18,6.2756,6.0977,NaN,1.909,4.8257,12.603,39.722,3.9085,2.4375,4.3784,2.1396,NaN,4.7354,1.5482,NaN,NaN,1.0582,NaN,1.449,2.9406,3.003,5.2034,4.6149,2.3905,13.731,0.88852,5.665,2.4512,NaN,NaN,4.8868,7.8866,NaN,0.096262,NaN,NaN,17.449,NaN,NaN,5.2976,6.9226,NaN,2.3574,16.335,1.7254,5.9735,NaN,NaN,3.9174,5.8986,8.6301,NaN,NaN,NaN,NaN,4.7335,16.965,11.299,NaN,35.148,8.5408,10.385,NaN,NaN,NaN,4.655,NaN,NaN,NaN,12.113,NaN
5.1502,7.0843,2.8056,4.5174,NaN,10.322,5.3055,6.0669,4.017,3.8491,3.3617,4.8621,2.2574,2.563,NaN,1.3271,1.8036,NaN,3.6912,4.0443,NaN,3.8135,5.7919,10.625,1.8429,NaN,8.2551,4.2051,19.564,8.036,5.071,NaN,2.6195,13.125,25.706,9.8218,6.473,1.9335,5.9875,5.9399,NaN,3.7369,5.3671,NaN,NaN,1.5129,NaN,1.6228,5.6299,3.2834,2.5719,13.022,1.0474,15.983,1.3486,8.2328,4.8694,NaN,NaN,2.0028,10.382,NaN,2.7314,NaN,NaN,10.256,NaN,NaN,5.1948,2.7086,NaN,3.8492,12.305,0.98386,13.17,NaN,NaN,1.2718,3.0678,9.7021,NaN,NaN,NaN,NaN,5.46,5.4172,4.8323,NaN,13.578,1.8084,8.6099,NaN,NaN,NaN,5.9306,NaN,NaN,NaN,16.173,NaN
5.6338,2.3804,2.8339,4.4395,NaN,11.42,3.9673,0.82279,2.3981,4.0644,0.66161,4.04,2.0153,2.1257,NaN,2.4554,3.9346,NaN,1.8095,1.3882,NaN,3.7273,5.4054,7.8276,1.7905,NaN,2.4696,7.9043,6.4831,7.1588,3.6152,NaN,4.2283,5.8908,16.618,8.2016,9.5487,3.3307,7.2569,9.0496,NaN,0.43982,2.9524,NaN,NaN,2.3911,NaN,6.9563,3.8721,1.7248,5.5696,6.8955,0.87519,8.064,0.58478,5.3356,5.7232,NaN,NaN,1.9764,7.2592,NaN,5.1902,NaN,NaN,4.3489,NaN,NaN,4.5981,10.182,NaN,5.3823,13.674,1.0416,19.659,NaN,NaN,3.6568,3.0074,9.7498,NaN,NaN,NaN,NaN,3.6755,5.0972,2.1797,NaN,3.203,2.7029,3.6168,NaN,NaN,NaN,3.4734,NaN,NaN,NaN,7.2309,NaN
17.117,2.2073,2.3174,2.179,NaN,9.4435,4.0431,1.1641,2.2761,8.5675,2.6972,7.4432,1.5161,5.1501,NaN,2.071,7.9183,NaN,1.0417,0.97125,NaN,4.4597,3.7555,2.7867,2.4551,NaN,2.2139,7.3954,1.3078,3.2809,2.0804,NaN,4.0767,2.7219,11.756,6.0911,9.6259,5.4885,9.7683,3.4739,NaN,2.1881,1.6637,NaN,NaN,2.5819,NaN,3.2941,0.65381,3.6475,7.6706,4.7002,1.0339,5.504,3.2523,2.7538,1.2741,NaN,NaN,2.3599,3.8244,NaN,6.1113,NaN,NaN,3.2581,NaN,NaN,1.4171,39.509,NaN,1.4883,9.1628,0.86834,10.927,NaN,NaN,4.7717,5.4613,3.9132,NaN,NaN,NaN,NaN,1.8482,5.3046,5.4517,NaN,5.3604,4.6836,1.6051,NaN,NaN,NaN,3.7605,NaN,NaN,NaN,3.5237,NaN
25.063,2.6571,2.477,5.7867,NaN,4.9831,6.9098,6.3388,2.101,7.6404,5.1663,3.6191,4.182,7.1331,NaN,3.1443,15.606,NaN,1.8931,0.55638,NaN,10.166,2.8133,3.843,8.9155,NaN,11.245,2.0683,2.7704,2.0636,1.2852,NaN,1.1235,5.7803,8.9138,4.3273,10.885,7.85,9.0484,1.6885,NaN,5.2899,3.8242,NaN,NaN,1.2703,NaN,1.6459,5.4903,3.3876,3.554,3.4506,2.8418,6.4086,6.1129,0.68409,4.0096,NaN,NaN,2.4043,6.2088,NaN,2.6308,NaN,NaN,3.0082,NaN,NaN,1.0666,14.465,NaN,10.632,23.846,2.5607,9.065,NaN,NaN,5.3556,19.095,4.3658,NaN,NaN,NaN,NaN,3.2395,9.2673,5.0211,NaN,9.1204,11.412,5.0184,NaN,NaN,NaN,2.4417,NaN,NaN,NaN,2.285,NaN
6.3791,3.6573,3.0639,5.1628,NaN,7.2836,2.8893,1.488,5.9159,9.1845,4.4188,3.0082,5.9629,2.3646,NaN,1.9546,5.0384,NaN,4.6825,1.7105,NaN,4.1748,6.4328,2.7662,6.776,NaN,5.0065,8.7947,4.275,1.168,3.421,NaN,3.3176,2.5919,1.4902,1.5978,4.2905,20.383,6.4997,1.8031,NaN,3.4178,5.4046,NaN,NaN,3.4896,NaN,8.1828,3.129,2.6714,8.0879,5.2897,1.6674,4.4134,0.88363,2.6654,2.2519,NaN,NaN,4.6707,6.265,NaN,44.124,NaN,NaN,9.3658,NaN,NaN,7.8864,3.4626,NaN,7.0142,5.8038,5.0118,1.5504,NaN,NaN,13.818,10.304,14.579,NaN,NaN,NaN,NaN,10.7,23.281,4.2778,NaN,5.9154,3.5651,1.3006,NaN,NaN,NaN,3.2794,NaN,NaN,NaN,1.3004,NaN
12.756,9.1868,13.278,12.588,NaN,5.1922,3.2415,6.4652,3.6214,3.9553,12.482,4.989,4.1237,11.958,NaN,1.9763,13.442,NaN,7.0911,3.7026,NaN,6.1899,5.3407,4.0405,4.8409,NaN,1.7632,11.833,18.474,4.6086,9.9571,NaN,10.914,3.3691,3.954,4.4072,3.336,6.829,12.898,6.8235,NaN,3.8571,11.26,NaN,NaN,11.181,NaN,5.2366,3.1919,3.939,11.352,2.4564,3.7496,9.135,5.9928,8.3491,3.6629,NaN,NaN,1.5913,6.3656,NaN,12.514,NaN,NaN,4.4791,NaN,NaN,66.254,8.2096,NaN,9.542,10.054,6.6127,6.743,NaN,NaN,26.967,16.002,5.7421,NaN,NaN,NaN,NaN,6.451,8.85,4.8386,NaN,8.4691,8.3228,3.3912,NaN,NaN,NaN,6.5982,NaN,NaN,NaN,3.9513,NaN
20.047,16.463,15.026,36.549,NaN,13.334,9.8353,12.948,6.358,13.719,11.448,9.9858,8.6478,22.449,NaN,2.9715,44.531,NaN,8.915,9.3124,NaN,11.824,4.6048,6.2566,8.9213,NaN,7.6576,14.269,6.3598,15.702,16.882,NaN,16.17,12.668,16.94,8.3431,3.6389,10.079,22.5,13.862,NaN,20.485,16.313,NaN,NaN,8.316,NaN,21.568,6.5416,8.4642,13.955,7.7413,12.019,14.117,15.987,20.634,12.271,NaN,NaN,4.1765,24.369,NaN,27.26,NaN,NaN,11.687,NaN,NaN,33.084,12.988,NaN,24.664,24.452,5.4359,18.651,NaN,NaN,35.96,25.752,6.2054,NaN,NaN,NaN,NaN,31.561,4.2969,15.679,NaN,11.817,9.7662,8.0671,NaN,NaN,NaN,7.6437,NaN,NaN,NaN,13.795,NaN
26.059,8.5258,22.056,22.482,NaN,9.3855,12.644,21.334,28.221,12.128,7.5698,15.251,16.51,10.456,NaN,11.698,13.831,NaN,15.324,19.703,NaN,15.709,14.38,15.645,12.216,NaN,8.2388,35.148,18.477,14.9,11.045,NaN,15.154,33.21,40.456,17.804,9.2323,7.8967,10.824,26.864,NaN,12.741,29.846,NaN,NaN,3.8302,NaN,9.1984,14.039,11.316,24.577,10.776,6.0993,16.702,19.523,30.808,14.7,NaN,NaN,8.4823,17.867,NaN,10.815,NaN,NaN,16.947,NaN,NaN,8.5674,34.829,NaN,15.088,22.97,4.5216,15.479,NaN,NaN,18.532,44.878,30.612,NaN,NaN,NaN,NaN,14.552,17.239,16.181,NaN,12.114,17.753,28.412,NaN,NaN,NaN,9.7202,NaN,NaN,NaN,16.208,NaN
34.077,17.545,21.971,26.977,NaN,5.8873,14.291,16.681,37.771,28.023,10.373,32.276,18.388,18.952,NaN,9.234,17.036,NaN,16.662,23.797,NaN,19.344,22.587,21.479,15.261,NaN,8.2902,20.808,15.311,55.086,14.48,NaN,18.717,26.939,20.39,14.1,16.439,5.8854,24.391,24.795,NaN,16.943,30.186,NaN,NaN,21.475,NaN,10.22,17.681,13.37,30.146,12.567,9.2487,19.506,24.272,33.818,15.303,NaN,NaN,12.626,41.538,NaN,31.598,NaN,NaN,18.314,NaN,NaN,17.1,25.066,NaN,25.484,29.892,6.7011,24.155,NaN,NaN,26.66,35.712,14.884,NaN,NaN,NaN,NaN,33.182,9.7035,16.995,NaN,14.418,16.258,28.356,NaN,NaN,NaN,7.9392,NaN,NaN,NaN,16.49,NaN
12.295,5.2786,5.5303,10.922,NaN,2.7787,16.444,4.2554,15.663,5.8747,8.1551,7.0271,4.7863,25.952,NaN,2.8723,10.559,NaN,4.8691,4.8592,NaN,8.0493,6.3399,6.001,6.2955,NaN,3.5315,7.046,4.4085,5.6743,3.7252,NaN,12.364,4.9946,3.3084,8.2349,1.8445,2.7998,17.111,13.023,NaN,6.3109,13.738,NaN,NaN,8.3043,NaN,4.1388,7.0944,6.9807,5.8528,13.269,4.1192,10.751,6.7424,7.6782,2.7327,NaN,NaN,7.3276,6.9516,NaN,4.7449,NaN,NaN,8.1601,NaN,NaN,7.9799,15.743,NaN,5.8422,11.486,3.4343,21.508,NaN,NaN,12.817,27.877,1.3842,NaN,NaN,NaN,NaN,5.8514,2.9125,9.3265,NaN,11.361,14.732,17.401,NaN,NaN,NaN,5.2183,NaN,NaN,NaN,3.992,NaN
4.9511,8.8088,2.2532,0.96884,NaN,5.6433,12.327,3.9674,3.4399,3.3001,1.9178,5.3195,1.4468,3.992,NaN,1.8585,1.1875,NaN,2.7491,3.3019,NaN,1.7144,3.4599,5.705,3.0486,NaN,9.0109,3.7977,7.1181,4.9812,5.421,NaN,4.3014,4.0989,7.7475,9.7396,4.3646,3.6197,2.4764,3.2244,NaN,5.8128,2.0387,NaN,NaN,1.2376,NaN,2.7338,1.6187,2.6308,8.4458,9.0897,5.4807,3.1386,1.2303,3.7844,4.3949,NaN,NaN,1.5894,7.5795,NaN,1.948,NaN,NaN,12.04,NaN,NaN,1.7824,10.804,NaN,5.0176,8.863,1.428,9.592,NaN,NaN,12.933,6.8688,10.346,NaN,NaN,NaN,NaN,5.5438,15.016,14.816,NaN,17.27,5.235,4.2575,NaN,NaN,NaN,12.088,NaN,NaN,NaN,11.236,NaN
2.0658,13.356,10.021,4.72,NaN,4.3851,6.8192,8.2341,4.7507,2.561,3.0294,3.1502,2.3221,2.4612,NaN,4.3826,2.9861,NaN,3.5175,4.824,NaN,3.8063,3.9873,7.5945,5.1838,NaN,9.3677,1.7718,2.9589,7.5216,4.7771,NaN,6.9321,7.237,4.869,2.9335,1.803,1.8743,3.1222,3.0694,NaN,6.9063,1.0436,NaN,NaN,6.922,NaN,5.8858,2.6514,7.5807,10.737,4.5746,3.1567,1.7855,3.3806,6.3568,1.3609,NaN,NaN,5.821,3.2311,NaN,2.3586,NaN,NaN,6.1362,NaN,NaN,4.2694,1.4735,NaN,6.3845,6.8803,2.0148,2.6892,NaN,NaN,6.8222,4.6215,6.3711,NaN,NaN,NaN,NaN,1.5023,5.5815,13.807,NaN,30.484,7.5438,5.3639,NaN,NaN,NaN,3.0343,NaN,NaN,NaN,5.0317,NaN
3.3447,3.4299,3.8988,5.2599,NaN,4.9274,3.3384,2.2819,4.815,26.823,0.75771,7.4435,15.227,9.1215,NaN,4.4397,4.3816,NaN,3.7812,3.4334,NaN,3.2523,17.289,2.5182,9.3686,NaN,2.2775,6.6014,1.0737,1.4586,3.5053,NaN,1.7124,1.7618,1.8894,5.29,4.2224,3.865,3.0601,4.2435,NaN,8.9767,6.8514,NaN,NaN,5.41,NaN,1.1458,3.7412,4.1557,2.7477,5.5686,4.9341,1.3725,2.8798,17.269,2.4926,NaN,NaN,8.9912,7.6928,NaN,1.9216,NaN,NaN,8.4129,NaN,NaN,2.7867,2.8852,NaN,8.288,2.3521,5.7257,17.208,NaN,NaN,11.926,5.3158,0.02816,NaN,NaN,NaN,NaN,3.0237,5.408,4.1833,NaN,7.8853,1.7154,4.1417,NaN,NaN,NaN,1.1243,NaN,NaN,NaN,5.1799,NaN
2.3649,5.8455,2.5697,2.4367,NaN,2.2773,7.0452,1.4281,4.4862,2.5613,1.2803,4.27,15.69,13.15,NaN,3.424,3.7364,NaN,3.2937,3.5665,NaN,2.1025,5.5909,3.8071,8.1309,NaN,3.8714,1.6514,4.3473,2.0528,6.0684,NaN,1.4647,5.4281,4.5348,3.4696,13.862,3.0787,4.161,6.1184,NaN,6.601,11.241,NaN,NaN,8.1989,NaN,2.4913,6.087,7.8128,4.83,4.9681,3.5513,2.521,5.3016,3.7104,0.7253,NaN,NaN,1.4052,7.4575,NaN,9.5862,NaN,NaN,1.2922,NaN,NaN,0.22333,2.2469,NaN,2.0257,2.7025,2.458,3.669,NaN,NaN,11.71,1.8741,5.4451,NaN,NaN,NaN,NaN,6.399,2.0829,5.9352,NaN,6.4915,3.5033,8.5494,NaN,NaN,NaN,2.294,NaN,NaN,NaN,5.9306,NaN
7.7579,2.4575,2.9047,4.9971,NaN,12.971,4.811,6.6588,1.432,2.8479,0.79593,2.2526,1.9311,9.8813,NaN,2.8749,15.101,NaN,1.4681,2.7854,NaN,5.9474,11.836,10.104,8.4038,NaN,0.83686,5.4475,6.275,2.2041,6.7409,NaN,2.8297,0.80072,3.0667,4.6116,15.352,1.2017,3.3607,2.4128,NaN,5.8412,5.6025,NaN,NaN,1.9408,NaN,2.5724,3.9019,5.3586,20.779,4.9058,5.133,2.3423,4.0624,4.6598,4.2894,NaN,NaN,5.9267,2.2173,NaN,8.5553,NaN,NaN,4.6855,NaN,NaN,2.6773,4.7515,NaN,8.7648,1.1615,7.715,1.3232,NaN,NaN,3.6287,6.946,10.222,NaN,NaN,NaN,NaN,4.6655,2.5575,0.99108,NaN,25.828,2.7848,7.8343,NaN,NaN,NaN,3.3377,NaN,NaN,NaN,5.8174,NaN
3.3699,1.682,10.229,2.516,NaN,2.2561,9.6721,1.8171,5.4824,1.1077,1.474,6.398,9.1604,3.22,NaN,3.3551,14.883,NaN,2.4928,5.4298,NaN,0.75241,3.2168,5.8023,5.103,NaN,3.3543,1.3775,1.9077,3.4789,5.4732,NaN,1.7356,3.3093,14.042,2.2092,8.596,2.1345,3.6677,14.799,NaN,0.33835,12.626,NaN,NaN,8.1456,NaN,2.5139,4.0465,6.8083,6.2076,8.0696,5.9892,1.9379,8.3275,8.134,3.5916,NaN,NaN,1.3647,11.597,NaN,6.1182,NaN,NaN,7.4158,NaN,NaN,1.2711,2.5193,NaN,3.2659,2.5308,2.7328,3.4342,NaN,NaN,8.1707,4.6956,3.8188,NaN,NaN,NaN,NaN,10.819,4.0026,4.6067,NaN,8.4445,0.71152,5.4118,NaN,NaN,NaN,1.9827,NaN,NaN,NaN,4.356,NaN
3.186,0.6742,2.856,4.8368,NaN,7.4218,3.9959,3.4169,9.4616,5.6091,1.1015,5.8147,6.6467,4.3783,NaN,6.8516,3.005,NaN,4.5201,3.7852,NaN,2.084,2.6884,0.70715,7.4601,NaN,2.3551,8.6111,0.77338,3.7435,4.1862,NaN,2.3235,3.0848,9.484,6.1836,4.138,2.2393,2.6166,4.683,NaN,5.189,8.4616,NaN,NaN,5.4539,NaN,1.5354,2.5601,2.1776,2.4299,3.3719,2.8684,2.0551,12.182,7.2476,6.4589,NaN,NaN,7.3271,8.5619,NaN,1.848,NaN,NaN,5.7068,NaN,NaN,0.85616,5.6342,NaN,6.1886,0.89954,4.1795,17.485,NaN,NaN,10.491,5.8811,1.1185,NaN,NaN,NaN,NaN,2.1926,9.7086,3.5655,NaN,13.771,1.7374,2.2328,NaN,NaN,NaN,1.3829,NaN,NaN,NaN,5.4315,NaN
10.935,0.46705,2.7206,10.341,NaN,10.002,2.6106,7.8442,3.0248,5.1907,3.2261,2.1571,4.541,1.9074,NaN,10.02,4.8643,NaN,9.3047,3.2001,NaN,2.8036,1.7349,2.699,8.8619,NaN,4.6022,14.346,5.5238,1.1673,4.8495,NaN,2.3203,4.9907,6.9596,1.5381,8.2205,0.65974,0.65076,2.4929,NaN,6.0291,7.5811,NaN,NaN,6.5076,NaN,2.1359,6.9433,0.19932,2.4101,3.3049,2.7751,4.6413,5.1441,5.1862,4.7196,NaN,NaN,4.2194,12.61,NaN,1.6964,NaN,NaN,3.0167,NaN,NaN,2.0249,7.1364,NaN,3.8999,1.1812,2.995,5.2255,NaN,NaN,7.2843,14.211,2.3347,NaN,NaN,NaN,NaN,1.7257,6.3666,1.3593,NaN,3.2291,0.4223,1.4786,NaN,NaN,NaN,1.3045,NaN,NaN,NaN,3.8948,NaN
4.817,2.2962,8.5997,3.6219,NaN,6.7074,5.1758,7.1692,3.1582,0.76454,5.8214,3.9941,4.5556,2.3122,NaN,9.3418,6.6905,NaN,8.0188,4.0038,NaN,2.4674,2.8158,8.0903,5.9281,NaN,4.5049,3.3842,2.7608,4.4736,4.8429,NaN,3.3525,3.6435,7.0769,2.4198,10.388,0.14467,3.1806,4.4233,NaN,5.5768,26.729,NaN,NaN,10.348,NaN,1.5594,4.7728,2.6948,4.609,3.2898,0.88168,3.2287,8.9001,10.105,5.9413,NaN,NaN,2.1201,13.415,NaN,0.70026,NaN,NaN,4.4425,NaN,NaN,1.5628,12.432,NaN,4.4797,1.89,4.255,4.4015,NaN,NaN,6.8449,8.212,4.5685,NaN,NaN,NaN,NaN,4.4989,8.2592,4.1456,NaN,5.2833,1.0556,2.2719,NaN,NaN,NaN,2.2249,NaN,NaN,NaN,7.8354,NaN
2.1684,7.3824,4.3337,1.3909,NaN,7.3596,6.1515,6.4844,2.1177,1.3151,3.5035,3.0843,4.0705,2.5911,NaN,2.2572,8.0345,NaN,7.9699,7.8067,NaN,0.74725,4.7785,8.4518,5.2213,NaN,1.7519,1.8508,3.2253,6.464,8.3367,NaN,3.1767,1.4182,4.4554,2.589,9.9609,0.83127,3.2053,5.7502,NaN,6.729,13.996,NaN,NaN,5.9467,NaN,1.7547,3.5272,2.5349,6.9501,7.346,6.6802,2.1767,9.1837,10.481,5.0234,NaN,NaN,5.7073,5.111,NaN,3.8892,NaN,NaN,6.81,NaN,NaN,2.6254,3.9789,NaN,8.3871,3.1303,5.8451,11.276,NaN,NaN,9.4971,4.3986,6.9078,NaN,NaN,NaN,NaN,10.598,10.017,5.7401,NaN,4.1583,0.62331,4.3313,NaN,NaN,NaN,2.3766,NaN,NaN,NaN,3.1654,NaN
2.7951,2.7243,1.1923,5.1219,NaN,9.6774,4.8995,18.22,2.6662,2.7964,1.2522,1.239,0.64954,3.3027,NaN,1.1583,10.504,NaN,3.9844,8.1711,NaN,4.5287,4.0963,8.7589,6.8989,NaN,0.70595,3.2525,4.9469,5.517,5.4613,NaN,2.0543,2.6604,2.5332,3.4441,10.351,1.2579,2.8045,2.6109,NaN,5.6485,19.866,NaN,NaN,2.0179,NaN,1.8672,1.6627,3.9338,5.4819,5.738,4.7098,2.3214,10.309,7.453,7.5088,NaN,NaN,4.0871,2.0983,NaN,5.3033,NaN,NaN,7.0225,NaN,NaN,3.785,6.6218,NaN,7.664,1.5776,5.9503,6.2841,NaN,NaN,4.1789,6.5497,6.331,NaN,NaN,NaN,NaN,7.3177,6.8427,3.5689,NaN,4.0563,3.1049,5.3249,NaN,NaN,NaN,3.6239,NaN,NaN,NaN,2.2561,NaN
1.9959,2.2899,3.7792,7.7917,NaN,7.1225,2.1573,6.7767,2.7262,6.1919,4.2703,5.9361,7.9306,4.5267,NaN,3.0653,1.0759,NaN,2.9332,3.4108,NaN,7.6142,7.9523,5.0306,7.5299,NaN,2.9885,2.0019,11.344,6.472,4.4367,NaN,5.1052,5.6261,1.8843,5.3177,6.6427,2.113,2.5911,2.2878,NaN,3.7599,7.4667,NaN,NaN,2.0955,NaN,6.412,2.6655,4.4451,2.4759,5.698,1.2761,4.0708,10.733,24.332,1.5332,NaN,NaN,3.3318,6.1169,NaN,5.8547,NaN,NaN,2.0131,NaN,NaN,1.3148,2.4571,NaN,8.8302,1.223,6.7056,1.1956,NaN,NaN,3.6944,6.4597,4.1398,NaN,NaN,NaN,NaN,3.6143,3.7709,5.1736,NaN,8.8772,3.0443,5.9485,NaN,NaN,NaN,1.489,NaN,NaN,NaN,5.6363,NaN
3.3602,2.8204,5.9468,11.338,NaN,1.8441,0.88138,5.7573,5.6447,4.4595,2.6528,12.181,3.133,5.6264,NaN,5.4148,3.3472,NaN,4.0619,1.7024,NaN,3.2139,7.2099,9.8285,1.9014,NaN,4.2341,4.844,10.241,1.244,7.8073,NaN,6.3245,4.8658,3.2422,4.2484,3.6248,2.1345,4.6599,10.083,NaN,3.6826,5.3228,NaN,NaN,5.6878,NaN,5.2559,5.4858,4.6278,1.3166,4.1042,2.3487,3.1081,5.6562,8.1539,2.1514,NaN,NaN,12.41,7.6591,NaN,3.9179,NaN,NaN,2.6978,NaN,NaN,1.0405,1.9304,NaN,7.8698,2.5201,1.9358,6.6356,NaN,NaN,0.37855,6.7347,2.1224,NaN,NaN,NaN,NaN,3.8693,4.5469,7.3516,NaN,1.0029,1.3617,4.2104,NaN,NaN,NaN,3.1883,NaN,NaN,NaN,3.9659,NaN
4.5965,0.66746,2.9557,1.1293,NaN,5.3968,1.2674,6.2575,3.6582,6.5446,1.7631,4.7438,3.4791,5.1955,NaN,5.6834,11.16,NaN,6.2279,3.7357,NaN,1.4408,6.2312,8.9565,2.3443,NaN,1.8007,1.1182,5.5427,2.6015,7.4202,NaN,2.7677,3.0712,3.1012,5.7269,4.5836,4.1036,1.7394,1.4202,NaN,0.61754,3.3289,NaN,NaN,6.8392,NaN,1.7904,1.5462,5.5823,1.915,3.0098,4.4,2.5886,2.0364,2.5024,4.0235,NaN,NaN,8.8895,3.3375,NaN,3.5933,NaN,NaN,5.6331,NaN,NaN,3.5707,3.7579,NaN,3.0067,0.7821,4.0961,4.6461,NaN,NaN,2.8869,4.3353,2.2964,NaN,NaN,NaN,NaN,8.7623,15.709,5.7456,NaN,1.4183,3.7306,4.3693,NaN,NaN,NaN,6.2962,NaN,NaN,NaN,2.7525,NaN
2.4579,5.7844,4.0248,0.34512,NaN,5.811,4.1978,8.697,0.95965,2.063,0.69001,2.095,7.7637,1.4598,NaN,7.8544,8.7858,NaN,5.0012,2.8982,NaN,0.44391,7.3902,1.4108,9.6849,NaN,2.0478,2.5205,1.2731,5.3295,2.8333,NaN,5.1636,1.645,2.8873,4.1733,6.3901,3.8714,2.2449,2.2708,NaN,25.276,12.44,NaN,NaN,1.9735,NaN,4.1524,6.0427,1.8648,2.2241,4.6665,3.3446,2.3013,12.474,8.7881,3.5599,NaN,NaN,4.3009,5.8768,NaN,5.9335,NaN,NaN,3.7438,NaN,NaN,4.8676,4.5354,NaN,2.3449,2.8646,5.7795,4.1189,NaN,NaN,4.0738,0.53483,7.5078,NaN,NaN,NaN,NaN,3.0567,10.33,7.2653,NaN,1.9539,27.325,11.509,NaN,NaN,NaN,1.9152,NaN,NaN,NaN,8.3822,NaN
4.8565,5.817,7.0066,6.3122,NaN,3.7123,3.2352,6.1317,1.7331,4.6208,2.4926,4.0194,4.4928,6.317,NaN,6.0285,2.3867,NaN,2.9327,4.9639,NaN,5.6862,3.0802,2.9642,3.8427,NaN,1.415,2.1218,1.6299,5.6168,5.4112,NaN,0.11408,4.081,4.6916,4.0367,11.51,1.1387,6.8953,2.5622,NaN,6.0601,10.215,NaN,NaN,5.8887,NaN,6.2289,16.996,7.5,1.2483,6.0807,10.405,9.7565,7.8302,8.6046,3.5853,NaN,NaN,3.6631,8.1489,NaN,1.9602,NaN,NaN,3.0098,NaN,NaN,3.125,4.964,NaN,1.7781,0.96072,3.0112,3.617,NaN,NaN,0.056648,1.7808,3.4687,NaN,NaN,NaN,NaN,2.5731,9.2793,0.4625,NaN,3.3403,4.1455,8.1788,NaN,NaN,NaN,2.2012,NaN,NaN,NaN,0.85877,NaN
9.7628,13.269,4.1165,31.872,NaN,6.5912,0.93598,6.765,8.7407,1.9685,3.2798,9.3488,3.6366,5.3828,NaN,3.5974,1.7182,NaN,1.3412,7.1454,NaN,6.5737,3.5751,3.3882,2.6458,NaN,3.4246,5.4216,1.9583,7.9325,0.73973,NaN,1.456,3.446,3.624,2.2636,4.6534,1.4014,2.9517,1.5974,NaN,3.4591,6.8228,NaN,NaN,7.5577,NaN,9.2487,13.475,2.8015,0.2336,6.6264,8.2292,4.8737,5.9607,7.7185,6.4185,NaN,NaN,0.91866,24.146,NaN,2.3579,NaN,NaN,4.0129,NaN,NaN,4.3325,2.203,NaN,2.4986,1.4255,1.3653,4.0402,NaN,NaN,2.2373,3.8688,5.2341,NaN,NaN,NaN,NaN,4.3111,4.1924,5.5198,NaN,1.6218,2.8116,2.3962,NaN,NaN,NaN,1.8197,NaN,NaN,NaN,1.7466,NaN
3.3561,3.3452,4.387,24.274,NaN,4.7207,8.4777,5.0706,15.177,2.4398,5.2607,7.6252,3.3667,6.016,NaN,3.4709,0.87617,NaN,3.4884,9.0421,NaN,3.9651,1.4468,13.783,3.1352,NaN,7.836,2.8274,2.1446,9.0928,9.7699,NaN,7.0111,6.9377,3.2978,2.0672,5.6369,1.1047,4.5367,1.5758,NaN,3.63,5.1698,NaN,NaN,9.4397,NaN,17.513,2.8037,2.4672,9.942,5.848,5.0268,4.6729,3.3428,5.0159,0.97387,NaN,NaN,3.4047,4.6362,NaN,1.6106,NaN,NaN,5.0597,NaN,NaN,4.7,5.2257,NaN,3.4209,5.4248,1.7591,3.0493,NaN,NaN,8.8996,4.7563,6.3766,NaN,NaN,NaN,NaN,5.8474,4.6209,12.292,NaN,3.3172,5.4148,4.4579,NaN,NaN,NaN,1.7552,NaN,NaN,NaN,3.1381,NaN
1.1716,8.5424,6.1529,9.981,NaN,2.1529,0.97454,4.6319,53.18,5.3597,5.1671,3.5462,4.6817,11.351,NaN,4.2557,0.85947,NaN,2.2347,12.803,NaN,3.3492,3.5211,1.1323,4.6401,NaN,9.409,9.193,1.6415,11.439,5.5788,NaN,2.8058,5.5952,11.975,6.5359,1.0655,1.5753,3.0648,1.4189,NaN,9.539,2.1173,NaN,NaN,5.9119,NaN,7.5709,6.5866,7.4309,5.4562,7.7082,4.0026,6.277,5.5059,5.2103,3.4544,NaN,NaN,1.5749,5.7333,NaN,4.1189,NaN,NaN,8.9166,NaN,NaN,6.647,7.6565,NaN,3.4996,10.966,3.8624,1.6224,NaN,NaN,1.4372,4.2026,0.66551,NaN,NaN,NaN,NaN,3.6597,3.7687,5.9046,NaN,0.65927,5.0407,2.8562,NaN,NaN,NaN,1.0163,NaN,NaN,NaN,6.2441,NaN
6.3564,7.0178,3.5913,1.2662,NaN,4.5538,0.93609,5.563,6.6766,2.4291,1.7757,9.1672,4.0609,3.3406,NaN,6.863,4.8029,NaN,3.4408,14.473,NaN,1.2425,18.262,1.1769,5.051,NaN,4.4591,4.4844,4.0278,8.3022,2.2754,NaN,2.68,10.719,6.4375,5.0929,1.0033,1.3723,3.1255,2.0731,NaN,9.893,2.9716,NaN,NaN,4.6097,NaN,4.2311,5.9357,2.485,3.97,4.97,3.8476,1.2349,8.2148,15.447,2.9907,NaN,NaN,4.0618,11.397,NaN,1.3646,NaN,NaN,4.0107,NaN,NaN,2.1061,4.883,NaN,3.7738,9.5496,6.8882,3.1981,NaN,NaN,1.6855,2.0272,3.451,NaN,NaN,NaN,NaN,3.2175,3.4613,7.8632,NaN,4.0223,1.1308,5.0627,NaN,NaN,NaN,2.7593,NaN,NaN,NaN,4.4209,NaN
6.0799,2.5166,4.7323,1.8521,NaN,3.4291,4.1627,6.7947,2.8189,1.9756,1.6106,6.369,1.7963,11.586,NaN,6.8674,8.0598,NaN,12.415,6.6492,NaN,1.8727,3.1569,4.6261,2.6498,NaN,1.6558,0.5059,4.2059,4.3514,2.9265,NaN,1.6774,1.7528,9.375,3.3239,1.9608,4.1367,3.077,2.6464,NaN,1.135,5.3554,NaN,NaN,2.5779,NaN,3.257,2.5702,3.0503,0.90558,1.9854,8.2262,2.5197,6.5636,11.808,3.8892,NaN,NaN,4.9997,8.4022,NaN,5.232,NaN,NaN,6.5481,NaN,NaN,4.6858,0.95689,NaN,3.303,4.4286,1.509,11.891,NaN,NaN,2.5835,4.8333,5.1511,NaN,NaN,NaN,NaN,11.331,4.368,15.878,NaN,2.673,4.5204,1.9447,NaN,NaN,NaN,3.6242,NaN,NaN,NaN,4.1657,NaN
10.338,7.2811,9.0026,26.773,NaN,8.7374,9.994,20.405,17.818,14.693,9.0037,11.344,8.3661,6.2495,NaN,12.713,12.797,NaN,16.288,30.02,NaN,20.358,10.655,15.733,9.2624,NaN,7.1166,36.084,18.276,17.904,18.936,NaN,12.015,32.055,13.254,29.6,10.085,8.5991,6.9212,21.805,NaN,9.3799,19.97,NaN,NaN,2.6254,NaN,4.3203,8.0235,7.9819,12.689,9.5471,5.9968,25.964,10.548,18.086,8.5573,NaN,NaN,6.0156,12.316,NaN,5.3628,NaN,NaN,19.54,NaN,NaN,16.146,13.991,NaN,39.998,28.597,5.9127,8.5677,NaN,NaN,13.244,36.263,39.199,NaN,NaN,NaN,NaN,9.2694,14.457,16.11,NaN,8.8081,14.292,43.23,NaN,NaN,NaN,7.5929,NaN,NaN,NaN,17.164,NaN
3.4018,8.407,6.341,6.8682,NaN,2.6459,4.9745,1.5068,9.6536,2.6954,2.2125,2.8689,2.5587,3.3905,NaN,5.28,10.658,NaN,1.9529,1.6187,NaN,4.1549,9.4574,1.1931,9.6967,NaN,5.2895,10.391,2.1209,2.5496,1.1076,NaN,4.0076,7.4326,4.1551,5.6841,4.3845,0.91045,6.5621,1.9775,NaN,7.2895,18.576,NaN,NaN,6.1068,NaN,0.11269,5.476,1.188,4.5684,4.3631,1.6597,2.8624,10.636,5.1509,2.7886,NaN,NaN,3.7515,11.875,NaN,19.675,NaN,NaN,11.997,NaN,NaN,0.86915,4.0088,NaN,6.7122,14.654,3.2569,1.5709,NaN,NaN,2.546,6.2903,1.2117,NaN,NaN,NaN,NaN,4.3148,6.1209,34.253,NaN,2.8135,5.822,1.4603,NaN,NaN,NaN,8.799,NaN,NaN,NaN,16.666,NaN
1.3142,2.1136,3.3116,5.5189,NaN,6.2674,11.345,7.993,5.0328,5.1276,0.91584,2.627,3.5456,2.8595,NaN,9.8702,11.67,NaN,2.3285,2.4862,NaN,5.069,8.3531,3.889,11.16,NaN,2.0872,1.5087,3.1024,6.8037,0.33973,NaN,3.0992,6.1491,3.5703,2.8107,7.6725,1.8613,4.995,9.9151,NaN,2.7187,2.9756,NaN,NaN,1.5022,NaN,1.9195,2.3996,0.37105,1.3271,1.401,8.1588,5.8762,6.6464,14.38,3.3713,NaN,NaN,6.7779,11.498,NaN,10.185,NaN,NaN,12.609,NaN,NaN,1.4624,5.2407,NaN,6.0848,9.6917,1.1026,9.0341,NaN,NaN,4.4871,2.9099,5.1102,NaN,NaN,NaN,NaN,14.435,4.9069,9.095,NaN,2.2238,9.0738,2.2497,NaN,NaN,NaN,5.1288,NaN,NaN,NaN,4.3983,NaN
4.7671,10.361,2.0762,3.0429,NaN,6.5566,4.4744,8.2015,4.9283,1.9612,0.78662,20.492,4.5921,3.7254,NaN,4.9768,5.9999,NaN,3.9059,4.1259,NaN,1.6378,4.8997,3.1274,2.799,NaN,2.1136,3.3112,1.5612,11.029,0.3448,NaN,4.0178,4.7464,1.73,0.85424,5.985,1.1048,2.3611,4.2446,NaN,8.1928,5.1486,NaN,NaN,0.79647,NaN,7.0226,3.4307,3.6589,3.3195,4.5244,4.2151,5.9206,10.422,11.921,11.777,NaN,NaN,6.0357,10.866,NaN,3.4904,NaN,NaN,15.118,NaN,NaN,2.5749,6.1735,NaN,5.6172,11.95,2.3361,9.9525,NaN,NaN,3.7157,4.1196,6.2989,NaN,NaN,NaN,NaN,5.151,4.072,7.5175,NaN,0.83804,4.041,9.9679,NaN,NaN,NaN,3.5811,NaN,NaN,NaN,2.7932,NaN
4.7919,9.421,2.7492,6.0157,NaN,1.2458,0.81703,6.2251,8.1793,0.86421,1.5044,2.3412,2.4908,7.0555,NaN,1.6,10.732,NaN,2.7579,5.6443,NaN,3.1592,3.6573,2.8161,4.1845,NaN,6.0387,8.4794,3.2681,6.9694,4.8421,NaN,8.5204,3.1613,4.8537,4.6752,3.0834,2.2927,2.5222,4.1958,NaN,6.9996,7.8217,NaN,NaN,3.6065,NaN,12.457,4.6349,19.911,6.5871,9.7236,0.63037,3.7654,10.141,10.945,5.4237,NaN,NaN,6.7615,6.0626,NaN,1.7397,NaN,NaN,13.376,NaN,NaN,3.6061,1.6927,NaN,4.1407,13.122,3.7269,3.8872,NaN,NaN,6.7151,5.1638,0.39817,NaN,NaN,NaN,NaN,2.9281,1.3887,3.3378,NaN,4.9158,3.132,7.2101,NaN,NaN,NaN,1.9583,NaN,NaN,NaN,10.415,NaN
6.7761,11.491,2.9408,1.9473,NaN,2.4536,16.146,10.375,4.8947,12.578,2.2248,8.606,12.075,4.5763,NaN,2.8779,4.4452,NaN,6.5648,2.6836,NaN,4.3177,3.061,7.2251,7.4554,NaN,3.424,10.729,8.2793,6.5701,15.151,NaN,16.394,9.3956,9.0576,7.2638,6.5612,5.5834,2.6254,17.79,NaN,16.756,7.9696,NaN,NaN,3.56,NaN,5.5326,6.0883,4.6392,6.8142,6.9164,4.2263,3.9356,3.0395,5.7204,11.226,NaN,NaN,1.6671,6.9841,NaN,2.8445,NaN,NaN,17.15,NaN,NaN,4.1457,15.035,NaN,10.303,15.936,0.24754,19.415,NaN,NaN,8.9342,0.68207,7.6715,NaN,NaN,NaN,NaN,8.7262,13.511,9.4663,NaN,15.717,4.6999,7.3575,NaN,NaN,NaN,10.823,NaN,NaN,NaN,17.912,NaN
10.873,14.714,7.8205,66.134,NaN,4.6244,13.518,13.147,5.5692,7.5791,0.84408,17.372,23.204,8.7112,NaN,5.0301,11.356,NaN,9.6065,4.8356,NaN,6.1167,5.0136,30.778,4.2514,NaN,2.1163,44.684,6.4586,9.5524,5.7322,NaN,12.021,39.178,7.8746,7.5889,7.4249,1.9134,4.1809,27.289,NaN,14.642,7.3973,NaN,NaN,1.5638,NaN,7.0873,11.416,22.667,4.8226,9.4712,3.4122,8.8493,7.2603,11.347,10.139,NaN,NaN,4.8404,10.503,NaN,3.2719,NaN,NaN,8.7489,NaN,NaN,5.0613,29.397,NaN,4.9462,22.293,5.9241,15.412,NaN,NaN,6.7623,1.9218,10.527,NaN,NaN,NaN,NaN,12.598,8.1358,6.4702,NaN,18.365,4.7052,13.095,NaN,NaN,NaN,11.196,NaN,NaN,NaN,9.0423,NaN
19.072,10.457,9.453,9.6988,NaN,3.2755,10.038,11.239,8.6784,3.7987,2.5725,12.612,8.0798,11.795,NaN,3.5672,15.093,NaN,3.2941,6.7233,NaN,7.279,8.7662,19.077,8.9535,NaN,4.3419,28.378,7.8353,7.9055,2.432,NaN,18.218,22.514,6.7821,7.1831,6.6388,2.2462,4.5939,8.1676,NaN,7.8029,4.0903,NaN,NaN,2.6823,NaN,5.9242,8.2939,11.563,5.7149,7.0397,3.995,12.648,7.946,7.4032,7.5965,NaN,NaN,11.386,16.647,NaN,3.8523,NaN,NaN,6.4505,NaN,NaN,4.811,8.9884,NaN,3.4375,17.743,4.4479,10.492,NaN,NaN,16.964,1.6739,28.696,NaN,NaN,NaN,NaN,14.904,13.787,6.3106,NaN,24.678,5.8227,3.6635,NaN,NaN,NaN,8.2318,NaN,NaN,NaN,4.0085,NaN
9.1199,0.47799,9.3782,6.1027,NaN,1.907,7.6276,9.2377,6.1717,8.974,3.8758,9.0308,2.9714,8.902,NaN,1.7641,7.7194,NaN,2.9545,3.9436,NaN,7.7458,8.9429,13.672,23.214,NaN,2.9502,8.1937,12.997,3.8197,1.2105,NaN,6.1072,8.2918,4.4236,3.7283,3.493,5.9085,4.042,3.7305,NaN,2.8384,6.0725,NaN,NaN,7.3827,NaN,0.19076,3.313,10.451,8.3826,7.0556,4.8018,5.6742,15.22,3.2902,5.0966,NaN,NaN,13.837,10.991,NaN,4.5645,NaN,NaN,11.792,NaN,NaN,3.8135,4.5162,NaN,4.2954,10.55,5.4074,10.21,NaN,NaN,6.6142,5.518,4.4932,NaN,NaN,NaN,NaN,13.257,13.755,5.9229,NaN,24.603,6.0225,6.6261,NaN,NaN,NaN,4.5114,NaN,NaN,NaN,10.372,NaN
4.4133,5.2495,9.0034,5.951,NaN,5.2662,7.2397,8.3741,3.6305,3.0138,6.3132,6.7118,0.41781,6.8014,NaN,3.8581,4.3009,NaN,3.2307,2.1205,NaN,10.009,6.7941,4.2379,4.8889,NaN,3.7508,2.9936,12.005,1.5463,1.2278,NaN,6.7832,5.5239,2.3311,2.1936,4.9568,9.4499,6.7651,1.6847,NaN,2.7733,4.4261,NaN,NaN,2.6768,NaN,2.0404,1.9957,6.5581,9.987,19.59,2.9757,2.6364,17.918,3.7112,3.5202,NaN,NaN,3.5518,7.8258,NaN,5.3388,NaN,NaN,13.346,NaN,NaN,3.7593,2.9643,NaN,5.8142,4.3725,4.4825,9.2558,NaN,NaN,4.4006,4.7276,3.3287,NaN,NaN,NaN,NaN,7.0326,2.4623,3.9717,NaN,11.366,3.7519,7.1311,NaN,NaN,NaN,3.0923,NaN,NaN,NaN,7.366,NaN
4.8193,11.154,16.306,6.6018,NaN,2.8997,8.0187,11.129,3.2743,21.962,0.39932,6.9796,2.5894,29.67,NaN,29.537,9.6538,NaN,8.9156,5.4582,NaN,6.7863,7.7263,10.058,8.3942,NaN,4.522,8.6155,9.698,4.371,1.3426,NaN,1.5497,7.0303,4.4315,6.4428,5.9316,4.0553,1.7076,3.8501,NaN,1.3719,4.3901,NaN,NaN,6.3204,NaN,1.8378,5.0097,12.894,10.832,8.1043,2.2093,10.361,18.679,3.5152,6.2965,NaN,NaN,6.4687,11.969,NaN,4.9122,NaN,NaN,11.76,NaN,NaN,4.1677,4.3137,NaN,2.9742,6.6855,3.6749,16.392,NaN,NaN,11.521,8.507,1.9087,NaN,NaN,NaN,NaN,8.8032,6.4267,11.486,NaN,10.4,1.5883,13.541,NaN,NaN,NaN,2.4419,NaN,NaN,NaN,9.0959,NaN
2.7683,6.8292,7.113,8.3909,NaN,5.3027,9.757,12.845,2.06,23.943,9.2844,4.5872,4.241,4.6788,NaN,5.7068,7.2329,NaN,31.142,3.9602,NaN,5.9528,3.1415,7.0766,5.4309,NaN,6.9648,8.028,4.0731,2.5589,4.3814,NaN,2.968,11.35,15.251,13.988,3.9031,1.2388,6.4998,4.5991,NaN,3.5872,6.4287,NaN,NaN,6.7115,NaN,2.1544,6.4071,19.495,6.901,3.5793,3.43,5.0196,7.5303,5.3222,4.1702,NaN,NaN,5.808,7.7207,NaN,1.6602,NaN,NaN,2.9896,NaN,NaN,2.6744,11.784,NaN,1.2391,5.7947,4.4526,13.279,NaN,NaN,5.431,14.537,4.3519,NaN,NaN,NaN,NaN,6.7951,9.0821,8.0032,NaN,3.5462,2.359,46.706,NaN,NaN,NaN,3.8539,NaN,NaN,NaN,4.2983,NaN
11.762,18.805,9.9134,8.8118,NaN,4.8639,12.622,16.512,9.4428,34.024,9.1366,11.2,4.1095,8.4828,NaN,15.541,11.302,NaN,18.528,14.534,NaN,15.452,14.298,11.757,12.617,NaN,6.1747,5.308,16.386,18.336,20.761,NaN,10.682,18.204,11.727,21.555,10.872,5.107,12.96,9.8929,NaN,5.6251,15.744,NaN,NaN,12.055,NaN,3.3099,12.624,8.1426,9.9006,11.539,11.199,30.056,7.5509,13.582,4.04,NaN,NaN,7.6449,25.024,NaN,8.1048,NaN,NaN,17.064,NaN,NaN,6.2289,10.565,NaN,13.339,25.941,6.9609,5.3821,NaN,NaN,16.363,35.422,12.503,NaN,NaN,NaN,NaN,14.346,5.8166,26.114,NaN,4.3697,20.477,59.487,NaN,NaN,NaN,4.0105,NaN,NaN,NaN,16.733,NaN
