2.7277,38.144,4.3273,3.2173,12.681,NaN,23.137,15.782,4.8963,7.3399,NaN,NaN,NaN,NaN,0.67976,3.7023,17.65,1.1708,NaN,21.796,7.6197,9.695,5.1617,6.6924,0.62934,3.6969,13.189,4.7274,NaN,1.1833,5.0658,1.0989,NaN,3.6463,13.835,8.1494,7.3813,7.2404,16.202,7.8289,NaN,6.3386,13.426,1.4708,10.655,5.4459,2.6802,NaN,NaN,NaN,6.9702,3.6963,7.4129,NaN,13.175,9.4421,NaN,NaN,2.8337,3.5503,NaN,12.44,7.712,NaN,3.9606,13.307,4.4126,2.9828,NaN,NaN,3.4807,8.4518,NaN,5.5209,10.051,4.2948,16.426,NaN,6.8008,9.1392,10.01,29.14,4.9795,1.3376,2.4118,4.4515,NaN,NaN,NaN,NaN,NaN,NaN,NaN,11.029,NaN,NaN,6.7,6.0085,NaN,NaN
4.9625,10.888,5.2049,3.7112,16.13,NaN,9.1546,9.4928,7.7324,17.145,NaN,NaN,NaN,NaN,8.0919,11.323,12.665,2.496,NaN,9.2281,5.6807,11.401,2.551,10.406,3.6762,22.309,15.133,4.1734,NaN,2.1952,12.483,2.9016,NaN,21.729,9.7414,4.9067,30.304,6.9006,15.45,12.842,NaN,4.8366,5.2209,3.2979,13.694,9.4237,13.613,NaN,NaN,NaN,13.048,4.7757,14.525,NaN,1.4556,5.5769,NaN,NaN,10.262,8.9923,NaN,4.145,10.989,NaN,7.2241,15.405,6.6819,4.453,NaN,NaN,4.6251,16.519,NaN,7.1024,22.163,3.5698,5.9076,NaN,27.512,6.6491,8.3156,11.069,2.636,8.5115,19.907,4.0235,NaN,NaN,NaN,NaN,NaN,NaN,NaN,11.02,NaN,NaN,9.1489,18.28,NaN,NaN
4.1772,20.992,1.7888,8.8415,14.146,NaN,2.0098,83.533,15.679,14.143,NaN,NaN,NaN,NaN,9.2568,3.9045,8.4446,0.60386,NaN,17.823,7.5717,10.171,1.1756,10.781,2.6905,5.3156,7.6384,10.058,NaN,5.9287,7.2708,6.6606,NaN,12.351,8.7283,3.6976,12.195,2.882,12.053,12.676,NaN,4.5544,6.2183,6.1823,5.5688,3.1413,4.2574,NaN,NaN,NaN,20.145,4.9628,4.2923,NaN,10.818,12.011,NaN,NaN,12.88,4.4264,NaN,2.855,7.9356,NaN,5.4355,14.647,2.2151,3.277,NaN,NaN,1.6367,9.2003,NaN,8.8931,25.372,5.5882,5.1329,NaN,19.148,12.006,11.955,17.195,5.6726,9.0701,6.7609,2.873,NaN,NaN,NaN,NaN,NaN,NaN,NaN,19.867,NaN,NaN,6.4209,34.735,NaN,NaN
2.7456,12.821,11.225,15.223,2.2115,NaN,3.5514,8.7644,11.431,8.4092,NaN,NaN,NaN,NaN,4.2998,4.7261,4.104,4.6771,NaN,11.045,7.3971,17.879,5.9465,18.273,3.3436,0.55552,5.3078,52.304,NaN,6.4829,3.5655,6.0457,NaN,9.2899,7.8019,2.197,3.8135,11.324,10.688,9.9919,NaN,0.92872,5.5988,7.1916,21.166,5.8571,6.0815,NaN,NaN,NaN,14.507,1.5649,5.059,NaN,16.341,2.089,NaN,NaN,8.1644,5.4943,NaN,7.9702,6.5582,NaN,4.8996,3.3794,3.4011,8.1695,NaN,NaN,1.0787,7.8858,NaN,2.9904,18.114,5.0318,3.5633,NaN,16.251,29.099,7.0869,7.5733,6.8613,4.1024,7.1934,1.2527,NaN,NaN,NaN,NaN,NaN,NaN,NaN,22.449,NaN,NaN,6.2704,23.148,NaN,NaN
7.8745,8.7143,3.0747,12.953,15.881,NaN,1.3107,8.5432,9.9632,12.599,NaN,NaN,NaN,NaN,4.4685,7.3085,4.5138,2.4358,NaN,4.2497,6.2944,7.8639,5.3478,32.822,1.846,11.157,4.1259,10.258,NaN,4.6784,5.8174,6.1184,NaN,6.4781,5.7515,2.7617,1.2007,7.8582,6.9127,9.4858,NaN,3.1193,2.8902,4.1979,17.804,10.492,5.5293,NaN,NaN,NaN,11.088,13.314,7.6032,NaN,10.235,9.0588,NaN,NaN,14.921,4.2451,NaN,3.4365,9.4058,NaN,5.7676,3.4969,1.1621,5.4681,NaN,NaN,1.6562,8.5235,NaN,3.634,15.584,4.0522,4.9531,NaN,14.457,12.158,10.715,7.2425,3.4687,6.6118,7.2817,5.6477,NaN,NaN,NaN,NaN,NaN,NaN,NaN,22.926,NaN,NaN,7.2169,22.144,NaN,NaN
15.476,9.1023,1.1615,8.9184,11.502,NaN,4.1648,7.5443,8.3328,10.638,NaN,NaN,NaN,NaN,8.3799,8.8495,8.4638,2.4124,NaN,6.1575,4.0897,5.0715,5.9161,17.187,3.6192,20.506,27.985,2.8742,NaN,2.6655,24.259,4.8549,NaN,4.7583,3.8368,5.3969,3.0811,3.2955,3.3102,9.8058,NaN,4.957,1.8933,6.83,23.357,15.137,7.4682,NaN,NaN,NaN,7.895,15.828,9.3609,NaN,4.4718,16.421,NaN,NaN,16.246,5.9094,NaN,3.6565,14.147,NaN,5.0213,13.023,1.8896,2.4867,NaN,NaN,1.6035,10.255,NaN,6.441,16.36,3.1926,4.5298,NaN,10.142,6.9341,10.595,6.583,0.94035,7.8028,16.132,10.025,NaN,NaN,NaN,NaN,NaN,NaN,NaN,16.79,NaN,NaN,9.7924,20.736,NaN,NaN
11.44,17.192,3.5685,13.328,1.2645,NaN,9.5202,3.6335,2.6536,8.281,NaN,NaN,NaN,NaN,6.0293,9.948,21.381,1.794,NaN,13.044,1.9896,7.2696,4.7787,6.3897,3.6601,16.786,8.4813,6.2703,NaN,2.979,16.361,4.2584,NaN,2.5439,4.4283,3.9217,26.364,2.4281,12.608,4.8505,NaN,5.0395,5.2658,5.9898,6.9996,5.6762,8.588,NaN,NaN,NaN,9.3854,8.0111,9.8505,NaN,5.9885,4.9243,NaN,NaN,16.134,11.847,NaN,11.702,13.273,NaN,3.9673,10.683,2.7879,5.3517,NaN,NaN,5.1082,8.6728,NaN,6.7614,15.523,4.2415,4.3607,NaN,3.4609,3.8421,9.0279,3.2181,2.7325,4.4668,10.852,7.8248,NaN,NaN,NaN,NaN,NaN,NaN,NaN,11.397,NaN,NaN,7.1156,18.348,NaN,NaN
11.471,1.6633,6.2429,5.0852,6.6027,NaN,10.416,27.535,1.6597,5.762,NaN,NaN,NaN,NaN,7.6754,3.0167,0.61559,3.6875,NaN,9.5858,5.6613,15.02,17.019,4.9954,1.5437,2.3656,8.9435,8.1646,NaN,9.0993,7.0756,3.0571,NaN,4.1264,13.531,7.7231,5.0207,18.53,3.3452,5.9597,NaN,3.827,7.8387,5.5785,6.3582,4.2201,16.797,NaN,NaN,NaN,5.767,3.6659,3.9414,NaN,1.3807,12.292,NaN,NaN,1.7961,8.4053,NaN,2.5781,11.677,NaN,4.5428,9.5194,14.793,3.7945,NaN,NaN,9.6184,5.543,NaN,8.0176,9.0271,7.6642,2.505,NaN,9.449,5.0826,2.7493,1.8363,3.6927,2.2769,3.7053,6.947,NaN,NaN,NaN,NaN,NaN,NaN,NaN,12.555,NaN,NaN,6.2768,14.282,NaN,NaN
20.121,11.501,3.2768,6.8214,9.4986,NaN,3.9107,18.727,5.4119,6.9551,NaN,NaN,NaN,NaN,10.464,20.506,3.6036,3.9336,NaN,12.16,4.3158,2.6578,8.4943,15.61,5.1055,7.3128,10.523,6.766,NaN,17.188,6.056,4.7296,NaN,2.7252,19.051,9.016,1.7749,1.0065,4.7289,9.3899,NaN,7.5772,6.6648,6.088,19.357,16.007,9.452,NaN,NaN,NaN,2.0603,25.253,7.8807,NaN,5.7567,21.857,NaN,NaN,10.493,1.8611,NaN,4.7744,14.9,NaN,7.0155,10.773,12.743,2.7582,NaN,NaN,3.7883,12.439,NaN,11.159,16.653,1.8891,6.4494,NaN,6.0484,5.1611,3.7714,8.1208,1.2918,4.3034,5.9002,28.738,NaN,NaN,NaN,NaN,NaN,NaN,NaN,14.02,NaN,NaN,13.193,12.207,NaN,NaN
15.7,8.1777,2.3204,2.0024,8.4594,NaN,0.64073,12.661,2.0883,3.5339,NaN,NaN,NaN,NaN,25.569,9.2376,2.1281,5.7696,NaN,18.142,1.7091,13.511,7.2619,45.396,1.882,9.765,8.4475,6.7786,NaN,12.71,18.072,23.085,NaN,5.9517,17.491,5.7882,4.3906,7.2643,5.081,9.1676,NaN,9.0859,9.4822,6.6467,23.941,8.1531,4.0227,NaN,NaN,NaN,2.6097,28.874,9.038,NaN,8.556,12.678,NaN,NaN,2.9372,5.4874,NaN,4.2523,1.8959,NaN,8.2514,6.06,12.122,5.9052,NaN,NaN,5.5843,7.9905,NaN,4.8587,7.2993,0.81299,8.1161,NaN,9.8467,8.1743,0.49444,3.3838,2.3599,4.9934,18.121,12.643,NaN,NaN,NaN,NaN,NaN,NaN,NaN,21.175,NaN,NaN,8.4531,12.165,NaN,NaN
9.1369,4.5979,16.879,4.3032,17.173,NaN,16.967,12.768,5.4692,11.078,NaN,NaN,NaN,NaN,6.9897,3.7113,2.7389,9.9144,NaN,6.8125,4.1785,25.293,0.32852,6.4672,5.5451,6.126,13.412,10.441,NaN,4.3714,23.347,8.9239,NaN,9.416,5.2952,2.3983,3.8518,13.468,7.8138,3.9844,NaN,5.3071,8.5785,6.7315,9.1726,9.502,4.5065,NaN,NaN,NaN,7.8349,4.929,12.25,NaN,7.9703,16.464,NaN,NaN,7.7368,1.764,NaN,2.7562,2.4113,NaN,0.74525,14.776,9.6357,10.573,NaN,NaN,3.0254,4.9177,NaN,4.6483,6.6348,6.8762,2.7315,NaN,11.434,11.278,2.4119,1.8177,11.584,0.61479,25.587,7.7436,NaN,NaN,NaN,NaN,NaN,NaN,NaN,5.7763,NaN,NaN,3.4403,9.6159,NaN,NaN
12.589,6.5276,13.399,12.522,7.325,NaN,1.8545,40.102,5.5487,6.2653,NaN,NaN,NaN,NaN,8.5549,16.143,7.1085,2.4336,NaN,4.6728,9.5511,24.096,7.4614,5.7438,3.5448,3.2388,21.477,8.3947,NaN,2.0649,16.426,3.7929,NaN,11.233,4.0545,7.8683,43.361,17.783,3.9104,12.045,NaN,10.44,9.8391,11.457,4.6847,9.1485,12.742,NaN,NaN,NaN,8.2766,15.579,7.3709,NaN,2.9371,6.2934,NaN,NaN,6.9703,5.0437,NaN,8.5361,1.6991,NaN,13.258,20.082,6.7015,3.3382,NaN,NaN,23.756,12.745,NaN,6.5042,5.8834,4.5217,3.448,NaN,2.8755,7.7817,1.7419,6.2239,4.8244,12.264,5.5815,2.8604,NaN,NaN,NaN,NaN,NaN,NaN,NaN,11.334,NaN,NaN,5.4196,3.9729,NaN,NaN
7.2057,12.548,3.6052,36.424,8.343,NaN,7.1127,12.232,7.7128,9.7617,NaN,NaN,NaN,NaN,13.702,3.3517,3.985,10.705,NaN,12.208,2.881,7.8469,2.8904,19.413,3.1234,4.7863,9.6644,4.3908,NaN,8.0515,10.699,7.6427,NaN,4.5328,23.751,5.8814,7.5221,5.1393,10.105,7.6935,NaN,15.04,10.049,21.673,30.586,18.296,7.0031,NaN,NaN,NaN,6.5483,10.745,7.4208,NaN,8.0661,26.852,NaN,NaN,0.8336,8.2376,NaN,2.284,7.3859,NaN,7.7864,10.242,2.8237,12.792,NaN,NaN,11.168,6.5305,NaN,13.663,2.627,2.8867,1.7312,NaN,9.9274,2.859,2.1475,9.7301,2.1143,12.867,0.54792,4.9142,NaN,NaN,NaN,NaN,NaN,NaN,NaN,22.425,NaN,NaN,6.4531,8.581,NaN,NaN
9.2826,10.456,6.2069,14.268,11.949,NaN,5.4693,17.998,3.7851,12.168,NaN,NaN,NaN,NaN,12.944,33.612,6.9358,8.034,NaN,12.246,5.9751,8.5051,5.935,10.183,5.507,8.4466,8.1462,6.443,NaN,12.675,4.8975,4.128,NaN,5.5863,10.386,4.2105,4.2081,4.6651,10.776,6.5211,NaN,8.1548,3.9333,6.4666,21.623,12.245,13.359,NaN,NaN,NaN,17.495,8.3068,5.4999,NaN,5.7752,22.174,NaN,NaN,5.9493,16.18,NaN,4.0501,20.631,NaN,8.0789,6.0201,10.172,41.617,NaN,NaN,4.9307,8.8728,NaN,1.3488,4.2827,6.0613,6.2321,NaN,11.594,3.6088,5.3512,5.2556,2.9495,9.8448,8.9233,9.0613,NaN,NaN,NaN,NaN,NaN,NaN,NaN,6.8695,NaN,NaN,7.9119,11.893,NaN,NaN
20.033,17.361,20.179,11.61,14.074,NaN,19.035,26.742,9.9881,20.045,NaN,NaN,NaN,NaN,6.594,9.6635,12.907,16.936,NaN,35.832,28.484,15.292,17.626,15.207,33.824,25.934,16.14,14.438,NaN,26.949,10.101,12.396,NaN,32.307,13.67,17.229,16.003,17.541,13.839,16.797,NaN,18.962,8.1821,32.556,19.149,14.267,30.177,NaN,NaN,NaN,4.5385,10.369,16.103,NaN,17.149,29.808,NaN,NaN,13.243,30.062,NaN,12.114,14.15,NaN,1.5125,15.399,3.8989,17.334,NaN,NaN,20.388,35.615,NaN,4.7189,10.378,6.3196,12.629,NaN,9.1769,15.052,5.9198,8.9521,16.125,10.969,19.564,20.28,NaN,NaN,NaN,NaN,NaN,NaN,NaN,7.9885,NaN,NaN,7.2256,9.5108,NaN,NaN
3.884,11.683,10.95,22.769,2.2137,NaN,26.448,18.165,14.721,19.678,NaN,NaN,NaN,NaN,2.2902,6.9576,15.534,8.1096,NaN,8.698,2.9011,2.5722,28.404,4.2644,10.378,5.1726,2.5713,3.0672,NaN,3.8023,4.7901,7.9223,NaN,24.47,11.615,8.6,3.6376,15.321,6.3951,8.3228,NaN,4.3559,0.91719,17.829,4.6796,12.651,2.8363,NaN,NaN,NaN,2.1525,16.084,2.5818,NaN,6.8811,5.9614,NaN,NaN,4.8152,21.276,NaN,8.5694,7.6584,NaN,10.121,7.5704,28.49,9.9367,NaN,NaN,5.5193,18.85,NaN,26.424,6.4434,9.5242,7.8123,NaN,4.5771,6.3378,0.2708,8.2495,4.2622,11.08,8.1798,1.9823,NaN,NaN,NaN,NaN,NaN,NaN,NaN,6.6841,NaN,NaN,4.2312,7.3974,NaN,NaN
8.064,11.651,13.491,12.138,18.763,NaN,11.341,16.767,7.1721,11.994,NaN,NaN,NaN,NaN,9.2964,7.4232,4.4088,4.8238,NaN,6.0894,7.894,2.7305,9.052,13.223,5.199,3.1936,5.1291,7.1496,NaN,15.686,2.6724,5.9408,NaN,9.011,2.8889,12.786,7.0721,9.7572,22.537,7.2619,NaN,13.587,1.0009,15.212,14.954,3.7251,3.8921,NaN,NaN,NaN,5.6002,11.5,6.8954,NaN,5.2822,9.2543,NaN,NaN,4.4056,18.359,NaN,1.8551,17.797,NaN,12.984,3.0186,7.4756,4.767,NaN,NaN,5.5493,16.024,NaN,18.463,5.0797,9.2819,2.8538,NaN,10.7,9.812,5.4275,3.4318,3.2192,20.802,8.7688,18.32,NaN,NaN,NaN,NaN,NaN,NaN,NaN,21.966,NaN,NaN,4.6593,8.3703,NaN,NaN
15.203,4.0046,8.6237,8.2044,16.284,NaN,5.072,3.9508,10.869,9.5765,NaN,NaN,NaN,NaN,5.5918,8.7072,5.6634,3.1461,NaN,6.7691,3.5534,2.7138,5.6222,2.3088,10.985,14.711,19.012,8.9142,NaN,11.65,6.7835,14.884,NaN,5.7184,17.367,10.054,4.3062,17.533,5.0206,7.0939,NaN,8.6369,7.9944,17.974,29.763,6.7226,9.2924,NaN,NaN,NaN,1.1168,24.158,7.561,NaN,10.431,1.9223,NaN,NaN,6.9812,2.484,NaN,11.42,8.838,NaN,10.889,2.9643,7.997,5.6508,NaN,NaN,7.1976,5.3933,NaN,6.96,2.5958,1.4975,13.598,NaN,9.2455,8.4716,4.9053,6.4282,4.5921,22.056,8.2772,8.3874,NaN,NaN,NaN,NaN,NaN,NaN,NaN,23.383,NaN,NaN,6.3131,7.0305,NaN,NaN
10.914,2.3554,10.314,4.2457,13.903,NaN,8.3347,13.145,5.0182,10.319,NaN,NaN,NaN,NaN,8.6864,3.2928,8.0053,3.7599,NaN,2.8446,43.925,11.969,19.484,11.636,34.405,5.5459,13.969,4.0245,NaN,2.1885,19.479,11.158,NaN,10.328,14.35,6.8284,1.9436,10.144,4.4388,17.59,NaN,12.131,11.146,10.722,26.723,2.2946,8.4674,NaN,NaN,NaN,4.3414,9.4248,2.9599,NaN,6.5898,5.9426,NaN,NaN,4.3559,3.0419,NaN,11.274,10.149,NaN,11.035,7.1938,10.029,16.02,NaN,NaN,12.18,7.383,NaN,10.475,8.7588,1.5403,4.099,NaN,6.3949,10.986,4.1657,4.5267,8.1731,32.635,5.8304,3.9608,NaN,NaN,NaN,NaN,NaN,NaN,NaN,1.84,NaN,NaN,12.858,4.2579,NaN,NaN
16.994,5.1147,7.7491,7.4742,7.1128,NaN,11.197,19.94,4.3976,13.722,NaN,NaN,NaN,NaN,7.4684,14.159,11.942,18.654,NaN,14.734,18.038,5.2197,8.302,6.9852,12.809,3.5111,7.9985,10.264,NaN,5.6441,6.6392,11.588,NaN,13.842,13.412,7.1393,7.7747,9.0088,15.549,9.1019,NaN,12.393,6.7813,8.0316,10.665,1.5867,7.5192,NaN,NaN,NaN,8.0762,6.6588,2.8928,NaN,4.0854,23.981,NaN,NaN,15.71,4.0366,NaN,6.4601,3.665,NaN,2.3076,11.896,5.7068,5.6932,NaN,NaN,7.6907,7.1155,NaN,6.6952,20.5,7.2186,2.6222,NaN,10.754,6.6857,7.9785,5.7469,5.1965,10.142,9.1377,6.3024,NaN,NaN,NaN,NaN,NaN,NaN,NaN,9.7158,NaN,NaN,6.5881,15.398,NaN,NaN
14.991,10.774,2.3056,7.7508,13.35,NaN,3.6126,11.055,12.18,9.5609,NaN,NaN,NaN,NaN,5.631,7.9841,11.86,17.149,NaN,22.854,11.048,19.939,13.01,12.342,11.786,52.197,19.45,14.307,NaN,11.978,5.7496,18.579,NaN,9.4303,13.522,7.977,9.7013,33.293,5.008,14.334,NaN,14.229,3.349,12.531,10.169,3.7092,7.8225,NaN,NaN,NaN,2.712,7.7041,3.3061,NaN,15.327,16.812,NaN,NaN,8.3951,10.44,NaN,10.634,16.444,NaN,2.5034,10.741,8.0935,18.216,NaN,NaN,6.675,17.608,NaN,2.3824,8.3075,5.1219,11.797,NaN,4.598,56.628,2.2637,7.6842,5.1066,7.2184,4.6069,5.7543,NaN,NaN,NaN,NaN,NaN,NaN,NaN,17.013,NaN,NaN,17.34,5.6037,NaN,NaN
6.743,20.502,9.2667,17.442,22.064,NaN,5.2427,9.0129,10.933,5.7356,NaN,NaN,NaN,NaN,8.7775,6.4676,14.238,15.952,NaN,18.84,12.162,7.9624,12.484,12.201,7.4157,15.453,11.5,16.091,NaN,14.434,13.359,27.107,NaN,4.9143,9.1392,5.2895,12.766,20.339,5.1608,15.975,NaN,33.315,29.358,9.6793,8.5033,25.664,2.8884,NaN,NaN,NaN,1.6877,11.364,10.362,NaN,12.725,10.568,NaN,NaN,5.9596,14.565,NaN,9.7009,31.707,NaN,10.83,13.888,15.966,31.617,NaN,NaN,6.8426,17.272,NaN,16.145,1.0494,8.1007,17.719,NaN,5.1283,31.315,5.059,5.6297,10.087,14.384,20.231,10.71,NaN,NaN,NaN,NaN,NaN,NaN,NaN,22.476,NaN,NaN,43.386,15.766,NaN,NaN
8.0407,17.991,9.1206,84.053,14.442,NaN,18.364,9.3531,2.1626,21.135,NaN,NaN,NaN,NaN,5.4615,14.225,12.808,22.599,NaN,6.4557,7.052,5.9526,10.972,14.457,6.55,6.243,9.0898,9.4686,NaN,8.6237,15.87,15.677,NaN,3.9278,7.8714,6.4396,8.3903,12.551,10.124,13.266,NaN,11.229,13.034,7.2117,3.9356,14.394,2.3828,NaN,NaN,NaN,6.8315,6.5407,26.477,NaN,12.94,6.8316,NaN,NaN,3.1408,13.633,NaN,6.8442,33.906,NaN,6.4756,14.977,22.095,24.072,NaN,NaN,5.2604,5.5375,NaN,15.094,2.9126,10.961,19.973,NaN,2.4226,40.061,7.147,6.7146,13.059,23.752,41.295,10.03,NaN,NaN,NaN,NaN,NaN,NaN,NaN,9.3375,NaN,NaN,28.007,34.505,NaN,NaN
13.784,6.2564,3.2987,8.9494,8.4799,NaN,8.5317,11.87,2.4888,22.535,NaN,NaN,NaN,NaN,6.8315,9.3171,12.221,15.64,NaN,6.8383,5.4544,9.1769,11.647,23.39,5.3374,9.1833,11.024,11.273,NaN,9.6085,12.019,1.8545,NaN,6.3127,7.0065,19.855,10.515,5.3206,0.92556,17.649,NaN,7.339,8.6701,10.168,6.4274,7.6648,17.028,NaN,NaN,NaN,18.908,1.1576,22.217,NaN,11.219,15.194,NaN,NaN,2.0715,9.3205,NaN,6.5719,14.167,NaN,3.3242,21.059,21.927,16.465,NaN,NaN,15.785,6.3984,NaN,8.9831,4.575,13.209,16.312,NaN,5.0153,42.318,7.4648,12.026,9.6592,9.1679,23.1,18.679,NaN,NaN,NaN,NaN,NaN,NaN,NaN,7.509,NaN,NaN,22.987,11.308,NaN,NaN
22.121,24.414,5.5634,55.377,24.945,NaN,3.0149,7.3133,10.885,9.1585,NaN,NaN,NaN,NaN,4.8977,11.933,14.196,19.568,NaN,6.6974,9.6557,1.4263,4.9208,13.283,25.055,15.99,4.6597,12.206,NaN,4.336,12.019,18.774,NaN,6.3178,5.2608,10.977,6.0475,17.04,3.0679,14.187,NaN,30.802,9.0776,8.5464,12.972,12.172,5.6192,NaN,NaN,NaN,9.2998,3.4991,11.663,NaN,10.045,4.2447,NaN,NaN,4.3413,14.42,NaN,23.933,34.917,NaN,9.104,18.147,32.612,35.827,NaN,NaN,9.8461,12.331,NaN,2.8281,6.0425,8.8164,6.348,NaN,17.715,21.361,7.7297,4.0427,9.2045,15.868,42.417,5.1266,NaN,NaN,NaN,NaN,NaN,NaN,NaN,14.749,NaN,NaN,16.834,10.122,NaN,NaN
4.3288,13.699,5.5504,11.888,5.3016,NaN,11.024,18.017,20.734,1.3902,NaN,NaN,NaN,NaN,8.6182,8.9663,16.612,14.586,NaN,25.371,12.784,4.775,10.109,30.157,12.732,6.3435,8.6723,11.392,NaN,2.7436,6.5805,2.4738,NaN,14.286,9.0014,3.5392,29.293,9.9396,17.404,8.1726,NaN,13.673,14.583,8.8699,10.265,6.5652,8.4399,NaN,NaN,NaN,9.729,4.2599,7.5366,NaN,8.1962,2.6882,NaN,NaN,2.5962,9.8414,NaN,5.4034,3.3868,NaN,22.356,7.3825,14.807,16.99,NaN,NaN,11.674,6.6103,NaN,10.312,6.8246,8.2253,13.505,NaN,16.233,13.41,1.4017,4.7282,13.231,1.8368,10.511,16.149,NaN,NaN,NaN,NaN,NaN,NaN,NaN,8.0224,NaN,NaN,3.4473,11.526,NaN,NaN
21.826,32.193,33.092,25.701,13.793,NaN,32.774,16.241,10.188,19.467,NaN,NaN,NaN,NaN,11.893,7.1071,11.484,26.148,NaN,11.938,19.776,12.907,18.584,22.509,32.649,24.399,16.238,12.289,NaN,8.9185,34.335,8.9764,NaN,26.29,14.233,13.946,20.192,17.215,17.593,11.982,NaN,21.544,12.085,19.378,16.419,13.129,13.398,NaN,NaN,NaN,9.5928,11.373,15.977,NaN,18.954,13.713,NaN,NaN,8.1169,27.554,NaN,12.333,9.6658,NaN,10.991,12.809,6.7949,18.984,NaN,NaN,15.738,35.045,NaN,13.095,10.527,10.089,16.398,NaN,7.341,12.484,2.9131,6.3305,19.295,8.0484,17.482,31.107,NaN,NaN,NaN,NaN,NaN,NaN,NaN,8.115,NaN,NaN,16.864,15.542,NaN,NaN
24.78,18.467,9.6801,20.172,18.623,NaN,16.274,26.065,27.078,16.215,NaN,NaN,NaN,NaN,15.247,17.608,18.224,27.754,NaN,23.206,26.174,19.223,25.59,18.176,27.616,63.074,35.326,19.5,NaN,120.84,17.194,16.756,NaN,27.854,16.941,28.891,17.53,23.169,18.254,21.547,NaN,27.236,11.708,23.728,19.703,17.859,36.956,NaN,NaN,NaN,2.9336,13.582,19.871,NaN,23.834,26.478,NaN,NaN,17.486,25.861,NaN,17.234,36.432,NaN,8.169,20.321,17.147,22.393,NaN,NaN,13.159,31.342,NaN,11.26,26.782,14.157,15.356,NaN,13.318,41.593,14.165,18.29,16.208,19.682,42.569,19.41,NaN,NaN,NaN,NaN,NaN,NaN,NaN,20.028,NaN,NaN,29.505,30.667,NaN,NaN
35.634,24.55,11.151,30.531,19.67,NaN,22.293,15.861,19.551,18.155,NaN,NaN,NaN,NaN,17.093,19.916,19.047,21.337,NaN,16.985,19.452,16.393,21.611,23.636,28.244,37.081,38.076,18.79,NaN,39.306,22.388,11.992,NaN,31.412,15.246,31.567,22.24,20.517,21.401,17.505,NaN,30.824,20.652,20.077,16.842,19.262,21.708,NaN,NaN,NaN,9.1896,12.347,20.867,NaN,23.613,20.019,NaN,NaN,17.778,26.206,NaN,19.066,31.318,NaN,16.244,17.398,16.269,21.912,NaN,NaN,23.15,26.32,NaN,31.967,32.774,21.234,20.432,NaN,12.874,24.878,6.2114,14.095,20.362,16.858,27.563,26.486,NaN,NaN,NaN,NaN,NaN,NaN,NaN,8.67,NaN,NaN,45.133,26.5,NaN,NaN
14.675,43.542,11.484,26.201,8.8388,NaN,32.733,19.898,6.8385,6.8423,NaN,NaN,NaN,NaN,13.939,6.467,7.7276,13.064,NaN,4.7995,7.5816,5.4847,18.46,25.685,9.2873,14.093,11.265,13.278,NaN,10.762,9.5819,11.428,NaN,6.2641,7.1371,19.664,18.289,17.99,14.038,12.625,NaN,5.3416,6.7949,15.112,12.499,10.166,10.401,NaN,NaN,NaN,14.688,6.7323,12.063,NaN,12.068,8.4039,NaN,NaN,8.3071,23.386,NaN,24.902,12.074,NaN,18.501,14.555,18.274,22.293,NaN,NaN,12.99,16.257,NaN,15.725,7.3368,17.868,30.348,NaN,24.348,22.404,6.1061,14.161,21.048,14.404,15.637,32.034,NaN,NaN,NaN,NaN,NaN,NaN,NaN,9.3278,NaN,NaN,17.901,24.533,NaN,NaN
20.225,5.2715,10.078,13.326,3.1886,NaN,8.7847,21.369,12.203,12.103,NaN,NaN,NaN,NaN,7.4946,3.7076,11.316,12.158,NaN,8.9867,19.089,6.4312,6.8144,4.6291,19.748,10.028,0.41261,3.403,NaN,8.2763,6.3817,4.7436,NaN,9.4184,12.325,5.3087,8.0174,18.971,8.8996,13.357,NaN,10.721,9.6485,6.7886,7.1446,1.6345,2.1633,NaN,NaN,NaN,11.871,4.8964,9.0239,NaN,4.2913,5.3478,NaN,NaN,11.127,4.9745,NaN,9.0996,5.2458,NaN,4.4435,34.569,6.0191,8.9329,NaN,NaN,5.3746,17.11,NaN,1.0742,16.015,10.478,12.24,NaN,13.169,11.823,5.2376,14.854,8.2341,19.497,12.192,12.558,NaN,NaN,NaN,NaN,NaN,NaN,NaN,15.656,NaN,NaN,7.3013,14.167,NaN,NaN
9.4223,6.9918,10.598,5.9933,7.7418,NaN,30.863,6.133,13.976,13.079,NaN,NaN,NaN,NaN,5.3236,11.042,4.5888,0.82905,NaN,12,12.607,14.657,4.9801,8.412,10.636,16.805,6.1312,4.3069,NaN,3.6734,7.9937,6.1913,NaN,1.2095,9.0871,8.1069,7.0065,14.307,5.0425,30.877,NaN,7.8524,19.897,2.9728,8.2145,3.1236,4.7453,NaN,NaN,NaN,4.635,5.6118,7.0174,NaN,5.1418,2.4363,NaN,NaN,7.9917,12.193,NaN,4.2948,8.2792,NaN,48.186,5.195,12.602,13.654,NaN,NaN,7.1981,6.6712,NaN,15.591,10.605,12.202,5.6691,NaN,7.7337,4.8739,5.707,7.1364,6.2807,29.32,4.1174,3.8036,NaN,NaN,NaN,NaN,NaN,NaN,NaN,9.8653,NaN,NaN,5.0152,8.3167,NaN,NaN
2.3087,23.808,5.2627,3.9985,13.298,NaN,6.3151,5.5285,6.235,9.359,NaN,NaN,NaN,NaN,8.7101,8.1385,16.75,1.7103,NaN,27.603,7.9973,6.5699,4.8209,11.816,2.4821,35.149,24.336,5.0452,NaN,4.057,2.236,6.6704,NaN,13.675,15.953,14.463,4.5353,5.0549,18.704,13.557,NaN,6.5255,7.5446,7.1575,8.988,7.8763,3.6411,NaN,NaN,NaN,3.6985,11.826,10.647,NaN,51.323,6.4776,NaN,NaN,12.073,10.156,NaN,18.105,6.6925,NaN,3.2468,9.9137,13.552,6.8571,NaN,NaN,1.4899,16.925,NaN,2.9014,6.2469,9.978,9.081,NaN,4.7906,7.2173,11.832,12.898,6.8418,4.4907,6.3815,3.3081,NaN,NaN,NaN,NaN,NaN,NaN,NaN,10.869,NaN,NaN,6.0202,3.3508,NaN,NaN
1.7994,8.745,5.1871,3.5573,3.0961,NaN,3.0336,8.5794,10.365,5.4929,NaN,NaN,NaN,NaN,29.751,15.589,9.1579,4.9765,NaN,18.604,19.594,7.3504,10.065,3.8099,3.0122,15.414,10.107,6.2131,NaN,6.8119,6.5943,7.8546,NaN,15.639,15.003,11.821,4.0839,3.8881,6.0035,11.35,NaN,3.9232,1.1794,8.8013,7.7358,1.3276,4.9095,NaN,NaN,NaN,2.38,8.9809,10.547,NaN,1.2859,4.1961,NaN,NaN,5.1402,2.8863,NaN,8.9842,26.705,NaN,2.4776,21.1,11.28,4.7067,NaN,NaN,29.526,15.415,NaN,1.9496,4.5403,4.2867,2.6712,NaN,7.9855,8.1604,1.8907,9.4758,5.8103,13.513,33.22,3.0152,NaN,NaN,NaN,NaN,NaN,NaN,NaN,6.6493,NaN,NaN,8.0404,5.8131,NaN,NaN
5.1518,9.3597,3.8133,9.9437,6.1468,NaN,8.3243,6.0755,4.5364,5.2785,NaN,NaN,NaN,NaN,4.8046,6.0977,5.3529,5.3507,NaN,11.654,8.7466,2.4753,4.7529,3.3207,1.6249,8.0308,20.428,4.4191,NaN,6.913,1.4043,3.3224,NaN,5.3718,6.0763,3.4405,2.7589,7.5784,10.059,6.8886,NaN,5.8724,10.116,2.4495,22.899,4.0827,4.2451,NaN,NaN,NaN,11.833,7.6369,15.85,NaN,68.97,2.3412,NaN,NaN,2.3564,9.6865,NaN,27.881,7.273,NaN,1.9889,19.624,13.649,12.399,NaN,NaN,15.847,4.6141,NaN,11.462,10.288,11.217,9.1831,NaN,7.1475,1.6421,6.4283,21.781,9.5388,8.9872,13.838,4.5126,NaN,NaN,NaN,NaN,NaN,NaN,NaN,2.9987,NaN,NaN,8.8483,25.632,NaN,NaN
1.4235,8.0331,2.4682,3.8583,15.032,NaN,3.9,11.811,15.249,26.699,NaN,NaN,NaN,NaN,10.508,4.0165,15.596,3.9063,NaN,6.6752,5.78,3.887,7.4394,10.3,8.0825,2.7273,18.102,2.9445,NaN,8.4664,13.356,9.3199,NaN,8.8437,3.8132,1.4452,5.1486,8.0967,10.977,5.3687,NaN,2.5445,7.6693,6.4378,17.523,4.0276,7.5175,NaN,NaN,NaN,10.007,4.0761,19.985,NaN,21.521,3.62,NaN,NaN,4.2933,6.7751,NaN,6.5434,8.1675,NaN,2.8874,4.4892,5.9748,4.1764,NaN,NaN,21.927,9.8645,NaN,6.208,17.134,7.144,4.1078,NaN,6.351,3.2801,7.1371,9.2692,8.2173,18.063,18.629,3.939,NaN,NaN,NaN,NaN,NaN,NaN,NaN,9.7179,NaN,NaN,6.0959,11.967,NaN,NaN
1.5064,9.2225,3.5512,4.7976,9.0688,NaN,2.621,10.559,12.649,8.4147,NaN,NaN,NaN,NaN,12.041,4.3154,7.4944,3.7814,NaN,8.6117,10.877,21.938,9.4525,10.165,6.299,10.261,15.222,5.2831,NaN,7.316,6.485,9.3457,NaN,8.7356,8.4968,2.5013,10.047,3.9008,3.9293,14.083,NaN,2.9916,6.3183,5.5451,2.1375,4.6187,3.0099,NaN,NaN,NaN,7.3265,3.6094,4.4069,NaN,18.731,20.426,NaN,NaN,3.6419,3.7048,NaN,7.2083,6.4052,NaN,4.7181,2.5261,29.123,9.3216,NaN,NaN,1.9797,10.51,NaN,5.4436,17.204,7.6155,12.608,NaN,4.7573,10.128,5.3476,9.7253,9.4773,3.8226,10.721,0.35569,NaN,NaN,NaN,NaN,NaN,NaN,NaN,9.5944,NaN,NaN,5.8678,14.188,NaN,NaN
9.2353,17.059,3.7518,8.831,9.7371,NaN,5.3007,12.744,9.7458,5.1569,NaN,NaN,NaN,NaN,6.2339,1.5013,3.3105,2.0401,NaN,18.977,12.369,43.141,5.8633,10.779,5.3976,6.1838,8.898,16.612,NaN,14.866,3.527,2.2491,NaN,9.4442,6.8889,7.3001,13.953,7.9843,5.6083,11.474,NaN,11.701,11.457,12.303,32.037,11.66,5.4469,NaN,NaN,NaN,16.617,5.3978,2.4402,NaN,17.172,15.157,NaN,NaN,4.1,7.2506,NaN,9.1459,9.39,NaN,5.8858,5.3976,53.568,13.719,NaN,NaN,3.0065,3.9759,NaN,2.3676,9.6226,8.593,4.7071,NaN,7.2762,22.158,2.625,5.9646,5.3827,5.2619,9.8674,2.7245,NaN,NaN,NaN,NaN,NaN,NaN,NaN,8.8644,NaN,NaN,2.591,9.1151,NaN,NaN
5.8965,9.4268,5.3692,2.7799,11.652,NaN,3.9945,12.95,13.355,1.7847,NaN,NaN,NaN,NaN,5.5516,2.5714,2.3044,16.805,NaN,3.6378,15.491,33.527,5.811,7.4387,13.136,2.2215,6.8605,9.3543,NaN,11.175,4.7694,3.0887,NaN,2.5622,2.7863,8.0413,10.312,12.647,5.9906,5.424,NaN,12.264,2.352,8.659,6.4054,9.9589,7.3702,NaN,NaN,NaN,10.791,6.3337,9.2105,NaN,9.7474,3.4692,NaN,NaN,3.2855,2.2546,NaN,8.7853,3.3964,NaN,19.461,13.011,9.7096,5.4562,NaN,NaN,6.3278,8.2985,NaN,9.084,6.2479,17.317,3.9788,NaN,6.8908,3.8016,2.0861,2.6475,4.2205,6.5162,15.799,1.735,NaN,NaN,NaN,NaN,NaN,NaN,NaN,9.1832,NaN,NaN,6.8529,6.1407,NaN,NaN
4.2613,7.9088,3.3553,2.28,21.918,NaN,4.0081,8.3668,11.223,8.2175,NaN,NaN,NaN,NaN,5.9781,4.021,0.57807,3.0553,NaN,13.584,6.9619,18.774,5.8303,14.961,14.154,16.085,25.144,2.1936,NaN,8.5092,15.463,3.9456,NaN,4.031,21.072,8.4955,6.1515,19.368,4.8365,1.9179,NaN,6.494,3.0313,9.3586,10.607,4.4767,5.7403,NaN,NaN,NaN,6.0889,13.861,36.565,NaN,14.605,4.4283,NaN,NaN,5.4465,6.472,NaN,13.942,4.9571,NaN,4.5341,16.47,4.2651,2.591,NaN,NaN,8.1936,11.745,NaN,34.317,12.119,10.465,10.393,NaN,3.1567,5.579,3.5466,6.8318,4.3291,5.8582,14.281,5.5135,NaN,NaN,NaN,NaN,NaN,NaN,NaN,16.893,NaN,NaN,5.6265,12.672,NaN,NaN
4.8545,11.394,3.1391,5.3999,20.457,NaN,3.3227,3.0758,12.194,6.5106,NaN,NaN,NaN,NaN,5.111,4.465,3.2076,0.84142,NaN,12.56,3.1298,10.859,4.766,13.588,13.151,18.404,23.096,2.7732,NaN,8.7764,10.711,2.3114,NaN,8.9776,16.156,12.754,6.0936,12.064,2.8018,5.7639,NaN,4.0211,7.2946,11.877,5.5141,1.5432,1.6927,NaN,NaN,NaN,6.2205,17.2,12.65,NaN,8.4284,1.8678,NaN,NaN,17.707,4.2937,NaN,12.376,5.9603,NaN,4.8815,27.324,4.4694,2.8745,NaN,NaN,4.614,6.0583,NaN,18.088,24.684,14.208,13.824,NaN,0.88804,7.8794,4.7532,12.623,7.7786,4.0783,10.493,6.107,NaN,NaN,NaN,NaN,NaN,NaN,NaN,13.781,NaN,NaN,6.1496,9.3546,NaN,NaN
4.1568,10.35,3.4663,31.063,14.179,NaN,6.7449,4.4928,3.7617,4.3382,NaN,NaN,NaN,NaN,3.6709,18.481,5.4122,5.3314,NaN,14.139,6.246,11.726,5.8246,8.9234,7.8824,8.7398,2.5528,5.4919,NaN,15.568,11.038,1.6176,NaN,20.144,14.418,13.572,13.738,6.5908,4.29,11.072,NaN,4.9294,9.1462,22.873,13.925,5.7881,11.36,NaN,NaN,NaN,10.111,11.357,10.797,NaN,5.6476,5.5368,NaN,NaN,3.0982,4.6637,NaN,5.896,8.3882,NaN,7.9196,22.509,16.851,8.6149,NaN,NaN,7.2286,2.7752,NaN,4.9504,12.158,14.139,8.0251,NaN,4.5178,4.8898,16.423,13.819,9.4107,8.3384,10.916,0.90623,NaN,NaN,NaN,NaN,NaN,NaN,NaN,11.391,NaN,NaN,9.2992,8.6321,NaN,NaN
8.183,7.4447,3.6106,6.3605,14.801,NaN,8.3145,16.158,3.8048,4.7376,NaN,NaN,NaN,NaN,2.9137,2.2731,5.0871,4.2701,NaN,3.6523,11.409,17.376,3.2897,7.6881,1.0048,3.6178,16.229,8.6367,NaN,9.3586,7.5201,10.429,NaN,9.6975,12.309,10.671,9.4747,14.08,9.8625,14.733,NaN,1.6451,2.231,4.4747,12.427,10.293,9.5262,NaN,NaN,NaN,7.1129,4.2175,13.005,NaN,3.258,4.2174,NaN,NaN,1.4845,5.8892,NaN,3.8915,4.9103,NaN,4.7448,26.528,6.0282,11.141,NaN,NaN,11.293,6.194,NaN,6.8033,2.674,3.7517,4.8879,NaN,3.911,6.9856,14.798,0.80503,12.497,15.82,20.672,1.601,NaN,NaN,NaN,NaN,NaN,NaN,NaN,11.663,NaN,NaN,2.7281,5.2514,NaN,NaN
10.161,18.067,3.1586,4.2683,23,NaN,5.2479,16.297,4.1001,10.946,NaN,NaN,NaN,NaN,4.0466,4.1966,4.8708,6.3717,NaN,12.321,1.7847,6.7096,2.533,5.7637,4.8103,3.7819,21.622,5.9847,NaN,4.3279,4.2599,4.5958,NaN,5.696,12.055,7.198,5.813,6.6183,18.855,7.2189,NaN,4.597,4.0201,9.7371,6.7279,4.5317,8.758,NaN,NaN,NaN,4.6402,6.9634,11.83,NaN,1.7603,4.7374,NaN,NaN,17.017,4.453,NaN,1.7367,2.0715,NaN,19.312,13.226,7.5867,7.3753,NaN,NaN,2.6693,7.3748,NaN,5.6049,7.9406,3.4351,11.012,NaN,7.9478,7.775,1.9314,10.067,18.939,7.1915,8.528,6.7696,NaN,NaN,NaN,NaN,NaN,NaN,NaN,9.2723,NaN,NaN,0.92149,1.2439,NaN,NaN
7.9066,3.9205,4.9596,4.904,15.109,NaN,1.0542,15.236,7.2313,13.591,NaN,NaN,NaN,NaN,10.006,6.6767,11.941,0.42079,NaN,16.289,6.9676,6.9449,0.17966,4.9415,8.4049,7.9152,5.1552,2.6288,NaN,10.24,6.179,7.8435,NaN,0.74634,19.941,4.0331,8.0838,7.8829,6.102,1.6031,NaN,11.759,6.842,10.491,9.6336,5.6139,7.7824,NaN,NaN,NaN,4.1578,14.345,14.236,NaN,5.2984,13.788,NaN,NaN,20.808,6.0846,NaN,11.221,13.502,NaN,1.4677,10.263,1.4992,1.069,NaN,NaN,2.2113,13.309,NaN,1.3291,2.6716,5.22,8.2488,NaN,3.4887,15.945,5.3718,3.9431,7.1383,1.0527,13.37,10.081,NaN,NaN,NaN,NaN,NaN,NaN,NaN,11.084,NaN,NaN,3.7713,9.3101,NaN,NaN
3.0949,4.5405,4.9095,11.468,2.4879,NaN,2.6157,11.556,17.106,8.0642,NaN,NaN,NaN,NaN,14.963,2.9565,10.372,5.7308,NaN,7.3264,4.8872,2.713,0.57007,7.9907,2.6868,4.8416,6.0731,21.766,NaN,14.924,10.287,11.229,NaN,2.5318,10.525,2.1291,9.4962,1.8041,8.5924,2.1427,NaN,16.476,11.724,6.5564,10.126,6.1843,5.03,NaN,NaN,NaN,5.4249,5.4136,15.369,NaN,11.498,15.136,NaN,NaN,0.92607,3.2303,NaN,4.8159,8.0283,NaN,9.4021,7.6978,6.4483,1.8933,NaN,NaN,4.5536,16.182,NaN,9.102,3.8847,12.232,1.8456,NaN,6.6977,9.7859,10.423,14.594,9.0012,2.7553,8.0952,4.7917,NaN,NaN,NaN,NaN,NaN,NaN,NaN,4.3217,NaN,NaN,4.0347,9.1598,NaN,NaN
4.94,5.1189,1.1326,7.348,18.185,NaN,12.384,11.927,46.748,13.587,NaN,NaN,NaN,NaN,12.223,4.1868,10.652,4.7583,NaN,11.701,2.5815,17.991,1.412,7.9667,4.7762,11.354,7.7864,7.5091,NaN,7.5398,19.571,6.1061,NaN,11.564,3.8255,1.1407,5.055,4.4633,8.6019,1.7943,NaN,9.4414,6.6695,14.898,13.741,13.966,5.5093,NaN,NaN,NaN,6.0797,8.9778,29.808,NaN,8.0891,10.893,NaN,NaN,2.3619,2.8953,NaN,0.94438,8.1446,NaN,6.5299,14.655,11.549,12.839,NaN,NaN,3.7517,3.3311,NaN,10.699,4.5018,16.648,5.5732,NaN,10.904,10.404,4.2772,8.9385,16.653,3.4089,6.3563,8.6697,NaN,NaN,NaN,NaN,NaN,NaN,NaN,5.5659,NaN,NaN,4.2652,11.019,NaN,NaN
4.5125,4.8358,7.3157,6.0045,3.6239,NaN,13.816,10.875,17.341,1.3452,NaN,NaN,NaN,NaN,10.764,26.437,2.7804,6.0505,NaN,7.6843,7.9109,8.2375,5.6126,6.6892,4.0061,13.922,8.2805,1.3205,NaN,4.6176,12.584,7.3431,NaN,5.6428,2.6532,5.4061,13.418,6.2658,11.538,9.6475,NaN,3.763,16.025,14.87,10.033,9.7099,8.9239,NaN,NaN,NaN,3.5478,2.2157,8.1535,NaN,6.2417,4.8192,NaN,NaN,3.7183,5.7483,NaN,5.3459,5.4533,NaN,6.7077,23.302,11.23,10.715,NaN,NaN,2.9521,8.6669,NaN,11.488,4.4694,6.8026,4.7702,NaN,3.1582,4.1502,2.0636,14.548,8.1473,17.352,2.8813,4.9964,NaN,NaN,NaN,NaN,NaN,NaN,NaN,6.3651,NaN,NaN,3.8068,9.7628,NaN,NaN
4.6784,2.6851,8.9174,7.5065,4.03,NaN,8.1941,3.9776,5.1793,6.4437,NaN,NaN,NaN,NaN,4.112,11.539,2.1598,6.6421,NaN,6.3446,3.5488,4.3884,3.1459,6.5359,3.5939,11.816,13.509,26.654,NaN,10.452,10.013,4.1105,NaN,4.5938,27.608,6.7503,6.95,35.828,10.653,6.6831,NaN,6.4409,16.372,13.704,6.3933,2.4666,0.97287,NaN,NaN,NaN,6.7359,11.353,9.1742,NaN,15.845,9.8001,NaN,NaN,3.5606,3.1518,NaN,3.7225,9.2105,NaN,5.5808,1.8573,14.417,2.5355,NaN,NaN,3.9196,13.255,NaN,17.592,3.3676,9.0695,4.0718,NaN,3.672,20.913,5.4834,7.0091,8.604,12.026,9.0742,7.1274,NaN,NaN,NaN,NaN,NaN,NaN,NaN,8.8642,NaN,NaN,3.136,4.3894,NaN,NaN
4.4574,2.8871,7.9189,18.261,4.1275,NaN,3.5957,7.3827,14.865,15.357,NaN,NaN,NaN,NaN,7.5273,10.497,2.4336,5.9728,NaN,0.52773,7.4428,5.8523,4.0918,14.764,3.3892,20.272,31.574,8.5798,NaN,6.4476,13.445,2.0308,NaN,10.343,26.97,6.5086,5.133,14.006,9.3374,2.526,NaN,2.4248,8.0572,36.026,3.0788,12.126,11.09,NaN,NaN,NaN,5.9561,25.12,3.3775,NaN,4.9101,8.5087,NaN,NaN,2.9738,5.4648,NaN,10.808,40.09,NaN,6.4876,8.0603,0.75945,7.1831,NaN,NaN,6.919,5.7906,NaN,2.5693,19.338,16.956,4.6716,NaN,3.5069,28.738,6.9066,1.8955,10.639,36.042,12.42,2.9428,NaN,NaN,NaN,NaN,NaN,NaN,NaN,16.583,NaN,NaN,4.9089,12.118,NaN,NaN
12.456,4.787,2.9272,10.294,5.9907,NaN,14.542,10.863,5.8793,11.138,NaN,NaN,NaN,NaN,1.1164,30.367,7.0753,10.1,NaN,6.6931,29.986,5.0281,5.1596,12.187,10.107,10.6,10.004,7.6566,NaN,10.157,2.3611,16.465,NaN,11.231,22.115,8.6639,1.7876,12.082,16.835,7.8004,NaN,6.9703,6.6066,18.282,5.678,7.1334,3.4524,NaN,NaN,NaN,11.719,9.7583,12.245,NaN,12.749,1.1131,NaN,NaN,7.6697,10.478,NaN,22.39,4.037,NaN,3.5638,7.5145,3.6186,18.996,NaN,NaN,5.513,12.046,NaN,6.3443,12.732,17.735,18.462,NaN,3.3087,10.979,7.3045,1.8981,13.993,13.809,4.5613,2.1678,NaN,NaN,NaN,NaN,NaN,NaN,NaN,8.3793,NaN,NaN,8.8927,4.0384,NaN,NaN
7.1752,18.155,6.5932,18.015,12.407,NaN,23.975,11.069,14.867,10.843,NaN,NaN,NaN,NaN,5.2301,3.4414,14.737,14.847,NaN,1.9944,13.845,1.8211,31.046,9.7319,18.586,12.826,2.7369,9.0615,NaN,13.019,4.9375,0.28766,NaN,8.9596,15.531,10.851,11.931,8.8406,17.282,19.073,NaN,12.528,15.376,16.677,13.632,8.3984,6.3495,NaN,NaN,NaN,14.911,11.102,15.307,NaN,9.6423,26.952,NaN,NaN,5.9849,9.1617,NaN,12.519,6.1817,NaN,5.8282,2.3064,9.5008,12.676,NaN,NaN,11.865,17.206,NaN,9.0384,12.283,9.8042,2.3747,NaN,25.665,21.648,13.045,11.432,8.6048,3.6993,2.3304,6.4912,NaN,NaN,NaN,NaN,NaN,NaN,NaN,7.2257,NaN,NaN,1.6464,12.071,NaN,NaN
2.6805,8.1244,6.4399,12.32,27.846,NaN,5.7273,2.9301,11.099,8.2387,NaN,NaN,NaN,NaN,7.4444,2.1229,6.8567,10.947,NaN,2.4051,6.1758,8.7085,15.811,17.678,11.047,18.842,10.483,5.1399,NaN,20.9,9.1303,7.8605,NaN,7.2779,24.589,12.935,7.2977,6.216,10.578,11.957,NaN,2.4994,6.1796,9.9873,8.8614,2.1116,9.4297,NaN,NaN,NaN,8.3671,6.6858,8.1979,NaN,19.065,5.1202,NaN,NaN,3.0686,8.1786,NaN,27.786,10.055,NaN,1.8407,2.1765,20.576,13.378,NaN,NaN,21.327,5.6225,NaN,3.4965,2.7381,4.1001,6.579,NaN,6.8835,9.2674,9.0152,5.9006,2.4679,9.5151,8.8816,5.487,NaN,NaN,NaN,NaN,NaN,NaN,NaN,57.967,NaN,NaN,8.0531,7.4483,NaN,NaN
7.0021,15.278,3.0661,16.143,23.562,NaN,1.3755,3.5815,4.017,18.883,NaN,NaN,NaN,NaN,3.8708,8.2665,13.491,7.5676,NaN,11.271,14.093,70.337,5.6717,10.677,2.2125,9.5121,6.2294,5.5523,NaN,12.273,2.5823,12.015,NaN,11.486,23.38,1.5645,10.827,8.5056,5.6518,1.7044,NaN,21.986,6.3966,11.369,6.1123,7.8021,4.7066,NaN,NaN,NaN,21.429,5.2878,12.421,NaN,9.582,4.0963,NaN,NaN,0.096206,7.1699,NaN,10.225,7.7055,NaN,18.364,1.788,6.4044,5.1165,NaN,NaN,22.882,10.575,NaN,4.2203,13.53,11.404,10.561,NaN,4.6709,7.986,8.1762,11.992,2.6914,28.114,15.486,3.324,NaN,NaN,NaN,NaN,NaN,NaN,NaN,21.74,NaN,NaN,7.2732,11.598,NaN,NaN
2.8498,11.59,7.5222,21.102,14.227,NaN,4.2186,7.2158,8.0401,8.4998,NaN,NaN,NaN,NaN,2.2154,8.5782,7.01,2.89,NaN,16.822,10.276,62.883,0.92426,12.896,8.3167,10.565,30.599,6.5493,NaN,8.4174,4.1707,37.175,NaN,11.208,35.538,5.8429,13.226,2.4754,14.819,1.814,NaN,6.0778,8.6227,17.706,3.1145,8.981,4.1431,NaN,NaN,NaN,6.7225,30.249,3.4978,NaN,11.934,4.4663,NaN,NaN,4.2977,5.0366,NaN,9.349,13.876,NaN,36.439,7.0326,7.4474,11.927,NaN,NaN,14.326,6.469,NaN,5.5286,38.668,16.853,5.3506,NaN,1.6841,17.261,5.2499,15.517,2.7348,34.627,17.054,1.4337,NaN,NaN,NaN,NaN,NaN,NaN,NaN,17.468,NaN,NaN,10.465,23.711,NaN,NaN
3.7679,5.8087,12.458,9.7614,11.656,NaN,7.6779,5.6099,9.8156,15.729,NaN,NaN,NaN,NaN,7.3068,7.5396,2.7353,3.071,NaN,9.2132,3.1218,28.29,1.6277,4.5943,10.843,5.657,10.501,6.7895,NaN,10.16,5.7651,17.242,NaN,3.1809,13.145,10.051,12.133,11.437,28.124,5.2638,NaN,2.7044,14.605,8.7886,7.0541,0.76737,6.0962,NaN,NaN,NaN,5.4738,18.426,3.5515,NaN,18.666,4.2246,NaN,NaN,2.378,4.6485,NaN,9.3991,9.5737,NaN,48.777,6.2679,25.234,16.822,NaN,NaN,5.4366,9.0319,NaN,14.345,14.97,21.953,5.6386,NaN,7.0321,19.894,4.8944,10.788,5.7211,17.371,10.366,2.5744,NaN,NaN,NaN,NaN,NaN,NaN,NaN,11.242,NaN,NaN,7.8837,4.9689,NaN,NaN
39.824,5.1046,6.1402,18.834,11.513,NaN,9.8003,43.44,5.783,8.8125,NaN,NaN,NaN,NaN,9.2926,5.6242,7.9551,10.905,NaN,14.456,19.064,0.65909,6.2414,10.66,22.88,11.43,6.3952,3.2945,NaN,13.041,8.2761,5.1385,NaN,9.512,19.009,5.646,11.459,11.163,1.0085,9.9989,NaN,6.8693,9.3619,14.051,11.979,4.0067,18.806,NaN,NaN,NaN,9.2605,4.2866,13.97,NaN,11.764,4.8916,NaN,NaN,7.6432,7.7503,NaN,11.388,6.8562,NaN,7.2785,14.178,10.421,9.9701,NaN,NaN,1.1546,28.472,NaN,7.8486,12.197,11.485,8.7616,NaN,10.835,29.973,18.273,9.7034,7.3222,11.044,11.045,13.948,NaN,NaN,NaN,NaN,NaN,NaN,NaN,15.222,NaN,NaN,4.3274,9.3792,NaN,NaN
44.819,11.47,15.983,17.628,25.464,NaN,10.054,14.97,10.474,12.208,NaN,NaN,NaN,NaN,6.9441,2.1829,10.575,13.547,NaN,45.249,18.612,12.079,13.691,33.024,17.022,22.092,20.77,9.0409,NaN,28.381,17.512,14.444,NaN,10.669,15.583,2.2091,16.287,14.989,17.725,11.328,NaN,12.537,7.9605,22.991,20.967,12.037,15.682,NaN,NaN,NaN,16.233,6.1321,12.418,NaN,20.068,9.6558,NaN,NaN,13.309,8.635,NaN,4.8477,17.577,NaN,26.35,18.435,7.1263,12.899,NaN,NaN,7.982,54.334,NaN,17.599,15.989,18.569,28.184,NaN,5.0906,16.546,24.263,4.4229,8.3015,4.7522,12.017,17.231,NaN,NaN,NaN,NaN,NaN,NaN,NaN,14.633,NaN,NaN,3.2339,6.257,NaN,NaN
29.005,22.047,23.298,16.636,24.399,NaN,11.754,14.468,15.795,18.97,NaN,NaN,NaN,NaN,7.3441,10.222,12.262,22.809,NaN,24.881,23.733,15.463,25.696,30.793,12.735,21.013,12.213,17.941,NaN,41.897,10.202,17.099,NaN,15.797,17.79,17.003,18.073,29.364,21.136,13.155,NaN,19.664,9.8172,24.33,26.957,17.939,15.409,NaN,NaN,NaN,19.382,11.993,18.142,NaN,32.187,22.558,NaN,NaN,11.626,130.36,NaN,20.108,29.066,NaN,28.773,25.075,15.529,16.895,NaN,NaN,15.726,26.974,NaN,45.038,20.193,26.637,24.366,NaN,9.56,23.557,23.059,12.787,17.918,9.2475,18.319,34.446,NaN,NaN,NaN,NaN,NaN,NaN,NaN,18.712,NaN,NaN,19.839,14.256,NaN,NaN
8.5317,13.398,12.367,15.312,36.547,NaN,14.938,14.412,6.767,12.448,NaN,NaN,NaN,NaN,9.5881,15.274,14.147,19.121,NaN,12.951,10.091,14.844,24.242,27.389,12.901,24.074,9.737,12.597,NaN,17.889,8.5448,19.937,NaN,26.059,27.484,30.998,15.773,22.458,27.385,15.242,NaN,20.928,13.28,22.571,26.479,15.891,17.209,NaN,NaN,NaN,15.525,17.055,29.259,NaN,26.815,16.543,NaN,NaN,7.2453,25.61,NaN,24.705,15.875,NaN,13.274,28.449,20.829,20.729,NaN,NaN,14.371,19.422,NaN,51.141,25.208,29.462,21.732,NaN,10.04,27.108,21.273,12.585,19.332,13.787,17.231,23.206,NaN,NaN,NaN,NaN,NaN,NaN,NaN,18.47,NaN,NaN,13.037,17.017,NaN,NaN
4.5276,9.1606,6.6971,12.534,5.0732,NaN,21.48,14.489,4.6024,7.2502,NaN,NaN,NaN,NaN,7.3905,25.509,19.172,10.899,NaN,7.4316,5.6749,15.357,20.888,24.647,11.908,21.97,12.887,9.8812,NaN,12.07,7.9472,19.862,NaN,27.132,11.051,21.698,12.908,16.131,22.709,16.82,NaN,21.331,8.3355,16.805,28.366,13.808,21.465,NaN,NaN,NaN,24.99,17.986,20.481,NaN,11.885,13.635,NaN,NaN,6.4381,18.877,NaN,23.922,17.089,NaN,12.193,37.619,19.155,28.976,NaN,NaN,12.451,17.953,NaN,21.189,32.963,18.789,18.102,NaN,8.1066,19.229,12.748,12.582,14.579,17.735,15.434,18.068,NaN,NaN,NaN,NaN,NaN,NaN,NaN,16.397,NaN,NaN,11.908,20.182,NaN,NaN
12.41,24.061,21.271,15.039,18.871,NaN,17.832,16.487,14.101,21.408,NaN,NaN,NaN,NaN,10.159,17.185,11.109,23.245,NaN,15.761,14.793,15.513,25.223,18.322,18.95,20.716,10.942,10.632,NaN,25.394,7.7347,18.121,NaN,28.773,37.839,23.367,18.706,26.845,27.467,13.843,NaN,16.49,11.182,28.855,39.435,15.237,16.785,NaN,NaN,NaN,23.084,21.303,27.285,NaN,28.459,23.143,NaN,NaN,9.0136,28.694,NaN,17.006,15.674,NaN,8.5909,23.785,14.555,18.522,NaN,NaN,13.775,19.199,NaN,19.039,29.136,24.347,30.786,NaN,12.531,20.264,22.09,18.494,21.219,17.127,16.49,23.091,NaN,NaN,NaN,NaN,NaN,NaN,NaN,18.55,NaN,NaN,11.947,19.913,NaN,NaN
15.509,10.264,8.1448,9.7388,13.641,NaN,16.832,16.394,15.735,17.355,NaN,NaN,NaN,NaN,13.81,7.3318,8.4021,15.635,NaN,26.809,21.92,12.199,26.415,15.992,17.116,16.404,9.5646,4.554,NaN,27.389,5.8891,18.238,NaN,26.579,7.4541,0.79251,11.153,25.462,12.382,9.5933,NaN,8.0739,9.1901,9.8865,31.955,7.0357,17.186,NaN,NaN,NaN,17.152,7.4313,6.7898,NaN,28.287,15.52,NaN,NaN,8.3964,7.2954,NaN,6.1732,23.546,NaN,23.043,15.561,8.1083,10.098,NaN,NaN,10.78,35.341,NaN,9.7208,31.295,22.293,30.468,NaN,9.6457,14.07,20.755,9.5304,8.9761,13.512,6.9332,22.009,NaN,NaN,NaN,NaN,NaN,NaN,NaN,17.196,NaN,NaN,20.349,7.1113,NaN,NaN
8.1026,13.549,5.5279,2.2976,10.74,NaN,10.116,5.3554,11.848,6.2154,NaN,NaN,NaN,NaN,9.5147,9.9554,13.427,26.709,NaN,12.814,21.004,8.5898,33,15.969,12.458,13.087,5.9758,5.242,NaN,7.4517,2.7883,6.805,NaN,28.248,7.4391,8.4735,7.6039,28.453,14.499,18.383,NaN,2.7696,9.9269,12.465,7.0204,6.3422,8.6473,NaN,NaN,NaN,16.623,8.9296,17.691,NaN,2.8194,5.2339,NaN,NaN,2.5957,11.394,NaN,6.507,17.35,NaN,8.1376,2.8453,2.0745,17.706,NaN,NaN,10.46,10.898,NaN,10.334,26.405,10.276,12.624,NaN,10.997,6.7444,10.43,9.897,3.6864,8.1514,3.7605,6.4021,NaN,NaN,NaN,NaN,NaN,NaN,NaN,12.656,NaN,NaN,11.4,8.2371,NaN,NaN
