0.069767,0.044553,0.047601,0.09706,0.1293,0.11277,0.013734,0.092793,0.15722,0.041795,0.061291,0.045892,0.041146,0.034202,0.032306,0.03106,0.030401,0.028885,0.027538,0.025682,0.023944,0.021505,0.019052,0.016648,0.014576,0.01243,0.010402,0.0085047,0.0070416,0.0048557,0.0032742,0.0019903,0.004108,0.003072,0.0044824,0.0060397,0.0078047,0.009207,0.010774,0.012252,0.013945,0.015098,0.016466,0.017796,0.019779,0.020306,0.0216,0.022726,0.023928,0.024908,0.025914,0.026902,0.028174,0.028468,0.02929,0.029917,0.030279,0.030649,0.03066,0.030423,0.029456,0.028656,0.026718,0.0245
0.18605,0.12545,0.092833,0.13691,0.016898,0.25148,0.11609,0.054055,0.098042,0.06996,0.085193,0.059458,0.048517,0.047136,0.042539,0.038013,0.033686,0.029641,0.026259,0.023298,0.019267,0.018463,0.016961,0.016006,0.015743,0.015515,0.015986,0.016576,0.017528,0.018456,0.019508,0.020553,0.025431,0.02261,0.023598,0.024538,0.025429,0.026302,0.027131,0.0279,0.028633,0.029261,0.029863,0.030387,0.03021,0.031353,0.031773,0.032123,0.032417,0.032662,0.032836,0.032971,0.032719,0.033035,0.032975,0.032795,0.032287,0.032026,0.03141,0.03047,0.029031,0.027789,0.0259,0.024059
0.2093,0.10994,0.0941,0.10378,0.024139,0.085336,0.066132,0.019956,0.092765,0.072395,0.026216,0.018276,0.032502,0.0452,0.048782,0.056178,0.066793,0.073161,0.076765,0.079276,0.081192,0.082919,0.084541,0.085904,0.08717,0.08813,0.089123,0.089861,0.090674,0.091337,0.091906,0.092429,0.093743,0.093263,0.093625,0.093887,0.094125,0.094349,0.094449,0.094537,0.094784,0.094531,0.094468,0.094415,0.09438,0.093958,0.093677,0.093386,0.093059,0.092602,0.09208,0.09156,0.090804,0.090316,0.089556,0.088735,0.087488,0.086839,0.08559,0.084622,0.083209,0.081768,0.079834,0.07651
0.2093,0.060354,0.088224,0.066821,0.0052609,0.026464,0.085849,0.028365,0.1258,0.14584,0.17013,0.1866,0.19481,0.18958,0.19243,0.19521,0.19712,0.19947,0.2011,0.20248,0.20327,0.20423,0.20494,0.20549,0.20598,0.20621,0.20648,0.2066,0.20671,0.20689,0.20695,0.20698,0.20888,0.20699,0.20702,0.20704,0.20705,0.2071,0.20711,0.20713,0.20723,0.20716,0.20719,0.20729,0.20736,0.20732,0.20739,0.20743,0.20753,0.20755,0.20762,0.20763,0.20762,0.20785,0.20789,0.20795,0.20786,0.20808,0.20816,0.20845,0.20856,0.20876,0.209,0.20921
0.069767,0.13779,0.13551,0.10486,0.035405,0.089504,0.072248,0.017663,0.075011,0.026134,0.048261,0.050986,0.056793,0.055015,0.057257,0.060787,0.066088,0.068357,0.069231,0.069244,0.070422,0.068942,0.068992,0.068953,0.068748,0.069198,0.069362,0.069395,0.068673,0.06894,0.068479,0.067957,0.060161,0.066523,0.06568,0.064816,0.063574,0.06304,0.062218,0.061207,0.059821,0.059455,0.058577,0.057562,0.056913,0.055923,0.055024,0.054146,0.053191,0.052384,0.051523,0.050692,0.04875,0.049127,0.048476,0.047813,0.048069,0.046737,0.046446,0.046083,0.046158,0.046097,0.046264,0.04644
0.11628,0.14761,0.099139,0.047971,0.12587,0.072113,0.16007,0.090295,0.1107,0.14324,0.095754,0.078132,0.094087,0.089741,0.087396,0.086691,0.091237,0.096835,0.10256,0.10748,0.11003,0.11455,0.11734,0.12003,0.12136,0.12465,0.12671,0.12931,0.13085,0.13261,0.13431,0.13591,0.12864,0.13889,0.14025,0.14155,0.14283,0.14394,0.14506,0.14621,0.14576,0.14817,0.14922,0.14988,0.15088,0.15173,0.1525,0.15319,0.15342,0.15436,0.15488,0.15532,0.15542,0.15626,0.15643,0.15673,0.16066,0.157,0.15725,0.15603,0.1566,0.15611,0.15644,0.15789
0.093023,0.055473,0.16025,0.11727,0.08634,0.11361,0.05005,0.11141,0.2266,0.10179,0.092091,0.092778,0.090632,0.082351,0.077712,0.073755,0.07064,0.066806,0.0637,0.060608,0.056231,0.054913,0.052127,0.049524,0.047153,0.044775,0.042516,0.040481,0.038245,0.036666,0.034937,0.033344,0.029595,0.02997,0.028603,0.027212,0.026099,0.024534,0.023229,0.021959,0.020947,0.019488,0.018329,0.01718,0.016921,0.015007,0.013958,0.012909,0.011832,0.010878,0.0098587,0.0089007,0.0082909,0.0070403,0.006199,0.0053557,0.0042552,0.0037399,0.0030453,0.0022888,0.0031795,0.0014089,0.00088245,0.00026764
0.18605,0.076179,0.15194,0.076897,0.11261,0.22833,0.065378,0.038304,0.12709,0.11257,0.11102,0.084515,0.081256,0.087953,0.090921,0.093873,0.096051,0.097319,0.098003,0.098379,0.098372,0.098445,0.098546,0.098633,0.098614,0.098974,0.099249,0.099368,0.099706,0.10026,0.10071,0.10121,0.10579,0.10219,0.10271,0.10329,0.10374,0.10449,0.10514,0.10575,0.10637,0.10705,0.1077,0.1085,0.10875,0.10984,0.11059,0.1113,0.11219,0.11269,0.11339,0.11405,0.11464,0.1153,0.11602,0.11645,0.11684,0.11706,0.11712,0.11705,0.11691,0.11685,0.11658,0.11636
0.069767,0.085581,0.090083,0.082735,0.15676,0.10609,0.052219,0.021445,0.15289,0.084903,0.06102,0.069324,0.088361,0.10342,0.11288,0.12019,0.1256,0.13091,0.13499,0.1385,0.14178,0.14418,0.14643,0.14842,0.15006,0.15173,0.15311,0.15435,0.15509,0.15635,0.15723,0.15801,0.16097,0.15941,0.16003,0.16059,0.16105,0.1616,0.16209,0.16249,0.16261,0.16336,0.16374,0.16409,0.1649,0.16491,0.16527,0.16566,0.16607,0.16645,0.16686,0.16732,0.16769,0.16838,0.16897,0.16966,0.17158,0.17141,0.17253,0.17388,0.17617,0.17813,0.18114,0.18441
0.25581,0.11414,0.090727,0.13063,0.14579,0.14311,0.077218,0.083872,0.12493,0.0622,0.0801,0.082551,0.090758,0.10333,0.11056,0.11499,0.11867,0.12246,0.12508,0.12699,0.12803,0.12945,0.13039,0.13122,0.13194,0.13267,0.13341,0.13395,0.13457,0.13518,0.13568,0.13614,0.13728,0.13699,0.13728,0.13762,0.13808,0.13817,0.13842,0.1387,0.13869,0.13914,0.13938,0.13966,0.13998,0.14024,0.14054,0.14091,0.14134,0.14176,0.14235,0.14298,0.14458,0.14447,0.14541,0.1465,0.14801,0.14916,0.15079,0.15257,0.15498,0.15702,0.15947,0.16171
0.069767,0.052571,0.02366,0.044804,0.14629,0.073194,0.064919,0.11322,0.090314,0.027332,0.022465,0.029348,0.035512,0.034579,0.034229,0.040813,0.044077,0.044122,0.042924,0.041277,0.040028,0.037536,0.035562,0.033571,0.031405,0.029992,0.028161,0.026434,0.024926,0.02344,0.022027,0.0208,0.020823,0.018695,0.017915,0.017356,0.016761,0.016842,0.0168,0.017092,0.017414,0.018008,0.018716,0.01962,0.020235,0.021736,0.022843,0.02403,0.025429,0.026661,0.027953,0.02951,0.031957,0.032739,0.034139,0.035666,0.036344,0.038999,0.040452,0.042215,0.043603,0.044701,0.045671,0.046313
0.023256,0.17033,0.073845,0.13422,0.050144,0.070343,0.12606,0.141,0.055742,0.14692,0.19937,0.19273,0.19496,0.198,0.20352,0.20791,0.21067,0.21314,0.21462,0.21546,0.21641,0.21592,0.21587,0.21567,0.21522,0.21507,0.21472,0.21444,0.21388,0.21349,0.21304,0.21256,0.20926,0.2117,0.21124,0.21077,0.21018,0.20999,0.2095,0.20904,0.20887,0.20844,0.20806,0.20762,0.20743,0.20719,0.20685,0.20653,0.20619,0.20603,0.20576,0.20549,0.20527,0.2051,0.20466,0.20432,0.20333,0.20331,0.20275,0.20201,0.20142,0.20014,0.19907,0.19904
0.25581,0.11061,0.077705,0.094385,0.077126,0.19891,0.15007,0.108,0.054103,0.027883,0.059072,0.077527,0.086312,0.090431,0.094194,0.097925,0.10045,0.10358,0.1054,0.10664,0.10749,0.10854,0.1093,0.10987,0.11048,0.11096,0.11132,0.11152,0.1117,0.11217,0.11239,0.11264,0.11439,0.11292,0.11313,0.11326,0.11341,0.11358,0.11361,0.11373,0.11398,0.1141,0.11418,0.11444,0.11458,0.11453,0.11467,0.11485,0.11505,0.11512,0.11526,0.11541,0.11519,0.11566,0.11574,0.11588,0.11597,0.11593,0.11602,0.11623,0.11614,0.11623,0.11626,0.11627
0.023256,0.14125,0.11985,0.085287,0.13183,0.068712,0.02437,0.071576,0.13273,0.071462,0.099893,0.10373,0.10586,0.10242,0.10173,0.10248,0.10307,0.10464,0.10563,0.10644,0.10739,0.10792,0.10846,0.10887,0.10885,0.10943,0.10969,0.10977,0.10972,0.10994,0.10981,0.10968,0.11368,0.10956,0.10942,0.10925,0.10918,0.10868,0.10832,0.10823,0.10746,0.10771,0.10744,0.10719,0.10725,0.10654,0.1064,0.10633,0.10634,0.10622,0.10624,0.10637,0.1071,0.10658,0.10703,0.10758,0.10841,0.10905,0.11005,0.11121,0.11242,0.11384,0.11506,0.11595
0.023256,0.12088,0.15356,0.18582,0.14,0.036409,0.10997,0.10744,0.10107,0.094249,0.1071,0.1152,0.12808,0.13066,0.13263,0.13517,0.1382,0.14073,0.14315,0.14537,0.14796,0.14932,0.15104,0.15255,0.15387,0.1552,0.15632,0.15714,0.15791,0.15897,0.15968,0.16041,0.16421,0.16137,0.16184,0.16227,0.16247,0.16293,0.16321,0.16344,0.16356,0.16373,0.16382,0.16393,0.16419,0.16401,0.16396,0.16398,0.16396,0.16389,0.16382,0.16375,0.16335,0.16354,0.16346,0.16335,0.16327,0.16316,0.16307,0.16298,0.16292,0.16286,0.16282,0.1628
0.18605,0.034069,0.064249,0.10523,0.17541,0.079155,0.085919,0.19525,0.049263,0.082637,0.051266,0.062576,0.056522,0.073868,0.07621,0.075166,0.069892,0.054997,0.051442,0.050805,0.050479,0.049486,0.048804,0.048141,0.047278,0.046925,0.046281,0.045631,0.045029,0.044535,0.043997,0.043541,0.044192,0.04244,0.042034,0.04163,0.04118,0.040888,0.040563,0.040235,0.039787,0.039667,0.039409,0.039181,0.038954,0.038763,0.03862,0.038515,0.038385,0.038328,0.038299,0.03831,0.03809,0.038458,0.038644,0.038873,0.039239,0.039592,0.04007,0.040704,0.041539,0.042588,0.04398,0.045619
0.046512,0.13425,0.18756,0.062164,0.078854,0.093154,0.1457,0.032112,0.13451,0.068056,0.084725,0.096612,0.10283,0.10612,0.10885,0.11033,0.10997,0.11195,0.11232,0.11242,0.11218,0.11293,0.11302,0.11304,0.11332,0.11307,0.11302,0.11234,0.11283,0.11224,0.11191,0.11169,0.12558,0.11106,0.11072,0.11047,0.1104,0.1096,0.10945,0.10915,0.10873,0.10797,0.10733,0.10691,0.10527,0.1052,0.10474,0.10421,0.10405,0.10294,0.10235,0.10156,0.10093,0.099587,0.099009,0.098072,0.097232,0.096442,0.095726,0.094884,0.094232,0.093784,0.093375,0.093129
0.046512,0.071551,0.045559,0.11099,0.15165,0.15576,0.05147,0.061696,0.10531,0.093303,0.10186,0.1099,0.098666,0.092389,0.086624,0.081855,0.078058,0.075061,0.072465,0.070087,0.06861,0.066506,0.065005,0.063747,0.062437,0.061543,0.060641,0.059788,0.058704,0.058154,0.057354,0.056544,0.055977,0.054992,0.054151,0.053282,0.052375,0.051525,0.050652,0.049685,0.048635,0.047735,0.046758,0.045709,0.04527,0.043635,0.042561,0.041472,0.040391,0.039292,0.038197,0.037173,0.03586,0.034884,0.033828,0.032761,0.031942,0.030613,0.029532,0.028336,0.02727,0.025903,0.024626,0.023634
0.069767,0.072908,0.030596,0.064351,0.10964,0.064169,0.09296,0.10828,0.11989,0.14821,0.11736,0.10517,0.12188,0.12403,0.12236,0.11822,0.11667,0.11596,0.11612,0.11655,0.11713,0.1171,0.11741,0.11764,0.11779,0.11799,0.11816,0.11828,0.11886,0.11866,0.11875,0.11891,0.1199,0.119,0.11904,0.1191,0.11885,0.11919,0.11925,0.11923,0.11914,0.11916,0.11918,0.11919,0.11855,0.11904,0.11907,0.11905,0.11899,0.11891,0.11888,0.11884,0.11782,0.1189,0.11883,0.11869,0.11833,0.11864,0.11841,0.11816,0.11739,0.11724,0.11672,0.11639
0.023256,0.027817,0.10972,0.14533,0.1145,0.080332,0.13723,0.16493,0.24201,0.075075,0.10913,0.10561,0.097545,0.07085,0.056092,0.047217,0.04162,0.036987,0.033928,0.031672,0.030067,0.028849,0.028049,0.027566,0.027555,0.027163,0.027341,0.027437,0.027829,0.028094,0.028466,0.028865,0.0313,0.029774,0.030291,0.030777,0.031143,0.031883,0.032477,0.032895,0.034012,0.034114,0.034714,0.035318,0.036317,0.036605,0.037238,0.037871,0.038565,0.039185,0.039844,0.040507,0.041163,0.0418,0.042476,0.043102,0.04353,0.044288,0.044809,0.045273,0.045767,0.046054,0.046304,0.046459
0.13953,0.146,0.13303,0.090076,0.12374,0.064601,0.04583,0.083881,0.14096,0.061552,0.086829,0.084981,0.091016,0.089436,0.097169,0.10485,0.10833,0.11346,0.11622,0.11848,0.12011,0.12258,0.12433,0.12594,0.12753,0.12891,0.13022,0.13082,0.13204,0.13325,0.13415,0.13517,0.14819,0.13694,0.13772,0.13866,0.13971,0.14014,0.14126,0.14221,0.14253,0.14351,0.1441,0.14504,0.14533,0.14611,0.14701,0.14805,0.14953,0.14986,0.15099,0.15179,0.15126,0.15312,0.15458,0.15539,0.15677,0.15752,0.15866,0.15948,0.16034,0.16156,0.16225,0.16265
0.2093,0.07609,0.041904,0.1553,0.072834,0.069661,0.15129,0.046489,0.037153,0.11563,0.14673,0.14475,0.13496,0.12241,0.12343,0.12289,0.12109,0.11914,0.11752,0.11675,0.11736,0.11694,0.11726,0.11765,0.11822,0.11843,0.11877,0.11914,0.11981,0.11971,0.11996,0.12021,0.11822,0.12052,0.12066,0.12079,0.12088,0.12098,0.12105,0.12118,0.12128,0.12132,0.1214,0.12149,0.12081,0.12163,0.12173,0.12183,0.12191,0.1221,0.1223,0.12258,0.12292,0.12318,0.12361,0.12419,0.12486,0.12582,0.12699,0.12857,0.13032,0.13292,0.13573,0.13842
0.069767,0.032241,0.022598,0.092993,0.19535,0.1763,0.15244,0.11686,0.14033,0.025398,0.036627,0.048828,0.058571,0.059445,0.056852,0.055365,0.054208,0.053727,0.053226,0.052954,0.053089,0.052648,0.052578,0.052688,0.05372,0.052902,0.053112,0.053479,0.053419,0.053873,0.054122,0.054299,0.055365,0.054741,0.054901,0.055073,0.054961,0.05521,0.055488,0.055432,0.056112,0.055309,0.055311,0.055127,0.055428,0.054776,0.054709,0.054417,0.054129,0.05384,0.053446,0.052951,0.051807,0.051874,0.05142,0.050774,0.049828,0.049713,0.049015,0.048189,0.047745,0.047243,0.04685,0.046597
0.046512,0.036563,0.14835,0.058475,0.14067,0.036348,0.091785,0.081681,0.086547,0.060798,0.017904,0.016978,0.017235,0.020124,0.022337,0.024156,0.025195,0.025489,0.025944,0.02645,0.027198,0.027693,0.028232,0.028838,0.029287,0.029961,0.030437,0.030937,0.03128,0.031642,0.031953,0.032239,0.032769,0.032582,0.032711,0.032813,0.032866,0.032863,0.032875,0.032833,0.032836,0.032684,0.032532,0.032334,0.032204,0.031911,0.031622,0.031301,0.030938,0.030572,0.030144,0.029693,0.029289,0.028732,0.028178,0.027634,0.02693,0.026426,0.025813,0.025228,0.024692,0.024081,0.023647,0.023354
0.11628,0.016219,0.065337,0.062723,0.15849,0.046307,0.048269,0.031905,0.19463,0.14042,0.086195,0.082542,0.084449,0.080978,0.079457,0.077125,0.075643,0.076226,0.077066,0.078168,0.080338,0.080263,0.080854,0.081719,0.081884,0.082675,0.082899,0.083672,0.08495,0.084165,0.084364,0.084518,0.085434,0.08476,0.084792,0.084862,0.084535,0.084528,0.084922,0.084682,0.084006,0.08397,0.083772,0.082957,0.080869,0.081986,0.081444,0.080671,0.079435,0.078883,0.077899,0.076525,0.074703,0.073386,0.072102,0.070203,0.068566,0.066144,0.064042,0.058777,0.056338,0.053645,0.050363,0.047543
0.13953,0.071241,0.14167,0.10168,0.13726,0.14257,0.048314,0.11843,0.10147,0.070524,0.010677,0.017236,0.022765,0.046314,0.061101,0.081255,0.082565,0.082868,0.082929,0.082809,0.083263,0.081739,0.080999,0.080241,0.079043,0.078538,0.077491,0.076762,0.076244,0.07512,0.074376,0.073701,0.071298,0.071944,0.071336,0.070747,0.069957,0.069541,0.069073,0.06849,0.067598,0.067508,0.067029,0.066507,0.065426,0.06566,0.065154,0.064691,0.064145,0.063778,0.063305,0.062842,0.062393,0.061749,0.061342,0.060874,0.060697,0.059821,0.059449,0.058845,0.057813,0.057322,0.056166,0.053622
0.11628,0.085024,0.17977,0.15869,0.055155,0.077237,0.019577,0.063634,0.1578,0.065404,0.091054,0.071951,0.054057,0.072374,0.068672,0.06569,0.062565,0.061838,0.060206,0.058866,0.058488,0.056685,0.055708,0.054992,0.054599,0.053582,0.052836,0.05208,0.051212,0.050502,0.049624,0.048726,0.05124,0.046762,0.045808,0.044762,0.043205,0.042463,0.041601,0.040419,0.039873,0.037985,0.036719,0.035411,0.034094,0.032633,0.031269,0.029832,0.028474,0.026907,0.025316,0.023808,0.020083,0.020352,0.018895,0.017149,0.014826,0.013362,0.011687,0.0095396,0.0070779,0.0058457,0.0039487,0.0020457
0.046512,0.14402,0.09388,0.14757,0.11043,0.043472,0.15503,0.067998,0.2639,0.039195,0.037742,0.039591,0.050665,0.048148,0.04216,0.038205,0.03425,0.032621,0.030417,0.028285,0.026215,0.024345,0.0223,0.020322,0.017627,0.015441,0.012307,0.0078099,0.0030418,0.0051159,0.0086926,0.010881,0.017725,0.013291,0.013961,0.014465,0.014796,0.015169,0.015578,0.015827,0.015479,0.016407,0.01672,0.017022,0.017134,0.017696,0.017987,0.018361,0.018703,0.019115,0.019458,0.019863,0.020256,0.020701,0.021012,0.021384,0.021811,0.022024,0.022336,0.022641,0.022827,0.023009,0.02315,0.02323
0.13953,0.11298,0.16848,0.095209,0.22543,0.10367,0.13342,0.03658,0.15014,0.14308,0.12301,0.098875,0.089068,0.071081,0.091923,0.0897,0.09207,0.0948,0.09884,0.10252,0.10565,0.10944,0.11229,0.11495,0.1174,0.11973,0.12151,0.1234,0.12455,0.12643,0.12785,0.12915,0.13047,0.13152,0.13264,0.13367,0.13471,0.13563,0.13664,0.13755,0.13853,0.13935,0.1402,0.14095,0.14209,0.14277,0.14352,0.14421,0.14491,0.14564,0.14629,0.14697,0.14758,0.14845,0.14901,0.14949,0.12788,0.14996,0.1513,0.15154,0.13977,0.15329,0.15397,0.13331
0,0.12763,0.16463,0.059196,0.087759,0.11539,0.14134,0.11487,0.12617,0.033537,0.014592,0.014452,0.0044515,0.01569,0.017951,0.016858,0.015056,0.014209,0.014354,0.01524,0.015883,0.017483,0.018975,0.020435,0.022339,0.022905,0.024386,0.025424,0.026385,0.027965,0.029066,0.029978,0.033074,0.032186,0.032983,0.033917,0.034777,0.03568,0.036509,0.037368,0.038475,0.03887,0.039637,0.040412,0.041572,0.041683,0.042405,0.042968,0.043585,0.044043,0.044542,0.044969,0.044804,0.045602,0.04597,0.046189,0.046283,0.046455,0.046574,0.046518,0.046446,0.046554,0.046528,0.046505
0.2093,0.19876,0.18589,0.066139,0.15138,0.040784,0.084281,0.13576,0.079648,0.053564,0.083514,0.074893,0.068768,0.068354,0.066177,0.064301,0.064557,0.060506,0.058866,0.057273,0.055522,0.054282,0.05331,0.05291,0.053737,0.053705,0.054821,0.055761,0.056958,0.057355,0.058034,0.058461,0.060978,0.059087,0.059404,0.05948,0.059724,0.059622,0.059748,0.059637,0.059942,0.05966,0.05964,0.059614,0.059453,0.059834,0.059795,0.059854,0.059973,0.06004,0.060102,0.060298,0.060559,0.06084,0.061183,0.061604,0.062695,0.062646,0.063395,0.064186,0.065236,0.066503,0.06784,0.069167
0.11628,0.12439,0.22446,0.092135,0.036945,0.058906,0.063491,0.070096,0.10369,0.14242,0.12546,0.13121,0.14989,0.14589,0.1419,0.13858,0.1354,0.13316,0.13082,0.12855,0.12623,0.12385,0.12168,0.11942,0.11785,0.1155,0.11406,0.11177,0.11058,0.10992,0.10889,0.10809,0.10868,0.10631,0.10569,0.105,0.10466,0.10393,0.10283,0.1023,0.10158,0.10083,0.099928,0.099188,0.099156,0.097136,0.096045,0.095045,0.09387,0.092689,0.09145,0.090117,0.088904,0.087375,0.085657,0.084045,0.082471,0.080288,0.078451,0.076614,0.074922,0.072811,0.071261,0.070184
0.16279,0.12345,0.078701,0.039782,0.10029,0.048482,0.035655,0.014083,0.2096,0.086538,0.0084979,0.010178,0.040026,0.051435,0.058491,0.063326,0.067194,0.069161,0.070821,0.071973,0.073211,0.073145,0.073446,0.073511,0.074366,0.073394,0.073136,0.072809,0.072375,0.07216,0.071814,0.071484,0.071095,0.070681,0.070304,0.069932,0.06942,0.06923,0.068804,0.068543,0.068727,0.06798,0.067682,0.067456,0.067813,0.066986,0.066848,0.066705,0.066616,0.066483,0.06643,0.066371,0.065364,0.066494,0.066603,0.066756,0.066655,0.067321,0.067696,0.068109,0.068722,0.068954,0.069352,0.069656
0.023256,0.17538,0.23253,0.11438,0.19357,0.10379,0.16611,0.10911,0.018759,0.05226,0.12229,0.10219,0.1256,0.12906,0.133,0.13674,0.1407,0.14388,0.1473,0.15056,0.15509,0.15701,0.15993,0.16277,0.1653,0.16792,0.1703,0.17263,0.17457,0.17674,0.17864,0.18033,0.18358,0.18371,0.18534,0.18673,0.18779,0.1892,0.19041,0.19152,0.19231,0.19319,0.19403,0.19475,0.19563,0.19604,0.19644,0.19667,0.19714,0.19734,0.19714,0.19703,0.19667,0.1963,0.1955,0.19452,0.19284,0.19182,0.18951,0.18705,0.18393,0.1805,0.17574,0.16971
0.023256,0.072935,0.075228,0.034621,0.14088,0.0047679,0.093346,0.08023,0.18238,0.15225,0.13234,0.12513,0.12089,0.11852,0.11993,0.12065,0.11999,0.12062,0.12039,0.11992,0.12005,0.11943,0.11908,0.11886,0.11865,0.11854,0.11849,0.11863,0.11858,0.11862,0.11878,0.11894,0.11982,0.11943,0.11983,0.12014,0.12051,0.12094,0.12143,0.12183,0.12236,0.12291,0.12348,0.124,0.1248,0.12524,0.12587,0.12648,0.12708,0.12773,0.12834,0.129,0.12961,0.1302,0.13079,0.13141,0.13199,0.13268,0.13344,0.13429,0.13528,0.13642,0.13777,0.13902
0.13953,0.18427,0.12376,0.090693,0.10141,0.14045,0.19944,0.062018,0.14698,0.034684,0.040058,0.030402,0.031641,0.033798,0.037402,0.040097,0.0414,0.042712,0.043597,0.044371,0.044587,0.045794,0.046322,0.046837,0.047193,0.047833,0.048279,0.048673,0.049001,0.04935,0.049675,0.049977,0.05145,0.050525,0.050716,0.050937,0.051251,0.051315,0.051465,0.051582,0.051507,0.051724,0.051785,0.051819,0.052007,0.051801,0.051778,0.051713,0.051654,0.051457,0.051326,0.051127,0.050919,0.050634,0.050286,0.049919,0.049659,0.048989,0.048503,0.048033,0.047651,0.047167,0.04683,0.046588
0.18605,0.16933,0.048887,0.10489,0.24156,0.049611,0.077382,0.19762,0.07427,0.093812,0.14553,0.12109,0.10431,0.094453,0.088804,0.08488,0.087032,0.080934,0.080598,0.080863,0.083367,0.083421,0.084763,0.086014,0.086678,0.087886,0.08838,0.088689,0.088929,0.088873,0.088832,0.08864,0.089839,0.08793,0.087566,0.087068,0.086296,0.08594,0.085366,0.08466,0.084179,0.083326,0.082596,0.081841,0.081192,0.080424,0.079637,0.078803,0.078033,0.077265,0.076446,0.075723,0.074557,0.074232,0.073579,0.072937,0.072412,0.071742,0.071284,0.07081,0.070441,0.070157,0.06994,0.069806
0.11628,0.12752,0.12589,0.16081,0.076121,0.18,0.18971,0.10474,0.19921,0.062003,0.034214,0.043785,0.044884,0.046263,0.047095,0.047478,0.047719,0.046035,0.044045,0.04097,0.036501,0.032419,0.031414,0.037039,0.043811,0.045848,0.046993,0.047429,0.047844,0.048018,0.048211,0.048205,0.049306,0.048192,0.0482,0.04802,0.047903,0.047602,0.04729,0.0469,0.047143,0.046104,0.045619,0.04515,0.044795,0.044025,0.04344,0.042723,0.042126,0.041417,0.040669,0.039942,0.039027,0.038669,0.037925,0.037225,0.037007,0.035834,0.035057,0.034563,0.03416,0.032677,0.030916,0.027719
0.11628,0.098519,0.081649,0.11022,0.051603,0.12469,0.10963,0.041463,0.066781,0.022042,0.043032,0.058132,0.061771,0.058083,0.07131,0.084742,0.092673,0.095839,0.098395,0.10051,0.10264,0.10312,0.10395,0.10416,0.10313,0.10282,0.093143,0.082938,0.08264,0.081511,0.081101,0.080789,0.093771,0.080112,0.079644,0.079426,0.079125,0.079022,0.078938,0.079123,0.077743,0.079412,0.07976,0.080484,0.081163,0.080225,0.080887,0.081246,0.081586,0.081232,0.081364,0.080792,0.080086,0.080301,0.079474,0.078636,0.078683,0.076861,0.075689,0.075036,0.07329,0.072098,0.070956,0.070121
0.046512,0.025452,0.10291,0.12991,0.16436,0.06947,0.076358,0.085996,0.16203,0.16963,0.14509,0.14033,0.12883,0.11161,0.11745,0.10993,0.10698,0.10861,0.11397,0.11657,0.11664,0.11637,0.11565,0.11497,0.11418,0.11349,0.11288,0.1123,0.11145,0.11099,0.11036,0.10975,0.11003,0.10872,0.10813,0.10752,0.10703,0.10637,0.10585,0.10539,0.1047,0.10419,0.10366,0.10308,0.10273,0.1021,0.10148,0.10097,0.10043,0.099848,0.099282,0.098774,0.098082,0.097543,0.097027,0.096448,0.096002,0.095384,0.094861,0.094312,0.093871,0.093552,0.093266,0.093075
0.11628,0.26559,0.13203,0.078849,0.2938,0.2122,0.2066,0.20921,0.11181,0.052422,0.1406,0.15992,0.16253,0.17638,0.18832,0.19962,0.20985,0.21828,0.22509,0.23065,0.23466,0.23904,0.24224,0.24507,0.24728,0.24974,0.25171,0.25361,0.25524,0.25695,0.25848,0.25992,0.25983,0.26252,0.26376,0.26498,0.26629,0.26724,0.26831,0.26939,0.2701,0.27147,0.27249,0.27352,0.2744,0.27539,0.27638,0.27733,0.27823,0.27921,0.28019,0.28113,0.28256,0.28314,0.28424,0.28541,0.28714,0.28806,0.28961,0.2915,0.2935,0.29601,0.29875,0.3013
0.13953,0.20551,0.046219,0.011654,0.18215,0.10644,0.14798,0.094343,0.12438,0.098873,0.18448,0.20444,0.20849,0.20829,0.2084,0.20905,0.21137,0.21053,0.21126,0.2121,0.21208,0.21357,0.21421,0.2149,0.21539,0.2161,0.21664,0.2174,0.21791,0.21849,0.21905,0.21966,0.21842,0.22068,0.22123,0.22178,0.2224,0.2228,0.22333,0.22385,0.22416,0.2248,0.22531,0.22577,0.22617,0.2267,0.22721,0.2277,0.22811,0.22859,0.22902,0.22938,0.22984,0.23021,0.23058,0.23093,0.23127,0.23154,0.23181,0.23202,0.2322,0.23236,0.23247,0.23253
0.16279,0.097487,0.12531,0.12462,0.25959,0.022995,0.1515,0.12616,0.1467,0.073167,0.089119,0.078466,0.067832,0.053542,0.038213,0.032078,0.028715,0.029437,0.031395,0.034194,0.036313,0.03911,0.04051,0.041475,0.04217,0.043058,0.043634,0.04414,0.044681,0.045169,0.045615,0.046018,0.0452,0.046875,0.047282,0.04767,0.048209,0.048375,0.048625,0.048749,0.048631,0.049287,0.04937,0.049463,0.049917,0.049285,0.048998,0.04879,0.048502,0.048081,0.04757,0.046554,0.045583,0.044833,0.04342,0.041737,0.040163,0.038186,0.035229,0.03285,0.029421,0.027845,0.025614,0.024063
0.093023,0.11516,0.042363,0.25044,0.11291,0.025579,0.12211,0.10885,0.21503,0.10498,0.09738,0.064904,0.065365,0.082022,0.097347,0.10612,0.11005,0.11276,0.11465,0.11618,0.11776,0.11831,0.11904,0.11966,0.12034,0.12063,0.12094,0.12131,0.1215,0.12153,0.12164,0.12174,0.12047,0.12169,0.12162,0.12155,0.1214,0.12122,0.12111,0.12102,0.12123,0.12074,0.12058,0.12032,0.12009,0.12002,0.11988,0.1197,0.11939,0.11923,0.11906,0.11871,0.11872,0.1184,0.11822,0.11803,0.11717,0.11766,0.1174,0.11708,0.11709,0.11663,0.11643,0.11633
0.11628,0.053555,0.044882,0.10066,0.22312,0.043845,0.14462,0.078584,0.12258,0.044791,0.067139,0.056543,0.055832,0.061529,0.057422,0.079669,0.084078,0.086438,0.087889,0.088872,0.090108,0.090416,0.091054,0.091601,0.092268,0.092663,0.092952,0.093428,0.093472,0.094005,0.09425,0.094549,0.091718,0.094864,0.094892,0.095005,0.09512,0.095085,0.095007,0.095015,0.095291,0.094806,0.094633,0.094379,0.094559,0.093855,0.093477,0.093197,0.092577,0.092122,0.091699,0.091037,0.090399,0.08967,0.088792,0.087968,0.085459,0.086044,0.085543,0.084381,0.084308,0.083159,0.083244,0.081691
0.13953,0.067094,0.11452,0.091732,0.11988,0.10243,0.11221,0.11298,0.1713,0.12112,0.072799,0.053457,0.057174,0.061294,0.062453,0.062883,0.063209,0.062432,0.06188,0.061386,0.060946,0.060037,0.059416,0.058723,0.05841,0.057332,0.056735,0.056049,0.055205,0.054663,0.054046,0.053328,0.053593,0.052021,0.051413,0.050797,0.050086,0.049549,0.048865,0.048212,0.048396,0.046926,0.046264,0.045577,0.04513,0.044428,0.043713,0.042951,0.042286,0.041624,0.04085,0.040112,0.03977,0.038663,0.037852,0.037063,0.036146,0.035269,0.03441,0.033309,0.03229,0.03071,0.028569,0.025441
0.13953,0.0991,0.044454,0.11494,0.050334,0.20507,0.23096,0.093369,0.076872,0.10563,0.088683,0.071244,0.062401,0.053028,0.047576,0.042033,0.038012,0.033588,0.030772,0.028884,0.027152,0.027756,0.028208,0.02915,0.030447,0.031876,0.033497,0.035272,0.036182,0.038624,0.040335,0.041896,0.043554,0.045277,0.046651,0.048099,0.049893,0.050775,0.052057,0.053339,0.05412,0.055651,0.056797,0.057826,0.059992,0.060099,0.061125,0.062049,0.063059,0.063989,0.064926,0.065754,0.067441,0.067691,0.068495,0.069348,0.071003,0.071049,0.072042,0.072676,0.074686,0.075824,0.07804,0.08257
0.093023,0.16379,0.10045,0.073611,0.22611,0.11994,0.11626,0.035593,0.19355,0.029711,0.063408,0.063771,0.045278,0.046064,0.050998,0.056224,0.062093,0.066256,0.070407,0.073797,0.076816,0.07886,0.080827,0.082441,0.084092,0.085061,0.086226,0.087273,0.08833,0.089122,0.08996,0.090774,0.090696,0.092188,0.092927,0.093571,0.093915,0.094775,0.095296,0.095861,0.096086,0.096758,0.097196,0.097581,0.098109,0.098388,0.098663,0.098927,0.099141,0.099373,0.099461,0.099566,0.098311,0.099496,0.09935,0.09912,0.099451,0.098374,0.097734,0.096935,0.096347,0.095132,0.094114,0.093324
0.023256,0.11226,0.097658,0.087152,0.17873,0.035983,0.087242,0.096537,0.048311,0.083915,0.052262,0.070213,0.066442,0.054087,0.04816,0.045376,0.044579,0.044791,0.045253,0.045582,0.047826,0.045676,0.045648,0.045404,0.045365,0.044676,0.044347,0.043805,0.043481,0.043088,0.042684,0.042252,0.042067,0.041445,0.041122,0.040732,0.040166,0.039965,0.039586,0.039255,0.039056,0.038546,0.038165,0.037798,0.037665,0.037136,0.036795,0.0364,0.036032,0.035855,0.035459,0.035334,0.034647,0.034818,0.034434,0.034206,0.033513,0.033878,0.033689,0.033288,0.033461,0.033204,0.032273,0.029713
0.23256,0.062401,0.07466,0.095747,0.11607,0.077195,0.11902,0.05148,0.16094,0.046396,0.10938,0.12226,0.12401,0.12377,0.11909,0.11397,0.11015,0.10774,0.10607,0.10499,0.10385,0.10358,0.10319,0.10286,0.10231,0.10245,0.1023,0.10213,0.10193,0.10201,0.10195,0.10191,0.10174,0.10188,0.10185,0.10185,0.10191,0.1019,0.10183,0.10189,0.10177,0.1019,0.10189,0.10193,0.1021,0.10186,0.10182,0.10181,0.10179,0.10178,0.10178,0.10177,0.10187,0.10182,0.1018,0.10188,0.102,0.10217,0.10244,0.10279,0.10323,0.1036,0.10382,0.1032
0,0.20976,0.22946,0.085051,0.32128,0.094424,0.12386,0.15853,0.18753,0.030433,0.10683,0.13091,0.15795,0.16736,0.17212,0.15957,0.15548,0.1542,0.1543,0.15461,0.15545,0.15512,0.15571,0.15631,0.15799,0.15765,0.15855,0.15931,0.16072,0.16118,0.16218,0.16315,0.17831,0.16512,0.16607,0.16718,0.16759,0.16968,0.17012,0.17146,0.17382,0.17416,0.17519,0.17715,0.17496,0.17861,0.18016,0.18134,0.18292,0.1837,0.18556,0.18582,0.181,0.18893,0.1894,0.19062,0.20742,0.1895,0.18925,0.19629,0.2011,0.18934,0.18755,0.18645
0.023256,0.065065,0.010213,0.090405,0.022948,0.14589,0.13084,0.12076,0.015276,0.14507,0.16599,0.17951,0.19783,0.20902,0.21135,0.21225,0.21367,0.21366,0.21449,0.2155,0.21736,0.2181,0.2195,0.22097,0.22284,0.22421,0.22592,0.22779,0.22957,0.23193,0.23434,0.23701,0.24403,0.24329,0.24617,0.24903,0.25236,0.25446,0.2563,0.25828,0.25997,0.26141,0.26283,0.26421,0.26572,0.26658,0.26766,0.26872,0.26977,0.27074,0.2717,0.27262,0.27347,0.2743,0.27504,0.27575,0.27644,0.27703,0.27755,0.27801,0.27836,0.27868,0.2789,0.27903
0,0.1171,0.08002,0.13986,0.15954,0.1922,0.33232,0.041113,0.065254,0.11153,0.13586,0.13819,0.13048,0.10306,0.097298,0.093642,0.094159,0.08743,0.085038,0.082952,0.081398,0.079168,0.077719,0.076384,0.07573,0.073948,0.073163,0.072271,0.071335,0.070682,0.070068,0.069451,0.067625,0.068357,0.068057,0.06766,0.067375,0.067023,0.066782,0.066473,0.06717,0.066206,0.066121,0.066091,0.066427,0.065958,0.06596,0.066006,0.066117,0.066269,0.066284,0.066466,0.067243,0.066948,0.067318,0.06772,0.066446,0.068378,0.068157,0.069168,0.06977,0.069065,0.069404,0.069376
0.023256,0.036761,0.12266,0.15287,0.17811,0.11155,0.26394,0.0064594,0.097675,0.11526,0.14711,0.1603,0.16834,0.17039,0.17209,0.17269,0.17112,0.17271,0.17246,0.17215,0.17176,0.17129,0.17079,0.17036,0.16966,0.1693,0.16885,0.16837,0.16827,0.16737,0.16686,0.16636,0.1668,0.16521,0.16473,0.16417,0.16342,0.163,0.16242,0.16179,0.16084,0.16048,0.1598,0.15909,0.15751,0.1576,0.15676,0.15593,0.15506,0.15419,0.15322,0.15221,0.15058,0.1502,0.14911,0.148,0.14712,0.14563,0.14441,0.14324,0.14182,0.1411,0.14027,0.13973
0.11628,0.064979,0.054028,0.097477,0.17698,0.060601,0.11804,0.21212,0.092958,0.038848,0.0286,0.056654,0.077464,0.088712,0.099526,0.10854,0.11876,0.12236,0.12788,0.13276,0.13761,0.141,0.14437,0.14755,0.15033,0.15293,0.15544,0.15785,0.16047,0.16177,0.16355,0.16525,0.16456,0.16807,0.1695,0.17075,0.17188,0.17287,0.17393,0.17493,0.17622,0.17655,0.17742,0.17808,0.17715,0.17927,0.17991,0.18038,0.18072,0.18138,0.18164,0.18199,0.18291,0.18252,0.18293,0.1832,0.18245,0.18404,0.18374,0.18371,0.18243,0.18466,0.18531,0.18604
0.093023,0.08082,0.05279,0.064355,0.034283,0.040454,0.023426,0.013762,0.072614,0.062213,0.052724,0.038622,0.042831,0.045718,0.038301,0.038173,0.038203,0.038067,0.037755,0.037487,0.03688,0.036894,0.036826,0.037144,0.037449,0.038876,0.040065,0.041294,0.042518,0.043628,0.044563,0.045349,0.047412,0.046642,0.047014,0.047374,0.04744,0.047855,0.048011,0.048138,0.047801,0.048164,0.048161,0.048123,0.047991,0.047888,0.047855,0.047749,0.047656,0.047519,0.047426,0.047276,0.047,0.047119,0.047003,0.0469,0.046865,0.046761,0.046693,0.046633,0.046557,0.04655,0.046529,0.046518
0.023256,0.027675,0.083771,0.025758,0.033479,0.044807,0.028728,0.032886,0.10739,0.10094,0.1331,0.12807,0.10169,0.10704,0.095909,0.089143,0.086335,0.084284,0.082684,0.081186,0.079881,0.078675,0.077635,0.076635,0.075606,0.074751,0.073844,0.072901,0.071729,0.070983,0.069934,0.068907,0.067024,0.0666,0.065296,0.064053,0.063099,0.061665,0.060381,0.059355,0.058438,0.05755,0.056758,0.056183,0.056505,0.055185,0.054846,0.054598,0.054346,0.05427,0.054182,0.054152,0.054697,0.053982,0.053787,0.053643,0.053602,0.053089,0.052601,0.051892,0.050826,0.049573,0.048147,0.046994
0.023256,0.072133,0.14648,0.2278,0.23737,0.023542,0.13927,0.055417,0.13217,0.09006,0.10227,0.11459,0.11316,0.12827,0.13385,0.13735,0.13973,0.14198,0.14348,0.14455,0.1458,0.14594,0.14617,0.14628,0.14644,0.14595,0.14553,0.14519,0.14491,0.14403,0.14341,0.1428,0.14135,0.14142,0.14072,0.14,0.13941,0.13866,0.13805,0.13735,0.13695,0.13614,0.13557,0.13499,0.13407,0.1339,0.13338,0.13287,0.13229,0.1318,0.13124,0.13072,0.13007,0.12953,0.12887,0.12821,0.12722,0.12669,0.12587,0.12482,0.12332,0.12206,0.12003,0.11764
0.23256,0.061495,0.072914,0.11835,0.242,0.25506,0.1966,0.18003,0.11826,0.061356,0.16289,0.19555,0.20367,0.20882,0.21474,0.22082,0.22743,0.23353,0.23875,0.24252,0.24462,0.24534,0.24417,0.24187,0.23958,0.23822,0.23755,0.23715,0.23697,0.23703,0.23713,0.23732,0.23544,0.23758,0.23774,0.2379,0.23827,0.23818,0.2383,0.23841,0.2385,0.23866,0.23875,0.23881,0.23947,0.23892,0.23891,0.2389,0.23886,0.23877,0.23864,0.23848,0.23833,0.23797,0.23764,0.23726,0.23697,0.23622,0.23562,0.23498,0.23448,0.23364,0.23308,0.2327
0.2093,0.074666,0.063986,0.029827,0.21536,0.05679,0.137,0.10409,0.054396,0.078042,0.072271,0.10083,0.12091,0.12976,0.13602,0.13984,0.14076,0.14378,0.14488,0.14558,0.14625,0.14664,0.14687,0.14716,0.14765,0.14764,0.14792,0.14825,0.14855,0.14871,0.14899,0.14928,0.14881,0.14988,0.15029,0.15061,0.15099,0.15129,0.15176,0.15208,0.15274,0.153,0.15345,0.15388,0.15435,0.15487,0.15536,0.15584,0.15635,0.1569,0.15739,0.15796,0.15854,0.15896,0.15951,0.16003,0.16041,0.16096,0.16141,0.1618,0.16217,0.16242,0.16262,0.16275
0.18605,0.066016,0.10718,0.10973,0.20731,0.21862,0.26072,0.042197,0.095682,0.026738,0.066443,0.091136,0.13615,0.16278,0.17525,0.18377,0.1901,0.19513,0.19907,0.20229,0.20491,0.20722,0.20917,0.21095,0.21316,0.21366,0.21499,0.21618,0.2171,0.21834,0.21938,0.22047,0.22105,0.22236,0.22349,0.22458,0.22624,0.22723,0.22866,0.23006,0.22876,0.23402,0.23602,0.23838,0.24006,0.24185,0.24372,0.2456,0.24689,0.24814,0.24953,0.25062,0.25111,0.25171,0.25269,0.25331,0.2544,0.25429,0.2547,0.25495,0.25525,0.25554,0.25569,0.25579
0.093023,0.080198,0.093855,0.15854,0.36627,0.14501,0.17111,0.21725,0.028556,0.093516,0.066692,0.068106,0.075484,0.078635,0.078825,0.078382,0.078815,0.079097,0.080546,0.082077,0.084819,0.083893,0.084529,0.084957,0.085646,0.085217,0.085432,0.085723,0.0861,0.085944,0.086073,0.086308,0.081647,0.086427,0.086676,0.08681,0.086534,0.087093,0.087267,0.087484,0.087637,0.087693,0.087954,0.088126,0.088132,0.08851,0.088823,0.089127,0.089247,0.089674,0.089891,0.090363,0.089746,0.090765,0.091254,0.091643,0.092192,0.092773,0.093061,0.093077,0.092915,0.093379,0.093263,0.093002
0.046512,0.13135,0.10857,0.052219,0.14376,0.16371,0.089597,0.050367,0.031854,0.058796,0.10106,0.1226,0.12661,0.12401,0.12632,0.1288,0.12952,0.12835,0.12684,0.12632,0.12769,0.12856,0.13129,0.13757,0.14744,0.15267,0.15602,0.15805,0.1598,0.16116,0.16231,0.1633,0.16519,0.16496,0.16557,0.1661,0.16626,0.16697,0.16719,0.16743,0.16813,0.16776,0.1678,0.16785,0.16799,0.1677,0.16752,0.16736,0.16714,0.16688,0.16662,0.1663,0.16538,0.16574,0.16536,0.16496,0.16308,0.16418,0.16365,0.16327,0.16299,0.16235,0.16185,0.1618
0.13953,0.068654,0.11758,0.10278,0.078005,0.064441,0.058136,0.065029,0.070869,0.036688,0.055873,0.051266,0.037529,0.033558,0.024186,0.010985,0.015236,0.012196,0.011335,0.010798,0.01054,0.010878,0.011148,0.011461,0.011879,0.012313,0.012835,0.013329,0.013703,0.014442,0.014984,0.01552,0.016381,0.016514,0.016977,0.01739,0.017888,0.018148,0.018448,0.018791,0.018944,0.019209,0.01942,0.019619,0.02018,0.019979,0.020064,0.020191,0.020338,0.020415,0.020523,0.02067,0.021055,0.020913,0.021098,0.021276,0.021485,0.02179,0.022036,0.022311,0.022687,0.022864,0.023075,0.02321
0.11628,0.070079,0.06838,0.21798,0.22918,0.1159,0.1763,0.15174,0.11453,0.063129,0.025615,0.039163,0.042767,0.056289,0.061464,0.063396,0.062166,0.062457,0.060585,0.059268,0.056824,0.056746,0.056712,0.057334,0.056019,0.059404,0.060412,0.061825,0.062925,0.063684,0.064581,0.065478,0.058123,0.066954,0.067591,0.0683,0.068911,0.069508,0.069964,0.070427,0.069944,0.071218,0.071593,0.071904,0.07181,0.072472,0.072649,0.07278,0.072917,0.072996,0.073039,0.07303,0.073069,0.072803,0.072635,0.072398,0.071954,0.071764,0.07139,0.070998,0.0706,0.070282,0.070004,0.069827
0.16279,0.13365,0.26632,0.10201,0.41937,0.2566,0.20761,0.24718,0.069582,0.082298,0.16779,0.21173,0.23093,0.25415,0.2688,0.27698,0.2782,0.2809,0.28062,0.27981,0.28029,0.27811,0.27758,0.27714,0.27718,0.27668,0.27665,0.27664,0.2769,0.27663,0.27669,0.27673,0.2769,0.27687,0.27692,0.27694,0.2767,0.277,0.27704,0.27705,0.27708,0.27711,0.27711,0.27707,0.27684,0.27707,0.27706,0.27701,0.27698,0.27693,0.27687,0.27681,0.2761,0.27678,0.27676,0.27678,0.27737,0.27686,0.27702,0.2772,0.27743,0.27807,0.27855,0.27893
0.046512,0.085853,0.09588,0.074888,0.16934,0.050453,0.089613,0.080151,0.037775,0.15303,0.1683,0.15575,0.13513,0.12241,0.11608,0.11295,0.11024,0.11091,0.11062,0.11052,0.11026,0.11018,0.11019,0.11006,0.11012,0.10989,0.10972,0.10943,0.10906,0.10898,0.1087,0.10841,0.10894,0.10764,0.1073,0.10696,0.10662,0.10626,0.10582,0.10541,0.10537,0.10471,0.10426,0.10382,0.10389,0.10285,0.10244,0.10196,0.10148,0.10098,0.10051,0.09985,0.0998,0.098897,0.098258,0.09765,0.096741,0.096178,0.095566,0.094886,0.094452,0.093779,0.093376,0.093126
0.16279,0.15387,0.12949,0.077651,0.20837,0.11627,0.056836,0.025446,0.065705,0.069382,0.083132,0.071242,0.063219,0.083692,0.084504,0.082677,0.081514,0.080824,0.0803,0.079948,0.080292,0.079381,0.0793,0.079211,0.078959,0.079145,0.079131,0.079095,0.079265,0.079127,0.079119,0.079138,0.077632,0.079071,0.079037,0.078964,0.078744,0.078839,0.078639,0.078548,0.078245,0.078195,0.077979,0.077761,0.077397,0.077218,0.076841,0.076508,0.076112,0.075716,0.075261,0.074828,0.074067,0.073866,0.073324,0.072808,0.072309,0.071797,0.071316,0.070901,0.070499,0.070194,0.069964,0.069818
0.069767,0.11114,0.12686,0.044149,0.20403,0.089899,0.13818,0.051701,0.080525,0.031882,0.13234,0.13434,0.15104,0.15832,0.16607,0.17232,0.1775,0.18256,0.18687,0.19062,0.19434,0.19704,0.19989,0.20234,0.20443,0.20659,0.20838,0.20981,0.21131,0.2127,0.21385,0.2149,0.2181,0.21675,0.21749,0.21814,0.21867,0.21933,0.21968,0.2201,0.22034,0.2207,0.2209,0.22116,0.22138,0.22122,0.22122,0.22122,0.22121,0.221,0.22086,0.22073,0.22031,0.22012,0.21974,0.21935,0.21854,0.21833,0.21769,0.21701,0.21558,0.21442,0.21263,0.21043
0.069767,0.064981,0.13156,0.21038,0.1357,0.035463,0.13717,0.043224,0.13051,0.098901,0.059533,0.074452,0.083372,0.082079,0.080936,0.075942,0.070563,0.070244,0.077961,0.090328,0.091296,0.091005,0.090799,0.090511,0.090492,0.089876,0.089514,0.089259,0.088716,0.088687,0.088397,0.088165,0.087702,0.087853,0.087541,0.087397,0.087104,0.087132,0.086931,0.086864,0.08742,0.086603,0.086499,0.086418,0.086723,0.086276,0.086201,0.086236,0.08632,0.086216,0.086358,0.086465,0.085676,0.086472,0.086666,0.086873,0.085999,0.087523,0.088281,0.088926,0.089845,0.090765,0.09185,0.092625
0.023256,0.15428,0.084941,0.040131,0.22758,0.10029,0.071643,0.090809,0.065128,0.14629,0.15111,0.13093,0.12549,0.13657,0.13928,0.13881,0.13747,0.13833,0.13814,0.1378,0.137,0.13685,0.13629,0.13569,0.13534,0.1346,0.13382,0.13322,0.13169,0.13187,0.13123,0.13071,0.13094,0.12939,0.12889,0.12834,0.12808,0.12731,0.1269,0.12638,0.12639,0.12579,0.12547,0.12517,0.12597,0.12483,0.12475,0.12478,0.12472,0.12487,0.12504,0.12533,0.12605,0.1263,0.12691,0.12775,0.12855,0.12978,0.1311,0.13251,0.13428,0.13597,0.13768,0.13895
0.023256,0.043282,0.040915,0.073047,0.27802,0.04376,0.065815,0.10576,0.07231,0.048566,0.067869,0.057248,0.053552,0.055238,0.056364,0.057927,0.055788,0.052093,0.045376,0.048461,0.051615,0.052588,0.054117,0.055431,0.05664,0.057745,0.058889,0.059671,0.060376,0.061167,0.061889,0.062536,0.065793,0.06366,0.064125,0.064557,0.064637,0.065277,0.065634,0.065959,0.066501,0.066383,0.066511,0.066567,0.06708,0.066597,0.066641,0.066536,0.066384,0.066158,0.065866,0.065557,0.063931,0.064415,0.063901,0.063181,0.061297,0.061464,0.060286,0.058937,0.057542,0.05531,0.052514,0.048364
0.18605,0.10219,0.065202,0.053278,0.19099,0.16257,0.14513,0.080646,0.049823,0.13683,0.20114,0.19761,0.16953,0.16891,0.16589,0.16242,0.15885,0.15585,0.15291,0.15038,0.1483,0.14597,0.14427,0.14267,0.14159,0.13997,0.13892,0.13769,0.13698,0.13592,0.13508,0.13427,0.13419,0.13278,0.1321,0.13145,0.13078,0.13026,0.12959,0.12903,0.12876,0.12789,0.12734,0.12686,0.12597,0.12562,0.12512,0.12455,0.12403,0.12349,0.12295,0.12238,0.12204,0.12138,0.12081,0.12027,0.1195,0.1192,0.11856,0.11807,0.11762,0.11701,0.1166,0.11637
0.11628,0.040977,0.033172,0.073202,0.2062,0.061722,0.089816,0.086242,0.052471,0.068775,0.103,0.099555,0.107,0.11381,0.11434,0.11412,0.11399,0.11539,0.11671,0.11812,0.11949,0.12095,0.12229,0.12355,0.12502,0.1257,0.12667,0.12759,0.12855,0.12922,0.12993,0.13055,0.1308,0.13182,0.13228,0.13274,0.13315,0.13362,0.13399,0.13431,0.13459,0.1349,0.13519,0.13545,0.13568,0.13594,0.13614,0.13634,0.13654,0.13675,0.13697,0.13719,0.13726,0.13765,0.13786,0.13809,0.13846,0.13853,0.13878,0.13898,0.13915,0.13931,0.13943,0.13951
0.023256,0.11198,0.1359,0.099207,0.2863,0.096484,0.15973,0.1063,0.095181,0.041563,0.099552,0.1105,0.12452,0.13432,0.14013,0.14377,0.14635,0.14776,0.14879,0.14943,0.14996,0.14994,0.14988,0.1497,0.14875,0.14905,0.14856,0.14811,0.14732,0.14688,0.14622,0.14549,0.14324,0.14416,0.14334,0.14255,0.14178,0.14091,0.14007,0.13921,0.13754,0.13756,0.13669,0.13574,0.13517,0.13404,0.13311,0.13216,0.13125,0.13036,0.12945,0.12852,0.12807,0.12662,0.12568,0.12475,0.12475,0.12272,0.1217,0.12033,0.11946,0.11826,0.11728,0.11662
0.046512,0.020948,0.096495,0.097831,0.26402,0.039027,0.11002,0.10038,0.10954,0.034702,0.03716,0.048863,0.054924,0.056341,0.057258,0.057913,0.057712,0.059135,0.05971,0.060354,0.060762,0.061721,0.062308,0.062956,0.063257,0.064132,0.064673,0.065259,0.065955,0.066239,0.066676,0.067117,0.06785,0.067942,0.068239,0.068532,0.068813,0.068982,0.069255,0.069478,0.069502,0.069684,0.069818,0.069901,0.069877,0.07007,0.070092,0.070142,0.070167,0.07015,0.070134,0.070129,0.070092,0.070036,0.070018,0.069972,0.069947,0.069928,0.069893,0.069847,0.069826,0.069802,0.069786,0.069774
0.023256,0.014076,0.099115,0.20822,0.24511,0.1026,0.070944,0.093642,0.12931,0.069085,0.081039,0.087898,0.089914,0.085947,0.073944,0.066326,0.064569,0.066092,0.066708,0.06769,0.067833,0.069813,0.070798,0.071733,0.072609,0.073075,0.073717,0.074094,0.074002,0.074707,0.074953,0.075036,0.077312,0.075585,0.075606,0.075736,0.076116,0.076096,0.076286,0.076354,0.076393,0.076645,0.076856,0.077002,0.077433,0.077722,0.07811,0.078407,0.078904,0.079262,0.079751,0.080274,0.082002,0.08186,0.08228,0.082879,0.084323,0.084495,0.085247,0.086154,0.087558,0.089255,0.090892,0.092714
0.046512,0.094418,0.15673,0.062451,0.21569,0.12546,0.074885,0.067487,0.072001,0.24317,0.27872,0.27687,0.26498,0.25907,0.25323,0.24836,0.24287,0.24132,0.23882,0.23657,0.23509,0.23292,0.23122,0.22976,0.22848,0.22724,0.22617,0.22522,0.22388,0.22309,0.22225,0.22145,0.22161,0.22008,0.21949,0.21887,0.21831,0.21769,0.21727,0.21675,0.21645,0.21596,0.21555,0.21506,0.21501,0.21457,0.2142,0.21391,0.21365,0.21338,0.21304,0.21279,0.21275,0.21218,0.21192,0.21163,0.21126,0.2109,0.21058,0.21021,0.21007,0.20971,0.20951,0.20935
0.023256,0.093816,0.26515,0.20045,0.16641,0.084869,0.069259,0.096588,0.10528,0.18835,0.26413,0.25656,0.27074,0.27666,0.27915,0.27971,0.27799,0.27771,0.2763,0.27513,0.27383,0.27332,0.27268,0.27221,0.27124,0.27139,0.27115,0.27103,0.27111,0.27074,0.27066,0.27059,0.26795,0.27039,0.27031,0.27024,0.27017,0.2701,0.26996,0.2699,0.26929,0.26964,0.26951,0.26936,0.26898,0.26902,0.26884,0.26864,0.26838,0.26817,0.26792,0.26761,0.2673,0.26698,0.2666,0.26619,0.26639,0.2652,0.26459,0.26371,0.26258,0.26128,0.25936,0.25709
0.069767,0.04463,0.17802,0.22095,0.22206,0.072791,0.042568,0.078825,0.038861,0.07314,0.12017,0.10326,0.07911,0.067717,0.064108,0.062098,0.065995,0.061447,0.061586,0.061724,0.062894,0.061604,0.061676,0.061596,0.061097,0.061385,0.061252,0.06121,0.060353,0.060614,0.060357,0.060096,0.05412,0.0594,0.059088,0.05872,0.058024,0.058007,0.057467,0.056988,0.056488,0.056172,0.055704,0.055175,0.055309,0.054257,0.053699,0.053181,0.052558,0.052113,0.051593,0.051093,0.050338,0.050011,0.049444,0.048992,0.048426,0.048079,0.047666,0.047366,0.047129,0.04683,0.046651,0.046546
0.16279,0.042277,0.099411,0.11063,0.091604,0.0907,0.12938,0.15962,0.049666,0.12272,0.043081,0.094285,0.11842,0.13406,0.14396,0.1507,0.15572,0.16006,0.16324,0.16585,0.16692,0.16909,0.1703,0.1711,0.17286,0.17224,0.17274,0.17293,0.17356,0.17371,0.1741,0.17441,0.17766,0.17517,0.17582,0.17633,0.17675,0.17778,0.17836,0.17903,0.18041,0.18049,0.18124,0.18205,0.18183,0.18424,0.18494,0.18554,0.18648,0.18703,0.1876,0.18819,0.18652,0.189,0.18918,0.18933,0.18979,0.189,0.18854,0.18781,0.18628,0.18418,0.18158,0.17967
0.18605,0.014207,0.086349,0.19023,0.12648,0.072965,0.081557,0.087918,0.020603,0.054028,0.033022,0.017727,0.02242,0.025185,0.025587,0.025304,0.024796,0.024089,0.023475,0.023128,0.022707,0.022535,0.021971,0.020797,0.01898,0.017646,0.016637,0.016193,0.015876,0.015744,0.015776,0.015614,0.01822,0.016191,0.016107,0.016206,0.016169,0.016361,0.016462,0.016637,0.016872,0.016749,0.01685,0.016978,0.017185,0.017036,0.01731,0.017306,0.017541,0.017515,0.017656,0.017619,0.017356,0.017776,0.017669,0.017548,0.017141,0.017208,0.016561,0.0162,0.015272,0.013941,0.011666,0.0078105
0,0.037149,0.031984,0.10236,0.34785,0.17389,0.2941,0.096346,0.11614,0.086627,0.18076,0.19389,0.198,0.20102,0.20155,0.20127,0.2006,0.20054,0.20026,0.20002,0.19962,0.19934,0.19888,0.19845,0.19819,0.19736,0.19673,0.19625,0.19544,0.1949,0.19421,0.19355,0.19204,0.19207,0.19135,0.19059,0.18983,0.189,0.18832,0.18754,0.18683,0.18597,0.18523,0.18441,0.18417,0.18292,0.18218,0.18149,0.18071,0.18001,0.17928,0.17859,0.17753,0.17717,0.17652,0.17583,0.17519,0.17439,0.17374,0.17256,0.17242,0.17018,0.16813,0.1652
0.023256,0.092128,0.079375,0.18168,0.023189,0.048033,0.13227,0.033039,0.097553,0.089841,0.11294,0.083364,0.092536,0.095044,0.094019,0.093778,0.092096,0.093676,0.09351,0.093313,0.092842,0.092857,0.092498,0.09217,0.092207,0.091641,0.091321,0.090902,0.090273,0.090312,0.090016,0.089744,0.092435,0.089186,0.08897,0.088805,0.088696,0.088481,0.088473,0.088339,0.088354,0.088368,0.088363,0.088407,0.0888,0.088578,0.088728,0.088869,0.089103,0.08929,0.089557,0.089804,0.090046,0.090336,0.090708,0.091023,0.091416,0.091664,0.091978,0.092226,0.092502,0.092722,0.092878,0.092984
0.023256,0.13173,0.081448,0.2058,0.085951,0.071764,0.10728,0.089535,0.082877,0.074555,0.10809,0.083481,0.077248,0.078056,0.078325,0.078281,0.076656,0.077075,0.076184,0.075007,0.074069,0.073163,0.071863,0.070832,0.070301,0.068754,0.067778,0.066665,0.064829,0.06436,0.063219,0.061971,0.064063,0.059495,0.058235,0.056811,0.054421,0.054022,0.052912,0.051098,0.048642,0.048143,0.04652,0.044671,0.047307,0.042233,0.040787,0.039076,0.037771,0.035893,0.033996,0.032227,0.026396,0.028491,0.026946,0.025049,0.023612,0.020778,0.01853,0.015726,0.01263,0.010774,0.0074657,0.0037498
0,0.018252,0.026997,0.12446,0.055477,0.034298,0.077767,0.12222,0.17752,0.13581,0.17901,0.15139,0.14809,0.13918,0.13181,0.13058,0.1284,0.14352,0.14659,0.14786,0.14674,0.14706,0.14606,0.14485,0.14424,0.1424,0.14136,0.13969,0.139,0.13729,0.13615,0.13505,0.14165,0.13274,0.13189,0.13091,0.13033,0.12931,0.12846,0.12761,0.12797,0.12642,0.12579,0.12536,0.12412,0.12454,0.12412,0.12382,0.12359,0.12338,0.12319,0.12315,0.12388,0.12314,0.12315,0.12322,0.12248,0.12323,0.12336,0.1231,0.12256,0.12196,0.12034,0.11776
0.093023,0.13046,0.13126,0.10278,0.11173,0.11726,0.13515,0.16871,0.10395,0.079496,0.036517,0.033322,0.041905,0.043652,0.047512,0.051411,0.055251,0.061246,0.066337,0.070344,0.073897,0.075859,0.078068,0.079673,0.080932,0.082163,0.083143,0.083997,0.08496,0.085547,0.086172,0.086773,0.084957,0.087755,0.088209,0.088612,0.088936,0.089391,0.089628,0.089967,0.090185,0.090492,0.090739,0.090988,0.091102,0.091372,0.09155,0.091727,0.091869,0.092027,0.092158,0.092282,0.092328,0.092516,0.09259,0.092673,0.092754,0.092817,0.092868,0.092925,0.092947,0.092985,0.093006,0.093019
0.069767,0.027407,0.096067,0.040047,0.083772,0.089591,0.14366,0.20758,0.042761,0.038126,0.038318,0.06243,0.0868,0.090732,0.089152,0.088787,0.088488,0.091044,0.092402,0.093673,0.095697,0.096104,0.097046,0.098014,0.099045,0.099653,0.10037,0.10106,0.1015,0.10211,0.10263,0.10319,0.10485,0.10382,0.10423,0.10455,0.10451,0.10501,0.1054,0.10557,0.10575,0.10578,0.10589,0.10588,0.10596,0.10605,0.10595,0.10588,0.10568,0.10551,0.10521,0.10487,0.10374,0.10381,0.10325,0.10249,0.10186,0.10061,0.099438,0.098148,0.096803,0.095432,0.094203,0.093327
0.069767,0.057454,0.20343,0.1306,0.10216,0.040352,0.042214,0.17274,0.056088,0.043132,0.061116,0.069689,0.075641,0.07522,0.076588,0.078976,0.081586,0.083775,0.084789,0.085078,0.085364,0.084693,0.084246,0.083754,0.082815,0.082394,0.081895,0.081291,0.080714,0.080198,0.079646,0.079091,0.079193,0.078213,0.077687,0.077213,0.076625,0.076354,0.075895,0.07564,0.074781,0.074438,0.074136,0.073805,0.073278,0.07312,0.072811,0.072449,0.072217,0.071882,0.071602,0.071441,0.070783,0.070902,0.070643,0.070388,0.070299,0.070415,0.070135,0.070057,0.069889,0.069871,0.069817,0.069795
0.25581,0.10353,0.092321,0.13993,0.17581,0.14956,0.11905,0.044542,0.038121,0.072335,0.087136,0.083282,0.078412,0.077503,0.077031,0.077407,0.08016,0.086723,0.094984,0.099944,0.10331,0.10459,0.10624,0.10765,0.10902,0.10988,0.11087,0.11174,0.1127,0.11337,0.11408,0.1146,0.11639,0.11604,0.11648,0.11696,0.11736,0.11793,0.11842,0.11888,0.11962,0.11962,0.12008,0.12055,0.12081,0.12145,0.12204,0.12249,0.12318,0.12376,0.1245,0.12532,0.12639,0.12702,0.12811,0.12916,0.12987,0.13188,0.13319,0.13454,0.13629,0.13734,0.13843,0.13927
0.023256,0.11622,0.092729,0.196,0.028979,0.032963,0.065696,0.0798,0.037484,0.10626,0.08687,0.10133,0.11834,0.12325,0.12535,0.12564,0.1245,0.12487,0.12468,0.12494,0.12519,0.12538,0.12579,0.12618,0.12603,0.12701,0.12728,0.12755,0.12771,0.12819,0.12844,0.12874,0.12911,0.12911,0.12933,0.12954,0.12989,0.12992,0.13017,0.13027,0.13059,0.13078,0.13098,0.13126,0.13167,0.13163,0.13188,0.13216,0.13242,0.13265,0.13299,0.13333,0.13404,0.13395,0.13448,0.13496,0.13502,0.13608,0.13664,0.13731,0.13804,0.13856,0.13907,0.13945
0.093023,0.12232,0.18856,0.058113,0.14369,0.18149,0.16505,0.13566,0.18019,0.07849,0.07697,0.070826,0.072915,0.080137,0.090975,0.097078,0.10311,0.10539,0.10892,0.11183,0.11376,0.11633,0.11787,0.11921,0.1203,0.12123,0.12198,0.12274,0.12312,0.12375,0.1242,0.12454,0.12551,0.12536,0.12569,0.126,0.12631,0.12657,0.12692,0.12712,0.12757,0.1277,0.12792,0.12812,0.12859,0.12856,0.12876,0.12894,0.12917,0.12934,0.12954,0.12966,0.12953,0.13017,0.13037,0.13061,0.13052,0.13108,0.13153,0.13205,0.13347,0.13397,0.13564,0.13805
0,0.05204,0.071278,0.12351,0.18746,0.10753,0.11716,0.10031,0.1747,0.10972,0.089361,0.088364,0.079834,0.073345,0.072296,0.068732,0.065076,0.058951,0.054319,0.050467,0.047502,0.044311,0.041543,0.039343,0.036342,0.035519,0.033749,0.032305,0.030395,0.029371,0.028101,0.026886,0.022544,0.024557,0.023485,0.022416,0.022005,0.020392,0.019282,0.018501,0.016964,0.016467,0.01546,0.014579,0.014705,0.012728,0.011666,0.010786,0.0099928,0.0090247,0.0080806,0.0074004,0.0084284,0.0063166,0.0056385,0.0053226,0.0073606,0.0051864,0.0052545,0.0047898,0.0054908,0.0047224,0.003396,0.00072851
0,0.12241,0.18306,0.059269,0.067113,0.047401,0.057601,0.13219,0.095664,0.05064,0.063469,0.062662,0.057256,0.052738,0.048066,0.043892,0.039914,0.036764,0.03388,0.031273,0.029344,0.027221,0.025525,0.024042,0.022563,0.021616,0.020506,0.019595,0.019294,0.018298,0.017679,0.017119,0.013614,0.016684,0.016381,0.016217,0.015806,0.016239,0.016168,0.016365,0.016289,0.016745,0.016976,0.017327,0.016989,0.017775,0.018132,0.018488,0.018883,0.019239,0.019625,0.020023,0.019812,0.02083,0.021144,0.021495,0.021871,0.022109,0.02239,0.022673,0.022779,0.023028,0.023157,0.023236
0.023256,0.078308,0.10818,0.098856,0.18525,0.10771,0.07079,0.076758,0.061374,0.034263,0.046483,0.039132,0.039431,0.033449,0.030161,0.028514,0.028335,0.027509,0.027634,0.028111,0.028998,0.029581,0.030345,0.031211,0.031884,0.032839,0.033659,0.034354,0.034937,0.035767,0.036416,0.037043,0.039601,0.038166,0.038651,0.039159,0.039613,0.040048,0.040542,0.040992,0.041673,0.041731,0.042095,0.04246,0.04296,0.043094,0.04342,0.043745,0.044045,0.044294,0.044567,0.04481,0.045088,0.045231,0.045472,0.045655,0.045768,0.04599,0.046133,0.046232,0.046354,0.046414,0.046469,0.0465
0,0.11792,0.1645,0.12422,0.093359,0.066082,0.10163,0.10377,0.094748,0.10633,0.043415,0.028177,0.019752,0.0023236,0.01385,0.018003,0.023976,0.026628,0.030338,0.033478,0.035939,0.038209,0.040025,0.041552,0.042633,0.044264,0.045463,0.046316,0.047605,0.04823,0.048981,0.049681,0.051685,0.050912,0.051476,0.052044,0.052676,0.052908,0.053367,0.053783,0.054079,0.054628,0.054986,0.055424,0.054693,0.055788,0.055949,0.056207,0.056483,0.056615,0.056864,0.056829,0.057969,0.056929,0.057196,0.057316,0.056045,0.057601,0.057637,0.057309,0.055964,0.056334,0.055161,0.052449
0.069767,0.16404,0.11985,0.071057,0.060774,0.15862,0.11806,0.077885,0.1547,0.16412,0.18105,0.1681,0.16906,0.17266,0.17437,0.17658,0.16122,0.16237,0.16196,0.16139,0.16011,0.1596,0.15873,0.1579,0.15707,0.15638,0.15583,0.15513,0.1542,0.15411,0.1537,0.15318,0.15447,0.15258,0.15235,0.15219,0.15204,0.15186,0.15164,0.15165,0.15128,0.15141,0.15136,0.15138,0.15274,0.15139,0.1514,0.15123,0.15139,0.15132,0.15127,0.1509,0.15078,0.15095,0.15076,0.15057,0.15029,0.15031,0.15002,0.15022,0.15203,0.15209,0.15459,0.15912
0.16279,0.13823,0.061514,0.16825,0.095605,0.037825,0.094976,0.19036,0.16008,0.021481,0.048748,0.027937,0.034396,0.040286,0.047259,0.052816,0.054339,0.044057,0.040057,0.038374,0.035883,0.035912,0.035,0.034223,0.033868,0.032935,0.03237,0.031791,0.031404,0.030756,0.030317,0.029889,0.02941,0.029109,0.028736,0.028392,0.028163,0.027644,0.027376,0.027087,0.026907,0.026525,0.026266,0.025964,0.025786,0.025565,0.02538,0.025152,0.024933,0.024763,0.024585,0.024378,0.0243,0.024032,0.023937,0.023812,0.023692,0.023608,0.023511,0.023408,0.02338,0.023323,0.023283,0.023261
0.27907,0.18195,0.18179,0.055944,0.20141,0.10824,0.15471,0.21902,0.16043,0.040906,0.1587,0.19735,0.20459,0.20771,0.20524,0.2027,0.20088,0.19942,0.19852,0.19795,0.19764,0.1975,0.19737,0.19744,0.19761,0.19771,0.19795,0.19835,0.19859,0.19891,0.19926,0.19964,0.19854,0.2003,0.2007,0.20108,0.20143,0.20183,0.20219,0.20259,0.20297,0.20329,0.20367,0.20401,0.20454,0.20481,0.20514,0.20549,0.2058,0.20617,0.2065,0.20683,0.20713,0.20742,0.2077,0.20797,0.20823,0.20849,0.20868,0.20886,0.20904,0.20914,0.20923,0.20928
NaN,0.084917,0.14369,0.13814,0.15811,0.13245,0.035991,0.093675,0.096569,0.037038,0.051409,0.046854,0.036183,0.035222,0.032892,0.031543,0.031785,0.029718,0.029263,0.028881,0.028539,0.027836,0.027736,0.027521,0.027226,0.026863,0.026968,0.026861,0.026806,0.026375,0.02633,0.026244,0.025501,0.0261,0.026154,0.026048,0.026041,0.026011,0.026029,0.026061,0.025644,0.02595,0.026165,0.026287,0.025329,0.026364,0.026936,0.027315,0.027599,0.02794,0.028377,0.029542,0.029987,0.030214,0.031084,0.032188,0.03611,0.034443,0.036117,0.037988,0.039149,0.042039,0.044086,0.045923
0.13953,0.049128,0.15368,0.17125,0.05126,0.15101,0.12709,0.021893,0.054843,0.032189,0.036383,0.031601,0.021545,0.026485,0.032691,0.039711,0.045962,0.051942,0.056118,0.059499,0.060263,0.064229,0.066477,0.068454,0.070922,0.072082,0.073673,0.075374,0.07677,0.078257,0.079757,0.081,0.078311,0.083674,0.084979,0.086261,0.088362,0.088943,0.090146,0.091224,0.093208,0.094017,0.095296,0.096512,0.098491,0.099276,0.10056,0.10173,0.10284,0.10419,0.10541,0.10655,0.10945,0.10905,0.11009,0.11117,0.11207,0.11292,0.1138,0.11453,0.11538,0.11562,0.11597,0.11618
0.13953,0.15471,0.16727,0.21682,0.074713,0.20739,0.15923,0.052033,0.10034,0.044784,0.052234,0.017543,0.014059,0.021466,0.027324,0.032308,0.035855,0.036505,0.023475,0.025116,0.027493,0.030456,0.032687,0.034711,0.036427,0.038213,0.039674,0.040976,0.042251,0.043581,0.044705,0.045776,0.047501,0.047763,0.048659,0.049552,0.050432,0.051242,0.051987,0.052777,0.053386,0.054282,0.054999,0.055762,0.0565,0.057083,0.057762,0.058444,0.059112,0.059768,0.060457,0.061123,0.061878,0.062541,0.063229,0.063979,0.064961,0.065512,0.0663,0.067142,0.067983,0.068629,0.069228,0.069627
0.046512,0.032279,0.10261,0.065593,0.050711,0.039816,0.061052,0.13265,0.15784,0.17782,0.10675,0.088192,0.069003,0.068848,0.067941,0.068233,0.068985,0.070026,0.070771,0.071291,0.071563,0.07186,0.071938,0.071959,0.071438,0.071868,0.071773,0.071852,0.071174,0.071328,0.071225,0.071056,0.065919,0.070764,0.070749,0.0706,0.070479,0.070558,0.070372,0.070143,0.069129,0.070151,0.070106,0.069934,0.069883,0.070251,0.070121,0.070022,0.069886,0.070021,0.069911,0.069849,0.069583,0.070079,0.069914,0.069912,0.070222,0.069906,0.069788,0.069855,0.069701,0.069795,0.06978,0.069773
0.13953,0.149,0.068931,0.049671,0.081855,0.11896,0.12649,0.047872,0.17733,0.053787,0.13197,0.134,0.13811,0.14027,0.14591,0.15098,0.15567,0.15873,0.1651,0.17268,0.17637,0.17683,0.17737,0.17776,0.17738,0.17854,0.17906,0.17963,0.18008,0.18057,0.18116,0.18172,0.17953,0.1829,0.1836,0.18411,0.18481,0.18551,0.18599,0.1865,0.18658,0.18806,0.18872,0.18941,0.1898,0.19098,0.19179,0.19263,0.19345,0.19449,0.1954,0.19658,0.19744,0.19895,0.19999,0.2013,0.20281,0.20362,0.20486,0.20619,0.207,0.20803,0.20872,0.20914
0.046512,0.10575,0.055381,0.10713,0.034133,0.10763,0.23117,0.15611,0.14773,0.065894,0.11634,0.13152,0.14129,0.14475,0.14051,0.13566,0.13036,0.12807,0.12516,0.12273,0.12066,0.11875,0.11709,0.11572,0.11441,0.11316,0.11219,0.11132,0.11048,0.10972,0.10906,0.10847,0.11014,0.10736,0.10701,0.10666,0.10627,0.10603,0.10586,0.10566,0.10556,0.10531,0.10524,0.10522,0.10533,0.10522,0.10536,0.10551,0.10582,0.10607,0.10641,0.10686,0.10754,0.10786,0.10855,0.1093,0.11002,0.11101,0.11198,0.11301,0.11412,0.11488,0.11561,0.11612
0.046512,0.057079,0.10454,0.23962,0.10221,0.055425,0.074048,0.078076,0.13294,0.074925,0.11326,0.076707,0.074526,0.063856,0.059245,0.055809,0.04738,0.050067,0.047683,0.045761,0.042343,0.041934,0.040371,0.039166,0.038164,0.036697,0.035753,0.034921,0.033938,0.033039,0.03217,0.031244,0.031149,0.029304,0.028543,0.027645,0.026667,0.025786,0.025026,0.024119,0.023064,0.022092,0.021285,0.020372,0.019215,0.018558,0.017726,0.016857,0.015942,0.015169,0.014236,0.013238,0.01186,0.011663,0.01081,0.009858,0.0090318,0.0081302,0.0070488,0.0059276,0.0045236,0.0036293,0.002429,0.0009887
0.023256,0.11532,0.2213,0.060082,0.14715,0.0076651,0.080044,0.10789,0.12917,0.018331,0.049087,0.065416,0.071287,0.07913,0.083903,0.087906,0.091026,0.093831,0.095995,0.097727,0.10007,0.10025,0.10101,0.10162,0.10211,0.10203,0.10211,0.10216,0.1018,0.10134,0.10093,0.10029,0.097052,0.099271,0.098829,0.09828,0.097573,0.097236,0.09679,0.096261,0.095517,0.095484,0.09514,0.094667,0.095199,0.094262,0.093904,0.09353,0.093215,0.093018,0.092728,0.09256,0.091987,0.09204,0.09197,0.091912,0.092314,0.091949,0.092139,0.092079,0.09266,0.092665,0.092857,0.092983
0.046512,0.12765,0.039076,0.058298,0.043549,0.091176,0.13034,0.098888,0.037705,0.17886,0.12279,0.091931,0.076701,0.071276,0.066023,0.06229,0.059719,0.05715,0.055426,0.054009,0.052451,0.051997,0.051336,0.050733,0.050231,0.049931,0.049648,0.049448,0.049439,0.049224,0.04917,0.049122,0.047038,0.049202,0.049332,0.049473,0.049757,0.049849,0.049991,0.050275,0.050562,0.050924,0.051282,0.051689,0.051507,0.052508,0.053036,0.053587,0.054145,0.054878,0.055603,0.056415,0.057222,0.058046,0.058953,0.060015,0.060631,0.06218,0.063493,0.064859,0.065839,0.067396,0.068595,0.069456
0.2093,0.10153,0.11609,0.10878,0.081616,0.091541,0.14389,0.091586,0.15766,0.088681,0.050413,0.051429,0.042467,0.044442,0.042547,0.040316,0.038216,0.035401,0.032996,0.030938,0.02818,0.025613,0.023219,0.020551,0.017567,0.015265,0.013183,0.011059,0.0094525,0.0087561,0.0081307,0.0078159,0.011791,0.0079887,0.008475,0.0089041,0.0093278,0.0099626,0.010723,0.011251,0.012102,0.012483,0.012992,0.01347,0.013532,0.014606,0.014966,0.015408,0.015901,0.016208,0.016438,0.017011,0.01574,0.016798,0.016912,0.016731,0.015798,0.015675,0.014916,0.013819,0.011894,0.010037,0.0072765,0.0037116
0,0.075689,0.10083,0.099364,0.024574,0.18722,0.042309,0.085055,0.073084,0.026347,0.015473,0.01077,0.044745,0.057449,0.065187,0.071502,0.076581,0.081373,0.08538,0.088887,0.091846,0.094485,0.096848,0.098959,0.09991,0.10239,0.1038,0.10503,0.10641,0.10696,0.10769,0.1083,0.10986,0.10928,0.10957,0.10974,0.10975,0.10987,0.10992,0.10972,0.10892,0.10925,0.10891,0.10849,0.10738,0.10761,0.10702,0.10649,0.10594,0.10532,0.1047,0.10405,0.1033,0.1028,0.10231,0.1018,0.1027,0.10116,0.10113,0.10115,0.10193,0.10226,0.10314,0.10368
0.13953,0.1628,0.088299,0.1373,0.06007,0.10195,0.10668,0.11777,0.079903,0.04725,0.021461,0.017431,0.026045,0.030569,0.031044,0.029534,0.02869,0.026581,0.02574,0.025093,0.024624,0.024456,0.024223,0.024072,0.023913,0.023829,0.02381,0.023758,0.023764,0.023719,0.023745,0.02376,0.022253,0.023856,0.02395,0.024011,0.024012,0.024228,0.024389,0.024546,0.024502,0.024909,0.025147,0.025379,0.025981,0.025891,0.026206,0.026484,0.02671,0.027096,0.02739,0.027774,0.027633,0.028324,0.028609,0.028885,0.028391,0.029132,0.029128,0.028825,0.028525,0.027156,0.025689,0.024129
0.093023,0.11514,0.15461,0.07501,0.018022,0.15741,0.0356,0.082562,0.058291,0.038281,0.036877,0.031435,0.025015,0.02285,0.021069,0.019664,0.018133,0.017285,0.016308,0.015101,0.014047,0.013413,0.012593,0.011792,0.011191,0.010555,0.0098409,0.0094167,0.0090931,0.0084133,0.0079801,0.0076142,0.0013458,0.0069003,0.0065659,0.0063046,0.0061767,0.005793,0.0054852,0.0053531,0.0060877,0.0051204,0.0049083,0.0047202,0.0039269,0.0043318,0.0041495,0.0040898,0.00382,0.0037729,0.0036872,0.0034668,0.0038756,0.0031938,0.0028176,0.00262,0.0014408,0.0021396,0.0019429,0.0019485,0.0012209,0.0010817,0.00079419,0.00038908
0.023256,0.10263,0.04614,0.020429,0.054904,0.13148,0.079648,0.13598,0.04703,0.0087205,0.13363,0.15972,0.16943,0.17666,0.18133,0.18516,0.18854,0.19106,0.19329,0.19519,0.19704,0.19812,0.19933,0.20027,0.20099,0.20194,0.20255,0.20291,0.2035,0.20384,0.20418,0.20447,0.20782,0.20474,0.20502,0.2053,0.20548,0.20565,0.20582,0.206,0.20581,0.2065,0.2066,0.20693,0.20687,0.20729,0.20753,0.2079,0.20855,0.20891,0.20953,0.20986,0.21074,0.21128,0.21226,0.21323,0.21514,0.2154,0.217,0.21978,0.22155,0.22471,0.22799,0.23077
0.046512,0.080717,0.14169,0.060148,0.20351,0.093502,0.052103,0.08266,0.059822,0.11373,0.05553,0.095463,0.10573,0.11626,0.12067,0.12176,0.11998,0.1119,0.11274,0.11394,0.11414,0.11454,0.1146,0.1145,0.11394,0.11399,0.11384,0.11361,0.11309,0.11306,0.11285,0.11257,0.11172,0.11204,0.11184,0.11161,0.11151,0.1112,0.11098,0.11073,0.11013,0.11036,0.1102,0.11004,0.1101,0.11004,0.10988,0.10976,0.10971,0.1097,0.10961,0.10957,0.10983,0.10983,0.10987,0.10997,0.11071,0.11028,0.11057,0.11103,0.11149,0.11251,0.11383,0.11552
0.16279,0.14151,0.23955,0.066519,0.14971,0.19299,0.063562,0.097651,0.15767,0.081122,0.084865,0.068168,0.061533,0.043295,0.034015,0.028081,0.027816,0.026967,0.027372,0.028201,0.028369,0.029854,0.030889,0.031992,0.033844,0.034018,0.035123,0.03612,0.036691,0.037961,0.038804,0.039579,0.039774,0.040922,0.041401,0.041872,0.042316,0.042748,0.043144,0.043434,0.044274,0.04406,0.044339,0.044554,0.044746,0.045195,0.045282,0.045466,0.045586,0.045705,0.045791,0.045921,0.045819,0.046057,0.046149,0.046224,0.046232,0.046347,0.046391,0.046426,0.046446,0.04649,0.046504,0.046508
0.046512,0.044209,0.13451,0.1333,0.12689,0.18129,0.032668,0.046093,0.16369,0.12776,0.096232,0.090211,0.073438,0.074117,0.07156,0.070953,0.071812,0.073518,0.076396,0.079865,0.085597,0.087778,0.091109,0.094071,0.097466,0.098571,0.10018,0.10171,0.10218,0.10394,0.10482,0.10556,0.10413,0.1068,0.10731,0.10772,0.10773,0.10832,0.10851,0.10871,0.10958,0.10879,0.10877,0.10871,0.10932,0.10819,0.10796,0.10756,0.10714,0.10662,0.10602,0.10534,0.10422,0.10381,0.10281,0.10179,0.10048,0.09946,0.098226,0.097043,0.095805,0.094697,0.093816,0.093237
0,0.05238,0.056549,0.1137,0.18402,0.091801,0.049653,0.027366,0.12684,0.0441,0.049774,0.06229,0.08536,0.099048,0.10901,0.11654,0.11825,0.11256,0.11022,0.11112,0.11141,0.11171,0.11157,0.11117,0.11095,0.11001,0.10928,0.10845,0.10704,0.10697,0.1062,0.10541,0.10526,0.104,0.10324,0.10255,0.10219,0.10128,0.10067,0.10001,0.099655,0.098918,0.098392,0.09792,0.097956,0.096983,0.09655,0.09615,0.095794,0.095438,0.095122,0.094827,0.094928,0.094314,0.094086,0.093877,0.093661,0.093534,0.093408,0.093286,0.093234,0.093115,0.093064,0.093034
0.16279,0.012551,0.11501,0.019675,0.073277,0.074865,0.043444,0.099503,0.14218,0.076868,0.084337,0.080922,0.08086,0.081619,0.082508,0.08286,0.082687,0.081533,0.079258,0.076742,0.074209,0.07215,0.070357,0.068759,0.067715,0.065942,0.064694,0.063497,0.061907,0.060983,0.059788,0.058544,0.054361,0.055991,0.054689,0.05343,0.052203,0.050803,0.049341,0.048035,0.046759,0.045148,0.043699,0.042224,0.040804,0.039217,0.037718,0.036118,0.034479,0.032898,0.031258,0.02964,0.028346,0.026111,0.024231,0.022446,0.021104,0.018819,0.016808,0.014803,0.012869,0.010025,0.0069539,0.004043
0.16279,0.10068,0.13739,0.048493,0.15941,0.050892,0.095592,0.1461,0.016872,0.15307,0.10172,0.13358,0.15763,0.14396,0.14319,0.14295,0.14266,0.14596,0.15024,0.16111,0.16885,0.16946,0.17037,0.17092,0.17122,0.17168,0.17209,0.17229,0.1727,0.17312,0.17348,0.17384,0.17566,0.17494,0.17543,0.17598,0.17641,0.17761,0.17816,0.17904,0.17999,0.18051,0.1814,0.18237,0.18443,0.18356,0.18442,0.18498,0.18555,0.18577,0.18609,0.1864,0.18565,0.18639,0.18652,0.18654,0.18639,0.18635,0.18631,0.1862,0.18625,0.18613,0.18608,0.18605
0.023256,0.090605,0.1573,0.034576,0.241,0.056378,0.10772,0.085622,0.10998,0.043162,0.09245,0.10354,0.1146,0.11874,0.1287,0.13603,0.13968,0.14186,0.14365,0.14515,0.14759,0.14782,0.14897,0.15008,0.15088,0.15224,0.15323,0.15424,0.15494,0.15596,0.15677,0.15752,0.15681,0.15896,0.15963,0.16028,0.16076,0.16144,0.16195,0.16241,0.16257,0.16319,0.16358,0.16386,0.16495,0.16439,0.16456,0.16472,0.16476,0.16491,0.16496,0.1649,0.16481,0.16475,0.16455,0.16437,0.16419,0.16399,0.16373,0.16351,0.16344,0.16308,0.16293,0.16282
0.13953,0.081353,0.10033,0.095525,0.079655,0.058432,0.056822,0.043549,0.034706,0.034096,0.019482,0.037998,0.041116,0.038724,0.037017,0.035561,0.03427,0.033642,0.033163,0.033002,0.033971,0.032849,0.032926,0.033624,0.032883,0.036596,0.041465,0.048963,0.05093,0.051771,0.051515,0.05095,0.04705,0.04961,0.048782,0.047957,0.046504,0.046071,0.045278,0.044201,0.042196,0.041981,0.040833,0.039545,0.038844,0.037182,0.035759,0.034382,0.033039,0.031489,0.029942,0.028115,0.025422,0.024942,0.023125,0.021095,0.020593,0.016899,0.014294,0.011597,0.012774,0.0062686,0.0033831,0.00103
0.046512,0.035594,0.11859,0.1075,0.18361,0.1978,0.066235,0.049736,0.067417,0.068893,0.054117,0.066978,0.058988,0.056944,0.065837,0.076144,0.08592,0.092801,0.098167,0.10211,0.10506,0.10826,0.1108,0.11311,0.11535,0.11739,0.11945,0.12133,0.12298,0.12505,0.12682,0.12846,0.13021,0.1319,0.13348,0.13507,0.1368,0.13819,0.13962,0.1412,0.14267,0.14412,0.14557,0.14705,0.14922,0.14986,0.15134,0.15276,0.15425,0.1557,0.15724,0.15878,0.16077,0.16179,0.16337,0.16501,0.16686,0.16848,0.17038,0.17243,0.1748,0.17697,0.17992,0.18353
0.16279,0.070469,0.13237,0.074655,0.1567,0.083318,0.19969,0.074713,0.10057,0.09921,0.072865,0.082753,0.092949,0.10381,0.11238,0.11946,0.12456,0.1293,0.13272,0.1355,0.13764,0.13954,0.14114,0.14251,0.14345,0.14472,0.14565,0.14644,0.14704,0.1478,0.14837,0.14886,0.15039,0.14982,0.15022,0.15059,0.15095,0.15122,0.15154,0.15181,0.152,0.15229,0.15251,0.15271,0.15288,0.15299,0.15311,0.1532,0.15327,0.15327,0.15323,0.15313,0.15282,0.15265,0.1523,0.15179,0.15076,0.15019,0.14905,0.14756,0.14578,0.14383,0.14183,0.14019
0.13953,0.11001,0.1771,0.079214,0.12182,0.11566,0.14952,0.096042,0.072942,0.051521,0.088655,0.13518,0.13905,0.15052,0.15985,0.16366,0.16533,0.16642,0.16718,0.16774,0.16838,0.1685,0.1689,0.16914,0.16921,0.16945,0.16958,0.16958,0.16962,0.16969,0.16966,0.1696,0.16957,0.16937,0.16926,0.16912,0.16893,0.16882,0.16857,0.16835,0.16808,0.16789,0.16763,0.16738,0.16709,0.16681,0.16651,0.16622,0.16592,0.16563,0.16533,0.16505,0.16471,0.1645,0.16422,0.16398,0.16375,0.16353,0.16334,0.16319,0.16304,0.16293,0.16285,0.1628
0.11628,0.065523,0.12383,0.060516,0.12691,0.12077,0.12061,0.032911,0.065959,0.070942,0.10001,0.10014,0.087015,0.078533,0.073974,0.073845,0.086861,0.090064,0.090387,0.090042,0.089552,0.088425,0.087469,0.086441,0.085527,0.084983,0.084747,0.08467,0.084414,0.084866,0.085157,0.085536,0.086004,0.086462,0.086818,0.08722,0.087505,0.088119,0.088341,0.088883,0.088976,0.089508,0.089848,0.090197,0.090916,0.090658,0.090979,0.091272,0.091507,0.091644,0.091878,0.092155,0.091899,0.092322,0.092492,0.092635,0.092898,0.092746,0.092828,0.09285,0.092988,0.092992,0.093005,0.093003
0.069767,0.11981,0.10321,0.061059,0.16194,0.12,0.078566,0.06853,0.13355,0.14784,0.14049,0.12587,0.12159,0.12012,0.11776,0.11498,0.11334,0.10943,0.10686,0.10428,0.10065,0.099397,0.097455,0.095291,0.093173,0.09133,0.089419,0.087455,0.085599,0.083805,0.081973,0.080175,0.070324,0.076856,0.075178,0.073478,0.072102,0.070451,0.068592,0.067061,0.065515,0.064304,0.062876,0.061612,0.060702,0.059062,0.057796,0.056669,0.055566,0.054552,0.053539,0.052658,0.052196,0.051032,0.050191,0.049532,0.048939,0.048318,0.047832,0.047497,0.047201,0.046858,0.046671,0.046555
0.11628,0.08761,0.10807,0.091086,0.11752,0.066962,0.059923,0.14026,0.083983,0.017287,0.052146,0.053696,0.056874,0.060612,0.062866,0.064533,0.0651,0.066137,0.066368,0.066467,0.066366,0.066281,0.066382,0.066377,0.066456,0.06618,0.066089,0.065812,0.065448,0.06567,0.065524,0.06535,0.064874,0.065083,0.064816,0.064574,0.064081,0.064236,0.063984,0.063713,0.064041,0.063085,0.062804,0.062517,0.06425,0.061918,0.061641,0.061265,0.060767,0.060384,0.059944,0.059571,0.056676,0.058709,0.058184,0.057599,0.055141,0.056296,0.055541,0.05465,0.055821,0.052515,0.050502,0.047938
0,0.13377,0.095199,0.11056,0.064684,0.12675,0.11518,0.13931,0.098082,0.059615,0.10683,0.10443,0.088884,0.08447,0.082532,0.081032,0.079331,0.077857,0.076252,0.074737,0.07389,0.072096,0.071234,0.070534,0.069761,0.069644,0.069502,0.069109,0.068883,0.069111,0.069125,0.069051,0.071873,0.069522,0.06986,0.070128,0.070325,0.070796,0.071357,0.071628,0.072184,0.072622,0.073138,0.073726,0.075544,0.074951,0.075576,0.076238,0.077146,0.07791,0.078704,0.079624,0.08005,0.081447,0.082566,0.083582,0.083895,0.085838,0.08705,0.088139,0.090054,0.090751,0.091843,0.092675
0.093023,0.092829,0.19055,0.20895,0.17098,0.050569,0.05144,0.14234,0.14905,0.079133,0.071473,0.088568,0.085629,0.084872,0.085261,0.086029,0.088373,0.087015,0.087547,0.087993,0.087578,0.088478,0.088867,0.089167,0.089821,0.089568,0.08987,0.09006,0.089643,0.090249,0.090383,0.090397,0.088777,0.090457,0.090475,0.090405,0.090532,0.090246,0.090054,0.089895,0.089871,0.089366,0.089068,0.088698,0.088991,0.087868,0.087379,0.086744,0.086066,0.085359,0.084536,0.083611,0.083178,0.08159,0.080422,0.079175,0.077959,0.076513,0.075116,0.073762,0.072608,0.071387,0.07051,0.06996
