0.21348,0.17984,0.061538,0.077557,0.059855,0.044251,0.030089,0.082514,0.11013,0.12893,0.081529,0.062617,0.066892,0.06829,0.077472,0.08573,0.093533,0.098405,0.10324,0.10718,0.11177,0.11329,0.11584,0.11772,0.11932,0.12093,0.12195,0.12295,0.12387,0.12463,0.12524,0.12578,0.12613,0.12659,0.127,0.12731,0.12742,0.12789,0.12797,0.12814,0.12813,0.1286,0.12869,0.12885,0.12919,0.12887,0.12901,0.1291,0.12927,0.1293,0.12934,0.12946,0.12902,0.12942,0.12941,0.12938,0.12987,0.12894,0.12866,0.12824,0.12799,0.12638,0.1252,0.12409
0.14607,0.058801,0.15946,0.080405,0.050667,0.074725,0.081344,0.051244,0.076755,0.092577,0.030011,0.03208,0.033101,0.041713,0.046968,0.051921,0.057942,0.063621,0.06455,0.06331,0.063729,0.061758,0.061269,0.06065,0.059796,0.059269,0.058401,0.057662,0.056516,0.055966,0.05514,0.054449,0.049827,0.053,0.052325,0.051791,0.051002,0.050893,0.050384,0.050201,0.050265,0.049837,0.049755,0.049759,0.049945,0.049766,0.049931,0.050151,0.050348,0.050669,0.051054,0.051439,0.051844,0.052292,0.052768,0.053256,0.053593,0.054238,0.054718,0.05512,0.055538,0.055765,0.055987,0.056126
0.033708,0.095307,0.12245,0.14178,0.093908,0.073185,0.05456,0.084336,0.19463,0.090985,0.049766,0.038579,0.042873,0.041026,0.036922,0.034026,0.031389,0.030164,0.028839,0.027666,0.026234,0.026005,0.025309,0.024745,0.024712,0.023797,0.023417,0.023046,0.022474,0.022537,0.022294,0.022158,0.022001,0.021982,0.021833,0.021709,0.021863,0.021701,0.02147,0.021449,0.021833,0.021503,0.021368,0.021414,0.022236,0.021013,0.020719,0.020586,0.020443,0.02007,0.019687,0.019465,0.020168,0.018647,0.017833,0.017292,0.016489,0.015546,0.014632,0.014226,0.013755,0.012434,0.011852,0.011406
0.078652,0.019366,0.040467,0.1666,0.1133,0.025689,0.13006,0.14941,0.21138,0.15547,0.13693,0.11506,0.10742,0.1014,0.096382,0.091823,0.086903,0.083722,0.080313,0.077222,0.074654,0.072046,0.069897,0.067952,0.066934,0.064739,0.063365,0.061993,0.060533,0.059644,0.05862,0.057644,0.063046,0.05572,0.054859,0.054016,0.052899,0.052264,0.051512,0.05057,0.050283,0.048731,0.04779,0.046725,0.046104,0.04476,0.04368,0.042478,0.041209,0.039882,0.038468,0.036709,0.034613,0.033511,0.031605,0.029529,0.026675,0.02542,0.022833,0.020271,0.017904,0.015382,0.013216,0.011755
0.10112,0.17842,0.16699,0.13007,0.045409,0.16144,0.12,0.064165,0.035763,0.14057,0.072214,0.073022,0.07272,0.07646,0.07948,0.076203,0.071373,0.068861,0.068095,0.067526,0.066736,0.066403,0.065525,0.064614,0.063781,0.062655,0.061666,0.060752,0.059296,0.058703,0.05768,0.056761,0.053584,0.054554,0.053604,0.052605,0.051674,0.050554,0.04958,0.048392,0.04794,0.046242,0.045104,0.043844,0.043032,0.041602,0.040252,0.038962,0.037506,0.036266,0.034776,0.033349,0.032222,0.030115,0.028488,0.026786,0.024287,0.023246,0.021353,0.019231,0.017632,0.015809,0.013856,0.012123
0.25843,0.16833,0.15551,0.066821,0.091519,0.12117,0.13844,0.13196,0.14753,0.035944,0.071034,0.06856,0.053572,0.05614,0.05576,0.046369,0.050371,0.055952,0.057501,0.057593,0.058434,0.05644,0.05586,0.055212,0.05412,0.053817,0.053399,0.052684,0.052038,0.051768,0.051373,0.050851,0.053023,0.050432,0.050148,0.049868,0.049551,0.04962,0.049423,0.049238,0.048515,0.048963,0.048846,0.048802,0.047622,0.048782,0.048802,0.04862,0.048746,0.04865,0.048527,0.048641,0.050549,0.048926,0.04905,0.04916,0.050508,0.049616,0.049603,0.05013,0.0516,0.051779,0.053048,0.055274
0.078652,0.13638,0.1449,0.19395,0.19328,0.10654,0.15278,0.011099,0.054086,0.18137,0.18693,0.21243,0.20408,0.20876,0.21175,0.21262,0.21014,0.20661,0.20204,0.19772,0.19476,0.19284,0.1913,0.18996,0.18924,0.18802,0.18726,0.18632,0.1857,0.18489,0.18418,0.18352,0.18332,0.18209,0.18143,0.18076,0.1801,0.1795,0.1788,0.17817,0.17769,0.17692,0.17632,0.17574,0.17509,0.17462,0.17406,0.17352,0.173,0.1725,0.17204,0.17159,0.17112,0.17077,0.17038,0.17004,0.16972,0.16948,0.16922,0.16902,0.16884,0.16871,0.16862,0.16856
NaN,0.066487,0.19523,0.10527,0.123,0.13029,0.081809,0.047074,0.064696,0.061702,0.030866,0.017988,0.013003,0.0089903,0.013869,0.019122,0.023969,0.027865,0.031374,0.034575,0.037861,0.039754,0.042033,0.044081,0.046137,0.047574,0.049174,0.050646,0.052286,0.053364,0.0546,0.055802,0.056199,0.057667,0.058628,0.059557,0.060337,0.061205,0.062023,0.062746,0.063553,0.064009,0.064609,0.06515,0.065233,0.066082,0.066483,0.066769,0.066975,0.067152,0.067269,0.067189,0.067074,0.0669,0.066602,0.066104,0.065586,0.064568,0.063527,0.062341,0.060675,0.059323,0.05778,0.056582
0.1236,0.037655,0.17533,0.068968,0.06424,0.0077959,0.12986,0.086219,0.083465,0.038446,0.008562,0.020511,0.02141,0.018117,0.016302,0.014298,0.012512,0.01295,0.015075,0.017783,0.020868,0.023447,0.02567,0.027621,0.030175,0.030723,0.032016,0.033102,0.03402,0.035047,0.035895,0.036625,0.03804,0.037934,0.038634,0.039249,0.03989,0.040304,0.04098,0.041434,0.042372,0.04249,0.042977,0.043419,0.044308,0.044411,0.044909,0.04534,0.045816,0.046319,0.046755,0.047275,0.047855,0.048024,0.048597,0.049079,0.049437,0.050119,0.0507,0.051305,0.052341,0.053116,0.054276,0.055558
0.16854,0.10626,0.013674,0.10631,0.12657,0.19117,0.058358,0.15554,0.12627,0.074358,0.054551,0.076633,0.092147,0.098502,0.10131,0.11247,0.1191,0.12062,0.12228,0.13167,0.1285,0.13368,0.13368,0.13373,0.13329,0.1333,0.13315,0.13341,0.13303,0.13364,0.13356,0.13394,0.12461,0.1338,0.13408,0.13426,0.13546,0.13482,0.13544,0.13542,0.13494,0.13615,0.13662,0.1369,0.13816,0.13667,0.13725,0.13802,0.13801,0.13862,0.13912,0.13954,0.14308,0.14084,0.14149,0.14199,0.14342,0.14327,0.14392,0.144,0.14531,0.14505,0.14562,0.14575
0.078652,0.12269,0.17145,0.088439,0.14053,0.078279,0.22727,0.074949,0.034276,0.066568,0.061076,0.021841,0.013029,0.025182,0.02859,0.028184,0.026593,0.020397,0.016786,0.017344,0.022935,0.028396,0.030114,0.031037,0.032225,0.031626,0.031473,0.031476,0.031343,0.030474,0.029978,0.02924,0.03427,0.027754,0.027307,0.026483,0.025519,0.024862,0.024087,0.022896,0.022683,0.020837,0.019835,0.018631,0.017326,0.016928,0.01574,0.014688,0.013894,0.013157,0.012608,0.01247,0.011601,0.012485,0.013107,0.013287,0.014765,0.016741,0.016219,0.015713,0.012138,0.014179,0.012796,0.011567
0.19101,0.11951,0.27791,0.058832,0.21241,0.048135,0.088441,0.066305,0.09717,0.020855,0.043925,0.019558,0.01646,0.022219,0.022991,0.023219,0.022176,0.022838,0.022285,0.0397,0.041219,0.042776,0.042659,0.042541,0.043787,0.04237,0.042315,0.041941,0.041845,0.041881,0.041679,0.041409,0.047092,0.04099,0.040736,0.040499,0.040161,0.039677,0.039504,0.039093,0.041471,0.038086,0.037617,0.037227,0.036301,0.035648,0.035182,0.034466,0.033989,0.03309,0.032457,0.031579,0.028933,0.029946,0.029367,0.028617,0.025548,0.027817,0.027526,0.027523,0.028641,0.028722,0.030293,0.032599
0.23596,0.21097,0.19423,0.13086,0.12763,0.13675,0.0689,0.1541,0.058015,0.1395,0.18232,0.20433,0.21193,0.21097,0.20715,0.20392,0.19202,0.18187,0.17584,0.17092,0.16428,0.15985,0.15414,0.14971,0.14694,0.14434,0.14255,0.1409,0.13929,0.13774,0.13624,0.13472,0.13241,0.13179,0.13032,0.1289,0.12753,0.12595,0.12442,0.12289,0.12185,0.11986,0.11826,0.11654,0.1154,0.11316,0.11132,0.10936,0.10726,0.10525,0.10306,0.10058,0.09773,0.095337,0.092545,0.089517,0.085787,0.082873,0.079274,0.07496,0.071109,0.066444,0.061863,0.057956
0.033708,0.1746,0.18225,0.11366,0.17405,0.029429,0.23094,0.2127,0.19556,0.050628,0.02008,0.036861,0.04375,0.047874,0.052661,0.055976,0.05765,0.059982,0.061177,0.062112,0.063327,0.063186,0.063471,0.06367,0.063443,0.063587,0.063498,0.063072,0.062645,0.06246,0.062066,0.061641,0.064043,0.060731,0.060498,0.060512,0.060589,0.061366,0.062007,0.063328,0.065118,0.066307,0.067522,0.068649,0.06937,0.069998,0.070468,0.070793,0.07121,0.071092,0.071143,0.070969,0.070507,0.070835,0.070723,0.070593,0.070608,0.070336,0.070273,0.070602,0.071133,0.072019,0.073685,0.07643
0.011236,0.078917,0.029971,0.048455,0.041205,0.075491,0.053157,0.005752,0.10631,0.1245,0.1427,0.14738,0.14342,0.14026,0.13539,0.13086,0.12564,0.11638,0.10434,0.094753,0.08914,0.083047,0.078564,0.074769,0.07133,0.068343,0.065563,0.062981,0.060155,0.058003,0.055827,0.053704,0.049216,0.049609,0.047687,0.045857,0.043983,0.042297,0.040552,0.038929,0.037453,0.035637,0.034078,0.032456,0.031319,0.029464,0.028099,0.026543,0.024908,0.023574,0.022129,0.020611,0.018899,0.017627,0.015953,0.014462,0.012572,0.01147,0.009754,0.0085142,0.0062638,0.0066391,0.0078659,0.010272
0.1236,0.092345,0.085868,0.0799,0.18105,0.10474,0.10873,0.14659,0.040867,0.069868,0.050064,0.054154,0.054542,0.056601,0.05699,0.057107,0.057716,0.057481,0.05746,0.057707,0.05846,0.058653,0.060329,0.06199,0.064343,0.064889,0.065109,0.06437,0.061924,0.062216,0.061278,0.060482,0.056996,0.058502,0.057694,0.056929,0.056387,0.05547,0.054405,0.053856,0.052808,0.052411,0.051633,0.05079,0.052419,0.049283,0.048448,0.047503,0.046408,0.045555,0.044621,0.043703,0.043032,0.041613,0.040455,0.039513,0.038629,0.037481,0.036503,0.035813,0.035321,0.034484,0.03404,0.033782
0.033708,0.19567,0.18936,0.13183,0.20526,0.01077,0.11,0.13701,0.11005,0.030838,0.020892,0.033591,0.050301,0.059951,0.06566,0.069368,0.071877,0.073972,0.075486,0.076718,0.077381,0.07832,0.078938,0.079416,0.079282,0.080148,0.0805,0.080606,0.080949,0.080832,0.080848,0.080816,0.080493,0.080517,0.080426,0.080221,0.08005,0.079665,0.079442,0.07901,0.078615,0.078388,0.078005,0.07764,0.077107,0.076767,0.076206,0.075724,0.075204,0.074655,0.074086,0.07348,0.072921,0.072228,0.071593,0.070887,0.070227,0.069254,0.068238,0.067406,0.065896,0.064322,0.062088,0.058519
0.14607,0.085436,0.1318,0.050822,0.090097,0.053822,0.11759,0.10194,0.055534,0.089,0.071532,0.06653,0.06461,0.057366,0.050781,0.045916,0.043107,0.04007,0.038215,0.036113,0.034699,0.02515,0.020063,0.021075,0.022115,0.022645,0.022854,0.023282,0.023734,0.024059,0.024397,0.024891,0.021641,0.025203,0.025633,0.025922,0.026251,0.026498,0.026748,0.027031,0.028093,0.0275,0.02774,0.027978,0.027491,0.028011,0.028303,0.028626,0.028516,0.028688,0.028928,0.029179,0.030002,0.029041,0.029312,0.029563,0.028343,0.029963,0.030704,0.030879,0.031036,0.032326,0.033,0.033468
0.011236,0.094442,0.24268,0.10003,0.064653,0.023455,0.25465,0.024435,0.042659,0.023797,0.033092,0.038911,0.037116,0.039954,0.039676,0.038852,0.03725,0.034908,0.030225,0.026321,0.024479,0.02071,0.018466,0.016754,0.01479,0.014357,0.013598,0.012863,0.011922,0.011552,0.011206,0.010847,0.017129,0.0099685,0.0096309,0.0093446,0.0084399,0.0084956,0.008155,0.0075905,0.0070189,0.0066017,0.0059668,0.0052592,0.0062271,0.0040289,0.0032807,0.0024811,0.0018859,0.00086511,0.0004761,0.0013964,0.0040453,0.0029556,0.0037365,0.0046911,0.0058566,0.006367,0.0074119,0.0084185,0.0087469,0.0098516,0.010559,0.011073
0.011236,0.0098393,0.075569,0.13327,0.070871,0.12062,0.18862,0.14281,0.11113,0.13778,0.062713,0.06542,0.049003,0.048141,0.048052,0.048996,0.050475,0.050513,0.051333,0.05296,0.057237,0.065998,0.069628,0.070697,0.070736,0.070925,0.07056,0.070195,0.069178,0.069162,0.068702,0.068147,0.061797,0.067781,0.067278,0.066887,0.066916,0.066419,0.065903,0.065589,0.065753,0.065214,0.064898,0.064557,0.064797,0.064102,0.06368,0.063325,0.062813,0.062497,0.06208,0.061592,0.060896,0.06089,0.060156,0.059647,0.05881,0.058607,0.057969,0.057586,0.05691,0.056726,0.05643,0.056234
0.16854,0.17276,0.20704,0.11445,0.095058,0.038408,0.13365,0.13564,0.10953,0.11477,0.057759,0.042762,0.029746,0.030446,0.034959,0.038667,0.04144,0.043375,0.044594,0.045471,0.04566,0.0465,0.046655,0.046925,0.04737,0.047232,0.047552,0.047539,0.04769,0.047857,0.048056,0.048222,0.048664,0.04897,0.049222,0.049533,0.049898,0.050241,0.050741,0.051167,0.051768,0.052242,0.052789,0.0534,0.053711,0.05477,0.055441,0.056153,0.056988,0.057754,0.05854,0.059428,0.060118,0.061196,0.062172,0.063172,0.064397,0.065072,0.06615,0.067435,0.068707,0.070009,0.072018,0.075416
0.19101,0.14915,0.11509,0.11269,0.025256,0.24942,0.12859,0.013591,0.049575,0.018805,0.02607,0.0019786,0.0017006,0.0018439,0.0024984,0.0048058,0.0072033,0.0088315,0.010792,0.012549,0.014257,0.016038,0.018021,0.019545,0.021283,0.021936,0.022575,0.022686,0.022836,0.022921,0.022754,0.022456,0.020134,0.02212,0.021881,0.021653,0.021512,0.0215,0.020961,0.020799,0.020242,0.020462,0.020165,0.020098,0.020003,0.019283,0.018957,0.018647,0.018304,0.017932,0.017527,0.017183,0.016859,0.016499,0.015841,0.015417,0.015042,0.014282,0.013872,0.013651,0.01303,0.012431,0.011952,0.011467
0.16854,0.16248,0.028168,0.16852,0.16605,0.053307,0.051291,0.03167,0.062458,0.046912,0.080949,0.035722,0.025282,0.016848,0.023375,0.038865,0.050039,0.05716,0.062076,0.065405,0.067876,0.069202,0.070345,0.071062,0.071347,0.071827,0.07196,0.07207,0.072124,0.072121,0.072047,0.071977,0.070456,0.071689,0.071672,0.071608,0.071533,0.071512,0.071424,0.071484,0.071225,0.071572,0.071654,0.071749,0.071951,0.071854,0.072084,0.072287,0.072477,0.07278,0.073051,0.073328,0.073732,0.074093,0.0745,0.074962,0.075665,0.075902,0.076466,0.07697,0.077532,0.077955,0.078323,0.078561
0.078652,0.14379,0.04959,0.081579,0.11397,0.068579,0.16336,0.10742,0.051157,0.12044,0.076631,0.053382,0.051799,0.049926,0.045444,0.042605,0.041807,0.04222,0.042272,0.042146,0.042552,0.04183,0.041552,0.041335,0.041248,0.040811,0.040606,0.040299,0.040196,0.039773,0.03952,0.039252,0.038819,0.038531,0.038355,0.038077,0.037606,0.03752,0.03731,0.037017,0.037065,0.036532,0.036297,0.036077,0.035583,0.035736,0.035495,0.035292,0.035088,0.034957,0.034769,0.034648,0.034136,0.034346,0.034244,0.034141,0.033983,0.033968,0.033892,0.033837,0.033748,0.033754,0.033726,0.033709
0.05618,0.15323,0.12122,0.046261,0.067762,0.015765,0.10634,0.072322,0.083961,0.073821,0.15824,0.1637,0.15765,0.15734,0.15503,0.15256,0.15017,0.14755,0.14523,0.14271,0.13997,0.13756,0.13533,0.13279,0.13012,0.12763,0.12492,0.1197,0.11709,0.11471,0.11186,0.10896,0.1045,0.10278,0.099965,0.096934,0.094139,0.091097,0.087873,0.084812,0.081969,0.078571,0.075412,0.072239,0.068952,0.065794,0.062585,0.059308,0.05594,0.052806,0.049374,0.046016,0.043799,0.039856,0.036349,0.03304,0.029523,0.026644,0.023535,0.020691,0.017872,0.015201,0.013131,0.011696
0.033708,0.10395,0.072571,0.11414,0.099009,0.096837,0.11616,0.052052,0.030847,0.012638,0.031338,0.047041,0.054556,0.067078,0.078443,0.087218,0.09345,0.098636,0.10258,0.10594,0.10905,0.11163,0.11393,0.11612,0.11803,0.11986,0.12141,0.12298,0.12398,0.12533,0.12632,0.12719,0.12619,0.12866,0.12914,0.12956,0.12992,0.13012,0.13033,0.13044,0.13051,0.13049,0.13041,0.13024,0.13041,0.1299,0.12962,0.12931,0.12896,0.12858,0.12818,0.12777,0.12743,0.12685,0.12643,0.12599,0.12554,0.12515,0.12478,0.12442,0.12418,0.12392,0.12374,0.12364
0.033708,0.063116,0.18479,0.18065,0.15855,0.059435,0.081201,0.076353,0.10637,0.061655,0.075735,0.073934,0.075828,0.084992,0.097748,0.10433,0.10344,0.099238,0.099076,0.10065,0.10266,0.10439,0.1062,0.10792,0.10941,0.1109,0.11233,0.1136,0.1148,0.11588,0.11688,0.11781,0.11743,0.1195,0.12014,0.12083,0.12136,0.12202,0.12252,0.123,0.12355,0.12381,0.12418,0.1245,0.12452,0.12497,0.12521,0.12538,0.12551,0.12564,0.12578,0.12581,0.12569,0.12592,0.12593,0.12597,0.12569,0.12611,0.1261,0.12629,0.12579,0.12659,0.12647,0.12537
0.1236,0.053276,0.16005,0.13533,0.12127,0.093064,0.046781,0.11107,0.089959,0.10623,0.049424,0.087968,0.097061,0.10421,0.10862,0.10892,0.10626,0.10521,0.104,0.10314,0.10206,0.10194,0.10146,0.10089,0.099575,0.099875,0.099071,0.098496,0.098367,0.097581,0.097078,0.096793,0.099394,0.096058,0.095522,0.095246,0.095185,0.094619,0.094337,0.094319,0.093455,0.093885,0.093659,0.093456,0.092958,0.093277,0.093259,0.093357,0.093362,0.093433,0.093691,0.093822,0.09422,0.094359,0.094833,0.095325,0.096172,0.096423,0.097457,0.098101,0.098877,0.099831,0.10047,0.10096
0.2809,0.16691,0.14037,0.072232,0.31412,0.093776,0.039486,0.13561,0.12618,0.11458,0.096257,0.090563,0.09353,0.091853,0.090206,0.088977,0.086868,0.086157,0.08482,0.083585,0.081734,0.082458,0.082056,0.081928,0.082802,0.081747,0.081742,0.081712,0.081718,0.081701,0.081716,0.081671,0.083657,0.081631,0.081669,0.081673,0.081655,0.081698,0.081941,0.081948,0.082301,0.08215,0.082327,0.082416,0.082298,0.082749,0.083072,0.083262,0.0834,0.083664,0.083832,0.083973,0.084287,0.084331,0.084485,0.084527,0.085024,0.084661,0.084416,0.083691,0.082367,0.082369,0.080928,0.079221
0.14607,0.0075863,0.07809,0.090675,0.076259,0.070382,0.04142,0.05905,0.15504,0.17737,0.18261,0.18671,0.17357,0.17008,0.16977,0.16722,0.15284,0.14388,0.13847,0.13472,0.13115,0.13002,0.12792,0.1261,0.12484,0.12292,0.12147,0.1202,0.11868,0.11778,0.11675,0.11579,0.1162,0.11409,0.11329,0.11253,0.11208,0.11103,0.11044,0.10976,0.10893,0.1086,0.10803,0.10744,0.10788,0.10653,0.10604,0.10558,0.10512,0.1047,0.10429,0.10388,0.10428,0.10306,0.10277,0.10246,0.10239,0.10196,0.10177,0.10154,0.10161,0.10129,0.10119,0.10114
0.10112,0.36755,0.15301,0.12291,0.28695,0.093569,0.13376,0.060017,0.093506,0.052584,0.05333,0.077745,0.12447,0.13901,0.12915,0.13425,0.13899,0.13933,0.14053,0.14118,0.1419,0.14114,0.14103,0.14052,0.14062,0.1394,0.13864,0.13781,0.1363,0.13583,0.13484,0.13372,0.12928,0.13158,0.13056,0.12944,0.12805,0.1274,0.12601,0.12485,0.12364,0.1227,0.12146,0.12036,0.12011,0.11801,0.11683,0.11564,0.11456,0.11345,0.11233,0.11124,0.10891,0.10916,0.10809,0.10708,0.10658,0.10515,0.10426,0.10354,0.10293,0.10207,0.10157,0.10128
0.05618,0.083471,0.14887,0.056422,0.084451,0.027016,0.036445,0.087032,0.082242,0.099663,0.2332,0.2543,0.26404,0.26518,0.26637,0.2672,0.26778,0.26838,0.269,0.26966,0.27089,0.27074,0.27102,0.27124,0.27172,0.27138,0.27143,0.27096,0.27164,0.27041,0.27005,0.2696,0.27215,0.26833,0.26794,0.26734,0.26646,0.26594,0.26517,0.26455,0.26388,0.26312,0.26233,0.26161,0.25932,0.26013,0.25916,0.25826,0.25726,0.25637,0.25526,0.25423,0.2519,0.2518,0.25057,0.24924,0.24804,0.24637,0.24456,0.24277,0.24074,0.23929,0.23763,0.23636
NaN,0.15096,0.21233,0.11416,0.13972,0.10594,0.053731,0.031319,0.08274,0.12469,0.16978,0.15044,0.1412,0.13624,0.13016,0.12475,0.12761,0.12958,0.12817,0.12592,0.12287,0.12126,0.11891,0.11671,0.11504,0.11269,0.11071,0.10907,0.10773,0.1058,0.1043,0.10293,0.10023,0.10025,0.099051,0.097891,0.096995,0.095732,0.09475,0.093818,0.093476,0.09205,0.09125,0.090406,0.089056,0.088988,0.088369,0.087794,0.087096,0.086671,0.086209,0.085795,0.086288,0.085193,0.084981,0.084857,0.084018,0.084866,0.085052,0.084698,0.08393,0.084696,0.083861,0.081454
0.011236,0.11658,0.14087,0.018376,0.18538,0.045909,0.10209,0.1168,0.20797,0.10223,0.16539,0.16776,0.15205,0.13614,0.11824,0.099921,0.090464,0.085863,0.081313,0.077661,0.073835,0.071616,0.069238,0.06719,0.065955,0.063597,0.062227,0.061063,0.059724,0.058769,0.05792,0.057174,0.055209,0.055687,0.055192,0.054754,0.054431,0.053991,0.053814,0.053671,0.053328,0.053335,0.053294,0.053259,0.053791,0.053364,0.053453,0.053518,0.05351,0.053669,0.053785,0.053879,0.054816,0.053771,0.053787,0.053653,0.053957,0.053378,0.053053,0.0522,0.051484,0.049781,0.047412,0.043982
0.033708,0.091971,0.19513,0.080892,0.17094,0.128,0.17599,0.012127,0.075307,0.051157,0.032138,0.028467,0.041064,0.035925,0.031431,0.029349,0.028805,0.0303,0.031904,0.033553,0.035776,0.036764,0.037861,0.038855,0.039883,0.040321,0.041047,0.041781,0.042345,0.043028,0.043652,0.04423,0.047044,0.045763,0.046331,0.046979,0.047521,0.048208,0.048965,0.049689,0.050656,0.050772,0.051465,0.052092,0.053007,0.053438,0.054004,0.054629,0.055325,0.05582,0.056402,0.056984,0.057147,0.057746,0.058145,0.058366,0.057973,0.058812,0.058651,0.058356,0.058146,0.057396,0.056838,0.056368
0.30337,0.12246,0.27787,0.17743,0.17278,0.035067,0.024987,0.073063,0.14606,0.14666,0.010615,0.027358,0.025318,0.020157,0.016248,0.01651,0.019741,0.029894,0.038378,0.042665,0.046891,0.048403,0.051016,0.053544,0.05487,0.058143,0.059936,0.061807,0.063164,0.064367,0.065345,0.06619,0.063075,0.067287,0.067743,0.068072,0.068348,0.0686,0.068779,0.068835,0.068414,0.069202,0.069311,0.069352,0.069628,0.069758,0.069801,0.069949,0.070016,0.070259,0.070405,0.070584,0.070613,0.071245,0.07159,0.072062,0.073145,0.073067,0.07381,0.074286,0.075635,0.076509,0.077541,0.078329
0.078652,0.27729,0.1835,0.13626,0.11248,0.013868,0.094181,0.082447,0.079241,0.10296,0.075364,0.074062,0.067524,0.065162,0.063041,0.059205,0.055273,0.051577,0.049138,0.047526,0.046649,0.044956,0.044459,0.044056,0.043865,0.043627,0.043647,0.043673,0.043245,0.04381,0.043973,0.044051,0.044284,0.044327,0.044496,0.044623,0.044432,0.044927,0.044916,0.044972,0.04505,0.044897,0.044863,0.044801,0.045148,0.044574,0.044419,0.044171,0.043964,0.043689,0.04337,0.042917,0.042137,0.04222,0.041663,0.041017,0.040265,0.03962,0.038678,0.03774,0.036795,0.035604,0.034654,0.033979
0.05618,0.27384,0.14168,0.070383,0.15699,0.068073,0.029979,0.080017,0.06396,0.17984,0.19837,0.21056,0.22373,0.22711,0.23117,0.23385,0.23578,0.23708,0.23834,0.23947,0.24028,0.24158,0.24248,0.24328,0.24389,0.24465,0.24524,0.24575,0.24618,0.24668,0.24703,0.2473,0.24835,0.2479,0.24805,0.24818,0.24831,0.24837,0.24833,0.24842,0.24824,0.2483,0.24821,0.24813,0.24794,0.24766,0.24748,0.24725,0.24705,0.24672,0.24642,0.2461,0.24567,0.24526,0.24478,0.24427,0.244,0.24311,0.24228,0.24149,0.24006,0.23902,0.23768,0.23653
0.16854,0.095814,0.033253,0.13684,0.091488,0.055964,0.15305,0.13106,0.25941,0.1073,0.10927,0.095441,0.092044,0.089124,0.087078,0.085723,0.085194,0.084501,0.084387,0.084198,0.083498,0.083889,0.083624,0.083254,0.082945,0.082408,0.081992,0.081464,0.081163,0.08069,0.080322,0.07993,0.078847,0.079099,0.078925,0.07866,0.078673,0.078238,0.078015,0.077917,0.077565,0.077634,0.077525,0.077518,0.077188,0.077507,0.077434,0.077393,0.077419,0.0775,0.077535,0.077681,0.078114,0.077779,0.077856,0.077963,0.078158,0.07819,0.078255,0.078422,0.078496,0.078546,0.078596,0.078629
0.21348,0.35359,0.11019,0.030672,0.35077,0.045917,0.069672,0.18317,0.11409,0.070307,0.072927,0.040055,0.045833,0.052092,0.061122,0.067329,0.071078,0.073466,0.075028,0.076044,0.076914,0.077391,0.077744,0.078059,0.078596,0.078379,0.07849,0.078613,0.07878,0.078683,0.078723,0.078787,0.0799,0.078668,0.078715,0.078712,0.078732,0.078677,0.078726,0.078716,0.079028,0.078669,0.078675,0.078657,0.078608,0.078671,0.078667,0.078666,0.078659,0.078657,0.078651,0.07865,0.078702,0.078634,0.07865,0.078643,0.078597,0.07866,0.078657,0.078644,0.078654,0.078651,0.07865,0.07865
0.05618,0.31427,0.26196,0.15278,0.20874,0.096063,0.069881,0.17098,0.10607,0.020492,0.026479,0.022801,0.057037,0.075928,0.086187,0.091527,0.094867,0.098228,0.10084,0.10303,0.10501,0.10679,0.10849,0.11,0.11229,0.11253,0.11377,0.11468,0.1161,0.11629,0.11701,0.11757,0.12516,0.11885,0.11934,0.11977,0.12017,0.12064,0.12105,0.12132,0.12253,0.12201,0.12236,0.12269,0.12179,0.12377,0.1241,0.12448,0.1251,0.12548,0.12596,0.12644,0.12676,0.12775,0.12829,0.1289,0.12861,0.1302,0.13052,0.1308,0.13034,0.1311,0.13022,0.1283
0.10112,0.10971,0.1344,0.13065,0.14706,0.044158,0.034672,0.071578,0.039417,0.056206,0.036132,0.025444,0.053045,0.055797,0.057689,0.055575,0.052991,0.050788,0.048983,0.048144,0.050254,0.056533,0.057925,0.057499,0.057737,0.05569,0.054353,0.053221,0.052346,0.051073,0.050102,0.049237,0.047601,0.047548,0.046928,0.046404,0.046186,0.04541,0.045071,0.044697,0.044038,0.044055,0.043892,0.043802,0.044031,0.043812,0.043796,0.044033,0.044238,0.044557,0.045036,0.045423,0.04673,0.046879,0.047741,0.04861,0.050386,0.050827,0.051876,0.052904,0.05404,0.054872,0.055585,0.056029
0.011236,0.11966,0.19596,0.15933,0.30994,0.046406,0.14246,0.10291,0.10385,0.10581,0.11108,0.092889,0.096605,0.094943,0.096236,0.097864,0.09907,0.10041,0.10131,0.10199,0.10198,0.10264,0.10292,0.10302,0.10302,0.1029,0.10288,0.10263,0.10246,0.1022,0.10193,0.10157,0.10255,0.10109,0.10074,0.10038,0.10008,0.099695,0.099288,0.098954,0.098509,0.098047,0.097663,0.097249,0.097085,0.09652,0.096146,0.095696,0.095349,0.094921,0.09449,0.094126,0.093616,0.093491,0.093066,0.09268,0.092306,0.092117,0.09177,0.091531,0.092127,0.091606,0.091571,0.092827
0.10112,0.089206,0.08519,0.031449,0.11217,0.10947,0.12498,0.13843,0.099028,0.12055,0.14907,0.12173,0.10854,0.10829,0.107,0.10604,0.10498,0.10417,0.10322,0.10233,0.10117,0.10055,0.0997,0.098805,0.098169,0.097064,0.096285,0.095291,0.09465,0.093672,0.092858,0.091973,0.092619,0.090374,0.089528,0.088704,0.088075,0.086997,0.086051,0.085349,0.084901,0.083593,0.08267,0.081851,0.080443,0.079956,0.079012,0.077983,0.07708,0.076023,0.075008,0.073986,0.07374,0.07152,0.070396,0.069193,0.067043,0.066392,0.065025,0.063645,0.061726,0.060016,0.058205,0.056799
0.033708,0.26099,0.095955,0.12089,0.17844,0.087832,0.10123,0.09909,0.054237,0.042852,0.047598,0.031501,0.046253,0.061489,0.085515,0.09233,0.093621,0.1109,0.11519,0.11596,0.1153,0.11652,0.11675,0.11697,0.11711,0.11728,0.11739,0.11758,0.11768,0.11774,0.11782,0.11788,0.11712,0.11799,0.11808,0.11813,0.11844,0.11822,0.11832,0.11843,0.11849,0.11852,0.11864,0.11875,0.11872,0.11896,0.11909,0.11926,0.11943,0.11963,0.11984,0.12013,0.12104,0.12061,0.12093,0.12124,0.12147,0.122,0.12231,0.12264,0.12298,0.12321,0.12342,0.12355
0.16854,0.29885,0.1892,0.10349,0.27262,0.15319,0.18804,0.20121,0.044686,0.069712,0.039421,0.048222,0.044968,0.047047,0.047484,0.048297,0.031386,0.027592,0.025989,0.024948,0.023824,0.023193,0.022848,0.022379,0.02242,0.021522,0.021368,0.020974,0.02092,0.020664,0.020519,0.020163,0.019918,0.020394,0.020234,0.020187,0.020085,0.020448,0.020215,0.02035,0.020635,0.020444,0.020572,0.020846,0.021121,0.021074,0.021216,0.021182,0.021585,0.021515,0.021627,0.021718,0.02075,0.02167,0.021222,0.020781,0.020053,0.019651,0.018511,0.017669,0.016186,0.014436,0.012913,0.011845
0.23596,0.36725,0.11193,0.056074,0.28139,0.12897,0.073937,0.094898,0.29633,0.10907,0.099508,0.099242,0.10706,0.11917,0.12373,0.12541,0.12481,0.12327,0.12135,0.11953,0.11594,0.11526,0.11401,0.11262,0.11211,0.11058,0.10992,0.10914,0.10858,0.10837,0.10808,0.10768,0.10615,0.1075,0.10734,0.10732,0.1075,0.10738,0.10727,0.10739,0.10758,0.10737,0.10743,0.10753,0.10743,0.10722,0.10743,0.10731,0.10729,0.10717,0.10709,0.10676,0.10728,0.10651,0.10613,0.10574,0.10544,0.10475,0.10411,0.10357,0.10282,0.10217,0.10162,0.10126
0.011236,0.14554,0.31324,0.31415,0.26491,0.15806,0.10343,0.15602,0.080832,0.070553,0.11905,0.1284,0.1405,0.14149,0.14311,0.1443,0.14488,0.1454,0.14561,0.1457,0.14628,0.14611,0.1463,0.14654,0.14732,0.14713,0.14734,0.14764,0.14785,0.14819,0.14848,0.14881,0.14879,0.14936,0.1496,0.14988,0.14998,0.15051,0.15085,0.15107,0.15229,0.1518,0.15215,0.15253,0.15339,0.15339,0.15385,0.15435,0.15482,0.15535,0.15594,0.15659,0.1558,0.15813,0.15888,0.15974,0.15871,0.16169,0.16282,0.164,0.16537,0.16643,0.16748,0.1682
0.033708,0.25678,0.30742,0.35801,0.39414,0.05441,0.12291,0.022114,0.14196,0.093448,0.047832,0.039557,0.056308,0.037127,0.030536,0.026802,0.023741,0.021613,0.019602,0.01787,0.016183,0.014765,0.013439,0.012161,0.011249,0.0099831,0.0089933,0.0079687,0.0074399,0.0062589,0.0055041,0.0047406,0.0055187,0.003382,0.0027831,0.002266,0.0017961,0.0013289,0.00083625,0.00054963,0.00023434,0.00037983,0.00059792,0.00082509,0.0011163,0.001138,0.001369,0.0015035,0.0016698,0.0017804,0.0019876,0.0021588,0.0004338,0.0025495,0.0029038,0.0032843,0.0031091,0.0044766,0.0053008,0.0058184,0.0068782,0.0083934,0.0096352,0.010778
0.078652,0.2171,0.083244,0.068033,0.18156,0.097415,0.18586,0.080461,0.029772,0.10815,0.21381,0.23299,0.25404,0.26959,0.27536,0.27932,0.27976,0.27725,0.26958,0.26962,0.26999,0.2718,0.27277,0.27369,0.27461,0.27511,0.27554,0.27621,0.27635,0.27683,0.27709,0.27737,0.27582,0.27767,0.27781,0.2779,0.27797,0.27797,0.27804,0.27808,0.2783,0.27812,0.27813,0.27808,0.27841,0.27803,0.27804,0.27807,0.278,0.27807,0.27814,0.27815,0.27798,0.27836,0.27848,0.27867,0.2789,0.27922,0.27952,0.27982,0.28012,0.28044,0.28068,0.28084
0.10112,0.48897,0.34275,0.26815,0.20847,0.14772,0.12129,0.18282,0.20943,0.1264,0.16866,0.17198,0.16493,0.16929,0.1694,0.16932,0.1686,0.16748,0.16624,0.16515,0.16376,0.16243,0.16131,0.16024,0.15954,0.15806,0.15726,0.1564,0.15551,0.1548,0.15413,0.1534,0.15296,0.15226,0.15172,0.15125,0.15077,0.15041,0.15002,0.14968,0.14943,0.14897,0.1487,0.14842,0.14818,0.14792,0.14774,0.14752,0.14735,0.14718,0.14704,0.14687,0.14675,0.14666,0.14655,0.14645,0.14636,0.14631,0.14624,0.14618,0.14614,0.14611,0.14608,0.14607
0.16854,0.40512,0.21914,0.089562,0.24658,0.12583,0.035322,0.13552,0.28524,0.098348,0.16717,0.1701,0.16639,0.17094,0.1731,0.17631,0.17987,0.18428,0.1884,0.19251,0.1958,0.19906,0.20147,0.20358,0.20498,0.20597,0.20674,0.2069,0.20731,0.2061,0.20536,0.2044,0.20357,0.20316,0.2026,0.20231,0.20212,0.20213,0.20211,0.20234,0.20298,0.20227,0.20252,0.20267,0.20243,0.20298,0.20324,0.20343,0.20351,0.20387,0.20417,0.2044,0.20497,0.2049,0.20516,0.20552,0.20358,0.20637,0.20698,0.20755,0.20791,0.2095,0.21111,0.21267
0.05618,0.10311,0.1242,0.11373,0.1551,0.068672,0.041042,0.030375,0.028042,0.013884,0.014218,0.055302,0.059676,0.056111,0.04593,0.036316,0.030171,0.022654,0.018975,0.016668,0.017203,0.015919,0.015815,0.016374,0.01804,0.017966,0.018736,0.019693,0.020439,0.021462,0.022342,0.023185,0.024966,0.024795,0.025583,0.026343,0.027217,0.027768,0.028456,0.029183,0.029527,0.030366,0.030924,0.031486,0.031598,0.032366,0.032911,0.033292,0.033707,0.034029,0.034306,0.03459,0.035157,0.034915,0.034999,0.035027,0.035116,0.034786,0.034727,0.034561,0.03414,0.034075,0.033892,0.033767
0.033708,0.15714,0.3007,0.15427,0.1068,0.13941,0.14129,0.073281,0.12424,0.11628,0.11887,0.1031,0.088574,0.073813,0.067974,0.066525,0.06512,0.065084,0.067384,0.072993,0.078466,0.081164,0.084742,0.087201,0.087692,0.088334,0.088188,0.087599,0.086815,0.086153,0.085388,0.084547,0.083829,0.083027,0.082291,0.08168,0.080828,0.080558,0.079967,0.079491,0.078948,0.07842,0.078041,0.077695,0.077018,0.07693,0.076759,0.076503,0.076329,0.07621,0.076172,0.076018,0.075966,0.076202,0.076265,0.076389,0.076765,0.076921,0.077177,0.077505,0.077795,0.078128,0.078394,0.078587
0.1236,0.21086,0.33638,0.17006,0.092883,0.13983,0.19201,0.17171,0.076516,0.079761,0.13152,0.15112,0.1588,0.16803,0.17143,0.17382,0.17422,0.17623,0.17676,0.17738,0.1768,0.17784,0.17787,0.178,0.17766,0.17798,0.17813,0.17822,0.17821,0.17836,0.17845,0.17851,0.17595,0.17878,0.17882,0.17901,0.17935,0.17922,0.17961,0.17983,0.18029,0.18047,0.18081,0.18105,0.18134,0.18179,0.18229,0.18268,0.18309,0.18364,0.18422,0.18467,0.18554,0.18589,0.18662,0.18726,0.18774,0.18847,0.18906,0.18949,0.19003,0.19044,0.19074,0.19095
0.033708,0.17728,0.29822,0.21121,0.29677,0.063597,0.040065,0.091816,0.19116,0.2262,0.21693,0.19868,0.18679,0.17654,0.16877,0.16346,0.15922,0.15699,0.15478,0.15323,0.15169,0.15078,0.14966,0.14883,0.14813,0.14729,0.1467,0.146,0.14592,0.14517,0.14472,0.14423,0.15096,0.14347,0.14321,0.14288,0.14282,0.14213,0.14201,0.14168,0.14167,0.14116,0.14085,0.14061,0.13999,0.14001,0.13961,0.13931,0.13911,0.1387,0.13829,0.13801,0.13806,0.13721,0.13686,0.13646,0.13519,0.13546,0.13501,0.13444,0.1338,0.13276,0.13125,0.12773
0.011236,0.048267,0.12008,0.15178,0.062855,0.031786,0.20949,0.098007,0.20135,0.039637,0.06233,0.068248,0.083733,0.08831,0.084528,0.079396,0.074876,0.071377,0.069349,0.068045,0.067579,0.066959,0.066667,0.066552,0.066359,0.066704,0.06679,0.066842,0.067049,0.067191,0.067368,0.067571,0.068761,0.067784,0.067931,0.068048,0.068176,0.068042,0.068126,0.068086,0.067555,0.068002,0.06783,0.067649,0.067617,0.067097,0.066832,0.066487,0.066024,0.065546,0.06499,0.064337,0.064156,0.062853,0.062207,0.061431,0.060807,0.059741,0.058983,0.058165,0.057713,0.056975,0.056535,0.056255
0.05618,0.58474,0.035844,0.17235,0.67884,0.19238,0.1481,0.15292,0.4248,0.10307,0.22276,0.26985,0.27791,0.27976,0.27985,0.27978,0.27972,0.28013,0.28075,0.28139,0.28181,0.28325,0.28467,0.29125,0.30428,0.3075,0.3083,0.30892,0.30973,0.31023,0.3109,0.31148,0.31259,0.31287,0.31358,0.31424,0.31492,0.3157,0.3164,0.31714,0.31861,0.31858,0.31942,0.3203,0.32084,0.32216,0.32321,0.32418,0.32537,0.32652,0.32771,0.32905,0.33026,0.33202,0.33351,0.33514,0.33605,0.3389,0.34062,0.34263,0.34418,0.34594,0.3472,0.34804
0.21348,0.54854,0.32299,0.31864,0.61036,0.088004,0.061604,0.12614,0.1761,0.21374,0.31438,0.35363,0.38388,0.40842,0.41357,0.41509,0.41506,0.41392,0.41235,0.41035,0.40882,0.40694,0.40508,0.40353,0.4023,0.40103,0.39998,0.3991,0.39868,0.39758,0.39701,0.39654,0.39859,0.39543,0.39521,0.39495,0.3947,0.39443,0.39446,0.39432,0.39409,0.39425,0.39425,0.39425,0.39411,0.39464,0.39487,0.39511,0.39548,0.39584,0.39624,0.39678,0.39713,0.39779,0.3986,0.39932,0.40065,0.40095,0.40181,0.40288,0.40357,0.40466,0.40571,0.40837
0.14607,0.34649,0.063761,0.034129,0.32206,0.18356,0.098168,0.15031,0.05337,0.072664,0.11015,0.14573,0.15248,0.16178,0.16746,0.17377,0.18172,0.18891,0.19657,0.2024,0.20827,0.21153,0.21484,0.21755,0.21906,0.22207,0.22383,0.2252,0.22672,0.22786,0.2289,0.22982,0.23242,0.23131,0.23192,0.23242,0.23283,0.23336,0.23354,0.23385,0.23385,0.23445,0.23454,0.23478,0.23477,0.23488,0.23492,0.23498,0.23505,0.23505,0.23509,0.23519,0.23503,0.23526,0.23526,0.23534,0.23533,0.23543,0.23553,0.23569,0.23578,0.23583,0.23589,0.23594
0.2809,0.046997,0.20555,0.046789,0.1233,0.075302,0.10904,0.051251,0.1897,0.022496,0.069955,0.070952,0.072297,0.081785,0.079305,0.076983,0.076214,0.074072,0.073301,0.072764,0.072626,0.072321,0.072075,0.071835,0.071817,0.071415,0.071017,0.071004,0.070867,0.070271,0.069918,0.069571,0.062723,0.068802,0.068365,0.067916,0.067669,0.067058,0.0664,0.065982,0.065953,0.065041,0.064533,0.063978,0.063625,0.062987,0.062433,0.061927,0.061259,0.060878,0.060353,0.059885,0.060367,0.059041,0.058503,0.058123,0.057593,0.057371,0.057064,0.056853,0.056729,0.056413,0.056283,0.056201
0.011236,0.5469,0.11007,0.18267,0.39913,0.22393,0.1316,0.16582,0.26209,0.21753,0.32985,0.35814,0.37655,0.38066,0.38354,0.38235,0.37378,0.37464,0.37434,0.37512,0.37684,0.37708,0.37802,0.37889,0.3797,0.38017,0.38078,0.38122,0.38161,0.38173,0.38197,0.38208,0.38486,0.38226,0.38245,0.3824,0.38194,0.38239,0.38236,0.38218,0.38304,0.3818,0.38161,0.38137,0.3818,0.38098,0.3808,0.38045,0.38032,0.37995,0.37949,0.37937,0.37716,0.37853,0.37805,0.37751,0.37428,0.37625,0.37549,0.37485,0.37459,0.37298,0.37191,0.37107
0.10112,0.24924,0.35263,0.26901,0.3152,0.10743,0.067625,0.21952,0.12438,0.15495,0.19384,0.18917,0.19429,0.19702,0.19961,0.2021,0.20414,0.20573,0.20688,0.20789,0.20835,0.20938,0.21006,0.21068,0.21129,0.21187,0.21249,0.21295,0.21392,0.2141,0.21461,0.21512,0.21539,0.21616,0.21659,0.21707,0.21773,0.21798,0.21842,0.21897,0.21914,0.21984,0.22031,0.22081,0.22043,0.22177,0.22219,0.22261,0.22309,0.22351,0.22398,0.22439,0.22551,0.22529,0.22575,0.22621,0.22725,0.22722,0.22781,0.22862,0.22899,0.23069,0.23237,0.23465
0.1236,0.42356,0.2064,0.21013,0.37256,0.13436,0.12165,0.1043,0.19608,0.10577,0.079149,0.10217,0.11831,0.12395,0.11859,0.11565,0.11899,0.12499,0.13037,0.13458,0.13834,0.14092,0.14367,0.14668,0.15057,0.15551,0.16104,0.1665,0.16999,0.17201,0.1738,0.1753,0.16807,0.17744,0.17844,0.17929,0.18017,0.18084,0.18144,0.18206,0.18295,0.18324,0.18378,0.18431,0.18502,0.18531,0.18574,0.1862,0.18664,0.18708,0.18752,0.18789,0.18845,0.18868,0.18903,0.18935,0.18965,0.19002,0.19024,0.19047,0.1907,0.19081,0.19092,0.19099
0.19101,0.7053,0.14016,0.23251,0.58625,0.13999,0.11724,0.19419,0.30772,0.083804,0.16071,0.16712,0.19381,0.20755,0.20425,0.19863,0.1981,0.19637,0.19598,0.19535,0.19343,0.19376,0.19325,0.19253,0.19208,0.1911,0.19045,0.18966,0.18875,0.18811,0.18739,0.18653,0.18274,0.1852,0.18456,0.18382,0.18335,0.18262,0.18182,0.18114,0.18071,0.17987,0.17918,0.17854,0.17792,0.17733,0.17662,0.17597,0.17538,0.17476,0.17412,0.17353,0.17327,0.17244,0.17183,0.17127,0.17065,0.17033,0.16986,0.16949,0.16917,0.16889,0.1687,0.16858
0.16854,0.55485,0.12004,0.12181,0.45586,0.21005,0.087087,0.16258,0.24845,0.043035,0.12316,0.10158,0.12278,0.12443,0.1179,0.10665,0.10542,0.1017,0.10042,0.099292,0.099282,0.097108,0.096204,0.095323,0.093953,0.093437,0.092695,0.092137,0.091077,0.090337,0.089701,0.088893,0.085209,0.087677,0.08715,0.08667,0.085805,0.085647,0.085407,0.084961,0.083951,0.083866,0.083619,0.083068,0.083146,0.08272,0.082759,0.082343,0.082044,0.082032,0.081902,0.081421,0.080475,0.081179,0.081078,0.080722,0.081125,0.080632,0.080265,0.079499,0.079252,0.079152,0.078851,0.07873
0.19101,0.2393,0.14952,0.1694,0.2018,0.098604,0.033195,0.12905,0.14105,0.10047,0.11396,0.13486,0.13667,0.14336,0.14768,0.15011,0.15018,0.15095,0.15042,0.14981,0.14892,0.14844,0.14756,0.14689,0.14674,0.14555,0.14486,0.14441,0.14391,0.1433,0.14285,0.14237,0.14548,0.14154,0.14112,0.14078,0.14049,0.13994,0.13984,0.13952,0.14067,0.13879,0.13853,0.13811,0.13778,0.1376,0.13732,0.13693,0.13647,0.13607,0.13561,0.13499,0.13519,0.13394,0.13314,0.13232,0.12973,0.13032,0.12918,0.12799,0.12678,0.12549,0.12453,0.12384
0.10112,0.38795,0.44085,0.43317,0.48109,0.088937,0.12865,0.26749,0.025853,0.15904,0.20227,0.27002,0.30174,0.32366,0.3414,0.35567,0.36776,0.37722,0.38534,0.39208,0.39906,0.40291,0.40706,0.4108,0.41408,0.41666,0.41929,0.4216,0.42375,0.42541,0.42706,0.42854,0.42993,0.43094,0.43209,0.43308,0.43387,0.43474,0.43562,0.43624,0.43704,0.43725,0.43777,0.43814,0.43839,0.43881,0.43913,0.43929,0.43943,0.43959,0.43965,0.43967,0.43974,0.43966,0.4396,0.43947,0.43927,0.43926,0.43904,0.43881,0.4386,0.43846,0.43831,0.43823
0.078652,0.24825,0.23402,0.25168,0.21688,0.085511,0.11867,0.16682,0.07392,0.1336,0.19686,0.2015,0.21369,0.21847,0.21705,0.21481,0.21275,0.20996,0.20675,0.2039,0.20004,0.19909,0.19757,0.19648,0.19552,0.19516,0.19475,0.19444,0.1939,0.19397,0.1938,0.19366,0.19355,0.19331,0.19323,0.19314,0.19309,0.19296,0.19287,0.1928,0.19272,0.19266,0.19259,0.19252,0.19266,0.19232,0.19229,0.19222,0.19213,0.19208,0.192,0.19189,0.19185,0.19173,0.19165,0.19156,0.19147,0.19139,0.1913,0.19121,0.19115,0.19109,0.19104,0.19102
0.1236,0.34462,0.2336,0.12708,0.3538,0.10305,0.053719,0.10315,0.16252,0.10356,0.17094,0.17365,0.18595,0.17259,0.17788,0.17902,0.17854,0.17652,0.1745,0.17273,0.16873,0.16822,0.16648,0.16483,0.16295,0.16147,0.15891,0.1525,0.13931,0.1396,0.13701,0.13612,0.14256,0.14238,0.14471,0.1458,0.14638,0.14824,0.14873,0.15004,0.14726,0.15069,0.15039,0.14981,0.14997,0.14795,0.14711,0.14621,0.14538,0.14461,0.14397,0.1432,0.14324,0.14206,0.14156,0.14114,0.14057,0.14054,0.14056,0.14074,0.14098,0.14194,0.1434,0.14498
0.34831,0.72432,0.43635,0.28494,0.71886,0.34073,0.48395,0.27554,0.071322,0.4084,0.48892,0.55342,0.57419,0.57389,0.57477,0.57695,0.5792,0.58088,0.58238,0.58372,0.58525,0.58581,0.58659,0.58735,0.58745,0.58853,0.5891,0.58957,0.58994,0.59039,0.59077,0.59108,0.59307,0.59178,0.59212,0.5925,0.59284,0.5931,0.59358,0.59391,0.59201,0.59437,0.59464,0.59497,0.59529,0.59557,0.59586,0.59623,0.59682,0.59715,0.5976,0.5979,0.59847,0.59852,0.5991,0.59934,0.60681,0.59926,0.59956,0.59978,0.59994,0.5989,0.59868,0.59687
0.19101,0.73778,0.32075,0.35612,0.6796,0.31234,0.50832,0.22207,0.18304,0.43554,0.617,0.65513,0.66901,0.68023,0.6896,0.69782,0.70503,0.71063,0.71522,0.71875,0.72202,0.72376,0.72555,0.727,0.72819,0.7291,0.72994,0.73063,0.73107,0.73157,0.73191,0.73219,0.73123,0.73252,0.73271,0.73274,0.73278,0.73275,0.73274,0.73264,0.73221,0.73228,0.73216,0.73191,0.73187,0.73159,0.73133,0.7311,0.73077,0.73061,0.73028,0.73011,0.72993,0.72958,0.7294,0.72922,0.72947,0.72929,0.72936,0.72921,0.72966,0.72985,0.7301,0.73027
0.21348,0.427,0.4262,0.35302,0.4964,0.14028,0.2749,0.18643,0.096305,0.1141,0.18556,0.24525,0.27337,0.29216,0.30906,0.32073,0.32865,0.33407,0.33802,0.34076,0.34346,0.34465,0.34572,0.3465,0.34761,0.34774,0.34816,0.34867,0.34936,0.34969,0.35025,0.35081,0.35114,0.35211,0.35271,0.3534,0.35406,0.35471,0.3555,0.35644,0.3574,0.35788,0.35884,0.35977,0.3608,0.36183,0.36326,0.36446,0.3659,0.36742,0.36908,0.3706,0.37035,0.37344,0.37509,0.37624,0.37691,0.37787,0.37844,0.37816,0.37798,0.37696,0.37536,0.37295
0.2809,0.86894,0.47623,0.51582,0.77653,0.2918,0.38442,0.29632,0.20726,0.30666,0.52475,0.61624,0.65511,0.67312,0.68727,0.69859,0.70825,0.71623,0.72305,0.72835,0.73331,0.73674,0.73972,0.7422,0.74414,0.74599,0.74749,0.7487,0.75001,0.75069,0.75151,0.75218,0.75188,0.75317,0.75372,0.75402,0.75447,0.75461,0.75491,0.75496,0.7552,0.75521,0.75528,0.75532,0.75511,0.75531,0.75536,0.75522,0.75513,0.75505,0.75487,0.75476,0.75523,0.75445,0.75427,0.75407,0.75381,0.75368,0.75351,0.75331,0.75328,0.75301,0.7529,0.75284
0.48315,0.83012,0.35035,0.35878,0.74494,0.46795,0.63373,0.33182,0.22256,0.4007,0.62639,0.67593,0.71308,0.71538,0.72416,0.73065,0.73554,0.74034,0.75369,0.76572,0.77038,0.77247,0.77462,0.77654,0.77667,0.7798,0.78115,0.78239,0.78342,0.78452,0.78547,0.78635,0.7868,0.78797,0.78869,0.78939,0.78998,0.79061,0.79119,0.7917,0.79178,0.79269,0.79313,0.79355,0.79401,0.79435,0.79468,0.79501,0.79533,0.79563,0.79591,0.79616,0.79637,0.79661,0.79681,0.79699,0.79719,0.79729,0.79741,0.79752,0.7976,0.79767,0.79771,0.79774
0.2809,0.5539,0.25042,0.11199,0.58077,0.372,0.39391,0.21085,0.092273,0.28206,0.40566,0.46245,0.48951,0.50098,0.50914,0.51477,0.51868,0.52195,0.52443,0.5264,0.52806,0.52934,0.5304,0.53133,0.53181,0.53269,0.53324,0.53365,0.53409,0.53429,0.53453,0.53467,0.53629,0.53495,0.535,0.53502,0.535,0.53492,0.53492,0.53485,0.53414,0.53458,0.53441,0.53422,0.53377,0.53386,0.53361,0.53336,0.53313,0.53283,0.53249,0.53224,0.53172,0.53144,0.5311,0.5307,0.53047,0.52988,0.5295,0.5291,0.52874,0.52849,0.52828,0.52814
0.14607,0.55466,0.29571,0.15052,0.57898,0.32312,0.42461,0.33978,0.082842,0.23292,0.38515,0.44884,0.47061,0.48388,0.49384,0.50175,0.50789,0.51298,0.51687,0.52,0.52314,0.52483,0.52671,0.52831,0.52953,0.53102,0.53212,0.53315,0.53408,0.53497,0.53577,0.53653,0.53758,0.53776,0.53837,0.53892,0.53928,0.53993,0.54037,0.54079,0.54078,0.54152,0.54184,0.54217,0.54275,0.54269,0.54285,0.543,0.54313,0.54315,0.54313,0.54311,0.54232,0.54281,0.54247,0.542,0.54227,0.54054,0.53939,0.53833,0.537,0.53416,0.53162,0.52918
0.14607,0.35904,0.11926,0.03079,0.35657,0.05345,0.093381,0.1129,0.18477,0.040378,0.011093,0.028664,0.046106,0.053177,0.056451,0.058035,0.058974,0.058549,0.058026,0.057523,0.056059,0.055901,0.054958,0.054032,0.052325,0.05214,0.051229,0.050441,0.049816,0.048647,0.047884,0.047158,0.044611,0.045745,0.045006,0.044442,0.043877,0.043309,0.042906,0.042528,0.041498,0.041963,0.04177,0.041508,0.040901,0.041433,0.041492,0.041513,0.041458,0.041672,0.04185,0.041789,0.041659,0.042209,0.04236,0.042371,0.04304,0.042023,0.041538,0.040054,0.03872,0.037496,0.035689,0.034272
0.078652,0.35945,0.20811,0.17584,0.1271,0.070891,0.092342,0.21451,0.091983,0.25568,0.12793,0.11055,0.082048,0.065359,0.054094,0.047349,0.044766,0.041942,0.040491,0.039451,0.038528,0.038207,0.037659,0.037264,0.034284,0.036782,0.036358,0.036074,0.035493,0.035483,0.035138,0.034937,0.035344,0.034053,0.033537,0.033039,0.032212,0.031828,0.031367,0.030656,0.027233,0.029522,0.028746,0.027979,0.027567,0.026668,0.025695,0.02498,0.024087,0.023131,0.02219,0.021324,0.019226,0.019061,0.018206,0.017245,0.017518,0.015193,0.014312,0.013427,0.012685,0.012154,0.01167,0.011337
0.078652,0.23786,0.26672,0.1903,0.050671,0.073608,0.05786,0.22834,0.1736,0.067436,0.078249,0.058035,0.056967,0.056241,0.056013,0.054838,0.054024,0.048581,0.043608,0.040239,0.038718,0.037717,0.037448,0.037414,0.03756,0.037679,0.03788,0.037896,0.038401,0.038139,0.038179,0.038246,0.040534,0.038246,0.038271,0.038137,0.037798,0.038074,0.037876,0.037677,0.037888,0.037617,0.037391,0.037347,0.035336,0.036817,0.036459,0.036392,0.036177,0.035936,0.035627,0.035618,0.034717,0.03527,0.034969,0.034854,0.034398,0.034188,0.034103,0.03416,0.033501,0.033812,0.033779,0.033707
0.21348,0.53424,0.49819,0.44117,0.61298,0.10823,0.26063,0.1597,0.08802,0.13416,0.21612,0.2984,0.35104,0.36911,0.38488,0.3976,0.40842,0.41704,0.42492,0.43197,0.43921,0.44415,0.44927,0.45389,0.45816,0.4616,0.46481,0.46768,0.46993,0.47208,0.47382,0.47527,0.47518,0.47742,0.47823,0.47888,0.47933,0.47967,0.47986,0.4801,0.48001,0.48002,0.47988,0.47969,0.47955,0.47888,0.47843,0.47794,0.47732,0.47666,0.47596,0.47517,0.47435,0.47325,0.47232,0.47128,0.47032,0.46883,0.46775,0.46636,0.46488,0.46324,0.46201,0.46102
0.21348,0.76859,0.52706,0.57745,0.73603,0.14687,0.30364,0.31098,0.13819,0.15262,0.23406,0.28918,0.36488,0.3883,0.40883,0.42236,0.42841,0.43266,0.43585,0.43845,0.44139,0.44358,0.4465,0.45013,0.45484,0.45865,0.46197,0.46402,0.46553,0.46656,0.46727,0.46778,0.47104,0.46838,0.4686,0.46872,0.4688,0.46883,0.4689,0.46879,0.46858,0.46854,0.46839,0.46817,0.4682,0.46777,0.46748,0.46717,0.46684,0.46647,0.46606,0.46565,0.46544,0.46479,0.46432,0.46382,0.46337,0.46283,0.46236,0.46189,0.46152,0.46115,0.46089,0.46072
0.10112,0.76818,0.096736,0.33857,0.55656,0.23718,0.39951,0.22868,0.28038,0.18848,0.27329,0.3462,0.39485,0.40915,0.41665,0.41709,0.41568,0.41665,0.41814,0.41913,0.42072,0.42043,0.4207,0.42072,0.42103,0.42058,0.42018,0.41968,0.41909,0.41859,0.41798,0.41739,0.41921,0.416,0.41544,0.41476,0.41382,0.41344,0.4128,0.41202,0.41222,0.41078,0.41011,0.40944,0.40919,0.40823,0.40762,0.40705,0.40651,0.40596,0.40539,0.40476,0.40325,0.40378,0.40324,0.40266,0.40136,0.40148,0.40064,0.39977,0.3994,0.39746,0.3958,0.39397
0.078652,0.83124,0.22066,0.44502,0.73753,0.28632,0.34898,0.306,0.38344,0.11566,0.30489,0.37133,0.40391,0.42607,0.44202,0.45412,0.46314,0.4719,0.47883,0.48487,0.49079,0.49493,0.49992,0.50625,0.52071,0.53048,0.53592,0.53962,0.54317,0.54611,0.54862,0.55072,0.55319,0.55345,0.55466,0.55556,0.55628,0.55697,0.55756,0.55796,0.55877,0.55875,0.55905,0.55925,0.5595,0.55968,0.55992,0.56002,0.56018,0.5603,0.56037,0.56039,0.56082,0.56059,0.56062,0.5606,0.56016,0.56054,0.56043,0.56011,0.55971,0.55924,0.55807,0.55542
0.21348,0.50179,0.045535,0.21838,0.46555,0.27748,0.20469,0.10514,0.12035,0.087912,0.17239,0.19812,0.2319,0.25818,0.26634,0.27208,0.27762,0.28155,0.28546,0.28878,0.29199,0.29505,0.29773,0.30021,0.30341,0.3046,0.30657,0.30847,0.31,0.3117,0.31319,0.31459,0.31481,0.31708,0.31831,0.3194,0.32047,0.32147,0.32239,0.32332,0.3247,0.32499,0.32581,0.3266,0.32715,0.32813,0.32891,0.32963,0.33039,0.33118,0.33191,0.33279,0.33376,0.33427,0.33512,0.33604,0.33655,0.33798,0.33919,0.34041,0.34138,0.34348,0.34538,0.34731
0.033708,0.12887,0.070078,0.22085,0.25949,0.13477,0.09535,0.17188,0.077052,0.099151,0.14026,0.1716,0.16912,0.16612,0.16968,0.1728,0.17417,0.17679,0.17761,0.17752,0.17874,0.17748,0.17771,0.17804,0.1808,0.17896,0.17945,0.1794,0.17804,0.17633,0.16869,0.16355,0.17871,0.16335,0.16363,0.16394,0.16415,0.16458,0.1647,0.16496,0.16767,0.16542,0.16556,0.16563,0.16577,0.16598,0.16615,0.16631,0.16623,0.16641,0.16655,0.16663,0.1664,0.16702,0.167,0.16716,0.16654,0.16752,0.16766,0.16792,0.16803,0.16828,0.1684,0.16849
0.011236,0.37143,0.16373,0.17128,0.16079,0.11624,0.047603,0.19745,0.28754,0.13571,0.16687,0.19616,0.19993,0.19777,0.19571,0.19355,0.19163,0.1907,0.18978,0.18902,0.18827,0.18809,0.18762,0.18725,0.18691,0.18692,0.18665,0.1864,0.18634,0.18611,0.186,0.18595,0.19019,0.18588,0.18594,0.18589,0.18594,0.18591,0.18594,0.18573,0.18693,0.18634,0.18636,0.18653,0.18631,0.18714,0.18704,0.1873,0.18767,0.1878,0.18792,0.18827,0.18842,0.18892,0.18917,0.1896,0.18932,0.18969,0.1901,0.19047,0.19057,0.19079,0.19093,0.19099
0.2809,0.45319,0.42522,0.44165,0.50925,0.096996,0.17391,0.11399,0.076278,0.15165,0.13967,0.19174,0.19352,0.19428,0.20079,0.20724,0.21322,0.2195,0.22443,0.22839,0.23219,0.23372,0.23543,0.23688,0.23817,0.2389,0.23963,0.24031,0.24091,0.24113,0.24148,0.24178,0.24023,0.24232,0.24253,0.24271,0.24269,0.24304,0.24325,0.24334,0.24358,0.24367,0.2438,0.24383,0.24359,0.24416,0.24422,0.24427,0.24423,0.24434,0.24429,0.2442,0.24385,0.2439,0.24367,0.24331,0.24305,0.24215,0.24146,0.24021,0.23911,0.23817,0.23707,0.23625
0.033708,0.41755,0.10784,0.14078,0.30131,0.086269,0.18505,0.11887,0.047457,0.20191,0.16374,0.17301,0.19,0.20622,0.23508,0.24126,0.24689,0.25123,0.25559,0.25974,0.26423,0.26714,0.27061,0.27397,0.27711,0.28023,0.28326,0.28621,0.28904,0.29192,0.29481,0.29767,0.30047,0.3043,0.30773,0.31158,0.31499,0.32011,0.32414,0.32786,0.32951,0.33366,0.33605,0.33816,0.34148,0.34218,0.3441,0.34596,0.3477,0.34951,0.35123,0.35283,0.35425,0.35637,0.3581,0.35981,0.36173,0.36309,0.36471,0.36627,0.3681,0.36901,0.36995,0.37061
0.52809,0.89338,0.4855,0.51309,0.75767,0.3946,0.57484,0.42216,0.43328,0.30744,0.44508,0.5715,0.62591,0.64813,0.67245,0.68855,0.69521,0.70086,0.70445,0.70724,0.71011,0.71149,0.713,0.71435,0.71551,0.71664,0.71758,0.71833,0.71929,0.71986,0.72051,0.72115,0.72563,0.72228,0.72282,0.72333,0.7238,0.72422,0.72474,0.72514,0.72561,0.72591,0.72627,0.72662,0.72691,0.72727,0.72757,0.72786,0.72817,0.7284,0.72865,0.72888,0.72914,0.72928,0.72947,0.72963,0.72976,0.72992,0.73003,0.73011,0.7302,0.73026,0.7303,0.73033
0.30337,0.8969,0.45035,0.51066,0.77406,0.25261,0.41459,0.39222,0.21902,0.17829,0.38996,0.44856,0.49609,0.55653,0.58175,0.59644,0.60486,0.61068,0.61535,0.61924,0.62262,0.62509,0.62738,0.62941,0.63093,0.63262,0.63403,0.63535,0.6364,0.63745,0.63841,0.63927,0.63882,0.64076,0.6415,0.64216,0.64275,0.64338,0.64393,0.64441,0.64467,0.64533,0.64577,0.64614,0.64654,0.64695,0.6473,0.6476,0.64788,0.6482,0.64843,0.6487,0.64902,0.64911,0.64916,0.64925,0.64905,0.64913,0.64897,0.6487,0.64804,0.64739,0.64586,0.64306
0.05618,0.39307,0.10833,0.19957,0.42604,0.061374,0.11386,0.09375,0.11427,0.17022,0.14086,0.15515,0.1697,0.17409,0.17537,0.17481,0.17274,0.17102,0.16935,0.16852,0.16922,0.169,0.16962,0.17035,0.1715,0.17208,0.17295,0.17361,0.17459,0.17523,0.17598,0.17661,0.17797,0.17789,0.17855,0.1791,0.17952,0.18014,0.18056,0.181,0.18158,0.18191,0.18226,0.18267,0.18283,0.1835,0.18379,0.18402,0.18443,0.18478,0.1851,0.1855,0.18574,0.18633,0.18675,0.18724,0.18792,0.18824,0.18874,0.18938,0.18981,0.19034,0.19068,0.19094
0.033708,0.27993,0.1505,0.14289,0.33506,0.12341,0.097654,0.11622,0.085809,0.1073,0.11207,0.11657,0.1086,0.11437,0.11465,0.11351,0.11253,0.11153,0.11072,0.11007,0.11037,0.1089,0.10856,0.10822,0.10842,0.10761,0.10748,0.10721,0.10737,0.10697,0.10685,0.10673,0.10749,0.10656,0.10638,0.10621,0.10587,0.10587,0.10568,0.10549,0.1058,0.10498,0.1047,0.10436,0.10391,0.10369,0.10343,0.10306,0.10257,0.10216,0.10172,0.1012,0.10016,0.10012,0.099468,0.098765,0.096829,0.097261,0.096629,0.09557,0.095219,0.094604,0.094481,0.095119
0.21348,0.38675,0.32043,0.39164,0.51171,0.058307,0.074049,0.048208,0.096036,0.1269,0.078579,0.11859,0.13985,0.14376,0.14839,0.15053,0.15217,0.15494,0.15896,0.17411,0.18411,0.18404,0.18427,0.18416,0.18448,0.18347,0.18298,0.1826,0.18328,0.18154,0.18101,0.1805,0.18395,0.18587,0.19974,0.20045,0.19885,0.19906,0.19931,0.19869,0.19787,0.19768,0.19713,0.19644,0.19405,0.19503,0.19457,0.1939,0.19314,0.19242,0.19153,0.19052,0.18907,0.18866,0.18766,0.1865,0.185,0.18379,0.18225,0.18056,0.17853,0.17684,0.17435,0.17096
0.16854,0.33302,0.033051,0.11964,0.19206,0.071955,0.022224,0.10117,0.054066,0.13287,0.074654,0.070985,0.069372,0.068231,0.064041,0.059385,0.055324,0.052832,0.050527,0.048557,0.04632,0.046042,0.045001,0.044302,0.043412,0.043474,0.0432,0.043205,0.043641,0.04329,0.04349,0.043752,0.043274,0.044476,0.044952,0.045372,0.045869,0.046316,0.046815,0.047299,0.04784,0.048382,0.048885,0.04937,0.049736,0.050433,0.050919,0.051413,0.051875,0.052369,0.052784,0.053247,0.053634,0.054005,0.054352,0.054694,0.054972,0.055228,0.05549,0.0557,0.055873,0.056005,0.056103,0.056159
0.57303,0.80431,0.4485,0.52191,0.72851,0.34333,0.38155,0.18446,0.24634,0.18617,0.33474,0.38001,0.40443,0.41177,0.41975,0.42611,0.4353,0.45662,0.46222,0.46547,0.46903,0.46924,0.47032,0.47101,0.47105,0.47181,0.47194,0.4719,0.47203,0.47174,0.47155,0.47135,0.47105,0.47076,0.47047,0.47011,0.46959,0.46937,0.46896,0.4685,0.46798,0.46776,0.46733,0.46692,0.46629,0.46612,0.46566,0.46527,0.46485,0.46446,0.46403,0.46367,0.46303,0.46291,0.46256,0.46225,0.46196,0.46163,0.4614,0.46119,0.46098,0.46087,0.46076,0.46069
0.011236,0.16497,0.22361,0.29244,0.38815,0.038161,0.10003,0.09598,0.12555,0.025442,0.034108,0.050285,0.059833,0.090001,0.099097,0.10348,0.096064,0.087494,0.086444,0.086874,0.088552,0.088304,0.089147,0.089874,0.090458,0.091074,0.09161,0.092051,0.092536,0.092782,0.093074,0.093316,0.093875,0.093803,0.093951,0.094117,0.093924,0.094363,0.094416,0.094477,0.094239,0.094543,0.09454,0.094517,0.094137,0.094375,0.094253,0.094105,0.09394,0.093681,0.093423,0.092971,0.091617,0.092124,0.091513,0.090792,0.090492,0.088993,0.08776,0.086286,0.084371,0.082705,0.080782,0.079219
0.011236,0.11973,0.059443,0.15422,0.10265,0.16782,0.039912,0.12279,0.21702,0.058941,0.069491,0.067497,0.067276,0.057313,0.049341,0.04424,0.04072,0.038085,0.036037,0.03425,0.032772,0.031654,0.030571,0.029516,0.028428,0.028028,0.027277,0.026587,0.026407,0.02536,0.024823,0.024276,0.02498,0.023524,0.023115,0.022704,0.022593,0.02187,0.021559,0.021209,0.020422,0.02069,0.020292,0.019923,0.018913,0.019175,0.018746,0.018275,0.01789,0.017276,0.01662,0.015959,0.016802,0.01417,0.013329,0.012139,0.011647,0.0092976,0.0076253,0.0055962,0.003305,0.002671,0.0046387,0.0080215
0.19101,0.33908,0.34737,0.41269,0.47122,0.14544,0.1759,0.063534,0.093046,0.062875,0.042202,0.065398,0.082654,0.086879,0.097635,0.11335,0.12054,0.125,0.1286,0.13165,0.13505,0.13701,0.1395,0.14181,0.14396,0.14577,0.14766,0.14932,0.15065,0.15215,0.15342,0.15458,0.15688,0.15665,0.1576,0.15848,0.15919,0.16006,0.1608,0.16141,0.16215,0.16259,0.16315,0.16364,0.16422,0.16465,0.16508,0.16546,0.16585,0.16618,0.1665,0.16679,0.16693,0.16731,0.16754,0.16774,0.16789,0.16807,0.16819,0.16829,0.16839,0.16846,0.1685,0.16853
0.16854,0.268,0.19706,0.22387,0.2507,0.038846,0.10214,0.16631,0.077408,0.046325,0.021551,0.074224,0.11678,0.13768,0.14952,0.15687,0.15816,0.15937,0.16514,0.16866,0.17042,0.17178,0.17218,0.17216,0.17146,0.17141,0.17101,0.17028,0.17029,0.16912,0.16856,0.16805,0.16971,0.16698,0.16666,0.16633,0.16614,0.16561,0.16552,0.16528,0.1651,0.16489,0.16478,0.1647,0.16419,0.16455,0.16459,0.16464,0.16476,0.16484,0.165,0.16513,0.1654,0.16549,0.16585,0.16613,0.16628,0.16689,0.16724,0.16753,0.16784,0.16815,0.16836,0.16849
0.32584,0.21586,0.093502,0.11178,0.11497,0.19727,0.20746,0.069538,0.037799,0.066568,0.038288,0.058713,0.085622,0.098895,0.11074,0.12301,0.13493,0.14298,0.1473,0.15007,0.15228,0.15385,0.15526,0.15652,0.15791,0.1589,0.15988,0.1609,0.16194,0.1627,0.16348,0.16428,0.16414,0.1659,0.16662,0.16726,0.16786,0.16855,0.16919,0.16964,0.17041,0.17093,0.17137,0.17179,0.17191,0.17249,0.17268,0.17301,0.17321,0.17337,0.17342,0.1735,0.17308,0.17334,0.17315,0.17289,0.17269,0.17192,0.17141,0.17082,0.17004,0.16955,0.16903,0.16866
0.19101,0.36992,0.16586,0.10207,0.32964,0.069085,0.122,0.09561,0.17508,0.12895,0.11062,0.065007,0.045683,0.038454,0.036234,0.030184,0.025408,0.021917,0.019252,0.017033,0.015525,0.014225,0.013106,0.012194,0.011389,0.010864,0.010282,0.0098759,0.009439,0.0092278,0.0089879,0.0088771,0.010017,0.0084763,0.0084265,0.0083521,0.0083066,0.0082464,0.0083023,0.0083624,0.008835,0.0084747,0.0085531,0.0086463,0.0088966,0.0088387,0.0090328,0.0091729,0.0093255,0.0094771,0.0096175,0.0097867,0.010043,0.010098,0.010278,0.010438,0.010434,0.010701,0.010861,0.010962,0.011083,0.011135,0.011189,0.011223
0.033708,0.24047,0.18123,0.057141,0.23974,0.15538,0.04402,0.046439,0.026472,0.029267,0.092464,0.11443,0.12575,0.12986,0.13136,0.12978,0.1284,0.12493,0.12313,0.12189,0.122,0.12018,0.11962,0.11894,0.11862,0.11794,0.11739,0.11693,0.11635,0.11615,0.11575,0.11542,0.11299,0.11491,0.11461,0.1144,0.11397,0.11394,0.11372,0.11367,0.11347,0.1136,0.11355,0.11354,0.11387,0.11368,0.11376,0.11389,0.11411,0.11433,0.11467,0.11499,0.11474,0.1156,0.11615,0.11673,0.11746,0.11799,0.1188,0.11966,0.12067,0.12161,0.12257,0.12332
0.19101,0.2331,0.12267,0.080218,0.053812,0.058987,0.055652,0.087281,0.13121,0.10489,0.07582,0.084193,0.088844,0.092618,0.092282,0.090404,0.088298,0.086592,0.084868,0.083446,0.08152,0.081021,0.080024,0.079196,0.080794,0.078159,0.077812,0.077499,0.077102,0.077466,0.077787,0.078083,0.077892,0.079379,0.080087,0.080867,0.081773,0.082434,0.083579,0.084417,0.090107,0.086139,0.086904,0.087574,0.08791,0.089449,0.089827,0.090132,0.090857,0.091039,0.091317,0.091544,0.093006,0.092578,0.093362,0.09377,0.085757,0.095021,0.095733,0.096447,0.09685,0.098566,0.099635,0.10055
0.25843,0.15533,0.072942,0.13809,0.15198,0.056179,0.058766,0.13133,0.18169,0.11007,0.12363,0.1485,0.13934,0.13724,0.1345,0.13063,0.12695,0.1211,0.11604,0.11082,0.10522,0.10198,0.097968,0.094092,0.090245,0.087612,0.084569,0.081399,0.079101,0.076733,0.074439,0.072296,0.073552,0.068745,0.066934,0.065258,0.064061,0.062253,0.0607,0.059371,0.058489,0.057021,0.055859,0.055033,0.054222,0.053249,0.052171,0.05147,0.050988,0.05025,0.049768,0.049541,0.05012,0.048664,0.048493,0.048459,0.048822,0.048854,0.049301,0.050123,0.051129,0.052224,0.053839,0.055507
0.14607,0.10567,0.092519,0.11436,0.072579,0.031776,0.11113,0.080128,0.10878,0.048756,0.016122,0.045975,0.037629,0.045129,0.046219,0.045103,0.042528,0.039382,0.03578,0.033634,0.03362,0.03288,0.032675,0.032244,0.032289,0.030683,0.030024,0.029426,0.028394,0.027922,0.027475,0.027227,0.027879,0.026689,0.026729,0.02662,0.026992,0.026419,0.026642,0.026452,0.026448,0.026193,0.026043,0.02562,0.025864,0.025274,0.024857,0.024745,0.024496,0.024181,0.02393,0.023878,0.024566,0.023689,0.023956,0.024286,0.024126,0.02511,0.026054,0.027432,0.028065,0.030189,0.032042,0.033299
0.05618,0.12017,0.29975,0.36459,0.31784,0.053892,0.16608,0.15643,0.099369,0.07556,0.029578,0.01294,0.017808,0.026539,0.031745,0.032109,0.027466,0.025068,0.023804,0.022986,0.021705,0.022472,0.022201,0.022031,0.021666,0.021925,0.021739,0.021754,0.022034,0.021418,0.021337,0.021151,0.01742,0.021096,0.021065,0.020941,0.021208,0.02071,0.02063,0.020519,0.020333,0.020332,0.020216,0.020029,0.018819,0.019882,0.019675,0.019451,0.019204,0.019106,0.018791,0.018438,0.019509,0.017993,0.017473,0.017021,0.016467,0.016196,0.015624,0.015054,0.013942,0.013371,0.012521,0.011655
0.14607,0.11954,0.052878,0.031913,0.085152,0.093643,0.14644,0.097373,0.014316,0.10016,0.0062638,0.015024,0.016762,0.024929,0.028453,0.029787,0.029755,0.029519,0.028994,0.02822,0.027408,0.026871,0.02607,0.025335,0.024507,0.023884,0.023283,0.022631,0.022,0.021327,0.02081,0.020228,0.025042,0.019316,0.019153,0.018882,0.018677,0.018515,0.018721,0.01872,0.01876,0.018968,0.019271,0.019573,0.019693,0.020447,0.021129,0.021732,0.022535,0.023245,0.024025,0.024756,0.025287,0.02664,0.027603,0.028456,0.029307,0.030246,0.031115,0.031648,0.032265,0.032939,0.033367,0.033626
0.078652,0.091887,0.12439,0.10291,0.19737,0.043229,0.12882,0.14296,0.1156,0.069771,0.076986,0.095104,0.11044,0.12666,0.12982,0.12649,0.12329,0.11826,0.11415,0.11005,0.10636,0.10288,0.099789,0.097001,0.094998,0.092479,0.090556,0.088939,0.087179,0.086255,0.085179,0.084177,0.080897,0.08274,0.082195,0.081645,0.080897,0.080915,0.080409,0.080092,0.079831,0.079698,0.079511,0.079403,0.080184,0.079103,0.079018,0.078911,0.078826,0.078814,0.07877,0.078731,0.078583,0.078793,0.078688,0.078689,0.078759,0.078663,0.078635,0.078694,0.07874,0.078651,0.078652,0.078658
0.25843,0.11403,0.034,0.021484,0.11806,0.019869,0.042176,0.16838,0.11469,0.076134,0.081277,0.043423,0.04024,0.045247,0.049799,0.053771,0.057437,0.060905,0.063416,0.065025,0.066872,0.06575,0.064714,0.06327,0.061789,0.059729,0.057991,0.056164,0.054553,0.05292,0.051333,0.049792,0.050464,0.046996,0.045555,0.044256,0.042821,0.041745,0.040611,0.039555,0.03851,0.03745,0.036555,0.035749,0.034926,0.034241,0.033679,0.033146,0.032736,0.032346,0.032109,0.031937,0.031717,0.031746,0.031812,0.03193,0.032142,0.032367,0.032612,0.032904,0.033202,0.033373,0.033551,0.033667
0.14607,0.06373,0.15528,0.096275,0.084967,0.040013,0.078253,0.1296,0.028508,0.19625,0.18538,0.16003,0.14852,0.14138,0.13573,0.13187,0.1286,0.12779,0.12662,0.12602,0.125,0.12512,0.1247,0.12439,0.12353,0.12391,0.12349,0.12307,0.12308,0.12244,0.12207,0.1217,0.12343,0.12085,0.12034,0.11993,0.1197,0.11901,0.11854,0.11815,0.11718,0.11714,0.11659,0.11612,0.11558,0.11495,0.11432,0.11372,0.11305,0.11233,0.11174,0.11087,0.1106,0.10934,0.10852,0.1076,0.10713,0.10554,0.10472,0.10371,0.10322,0.10208,0.10153,0.10125
0.16854,0.030202,0.16536,0.1935,0.18189,0.083616,0.11366,0.13012,0.14294,0.049329,0.056322,0.059382,0.063235,0.061722,0.060684,0.058557,0.055594,0.051073,0.046429,0.041846,0.037012,0.0338,0.030807,0.028393,0.026359,0.024453,0.02299,0.021841,0.020717,0.019441,0.018472,0.017617,0.013287,0.016015,0.015459,0.014924,0.014406,0.014054,0.013707,0.013337,0.012875,0.012834,0.012677,0.012438,0.012352,0.012368,0.012145,0.01207,0.012004,0.011974,0.011916,0.011944,0.011938,0.01186,0.011786,0.011753,0.011767,0.011694,0.011535,0.011509,0.011515,0.011396,0.011353,0.011298
0.033708,0.15629,0.37578,0.38566,0.40699,0.059328,0.17927,0.20052,0.1254,0.078626,0.077927,0.098639,0.11565,0.12208,0.1268,0.13003,0.13228,0.13389,0.13523,0.13618,0.1378,0.13775,0.13844,0.13896,0.14034,0.13979,0.14028,0.14048,0.1412,0.14124,0.14154,0.1418,0.14564,0.14221,0.1425,0.14272,0.14285,0.1431,0.14339,0.14359,0.14424,0.14382,0.14404,0.14421,0.1442,0.14447,0.1447,0.14483,0.14497,0.14509,0.14521,0.14527,0.1453,0.14548,0.1456,0.14566,0.1457,0.14589,0.14593,0.14594,0.14598,0.14603,0.14605,0.14606
0.033708,0.017768,0.098208,0.12808,0.032258,0.13915,0.11282,0.2024,0.12142,0.10928,0.11786,0.15122,0.1664,0.19387,0.19727,0.19772,0.19708,0.19477,0.19215,0.18896,0.18487,0.18175,0.17842,0.175,0.1719,0.16903,0.16647,0.16361,0.16158,0.15939,0.1575,0.15572,0.15789,0.15267,0.15144,0.15026,0.149,0.14831,0.14757,0.14663,0.14566,0.14524,0.14477,0.14431,0.1426,0.14357,0.14336,0.14304,0.14286,0.14286,0.14269,0.14267,0.14177,0.14311,0.14328,0.14347,0.14418,0.14439,0.14448,0.14477,0.14405,0.14552,0.14579,0.14597
0.078652,0.032078,0.099844,0.13192,0.035465,0.11624,0.065239,0.060832,0.098312,0.11436,0.15068,0.18081,0.19447,0.20574,0.21422,0.21831,0.2202,0.22124,0.22185,0.22208,0.22232,0.2225,0.2227,0.22285,0.2229,0.22324,0.2234,0.22356,0.22365,0.22395,0.22414,0.22434,0.22391,0.22484,0.22505,0.22525,0.22548,0.22565,0.22586,0.22608,0.22621,0.22657,0.22681,0.22702,0.22756,0.22759,0.22789,0.22822,0.22853,0.22889,0.22924,0.22962,0.22997,0.23043,0.23093,0.23145,0.23203,0.23258,0.23323,0.23381,0.2345,0.23504,0.23552,0.23584
0.1236,0.2411,0.30922,0.13379,0.24421,0.11194,0.057365,0.13034,0.033648,0.058199,0.093113,0.080586,0.054024,0.052584,0.046878,0.044062,0.042812,0.04183,0.040809,0.039843,0.039658,0.037568,0.03647,0.035323,0.034786,0.032892,0.031901,0.030567,0.028331,0.028172,0.026994,0.025784,0.024262,0.023737,0.022606,0.021683,0.020356,0.019802,0.019093,0.018184,0.017969,0.016726,0.016047,0.015307,0.016026,0.014424,0.01393,0.013459,0.013096,0.012759,0.012551,0.012328,0.011588,0.011707,0.011655,0.011539,0.011367,0.011401,0.011303,0.011234,0.011297,0.011257,0.01124,0.011241
0.10112,0.21991,0.16565,0.086572,0.25471,0.044707,0.06083,0.19248,0.098076,0.033454,0.072978,0.053502,0.038762,0.032235,0.024913,0.017542,0.0091827,0.00068635,0.009228,0.016544,0.02233,0.026265,0.029302,0.031817,0.034391,0.035451,0.036977,0.038507,0.03933,0.040678,0.041729,0.042744,0.042296,0.044523,0.045452,0.04634,0.047222,0.048091,0.048975,0.049768,0.050848,0.051497,0.052392,0.053261,0.054591,0.055145,0.056174,0.057196,0.058268,0.059373,0.060529,0.061713,0.063049,0.064231,0.065552,0.066944,0.068335,0.070002,0.071558,0.073169,0.074796,0.076227,0.07748,0.078357
0.078652,0.17605,0.10424,0.086675,0.11252,0.019544,0.050981,0.012484,0.213,0.070258,0.095868,0.089017,0.083609,0.0803,0.073856,0.069225,0.06585,0.06332,0.061032,0.059007,0.05698,0.055601,0.054099,0.052758,0.052151,0.05033,0.049428,0.048626,0.047414,0.046945,0.04623,0.04555,0.041215,0.044222,0.043577,0.043013,0.042442,0.041896,0.041213,0.040685,0.040869,0.039418,0.038802,0.038096,0.038092,0.036705,0.035913,0.035077,0.034099,0.033305,0.032394,0.03144,0.030492,0.029236,0.027857,0.026525,0.02471,0.023443,0.021645,0.019882,0.017594,0.015676,0.013558,0.011875
NaN,0.21072,0.30058,0.33731,0.28413,0.17617,0.14877,0.042468,0.106,0.047828,0.033405,0.044584,0.051512,0.05126,0.051522,0.051907,0.052518,0.053117,0.053847,0.054598,0.055315,0.056377,0.057368,0.058424,0.059805,0.060922,0.062229,0.063588,0.064908,0.066491,0.067912,0.069309,0.072068,0.071892,0.073061,0.074218,0.075038,0.076273,0.077221,0.078055,0.078974,0.079711,0.080434,0.081186,0.081947,0.082476,0.083125,0.083718,0.084337,0.084835,0.085427,0.08592,0.086308,0.08693,0.087438,0.087881,0.088225,0.088617,0.089095,0.08966,0.089872,0.090244,0.09062,0.090781
0.16854,0.14692,0.21975,0.19289,0.22024,0.072171,0.042363,0.06047,0.053193,0.030063,0.09821,0.12802,0.16405,0.17761,0.18653,0.19335,0.19956,0.20389,0.20818,0.21198,0.21531,0.2187,0.22166,0.22437,0.22695,0.22922,0.23142,0.23361,0.23487,0.23714,0.2388,0.24028,0.23526,0.243,0.24419,0.24529,0.2464,0.24732,0.24813,0.2489,0.24993,0.2504,0.25108,0.25164,0.25313,0.25279,0.25326,0.25367,0.25403,0.25447,0.25489,0.25519,0.25607,0.25598,0.25628,0.25658,0.25676,0.25713,0.25744,0.25764,0.25811,0.25809,0.25826,0.25838
0.1236,0.04538,0.097771,0.11075,0.13722,0.097416,0.1265,0.044692,0.10025,0.10762,0.12956,0.16332,0.18145,0.19134,0.19991,0.20454,0.20606,0.20631,0.20717,0.20828,0.20956,0.21056,0.21162,0.21259,0.21328,0.21436,0.21507,0.21583,0.2163,0.21709,0.21767,0.21816,0.21699,0.21927,0.21975,0.22023,0.22057,0.22104,0.22162,0.22192,0.22227,0.22283,0.22323,0.2236,0.22478,0.22446,0.22497,0.22542,0.22599,0.22645,0.22702,0.22752,0.22764,0.22855,0.22937,0.23003,0.23078,0.2315,0.23242,0.23309,0.23433,0.23475,0.23538,0.23582
0.033708,0.14975,0.089616,0.066142,0.16469,0.10429,0.011285,0.033421,0.077219,0.070329,0.10871,0.094422,0.078479,0.062345,0.057654,0.054748,0.050934,0.045925,0.03874,0.033762,0.030317,0.03025,0.029526,0.029089,0.028784,0.028632,0.028433,0.028476,0.027875,0.027957,0.027789,0.027668,0.028833,0.027684,0.027701,0.027787,0.027989,0.028235,0.028376,0.028805,0.02909,0.029703,0.030212,0.030701,0.030665,0.031789,0.03236,0.032886,0.033425,0.033987,0.034498,0.034948,0.034496,0.035695,0.035902,0.036147,0.036378,0.036219,0.036164,0.035867,0.035204,0.034687,0.034199,0.033829
0.1236,0.22159,0.10894,0.056732,0.13101,0.12006,0.1096,0.090676,0.13284,0.026537,0.028225,0.04565,0.050745,0.052422,0.05807,0.05813,0.054434,0.051694,0.049687,0.047417,0.039758,0.037522,0.035549,0.035019,0.035303,0.035298,0.035702,0.035722,0.035661,0.03613,0.036367,0.036624,0.036264,0.037124,0.037343,0.037591,0.037943,0.038208,0.038398,0.038766,0.03918,0.03946,0.039812,0.040308,0.040857,0.041116,0.041559,0.042029,0.042598,0.043103,0.043682,0.044315,0.045227,0.045521,0.046216,0.046942,0.047674,0.048578,0.049366,0.050727,0.052098,0.053082,0.054551,0.055907
0.1236,0.16709,0.06265,0.047085,0.26241,0.059372,0.10238,0.04763,0.14622,0.09538,0.094939,0.062014,0.044293,0.036682,0.032151,0.030055,0.027961,0.028414,0.028063,0.027264,0.01919,0.024323,0.029302,0.030872,0.031946,0.031512,0.03155,0.031208,0.030313,0.03013,0.02955,0.028808,0.028471,0.027563,0.026776,0.025964,0.02547,0.024481,0.023543,0.022671,0.022385,0.020892,0.020006,0.019067,0.018868,0.017519,0.016777,0.015986,0.015261,0.014687,0.014122,0.013786,0.014289,0.013307,0.013406,0.013812,0.013241,0.01518,0.016537,0.017,0.017519,0.018878,0.018546,0.015346
0.2809,0.096765,0.22592,0.0302,0.18553,0.076748,0.10724,0.065101,0.21349,0.05769,0.075054,0.1064,0.13744,0.14486,0.14638,0.14399,0.14255,0.14294,0.14394,0.14523,0.14667,0.14822,0.14961,0.15095,0.15255,0.1536,0.15481,0.15601,0.15782,0.15815,0.15919,0.16008,0.16279,0.16226,0.16315,0.16398,0.16494,0.16559,0.16621,0.16703,0.16815,0.16849,0.16908,0.1697,0.168,0.17093,0.1714,0.17183,0.17262,0.17296,0.17341,0.17419,0.17433,0.17488,0.17531,0.17599,0.17572,0.17693,0.17781,0.17843,0.17724,0.17988,0.18087,0.18276
0.10112,0.17293,0.24848,0.28015,0.29467,0.053688,0.011381,0.048266,0.15962,0.050014,0.069344,0.041722,0.030294,0.019422,0.019615,0.029371,0.03104,0.031055,0.031192,0.03182,0.033266,0.033797,0.035338,0.036991,0.038563,0.040207,0.041935,0.043009,0.044635,0.045425,0.046282,0.046963,0.046994,0.047856,0.048205,0.048552,0.048689,0.049123,0.049168,0.049388,0.049634,0.049668,0.049781,0.049976,0.049952,0.050275,0.05038,0.050542,0.050774,0.050939,0.051186,0.051446,0.051352,0.052093,0.052414,0.052828,0.053092,0.053638,0.054144,0.054714,0.055094,0.055566,0.055899,0.056121
0.078652,0.18411,0.341,0.30883,0.21907,0.15504,0.15839,0.073242,0.10893,0.094524,0.075874,0.081113,0.095645,0.10635,0.10818,0.10767,0.10658,0.10429,0.10204,0.099713,0.097101,0.096031,0.094278,0.092764,0.091501,0.090236,0.089163,0.088121,0.086937,0.086218,0.085514,0.084839,0.082425,0.083605,0.083212,0.082762,0.082193,0.082053,0.081798,0.081394,0.081023,0.080894,0.080709,0.0805,0.080479,0.080254,0.0801,0.079899,0.079769,0.079634,0.07953,0.079372,0.079165,0.079194,0.079099,0.079008,0.078995,0.078922,0.078818,0.078773,0.078738,0.078701,0.078672,0.078663
0.14607,0.25138,0.14808,0.15738,0.15737,0.09798,0.077679,0.10198,0.2007,0.199,0.19059,0.18767,0.18361,0.17365,0.167,0.16057,0.15664,0.15365,0.1516,0.14899,0.14501,0.13812,0.13198,0.12767,0.12469,0.1232,0.12168,0.12037,0.11935,0.1184,0.11753,0.11679,0.11589,0.11546,0.11485,0.11425,0.11362,0.11324,0.11275,0.11228,0.11172,0.11152,0.11115,0.11082,0.11067,0.11018,0.10992,0.10972,0.10949,0.10931,0.10916,0.10904,0.10859,0.10905,0.10905,0.10912,0.10938,0.10941,0.10964,0.10976,0.11033,0.1098,0.10908,0.10666
0.033708,0.26542,0.11179,0.1243,0.18425,0.14917,0.13956,0.11751,0.12805,0.071376,0.063087,0.091111,0.10197,0.10886,0.11368,0.11682,0.11854,0.1199,0.12071,0.1214,0.12067,0.12231,0.12261,0.123,0.12309,0.12354,0.12384,0.1242,0.12429,0.12448,0.12464,0.12479,0.12339,0.12503,0.12511,0.1252,0.12533,0.12528,0.12536,0.1254,0.1253,0.12533,0.12533,0.12526,0.12541,0.12522,0.12517,0.1251,0.12501,0.12494,0.12486,0.12472,0.1247,0.12453,0.12441,0.12428,0.12414,0.12407,0.12395,0.12385,0.12378,0.12369,0.12364,0.12361
