0.24324,0.046813,0.080788,0.060792,0.049336,0.15174,0.26474,0.13804,0.10243,0.072639,0.14405,0.15417,0.14052,0.13197,0.12287,0.11608,0.11123,0.12046,0.13247,0.13265,0.13506,0.14097,0.14901,0.15246,0.15392,0.1545,0.15497,0.15548,0.15598,0.15603,0.15636,0.15669,0.15779,0.15724,0.15753,0.15784,0.15805,0.15838,0.15872,0.159,0.15925,0.1595,0.15974,0.15993,0.16004,0.1604,0.1606,0.16079,0.16095,0.16111,0.16126,0.1614,0.16143,0.16159,0.16172,0.1618,0.16188,0.16195,0.16201,0.16204,0.16209,0.16212,0.16214,0.16216
0.054054,0.14607,0.098211,0.086561,0.095479,0.21498,0.10661,0.18407,0.080397,0.17451,0.13729,0.12038,0.11466,0.09233,0.094262,0.088349,0.084985,0.083252,0.082007,0.080902,0.079355,0.078742,0.077855,0.076855,0.075783,0.074879,0.074007,0.072939,0.071986,0.071132,0.070234,0.069264,0.070211,0.067518,0.066628,0.065729,0.065023,0.063957,0.062912,0.061998,0.060915,0.059964,0.058894,0.057931,0.056513,0.055481,0.054275,0.052919,0.051728,0.05021,0.048679,0.047078,0.046398,0.043697,0.041847,0.039971,0.03838,0.036165,0.033827,0.033027,0.030483,0.02936,0.028144,0.027446
0.10811,0.046435,0.043363,0.096182,0.045095,0.054889,0.12652,0.060159,0.05055,0.049422,0.1301,0.12733,0.12342,0.11063,0.10879,0.10924,0.10498,0.09677,0.093324,0.092272,0.092091,0.091863,0.091717,0.091644,0.091486,0.091127,0.090804,0.090577,0.090192,0.089438,0.088743,0.088018,0.085382,0.086385,0.085512,0.084609,0.083622,0.082613,0.081819,0.080708,0.079832,0.078579,0.077536,0.076297,0.074476,0.073823,0.07272,0.071538,0.070261,0.069088,0.06783,0.066366,0.065567,0.063763,0.06237,0.060711,0.059015,0.05705,0.054665,0.051716,0.048166,0.043306,0.037231,0.030457
0.027027,0.030802,0.25246,0.14167,0.069808,0.18268,0.27474,0.18857,0.16821,0.076554,0.061405,0.04339,0.039624,0.042569,0.045555,0.048765,0.05157,0.053529,0.055296,0.056823,0.059106,0.05935,0.060227,0.06123,0.062386,0.062721,0.063461,0.064055,0.064774,0.065139,0.065558,0.065876,0.069588,0.066409,0.066628,0.066817,0.066709,0.066847,0.067004,0.06693,0.066501,0.06631,0.066048,0.065635,0.065096,0.064372,0.063798,0.062871,0.061921,0.060738,0.059402,0.057518,0.055289,0.053696,0.051278,0.048339,0.045753,0.04157,0.037181,0.032026,0.026229,0.020684,0.014035,0.0070631
0.10811,0.068991,0.34772,0.07044,0.22799,0.12152,0.18711,0.24277,0.086723,0.20169,0.21298,0.19213,0.18344,0.18075,0.18151,0.18411,0.18915,0.19129,0.19497,0.1985,0.20135,0.20413,0.20653,0.20859,0.21036,0.2122,0.21352,0.21502,0.21659,0.21737,0.21842,0.21938,0.21772,0.22116,0.22194,0.22271,0.2236,0.22421,0.22485,0.22541,0.22611,0.22679,0.22737,0.22789,0.22781,0.22904,0.22961,0.23018,0.23065,0.23129,0.2319,0.23244,0.23367,0.23392,0.23451,0.23525,0.23597,0.23691,0.23781,0.23881,0.23986,0.24113,0.24216,0.24293
0.13514,0.062805,0.11735,0.113,0.086975,0.08657,0.016395,0.11835,0.13501,0.070355,0.022216,0.0053036,0.011108,0.022898,0.027517,0.018965,0.021772,0.014682,0.015332,0.016467,0.017376,0.019518,0.020875,0.022163,0.022157,0.024425,0.02578,0.028446,0.034023,0.044027,0.049477,0.051344,0.051315,0.052452,0.052737,0.052915,0.05317,0.053174,0.053228,0.053278,0.052938,0.053396,0.053433,0.053474,0.053947,0.053568,0.053588,0.053614,0.05365,0.05369,0.053716,0.053762,0.054037,0.053843,0.053859,0.053897,0.053986,0.053939,0.053971,0.054003,0.054062,0.054034,0.054046,0.054053
0.16216,0.25275,0.28848,0.19516,0.31094,0.15421,0.17949,0.046104,0.046054,0.26656,0.29085,0.33375,0.34163,0.34557,0.34826,0.35151,0.35489,0.35836,0.36162,0.36459,0.36797,0.36992,0.37203,0.37378,0.37455,0.37652,0.37753,0.37845,0.37956,0.37981,0.38037,0.38082,0.38046,0.38162,0.38189,0.38215,0.38263,0.38263,0.38275,0.38296,0.38186,0.38322,0.38333,0.38344,0.38265,0.38353,0.38361,0.38365,0.38369,0.38359,0.38356,0.38354,0.38477,0.38316,0.38299,0.38273,0.38433,0.38181,0.38141,0.38066,0.38009,0.37946,0.37889,0.37845
0.10811,0.23987,0.09077,0.11224,0.088945,0.046258,0.27762,0.19014,0.18485,0.17971,0.17224,0.17567,0.17254,0.16768,0.1692,0.17899,0.17645,0.17303,0.1701,0.1675,0.16479,0.16305,0.16104,0.15916,0.15705,0.15574,0.1541,0.15261,0.1511,0.14973,0.14837,0.1471,0.14655,0.14446,0.14333,0.14218,0.14102,0.13997,0.13896,0.13806,0.13707,0.13626,0.13542,0.13468,0.13395,0.13318,0.13257,0.13203,0.13155,0.13118,0.13084,0.13065,0.13039,0.13054,0.1307,0.13097,0.13139,0.13178,0.13241,0.13305,0.13383,0.13427,0.13476,0.13506
0.054054,0.24874,0.10337,0.035683,0.11393,0.11225,0.039227,0.084189,0.1271,0.08277,0.095014,0.10985,0.10835,0.1043,0.11052,0.11331,0.11425,0.11632,0.11774,0.1193,0.12092,0.12194,0.12323,0.12452,0.1258,0.12684,0.12795,0.12894,0.1302,0.13095,0.13192,0.13289,0.13571,0.13473,0.13561,0.13648,0.13726,0.13815,0.13905,0.13986,0.14073,0.14142,0.14218,0.14289,0.14335,0.14443,0.14513,0.14578,0.14647,0.14709,0.14767,0.14827,0.14852,0.14922,0.14967,0.15002,0.1505,0.15045,0.15056,0.15058,0.15034,0.15054,0.15078,0.15266
0,0.11116,0.13171,0.17677,0.060789,0.16376,0.022393,0.10965,0.059891,0.14606,0.13396,0.10765,0.1005,0.10147,0.096557,0.091974,0.087941,0.084036,0.080645,0.077577,0.075093,0.07207,0.069809,0.067597,0.065558,0.063778,0.06199,0.060262,0.058573,0.057198,0.055778,0.054464,0.052462,0.051897,0.050708,0.04952,0.048308,0.047352,0.046153,0.045055,0.044106,0.043096,0.042066,0.041124,0.040139,0.039161,0.03821,0.037314,0.036382,0.035481,0.034564,0.033707,0.032757,0.032127,0.0313,0.030589,0.02988,0.029234,0.028681,0.028241,0.02778,0.027466,0.027227,0.027075
0.32432,0.023405,0.14839,0.095358,0.11861,0.088908,0.077999,0.078057,0.052186,0.042565,0.021201,0.026432,0.027037,0.03054,0.037414,0.04414,0.049567,0.052428,0.05432,0.055114,0.055582,0.054903,0.054271,0.053407,0.052013,0.051673,0.050787,0.049991,0.049052,0.048666,0.048138,0.047666,0.047416,0.046887,0.046554,0.046241,0.045987,0.045737,0.045507,0.045283,0.044945,0.044939,0.044771,0.044644,0.044688,0.044462,0.044388,0.044381,0.044392,0.044396,0.044499,0.044603,0.044818,0.044968,0.045267,0.04561,0.046037,0.046588,0.047311,0.048191,0.049126,0.050608,0.052124,0.053442
0,0.17969,0.23583,0.15331,0.2141,0.16571,0.11762,0.041666,0.12509,0.16196,0.15423,0.15202,0.13526,0.13435,0.13418,0.14357,0.14774,0.14768,0.14676,0.14619,0.14577,0.14578,0.14579,0.14592,0.14629,0.14636,0.14658,0.14689,0.14737,0.14742,0.1477,0.14791,0.14876,0.14853,0.14872,0.14892,0.14907,0.14926,0.14944,0.14953,0.14963,0.14964,0.14964,0.14961,0.14897,0.14942,0.14936,0.14919,0.14909,0.14881,0.14858,0.1483,0.14827,0.14755,0.14717,0.14667,0.1459,0.14546,0.14479,0.14404,0.14245,0.14137,0.13933,0.13687
0.24324,0.10361,0.17701,0.24318,0.16555,0.1876,0.10523,0.1224,0.080083,0.067493,0.15422,0.1849,0.17697,0.16621,0.16364,0.16128,0.16624,0.15969,0.16102,0.16276,0.16462,0.16528,0.16604,0.16655,0.16674,0.16717,0.16723,0.16737,0.16741,0.16753,0.16755,0.16762,0.16487,0.16761,0.1676,0.1676,0.16752,0.16755,0.16753,0.16754,0.16748,0.16748,0.16744,0.16739,0.16755,0.16719,0.16709,0.16698,0.16678,0.16666,0.16646,0.16625,0.16585,0.16565,0.16531,0.16497,0.16451,0.16419,0.16378,0.16339,0.16304,0.16264,0.16238,0.16222
0.054054,0.17413,0.098063,0.094766,0.16854,0.10435,0.063258,0.15359,0.15049,0.085968,0.075464,0.069142,0.087551,0.10623,0.14611,0.16262,0.17511,0.18224,0.18866,0.19383,0.19794,0.20107,0.20401,0.20638,0.20779,0.21022,0.21173,0.21301,0.21402,0.21532,0.21622,0.21717,0.21708,0.21857,0.21891,0.2194,0.21979,0.22024,0.22054,0.22084,0.22052,0.22124,0.22137,0.22146,0.22142,0.22167,0.22157,0.22156,0.22145,0.22122,0.22113,0.22092,0.22044,0.22037,0.22003,0.21965,0.21938,0.2188,0.21821,0.21777,0.21686,0.21688,0.21653,0.21631
0.027027,0.14072,0.10662,0.082911,0.23695,0.035328,0.097188,0.10544,0.07836,0.012061,0.11222,0.1585,0.17252,0.17462,0.17372,0.17228,0.17014,0.16886,0.1672,0.16591,0.14483,0.13984,0.13631,0.13349,0.13111,0.12814,0.12558,0.12313,0.12135,0.11877,0.11684,0.11501,0.11452,0.11182,0.11027,0.10885,0.10776,0.10618,0.10505,0.10379,0.10345,0.10147,0.10035,0.09928,0.09759,0.097058,0.096057,0.094968,0.093936,0.092824,0.091802,0.090891,0.090946,0.088844,0.088074,0.087203,0.085235,0.085384,0.084591,0.083711,0.082993,0.082295,0.081657,0.081237
0.10811,0.085784,0.076004,0.1026,0.10585,0.062847,0.080839,0.10954,0.22481,0.11375,0.10331,0.10945,0.10244,0.094306,0.10305,0.12281,0.13608,0.1376,0.13659,0.1341,0.13149,0.12838,0.1257,0.12324,0.1213,0.11919,0.11748,0.11581,0.1146,0.11314,0.11194,0.11079,0.11249,0.10874,0.10776,0.10682,0.10573,0.10505,0.1042,0.10333,0.10252,0.10169,0.10088,0.10006,0.098727,0.098515,0.097709,0.096883,0.096024,0.095244,0.094398,0.093543,0.092276,0.091787,0.090817,0.089817,0.088782,0.087723,0.086543,0.085308,0.083877,0.082985,0.081986,0.081316
0.10811,0.13081,0.08453,0.22355,0.038701,0.053125,0.16913,0.14916,0.21468,0.021717,0.027722,0.018315,0.015452,0.031272,0.042592,0.050446,0.050586,0.05403,0.059032,0.064141,0.069475,0.073994,0.078485,0.08275,0.086978,0.090631,0.094391,0.097926,0.10131,0.10474,0.1079,0.11098,0.1132,0.11679,0.11954,0.1222,0.12478,0.12739,0.1298,0.13223,0.13499,0.13686,0.13912,0.14134,0.14376,0.14554,0.14757,0.14957,0.15152,0.15343,0.15533,0.15726,0.1591,0.16082,0.16254,0.16427,0.16574,0.16771,0.16947,0.17107,0.17273,0.17422,0.17559,0.17665
0.081081,0.04733,0.055939,0.092399,0.07901,0.093238,0.069289,0.053554,0.29431,0.016626,0.065529,0.07162,0.082649,0.084215,0.095709,0.08659,0.079309,0.071542,0.046598,0.0368,0.033686,0.032288,0.030596,0.029292,0.028362,0.027133,0.026097,0.025309,0.024399,0.023581,0.022843,0.022142,0.019393,0.02089,0.020364,0.019835,0.019517,0.018847,0.018633,0.01826,0.018125,0.017814,0.017664,0.017441,0.01728,0.017415,0.017384,0.017475,0.017423,0.017654,0.017833,0.018069,0.018669,0.018659,0.019146,0.019698,0.019995,0.021141,0.02205,0.022888,0.023907,0.025101,0.026064,0.026748
0.18919,0.080628,0.036618,0.095088,0.1802,0.085328,0.085907,0.068072,0.094416,0.20732,0.1853,0.18795,0.2057,0.2029,0.20184,0.19982,0.19624,0.18602,0.1714,0.16143,0.15387,0.15023,0.14665,0.14404,0.14139,0.14066,0.13966,0.13959,0.14024,0.1435,0.14778,0.15106,0.15371,0.1531,0.15291,0.15242,0.15196,0.15097,0.15027,0.14947,0.14902,0.14782,0.14703,0.14622,0.14541,0.14465,0.14388,0.14311,0.14238,0.14165,0.14095,0.14026,0.13979,0.13897,0.13838,0.13782,0.13726,0.13682,0.13639,0.13601,0.13572,0.13546,0.13528,0.13517
0.18919,0.041825,0.072312,0.10977,0.062904,0.034758,0.15205,0.087989,0.057426,0.21406,0.21994,0.22359,0.21519,0.21864,0.2194,0.21893,0.21675,0.21538,0.21399,0.21316,0.21269,0.21287,0.21338,0.21397,0.21444,0.21537,0.216,0.21654,0.21753,0.21746,0.21784,0.21811,0.21864,0.21856,0.21885,0.21899,0.21922,0.21946,0.21954,0.21973,0.22007,0.22023,0.22043,0.22064,0.22038,0.2211,0.22125,0.2215,0.2216,0.22185,0.22193,0.22217,0.22237,0.22239,0.22234,0.22233,0.22181,0.22186,0.22143,0.2208,0.21978,0.21877,0.21759,0.21661
0.18919,0.12519,0.063559,0.24345,0.13635,0.16314,0.16402,0.16175,0.034209,0.06131,0.07617,0.092078,0.083187,0.080819,0.07797,0.076249,0.074778,0.07404,0.07319,0.072365,0.071157,0.07092,0.070177,0.069441,0.068149,0.068071,0.067307,0.066568,0.066351,0.065264,0.064566,0.063875,0.064947,0.062482,0.061825,0.061175,0.060517,0.059876,0.059244,0.058566,0.057712,0.05735,0.056712,0.056123,0.055052,0.054811,0.054228,0.05366,0.053138,0.052585,0.052097,0.051631,0.050898,0.050693,0.050363,0.050069,0.049957,0.049689,0.049742,0.049978,0.05041,0.05108,0.05221,0.053494
0.18919,0.095154,0.21955,0.042103,0.054052,0.1065,0.096226,0.12158,0.1824,0.037969,0.069555,0.063912,0.052978,0.058854,0.058554,0.055695,0.052789,0.050207,0.047585,0.045285,0.042854,0.042742,0.043028,0.043957,0.045168,0.045941,0.046442,0.046901,0.046988,0.046869,0.046619,0.046344,0.045714,0.045257,0.044949,0.044559,0.044238,0.043964,0.0437,0.043434,0.043346,0.043096,0.04302,0.042998,0.043021,0.04314,0.043276,0.043525,0.043797,0.044171,0.044579,0.045118,0.045709,0.046428,0.047098,0.047844,0.048553,0.049555,0.050466,0.051329,0.052108,0.052907,0.053528,0.053924
0.24324,0.11934,0.032222,0.10571,0.12268,0.037558,0.020056,0.10087,0.21366,0.06376,0.081826,0.061015,0.060718,0.058673,0.058291,0.058995,0.059469,0.05925,0.058964,0.058567,0.057721,0.057496,0.057054,0.056519,0.056106,0.055532,0.055013,0.054513,0.05394,0.053579,0.053164,0.052713,0.051671,0.051779,0.0514,0.051002,0.050759,0.050274,0.049806,0.049399,0.049392,0.048778,0.048435,0.048159,0.047912,0.047517,0.047305,0.047031,0.046804,0.046636,0.046524,0.046377,0.046759,0.046506,0.046615,0.046884,0.047298,0.047806,0.048487,0.049514,0.050377,0.051673,0.052817,0.053701
0.13514,0.14385,0.058895,0.0748,0.15611,0.009305,0.052786,0.053737,0.15857,0.18547,0.14044,0.15718,0.1687,0.18362,0.18551,0.18308,0.17571,0.16914,0.16544,0.16367,0.16154,0.16117,0.16017,0.15927,0.15781,0.15763,0.15666,0.15614,0.15529,0.1544,0.15368,0.1529,0.14974,0.15156,0.15084,0.15009,0.14964,0.1488,0.14804,0.14731,0.14539,0.14623,0.14564,0.14485,0.14346,0.14421,0.14354,0.14309,0.14242,0.14208,0.14155,0.14124,0.1415,0.14065,0.14029,0.14012,0.14081,0.13936,0.13934,0.13883,0.13735,0.1383,0.13759,0.13682
0.054054,0.21124,0.2434,0.14276,0.1555,0.0737,0.24181,0.22151,0.1075,0.083887,0.061508,0.062813,0.079729,0.09649,0.13442,0.15239,0.1651,0.17436,0.18222,0.18861,0.19472,0.19873,0.20293,0.2065,0.21007,0.21266,0.21512,0.21697,0.21987,0.22117,0.22285,0.22459,0.23231,0.22705,0.22846,0.22984,0.2313,0.23235,0.23418,0.23526,0.23671,0.23822,0.23958,0.24102,0.24154,0.24385,0.24522,0.24679,0.24825,0.24954,0.25108,0.25263,0.25496,0.255,0.25665,0.25813,0.25997,0.26098,0.26262,0.26412,0.26505,0.26742,0.26885,0.26985
0.16216,0.12348,0.11594,0.03879,0.040565,0.087644,0.16743,0.039212,0.066699,0.092815,0.01466,0.010626,0.0058087,0.011696,0.016243,0.017226,0.015826,0.013987,0.01135,0.0086213,0.0058414,0.0038543,0.0032393,0.0047846,0.0064365,0.0091785,0.01148,0.013524,0.015434,0.017638,0.01954,0.021338,0.02528,0.024989,0.02655,0.028075,0.029363,0.030968,0.032391,0.033751,0.034673,0.036199,0.037384,0.038558,0.03973,0.040759,0.041827,0.04285,0.043942,0.0448,0.045731,0.046704,0.047171,0.048338,0.049186,0.049957,0.050745,0.051449,0.052072,0.052629,0.053062,0.053534,0.05383,0.054011
0.027027,0.12886,0.027517,0.13801,0.046849,0.12489,0.065969,0.071099,0.13594,0.12592,0.043109,0.019131,0.016623,0.023658,0.028172,0.032948,0.038663,0.043194,0.047502,0.051198,0.05444,0.056503,0.058485,0.060074,0.061223,0.062514,0.063421,0.064182,0.065097,0.06544,0.065924,0.066309,0.065053,0.067002,0.067231,0.067489,0.067672,0.067896,0.068022,0.068223,0.06835,0.068617,0.068831,0.069086,0.0691,0.069603,0.069945,0.07029,0.07068,0.071146,0.071681,0.072232,0.072886,0.073548,0.074313,0.075132,0.075909,0.076912,0.077808,0.078652,0.079452,0.080119,0.080637,0.080972
0.13514,0.059018,0.053595,0.08791,0.10341,0.087411,0.058325,0.06315,0.091085,0.16091,0.18087,0.21697,0.22089,0.21886,0.20219,0.1914,0.18389,0.17727,0.17129,0.16723,0.16435,0.16332,0.16242,0.16175,0.16087,0.16067,0.16011,0.15972,0.15921,0.1585,0.1579,0.15731,0.15337,0.15603,0.15543,0.1548,0.15412,0.15348,0.15285,0.15231,0.15148,0.15123,0.15075,0.15022,0.15,0.14936,0.149,0.1487,0.14837,0.14831,0.14819,0.14816,0.14792,0.14839,0.14872,0.14926,0.15035,0.15089,0.15205,0.15347,0.15562,0.15708,0.15938,0.16142
0.054054,0.16895,0.23016,0.2044,0.21355,0.16542,0.054568,0.054916,0.10323,0.2414,0.28155,0.30407,0.30955,0.31296,0.3151,0.31701,0.31953,0.31929,0.31986,0.32034,0.31997,0.32034,0.32034,0.32013,0.31975,0.31965,0.31931,0.3188,0.31851,0.318,0.31751,0.31687,0.31704,0.31614,0.31542,0.31485,0.31453,0.31376,0.31301,0.31246,0.31208,0.31126,0.31057,0.30994,0.30909,0.30855,0.30779,0.30697,0.30637,0.30551,0.30485,0.30405,0.30438,0.30282,0.30199,0.3013,0.30036,0.29982,0.29919,0.29875,0.29827,0.29782,0.29754,0.2974
0.21622,0.14672,0.25118,0.14466,0.16506,0.034699,0.15968,0.13388,0.10058,0.051557,0.077331,0.054826,0.058569,0.05096,0.04439,0.039536,0.035482,0.035494,0.035339,0.036038,0.035903,0.037832,0.038701,0.039588,0.040517,0.041248,0.041799,0.042517,0.043305,0.043647,0.044191,0.044756,0.043382,0.045705,0.046195,0.046629,0.047168,0.047481,0.048003,0.04833,0.048874,0.049173,0.049566,0.049876,0.049942,0.05074,0.051019,0.05138,0.051622,0.051985,0.05224,0.052538,0.05304,0.053032,0.053286,0.053464,0.053505,0.053729,0.053903,0.053861,0.053932,0.054009,0.054034,0.054037
0.081081,0.16936,0.24629,0.1518,0.1836,0.24034,0.16775,0.10106,0.042104,0.27146,0.32953,0.34137,0.35067,0.36402,0.37066,0.37676,0.38076,0.3869,0.39125,0.39527,0.39931,0.40223,0.40541,0.4083,0.41075,0.41317,0.41538,0.41726,0.41936,0.42074,0.42215,0.4234,0.42504,0.42574,0.42657,0.42736,0.42802,0.42879,0.42923,0.42978,0.43017,0.43048,0.43079,0.43114,0.43099,0.43139,0.43158,0.43168,0.4318,0.43182,0.43191,0.43194,0.43196,0.43207,0.43204,0.43208,0.43207,0.43218,0.43217,0.43232,0.4323,0.43236,0.4324,0.43243
0.081081,0.26648,0.10541,0.051706,0.011748,0.078322,0.14234,0.087177,0.042211,0.10436,0.055842,0.053396,0.047793,0.044699,0.044185,0.044205,0.043736,0.043844,0.043704,0.043639,0.043384,0.044011,0.043917,0.044052,0.044077,0.044465,0.044761,0.044985,0.045314,0.04537,0.045617,0.045807,0.045558,0.046643,0.046729,0.046956,0.047201,0.047161,0.047447,0.047654,0.047723,0.047955,0.048088,0.048174,0.048303,0.048545,0.048675,0.04879,0.048957,0.049048,0.04925,0.049398,0.049563,0.049591,0.049919,0.050205,0.050553,0.050981,0.051391,0.051891,0.052534,0.053067,0.053571,0.053942
0.18919,0.1172,0.14317,0.13792,0.10914,0.083809,0.056151,0.10176,0.045966,0.0070027,0.019822,0.042701,0.04184,0.041254,0.040548,0.039651,0.037904,0.037543,0.036593,0.03554,0.034795,0.033721,0.032837,0.032048,0.031254,0.030554,0.029844,0.029174,0.028094,0.02786,0.027282,0.02671,0.029018,0.025737,0.025306,0.024835,0.024391,0.024086,0.023687,0.023214,0.023186,0.02245,0.022052,0.021686,0.022005,0.021014,0.020618,0.020226,0.019894,0.019392,0.018928,0.018469,0.017785,0.017368,0.016658,0.015746,0.013388,0.013551,0.012089,0.010497,0.0083564,0.0065894,0.0041653,0.0019444
0.16216,0.047549,0.064561,0.10707,0.17362,0.064294,0.083512,0.045181,0.13476,0.11741,0.054839,0.049207,0.039639,0.031434,0.026007,0.022038,0.019413,0.017957,0.017303,0.017269,0.017509,0.018216,0.019008,0.019814,0.020651,0.021502,0.022346,0.023024,0.023947,0.024629,0.025346,0.026013,0.028124,0.027364,0.027961,0.028543,0.029191,0.029657,0.030114,0.030613,0.030965,0.03151,0.03191,0.032388,0.032466,0.032961,0.033284,0.033548,0.033866,0.033979,0.034138,0.034221,0.034654,0.034194,0.034054,0.033817,0.033662,0.033048,0.032329,0.031789,0.030638,0.029481,0.028311,0.027422
0.13514,0.25638,0.16851,0.11786,0.023273,0.057927,0.15641,0.113,0.037041,0.10708,0.083901,0.093225,0.11983,0.13453,0.14093,0.14669,0.15218,0.1561,0.15976,0.16285,0.16595,0.1681,0.1701,0.17194,0.17356,0.1751,0.17648,0.1777,0.1789,0.18007,0.18112,0.18212,0.18292,0.18399,0.18483,0.18563,0.18634,0.18718,0.18792,0.18866,0.18904,0.1901,0.19082,0.19157,0.19202,0.19303,0.19377,0.19452,0.19533,0.19609,0.19687,0.19789,0.1984,0.19976,0.20079,0.20194,0.20417,0.20469,0.20616,0.20797,0.20917,0.21188,0.21394,0.21561
0.24324,0.16196,0.17903,0.16795,0.1041,0.163,0.14196,0.070343,0.0049768,0.11326,0.071988,0.09903,0.094882,0.08561,0.084506,0.086903,0.087916,0.085455,0.08196,0.078621,0.075097,0.073468,0.071552,0.069567,0.067145,0.066051,0.06441,0.062638,0.060981,0.059544,0.057978,0.056435,0.051393,0.053604,0.052078,0.050557,0.049289,0.04771,0.046017,0.0446,0.04267,0.041733,0.040208,0.038789,0.037477,0.035639,0.034094,0.032523,0.030927,0.02929,0.027612,0.026004,0.024821,0.02246,0.020548,0.018752,0.017137,0.014694,0.012668,0.010833,0.0088517,0.0065431,0.0044079,0.002271
0.027027,0.22224,0.20082,0.10007,0.22525,0.12365,0.24111,0.18271,0.22386,0.13734,0.13733,0.099917,0.080288,0.068858,0.060535,0.056706,0.062344,0.056446,0.057408,0.058728,0.058392,0.060878,0.061922,0.062886,0.06415,0.064585,0.065386,0.066019,0.06689,0.067489,0.068213,0.068807,0.073236,0.070026,0.070581,0.071134,0.071574,0.072155,0.072613,0.073096,0.072738,0.073919,0.074296,0.074813,0.075986,0.07564,0.075953,0.076331,0.076777,0.076945,0.077272,0.077633,0.07666,0.078253,0.078767,0.079089,0.079947,0.079611,0.079996,0.080195,0.080551,0.08075,0.080939,0.081039
0,0.10398,0.085605,0.052802,0.045043,0.11092,0.06946,0.14782,0.16036,0.060741,0.096153,0.11967,0.1029,0.11107,0.11506,0.1189,0.12287,0.12595,0.12912,0.13201,0.13487,0.137,0.13921,0.14113,0.14293,0.14452,0.14595,0.14735,0.14812,0.14964,0.15073,0.15172,0.15332,0.15343,0.15434,0.15509,0.15579,0.15649,0.15713,0.15771,0.15813,0.15876,0.15922,0.15961,0.1603,0.16042,0.16077,0.16104,0.16133,0.16156,0.1617,0.16184,0.16206,0.16206,0.16217,0.16221,0.1623,0.16224,0.16225,0.16221,0.16223,0.1622,0.16218,0.16217
0.13514,0.050362,0.11466,0.08773,0.048251,0.044129,0.13865,0.036483,0.18546,0.078199,0.032964,0.023519,0.015526,0.015158,0.013728,0.013338,0.014659,0.015646,0.017641,0.019879,0.022495,0.023916,0.025863,0.027602,0.029533,0.030632,0.032094,0.033404,0.034351,0.035915,0.037136,0.038253,0.042433,0.04048,0.041578,0.042699,0.043634,0.044853,0.045909,0.047142,0.048551,0.049265,0.050401,0.051615,0.053294,0.054085,0.055336,0.05656,0.058029,0.059307,0.060669,0.062162,0.063475,0.065118,0.066715,0.068309,0.070034,0.071521,0.073439,0.075238,0.077086,0.078465,0.079848,0.080765
0.18919,0.14856,0.15394,0.1771,0.073903,0.15892,0.032178,0.17502,0.11975,0.14431,0.10798,0.1446,0.15883,0.16237,0.16639,0.17021,0.17144,0.17603,0.17805,0.17986,0.18104,0.18245,0.18365,0.18457,0.18496,0.18624,0.18695,0.18729,0.18786,0.18838,0.18873,0.18899,0.1931,0.18944,0.18953,0.18966,0.18988,0.1896,0.18959,0.18939,0.18885,0.18892,0.18854,0.18817,0.18759,0.18698,0.18635,0.18554,0.18482,0.18377,0.18278,0.18151,0.18023,0.17882,0.17734,0.17567,0.17399,0.17205,0.17013,0.16822,0.16632,0.16468,0.16332,0.16246
0.10811,0.10427,0.14165,0.056909,0.091911,0.099788,0.081612,0.046326,0.085057,0.17007,0.16412,0.1608,0.17122,0.17479,0.19903,0.22671,0.2407,0.24412,0.24918,0.25363,0.25729,0.2611,0.2644,0.26723,0.26948,0.27168,0.27366,0.27521,0.27692,0.27805,0.27924,0.2804,0.28359,0.28242,0.28325,0.28406,0.28473,0.28566,0.28626,0.28724,0.28715,0.28835,0.28906,0.28993,0.29031,0.29116,0.29198,0.2929,0.29386,0.29431,0.29531,0.29667,0.29602,0.29834,0.29971,0.30104,0.30459,0.30413,0.30682,0.3096,0.31322,0.3153,0.31888,0.32199
0.18919,0.12628,0.21112,0.11805,0.21234,0.20639,0.19396,0.052099,0.12667,0.071028,0.043005,0.078443,0.090763,0.097078,0.10151,0.10506,0.1088,0.11075,0.1132,0.11537,0.11775,0.11931,0.12104,0.12268,0.1234,0.12536,0.12664,0.12791,0.12898,0.12979,0.13058,0.1313,0.12902,0.13259,0.13301,0.13337,0.1335,0.13391,0.13406,0.13427,0.13375,0.1342,0.1342,0.13407,0.13395,0.13368,0.13356,0.13338,0.13309,0.13291,0.13267,0.13248,0.13149,0.13211,0.13193,0.13189,0.13228,0.13212,0.1324,0.13281,0.13332,0.1339,0.1345,0.13496
0.054054,0.080682,0.051306,0.15967,0.15703,0.13825,0.12896,0.19298,0.14476,0.081273,0.1493,0.15122,0.15244,0.1521,0.14981,0.14698,0.14484,0.14125,0.13848,0.1359,0.13294,0.13123,0.12881,0.12682,0.12524,0.12318,0.12138,0.12034,0.11849,0.11731,0.11611,0.11506,0.10715,0.11279,0.11188,0.11107,0.11026,0.10923,0.10871,0.10815,0.10798,0.10709,0.10672,0.10608,0.10703,0.10555,0.10539,0.10528,0.10477,0.10511,0.10526,0.10535,0.10525,0.10573,0.10632,0.10719,0.10737,0.10907,0.1112,0.11184,0.11623,0.11732,0.12157,0.12763
0.081081,0.025886,0.046581,0.042728,0.026757,0.062259,0.12755,0.19567,0.14169,0.059516,0.0493,0.050349,0.055476,0.061392,0.065599,0.069264,0.072241,0.074343,0.076091,0.077587,0.078367,0.079835,0.080878,0.081775,0.082557,0.083431,0.084265,0.084955,0.085599,0.086457,0.087204,0.087903,0.086715,0.089441,0.090118,0.090851,0.091721,0.092371,0.092915,0.093619,0.094014,0.095121,0.09582,0.096645,0.097678,0.098034,0.098791,0.099481,0.10024,0.10091,0.10163,0.10218,0.10334,0.1037,0.10421,0.10486,0.10569,0.10597,0.10643,0.10708,0.10748,0.1077,0.10792,0.10807
0.10811,0.22311,0.2167,0.063905,0.14043,0.017275,0.14248,0.071264,0.047309,0.080795,0.14003,0.094328,0.085074,0.051916,0.049917,0.050061,0.052249,0.053248,0.055426,0.057776,0.060463,0.062044,0.064145,0.066043,0.067317,0.06934,0.070874,0.072192,0.073495,0.074637,0.075731,0.076717,0.077293,0.078475,0.079276,0.080023,0.080671,0.081368,0.081952,0.082516,0.082942,0.083433,0.083852,0.084257,0.084439,0.084837,0.085071,0.085244,0.08538,0.085447,0.085476,0.085443,0.08534,0.085213,0.084958,0.084637,0.084057,0.083859,0.083339,0.082875,0.082261,0.081812,0.081419,0.081169
0.054054,0.063603,0.040692,0.070667,0.14384,0.11314,0.11412,0.075344,0.074686,0.14873,0.10147,0.098024,0.099554,0.093146,0.092179,0.09059,0.088682,0.086113,0.083477,0.080653,0.077439,0.075137,0.072651,0.070149,0.06709,0.065557,0.063509,0.061392,0.059947,0.057768,0.056037,0.054416,0.051173,0.051465,0.049927,0.048432,0.047105,0.045665,0.044128,0.042842,0.04111,0.04013,0.038771,0.037491,0.0353,0.034639,0.033183,0.031746,0.030229,0.028677,0.027034,0.02546,0.023786,0.022059,0.02014,0.01832,0.016233,0.014477,0.012463,0.010604,0.0078378,0.0062602,0.00415,0.0019426
0.027027,0.18545,0.11528,0.10175,0.1659,0.085213,0.063432,0.17281,0.14494,0.16275,0.22535,0.17385,0.13961,0.12271,0.10853,0.098728,0.096084,0.084954,0.079542,0.074656,0.069791,0.065794,0.061531,0.057567,0.054321,0.050556,0.047534,0.044672,0.041769,0.039473,0.037218,0.034986,0.034439,0.03142,0.02954,0.027874,0.026679,0.024578,0.023434,0.021981,0.020912,0.019784,0.018691,0.017562,0.017056,0.016064,0.015431,0.014872,0.014443,0.014115,0.013995,0.014095,0.01421,0.014501,0.01512,0.015847,0.016719,0.017826,0.019004,0.0206,0.022209,0.023568,0.025179,0.026461
0.027027,0.11644,0.15607,0.14564,0.20725,0.11325,0.082585,0.16747,0.060194,0.2293,0.24852,0.23208,0.22206,0.20854,0.20017,0.1935,0.1878,0.18361,0.17992,0.17671,0.17315,0.17158,0.16959,0.16798,0.16752,0.166,0.16542,0.16489,0.16455,0.16475,0.16485,0.16519,0.16539,0.16574,0.16626,0.16664,0.16689,0.1676,0.16781,0.16809,0.16897,0.16918,0.16948,0.16987,0.17057,0.17076,0.17107,0.17162,0.17205,0.17276,0.17335,0.17399,0.17395,0.17588,0.17662,0.17769,0.17865,0.18026,0.1816,0.18329,0.18488,0.18638,0.18781,0.18884
0.081081,0.04589,0.14323,0.040662,0.1329,0.12127,0.12671,0.13968,0.060198,0.12537,0.070794,0.053692,0.046865,0.056945,0.058401,0.064519,0.06716,0.068501,0.068911,0.06901,0.068454,0.068691,0.068246,0.067925,0.067625,0.06707,0.066571,0.066217,0.065659,0.06508,0.064583,0.064047,0.06473,0.063055,0.062562,0.062061,0.061643,0.061023,0.06068,0.060129,0.059719,0.05923,0.058806,0.058345,0.057993,0.057634,0.057288,0.05694,0.056625,0.056313,0.056022,0.055744,0.055555,0.055243,0.05506,0.054864,0.05469,0.054543,0.054429,0.054293,0.054221,0.054147,0.054095,0.054064
0.054054,0.16299,0.083786,0.041224,0.1038,0.012633,0.061649,0.084137,0.17732,0.063862,0.094326,0.10298,0.12278,0.10923,0.097128,0.08898,0.081483,0.076952,0.072291,0.068209,0.065501,0.061112,0.058413,0.055749,0.052816,0.051009,0.049065,0.047126,0.045375,0.043572,0.041986,0.040387,0.036268,0.037421,0.036151,0.034879,0.033411,0.032586,0.031198,0.030074,0.028667,0.027785,0.026696,0.025636,0.024327,0.023418,0.022376,0.021216,0.020096,0.019061,0.017938,0.016721,0.015144,0.014618,0.013264,0.012032,0.010907,0.0095792,0.0081847,0.0070185,0.0053855,0.0041656,0.0027677,0.0014025
0.054054,0.16572,0.17866,0.09078,0.30571,0.11448,0.096753,0.12878,0.24061,0.10612,0.069673,0.052537,0.045267,0.039453,0.03627,0.035489,0.038096,0.040483,0.051205,0.056077,0.058692,0.056866,0.056688,0.056558,0.056363,0.056381,0.056344,0.056311,0.057474,0.056379,0.056481,0.056579,0.059853,0.056863,0.057115,0.057358,0.056643,0.057805,0.058253,0.058524,0.058155,0.059112,0.059469,0.059739,0.057661,0.060643,0.061012,0.061316,0.061745,0.062226,0.06254,0.062819,0.059926,0.063755,0.064142,0.064436,0.065658,0.065219,0.065391,0.065457,0.066104,0.066464,0.067205,0.069416
0.10811,0.10706,0.15674,0.14809,0.23441,0.072852,0.18591,0.22974,0.11103,0.21765,0.2361,0.2705,0.28131,0.28946,0.30195,0.30831,0.29362,0.29549,0.29859,0.30089,0.30341,0.30309,0.30362,0.3039,0.30421,0.30386,0.30356,0.30345,0.30346,0.30242,0.30187,0.30138,0.29911,0.29995,0.29933,0.29864,0.29772,0.29716,0.29647,0.29565,0.29499,0.2942,0.29345,0.2926,0.29146,0.29113,0.29043,0.28975,0.28899,0.28832,0.2876,0.28688,0.28593,0.28555,0.28486,0.28419,0.28359,0.28274,0.28204,0.28075,0.2798,0.27817,0.27593,0.27287
0,0.15544,0.13721,0.068224,0.23404,0.050669,0.18999,0.18244,0.28154,0.17035,0.1186,0.10396,0.095516,0.092958,0.091398,0.091603,0.099658,0.092059,0.091868,0.091346,0.09159,0.089426,0.088427,0.087203,0.086353,0.084707,0.083229,0.08185,0.080282,0.079261,0.077899,0.076529,0.071807,0.073913,0.072586,0.071287,0.069948,0.068877,0.067506,0.066284,0.065286,0.064008,0.062844,0.061827,0.060955,0.05943,0.058489,0.057495,0.056526,0.055603,0.054732,0.053872,0.053599,0.052488,0.051783,0.051219,0.050854,0.050268,0.05019,0.050263,0.050223,0.05107,0.052138,0.053349
0.21622,0.1232,0.21891,0.02153,0.18705,0.052043,0.070134,0.13083,0.13359,0.015635,0.081892,0.12829,0.13719,0.13622,0.13651,0.13761,0.1394,0.13966,0.14027,0.14062,0.14103,0.14102,0.14096,0.14092,0.14069,0.1406,0.14037,0.14013,0.13972,0.13947,0.1391,0.1388,0.13974,0.13782,0.13738,0.1369,0.13635,0.13582,0.13537,0.13486,0.13413,0.13362,0.133,0.13241,0.13226,0.13095,0.1303,0.12969,0.12894,0.12811,0.12739,0.12676,0.12532,0.12475,0.12395,0.12298,0.12207,0.1209,0.11992,0.11886,0.11793,0.11497,0.11256,0.10937
0.13514,0.20776,0.23785,0.17446,0.2407,0.15316,0.1839,0.12066,0.16325,0.1185,0.15217,0.17488,0.18718,0.19472,0.19866,0.20003,0.19751,0.2007,0.20074,0.20055,0.20044,0.20015,0.19989,0.19965,0.19949,0.19896,0.19875,0.19855,0.19844,0.19802,0.19774,0.19752,0.19472,0.19676,0.19664,0.19634,0.19621,0.19586,0.19561,0.19524,0.19494,0.19462,0.19438,0.19411,0.1938,0.19347,0.1932,0.19294,0.19258,0.19235,0.19197,0.19173,0.19159,0.19115,0.19085,0.19056,0.19031,0.19011,0.18988,0.18967,0.18952,0.18936,0.18927,0.1892
0.081081,0.097821,0.063781,0.074451,0.1217,0.15641,0.17862,0.040883,0.15239,0.12551,0.069953,0.034162,0.0070394,0.0093142,0.010721,0.011016,0.010313,0.010354,0.0097328,0.0090321,0.0085941,0.0079046,0.0075975,0.0075958,0.0074449,0.0084234,0.009273,0.0099191,0.011099,0.012218,0.013426,0.014618,0.024479,0.017235,0.018489,0.019814,0.021059,0.022563,0.023563,0.024941,0.025783,0.027456,0.028615,0.0301,0.032072,0.032333,0.03349,0.034604,0.036216,0.036873,0.037969,0.038963,0.038762,0.040897,0.042028,0.042925,0.044585,0.044767,0.045886,0.04727,0.049342,0.049826,0.051489,0.05291
0.13514,0.0515,0.1841,0.087817,0.18101,0.15444,0.056621,0.064338,0.13444,0.044372,0.067607,0.055226,0.061027,0.067852,0.075216,0.081457,0.086211,0.088802,0.090654,0.091947,0.092666,0.093127,0.093373,0.093513,0.09335,0.093498,0.093428,0.093352,0.093384,0.093057,0.092914,0.092774,0.092113,0.092471,0.092355,0.092236,0.092138,0.092012,0.091878,0.091792,0.09159,0.091562,0.091453,0.091339,0.091062,0.091156,0.091045,0.090919,0.090804,0.090675,0.090483,0.090298,0.090093,0.089808,0.08944,0.08902,0.088408,0.087868,0.087109,0.086156,0.085071,0.083821,0.082518,0.081467
0.027027,0.14374,0.24712,0.042307,0.029182,0.12604,0.13758,0.056254,0.15464,0.029776,0.067417,0.068267,0.070856,0.069584,0.066968,0.065082,0.064143,0.070416,0.074986,0.077049,0.078821,0.077596,0.078007,0.078393,0.078453,0.079299,0.080063,0.080615,0.082161,0.082037,0.082465,0.082706,0.084041,0.082651,0.082446,0.082208,0.081821,0.081578,0.081303,0.08097,0.08048,0.080268,0.079967,0.079671,0.079213,0.079159,0.078947,0.078728,0.078592,0.078436,0.07834,0.078241,0.078193,0.078288,0.078386,0.078507,0.078784,0.079001,0.079317,0.079673,0.080052,0.080457,0.080784,0.081006
0.10811,0.27228,0.38057,0.2372,0.43313,0.18629,0.28128,0.18503,0.15675,0.32902,0.37569,0.43407,0.46798,0.48467,0.49119,0.4946,0.49857,0.4999,0.50243,0.50499,0.50726,0.50976,0.51171,0.51363,0.51551,0.51705,0.5185,0.52004,0.52139,0.52245,0.5236,0.52462,0.52545,0.52658,0.52745,0.52832,0.52938,0.52979,0.53053,0.53135,0.53199,0.53268,0.53333,0.53391,0.5339,0.5352,0.5358,0.53636,0.53693,0.53757,0.5381,0.53862,0.5396,0.53966,0.5401,0.54053,0.54103,0.54109,0.54145,0.54146,0.54074,0.54104,0.54083,0.5406
0.081081,0.35757,0.1861,0.17767,0.49495,0.078447,0.14348,0.2162,0.297,0.18096,0.15739,0.16616,0.16594,0.16342,0.15962,0.15589,0.15521,0.14857,0.1452,0.14204,0.13909,0.13604,0.13342,0.1309,0.12843,0.12618,0.12405,0.12197,0.11994,0.11819,0.11643,0.11474,0.1128,0.11152,0.11003,0.10858,0.10719,0.10593,0.10456,0.10333,0.10206,0.10085,0.099666,0.098539,0.097526,0.096259,0.095194,0.094113,0.093054,0.091999,0.090957,0.089937,0.088948,0.08801,0.087021,0.086079,0.08514,0.084327,0.083543,0.082852,0.082243,0.081751,0.081383,0.081154
0.21622,0.079895,0.15828,0.071206,0.14512,0.15233,0.079213,0.036098,0.11164,0.10522,0.20136,0.19505,0.1896,0.18697,0.18469,0.18319,0.18414,0.17932,0.17702,0.1746,0.17258,0.17001,0.16798,0.16602,0.16478,0.16258,0.16106,0.15945,0.15851,0.15699,0.15572,0.15467,0.15654,0.15264,0.15175,0.15086,0.15012,0.1493,0.1486,0.14797,0.14843,0.14692,0.14642,0.14609,0.14479,0.1449,0.14463,0.14446,0.14436,0.14403,0.14392,0.14382,0.14463,0.1437,0.144,0.14423,0.14396,0.145,0.14552,0.14615,0.14697,0.14776,0.14883,0.15004
0,0.28064,0.19073,0.10251,0.46698,0.11385,0.16177,0.18902,0.44591,0.1805,0.18376,0.1691,0.16064,0.15757,0.13815,0.12984,0.12782,0.12615,0.12539,0.12469,0.12432,0.12393,0.12369,0.12353,0.12338,0.12332,0.12342,0.12325,0.12403,0.12328,0.12335,0.12329,0.13138,0.12328,0.12343,0.12339,0.12359,0.12344,0.12342,0.12323,0.12349,0.12341,0.12337,0.12343,0.12144,0.12336,0.12327,0.12308,0.12302,0.12276,0.12255,0.12235,0.12362,0.12187,0.1217,0.12142,0.12051,0.12056,0.12024,0.11962,0.11762,0.11794,0.11608,0.11173
0.027027,0.041941,0.13134,0.15734,0.09894,0.085639,0.057375,0.06701,0.10223,0.044414,0.060579,0.075516,0.079368,0.081454,0.081681,0.081252,0.080218,0.079554,0.078347,0.077125,0.076,0.074355,0.072857,0.071416,0.069437,0.068402,0.066833,0.0655,0.063619,0.062256,0.060697,0.059241,0.053031,0.055729,0.054127,0.052521,0.050541,0.049235,0.047642,0.045901,0.043628,0.042556,0.04086,0.039006,0.037605,0.035598,0.033905,0.032152,0.030138,0.028491,0.026725,0.024855,0.021964,0.021131,0.019252,0.017381,0.015745,0.013567,0.01155,0.0096027,0.007551,0.0058056,0.0038028,0.0017892
0.054054,0.077299,0.10502,0.011011,0.092378,0.10786,0.2067,0.092235,0.083148,0.13223,0.14788,0.15159,0.14363,0.13526,0.13064,0.12663,0.12272,0.1197,0.11678,0.11425,0.11126,0.10988,0.10809,0.10653,0.10482,0.10391,0.10277,0.10178,0.10078,0.10002,0.099328,0.098708,0.099818,0.097772,0.097391,0.097066,0.096904,0.096686,0.096547,0.096464,0.096517,0.096524,0.096604,0.096751,0.097012,0.097352,0.09764,0.098038,0.098557,0.098994,0.099528,0.10012,0.10069,0.10155,0.10227,0.10303,0.10361,0.10459,0.10534,0.10607,0.10672,0.10731,0.10775,0.10802
0.13514,0.30384,0.27147,0.25198,0.42764,0.30012,0.25976,0.29557,0.14788,0.18701,0.24532,0.27572,0.28559,0.28745,0.28991,0.29111,0.28906,0.29064,0.28984,0.28896,0.28867,0.28701,0.28608,0.28533,0.28446,0.28387,0.28326,0.28275,0.28223,0.28154,0.28101,0.28045,0.28064,0.27963,0.27915,0.2787,0.27812,0.27772,0.27742,0.277,0.27643,0.27611,0.27571,0.27523,0.27455,0.27455,0.27416,0.27379,0.27345,0.27309,0.27277,0.27246,0.27195,0.27181,0.2716,0.27135,0.27116,0.27096,0.27078,0.27059,0.27046,0.2704,0.27033,0.27029
0.054054,0.29113,0.1966,0.098776,0.5417,0.010319,0.14962,0.12764,0.38155,0.10236,0.11588,0.11722,0.11997,0.12589,0.13469,0.14135,0.14898,0.15041,0.15404,0.15694,0.16045,0.16202,0.16472,0.17263,0.18638,0.19496,0.1975,0.19966,0.20121,0.20311,0.20475,0.2063,0.20329,0.20943,0.21111,0.21262,0.21387,0.21573,0.21723,0.21881,0.21918,0.22155,0.22304,0.22434,0.22607,0.22685,0.22813,0.2293,0.23031,0.23138,0.23226,0.23333,0.23359,0.23497,0.23587,0.23673,0.23755,0.2386,0.23954,0.24031,0.2413,0.24204,0.24269,0.24309
0.027027,0.042829,0.057818,0.10301,0.40793,0.25814,0.15449,0.12362,0.17493,0.093529,0.1531,0.17327,0.19558,0.21731,0.22718,0.23025,0.23024,0.23021,0.22952,0.22877,0.22794,0.22769,0.22727,0.22694,0.22692,0.2266,0.22656,0.22659,0.22629,0.2264,0.22643,0.22637,0.22646,0.22665,0.22665,0.22667,0.22683,0.2266,0.2266,0.22653,0.22672,0.22643,0.22629,0.22601,0.2264,0.22572,0.22543,0.22506,0.22468,0.22424,0.22376,0.2232,0.22302,0.22199,0.2214,0.22072,0.21988,0.21931,0.21865,0.21789,0.2175,0.2169,0.21653,0.2163
0.10811,0.27639,0.2646,0.10778,0.34723,0.062844,0.10546,0.15292,0.0554,0.20356,0.29007,0.28621,0.29261,0.29403,0.2928,0.28948,0.28555,0.27678,0.26899,0.26388,0.26093,0.25776,0.2559,0.25446,0.25338,0.25235,0.25147,0.25086,0.25037,0.24966,0.24918,0.24886,0.24867,0.24833,0.2481,0.24794,0.24764,0.24756,0.24752,0.24741,0.2474,0.24739,0.24738,0.24728,0.2471,0.24735,0.24737,0.24744,0.24748,0.24748,0.24748,0.24744,0.24713,0.2472,0.24712,0.24695,0.24674,0.24636,0.24597,0.24523,0.24466,0.24425,0.24377,0.24342
0.054054,0.34451,0.24436,0.13914,0.44502,0.16265,0.14017,0.094026,0.15579,0.24794,0.35984,0.36102,0.39114,0.39685,0.39924,0.40054,0.40275,0.40316,0.40452,0.40562,0.40695,0.40772,0.40832,0.40868,0.40927,0.40925,0.40914,0.40894,0.40888,0.40852,0.40815,0.40776,0.4081,0.40685,0.40636,0.40578,0.40501,0.40462,0.40394,0.40316,0.40293,0.40184,0.40103,0.40036,0.39967,0.39883,0.39786,0.39697,0.39627,0.39523,0.39422,0.39327,0.39128,0.39137,0.3904,0.38921,0.38773,0.38699,0.38541,0.384,0.38345,0.38122,0.37974,0.37877
0.027027,0.24723,0.12803,0.066054,0.22406,0.050184,0.057253,0.14428,0.22032,0.1207,0.073754,0.065853,0.059807,0.060658,0.060008,0.058396,0.055118,0.048257,0.042595,0.039523,0.039475,0.038428,0.038666,0.039104,0.039173,0.040448,0.041208,0.041974,0.042485,0.043791,0.044766,0.045834,0.045305,0.048089,0.04931,0.050487,0.051314,0.052899,0.05418,0.055306,0.056116,0.05764,0.058661,0.05961,0.061218,0.061426,0.062252,0.063126,0.063967,0.064665,0.065368,0.066264,0.065543,0.06742,0.068183,0.068882,0.069702,0.070241,0.070975,0.072189,0.07375,0.074273,0.076314,0.079042
0.32432,0.17576,0.095701,0.13502,0.42513,0.37617,0.27399,0.18168,0.22212,0.18763,0.29285,0.33088,0.34577,0.33723,0.33006,0.32408,0.32281,0.32062,0.32092,0.32127,0.32185,0.32146,0.32153,0.32154,0.32158,0.3215,0.32155,0.32159,0.32135,0.32155,0.32157,0.32161,0.32081,0.32164,0.32172,0.32179,0.3218,0.32197,0.32204,0.32212,0.32232,0.32235,0.32247,0.32258,0.32278,0.32283,0.32294,0.32306,0.32317,0.3233,0.32341,0.32352,0.32359,0.32374,0.32383,0.32392,0.32399,0.32407,0.32413,0.32419,0.32424,0.32428,0.3243,0.32432
0.24324,0.32308,0.21671,0.10987,0.56105,0.27421,0.29815,0.26512,0.53291,0.17367,0.27366,0.27136,0.27277,0.27464,0.2831,0.28914,0.28688,0.29406,0.29469,0.29485,0.29516,0.29491,0.29466,0.29458,0.29466,0.29436,0.29427,0.29434,0.29426,0.29423,0.29424,0.29424,0.29411,0.29435,0.29441,0.2945,0.29457,0.29464,0.29482,0.29492,0.29512,0.29516,0.29529,0.29539,0.29554,0.29567,0.29583,0.29595,0.29608,0.29621,0.29634,0.29645,0.29656,0.29666,0.29678,0.29687,0.29695,0.29704,0.29711,0.29715,0.29721,0.29725,0.29727,0.29729
0.10811,0.28679,0.24948,0.11969,0.51844,0.091631,0.12065,0.047929,0.14025,0.15811,0.21665,0.20392,0.21386,0.21914,0.23489,0.24761,0.25101,0.25243,0.25408,0.25552,0.25798,0.25827,0.25945,0.26056,0.26134,0.26252,0.26356,0.2644,0.26542,0.26605,0.26688,0.26762,0.26999,0.26913,0.26988,0.27057,0.27096,0.27195,0.27253,0.27295,0.27279,0.2739,0.27429,0.27464,0.27544,0.27551,0.27566,0.27578,0.27601,0.27609,0.27609,0.27616,0.27572,0.27611,0.27582,0.27555,0.27562,0.27475,0.27417,0.2738,0.27376,0.27242,0.27151,0.27067
0.027027,0.35606,0.22898,0.21791,0.47733,0.13725,0.24341,0.10371,0.19099,0.15852,0.21329,0.2486,0.27097,0.28229,0.2906,0.29733,0.30533,0.31707,0.32711,0.33205,0.3355,0.33678,0.33807,0.33912,0.33913,0.34062,0.34117,0.34147,0.34166,0.34195,0.34205,0.3421,0.3427,0.34188,0.34171,0.34149,0.34121,0.34084,0.34055,0.34006,0.33922,0.33911,0.33855,0.33794,0.33717,0.33673,0.33601,0.33528,0.33451,0.33375,0.33296,0.33215,0.33119,0.33045,0.32966,0.32884,0.32808,0.32729,0.32659,0.32592,0.32533,0.32494,0.3246,0.32439
0.27027,0.37183,0.25769,0.20811,0.53723,0.32139,0.19777,0.16983,0.28202,0.24754,0.31507,0.32255,0.33872,0.35857,0.37767,0.38349,0.3863,0.38586,0.38591,0.38574,0.38486,0.38467,0.38431,0.38379,0.38326,0.38267,0.38226,0.38167,0.38112,0.3809,0.38051,0.38012,0.37971,0.37942,0.37915,0.37889,0.3787,0.37856,0.37828,0.37814,0.378,0.37786,0.37778,0.37776,0.37792,0.37763,0.37761,0.37759,0.37762,0.37765,0.37768,0.37772,0.3777,0.37791,0.37793,0.378,0.37806,0.37814,0.37818,0.37826,0.37828,0.37833,0.37835,0.37837
0.21622,0.43717,0.45602,0.30599,0.50047,0.34985,0.40277,0.2705,0.30476,0.24359,0.37861,0.41219,0.42216,0.43458,0.44371,0.45396,0.46428,0.4687,0.47193,0.47392,0.47523,0.47611,0.4768,0.47727,0.47719,0.47779,0.47792,0.47812,0.47816,0.47797,0.47791,0.47781,0.47504,0.47739,0.47726,0.47706,0.47677,0.47664,0.47636,0.47596,0.47466,0.47544,0.47513,0.47458,0.47311,0.47421,0.4737,0.47327,0.47268,0.47238,0.47184,0.47103,0.46971,0.47017,0.46945,0.46872,0.47086,0.46679,0.46592,0.46377,0.46142,0.46188,0.46061,0.45968
0.027027,0.18449,0.093025,0.014513,0.26405,0.19522,0.12859,0.10608,0.27406,0.084648,0.11186,0.14329,0.15381,0.16022,0.16546,0.17029,0.16861,0.17936,0.1835,0.18728,0.19152,0.19422,0.19688,0.19924,0.20109,0.20266,0.20374,0.20474,0.20419,0.20548,0.20551,0.20557,0.19702,0.20466,0.20433,0.20382,0.2027,0.20237,0.20176,0.20077,0.19865,0.19915,0.19836,0.19723,0.19716,0.19523,0.1945,0.19369,0.19251,0.19185,0.1909,0.19032,0.18827,0.18822,0.1879,0.18746,0.18801,0.18688,0.18672,0.18665,0.18687,0.18777,0.18836,0.18907
0.13514,0.29702,0.1153,0.082803,0.34155,0.23159,0.18432,0.17903,0.23325,0.026517,0.021864,0.058183,0.075742,0.082454,0.088134,0.092103,0.093912,0.097444,0.099442,0.10108,0.10205,0.10365,0.10471,0.10564,0.10633,0.10717,0.10791,0.10847,0.10895,0.10938,0.1098,0.11012,0.11155,0.11069,0.11095,0.11114,0.11131,0.11141,0.11154,0.11158,0.1116,0.1116,0.1116,0.11151,0.11147,0.11143,0.11131,0.11114,0.11097,0.1108,0.1106,0.11037,0.11018,0.10991,0.10969,0.10945,0.10919,0.10901,0.10878,0.10857,0.10842,0.10829,0.10819,0.10813
0.21622,0.3766,0.13509,0.16241,0.37542,0.2775,0.31367,0.16137,0.047383,0.17707,0.14669,0.15774,0.16577,0.17208,0.17845,0.18302,0.1863,0.18887,0.19096,0.19273,0.19455,0.19557,0.19678,0.19788,0.19889,0.19981,0.20066,0.20147,0.20222,0.20298,0.20367,0.20434,0.20511,0.20561,0.2062,0.20675,0.20724,0.20782,0.20835,0.20884,0.20926,0.20977,0.21024,0.21069,0.21121,0.21158,0.21196,0.21237,0.21275,0.21313,0.21347,0.21383,0.21409,0.21443,0.21472,0.21499,0.21525,0.21547,0.21566,0.21583,0.21597,0.21608,0.21615,0.2162
0.081081,0.14801,0.17986,0.13079,0.19456,0.12216,0.10116,0.074358,0.15828,0.17753,0.20617,0.21121,0.21033,0.20258,0.19943,0.21533,0.18967,0.20228,0.19793,0.19456,0.1919,0.19029,0.18886,0.18758,0.18747,0.18592,0.18529,0.18465,0.1849,0.18425,0.18409,0.184,0.18653,0.18422,0.18434,0.18455,0.18476,0.1852,0.1854,0.18585,0.18706,0.18673,0.18718,0.18775,0.18781,0.18861,0.1892,0.18969,0.19028,0.19069,0.19116,0.19153,0.19126,0.19217,0.19233,0.1924,0.19206,0.1922,0.1919,0.19144,0.19091,0.1903,0.18974,0.18933
0.027027,0.17484,0.072199,0.044537,0.25728,0.098269,0.13372,0.085406,0.12395,0.031706,0.11275,0.10572,0.094446,0.081154,0.064413,0.055261,0.049237,0.043232,0.038545,0.034926,0.032471,0.030517,0.029615,0.029272,0.029395,0.029575,0.030016,0.030206,0.029835,0.030924,0.031345,0.031536,0.03808,0.032234,0.032771,0.032922,0.032886,0.033238,0.033384,0.033249,0.033502,0.033024,0.032733,0.032476,0.033141,0.031775,0.031434,0.030995,0.030756,0.030207,0.029602,0.029139,0.028937,0.028272,0.027763,0.027329,0.026647,0.026528,0.026389,0.02639,0.026499,0.026494,0.026739,0.026954
0.081081,0.36281,0.077998,0.13621,0.48129,0.17327,0.11354,0.034215,0.27949,0.051132,0.117,0.14167,0.16802,0.1976,0.19833,0.19643,0.19517,0.19223,0.19076,0.18957,0.18892,0.18833,0.18798,0.18779,0.18843,0.1877,0.18768,0.18789,0.18783,0.18816,0.18836,0.18859,0.18866,0.18909,0.18937,0.18962,0.18992,0.19022,0.1905,0.19084,0.19151,0.19152,0.19185,0.19219,0.19307,0.19286,0.19328,0.19365,0.19404,0.19436,0.1947,0.19512,0.1957,0.19573,0.19603,0.19627,0.19665,0.19638,0.19639,0.19611,0.19544,0.19421,0.19243,0.19034
0.32432,0.74046,0.65453,0.52101,0.73775,0.29908,0.40852,0.27171,0.25122,0.22893,0.34519,0.42037,0.44425,0.46213,0.47582,0.48977,0.50462,0.51928,0.53729,0.56046,0.57341,0.57863,0.58581,0.59327,0.60124,0.61134,0.62753,0.63427,0.63643,0.63804,0.63882,0.63927,0.63907,0.63924,0.63899,0.63857,0.63776,0.63747,0.63677,0.636,0.63557,0.63425,0.63333,0.63232,0.63194,0.63019,0.62915,0.62802,0.62679,0.62561,0.62437,0.62318,0.62068,0.62059,0.61929,0.61804,0.61663,0.61561,0.6145,0.61353,0.61326,0.61289,0.61358,0.61645
0.13514,0.352,0.39676,0.14449,0.53176,0.055969,0.13671,0.090565,0.42741,0.22362,0.20967,0.23159,0.25154,0.25798,0.2619,0.2651,0.26894,0.26962,0.27125,0.27309,0.27449,0.27515,0.27586,0.27669,0.2766,0.27781,0.27831,0.27918,0.27943,0.27994,0.2804,0.28082,0.27683,0.28172,0.28204,0.28252,0.28229,0.2831,0.2836,0.28411,0.28025,0.28482,0.28526,0.28538,0.28738,0.28592,0.28612,0.28619,0.28582,0.28608,0.28609,0.28523,0.2814,0.28499,0.28433,0.28368,0.29234,0.28184,0.28082,0.27764,0.27911,0.2725,0.26876,0.26424
0.16216,0.41537,0.16855,0.17173,0.56452,0.10524,0.077548,0.14927,0.43284,0.11708,0.12237,0.12278,0.12161,0.12299,0.12426,0.12574,0.12614,0.12863,0.13003,0.1313,0.13269,0.13385,0.13505,0.13614,0.13783,0.13825,0.13917,0.13995,0.14067,0.14153,0.14231,0.143,0.14787,0.14433,0.145,0.1456,0.14615,0.14683,0.14741,0.14802,0.14939,0.14909,0.14964,0.15023,0.15098,0.15136,0.15205,0.15258,0.1533,0.15388,0.15451,0.15505,0.156,0.15662,0.1573,0.15794,0.15834,0.15941,0.15999,0.1606,0.16114,0.16155,0.16187,0.16209
0,0.16718,0.17726,0.1211,0.30355,0.089907,0.13042,0.17583,0.11954,0.10517,0.091801,0.084163,0.069267,0.06804,0.068172,0.067645,0.075445,0.066938,0.04632,0.04244,0.041635,0.042198,0.042333,0.042556,0.04187,0.043103,0.043293,0.043605,0.042782,0.044341,0.044602,0.044787,0.045299,0.045427,0.045497,0.045709,0.046191,0.046049,0.046034,0.04641,0.045705,0.04657,0.046714,0.046933,0.05069,0.04676,0.047103,0.047187,0.047416,0.047465,0.047751,0.047873,0.05122,0.04845,0.048723,0.049078,0.049312,0.050096,0.050755,0.051469,0.0538,0.052792,0.05342,0.05393
0.24324,0.227,0.21566,0.099236,0.30414,0.13016,0.20228,0.050889,0.010088,0.12068,0.083164,0.065127,0.069888,0.077817,0.08489,0.089434,0.087113,0.092029,0.090638,0.085763,0.080773,0.077029,0.075538,0.075062,0.07534,0.07443,0.073968,0.073544,0.073103,0.07263,0.072137,0.071708,0.073547,0.070597,0.070157,0.069696,0.069168,0.068803,0.068319,0.067981,0.067574,0.067285,0.066926,0.066627,0.065992,0.065889,0.065569,0.065329,0.064963,0.064736,0.064492,0.064233,0.063658,0.063519,0.063143,0.062763,0.062472,0.06171,0.060986,0.060174,0.058912,0.057508,0.055995,0.054665
0.16216,0.25811,0.2503,0.17566,0.28732,0.097463,0.14841,0.10636,0.053426,0.12513,0.15263,0.184,0.18282,0.20218,0.21247,0.20957,0.19624,0.19769,0.19933,0.20076,0.20236,0.20302,0.2038,0.2044,0.20501,0.20515,0.20525,0.20535,0.20494,0.20514,0.20498,0.20478,0.20434,0.20408,0.20371,0.2033,0.20279,0.20237,0.20187,0.20136,0.20095,0.20021,0.1996,0.19898,0.19867,0.19778,0.19712,0.19648,0.19582,0.19518,0.19454,0.19389,0.19321,0.19279,0.19222,0.19169,0.19116,0.19077,0.19035,0.19002,0.18971,0.18949,0.18933,0.18923
0.027027,0.2547,0.13836,0.10584,0.19467,0.046518,0.075152,0.076808,0.12537,0.11668,0.17034,0.10591,0.080852,0.078869,0.08721,0.089073,0.086538,0.084638,0.082069,0.079667,0.076688,0.075789,0.074172,0.072704,0.071796,0.070257,0.069206,0.068033,0.067418,0.066665,0.066047,0.065478,0.088793,0.06476,0.064653,0.064451,0.064582,0.064787,0.064674,0.065363,0.065284,0.065759,0.066116,0.067521,0.070271,0.068445,0.069529,0.070157,0.0726,0.072286,0.072889,0.074391,0.071239,0.075446,0.077238,0.077748,0.077334,0.078756,0.079806,0.079778,0.080365,0.080747,0.080914,0.081044
0.027027,0.13267,0.32781,0.17393,0.2781,0.1461,0.24244,0.12826,0.21234,0.15396,0.15004,0.16226,0.16555,0.14861,0.15072,0.15499,0.1541,0.15231,0.15106,0.14998,0.1486,0.1486,0.14815,0.14775,0.14734,0.14732,0.14724,0.14706,0.14683,0.14709,0.14715,0.14726,0.14786,0.14748,0.14774,0.14797,0.14849,0.14866,0.14893,0.1492,0.14957,0.15013,0.15057,0.15111,0.15206,0.15217,0.15271,0.15328,0.15391,0.15454,0.15517,0.15585,0.15715,0.15729,0.15789,0.15855,0.1593,0.15978,0.16032,0.16091,0.16142,0.16167,0.16193,0.1621
NaN,0.41359,0.24682,0.082996,0.60177,0.20658,0.072125,0.15969,0.46739,0.10937,0.13728,0.12973,0.13106,0.12728,0.12667,0.12671,0.12768,0.12739,0.12785,0.12869,0.12931,0.12992,0.13072,0.13157,0.13203,0.1332,0.13411,0.1351,0.13573,0.13703,0.13809,0.13898,0.13708,0.14168,0.14259,0.14393,0.14486,0.14655,0.14783,0.14935,0.14787,0.15216,0.15367,0.15511,0.15874,0.15832,0.15984,0.16149,0.1627,0.16433,0.16594,0.16715,0.16633,0.17022,0.17144,0.17279,0.17672,0.17568,0.17718,0.17869,0.18101,0.18245,0.18489,0.18766
0.16216,0.30081,0.10787,0.1786,0.27909,0.26145,0.2746,0.23256,0.31482,0.087394,0.062929,0.053931,0.041332,0.036042,0.032026,0.027301,0.022203,0.020626,0.01876,0.017599,0.018064,0.016865,0.016776,0.01697,0.016576,0.017656,0.018156,0.018844,0.019557,0.019859,0.020489,0.021139,0.020628,0.02232,0.02305,0.023724,0.024341,0.025126,0.025835,0.026499,0.026909,0.028039,0.028832,0.029572,0.030043,0.031279,0.032189,0.033088,0.033986,0.035043,0.036066,0.037126,0.038307,0.039573,0.040798,0.042159,0.043964,0.045024,0.046673,0.048202,0.049555,0.051398,0.052747,0.053676
0.054054,0.20206,0.2568,0.10876,0.17588,0.15996,0.26116,0.23414,0.10596,0.085513,0.13567,0.16368,0.17616,0.1843,0.1876,0.18922,0.19038,0.1879,0.1858,0.18335,0.18115,0.17812,0.17536,0.1726,0.17003,0.16744,0.16473,0.16227,0.15959,0.15749,0.1552,0.15302,0.14935,0.14878,0.14664,0.1446,0.14245,0.14062,0.13868,0.13688,0.1353,0.13326,0.13145,0.12964,0.12829,0.126,0.12427,0.12256,0.12076,0.11915,0.11747,0.11586,0.11456,0.11267,0.11135,0.11004,0.1086,0.10796,0.10698,0.10599,0.10584,0.10593,0.10659,0.10746
0.10811,0.11391,0.28781,0.18175,0.22059,0.11626,0.14324,0.10601,0.22918,0.081025,0.12415,0.14174,0.16677,0.1693,0.16956,0.16952,0.16804,0.16606,0.16328,0.16074,0.15911,0.15635,0.15469,0.1536,0.1529,0.15293,0.15328,0.15427,0.15604,0.15671,0.15786,0.15873,0.15418,0.15956,0.15979,0.15981,0.16003,0.15939,0.15912,0.15876,0.15818,0.15788,0.15737,0.15687,0.15707,0.15566,0.15515,0.15462,0.15401,0.15354,0.15309,0.15248,0.15269,0.15166,0.15127,0.15088,0.15088,0.15026,0.14994,0.15004,0.1501,0.15015,0.1508,0.15181
0.18919,0.086865,0.16571,0.23281,0.073039,0.15819,0.068335,0.13203,0.072549,0.14972,0.15952,0.17052,0.17636,0.18014,0.18306,0.1828,0.18234,0.18029,0.17893,0.17757,0.17629,0.17514,0.17419,0.17326,0.17264,0.17166,0.17093,0.17036,0.16953,0.16904,0.16852,0.16802,0.16273,0.16711,0.1667,0.16629,0.16589,0.16569,0.16522,0.16495,0.16497,0.16446,0.16421,0.16401,0.16392,0.16363,0.16347,0.16329,0.16309,0.16301,0.1629,0.16277,0.16276,0.16273,0.16253,0.16249,0.16236,0.16232,0.16227,0.16233,0.16226,0.16221,0.16218,0.16217
0.081081,0.17411,0.11466,0.10631,0.067562,0.010843,0.11812,0.045465,0.22902,0.11432,0.058995,0.037808,0.024684,0.027453,0.042094,0.056951,0.062301,0.066059,0.067801,0.068794,0.06994,0.070092,0.070395,0.07062,0.071044,0.071044,0.071392,0.07178,0.072112,0.073302,0.074247,0.075253,0.07724,0.077125,0.077707,0.078047,0.078088,0.077984,0.077698,0.077197,0.076611,0.0759,0.075061,0.074129,0.073083,0.07183,0.070792,0.069606,0.068376,0.067135,0.065945,0.064662,0.063346,0.062092,0.060898,0.059764,0.058754,0.0577,0.056787,0.055992,0.055285,0.054765,0.054365,0.054134
0.054054,0.06323,0.088245,0.075322,0.13537,0.13786,0.26261,0.29177,0.34383,0.067695,0.055886,0.052601,0.050671,0.048968,0.049395,0.05729,0.068466,0.075973,0.079989,0.081979,0.083898,0.083478,0.083632,0.083625,0.084301,0.083601,0.083578,0.083463,0.083008,0.083502,0.083565,0.083646,0.085949,0.083782,0.083978,0.084093,0.084131,0.084366,0.084594,0.084647,0.084721,0.084907,0.085049,0.085203,0.085817,0.085496,0.085673,0.085761,0.085976,0.086039,0.086127,0.086193,0.085982,0.086472,0.086586,0.086586,0.087517,0.08655,0.08612,0.085683,0.085142,0.084016,0.082751,0.081632
0.16216,0.10729,0.07783,0.14096,0.20917,0.046046,0.17345,0.26626,0.17293,0.08241,0.16083,0.16705,0.17383,0.17445,0.16662,0.16383,0.1621,0.16469,0.16703,0.16962,0.17235,0.17406,0.17577,0.17713,0.17832,0.17912,0.17978,0.18029,0.18088,0.18102,0.18126,0.18138,0.18285,0.18189,0.18192,0.18199,0.18212,0.18219,0.18226,0.18235,0.18229,0.18271,0.18284,0.18302,0.18335,0.18345,0.18377,0.18406,0.18445,0.18472,0.18509,0.18547,0.18622,0.18628,0.1867,0.18711,0.18757,0.18775,0.18812,0.18841,0.18877,0.18891,0.18906,0.18916
0.13514,0.10164,0.1194,0.06388,0.10327,0.13362,0.16517,0.067244,0.16574,0.12677,0.15085,0.15504,0.15336,0.13473,0.12482,0.1178,0.11266,0.10841,0.1051,0.10233,0.099536,0.097688,0.095645,0.093753,0.092127,0.090228,0.088584,0.086923,0.085385,0.083971,0.082509,0.081053,0.082106,0.078381,0.077016,0.07574,0.0745,0.073263,0.072172,0.070981,0.06994,0.068738,0.067651,0.066604,0.065611,0.064548,0.063614,0.062671,0.061841,0.060935,0.060134,0.059346,0.058494,0.057934,0.057333,0.05673,0.056167,0.055694,0.055269,0.054883,0.054574,0.054364,0.054194,0.054094
0.16216,0.1383,0.15722,0.085448,0.067112,0.11175,0.16279,0.055815,0.1425,0.064884,0.053691,0.036844,0.042227,0.035806,0.037014,0.039141,0.0418,0.042289,0.043331,0.044192,0.044683,0.045354,0.045902,0.046363,0.046734,0.047124,0.047506,0.047914,0.048256,0.04868,0.04908,0.049459,0.047814,0.05005,0.050484,0.05085,0.051237,0.051594,0.051869,0.052221,0.052913,0.052824,0.053133,0.053443,0.053855,0.053998,0.054261,0.054476,0.054659,0.054924,0.055057,0.055225,0.055084,0.05547,0.055438,0.055436,0.055047,0.055194,0.055059,0.0549,0.054557,0.054421,0.054235,0.054104
0.081081,0.26157,0.42468,0.15011,0.36232,0.25739,0.22276,0.04374,0.10285,0.23818,0.31512,0.34331,0.35941,0.37154,0.38046,0.38959,0.39945,0.40645,0.41052,0.41301,0.41513,0.41638,0.4178,0.419,0.42008,0.42126,0.42226,0.42311,0.42411,0.42491,0.42567,0.42638,0.4242,0.42803,0.42866,0.42924,0.42985,0.43048,0.43089,0.4314,0.43184,0.43244,0.43282,0.4332,0.43313,0.4337,0.43389,0.43409,0.43422,0.43434,0.43436,0.43442,0.43476,0.43434,0.43414,0.43399,0.43386,0.4335,0.43329,0.43311,0.43282,0.43268,0.43255,0.43247
0.10811,0.24654,0.070902,0.098554,0.18838,0.13154,0.034679,0.063702,0.15897,0.055094,0.068968,0.059357,0.067805,0.073914,0.080272,0.085886,0.090609,0.094551,0.09792,0.10084,0.10341,0.10564,0.10766,0.10947,0.11107,0.1125,0.11386,0.11507,0.11618,0.11728,0.11824,0.1191,0.11976,0.12073,0.12139,0.12204,0.12263,0.12319,0.12368,0.12416,0.12487,0.12483,0.12514,0.12539,0.12567,0.1257,0.12586,0.12588,0.12586,0.12581,0.12569,0.12557,0.125,0.12493,0.12452,0.124,0.12216,0.12282,0.12207,0.12109,0.11995,0.11876,0.11665,0.11313
0.18919,0.038076,0.18691,0.075735,0.038839,0.053107,0.056642,0.13385,0.047101,0.055843,0.083154,0.079833,0.073013,0.069342,0.061294,0.053805,0.045938,0.042806,0.038825,0.035502,0.03276,0.030161,0.02782,0.02557,0.025079,0.021156,0.019284,0.01819,0.018037,0.018671,0.01951,0.020119,0.020931,0.021139,0.021388,0.021593,0.021634,0.021894,0.022041,0.022149,0.023605,0.022499,0.022684,0.022925,0.023111,0.023266,0.023621,0.023844,0.024123,0.024386,0.02468,0.02492,0.025255,0.025481,0.025718,0.025955,0.025906,0.02634,0.026522,0.026691,0.026808,0.026901,0.026972,0.02702
0.054054,0.27309,0.24514,0.12236,0.25344,0.13423,0.18383,0.074667,0.046856,0.1805,0.19886,0.21379,0.23118,0.23458,0.23999,0.24282,0.24306,0.23956,0.23842,0.23955,0.24152,0.24346,0.24481,0.24537,0.24566,0.24555,0.24557,0.24538,0.24559,0.24537,0.24529,0.24528,0.24549,0.24533,0.24532,0.24537,0.24556,0.24568,0.24582,0.24592,0.24597,0.24643,0.24673,0.24713,0.2474,0.24763,0.24805,0.24857,0.24903,0.24946,0.25007,0.25071,0.25128,0.25207,0.25274,0.25352,0.25455,0.25543,0.25634,0.25778,0.25844,0.26053,0.26291,0.26596
0.13514,0.19849,0.12743,0.10034,0.33954,0.18293,0.19734,0.15748,0.031808,0.080062,0.10835,0.057916,0.054926,0.06055,0.086526,0.10057,0.10294,0.12564,0.13173,0.13617,0.14026,0.1433,0.14643,0.14919,0.15172,0.15439,0.15673,0.15901,0.16147,0.16325,0.16522,0.1672,0.16549,0.17083,0.17277,0.17458,0.17605,0.17802,0.17986,0.18176,0.18336,0.18523,0.18718,0.18895,0.19044,0.19302,0.19508,0.19743,0.19935,0.2023,0.20473,0.20848,0.20564,0.2119,0.21485,0.21754,0.21416,0.22074,0.22236,0.22247,0.22254,0.22076,0.21893,0.21694
0.13514,0.17332,0.19053,0.13696,0.24767,0.17252,0.06929,0.17992,0.077559,0.19718,0.25132,0.27431,0.28729,0.30564,0.32653,0.3311,0.3343,0.33986,0.35525,0.36313,0.36576,0.36728,0.36841,0.36934,0.3703,0.37086,0.37144,0.37206,0.37287,0.37307,0.37349,0.37392,0.37251,0.37465,0.37492,0.37522,0.37558,0.37575,0.37596,0.37619,0.37646,0.3766,0.37679,0.37696,0.37675,0.37721,0.37736,0.37749,0.37758,0.37769,0.3778,0.37788,0.37807,0.37804,0.37809,0.37815,0.37819,0.37825,0.37828,0.37832,0.37832,0.37835,0.37837,0.37838
0.18919,0.11672,0.06515,0.04455,0.094237,0.014741,0.0706,0.08326,0.11318,0.047379,0.033022,0.028044,0.016069,0.015568,0.02297,0.029761,0.035623,0.041305,0.045994,0.049948,0.053244,0.055841,0.058013,0.059667,0.060128,0.062211,0.063085,0.06364,0.064011,0.064716,0.065117,0.065448,0.069034,0.065932,0.066266,0.066509,0.066762,0.066939,0.067238,0.067472,0.067158,0.068027,0.068279,0.068612,0.068892,0.069287,0.069642,0.070021,0.070544,0.070982,0.071463,0.07196,0.072492,0.073242,0.073977,0.074694,0.075474,0.076273,0.077223,0.078078,0.078915,0.079781,0.080458,0.080913
0.054054,0.068216,0.25813,0.046477,0.077065,0.17153,0.081045,0.12192,0.20998,0.20786,0.21539,0.21569,0.22135,0.22748,0.231,0.23325,0.23405,0.2352,0.23549,0.23546,0.23523,0.23504,0.23474,0.23432,0.23392,0.23335,0.2329,0.23225,0.23173,0.23132,0.23079,0.23027,0.23168,0.22926,0.22877,0.22826,0.22782,0.22732,0.22675,0.22631,0.22585,0.22529,0.2248,0.22437,0.22394,0.22333,0.22283,0.22235,0.22186,0.22136,0.22087,0.22039,0.22,0.21945,0.21896,0.21851,0.21809,0.21771,0.21732,0.21703,0.21675,0.21651,0.21635,0.21625
0.10811,0.057963,0.026429,0.11145,0.10218,0.096905,0.12837,0.14338,0.054138,0.13498,0.14604,0.14291,0.1578,0.15705,0.15671,0.15509,0.15306,0.15047,0.14787,0.14521,0.143,0.14004,0.13762,0.13521,0.13289,0.13073,0.12863,0.12657,0.12464,0.12278,0.12098,0.11924,0.11676,0.11593,0.11436,0.11281,0.11129,0.10989,0.10838,0.107,0.10578,0.10427,0.10293,0.10162,0.10032,0.099041,0.097721,0.096421,0.095147,0.09389,0.092628,0.091422,0.090402,0.089105,0.087919,0.086821,0.085658,0.084775,0.083845,0.083074,0.082403,0.081819,0.081414,0.081168
0,0.10026,0.22018,0.07609,0.11937,0.099989,0.11258,0.055232,0.037715,0.043314,0.038426,0.047394,0.064827,0.074961,0.082859,0.088562,0.091542,0.095501,0.097759,0.099436,0.10086,0.10153,0.10205,0.10214,0.10211,0.10056,0.099115,0.097326,0.095951,0.09342,0.091908,0.090638,0.085589,0.08899,0.088468,0.088085,0.088056,0.087653,0.087402,0.087311,0.086766,0.087219,0.087141,0.087153,0.086963,0.087001,0.086951,0.086881,0.086758,0.086665,0.086552,0.086374,0.086267,0.086014,0.085648,0.085312,0.085342,0.084453,0.083882,0.083316,0.082716,0.082094,0.081569,0.081213
0.054054,0.21713,0.1551,0.073177,0.13874,0.15106,0.086683,0.18835,0.16277,0.039348,0.01907,0.040141,0.050325,0.054405,0.066273,0.068376,0.067352,0.067528,0.067011,0.066412,0.065461,0.065419,0.06494,0.064492,0.064805,0.063587,0.063252,0.062906,0.062768,0.062255,0.061982,0.061661,0.060165,0.061208,0.061025,0.060787,0.060894,0.060534,0.060412,0.060262,0.06123,0.060215,0.060252,0.060288,0.06007,0.06059,0.060808,0.060984,0.061262,0.061705,0.062115,0.062775,0.064259,0.06426,0.065145,0.066244,0.066642,0.069004,0.070681,0.072552,0.07437,0.076912,0.078955,0.080521
0,0.14259,0.0525,0.096888,0.22164,0.096425,0.070365,0.058118,0.20975,0.013134,0.065581,0.045211,0.048224,0.050748,0.050212,0.050404,0.048276,0.051612,0.051898,0.051778,0.051541,0.05047,0.049426,0.048201,0.046388,0.045456,0.04405,0.042573,0.040935,0.039748,0.038429,0.03727,0.037783,0.03485,0.033856,0.032914,0.031843,0.031128,0.030649,0.029884,0.029225,0.028631,0.028213,0.027576,0.026359,0.026971,0.026837,0.026585,0.026336,0.026229,0.026166,0.025986,0.025078,0.025879,0.026124,0.026124,0.026313,0.026553,0.026686,0.026562,0.026588,0.026893,0.026953,0.026999
0.027027,0.059047,0.047548,0.041527,0.1439,0.14056,0.13679,0.090589,0.096192,0.1861,0.24925,0.22777,0.21279,0.2021,0.19217,0.17851,0.16894,0.16293,0.15978,0.15737,0.1555,0.15324,0.15138,0.14967,0.14758,0.14678,0.14529,0.14407,0.14266,0.14165,0.14055,0.13953,0.13919,0.13765,0.13674,0.13584,0.13489,0.13412,0.13329,0.13239,0.13143,0.13079,0.12992,0.12903,0.12834,0.12733,0.12638,0.12546,0.12451,0.12347,0.12244,0.12137,0.12038,0.11915,0.11798,0.11676,0.11544,0.11421,0.11296,0.11172,0.11057,0.10959,0.1088,0.10828
0.27027,0.10057,0.099492,0.089598,0.22951,0.12952,0.19336,0.19355,0.042959,0.058883,0.049397,0.019933,0.063297,0.06864,0.073343,0.076892,0.080411,0.082758,0.085165,0.087218,0.088724,0.090554,0.091576,0.092535,0.093533,0.093765,0.094082,0.094564,0.09484,0.09438,0.094308,0.09424,0.091647,0.093126,0.092859,0.092381,0.091918,0.091105,0.090516,0.089921,0.089443,0.088377,0.087574,0.086695,0.085181,0.085006,0.084066,0.08312,0.081995,0.081009,0.079851,0.078698,0.077536,0.076176,0.074877,0.073485,0.072071,0.070382,0.068749,0.06706,0.064657,0.06258,0.059683,0.056152
0.054054,0.090874,0.018323,0.064204,0.051451,0.041724,0.16732,0.06784,0.061207,0.056797,0.036507,0.020396,0.032844,0.028279,0.023428,0.019362,0.015685,0.011665,0.0077438,0.0041011,0.001069,0.0022258,0.0040732,0.0056084,0.0070726,0.0077191,0.0084574,0.0091422,0.0093093,0.0098291,0.010104,0.010313,0.0081907,0.010425,0.010508,0.010502,0.010425,0.010509,0.010399,0.010361,0.010633,0.010387,0.010415,0.010461,0.011064,0.010779,0.010978,0.011254,0.011608,0.012057,0.01256,0.013201,0.013981,0.014654,0.015602,0.016604,0.017547,0.018964,0.020192,0.021563,0.023082,0.024442,0.025744,0.026695
0.054054,0.094975,0.073618,0.061546,0.018878,0.084143,0.047128,0.16447,0.14756,0.088893,0.13265,0.12351,0.11005,0.086934,0.070998,0.065993,0.062335,0.058735,0.055989,0.053719,0.051428,0.049709,0.047993,0.046363,0.044808,0.043402,0.04207,0.040664,0.039624,0.038402,0.037324,0.036306,0.036237,0.034328,0.033469,0.032652,0.031872,0.031133,0.030413,0.029758,0.029342,0.028526,0.027985,0.027522,0.026885,0.026591,0.026219,0.02588,0.025576,0.025362,0.025172,0.025046,0.025107,0.024993,0.024985,0.025094,0.025102,0.025456,0.025692,0.026025,0.026243,0.026577,0.02681,0.02697
0.081081,0.066352,0.099747,0.31357,0.20716,0.18077,0.073109,0.17762,0.01573,0.013956,0.04603,0.078698,0.085849,0.087589,0.087856,0.08775,0.08864,0.090157,0.090806,0.087418,0.082722,0.080472,0.079036,0.078405,0.077746,0.07735,0.076828,0.076498,0.076427,0.075494,0.074898,0.074287,0.074493,0.072794,0.072096,0.071316,0.070621,0.069647,0.068715,0.067768,0.06657,0.065532,0.064442,0.063292,0.06106,0.060694,0.059366,0.057969,0.056493,0.054958,0.053371,0.051646,0.049847,0.048212,0.046368,0.044494,0.04305,0.041093,0.039461,0.038432,0.036921,0.037065,0.037233,0.036724
0.13514,0.16766,0.32341,0.044389,0.157,0.25053,0.22973,0.23873,0.046938,0.051124,0.080322,0.071593,0.055681,0.061856,0.055213,0.049287,0.043901,0.041608,0.039325,0.037673,0.036775,0.035942,0.035527,0.035384,0.035425,0.03522,0.035079,0.035044,0.034696,0.034689,0.034397,0.03397,0.032352,0.033419,0.033063,0.032734,0.032458,0.031958,0.031854,0.031333,0.031061,0.030575,0.030344,0.030039,0.029932,0.029456,0.029322,0.029002,0.028843,0.028608,0.028483,0.028214,0.028202,0.027797,0.02773,0.027539,0.027425,0.027451,0.02744,0.027206,0.027197,0.027115,0.027061,0.027054
0.10811,0.12105,0.05916,0.15233,0.11677,0.090369,0.12204,0.22325,0.1472,0.2581,0.29679,0.30395,0.29962,0.2907,0.2816,0.27331,0.26578,0.25942,0.25383,0.24918,0.24422,0.24155,0.23885,0.23667,0.23545,0.23356,0.23262,0.23204,0.23223,0.23104,0.2309,0.23103,0.22215,0.23052,0.23073,0.23084,0.2307,0.23119,0.23158,0.23115,0.23175,0.23184,0.2319,0.23186,0.2303,0.232,0.23204,0.23214,0.23203,0.23222,0.23225,0.23226,0.23157,0.23259,0.23275,0.23295,0.23316,0.23337,0.23393,0.2344,0.23532,0.23653,0.23851,0.24131
0.10811,0.14867,0.095914,0.15145,0.1217,0.088205,0.073884,0.081598,0.076366,0.14915,0.15543,0.17291,0.19065,0.18992,0.18632,0.18172,0.17704,0.17394,0.17093,0.16842,0.16615,0.16426,0.16268,0.16141,0.16021,0.15929,0.15858,0.15792,0.15718,0.15705,0.1568,0.15666,0.15878,0.15663,0.15677,0.15696,0.15717,0.15758,0.15795,0.1583,0.15873,0.1593,0.15985,0.16045,0.16155,0.16183,0.16249,0.16315,0.16389,0.16456,0.16523,0.16593,0.16625,0.16709,0.16759,0.16806,0.16862,0.16857,0.16853,0.16822,0.16762,0.16645,0.16478,0.16302
0.18919,0.016809,0.1499,0.18144,0.12605,0.02294,0.16313,0.18296,0.054026,0.22258,0.14441,0.11729,0.13347,0.12714,0.12482,0.12486,0.13017,0.13954,0.14144,0.14128,0.14111,0.14052,0.14025,0.13992,0.13967,0.13927,0.139,0.13858,0.1379,0.13784,0.13747,0.13707,0.13724,0.13626,0.13587,0.13546,0.13499,0.13468,0.13429,0.13382,0.13364,0.13307,0.13268,0.13234,0.1321,0.13177,0.13145,0.13117,0.131,0.13078,0.13062,0.13054,0.13059,0.13059,0.13077,0.131,0.13108,0.13173,0.1322,0.13277,0.13344,0.13407,0.13462,0.135
0.081081,0.019056,0.10493,0.13137,0.112,0.060693,0.11549,0.084986,0.19195,0.27925,0.25094,0.19841,0.18089,0.16415,0.15682,0.15173,0.14729,0.14528,0.14284,0.14072,0.13835,0.13628,0.1339,0.13167,0.12814,0.12707,0.12478,0.12244,0.12029,0.11821,0.11603,0.11394,0.11721,0.10988,0.10785,0.10587,0.10385,0.1018,0.099945,0.097983,0.095018,0.093727,0.091675,0.089606,0.087525,0.085469,0.083243,0.081168,0.079155,0.076908,0.074737,0.072597,0.070209,0.068201,0.066212,0.064151,0.062388,0.060582,0.058919,0.057394,0.056163,0.055284,0.054596,0.05417
0.027027,0.13032,0.075466,0.063321,0.078379,0.039851,0.10807,0.073093,0.13335,0.12975,0.15396,0.16005,0.15219,0.12996,0.1061,0.094438,0.088574,0.084227,0.081107,0.078775,0.077227,0.075964,0.075091,0.074461,0.073938,0.073861,0.073564,0.073478,0.073111,0.073333,0.073357,0.07347,0.07227,0.073615,0.073856,0.074071,0.074055,0.074581,0.074882,0.07525,0.075333,0.076134,0.076609,0.07715,0.078843,0.078366,0.079072,0.079837,0.080661,0.081586,0.082575,0.083528,0.083969,0.085838,0.087115,0.088456,0.090617,0.091341,0.092879,0.094654,0.096823,0.098406,0.10109,0.10485
0.081081,0.10696,0.188,0.13275,0.057873,0.26343,0.21027,0.13784,0.099499,0.03548,0.032683,0.055414,0.061567,0.070027,0.076541,0.081589,0.086302,0.091647,0.096274,0.10062,0.10386,0.10784,0.11085,0.11354,0.11573,0.11804,0.11992,0.1217,0.12332,0.12475,0.12612,0.12738,0.12925,0.12976,0.13077,0.13176,0.13289,0.1336,0.1345,0.13536,0.13626,0.13694,0.13768,0.13836,0.13884,0.13983,0.14046,0.1411,0.14174,0.14234,0.14294,0.14355,0.14457,0.14475,0.14535,0.14598,0.14633,0.14745,0.14849,0.14975,0.15166,0.15399,0.15718,0.16062
0.081081,0.10171,0.16877,0.14161,0.22915,0.064248,0.19611,0.13344,0.019973,0.088653,0.071485,0.062437,0.074185,0.090254,0.10823,0.1225,0.13199,0.13752,0.14046,0.14259,0.1443,0.14574,0.14718,0.14854,0.14981,0.15115,0.15244,0.15365,0.15457,0.15602,0.1572,0.15833,0.15982,0.16064,0.16176,0.16286,0.16388,0.16506,0.16618,0.16718,0.16829,0.16934,0.17042,0.17147,0.17281,0.1737,0.17474,0.1758,0.1769,0.17794,0.179,0.18006,0.18105,0.18214,0.18316,0.18412,0.18501,0.18593,0.18672,0.18742,0.18806,0.18853,0.18889,0.18912
0.13514,0.1937,0.16543,0.047191,0.07388,0.10777,0.049533,0.11414,0.10395,0.10119,0.092812,0.11104,0.11058,0.10442,0.098091,0.092348,0.084981,0.083681,0.080707,0.078431,0.075868,0.075056,0.073326,0.072247,0.070835,0.070306,0.069432,0.068843,0.068219,0.067406,0.066821,0.066187,0.084284,0.065099,0.064799,0.06439,0.06404,0.06352,0.063407,0.062984,0.062839,0.06223,0.06191,0.061414,0.06244,0.061105,0.06088,0.060464,0.060692,0.060476,0.06013,0.059991,0.058185,0.060413,0.060321,0.060346,0.05931,0.060525,0.06066,0.060226,0.060516,0.059327,0.05769,0.05537
0.054054,0.071589,0.18377,0.17865,0.055994,0.061275,0.088123,0.054858,0.099064,0.053095,0.1239,0.11475,0.12092,0.12985,0.13346,0.13562,0.13723,0.13816,0.13855,0.13859,0.13919,0.13748,0.13659,0.13594,0.13539,0.13516,0.13485,0.13533,0.135,0.13552,0.13601,0.13666,0.13177,0.1374,0.13838,0.13931,0.13946,0.14125,0.14256,0.14339,0.1461,0.14548,0.14688,0.14801,0.15181,0.15166,0.15325,0.15505,0.1562,0.15866,0.16067,0.16282,0.16123,0.16812,0.1703,0.17314,0.16965,0.17796,0.18023,0.18358,0.18638,0.18714,0.18854,0.18924
0,0.084125,0.18929,0.1492,0.15229,0.085524,0.051068,0.12215,0.11105,0.1323,0.11723,0.12391,0.10869,0.10188,0.10175,0.10228,0.10326,0.10407,0.10516,0.10629,0.10781,0.10878,0.10996,0.11108,0.11183,0.1131,0.11388,0.11494,0.11516,0.11603,0.11657,0.11699,0.11511,0.11772,0.11792,0.11806,0.11798,0.11826,0.11821,0.11808,0.1174,0.11781,0.11759,0.11702,0.11835,0.11684,0.11647,0.11604,0.11553,0.11538,0.11496,0.11455,0.11228,0.11424,0.11375,0.11354,0.11535,0.11323,0.1134,0.1115,0.1152,0.11197,0.11087,0.10968
0.16216,0.16197,0.24577,0.21379,0.2271,0.1822,0.15402,0.086855,0.12175,0.13974,0.24085,0.26055,0.26391,0.26727,0.26776,0.26637,0.25746,0.26271,0.26138,0.26018,0.26063,0.25931,0.25909,0.25912,0.2585,0.25942,0.25962,0.25995,0.26099,0.26063,0.26099,0.26129,0.2578,0.26204,0.26249,0.26278,0.26327,0.26356,0.26388,0.26417,0.26379,0.26501,0.26534,0.26576,0.26542,0.26622,0.26663,0.26692,0.26725,0.26755,0.26782,0.26811,0.2687,0.26881,0.269,0.26925,0.26953,0.26957,0.26976,0.26996,0.27003,0.27014,0.27022,0.27026
