0.18519,0.24068,0.2768,0.04769,0.11736,0.049464,0.18757,0.11926,0.043746,0.23859,0.21131,0.19852,0.1941,0.1921,0.1874,0.18263,0.17846,0.1742,0.17071,0.16753,0.16473,0.16232,0.16019,0.15828,0.15649,0.15522,0.15406,0.15305,0.15228,0.15128,0.15058,0.15004,0.14862,0.14928,0.14912,0.14887,0.14869,0.14871,0.14867,0.14875,0.14899,0.14911,0.14937,0.14958,0.14959,0.15017,0.15059,0.15102,0.15145,0.15195,0.15233,0.15297,0.15329,0.15382,0.15429,0.15481,0.15477,0.15563,0.15571,0.1556,0.15574,0.15443,0.15245,0.14967
0,0.32042,0.10297,0.070756,0.29536,0.056903,0.13049,0.12219,0.072927,0.031579,0.11169,0.084604,0.093323,0.062071,0.071069,0.077464,0.081593,0.085126,0.087137,0.088466,0.090513,0.08985,0.090006,0.090103,0.090201,0.089972,0.08978,0.089766,0.089759,0.089068,0.088729,0.088498,0.079415,0.087613,0.087301,0.086928,0.08632,0.086165,0.085763,0.085302,0.085157,0.084634,0.084292,0.083797,0.083365,0.083021,0.082556,0.0821,0.08131,0.081115,0.080625,0.080108,0.080066,0.079125,0.078316,0.077805,0.077117,0.076672,0.075949,0.075657,0.075414,0.074641,0.074336,0.074177
0.074074,0.18218,0.16576,0.061527,0.12128,0.1441,0.096194,0.097638,0.035831,0.19009,0.17037,0.11178,0.085654,0.071019,0.061564,0.0626,0.06258,0.063138,0.063629,0.064504,0.064918,0.06602,0.066984,0.067756,0.068619,0.0686,0.068757,0.068492,0.068035,0.067421,0.066576,0.065564,0.064172,0.063439,0.062235,0.06109,0.05993,0.058747,0.057517,0.056359,0.055015,0.054031,0.052904,0.051799,0.051214,0.049616,0.048512,0.047456,0.046437,0.045449,0.044526,0.043566,0.043046,0.041892,0.041091,0.040343,0.039726,0.039095,0.038536,0.038074,0.037789,0.037406,0.037198,0.037077
0.074074,0.49198,0.035662,0.16345,0.3714,0.17897,0.16042,0.093371,0.096678,0.061464,0.19899,0.20486,0.20942,0.2036,0.20033,0.19892,0.19903,0.1995,0.20077,0.20284,0.20729,0.2313,0.23836,0.24048,0.2422,0.24276,0.2438,0.24461,0.24558,0.24637,0.24718,0.24795,0.24849,0.24945,0.25011,0.25076,0.25137,0.252,0.25255,0.25308,0.25376,0.25407,0.25452,0.25499,0.25544,0.25577,0.25615,0.25649,0.25684,0.25712,0.25741,0.25766,0.25788,0.25812,0.25832,0.2585,0.25864,0.2588,0.25892,0.25903,0.25911,0.25918,0.25922,0.25925
0.25926,0.098144,0.13493,0.075383,0.22513,0.1102,0.21208,0.16472,0.092837,0.13036,0.083981,0.09524,0.094127,0.096046,0.094058,0.09304,0.092963,0.092056,0.091939,0.092065,0.092037,0.093945,0.096565,0.10538,0.12269,0.12775,0.12956,0.13061,0.13156,0.13189,0.13254,0.13307,0.12718,0.13452,0.13504,0.13565,0.13666,0.1369,0.13735,0.13831,0.14072,0.13928,0.13986,0.14039,0.1402,0.14129,0.14199,0.14251,0.14279,0.14354,0.14404,0.14454,0.14711,0.1456,0.14582,0.14619,0.14501,0.14684,0.14727,0.14757,0.14792,0.14786,0.14801,0.14808
0.037037,0.35019,0.20307,0.13815,0.22431,0.062305,0.075341,0.13497,0.23874,0.10487,0.1043,0.15842,0.20763,0.22096,0.23849,0.25392,0.25999,0.2604,0.26035,0.26045,0.26094,0.26174,0.26271,0.26373,0.26464,0.26588,0.26688,0.26796,0.26859,0.26971,0.27053,0.27133,0.27058,0.27274,0.27344,0.27411,0.27472,0.27535,0.27597,0.27645,0.27689,0.27766,0.27821,0.27867,0.28003,0.27977,0.28032,0.28091,0.28147,0.28214,0.28283,0.28343,0.2845,0.28515,0.28606,0.28707,0.28833,0.28936,0.29062,0.29184,0.29355,0.2944,0.29539,0.29606
0.074074,0.25269,0.06837,0.12076,0.20924,0.088863,0.12255,0.075405,0.24784,0.085268,0.12941,0.196,0.21762,0.2384,0.24259,0.2327,0.24377,0.24045,0.24143,0.24201,0.244,0.24301,0.24355,0.24403,0.24583,0.24497,0.24544,0.24587,0.24596,0.24678,0.24721,0.24766,0.24772,0.24858,0.24898,0.24939,0.24975,0.25028,0.25062,0.25106,0.25194,0.25187,0.25227,0.2527,0.25325,0.2535,0.25391,0.25432,0.25475,0.25515,0.25556,0.25596,0.25632,0.25677,0.25712,0.25748,0.25776,0.25813,0.2584,0.25867,0.25886,0.25904,0.25916,0.25924
0.18519,0.26872,0.12476,0.11027,0.049301,0.0646,0.065502,0.11328,0.094371,0.071749,0.061135,0.016396,0.01495,0.016371,0.017228,0.017972,0.018464,0.018973,0.01941,0.019845,0.019663,0.020796,0.021192,0.021586,0.021791,0.022472,0.022676,0.023035,0.022912,0.023476,0.023687,0.023913,0.022578,0.023985,0.024004,0.023994,0.024231,0.023757,0.02364,0.02354,0.023516,0.023008,0.022629,0.02223,0.021633,0.021335,0.020686,0.020085,0.019273,0.018537,0.017709,0.016669,0.015537,0.014884,0.013864,0.012705,0.011433,0.010466,0.0093101,0.0079666,0.0074619,0.0053138,0.003727,0.0020856
0.074074,0.22377,0.059181,0.13085,0.16998,0.038144,0.035823,0.15525,0.15499,0.12468,0.1091,0.080779,0.1105,0.10636,0.091333,0.082494,0.081199,0.081525,0.082158,0.082366,0.076214,0.07807,0.070131,0.060715,0.054887,0.053242,0.052494,0.052525,0.052284,0.053198,0.053676,0.054188,0.051727,0.055513,0.05609,0.056688,0.057242,0.057854,0.058371,0.059055,0.060163,0.060234,0.06084,0.061445,0.061962,0.062584,0.063254,0.063916,0.064543,0.065234,0.065892,0.06659,0.066875,0.067872,0.068593,0.06934,0.070042,0.0708,0.071476,0.072185,0.07276,0.073323,0.073733,0.07399
0.14815,0.13914,0.10158,0.10376,0.18005,0.069905,0.039582,0.22783,0.16763,0.10928,0.11335,0.086882,0.073368,0.064623,0.061865,0.060127,0.058663,0.057431,0.05572,0.053334,0.051295,0.04763,0.045284,0.043872,0.043313,0.043185,0.043536,0.043898,0.044503,0.045137,0.045826,0.04646,0.048992,0.047876,0.048643,0.049346,0.049926,0.050791,0.051599,0.052282,0.053566,0.053818,0.054616,0.055443,0.056803,0.057251,0.058156,0.058985,0.060036,0.060962,0.06189,0.062882,0.063401,0.065064,0.06621,0.067282,0.067812,0.069483,0.070472,0.07142,0.072386,0.073061,0.073612,0.073974
0.037037,0.20166,0.28107,0.33355,0.32962,0.086565,0.18024,0.17893,0.1485,0.064853,0.063135,0.017228,0.023301,0.038711,0.04887,0.056164,0.061965,0.065738,0.069213,0.072157,0.075809,0.077181,0.07922,0.081166,0.082896,0.084465,0.085946,0.08741,0.088191,0.089738,0.090895,0.092037,0.09235,0.093918,0.094945,0.095931,0.096602,0.097699,0.098684,0.099594,0.10017,0.10101,0.10181,0.10251,0.10414,0.10399,0.10469,0.10534,0.10595,0.10657,0.10715,0.10763,0.10817,0.1086,0.10904,0.1094,0.10979,0.11016,0.11036,0.11058,0.11085,0.11093,0.11103,0.11109
0.22222,0.51096,0.20851,0.29425,0.5277,0.18929,0.12126,0.15892,0.049,0.095558,0.092899,0.13022,0.14099,0.14728,0.1531,0.15834,0.16343,0.16694,0.17028,0.1729,0.17606,0.17753,0.17935,0.18093,0.18204,0.1836,0.18486,0.18586,0.18628,0.18778,0.18872,0.18963,0.19256,0.19059,0.19158,0.19224,0.19279,0.19367,0.19443,0.19481,0.19543,0.19593,0.19645,0.19699,0.20071,0.19856,0.19905,0.1993,0.20001,0.20058,0.2007,0.20135,0.19948,0.20302,0.20358,0.20396,0.20403,0.20541,0.2047,0.20688,0.2124,0.21109,0.21364,0.22155
0.11111,0.66075,0.2436,0.2523,0.68353,0.23823,0.098791,0.17355,0.10179,0.095623,0.087488,0.11693,0.12777,0.13369,0.13787,0.14088,0.14446,0.14478,0.14615,0.14723,0.14876,0.14873,0.14937,0.14987,0.15029,0.15075,0.15121,0.15157,0.15199,0.15232,0.1527,0.15305,0.1527,0.15377,0.15417,0.15453,0.15489,0.1553,0.15566,0.15597,0.15637,0.15677,0.15714,0.15751,0.15783,0.15823,0.1585,0.15878,0.15906,0.15928,0.15947,0.15961,0.16007,0.15978,0.15974,0.15959,0.1592,0.15889,0.15811,0.15717,0.15568,0.15385,0.15149,0.14924
0.11111,0.12575,0.2988,0.30538,0.54066,0.28878,0.32266,0.27488,0.27428,0.31644,0.36389,0.3537,0.34025,0.34023,0.34881,0.3704,0.37519,0.37707,0.37811,0.37879,0.37964,0.37968,0.37991,0.38004,0.38042,0.3803,0.38025,0.38023,0.38003,0.38006,0.37993,0.37982,0.37909,0.37959,0.37947,0.37927,0.37896,0.37897,0.37888,0.37856,0.3789,0.37873,0.37868,0.37862,0.37978,0.37915,0.3791,0.37934,0.37954,0.37991,0.38029,0.38094,0.37932,0.38286,0.38394,0.38541,0.38687,0.38889,0.3912,0.39371,0.39643,0.40045,0.40373,0.4063
0.037037,0.12599,0.10284,0.073449,0.17003,0.14662,0.20592,0.1765,0.098645,0.16064,0.10705,0.097895,0.094377,0.092619,0.094367,0.097438,0.10099,0.1044,0.10781,0.11123,0.1148,0.11727,0.11999,0.12258,0.12467,0.12702,0.1291,0.13105,0.133,0.13439,0.1359,0.13724,0.13821,0.13976,0.14085,0.14192,0.14293,0.14384,0.14473,0.14561,0.14555,0.14701,0.1477,0.14834,0.14842,0.14944,0.15,0.15039,0.15083,0.15119,0.15151,0.15171,0.15254,0.15219,0.15218,0.1521,0.1527,0.15164,0.15113,0.15074,0.14993,0.14932,0.14871,0.1483
0,0.26982,0.12485,0.13816,0.30035,0.054561,0.021033,0.18509,0.10784,0.099941,0.041653,0.024908,0.03295,0.043593,0.051084,0.056907,0.061227,0.065073,0.068131,0.070715,0.072964,0.07494,0.076676,0.078262,0.079711,0.081055,0.082306,0.083452,0.084855,0.08559,0.086599,0.087531,0.089205,0.089351,0.090232,0.091078,0.091921,0.092698,0.093506,0.094329,0.095075,0.095846,0.096606,0.097374,0.097824,0.098915,0.099678,0.10043,0.10123,0.10201,0.10277,0.10356,0.1047,0.10516,0.10596,0.10673,0.10743,0.10819,0.1089,0.10951,0.11012,0.11049,0.11083,0.11104
0.11111,0.33416,0.43738,0.41525,0.69106,0.30277,0.40854,0.32365,0.23285,0.33923,0.43325,0.45478,0.47358,0.48978,0.50117,0.50909,0.51491,0.51974,0.52366,0.52689,0.53002,0.53238,0.53462,0.53666,0.53836,0.54027,0.54191,0.54347,0.54496,0.54632,0.54761,0.54896,0.54792,0.55115,0.55231,0.55333,0.55435,0.55523,0.55622,0.55706,0.55798,0.559,0.55995,0.56083,0.56137,0.56254,0.56335,0.56423,0.5649,0.5658,0.56658,0.56755,0.56818,0.56907,0.57009,0.57114,0.57165,0.57319,0.57413,0.57486,0.57624,0.57718,0.57888,0.58274
0,0.21274,0.076689,0.082117,0.19146,0.17481,0.13183,0.10803,0.073445,0.089704,0.14418,0.15744,0.16833,0.15547,0.14185,0.14329,0.14482,0.14574,0.14643,0.14713,0.14714,0.1478,0.1482,0.14849,0.14892,0.14887,0.14897,0.14908,0.14873,0.14915,0.14919,0.14919,0.14868,0.14891,0.14875,0.14862,0.14851,0.14838,0.14819,0.148,0.14784,0.14752,0.14729,0.14709,0.14767,0.14687,0.14668,0.14643,0.14619,0.14609,0.14601,0.1459,0.14584,0.14649,0.14678,0.14714,0.14766,0.14858,0.15003,0.15174,0.15496,0.15688,0.15967,0.16101
0.14815,0.30202,0.086554,0.14085,0.13919,0.09181,0.12354,0.052078,0.1073,0.10259,0.10513,0.11592,0.1208,0.13119,0.13736,0.14063,0.14281,0.14395,0.14494,0.14557,0.14568,0.14626,0.14637,0.14638,0.14637,0.14621,0.14595,0.1459,0.14561,0.14555,0.14542,0.14535,0.14355,0.1452,0.14518,0.14521,0.14521,0.1455,0.14566,0.14592,0.14616,0.14654,0.14694,0.14742,0.14872,0.1486,0.1493,0.15012,0.1509,0.15186,0.15295,0.15415,0.15421,0.15689,0.15843,0.1601,0.16205,0.1641,0.16658,0.16908,0.17273,0.17578,0.17959,0.18303
0,0.2599,0.081086,0.097379,0.29885,0.14161,0.031399,0.057108,0.095625,0.13251,0.12475,0.07411,0.070101,0.064351,0.062639,0.06123,0.060053,0.059118,0.058266,0.057399,0.056419,0.056136,0.055637,0.05517,0.055127,0.054489,0.054131,0.054023,0.054141,0.053612,0.053484,0.053392,0.05051,0.053251,0.053222,0.053169,0.053251,0.053214,0.053127,0.053221,0.053743,0.053317,0.053393,0.053444,0.052953,0.053639,0.053729,0.05385,0.053819,0.054021,0.054123,0.054328,0.054346,0.054465,0.054529,0.054653,0.053966,0.054678,0.054819,0.054607,0.054147,0.053609,0.052084,0.047497
0.18519,0.25098,0.37387,0.31411,0.5987,0.20348,0.33671,0.29053,0.11707,0.28341,0.30905,0.31753,0.30861,0.31367,0.32097,0.3262,0.32979,0.33226,0.33382,0.33487,0.33575,0.33608,0.33643,0.33665,0.33659,0.33695,0.33705,0.33696,0.33732,0.33702,0.33702,0.33699,0.33812,0.33701,0.33702,0.33702,0.33703,0.33707,0.33706,0.33707,0.33732,0.33722,0.33728,0.33742,0.3368,0.33776,0.33784,0.33793,0.33822,0.33834,0.33849,0.33857,0.34066,0.33914,0.33944,0.3396,0.3392,0.33981,0.33961,0.339,0.33812,0.33709,0.33547,0.33398
0.22222,0.054782,0.27593,0.069623,0.12016,0.10603,0.14285,0.12978,0.066033,0.089749,0.10998,0.12445,0.124,0.11766,0.1464,0.15243,0.15489,0.1573,0.1593,0.16125,0.16416,0.16547,0.16764,0.16977,0.17174,0.17402,0.17615,0.17816,0.17969,0.18218,0.1841,0.18596,0.18703,0.18953,0.19125,0.19292,0.19442,0.19615,0.1976,0.19912,0.20064,0.20204,0.20343,0.20483,0.20683,0.2074,0.20868,0.20989,0.21109,0.21223,0.21334,0.2144,0.21544,0.21641,0.21729,0.21816,0.21893,0.21967,0.22032,0.22092,0.22142,0.22174,0.22201,0.22217
0.2963,0.25526,0.21024,0.086325,0.14077,0.1137,0.16118,0.095591,0.074834,0.030509,0.043965,0.072419,0.074178,0.080418,0.083441,0.085384,0.086142,0.085709,0.083174,0.078795,0.07425,0.070116,0.066889,0.064253,0.062395,0.060352,0.05882,0.057437,0.055869,0.0551,0.054114,0.053209,0.051891,0.051376,0.050619,0.049857,0.049087,0.048377,0.047652,0.046961,0.046304,0.045643,0.045,0.044375,0.044089,0.043228,0.04266,0.04211,0.041547,0.041055,0.040557,0.04008,0.03967,0.039201,0.038824,0.038486,0.03819,0.037905,0.037667,0.037479,0.037344,0.037198,0.037107,0.037052
0.11111,0.16067,0.026945,0.056728,0.18777,0.11955,0.13703,0.093985,0.093589,0.10361,0.085771,0.077274,0.10047,0.1157,0.11951,0.12019,0.12015,0.12089,0.12144,0.12212,0.12265,0.12348,0.12426,0.12499,0.12564,0.12641,0.12713,0.12776,0.12847,0.12905,0.12965,0.13024,0.13172,0.13139,0.13193,0.13246,0.13303,0.13349,0.13399,0.13448,0.13521,0.13548,0.13598,0.13648,0.13669,0.13751,0.13802,0.13855,0.13912,0.13965,0.14023,0.14083,0.14182,0.14208,0.14277,0.14347,0.14385,0.1449,0.1456,0.14624,0.14683,0.14739,0.1478,0.14806
0,0.012516,0.15591,0.11479,0.20018,0.067705,0.091052,0.16714,0.10156,0.14516,0.099556,0.12113,0.12558,0.1062,0.08814,0.085792,0.08224,0.079989,0.077421,0.075007,0.072257,0.071134,0.069421,0.068036,0.066876,0.065738,0.064639,0.063729,0.062939,0.062048,0.061342,0.060661,0.054411,0.059276,0.058645,0.057852,0.056704,0.055896,0.054503,0.052659,0.052489,0.048942,0.047103,0.044014,0.047496,0.038436,0.036883,0.035355,0.033098,0.031825,0.030142,0.028355,0.032059,0.027223,0.026866,0.025861,0.02429,0.024706,0.024195,0.021443,0.022661,0.019276,0.016109,0.0098958
0.037037,0.15445,0.013294,0.091436,0.17582,0.12885,0.040307,0.074242,0.060443,0.084732,0.11854,0.16425,0.21307,0.22373,0.23277,0.23913,0.24333,0.24573,0.24712,0.24772,0.24783,0.24762,0.2471,0.24637,0.24574,0.2446,0.24355,0.24239,0.24154,0.24005,0.23879,0.23756,0.2346,0.23476,0.23345,0.23202,0.23062,0.22914,0.22769,0.22615,0.22476,0.22321,0.22165,0.22018,0.21775,0.21682,0.21513,0.21349,0.21162,0.20996,0.20809,0.20637,0.20441,0.20253,0.2006,0.19867,0.19684,0.19457,0.19254,0.19091,0.18858,0.18738,0.18619,0.18537
0.074074,0.18397,0.057479,0.13316,0.22993,0.081611,0.1651,0.051146,0.15804,0.14377,0.15205,0.22329,0.25478,0.26295,0.27217,0.27925,0.28443,0.28762,0.28988,0.2915,0.29255,0.29373,0.29454,0.29537,0.29606,0.29678,0.29731,0.29808,0.2986,0.29913,0.29963,0.30007,0.29785,0.30087,0.30117,0.30148,0.30156,0.30201,0.3022,0.30243,0.3023,0.30255,0.3026,0.30253,0.30295,0.30253,0.30236,0.30224,0.30186,0.30178,0.3015,0.3011,0.30022,0.3006,0.29999,0.29949,0.29925,0.29858,0.2981,0.29768,0.29727,0.2968,0.29653,0.29634
0.074074,0.14318,0.11613,0.086059,0.20711,0.039979,0.11975,0.08057,0.15342,0.061532,0.057863,0.068241,0.078756,0.083717,0.086145,0.087897,0.089934,0.091634,0.093321,0.094722,0.095472,0.097218,0.098093,0.098833,0.099172,0.099987,0.10036,0.10057,0.10174,0.10104,0.10116,0.10134,0.10334,0.10113,0.10117,0.10118,0.10134,0.10109,0.10109,0.10104,0.1009,0.10109,0.1011,0.1012,0.10059,0.10135,0.10155,0.10179,0.10201,0.10235,0.10273,0.10308,0.10384,0.10416,0.10481,0.1055,0.10623,0.10697,0.10784,0.10862,0.1095,0.11011,0.11064,0.11098
0.2963,0.20084,0.045943,0.1223,0.19312,0.15098,0.15221,0.090725,0.11855,0.020176,0.048585,0.067094,0.090393,0.07836,0.070406,0.065741,0.061752,0.059235,0.056701,0.054538,0.052135,0.050774,0.049349,0.04805,0.046931,0.04589,0.045015,0.044146,0.043524,0.042832,0.042267,0.041734,0.041448,0.040899,0.040523,0.040172,0.039899,0.039618,0.039322,0.039115,0.039006,0.03871,0.038527,0.038379,0.038154,0.038058,0.037957,0.037843,0.037743,0.037647,0.037555,0.037468,0.037419,0.037365,0.037298,0.037248,0.037191,0.037159,0.037125,0.037103,0.037073,0.037059,0.037047,0.03704
0.14815,0.54946,0.28541,0.34459,0.64448,0.2049,0.1905,0.20116,0.23286,0.20228,0.25257,0.30719,0.3271,0.33435,0.34322,0.34995,0.35482,0.35906,0.36214,0.3644,0.36513,0.36753,0.3685,0.36927,0.37035,0.37037,0.37076,0.37106,0.37164,0.3714,0.37153,0.37156,0.37339,0.37163,0.37167,0.37165,0.37179,0.37159,0.37156,0.37149,0.37168,0.37136,0.37131,0.37126,0.37096,0.37112,0.37106,0.37098,0.37094,0.37086,0.3708,0.37072,0.37076,0.37066,0.3706,0.37055,0.37049,0.3705,0.37046,0.37043,0.3704,0.37039,0.37038,0.37037
0.18519,0.22393,0.13326,0.12993,0.29776,0.084929,0.10429,0.065802,0.065334,0.16456,0.10757,0.10718,0.095606,0.1104,0.1096,0.1061,0.10091,0.1015,0.099904,0.098436,0.097116,0.094988,0.092611,0.089463,0.085069,0.081055,0.076299,0.071318,0.068365,0.0653,0.063087,0.061527,0.071774,0.059329,0.058556,0.058091,0.057791,0.057344,0.057272,0.057063,0.056008,0.056826,0.056726,0.056755,0.057889,0.056796,0.056789,0.056907,0.057052,0.05696,0.057155,0.056989,0.056635,0.057192,0.057173,0.056968,0.059465,0.056316,0.055993,0.056186,0.057207,0.054352,0.052429,0.045649
0.074074,0.15035,0.15692,0.10143,0.13611,0.13515,0.059746,0.085084,0.060452,0.046685,0.045096,0.031901,0.035702,0.027417,0.019935,0.014036,0.0092627,0.0061953,0.0035251,0.0014898,0.00044769,0.0014864,0.00258,0.0034672,0.0040068,0.0047676,0.0053252,0.0057749,0.0064101,0.006407,0.0066506,0.0067937,0.0040392,0.0070756,0.0072073,0.0072279,0.0073832,0.0073375,0.0072172,0.0071246,0.006977,0.0069136,0.0067994,0.0066625,0.006348,0.0062628,0.0060777,0.0058119,0.0055314,0.0053295,0.0050348,0.0047109,0.005222,0.0042484,0.0038121,0.0034611,0.0031114,0.002789,0.0023473,0.0020595,0.0018359,0.0011944,0.00078843,0.00042463
0.18519,0.2608,0.043918,0.11317,0.25305,0.10111,0.21649,0.18445,0.014077,0.17814,0.12113,0.13478,0.15607,0.16155,0.1726,0.18187,0.19042,0.19532,0.20018,0.20406,0.20713,0.20972,0.21181,0.21353,0.21487,0.21665,0.21749,0.219,0.21959,0.22035,0.22103,0.22171,0.21568,0.22304,0.22356,0.22408,0.2243,0.22507,0.22512,0.22565,0.22563,0.2261,0.22635,0.22646,0.22663,0.22688,0.22693,0.22707,0.227,0.22719,0.2272,0.227,0.22572,0.22686,0.22644,0.22613,0.22608,0.22548,0.22494,0.22442,0.22353,0.22324,0.22274,0.22238
0.074074,0.38599,0.15727,0.011218,0.30557,0.071904,0.034802,0.16548,0.16242,0.15101,0.15229,0.1347,0.12371,0.11572,0.11044,0.10585,0.1016,0.098402,0.095259,0.092327,0.089337,0.087307,0.084838,0.082612,0.080566,0.078406,0.076398,0.074424,0.07294,0.070671,0.068899,0.067093,0.06818,0.06366,0.061955,0.060201,0.05848,0.056711,0.055232,0.053529,0.051999,0.050244,0.048633,0.046984,0.044239,0.043979,0.04257,0.041125,0.039808,0.038516,0.037302,0.036243,0.034818,0.034759,0.034345,0.034076,0.033974,0.034188,0.034552,0.035009,0.035435,0.03614,0.036613,0.036927
0.22222,0.27574,0.089303,0.24193,0.31385,0.086608,0.033342,0.092628,0.067212,0.029167,0.15577,0.12129,0.10259,0.08407,0.072521,0.063436,0.05667,0.048637,0.042166,0.036509,0.031093,0.027177,0.024048,0.021876,0.019149,0.019166,0.018643,0.017957,0.017639,0.017596,0.017544,0.017441,0.014867,0.017906,0.017717,0.017853,0.018537,0.018209,0.018121,0.018397,0.017439,0.018564,0.018742,0.019,0.020581,0.01917,0.01926,0.019263,0.019367,0.019198,0.019334,0.019238,0.020536,0.01889,0.018435,0.018012,0.017089,0.016759,0.015877,0.01486,0.015288,0.010781,0.0079348,0.0048353
0.14815,0.1345,0.049769,0.26093,0.051056,0.091857,0.19198,0.062939,0.057144,0.11742,0.10812,0.13061,0.16583,0.17898,0.18519,0.18795,0.19011,0.18979,0.18998,0.18959,0.18804,0.18866,0.18812,0.18746,0.18675,0.18644,0.18574,0.18513,0.18407,0.1839,0.1833,0.18276,0.1831,0.1816,0.18114,0.18057,0.18026,0.17949,0.17895,0.17834,0.17752,0.17741,0.17681,0.17616,0.1764,0.17498,0.17429,0.17363,0.17294,0.17212,0.17125,0.17042,0.16926,0.16809,0.16702,0.16576,0.16498,0.16264,0.1609,0.15881,0.15705,0.15414,0.15145,0.14921
0.2963,0.5065,0.20228,0.33253,0.54659,0.14268,0.088873,0.16782,0.091876,0.10423,0.1613,0.18332,0.1905,0.19436,0.19708,0.19927,0.20131,0.2026,0.20397,0.20509,0.20564,0.20707,0.20789,0.20858,0.20916,0.20982,0.21035,0.21079,0.21149,0.21169,0.21207,0.21242,0.21274,0.21314,0.21346,0.21376,0.21421,0.2143,0.21454,0.21482,0.21478,0.21533,0.21556,0.21582,0.21561,0.21619,0.2164,0.2166,0.21684,0.21702,0.21721,0.21743,0.2181,0.21773,0.21798,0.21822,0.21893,0.21884,0.21932,0.21979,0.22046,0.22101,0.22161,0.22205
0.037037,0.38172,0.24652,0.35006,0.52154,0.11272,0.1087,0.28343,0.057134,0.020788,0.079165,0.096337,0.12748,0.15837,0.19076,0.2138,0.22803,0.23717,0.24445,0.25055,0.25746,0.26559,0.29548,0.30178,0.30539,0.30748,0.30975,0.31172,0.31375,0.31493,0.31635,0.31765,0.31587,0.31991,0.32092,0.32185,0.32272,0.3235,0.32413,0.32481,0.32566,0.32593,0.32648,0.32697,0.32625,0.32767,0.32804,0.32841,0.32858,0.32896,0.32917,0.32924,0.33048,0.32935,0.32937,0.32936,0.32888,0.32918,0.32861,0.32814,0.32555,0.3262,0.32562,0.32702
0.074074,0.10938,0.031821,0.17679,0.1614,0.20335,0.064567,0.091311,0.048828,0.10242,0.16502,0.2107,0.21651,0.23,0.24201,0.25117,0.25781,0.26383,0.26831,0.27182,0.27559,0.27726,0.27936,0.28113,0.28266,0.28411,0.28528,0.28622,0.28756,0.28812,0.28888,0.28959,0.29164,0.29087,0.29144,0.2919,0.29215,0.29276,0.29313,0.29345,0.29375,0.29415,0.29439,0.29469,0.29434,0.29509,0.29523,0.29541,0.2956,0.29569,0.29578,0.29592,0.29566,0.29605,0.29612,0.29618,0.29624,0.2962,0.29625,0.29628,0.29622,0.29629,0.2963,0.2963
0,0.15518,0.16467,0.20253,0.14278,0.098917,0.20926,0.11114,0.019521,0.17258,0.26801,0.29876,0.30328,0.30676,0.30878,0.31019,0.31172,0.31202,0.31261,0.31304,0.31352,0.31375,0.314,0.31422,0.31446,0.31463,0.31476,0.31502,0.31497,0.31527,0.31545,0.31565,0.31284,0.31604,0.31623,0.31642,0.31667,0.31689,0.31708,0.31735,0.31779,0.31785,0.31815,0.3184,0.31911,0.3192,0.31952,0.31992,0.32026,0.3208,0.32127,0.32183,0.32275,0.32316,0.32381,0.3246,0.32502,0.32668,0.32768,0.32891,0.33002,0.33132,0.33236,0.33308
0.037037,0.27534,0.014215,0.092469,0.25672,0.093766,0.10944,0.061749,0.071752,0.05727,0.11746,0.077046,0.10669,0.12072,0.12759,0.13243,0.13643,0.13938,0.14201,0.14419,0.14592,0.14755,0.14908,0.15033,0.15157,0.15258,0.15361,0.15439,0.15496,0.1561,0.15682,0.15761,0.15833,0.15892,0.15959,0.16019,0.16081,0.16144,0.1619,0.16258,0.16351,0.16376,0.16431,0.16495,0.16644,0.16594,0.16654,0.16722,0.16783,0.16842,0.16909,0.16981,0.16967,0.1712,0.17204,0.17297,0.1731,0.17509,0.17628,0.17783,0.17982,0.18134,0.18318,0.18462
0.2963,0.50036,0.19318,0.23644,0.5023,0.25385,0.28396,0.30343,0.11863,0.097764,0.15813,0.17763,0.19226,0.20336,0.21408,0.2296,0.24259,0.25567,0.26061,0.26382,0.26657,0.26847,0.27016,0.27167,0.27317,0.27421,0.2753,0.27636,0.27707,0.27806,0.27885,0.2796,0.27964,0.28083,0.28149,0.28203,0.28249,0.283,0.28353,0.28396,0.28479,0.28482,0.28523,0.28558,0.28644,0.28627,0.2866,0.28689,0.28715,0.28747,0.28769,0.28799,0.28789,0.28846,0.28882,0.28916,0.28923,0.2901,0.2907,0.29131,0.29232,0.29357,0.29484,0.29585
0.25926,0.40705,0.48251,0.48848,0.66499,0.28981,0.35274,0.31182,0.20573,0.13334,0.27122,0.37989,0.46493,0.50634,0.5361,0.5679,0.58726,0.59814,0.60585,0.61173,0.61696,0.6208,0.62436,0.62754,0.6306,0.63288,0.63523,0.63736,0.6393,0.64117,0.64288,0.64446,0.64527,0.64747,0.64878,0.65005,0.65131,0.65241,0.65347,0.65458,0.65572,0.65643,0.65733,0.65819,0.65905,0.65969,0.66044,0.66111,0.66175,0.66233,0.6629,0.6634,0.66398,0.66435,0.66474,0.6651,0.6654,0.66574,0.66597,0.66619,0.66637,0.66649,0.66659,0.66665
0,0.25387,0.38076,0.28585,0.5128,0.18035,0.20523,0.29303,0.12312,0.085457,0.1019,0.14125,0.16967,0.19302,0.22271,0.24273,0.25531,0.26471,0.27237,0.27889,0.28496,0.28891,0.29284,0.29633,0.29936,0.30205,0.30433,0.30657,0.30827,0.30987,0.3113,0.31251,0.31097,0.31479,0.31567,0.3165,0.31699,0.31786,0.31852,0.31898,0.31964,0.32002,0.32041,0.32063,0.32124,0.32154,0.32181,0.32211,0.32238,0.32284,0.32323,0.32356,0.3232,0.32464,0.32525,0.32595,0.32646,0.32738,0.32848,0.3291,0.3306,0.33158,0.3325,0.33314
0.037037,0.28207,0.11008,0.077626,0.20399,0.15931,0.18191,0.077169,0.061896,0.082503,0.050666,0.039006,0.035211,0.029361,0.027606,0.027509,0.027833,0.029496,0.030755,0.03187,0.0326,0.033565,0.034209,0.034802,0.035211,0.035732,0.036185,0.03648,0.037245,0.037241,0.03756,0.037834,0.041086,0.038414,0.03867,0.038923,0.039275,0.03938,0.0397,0.039865,0.040283,0.040126,0.040241,0.040337,0.039897,0.040373,0.040471,0.040425,0.040421,0.040287,0.040193,0.040001,0.039938,0.039584,0.039393,0.039074,0.038634,0.03847,0.038157,0.037795,0.037428,0.037344,0.037169,0.037068
0.25926,0.29637,0.14487,0.12589,0.43752,0.097771,0.046914,0.2257,0.089823,0.13989,0.14264,0.17058,0.17552,0.16504,0.15868,0.15348,0.14922,0.14522,0.1418,0.1386,0.1375,0.1329,0.13036,0.12782,0.12595,0.12305,0.1209,0.11869,0.1162,0.11429,0.11215,0.11006,0.1066,0.10587,0.10365,0.10153,0.099088,0.097351,0.095102,0.092848,0.091189,0.088615,0.086369,0.084022,0.082702,0.079675,0.077196,0.074762,0.072234,0.06977,0.067272,0.064687,0.061708,0.059523,0.056776,0.054097,0.05117,0.048684,0.046079,0.043675,0.041609,0.039658,0.03822,0.037325
0.25926,0.45067,0.14439,0.15891,0.48318,0.23847,0.19721,0.25543,0.051307,0.15151,0.17729,0.24478,0.26063,0.26829,0.26927,0.26891,0.26822,0.26756,0.26705,0.26637,0.26713,0.26555,0.26515,0.26477,0.26448,0.26406,0.26381,0.26346,0.2628,0.26299,0.26275,0.26246,0.26328,0.26205,0.26189,0.26168,0.26133,0.26132,0.26118,0.26099,0.26089,0.26073,0.2606,0.26049,0.26064,0.26021,0.26014,0.26003,0.25995,0.25986,0.25978,0.2597,0.25955,0.25958,0.25953,0.25948,0.25943,0.25938,0.25936,0.25932,0.25931,0.25928,0.25927,0.25926
0.14815,0.11731,0.19846,0.23496,0.46838,0.13458,0.14933,0.089843,0.19286,0.0092282,0.15739,0.17091,0.18003,0.20186,0.21555,0.21913,0.21939,0.21956,0.21852,0.21704,0.21643,0.21389,0.21202,0.21031,0.20857,0.20692,0.205,0.20351,0.20192,0.19998,0.19826,0.1966,0.19403,0.19294,0.19129,0.18955,0.18749,0.18614,0.18467,0.18259,0.18071,0.17936,0.17763,0.17579,0.17386,0.17234,0.1705,0.16878,0.16693,0.16526,0.16352,0.16179,0.15957,0.15874,0.15717,0.15566,0.15442,0.15289,0.15182,0.15067,0.14968,0.14906,0.14856,0.14825
0.2963,0.20661,0.36678,0.19229,0.56726,0.22498,0.24512,0.1123,0.11056,0.17367,0.24817,0.25231,0.28555,0.30417,0.33036,0.33926,0.34333,0.34579,0.34828,0.35052,0.35236,0.35472,0.35666,0.35826,0.35966,0.36079,0.36192,0.3627,0.36353,0.36403,0.36448,0.36488,0.36491,0.36566,0.36583,0.36599,0.36624,0.3663,0.36629,0.36649,0.36658,0.36662,0.36672,0.36682,0.36652,0.3669,0.36698,0.36708,0.36721,0.36731,0.36746,0.36763,0.36798,0.36804,0.36824,0.3685,0.36877,0.3691,0.36934,0.36964,0.3698,0.37007,0.37023,0.37034
0.037037,0.37558,0.13676,0.12411,0.34436,0.17112,0.17619,0.14134,0.052787,0.11555,0.21701,0.27614,0.29174,0.29777,0.3016,0.30492,0.309,0.31177,0.31541,0.31919,0.32501,0.32684,0.33053,0.33419,0.33757,0.34118,0.34428,0.34758,0.35005,0.35293,0.35549,0.358,0.35693,0.36182,0.36387,0.36575,0.36761,0.36909,0.37075,0.37199,0.37291,0.37492,0.37623,0.37741,0.37826,0.38027,0.38135,0.38265,0.38375,0.38507,0.38639,0.38742,0.39114,0.39057,0.39189,0.39333,0.39606,0.39675,0.39802,0.40029,0.40089,0.40411,0.4059,0.40719
0.18519,0.16238,0.18597,0.066763,0.47963,0.15313,0.10503,0.014083,0.25534,0.10652,0.15887,0.15065,0.15069,0.144,0.13841,0.13298,0.1244,0.124,0.1204,0.1173,0.11259,0.11176,0.10945,0.10726,0.10477,0.10338,0.10153,0.09981,0.098627,0.096564,0.095027,0.093546,0.090346,0.090773,0.08934,0.088001,0.086902,0.085468,0.084168,0.082995,0.08094,0.080711,0.079643,0.078593,0.076826,0.076711,0.075799,0.074952,0.074139,0.073431,0.072813,0.072175,0.072284,0.071605,0.071393,0.071341,0.072304,0.071774,0.071992,0.072401,0.072853,0.07336,0.073727,0.073981
0.14815,0.13222,0.036803,0.10646,0.23061,0.18612,0.12412,0.16157,0.081164,0.0042049,0.046333,0.050285,0.05488,0.060497,0.064437,0.068194,0.071051,0.074441,0.077005,0.079188,0.082355,0.082595,0.084097,0.085298,0.086412,0.087221,0.088129,0.088649,0.08911,0.089891,0.090346,0.090732,0.095412,0.09147,0.091762,0.091938,0.091828,0.092198,0.092174,0.092213,0.092688,0.092007,0.091829,0.091672,0.091733,0.091093,0.090713,0.090301,0.089936,0.089307,0.088614,0.088007,0.086604,0.086259,0.085319,0.084238,0.082397,0.081817,0.080445,0.07899,0.077447,0.076209,0.075095,0.074333
0,0.18751,0.12713,0.085132,0.42262,0.15437,0.16982,0.12687,0.10233,0.023459,0.041178,0.054567,0.08194,0.090303,0.096654,0.10177,0.10742,0.10895,0.11099,0.11218,0.11022,0.1131,0.1129,0.11274,0.11323,0.11218,0.112,0.11206,0.1115,0.11166,0.11148,0.11125,0.11162,0.11036,0.1101,0.10967,0.10997,0.10861,0.10813,0.1075,0.10805,0.10607,0.10538,0.1046,0.10394,0.10266,0.10177,0.10074,0.099673,0.098562,0.097397,0.096215,0.095273,0.093397,0.091886,0.090315,0.087916,0.086842,0.084956,0.082961,0.080651,0.078376,0.076284,0.074731
0.037037,0.3746,0.11679,0.17533,0.58146,0.17387,0.18807,0.058555,0.091865,0.054982,0.058268,0.1029,0.13904,0.15781,0.17628,0.18796,0.19451,0.19836,0.20066,0.20196,0.20228,0.2029,0.20313,0.20299,0.2029,0.2023,0.20198,0.20131,0.20078,0.20052,0.20003,0.19956,0.19685,0.19864,0.1982,0.19766,0.19739,0.19678,0.19609,0.19567,0.1952,0.19462,0.19412,0.19368,0.19328,0.19264,0.19212,0.1916,0.19103,0.19055,0.18998,0.18944,0.18966,0.18858,0.18801,0.18755,0.18711,0.18672,0.18631,0.18604,0.18582,0.18549,0.18533,0.18522
0.037037,0.22341,0.19197,0.13338,0.50954,0.19198,0.1561,0.17329,0.2226,0.14983,0.2157,0.26153,0.26344,0.25324,0.24425,0.23579,0.23407,0.22369,0.21879,0.21437,0.20937,0.2066,0.20303,0.1997,0.19637,0.19364,0.19078,0.1882,0.18555,0.18344,0.18122,0.17912,0.17648,0.1752,0.17341,0.17169,0.1701,0.16851,0.16697,0.16564,0.16414,0.16292,0.16168,0.16052,0.15961,0.15819,0.15721,0.15625,0.15534,0.15448,0.15367,0.15291,0.15236,0.15163,0.15101,0.15047,0.15,0.14956,0.14918,0.14888,0.14862,0.1484,0.14826,0.14818
0.074074,0.13396,0.1239,0.063327,0.20053,0.13642,0.086359,0.18208,0.067257,0.13634,0.13673,0.14385,0.14783,0.15506,0.16017,0.16141,0.15975,0.15591,0.15168,0.14725,0.14091,0.13983,0.13689,0.13445,0.13215,0.13072,0.12927,0.12809,0.12741,0.12618,0.12538,0.12474,0.12268,0.12332,0.12283,0.1223,0.12187,0.12133,0.12086,0.12044,0.11974,0.11946,0.11905,0.11864,0.11806,0.11762,0.11722,0.11679,0.11629,0.11586,0.11539,0.1149,0.11461,0.11405,0.1136,0.11317,0.11285,0.11249,0.11212,0.11183,0.11158,0.11137,0.11122,0.11113
0,0.38752,0.086187,0.083142,0.3128,0.11494,0.13924,0.25929,0.064511,0.024223,0.070384,0.07253,0.093174,0.1315,0.14476,0.1534,0.1579,0.16375,0.16683,0.16929,0.17085,0.17282,0.17411,0.1752,0.17605,0.17689,0.17763,0.17835,0.17853,0.17945,0.17993,0.18047,0.17883,0.18116,0.1815,0.18188,0.18247,0.18251,0.1828,0.18307,0.183,0.18355,0.18379,0.18397,0.18394,0.18438,0.18455,0.18479,0.18484,0.18509,0.18533,0.18544,0.18674,0.1858,0.18581,0.18591,0.18664,0.18611,0.1859,0.18606,0.1855,0.18566,0.18547,0.18536
0.22222,0.36982,0.13193,0.2034,0.45942,0.11741,0.20375,0.12377,0.052783,0.12665,0.15144,0.18846,0.23517,0.27021,0.28014,0.29248,0.30198,0.30519,0.30814,0.3108,0.3147,0.31437,0.28269,0.28433,0.28613,0.28844,0.29029,0.29203,0.29372,0.29487,0.29612,0.29724,0.29718,0.29932,0.30025,0.3011,0.30163,0.30269,0.30342,0.30402,0.30452,0.30537,0.30596,0.30651,0.30687,0.30767,0.30814,0.30865,0.30919,0.30965,0.3101,0.31055,0.31024,0.31143,0.31182,0.31219,0.3129,0.31276,0.31301,0.31315,0.31334,0.31284,0.31191,0.30888
0.11111,0.5748,0.24401,0.29733,0.52719,0.27298,0.4863,0.35132,0.29889,0.14178,0.35963,0.3969,0.40738,0.40936,0.41166,0.41332,0.4143,0.41529,0.41598,0.41649,0.41647,0.41719,0.41752,0.41772,0.418,0.41809,0.41827,0.41825,0.41841,0.41842,0.41844,0.41841,0.41783,0.41833,0.41832,0.41822,0.41826,0.41792,0.41775,0.41753,0.41746,0.41712,0.41687,0.41664,0.41641,0.41591,0.41548,0.41504,0.4146,0.41418,0.41367,0.41311,0.41307,0.41198,0.41146,0.41087,0.41025,0.4098,0.40928,0.40872,0.40833,0.40789,0.40762,0.40746
0.037037,0.38149,0.25849,0.10395,0.47233,0.013781,0.071396,0.042877,0.076459,0.028322,0.11742,0.12661,0.1329,0.13673,0.14114,0.14442,0.14668,0.14863,0.15003,0.15105,0.15247,0.15272,0.15335,0.15387,0.15446,0.15481,0.15516,0.15551,0.15549,0.15598,0.15619,0.15634,0.15707,0.15673,0.15684,0.1569,0.15685,0.15703,0.15701,0.15686,0.15684,0.15678,0.15665,0.15643,0.15702,0.15617,0.15583,0.15551,0.15519,0.15482,0.1544,0.15394,0.15324,0.153,0.15242,0.15184,0.15132,0.15071,0.15008,0.14953,0.14923,0.14869,0.14839,0.1482
0.037037,0.31514,0.16325,0.081772,0.38447,0.1504,0.084574,0.17394,0.083294,0.027635,0.092464,0.11705,0.11922,0.13301,0.14769,0.1589,0.19865,0.21059,0.21651,0.22133,0.22714,0.22917,0.23229,0.23497,0.23731,0.23948,0.2413,0.24299,0.24415,0.24579,0.24701,0.24815,0.24725,0.24996,0.25085,0.25161,0.25213,0.253,0.25356,0.25408,0.2546,0.25508,0.2555,0.2559,0.25659,0.2566,0.2569,0.25718,0.25743,0.25768,0.2579,0.2581,0.25824,0.25846,0.25859,0.25873,0.25884,0.25893,0.25902,0.2591,0.25917,0.2592,0.25923,0.25925
0.11111,0.49276,0.38394,0.32969,0.55023,0.27027,0.24666,0.22181,0.17033,0.23228,0.28321,0.36093,0.38361,0.39321,0.40072,0.40657,0.4119,0.41429,0.41647,0.41788,0.4195,0.41955,0.41991,0.41999,0.41981,0.41999,0.41975,0.41925,0.41917,0.41852,0.41801,0.41752,0.41786,0.41628,0.41566,0.41498,0.41403,0.41355,0.41266,0.4118,0.41068,0.4103,0.40936,0.40857,0.40785,0.40667,0.40555,0.40452,0.40352,0.40239,0.40123,0.39995,0.39773,0.39767,0.39641,0.39521,0.39524,0.39256,0.39099,0.39002,0.38947,0.38659,0.38425,0.37922
0.25926,0.19175,0.15972,0.14129,0.43223,0.17143,0.13874,0.21764,0.076959,0.16857,0.2125,0.20053,0.21088,0.21428,0.21622,0.21762,0.21886,0.21985,0.22049,0.22094,0.22125,0.22152,0.22145,0.22152,0.22111,0.2215,0.22144,0.22147,0.22143,0.22133,0.22128,0.22131,0.22302,0.22116,0.22121,0.22117,0.22148,0.22091,0.22117,0.22114,0.22098,0.22103,0.221,0.22079,0.22181,0.22088,0.22081,0.22089,0.22084,0.22085,0.22078,0.22089,0.22219,0.22045,0.22084,0.22091,0.22064,0.22121,0.2215,0.22124,0.22224,0.22196,0.22212,0.22218
0.037037,0.41687,0.19069,0.1923,0.59659,0.3437,0.32615,0.16463,0.10652,0.23192,0.25065,0.26897,0.2716,0.26962,0.2665,0.26478,0.26427,0.26347,0.26309,0.26281,0.26336,0.26227,0.26201,0.26178,0.26168,0.26136,0.26121,0.26106,0.26086,0.26079,0.26068,0.26054,0.25997,0.26037,0.26028,0.26021,0.26007,0.26009,0.26,0.25995,0.26004,0.25984,0.25979,0.25975,0.25987,0.25962,0.25961,0.25956,0.25953,0.2595,0.25948,0.25943,0.25944,0.25941,0.25937,0.25935,0.25931,0.25932,0.2593,0.25929,0.25929,0.25927,0.25926,0.25926
0.40741,0.69185,0.26693,0.31503,0.58173,0.3545,0.44249,0.31327,0.18991,0.24709,0.37829,0.42695,0.47755,0.49579,0.5068,0.51534,0.5211,0.5238,0.52549,0.52644,0.52801,0.52727,0.52748,0.52761,0.52769,0.52783,0.52788,0.52799,0.5278,0.52799,0.52802,0.52804,0.52683,0.52804,0.52811,0.52811,0.52774,0.52811,0.52807,0.52792,0.52766,0.52782,0.52773,0.52755,0.52818,0.52732,0.52708,0.52679,0.52649,0.52624,0.52586,0.52536,0.52455,0.52459,0.52393,0.52331,0.52301,0.52212,0.52125,0.52062,0.52033,0.51935,0.51889,0.51863
0.037037,0.12441,0.21223,0.084382,0.20487,0.11809,0.19238,0.13018,0.1342,0.071673,0.17637,0.18899,0.14331,0.1308,0.12011,0.11295,0.10724,0.10332,0.099717,0.096603,0.093466,0.090693,0.087981,0.085482,0.083136,0.080667,0.078461,0.076346,0.074169,0.07219,0.070262,0.068437,0.067941,0.064937,0.06327,0.061631,0.060055,0.058484,0.057083,0.055675,0.054354,0.052946,0.051678,0.050429,0.049276,0.04816,0.047084,0.046075,0.045098,0.044155,0.043258,0.042419,0.041732,0.040927,0.040283,0.039674,0.039119,0.038659,0.038229,0.037859,0.037578,0.03734,0.037174,0.037072
0.18519,0.53378,0.41463,0.30533,0.60906,0.26006,0.29629,0.17421,0.086616,0.18144,0.2658,0.32176,0.36291,0.37885,0.38772,0.39396,0.40078,0.40229,0.40514,0.40726,0.41,0.4102,0.41115,0.41185,0.41252,0.4127,0.4129,0.41299,0.4134,0.41295,0.41283,0.41272,0.41226,0.4123,0.41212,0.41184,0.41135,0.41131,0.41104,0.41076,0.41056,0.41027,0.41002,0.40978,0.40905,0.40937,0.40914,0.40898,0.40879,0.40862,0.40843,0.4083,0.40786,0.40803,0.40792,0.40783,0.40773,0.40765,0.40759,0.40754,0.40745,0.40746,0.40743,0.40741
0.11111,0.1109,0.20211,0.24204,0.51588,0.059799,0.083338,0.16891,0.082662,0.1328,0.17461,0.15751,0.14768,0.14107,0.12879,0.11862,0.11451,0.10889,0.10606,0.10385,0.10419,0.10065,0.099366,0.098185,0.09684,0.096221,0.095338,0.094485,0.093511,0.092886,0.092107,0.091304,0.08693,0.089931,0.089167,0.088442,0.087479,0.08697,0.086152,0.085335,0.084405,0.083748,0.082851,0.0819,0.081064,0.079862,0.078733,0.077527,0.076263,0.074963,0.073513,0.071891,0.069269,0.068008,0.065842,0.063425,0.060369,0.057421,0.053866,0.048826,0.043246,0.035594,0.025855,0.015768
0.22222,0.50328,0.19501,0.25771,0.51023,0.25066,0.38726,0.30701,0.14792,0.27791,0.39919,0.44754,0.48891,0.51845,0.54027,0.55585,0.56739,0.5751,0.58114,0.58563,0.58975,0.59189,0.59407,0.59575,0.5973,0.5981,0.59901,0.59966,0.59982,0.60062,0.60093,0.60107,0.60047,0.60132,0.60135,0.60131,0.60114,0.60115,0.60095,0.60073,0.6008,0.60029,0.60003,0.59975,0.60007,0.59906,0.59873,0.59832,0.59793,0.59753,0.59711,0.59666,0.59619,0.5958,0.59535,0.59492,0.5944,0.59411,0.59375,0.59341,0.59321,0.5929,0.59273,0.59262
0,0.21659,0.018318,0.067362,0.27601,0.19146,0.13658,0.10617,0.088549,0.19499,0.17513,0.23042,0.24844,0.25509,0.26071,0.26659,0.27284,0.27808,0.28321,0.28805,0.29274,0.29688,0.30065,0.30432,0.30762,0.31098,0.31395,0.31696,0.31937,0.3222,0.32471,0.3271,0.32953,0.33165,0.33375,0.3358,0.33795,0.33964,0.34162,0.3434,0.34518,0.34688,0.34853,0.3501,0.35226,0.35327,0.35472,0.35613,0.35754,0.35885,0.36014,0.36139,0.3629,0.36365,0.36473,0.36572,0.36662,0.36745,0.36821,0.36883,0.36946,0.36981,0.37012,0.37031
0.11111,0.35572,0.16635,0.13587,0.55775,0.09266,0.14472,0.13783,0.19602,0.17167,0.16416,0.15746,0.13375,0.12855,0.13251,0.1391,0.14865,0.16349,0.16868,0.17066,0.17296,0.17281,0.17369,0.17451,0.1749,0.17593,0.17671,0.17735,0.17768,0.17871,0.17936,0.18001,0.18041,0.18135,0.18208,0.18277,0.18317,0.18423,0.18497,0.18563,0.18576,0.18713,0.18792,0.18873,0.19068,0.19043,0.19131,0.19221,0.19322,0.19417,0.19515,0.1962,0.19687,0.19835,0.19945,0.20059,0.20252,0.20298,0.20414,0.20563,0.20761,0.20924,0.21219,0.21734
0.037037,0.33172,0.22479,0.14294,0.36289,0.039592,0.23734,0.18424,0.2343,0.12611,0.073531,0.082845,0.090812,0.099933,0.11033,0.12197,0.13203,0.13834,0.14283,0.14613,0.14867,0.15055,0.15223,0.15358,0.15453,0.15565,0.15647,0.15716,0.15785,0.15819,0.15857,0.15891,0.15795,0.15932,0.15944,0.15951,0.15948,0.1595,0.15937,0.15928,0.15889,0.1589,0.15866,0.1584,0.15778,0.15767,0.1573,0.1569,0.15643,0.15593,0.15538,0.15479,0.15415,0.15358,0.15291,0.15226,0.15171,0.15094,0.15029,0.14974,0.14913,0.14876,0.14843,0.14822
0.074074,0.14001,0.19002,0.20474,0.22873,0.052667,0.23857,0.26342,0.070503,0.18569,0.1549,0.19701,0.19513,0.2134,0.23065,0.24178,0.24842,0.25893,0.26546,0.27084,0.27403,0.27788,0.28034,0.2824,0.2837,0.28557,0.28685,0.28802,0.28899,0.28984,0.29065,0.29139,0.29226,0.29267,0.29323,0.29372,0.29419,0.29453,0.29495,0.29526,0.29542,0.29582,0.29605,0.2962,0.29643,0.29657,0.29667,0.29676,0.29682,0.29686,0.29686,0.29686,0.29686,0.29677,0.29676,0.2967,0.29667,0.29658,0.29653,0.29644,0.29641,0.29636,0.29633,0.2963
0.14815,0.65629,0.38813,0.38092,0.56361,0.30547,0.43544,0.18751,0.092959,0.28873,0.41801,0.48171,0.49536,0.49526,0.4993,0.50255,0.50496,0.50644,0.50747,0.50825,0.50977,0.5095,0.50994,0.51024,0.50982,0.51078,0.5111,0.511,0.51134,0.51139,0.51148,0.51159,0.51837,0.51183,0.51192,0.5121,0.51222,0.5122,0.51235,0.51276,0.51149,0.5129,0.51297,0.51325,0.51271,0.51326,0.5135,0.51385,0.51438,0.51449,0.51478,0.51524,0.51503,0.51536,0.51598,0.51632,0.51731,0.51677,0.51743,0.51759,0.51765,0.51818,0.51839,0.51847
0.074074,0.44921,0.087499,0.22028,0.43354,0.029811,0.084385,0.13629,0.34564,0.023003,0.070233,0.089466,0.098143,0.12738,0.14585,0.14929,0.15219,0.15344,0.15465,0.15507,0.15029,0.12328,0.1226,0.12296,0.12333,0.12382,0.12408,0.12435,0.1244,0.12463,0.12471,0.12482,0.12451,0.12472,0.12469,0.1246,0.12449,0.12427,0.1241,0.1239,0.12381,0.12348,0.12319,0.12286,0.12307,0.12225,0.12182,0.12143,0.12093,0.12047,0.11992,0.11936,0.11861,0.11794,0.1173,0.11658,0.11562,0.11493,0.11419,0.11336,0.11286,0.11204,0.11154,0.11121
0.18519,0.67577,0.42755,0.43167,0.66879,0.25558,0.38662,0.22006,0.1335,0.34768,0.45165,0.47895,0.48864,0.49746,0.50751,0.51768,0.52798,0.53659,0.54463,0.55143,0.55846,0.56263,0.56682,0.5704,0.57351,0.57602,0.57814,0.57996,0.58151,0.58275,0.58388,0.58487,0.58597,0.58648,0.58714,0.58771,0.58822,0.58867,0.5891,0.58946,0.58982,0.59012,0.59039,0.59062,0.59086,0.59107,0.59125,0.59142,0.59158,0.59171,0.59183,0.59195,0.59206,0.59214,0.59223,0.5923,0.59236,0.59241,0.59246,0.5925,0.59254,0.59256,0.59258,0.59259
0.44444,0.68491,0.50287,0.49936,0.69143,0.21213,0.32186,0.24316,0.10333,0.30699,0.31507,0.33726,0.35708,0.36904,0.38475,0.40415,0.42451,0.43694,0.44527,0.45094,0.45696,0.45936,0.4622,0.46465,0.46682,0.46857,0.47012,0.47158,0.47299,0.4738,0.47475,0.47568,0.47613,0.47697,0.47766,0.47818,0.47844,0.47904,0.47947,0.47981,0.4801,0.4804,0.48064,0.48083,0.48104,0.4812,0.48131,0.48143,0.48148,0.48156,0.48159,0.48164,0.48148,0.48163,0.48165,0.48164,0.48162,0.4816,0.48157,0.48154,0.48152,0.48151,0.48149,0.48148
0.2963,0.85118,0.67086,0.59451,0.84183,0.31812,0.35165,0.30265,0.13659,0.30551,0.39606,0.45669,0.47276,0.4823,0.48893,0.49402,0.49944,0.50225,0.50571,0.50887,0.51248,0.51474,0.51725,0.51964,0.52178,0.52383,0.52578,0.52744,0.52951,0.53017,0.53139,0.53239,0.53451,0.53406,0.53486,0.53545,0.53609,0.53642,0.53683,0.53716,0.53726,0.53758,0.53776,0.53796,0.53669,0.53814,0.53827,0.53833,0.53844,0.53845,0.5385,0.53873,0.53909,0.53871,0.53899,0.53917,0.53937,0.53992,0.54044,0.54165,0.54056,0.54398,0.54649,0.55059
0.037037,0.33857,0.27077,0.25072,0.71293,0.17805,0.14116,0.18055,0.16039,0.21235,0.19694,0.20003,0.20301,0.20827,0.21142,0.21413,0.21521,0.21795,0.21933,0.22019,0.19649,0.18894,0.18852,0.18934,0.19125,0.19254,0.19436,0.19716,0.19903,0.20166,0.20385,0.20565,0.2001,0.20858,0.20936,0.21008,0.21117,0.21107,0.21157,0.21175,0.21187,0.21221,0.21242,0.2126,0.21349,0.21303,0.21323,0.21344,0.21384,0.21407,0.21447,0.21484,0.2169,0.21592,0.21643,0.21705,0.21758,0.21841,0.21915,0.2199,0.22103,0.22127,0.22179,0.22213
NaN,0.14962,0.18293,0.08642,0.66091,0.1541,0.13582,0.082695,0.16544,0.13634,0.16589,0.20349,0.21436,0.21335,0.21522,0.21683,0.21568,0.21782,0.21768,0.21742,0.21626,0.21703,0.21694,0.21686,0.21708,0.21689,0.21699,0.21705,0.21734,0.21736,0.21754,0.21771,0.2174,0.21811,0.2183,0.2185,0.21884,0.21892,0.21909,0.21929,0.21957,0.21969,0.21989,0.22009,0.22025,0.22044,0.22062,0.22077,0.22093,0.22108,0.22122,0.22135,0.22158,0.2216,0.2217,0.2218,0.22188,0.22196,0.22203,0.22209,0.22214,0.22218,0.2222,0.22222
0.18519,0.24795,0.25595,0.26383,0.41365,0.1451,0.35191,0.30608,0.11736,0.26051,0.34697,0.38697,0.41232,0.42833,0.43882,0.44716,0.45346,0.45971,0.46453,0.46856,0.47213,0.47492,0.47748,0.47972,0.48167,0.48366,0.4853,0.48687,0.48817,0.48968,0.491,0.49221,0.49399,0.49453,0.49567,0.49677,0.49774,0.49891,0.5,0.50098,0.50206,0.50307,0.50404,0.50499,0.50614,0.50691,0.50782,0.50871,0.5096,0.51048,0.51135,0.51217,0.51271,0.51377,0.51452,0.51522,0.51583,0.51641,0.51697,0.5174,0.51778,0.5181,0.51833,0.51847
0.074074,0.66218,0.4998,0.46542,0.68991,0.33846,0.43959,0.2252,0.12772,0.33107,0.47847,0.57338,0.6276,0.67078,0.69477,0.70905,0.71893,0.72651,0.73235,0.73705,0.74161,0.7441,0.74685,0.7492,0.75099,0.75313,0.75477,0.7562,0.75764,0.75887,0.76003,0.76111,0.76237,0.76313,0.76402,0.7649,0.76577,0.76653,0.76729,0.76801,0.76864,0.76938,0.77002,0.77065,0.77123,0.77183,0.77239,0.77292,0.77345,0.77392,0.77439,0.77481,0.77541,0.77562,0.77598,0.77631,0.77661,0.77689,0.77711,0.77731,0.7775,0.77761,0.7777,0.77776
0.22222,0.74705,0.48281,0.36353,0.76748,0.23385,0.36577,0.27062,0.29462,0.21058,0.34016,0.46183,0.50753,0.53959,0.56054,0.57609,0.58858,0.599,0.60855,0.61752,0.62704,0.63383,0.63998,0.64496,0.64892,0.65192,0.65422,0.65622,0.65783,0.65905,0.66014,0.66105,0.66157,0.66248,0.66305,0.66354,0.66389,0.66429,0.66465,0.66491,0.66521,0.66538,0.66557,0.66573,0.66586,0.66597,0.66609,0.66618,0.66626,0.66632,0.66639,0.66643,0.66645,0.66651,0.66655,0.66658,0.66659,0.66661,0.66663,0.66664,0.66665,0.66666,0.66666,0.66667
0.11111,0.53394,0.28623,0.30524,0.60999,0.28639,0.48569,0.2038,0.14031,0.30893,0.40457,0.44283,0.47005,0.48865,0.49941,0.50751,0.51502,0.52336,0.53235,0.54043,0.54758,0.55042,0.55269,0.55399,0.55413,0.55463,0.5542,0.5538,0.55296,0.55265,0.55225,0.55198,0.55237,0.55134,0.55131,0.55132,0.55142,0.55138,0.55158,0.55169,0.55182,0.55206,0.55224,0.55242,0.55277,0.55284,0.55308,0.5533,0.55351,0.55373,0.55393,0.55412,0.55435,0.55449,0.55468,0.55484,0.55499,0.55511,0.55523,0.55532,0.55541,0.55547,0.55552,0.55555
0.25926,0.82221,0.65895,0.5679,0.83725,0.30722,0.28577,0.27995,0.26779,0.19953,0.30143,0.35092,0.3797,0.40672,0.42705,0.43879,0.44722,0.4498,0.4524,0.45395,0.45608,0.45553,0.4559,0.45601,0.45611,0.45591,0.45579,0.45564,0.45571,0.45518,0.45493,0.45469,0.4539,0.45422,0.45403,0.45378,0.45346,0.45341,0.45306,0.45283,0.45329,0.45244,0.45223,0.45194,0.45159,0.45146,0.45122,0.45092,0.45062,0.45034,0.45,0.44965,0.44979,0.44891,0.44832,0.44787,0.44683,0.44684,0.44629,0.44584,0.44559,0.44496,0.44467,0.44449
0.33333,0.86828,0.74347,0.64948,0.86333,0.28133,0.40434,0.28367,0.22182,0.35776,0.42667,0.45175,0.47773,0.49543,0.51012,0.52141,0.53252,0.5364,0.54109,0.54453,0.54794,0.54941,0.55102,0.5523,0.55335,0.55415,0.55485,0.5554,0.55602,0.55616,0.55644,0.55666,0.55545,0.55695,0.55701,0.55706,0.55709,0.55708,0.55702,0.557,0.557,0.55689,0.55682,0.55676,0.55655,0.5566,0.55652,0.55643,0.55634,0.55626,0.55618,0.5561,0.55605,0.55596,0.55588,0.55583,0.55577,0.55572,0.55567,0.55565,0.55561,0.55559,0.55557,0.55556
0.37037,0.38352,0.089346,0.25219,0.44873,0.24668,0.14939,0.24906,0.1233,0.22426,0.1069,0.052412,0.082538,0.11146,0.13445,0.15231,0.16153,0.16027,0.16136,0.16201,0.16297,0.16287,0.16305,0.16318,0.16322,0.16332,0.16336,0.16328,0.16352,0.16322,0.16315,0.16306,0.16423,0.16285,0.16273,0.16258,0.16239,0.16222,0.1621,0.16186,0.16147,0.16152,0.16129,0.16107,0.16061,0.16056,0.16026,0.15992,0.15959,0.15915,0.1587,0.15824,0.15792,0.15706,0.15646,0.15574,0.15535,0.15396,0.15298,0.1519,0.15101,0.14981,0.14895,0.14836
0.14815,0.33026,0.37327,0.34128,0.62461,0.29987,0.51523,0.46089,0.21645,0.28554,0.43948,0.51224,0.56218,0.59078,0.61723,0.64033,0.64818,0.6529,0.6561,0.65858,0.66032,0.66251,0.66393,0.66525,0.66652,0.66753,0.66837,0.66934,0.67006,0.67074,0.67139,0.67203,0.67312,0.67295,0.67345,0.67387,0.67427,0.67458,0.67502,0.67526,0.67578,0.67586,0.67609,0.67624,0.67673,0.67671,0.6768,0.67688,0.67691,0.6769,0.67681,0.67664,0.67654,0.67633,0.67597,0.67549,0.67461,0.67413,0.67316,0.67203,0.67122,0.66938,0.66806,0.66705
0.14815,0.81443,0.58955,0.52907,0.75422,0.26516,0.42937,0.36053,0.20679,0.33084,0.53102,0.58311,0.61319,0.63443,0.65137,0.66619,0.67996,0.69235,0.70375,0.71357,0.72356,0.73031,0.73823,0.74949,0.76682,0.78112,0.78716,0.79111,0.79448,0.79676,0.79894,0.80089,0.80156,0.80398,0.80535,0.80652,0.80763,0.80854,0.80937,0.81011,0.81079,0.8114,0.81193,0.81241,0.81279,0.81317,0.81346,0.81372,0.81394,0.81414,0.81429,0.81444,0.81473,0.81462,0.81468,0.81474,0.81476,0.81478,0.81479,0.8148,0.81484,0.81481,0.81481,0.81482
0.22222,0.47936,0.24062,0.27001,0.49847,0.19586,0.2587,0.085669,0.1724,0.32449,0.46818,0.46149,0.46055,0.46963,0.47885,0.4851,0.48936,0.48995,0.49034,0.48981,0.49168,0.49173,0.49306,0.49433,0.49578,0.49694,0.4983,0.49942,0.50121,0.50134,0.50226,0.50321,0.50508,0.50398,0.50467,0.50516,0.50552,0.50562,0.5061,0.50623,0.50724,0.5061,0.50613,0.5059,0.50658,0.50606,0.50588,0.50516,0.50485,0.50443,0.50358,0.50313,0.50055,0.50164,0.50115,0.50037,0.49528,0.49859,0.49807,0.49786,0.49861,0.49744,0.50011,0.50693
0.33333,0.92488,0.71796,0.64226,0.84925,0.36039,0.45018,0.48251,0.20738,0.482,0.60932,0.64712,0.66308,0.67296,0.70139,0.73519,0.7455,0.74942,0.75284,0.75548,0.75984,0.75995,0.76134,0.76284,0.76421,0.76531,0.76643,0.7675,0.76824,0.76911,0.76985,0.77056,0.7715,0.77178,0.77233,0.77282,0.77306,0.7736,0.7741,0.77442,0.77481,0.77501,0.77531,0.77554,0.77586,0.77607,0.77624,0.77642,0.77661,0.77676,0.7769,0.77703,0.777,0.77722,0.77734,0.77742,0.77749,0.77759,0.77763,0.77767,0.77771,0.77774,0.77776,0.77777
0.18519,0.51034,0.29104,0.37036,0.71846,0.25697,0.42371,0.1755,0.092007,0.15037,0.25516,0.2829,0.31522,0.35398,0.36975,0.3767,0.38067,0.38286,0.38429,0.38509,0.38567,0.38586,0.38595,0.38592,0.38647,0.38566,0.38545,0.38526,0.38518,0.38473,0.38449,0.38423,0.38323,0.38372,0.38349,0.38318,0.3832,0.38274,0.38243,0.3823,0.38345,0.38181,0.38156,0.38127,0.3801,0.38072,0.38064,0.38029,0.37993,0.37964,0.37919,0.37893,0.38049,0.37815,0.37745,0.37688,0.37434,0.37525,0.37455,0.37377,0.37267,0.37188,0.37106,0.37054
NaN,0.36671,0.34619,0.25713,0.70056,0.17052,0.23189,0.091865,0.18834,0.18767,0.24179,0.23071,0.23051,0.23214,0.23389,0.23516,0.23468,0.23716,0.23831,0.23975,0.24084,0.24366,0.24631,0.24919,0.2528,0.25471,0.25689,0.25867,0.25956,0.26072,0.26139,0.26186,0.26311,0.26226,0.26237,0.26239,0.26229,0.26227,0.26218,0.26207,0.26245,0.26177,0.2616,0.26141,0.26147,0.26115,0.26098,0.26082,0.26067,0.26051,0.26035,0.26018,0.26,0.25997,0.25985,0.25973,0.25945,0.25957,0.25948,0.25941,0.25937,0.25932,0.25928,0.25926
0.037037,0.39191,0.36863,0.41942,0.69811,0.2606,0.50316,0.37736,0.24455,0.33112,0.40239,0.44077,0.47385,0.5045,0.51281,0.51869,0.52339,0.52692,0.52997,0.53252,0.5349,0.53671,0.53839,0.53988,0.5412,0.54246,0.54355,0.54452,0.54545,0.54626,0.54702,0.54771,0.54846,0.54895,0.5495,0.55001,0.55049,0.55093,0.55133,0.55171,0.55207,0.55241,0.55272,0.553,0.55327,0.55351,0.55374,0.55396,0.55415,0.55433,0.5545,0.55465,0.5548,0.55492,0.55503,0.55513,0.55522,0.5553,0.55537,0.55543,0.55547,0.55551,0.55554,0.55555
0.037037,0.32347,0.22831,0.22977,0.38896,0.14059,0.23971,0.18509,0.092947,0.19684,0.21598,0.24113,0.25739,0.27045,0.30845,0.31929,0.32328,0.32657,0.32925,0.33155,0.33394,0.33555,0.33729,0.33888,0.3403,0.34181,0.34318,0.34445,0.34587,0.34689,0.34803,0.34913,0.34938,0.35131,0.35232,0.3533,0.35418,0.35519,0.35607,0.35694,0.35776,0.35867,0.35948,0.36029,0.36082,0.36184,0.36257,0.36329,0.364,0.36467,0.36531,0.36594,0.36636,0.36709,0.36761,0.3681,0.36857,0.36895,0.36932,0.36964,0.36987,0.3701,0.37025,0.37034
0.037037,0.19081,0.13538,0.15412,0.46596,0.22768,0.15831,0.12153,0.22725,0.13515,0.19736,0.1941,0.20109,0.20544,0.21027,0.21451,0.21849,0.22199,0.22513,0.22801,0.2317,0.233,0.23502,0.2369,0.23871,0.24018,0.24155,0.243,0.24438,0.24521,0.24622,0.24719,0.24589,0.24887,0.2496,0.25031,0.25081,0.25149,0.25208,0.25262,0.25315,0.25363,0.2541,0.25444,0.25434,0.25532,0.25562,0.25598,0.25619,0.25659,0.25686,0.25719,0.25772,0.25765,0.25783,0.2581,0.25827,0.25846,0.25867,0.25884,0.25893,0.25908,0.25918,0.25923
0.37037,0.86945,0.70692,0.66563,0.87455,0.33968,0.43752,0.38118,0.25765,0.20742,0.46906,0.51763,0.54209,0.55922,0.57429,0.58739,0.59943,0.60935,0.61802,0.62489,0.63169,0.63536,0.639,0.64199,0.64427,0.64661,0.64845,0.64999,0.65154,0.65264,0.65372,0.65468,0.65481,0.65646,0.65718,0.65788,0.65847,0.65916,0.65968,0.66023,0.66076,0.66122,0.66168,0.66214,0.66246,0.6629,0.66329,0.66362,0.66396,0.66427,0.66459,0.66487,0.6651,0.66537,0.66558,0.66578,0.66596,0.66613,0.66627,0.6664,0.66649,0.66657,0.66662,0.66666
0.11111,0.68508,0.55856,0.50314,0.85564,0.21514,0.2912,0.095111,0.17369,0.28405,0.42383,0.46248,0.48424,0.49782,0.50811,0.51586,0.52283,0.52728,0.53157,0.53512,0.53885,0.54098,0.54329,0.5453,0.54692,0.54865,0.55006,0.55127,0.55276,0.55338,0.55427,0.55508,0.55573,0.55647,0.55707,0.55761,0.55817,0.55858,0.55896,0.55936,0.55978,0.56002,0.56032,0.56059,0.56021,0.56109,0.56126,0.56137,0.56147,0.56156,0.56156,0.56152,0.56193,0.56136,0.56111,0.5608,0.56034,0.55985,0.55921,0.55847,0.55775,0.55689,0.5562,0.55571
0.037037,0.083205,0.14679,0.13795,0.27164,0.0178,0.16657,0.060546,0.21863,0.2969,0.21764,0.20738,0.20038,0.20907,0.21679,0.22407,0.23056,0.23537,0.23969,0.2434,0.24603,0.24893,0.25145,0.25358,0.25556,0.25743,0.25912,0.26081,0.26244,0.26389,0.26532,0.26667,0.26277,0.26955,0.27079,0.27203,0.2732,0.27461,0.27557,0.27682,0.27794,0.27913,0.28025,0.2814,0.28232,0.28354,0.28455,0.28556,0.28662,0.28756,0.28851,0.28942,0.29011,0.29128,0.292,0.29276,0.29349,0.29408,0.29462,0.29516,0.29551,0.29587,0.29611,0.29626
0.2963,0.11054,0.29736,0.11626,0.51901,0.29439,0.22957,0.20344,0.2126,0.067971,0.063262,0.12774,0.1512,0.16641,0.18873,0.2204,0.23408,0.23819,0.23967,0.24046,0.24167,0.24175,0.24232,0.2431,0.24451,0.24559,0.24767,0.25009,0.25501,0.25894,0.26343,0.26706,0.27169,0.2714,0.2725,0.27331,0.2741,0.27399,0.27395,0.27401,0.27412,0.27353,0.2733,0.27309,0.2718,0.27224,0.27184,0.27134,0.27089,0.27029,0.26973,0.26906,0.2692,0.26759,0.26676,0.26589,0.26477,0.26417,0.26312,0.26228,0.26129,0.26048,0.25982,0.25942
0.37037,0.58013,0.40233,0.33163,0.63759,0.10777,0.32778,0.29087,0.12012,0.23053,0.37461,0.41124,0.40751,0.42534,0.43507,0.43895,0.44041,0.43841,0.43881,0.44007,0.44293,0.44398,0.44614,0.44835,0.45036,0.45247,0.45474,0.4568,0.45874,0.46076,0.46264,0.46439,0.46647,0.46748,0.46892,0.47026,0.47127,0.47256,0.47359,0.47452,0.47514,0.47587,0.47658,0.47719,0.47755,0.47817,0.47866,0.47903,0.47936,0.47968,0.47995,0.48015,0.48022,0.48059,0.48075,0.48088,0.48103,0.48118,0.48125,0.48132,0.48135,0.48142,0.48145,0.48147
0.11111,0.27295,0.1608,0.19812,0.32874,0.20161,0.2618,0.19957,0.23015,0.038289,0.055167,0.095953,0.12132,0.13357,0.14298,0.14924,0.15348,0.15632,0.15838,0.15985,0.16108,0.16169,0.16223,0.16262,0.16296,0.16298,0.1631,0.16315,0.16318,0.16303,0.16292,0.1628,0.16201,0.16245,0.16227,0.16206,0.16179,0.1616,0.16139,0.16119,0.16108,0.16069,0.16048,0.16024,0.16,0.15974,0.15953,0.15933,0.15907,0.15888,0.15865,0.15846,0.15789,0.15786,0.15761,0.15726,0.1566,0.1563,0.1555,0.1544,0.15319,0.1516,0.15002,0.14864
0.11111,0.17173,0.20911,0.18955,0.47332,0.24308,0.17492,0.13435,0.18693,0.094393,0.097656,0.12329,0.15139,0.15968,0.16756,0.17107,0.1723,0.17266,0.17324,0.17405,0.17424,0.17583,0.17676,0.17765,0.17839,0.1791,0.17983,0.18032,0.1807,0.18141,0.18181,0.18209,0.18384,0.18275,0.18297,0.18321,0.18352,0.18358,0.18378,0.1839,0.18391,0.18409,0.18422,0.18434,0.1848,0.18447,0.18456,0.1846,0.18469,0.18473,0.18481,0.18484,0.18507,0.18495,0.18499,0.18501,0.18507,0.1851,0.18512,0.18514,0.18518,0.18517,0.18518,0.18519
0.18519,0.55504,0.31291,0.38648,0.77696,0.19335,0.20775,0.1273,0.071085,0.21084,0.34089,0.35956,0.40305,0.39958,0.40071,0.40058,0.37065,0.36976,0.37104,0.37128,0.37199,0.37052,0.36995,0.36947,0.36894,0.36899,0.36872,0.36862,0.36886,0.36854,0.3686,0.36873,0.37032,0.36887,0.36918,0.36935,0.36928,0.36981,0.37009,0.37016,0.37073,0.37085,0.37106,0.37127,0.37032,0.37195,0.37207,0.37227,0.37246,0.37265,0.37268,0.37286,0.37179,0.37292,0.37284,0.37275,0.37214,0.37219,0.37196,0.3716,0.37081,0.37094,0.37065,0.37044
0.25926,0.3292,0.074703,0.17263,0.27854,0.3107,0.13143,0.19963,0.19519,0.17811,0.18776,0.19712,0.18705,0.18865,0.19366,0.19838,0.20551,0.20712,0.2108,0.21395,0.21651,0.21917,0.22122,0.22307,0.22466,0.22595,0.22721,0.22836,0.22895,0.23016,0.23093,0.23162,0.2335,0.23299,0.23349,0.23396,0.23469,0.23481,0.23525,0.23565,0.23641,0.23625,0.2366,0.2369,0.23809,0.23747,0.23778,0.23807,0.23848,0.23871,0.23905,0.23953,0.24154,0.24044,0.24104,0.24171,0.24172,0.24359,0.24468,0.2461,0.24825,0.25027,0.25338,0.2571
0.18519,0.75157,0.33365,0.37616,0.78963,0.20039,0.21326,0.23983,0.30865,0.1335,0.25516,0.33685,0.37426,0.39591,0.41168,0.41926,0.42131,0.4269,0.42917,0.43085,0.43207,0.43315,0.43389,0.43449,0.43508,0.43532,0.43565,0.43591,0.43635,0.43627,0.43643,0.43659,0.4368,0.43684,0.43698,0.43713,0.43732,0.43742,0.43763,0.43784,0.43794,0.43821,0.43844,0.43867,0.43866,0.4392,0.43952,0.43982,0.44014,0.44048,0.44084,0.44117,0.44151,0.44187,0.44225,0.44258,0.44297,0.44326,0.44354,0.44379,0.44399,0.4442,0.44433,0.44442
0.074074,0.18091,0.14534,0.14339,0.088557,0.2895,0.088831,0.17857,0.23394,0.099949,0.14436,0.16315,0.173,0.16682,0.16062,0.15219,0.14293,0.13583,0.12938,0.12384,0.11909,0.11472,0.11089,0.10734,0.10387,0.10104,0.098112,0.095412,0.092605,0.09031,0.087872,0.085585,0.083678,0.081069,0.078986,0.076801,0.074629,0.072573,0.070377,0.068325,0.066179,0.064156,0.06205,0.059949,0.058403,0.055562,0.053338,0.051139,0.048903,0.046514,0.043932,0.041456,0.039167,0.03614,0.033299,0.030437,0.027284,0.02427,0.021204,0.017889,0.014888,0.01091,0.0073788,0.0036469
0.18519,0.16169,0.23305,0.14466,0.57458,0.23404,0.21968,0.25687,0.094918,0.12335,0.11432,0.1258,0.13782,0.17653,0.20417,0.21667,0.22256,0.22564,0.22776,0.22935,0.2312,0.23194,0.23301,0.23402,0.23495,0.23583,0.23668,0.23752,0.23821,0.23904,0.23978,0.24052,0.2401,0.24192,0.24265,0.24333,0.244,0.24473,0.24541,0.2461,0.24676,0.24746,0.24815,0.24882,0.24964,0.25022,0.25089,0.25156,0.25219,0.25289,0.25352,0.25417,0.25492,0.25543,0.25599,0.25655,0.25706,0.25753,0.25797,0.25835,0.25869,0.25892,0.25911,0.25922
0.18519,0.48785,0.47177,0.35495,0.57733,0.14834,0.32029,0.09108,0.14414,0.11258,0.15361,0.18205,0.20451,0.22317,0.2585,0.26468,0.26829,0.27023,0.27173,0.27266,0.2737,0.27359,0.27372,0.27403,0.27705,0.28872,0.30405,0.30694,0.30763,0.30722,0.30684,0.30627,0.3021,0.30505,0.30439,0.30363,0.30277,0.30206,0.3012,0.30035,0.29889,0.29873,0.2979,0.29698,0.29619,0.29537,0.29457,0.29375,0.29289,0.29234,0.29169,0.29116,0.2904,0.29031,0.28995,0.28987,0.29072,0.29014,0.29076,0.2915,0.29256,0.29362,0.29489,0.29588
0.25926,0.13938,0.25014,0.12994,0.15824,0.20602,0.10834,0.21755,0.25906,0.040305,0.032841,0.033218,0.038279,0.039776,0.041879,0.043318,0.044636,0.045048,0.045896,0.047019,0.04774,0.049435,0.050735,0.051966,0.052961,0.053961,0.054806,0.055598,0.056392,0.056598,0.05699,0.057295,0.056243,0.057679,0.057852,0.058007,0.058203,0.058237,0.0583,0.058396,0.058515,0.058563,0.058706,0.058816,0.058719,0.059054,0.059162,0.059254,0.05928,0.059428,0.059512,0.059569,0.059657,0.059587,0.059489,0.059366,0.059202,0.058968,0.05849,0.057937,0.057298,0.055811,0.053443,0.048079
0.037037,0.39833,0.19415,0.16531,0.66288,0.14525,0.20103,0.084559,0.05541,0.028099,0.077636,0.14975,0.19446,0.21986,0.22732,0.23995,0.24701,0.24865,0.24569,0.24224,0.23961,0.23757,0.23623,0.23517,0.23454,0.2338,0.23326,0.2328,0.2326,0.23206,0.23172,0.23137,0.23213,0.23065,0.23038,0.23003,0.22967,0.22936,0.22901,0.2286,0.22811,0.22779,0.22733,0.22686,0.2264,0.22588,0.22528,0.2246,0.22393,0.22313,0.22224,0.22128,0.2198,0.21907,0.2177,0.21608,0.21462,0.21241,0.20984,0.20698,0.20348,0.19918,0.19386,0.18817
0.14815,0.63708,0.25426,0.34643,0.65509,0.11135,0.16216,0.086456,0.20133,0.203,0.16217,0.1746,0.22436,0.2528,0.27645,0.29162,0.32862,0.3322,0.33454,0.33599,0.33795,0.33796,0.33869,0.33927,0.33869,0.34033,0.34079,0.34138,0.34295,0.34169,0.34202,0.34228,0.33348,0.34289,0.34337,0.34351,0.34397,0.34434,0.34453,0.34406,0.34071,0.34469,0.34479,0.34445,0.34165,0.34583,0.34555,0.34538,0.3449,0.34543,0.34499,0.34457,0.34966,0.34591,0.34467,0.34412,0.35486,0.34368,0.3405,0.3395,0.34043,0.33759,0.33521,0.33421
0.11111,0.29323,0.42028,0.31995,0.71923,0.22437,0.29453,0.32555,0.16996,0.15126,0.26982,0.35607,0.37759,0.39469,0.40561,0.41267,0.4173,0.42057,0.42282,0.42439,0.42649,0.4265,0.42709,0.42748,0.42781,0.42777,0.42784,0.42779,0.42765,0.42731,0.42701,0.42659,0.42578,0.42585,0.42535,0.42482,0.42428,0.42374,0.42314,0.42258,0.42211,0.42127,0.42062,0.41989,0.41878,0.41865,0.41789,0.4171,0.41641,0.41565,0.41489,0.4142,0.41382,0.41266,0.41193,0.41121,0.41044,0.40991,0.40927,0.40872,0.40826,0.40791,0.40764,0.40748
0.037037,0.26339,0.25992,0.24451,0.56575,0.28531,0.31151,0.31771,0.14348,0.046672,0.05775,0.14658,0.16543,0.17789,0.19089,0.20283,0.2137,0.22436,0.23532,0.24702,0.25728,0.26565,0.27163,0.27602,0.27937,0.28192,0.28409,0.28583,0.28763,0.28863,0.28973,0.29067,0.29217,0.29222,0.29286,0.2934,0.29412,0.29431,0.2947,0.29504,0.29532,0.29556,0.29578,0.29596,0.29596,0.29625,0.29633,0.2964,0.29646,0.29649,0.29651,0.29653,0.29679,0.29651,0.2965,0.29647,0.29645,0.29643,0.2964,0.29637,0.29635,0.29632,0.29631,0.2963
0.074074,0.24546,0.046364,0.046846,0.07147,0.19318,0.13694,0.0268,0.10226,0.069579,0.064098,0.078035,0.079661,0.08253,0.081216,0.079475,0.077779,0.076631,0.075487,0.074505,0.074315,0.073024,0.072511,0.071974,0.071935,0.071116,0.070863,0.070405,0.070147,0.069857,0.069561,0.069252,0.070706,0.068739,0.068437,0.068154,0.067857,0.067611,0.06722,0.06684,0.066616,0.066125,0.065701,0.065319,0.064623,0.064374,0.06385,0.06326,0.062954,0.062142,0.061467,0.060715,0.060841,0.059027,0.058115,0.056924,0.055793,0.054211,0.052268,0.049804,0.047791,0.044402,0.040876,0.037906
0.14815,0.58414,0.19106,0.092131,0.71034,0.18033,0.17748,0.0371,0.017455,0.067677,0.028241,0.053054,0.069515,0.076053,0.081724,0.088733,0.095377,0.099046,0.10078,0.10162,0.10298,0.10291,0.10355,0.10441,0.10571,0.10678,0.10812,0.11028,0.11279,0.11401,0.11634,0.11902,0.1053,0.12355,0.12626,0.12862,0.13058,0.13239,0.13475,0.13593,0.13761,0.13927,0.14029,0.14096,0.14108,0.14312,0.14365,0.14431,0.1448,0.14532,0.14575,0.14621,0.14609,0.14664,0.14703,0.14728,0.14749,0.14756,0.14775,0.14782,0.14794,0.14805,0.14811,0.14814
0.037037,0.061923,0.048522,0.02762,0.10267,0.12038,0.086222,0.05688,0.15063,0.048216,0.058833,0.026575,0.0050409,0.0086622,0.0097281,0.010239,0.010167,0.010314,0.010392,0.010641,0.011013,0.01145,0.011973,0.012565,0.013092,0.013771,0.014349,0.014869,0.015567,0.015901,0.016329,0.016661,0.018337,0.017167,0.017414,0.017528,0.017702,0.017584,0.017579,0.017469,0.017253,0.017175,0.016938,0.016705,0.015976,0.015881,0.015435,0.014904,0.014406,0.013767,0.013098,0.012435,0.012045,0.010887,0.010096,0.0092439,0.00843,0.0073114,0.0063986,0.0053731,0.0042646,0.0032339,0.0021773,0.0011326
0.074074,0.25063,0.10169,0.042526,0.28676,0.1418,0.16178,0.039604,0.10703,0.14422,0.24504,0.22044,0.21588,0.21519,0.21365,0.21049,0.20647,0.19676,0.1898,0.18652,0.18503,0.18469,0.18442,0.18419,0.18407,0.18391,0.18385,0.18369,0.18363,0.18366,0.18363,0.18362,0.18342,0.1836,0.1836,0.18363,0.1837,0.18373,0.18372,0.18376,0.18388,0.18392,0.18398,0.18408,0.18423,0.18422,0.1843,0.18437,0.18444,0.18452,0.18461,0.18469,0.1848,0.18481,0.18486,0.18492,0.18497,0.18502,0.18506,0.18511,0.18514,0.18515,0.18517,0.18518
0,0.22349,0.35797,0.36757,0.68051,0.25306,0.22284,0.36131,0.15983,0.22645,0.25027,0.29709,0.33526,0.35388,0.365,0.3885,0.40764,0.41283,0.41488,0.41641,0.41728,0.41818,0.41897,0.41942,0.4197,0.42017,0.42049,0.42042,0.42062,0.42079,0.42083,0.42084,0.42568,0.42077,0.42069,0.42064,0.42078,0.42051,0.4202,0.42013,0.41958,0.41986,0.4196,0.41957,0.41944,0.4188,0.41847,0.41814,0.41795,0.41737,0.41698,0.41638,0.41692,0.41536,0.41459,0.41391,0.41377,0.41208,0.41105,0.41069,0.40971,0.40864,0.40798,0.40756
0.14815,0.31042,0.31112,0.32614,0.63344,0.29804,0.35324,0.33844,0.1173,0.093199,0.20361,0.2617,0.30358,0.33094,0.35019,0.36537,0.38111,0.41926,0.43273,0.4419,0.45073,0.45582,0.46113,0.46588,0.46992,0.47332,0.47654,0.4795,0.48199,0.48411,0.48611,0.48795,0.48501,0.49108,0.49256,0.49386,0.49508,0.49624,0.49738,0.49839,0.49956,0.50044,0.50147,0.50234,0.50331,0.50417,0.50512,0.50594,0.50664,0.5077,0.50853,0.50951,0.51059,0.51132,0.5121,0.51309,0.51383,0.51483,0.51563,0.51654,0.51728,0.51772,0.51815,0.51844
0.14815,0.20573,0.13893,0.17331,0.3777,0.22383,0.21509,0.11388,0.21068,0.15959,0.15847,0.16637,0.16392,0.1784,0.18628,0.18881,0.19024,0.19123,0.19212,0.19264,0.19161,0.1926,0.19204,0.1914,0.19054,0.18963,0.18871,0.18782,0.18636,0.18578,0.18483,0.18392,0.18429,0.1822,0.18147,0.18074,0.18028,0.17949,0.17905,0.1786,0.17808,0.17786,0.1776,0.17738,0.17788,0.17722,0.17722,0.17729,0.17747,0.17767,0.17796,0.17835,0.17931,0.1793,0.17987,0.18049,0.18121,0.18184,0.18253,0.18322,0.18397,0.18439,0.18482,0.18509
0.18519,0.55874,0.14105,0.20635,0.56307,0.091598,0.23871,0.15618,0.097508,0.11597,0.070851,0.10474,0.12898,0.14463,0.14865,0.14991,0.15001,0.15082,0.15205,0.15374,0.15609,0.15783,0.15987,0.1619,0.16424,0.1658,0.16761,0.16939,0.17108,0.17269,0.17428,0.17584,0.17848,0.17888,0.18033,0.18177,0.18323,0.18465,0.1861,0.18751,0.18941,0.19043,0.19189,0.19336,0.19463,0.19643,0.19792,0.19947,0.20107,0.20264,0.20427,0.20591,0.20743,0.20928,0.21094,0.2126,0.21404,0.21577,0.21726,0.21864,0.21979,0.22083,0.22159,0.22206
0.074074,0.14665,0.16844,0.14856,0.066266,0.074124,0.16426,0.046615,0.27892,0.031291,0.040488,0.085895,0.11107,0.12509,0.13585,0.14416,0.15051,0.15525,0.15908,0.16222,0.16442,0.16663,0.1685,0.16993,0.1714,0.17218,0.1731,0.17365,0.17421,0.17489,0.1753,0.17561,0.17594,0.17606,0.17618,0.17628,0.17637,0.17641,0.17625,0.1763,0.17652,0.17602,0.17585,0.17573,0.17646,0.17527,0.17503,0.1748,0.17459,0.17436,0.17414,0.17391,0.17394,0.1738,0.1737,0.1737,0.17373,0.17405,0.17448,0.17527,0.17656,0.17804,0.18051,0.18352
0.11111,0.31089,0.10288,0.066747,0.23668,0.15342,0.02941,0.044054,0.060281,0.077659,0.082341,0.10231,0.10006,0.11075,0.11131,0.1108,0.10946,0.10676,0.104,0.10112,0.097794,0.096003,0.093757,0.091584,0.089926,0.087808,0.086045,0.084336,0.082731,0.081266,0.079811,0.078261,0.074913,0.075503,0.074104,0.072758,0.071452,0.070131,0.068775,0.067351,0.066541,0.064898,0.06356,0.062288,0.061208,0.059488,0.058199,0.056747,0.055381,0.053956,0.05257,0.051162,0.049551,0.048206,0.046755,0.045351,0.043742,0.042445,0.04121,0.040087,0.039101,0.038192,0.03756,0.037187
0.18519,0.33501,0.12817,0.25175,0.4737,0.23219,0.25499,0.21816,0.30474,0.25474,0.31753,0.35684,0.37962,0.39191,0.39817,0.40277,0.4064,0.40928,0.41173,0.41385,0.41583,0.41739,0.41897,0.42039,0.42161,0.42299,0.42423,0.42533,0.4264,0.42742,0.42839,0.4293,0.43001,0.43102,0.43185,0.43263,0.43322,0.4341,0.43474,0.43541,0.43593,0.43666,0.43721,0.43778,0.43851,0.4387,0.43912,0.4395,0.4399,0.44019,0.44045,0.44061,0.43973,0.44091,0.44095,0.44092,0.44108,0.44048,0.4399,0.43958,0.43956,0.43798,0.43772,0.44006
0.037037,0.19228,0.15939,0.27323,0.49207,0.13478,0.43765,0.32921,0.20286,0.20461,0.24634,0.27401,0.32612,0.34406,0.34285,0.34273,0.34662,0.35014,0.35348,0.35622,0.35824,0.36058,0.3621,0.36353,0.36491,0.36576,0.36663,0.36745,0.36792,0.36861,0.3691,0.36957,0.37161,0.37015,0.37046,0.37068,0.37091,0.37096,0.37119,0.37124,0.37183,0.37139,0.37145,0.37146,0.37162,0.37144,0.37141,0.37137,0.37132,0.37125,0.3712,0.37113,0.37097,0.37097,0.3709,0.37082,0.37061,0.37067,0.37059,0.37052,0.37046,0.37042,0.37039,0.37038
0.11111,0.3179,0.38935,0.31391,0.528,0.22725,0.36997,0.22361,0.17449,0.42736,0.48134,0.51351,0.53333,0.54518,0.55645,0.56541,0.57266,0.5794,0.58508,0.59011,0.59574,0.59899,0.60296,0.60662,0.61015,0.61339,0.61652,0.61939,0.62288,0.62504,0.62767,0.63022,0.63165,0.63485,0.63706,0.63919,0.64125,0.6432,0.64491,0.64665,0.64843,0.64999,0.65147,0.65293,0.65333,0.65549,0.65671,0.65782,0.65882,0.65981,0.66074,0.66158,0.66234,0.66304,0.66365,0.66425,0.66474,0.66517,0.66556,0.66593,0.66615,0.6664,0.66654,0.66663
0.074074,0.3915,0.30293,0.40003,0.66317,0.17245,0.33644,0.24882,0.10322,0.067972,0.15058,0.1882,0.21955,0.24356,0.26991,0.27837,0.28287,0.28532,0.2907,0.29767,0.3059,0.31096,0.31525,0.31853,0.32104,0.32307,0.32476,0.32648,0.3275,0.32885,0.32996,0.33106,0.32908,0.33286,0.3337,0.33447,0.33516,0.33583,0.33655,0.3371,0.33782,0.33825,0.33876,0.33915,0.33987,0.3401,0.34037,0.34063,0.34082,0.341,0.34109,0.34114,0.34098,0.34083,0.34058,0.34021,0.33971,0.33901,0.3382,0.33723,0.33619,0.33518,0.33424,0.33358
0.18519,0.53504,0.19004,0.26387,0.69563,0.32209,0.11828,0.075834,0.24141,0.10064,0.17616,0.20163,0.22747,0.23528,0.24084,0.24444,0.24948,0.2488,0.25016,0.25104,0.25088,0.25212,0.25246,0.25255,0.25239,0.25242,0.25223,0.25195,0.25176,0.25134,0.25095,0.25056,0.24821,0.24966,0.24921,0.24873,0.24843,0.24785,0.24727,0.24686,0.24622,0.24593,0.2455,0.2451,0.24461,0.24418,0.24381,0.24347,0.24306,0.24277,0.24246,0.24223,0.24215,0.24153,0.24132,0.24112,0.24098,0.24077,0.24064,0.24042,0.23967,0.2396,0.23891,0.23614
