0.057471,0.14198,0.057745,0.090897,0.12471,0.19208,0.19421,0.15356,0.087834,0.077375,0.13337,0.15965,0.17381,0.16473,0.15806,0.15406,0.14871,0.14308,0.13886,0.13561,0.13294,0.13091,0.12901,0.12743,0.12666,0.12468,0.12353,0.12266,0.12166,0.12088,0.12017,0.11954,0.11967,0.11844,0.11809,0.11773,0.1174,0.1172,0.11712,0.11703,0.11703,0.1169,0.11694,0.11698,0.11705,0.11719,0.11741,0.1176,0.11786,0.11815,0.11841,0.1188,0.11908,0.11962,0.12012,0.12067,0.1214,0.12196,0.12264,0.12349,0.12423,0.12509,0.12578,0.12626
0.057471,0.14692,0.11564,0.062739,0.20673,0.073351,0.13159,0.16976,0.032402,0.096917,0.037511,0.064085,0.071559,0.068347,0.065961,0.06814,0.069992,0.068705,0.067588,0.066781,0.066617,0.065992,0.06598,0.066079,0.066367,0.066514,0.066766,0.067049,0.067353,0.067579,0.067779,0.067987,0.067587,0.068173,0.068262,0.068318,0.068274,0.068347,0.068298,0.068228,0.068148,0.067965,0.067786,0.067588,0.067271,0.067015,0.066726,0.066379,0.065984,0.065573,0.06514,0.064603,0.064079,0.063579,0.062956,0.062301,0.061615,0.060902,0.060195,0.059517,0.058827,0.058285,0.057838,0.057565
0.034483,0.098531,0.14378,0.088215,0.12306,0.10922,0.17974,0.1063,0.10159,0.16173,0.075148,0.085859,0.084387,0.081299,0.077443,0.072584,0.048943,0.044431,0.041737,0.040132,0.039532,0.038078,0.037172,0.036237,0.035441,0.034174,0.032503,0.03044,0.028103,0.02584,0.023692,0.021776,0.017232,0.018346,0.016839,0.015416,0.014061,0.012902,0.011542,0.010319,0.0096082,0.0082191,0.0071308,0.0060967,0.0054219,0.004042,0.0030662,0.002162,0.0013667,0.0010871,0.0015669,0.002348,0.0034492,0.0041822,0.0051776,0.0060703,0.0071062,0.0078836,0.0087212,0.0094388,0.010089,0.010708,0.011137,0.011407
0.057471,0.10507,0.13793,0.084716,0.070506,0.018668,0.027392,0.095056,0.1009,0.12066,0.069284,0.073397,0.078003,0.074059,0.07303,0.073264,0.075695,0.079655,0.083388,0.086638,0.089455,0.091524,0.093497,0.095191,0.09679,0.098073,0.099185,0.10025,0.1012,0.10187,0.10258,0.10315,0.10292,0.10417,0.10451,0.10484,0.10513,0.10528,0.10544,0.10554,0.10573,0.10559,0.10552,0.10535,0.1052,0.10507,0.1048,0.10449,0.10404,0.10365,0.10319,0.1025,0.1023,0.10133,0.1005,0.099612,0.098745,0.097557,0.096457,0.094759,0.0937,0.091717,0.089692,0.085142
0.057471,0.15293,0.075978,0.095619,0.19262,0.0173,0.079147,0.10448,0.071948,0.15392,0.051135,0.076372,0.087412,0.10262,0.11241,0.11796,0.12071,0.12263,0.12353,0.12426,0.12503,0.12447,0.12458,0.12448,0.12413,0.12408,0.12377,0.12335,0.12311,0.12243,0.12195,0.12143,0.11994,0.12022,0.11965,0.11902,0.11818,0.11769,0.11692,0.11614,0.11544,0.11454,0.1137,0.11283,0.11117,0.1111,0.11019,0.10925,0.10821,0.10728,0.10621,0.10508,0.10341,0.10263,0.10136,0.099961,0.097732,0.096755,0.094773,0.092748,0.089677,0.087353,0.084361,0.08165
0.011494,0.087189,0.1619,0.080564,0.19023,0.12556,0.14309,0.13177,0.15527,0.060193,0.045393,0.037477,0.040831,0.047006,0.05028,0.05292,0.05459,0.056307,0.057381,0.058167,0.058514,0.058957,0.059311,0.05947,0.059816,0.059578,0.059508,0.059452,0.059143,0.05928,0.059128,0.058942,0.058306,0.058663,0.058484,0.058301,0.058298,0.058022,0.05774,0.057596,0.057394,0.057257,0.057084,0.056934,0.056996,0.056604,0.056452,0.05634,0.056229,0.056175,0.056113,0.056109,0.056371,0.056166,0.056144,0.056242,0.05629,0.05645,0.056639,0.056855,0.05698,0.057192,0.057342,0.057433
0.057471,0.16442,0.21022,0.1022,0.22752,0.016562,0.022597,0.074069,0.075759,0.22783,0.17197,0.13521,0.13497,0.13752,0.15865,0.15818,0.15595,0.15484,0.1534,0.15211,0.15164,0.15054,0.12713,0.12668,0.12662,0.12637,0.1263,0.12635,0.12616,0.12654,0.12667,0.12686,0.12573,0.12745,0.12785,0.12815,0.1286,0.12897,0.12929,0.12968,0.13101,0.13082,0.1313,0.13185,0.13273,0.13298,0.13351,0.13418,0.13495,0.13565,0.13631,0.13716,0.13808,0.13884,0.13966,0.14066,0.14049,0.14257,0.14355,0.14502,0.14586,0.14733,0.14846,0.14921
0.034483,0.20503,0.073179,0.026212,0.20526,0.17585,0.057385,0.030322,0.186,0.12274,0.068314,0.064596,0.06229,0.062437,0.059615,0.055414,0.044788,0.035066,0.03568,0.03618,0.036085,0.03665,0.036865,0.03713,0.037488,0.037805,0.038253,0.038696,0.039183,0.039597,0.040066,0.040609,0.041038,0.041552,0.042083,0.04257,0.043129,0.043597,0.044079,0.044633,0.044967,0.045565,0.046055,0.046504,0.04707,0.047495,0.04788,0.04838,0.048803,0.049248,0.049679,0.05014,0.050749,0.050953,0.051295,0.051658,0.05233,0.052255,0.052438,0.052313,0.052015,0.051227,0.049419,0.045054
0.034483,0.12686,0.13306,0.086623,0.073227,0.10239,0.076491,0.18688,0.053866,0.13638,0.051606,0.070461,0.076515,0.074808,0.072035,0.067256,0.056257,0.044922,0.039132,0.035767,0.033463,0.032211,0.031118,0.030345,0.029943,0.029337,0.028914,0.028629,0.02859,0.028334,0.028186,0.028115,0.02922,0.028005,0.027965,0.027915,0.027952,0.02788,0.027912,0.027946,0.028108,0.02788,0.027902,0.027937,0.027722,0.02781,0.027831,0.027885,0.027914,0.027857,0.02782,0.027831,0.027861,0.027763,0.027712,0.027638,0.02697,0.027582,0.027405,0.027339,0.02711,0.027147,0.027378,0.02786
0.10345,0.069724,0.096506,0.17692,0.093638,0.13327,0.12009,0.19079,0.069118,0.066204,0.095313,0.098308,0.090973,0.088784,0.08158,0.0761,0.07248,0.07035,0.068981,0.068132,0.066836,0.066577,0.066128,0.06573,0.065309,0.065059,0.064742,0.064364,0.063787,0.063813,0.06358,0.063262,0.065517,0.06281,0.062596,0.062377,0.062089,0.061972,0.061799,0.061633,0.060888,0.061152,0.060938,0.060757,0.061037,0.060617,0.060362,0.060178,0.060183,0.060031,0.05989,0.059679,0.059696,0.05996,0.059902,0.059786,0.060284,0.059617,0.059437,0.058968,0.057899,0.05693,0.055392,0.053779
0.10345,0.082346,0.072839,0.097771,0.070856,0.055359,0.046272,0.094817,0.011954,0.15999,0.11023,0.09539,0.079937,0.071928,0.064505,0.057895,0.052175,0.046861,0.042329,0.03844,0.034806,0.032174,0.02987,0.027973,0.026549,0.0255,0.024742,0.024273,0.024435,0.024046,0.024166,0.024483,0.022881,0.025128,0.025598,0.026145,0.026323,0.027335,0.027886,0.028493,0.028629,0.029871,0.030582,0.031257,0.031874,0.032807,0.033517,0.034359,0.035103,0.035985,0.036922,0.037938,0.037413,0.04005,0.041193,0.04249,0.044391,0.045524,0.047141,0.048933,0.051273,0.053219,0.055262,0.056826
0.12644,0.1123,0.12551,0.097118,0.14603,0.0092642,0.076802,0.19737,0.15775,0.12478,0.086343,0.092948,0.14101,0.14381,0.14382,0.1441,0.14466,0.14532,0.14601,0.14664,0.1471,0.14792,0.14852,0.1491,0.14964,0.15019,0.15085,0.15121,0.15156,0.15226,0.15274,0.15318,0.15391,0.1538,0.15385,0.15334,0.15189,0.14058,0.1368,0.136,0.13513,0.13582,0.13627,0.13683,0.13736,0.13784,0.13843,0.13902,0.13972,0.14038,0.14106,0.1418,0.14271,0.14319,0.1442,0.14508,0.14584,0.1471,0.1478,0.14907,0.14976,0.15054,0.15133,0.15178
0.08046,0.066876,0.14877,0.059185,0.019738,0.039675,0.081916,0.019801,0.091552,0.14038,0.086226,0.11373,0.11814,0.12428,0.12398,0.12275,0.12099,0.11967,0.11821,0.11649,0.11486,0.1134,0.11198,0.11063,0.10903,0.10834,0.10737,0.10639,0.10574,0.10504,0.10438,0.10381,0.10782,0.10281,0.10243,0.10204,0.1015,0.10126,0.10105,0.10071,0.10015,0.10021,0.10001,0.099849,0.099699,0.099485,0.099484,0.099464,0.099578,0.099616,0.099735,0.099991,0.09917,0.10027,0.10067,0.10107,0.10176,0.102,0.10241,0.10291,0.10327,0.10349,0.10353,0.10353
0.1954,0.085076,0.053819,0.071677,0.10004,0.041664,0.027576,0.065775,0.054767,0.14685,0.051715,0.04555,0.051171,0.055405,0.063835,0.069445,0.072775,0.074391,0.074676,0.073587,0.071337,0.069292,0.067694,0.066402,0.065217,0.064605,0.063876,0.063201,0.062659,0.061955,0.061401,0.060792,0.0608,0.059645,0.059094,0.058523,0.057784,0.057395,0.056788,0.056172,0.055409,0.054921,0.05428,0.053598,0.053188,0.052367,0.051639,0.050939,0.050198,0.049442,0.048626,0.047795,0.047065,0.045985,0.044982,0.043912,0.042831,0.041482,0.040281,0.038875,0.037875,0.036409,0.035405,0.034683
0.011494,0.089987,0.060235,0.068596,0.044521,0.054496,0.016609,0.1053,0.15602,0.18912,0.15181,0.11748,0.11042,0.10401,0.098258,0.092906,0.088506,0.084414,0.081397,0.079666,0.078795,0.078716,0.079096,0.079674,0.080391,0.081233,0.082018,0.082788,0.083599,0.084241,0.08489,0.085457,0.08535,0.086546,0.086967,0.087328,0.087502,0.087956,0.088015,0.088133,0.088505,0.088259,0.088202,0.088169,0.087838,0.087815,0.087598,0.087314,0.087135,0.086808,0.086575,0.086231,0.086253,0.085981,0.085713,0.085666,0.085473,0.085927,0.086299,0.087169,0.088057,0.089333,0.090939,0.092268
0.057471,0.077161,0.068819,0.12033,0.084374,0.13025,0.035464,0.22056,0.15145,0.0487,0.0088895,0.017305,0.01863,0.016198,0.020059,0.027799,0.034254,0.039676,0.043392,0.046177,0.048941,0.050384,0.051789,0.053011,0.053804,0.054951,0.055728,0.056391,0.056612,0.057457,0.057881,0.058262,0.061765,0.058825,0.059079,0.059311,0.059226,0.059511,0.059727,0.059778,0.05949,0.059921,0.059928,0.05986,0.060862,0.05967,0.059556,0.059373,0.059182,0.058948,0.058644,0.058256,0.056437,0.057189,0.056763,0.056167,0.055303,0.054721,0.053806,0.052624,0.0514,0.049345,0.047025,0.043872
0.14943,0.057839,0.13065,0.15402,0.080321,0.083206,0.093396,0.063395,0.061017,0.0086886,0.073059,0.059995,0.057128,0.052268,0.054508,0.059066,0.065404,0.072258,0.074205,0.072589,0.070768,0.069433,0.068163,0.06699,0.065348,0.064887,0.063836,0.062792,0.06232,0.060838,0.059879,0.05893,0.058632,0.05712,0.056236,0.055381,0.054356,0.053734,0.052966,0.052155,0.05111,0.050835,0.050135,0.049517,0.047969,0.048176,0.047635,0.047069,0.046532,0.04598,0.045464,0.044911,0.04386,0.043821,0.043247,0.042633,0.042497,0.041083,0.04015,0.039321,0.037588,0.036831,0.035676,0.034782
0.011494,0.03303,0.019849,0.087616,0.083352,0.08562,0.10776,0.12151,0.062581,0.14802,0.088377,0.09851,0.10577,0.1134,0.12305,0.13221,0.14467,0.16071,0.16502,0.16822,0.17031,0.17294,0.1749,0.17664,0.17787,0.17958,0.18087,0.18195,0.18303,0.18406,0.18498,0.1858,0.18669,0.18726,0.18788,0.1885,0.18921,0.18958,0.19004,0.19047,0.19078,0.19128,0.19161,0.19196,0.19192,0.19254,0.19275,0.19299,0.19319,0.19334,0.19353,0.19372,0.19402,0.19401,0.19413,0.19428,0.19439,0.19454,0.1947,0.19491,0.195,0.19519,0.19531,0.19538
0.14943,0.13859,0.050052,0.056784,0.087399,0.17206,0.04271,0.0401,0.12865,0.11744,0.069028,0.058132,0.050458,0.0396,0.040104,0.032078,0.027776,0.025566,0.022784,0.021354,0.02298,0.023199,0.024293,0.024953,0.025723,0.02571,0.025806,0.025821,0.026406,0.025845,0.025776,0.02577,0.024031,0.025497,0.025448,0.025319,0.025065,0.025172,0.024939,0.024857,0.025026,0.024741,0.024644,0.024614,0.024197,0.024609,0.024561,0.024659,0.024754,0.024962,0.025185,0.025569,0.025681,0.026461,0.027053,0.027782,0.028654,0.029438,0.030408,0.031388,0.032321,0.033196,0.033882,0.034326
0.034483,0.24038,0.076095,0.090239,0.12207,0.051528,0.1533,0.089754,0.11463,0.040411,0.081121,0.10762,0.10333,0.10011,0.11062,0.10643,0.102,0.097257,0.092437,0.088741,0.086594,0.08581,0.085415,0.085373,0.085353,0.085899,0.086464,0.087022,0.087308,0.088355,0.089093,0.089866,0.090701,0.091576,0.092514,0.093417,0.094294,0.09536,0.09639,0.097433,0.098271,0.099501,0.10062,0.10173,0.10364,0.10405,0.10525,0.10648,0.10773,0.109,0.11026,0.1116,0.11255,0.11422,0.11562,0.11696,0.11851,0.11977,0.1211,0.12239,0.12376,0.12477,0.12566,0.12624
0.10345,0.059953,0.12693,0.028181,0.040771,0.080569,0.041052,0.092772,0.022741,0.12757,0.10367,0.091945,0.077199,0.046146,0.03337,0.026223,0.021721,0.017918,0.01532,0.013276,0.012439,0.010513,0.0097513,0.0091951,0.009137,0.0087259,0.0087282,0.0087244,0.008311,0.0089695,0.0091561,0.0093462,0.012807,0.0096725,0.0099523,0.010169,0.010426,0.010697,0.010936,0.011243,0.011161,0.011662,0.011925,0.012225,0.012556,0.012679,0.01295,0.013262,0.013606,0.013832,0.014062,0.014419,0.014165,0.014591,0.01476,0.014799,0.01555,0.014642,0.014452,0.014154,0.013715,0.012967,0.012346,0.011713
0.011494,0.13124,0.0326,0.036982,0.11861,0.050827,0.10355,0.090499,0.13966,0.086913,0.081859,0.082679,0.10066,0.097837,0.088461,0.078997,0.073682,0.070492,0.067944,0.065654,0.063658,0.061439,0.059369,0.057439,0.05567,0.053853,0.052227,0.05084,0.049862,0.048261,0.047174,0.046234,0.045683,0.044759,0.044243,0.043784,0.043444,0.043152,0.043029,0.043007,0.043459,0.043063,0.043248,0.043416,0.042848,0.043857,0.044239,0.044561,0.044923,0.045276,0.045555,0.045954,0.046246,0.046235,0.046458,0.046629,0.0453,0.046746,0.046504,0.046218,0.044929,0.045068,0.044118,0.044051
0.08046,0.071804,0.063585,0.087206,0.11583,0.21384,0.028788,0.077203,0.072239,0.096704,0.097419,0.078099,0.068908,0.06948,0.071915,0.072408,0.071749,0.0711,0.070167,0.069241,0.06729,0.067351,0.066417,0.065523,0.064934,0.06334,0.061908,0.060343,0.058987,0.056682,0.054739,0.052775,0.051793,0.048861,0.047081,0.045233,0.043692,0.041768,0.04012,0.038484,0.037479,0.035515,0.034075,0.032696,0.030666,0.030169,0.028919,0.027891,0.026959,0.026042,0.025224,0.024788,0.023032,0.02389,0.02378,0.023889,0.024848,0.024926,0.025906,0.027152,0.029032,0.030692,0.032593,0.034035
0.08046,0.23495,0.03862,0.1026,0.081683,0.16518,0.12624,0.085179,0.1076,0.098503,0.11185,0.093683,0.075868,0.068351,0.062619,0.058253,0.054315,0.051852,0.049396,0.047096,0.045695,0.043951,0.042556,0.04143,0.040701,0.039924,0.039332,0.038976,0.038273,0.038273,0.038081,0.037885,0.034461,0.037955,0.038197,0.038272,0.037996,0.038643,0.038784,0.039004,0.03993,0.039658,0.040024,0.040375,0.041802,0.041123,0.041618,0.041986,0.042541,0.043171,0.043687,0.044243,0.04413,0.045691,0.046241,0.046937,0.047371,0.048693,0.049535,0.050692,0.051768,0.053307,0.055011,0.056713
0.011494,0.13034,0.074329,0.095733,0.13563,0.048727,0.088841,0.076564,0.14435,0.032701,0.084966,0.09832,0.10242,0.10088,0.1002,0.099426,0.09928,0.099962,0.10052,0.10073,0.099729,0.10088,0.10058,0.10021,0.099829,0.099319,0.098744,0.098178,0.097413,0.096928,0.096318,0.095667,0.095062,0.094447,0.093822,0.093195,0.092833,0.091968,0.091394,0.090738,0.090315,0.089622,0.089028,0.088422,0.08832,0.087393,0.086773,0.08622,0.085675,0.085167,0.084668,0.084224,0.084013,0.083227,0.082816,0.082413,0.081995,0.081663,0.081387,0.081083,0.080924,0.080693,0.080564,0.080487
0.10345,0.16763,0.11221,0.083168,0.15486,0.10604,0.15461,0.030332,0.029083,0.069594,0.11481,0.079188,0.06913,0.0608,0.056946,0.053816,0.050953,0.047975,0.045297,0.042576,0.039932,0.037549,0.035376,0.03352,0.032087,0.030792,0.029792,0.028934,0.028102,0.02754,0.026899,0.026257,0.026236,0.025127,0.024593,0.024043,0.023503,0.022982,0.022459,0.021905,0.021387,0.020862,0.020351,0.019832,0.019502,0.018842,0.018312,0.017839,0.017341,0.016863,0.01636,0.015888,0.015356,0.014934,0.014457,0.013992,0.013572,0.013135,0.012782,0.012403,0.01209,0.011835,0.01165,0.011528
0.034483,0.12867,0.0088889,0.14194,0.12925,0.021012,0.058864,0.12018,0.1194,0.15036,0.15603,0.14566,0.13399,0.13435,0.13441,0.13719,0.14324,0.15048,0.15725,0.16077,0.1617,0.16209,0.16237,0.16266,0.16307,0.16326,0.16353,0.16377,0.16394,0.16414,0.16433,0.16453,0.16481,0.16488,0.16507,0.16525,0.16549,0.16554,0.16569,0.16585,0.16605,0.16619,0.16632,0.16645,0.16661,0.16678,0.16688,0.16705,0.16721,0.16736,0.16753,0.16774,0.16788,0.16805,0.16832,0.16863,0.16898,0.16932,0.16979,0.17032,0.17083,0.17142,0.17193,0.17229
0.057471,0.14522,0.023561,0.076481,0.10277,0.082574,0.11577,0.13426,0.085194,0.074743,0.07871,0.092362,0.10126,0.10643,0.10797,0.11206,0.11597,0.11957,0.11948,0.11879,0.11759,0.11685,0.11607,0.11527,0.11429,0.11387,0.11323,0.11269,0.11212,0.11171,0.11127,0.11084,0.10987,0.11005,0.10977,0.10946,0.10921,0.10896,0.10863,0.10838,0.1079,0.10786,0.10762,0.10738,0.10725,0.1069,0.10665,0.10641,0.10613,0.10595,0.1057,0.10548,0.10532,0.10508,0.10478,0.10457,0.10443,0.10416,0.10397,0.10386,0.10371,0.10359,0.10351,0.10347
0.057471,0.063782,0.16331,0.17013,0.062001,0.066709,0.13355,0.13297,0.044411,0.10249,0.099038,0.10765,0.10746,0.11391,0.11514,0.11504,0.11418,0.11368,0.1129,0.11206,0.1112,0.11055,0.10975,0.10896,0.10781,0.10737,0.10663,0.10591,0.10512,0.10439,0.10364,0.10288,0.10378,0.10139,0.10066,0.099907,0.099163,0.0984,0.097655,0.096823,0.095843,0.0953,0.094514,0.093681,0.092836,0.092117,0.091232,0.090388,0.089559,0.088719,0.087891,0.087111,0.086215,0.085498,0.084725,0.084004,0.083334,0.082682,0.0821,0.081618,0.081164,0.080876,0.080646,0.080505
0.10345,0.18383,0.39277,0.21437,0.29292,0.071448,0.06321,0.12199,0.04886,0.11874,0.11554,0.11763,0.11746,0.11623,0.10827,0.10372,0.10361,0.10256,0.112,0.11932,0.12259,0.12216,0.12257,0.12271,0.12243,0.12309,0.12318,0.12315,0.12328,0.12338,0.12338,0.12335,0.12379,0.12345,0.12329,0.12324,0.12302,0.12304,0.12273,0.12265,0.12201,0.12231,0.12204,0.12188,0.12175,0.12112,0.12085,0.12056,0.12033,0.11992,0.11965,0.11926,0.11822,0.1185,0.11814,0.1178,0.11809,0.11699,0.11694,0.11707,0.11739,0.11669,0.11725,0.1189
0.10345,0.3671,0.28038,0.265,0.38732,0.17417,0.17561,0.13908,0.038779,0.020052,0.087559,0.096637,0.13095,0.12929,0.13813,0.14807,0.16204,0.17144,0.17804,0.18278,0.18771,0.19018,0.1931,0.19574,0.19749,0.20018,0.20205,0.20369,0.20514,0.20668,0.20794,0.20914,0.21126,0.2112,0.21212,0.21299,0.21377,0.21459,0.21534,0.21608,0.21664,0.21741,0.21804,0.21867,0.2191,0.21983,0.22048,0.22113,0.22175,0.22236,0.22306,0.22382,0.2247,0.22532,0.22623,0.22721,0.22831,0.22953,0.23093,0.23241,0.23406,0.23638,0.2386,0.24059
0.08046,0.084736,0.053539,0.053129,0.14126,0.10919,0.12776,0.039117,0.14279,0.046379,0.066931,0.070023,0.056354,0.053711,0.049378,0.046284,0.044204,0.042192,0.040838,0.039654,0.03891,0.038045,0.037227,0.036498,0.035954,0.03526,0.034564,0.034174,0.033659,0.032999,0.032461,0.031915,0.026937,0.031098,0.030639,0.030195,0.029623,0.029306,0.028795,0.028548,0.027865,0.027855,0.027536,0.027135,0.026965,0.026497,0.026238,0.026004,0.025622,0.025576,0.025325,0.025134,0.02448,0.024664,0.024375,0.024263,0.024833,0.02385,0.023855,0.02302,0.022599,0.02174,0.020442,0.018486
0.08046,0.087718,0.025764,0.1201,0.049628,0.12411,0.062213,0.1158,0.047062,0.037179,0.10515,0.097472,0.093153,0.092117,0.090807,0.089338,0.088165,0.086012,0.084324,0.082986,0.082392,0.082523,0.082607,0.082852,0.083083,0.083412,0.083449,0.083542,0.083861,0.083389,0.083203,0.082971,0.081312,0.082317,0.081861,0.081407,0.081036,0.080279,0.079743,0.079063,0.078438,0.07777,0.076978,0.07612,0.074665,0.074453,0.073482,0.072553,0.071525,0.070528,0.069511,0.068508,0.067616,0.066106,0.065096,0.063996,0.062915,0.061715,0.060825,0.05977,0.058977,0.058382,0.057888,0.057575
0.17241,0.025843,0.020932,0.062039,0.02273,0.11449,0.028103,0.16183,0.059332,0.13964,0.14083,0.16665,0.16442,0.16183,0.15779,0.15098,0.14415,0.13573,0.12323,0.10984,0.10714,0.10295,0.10096,0.099045,0.098317,0.095901,0.094574,0.093498,0.091799,0.091437,0.090564,0.089883,0.087995,0.08928,0.088851,0.088896,0.089544,0.089919,0.089959,0.09098,0.092345,0.092711,0.093414,0.094206,0.092832,0.09492,0.094961,0.095027,0.094743,0.094392,0.094033,0.09346,0.093336,0.092497,0.091884,0.091243,0.090381,0.089889,0.089481,0.08923,0.089289,0.089843,0.091364,0.094226
0.10345,0.09394,0.12986,0.10457,0.08622,0.19901,0.16909,0.19653,0.2859,0.084888,0.10791,0.14751,0.16842,0.17659,0.17897,0.17957,0.18071,0.17911,0.17873,0.1782,0.17741,0.17744,0.17716,0.17683,0.17635,0.17631,0.17604,0.17573,0.17559,0.17536,0.17519,0.17501,0.17425,0.17471,0.1746,0.17446,0.17453,0.17429,0.17419,0.17416,0.17405,0.17411,0.17407,0.1741,0.17383,0.17421,0.17422,0.1743,0.17441,0.1746,0.17478,0.17507,0.17607,0.17585,0.17638,0.17697,0.17798,0.17834,0.17936,0.18027,0.18061,0.18187,0.18233,0.18158
0.1954,0.06246,0.26339,0.14752,0.12971,0.082293,0.10913,0.10597,0.22183,0.020457,0.035892,0.052383,0.054915,0.053369,0.048049,0.042427,0.037929,0.034964,0.033183,0.032005,0.031482,0.031077,0.030805,0.03068,0.031013,0.030716,0.030496,0.030487,0.030537,0.030461,0.030414,0.030349,0.034064,0.030047,0.030098,0.029994,0.02982,0.029717,0.02969,0.029538,0.029635,0.02925,0.029073,0.028843,0.028904,0.028541,0.028331,0.028202,0.028016,0.027957,0.027753,0.027652,0.027188,0.027609,0.027628,0.027648,0.027043,0.027807,0.028148,0.028231,0.028497,0.029247,0.030371,0.032066
0.1954,0.37168,0.4393,0.38925,0.45705,0.13074,0.21508,0.18439,0.14413,0.044366,0.10911,0.14125,0.1825,0.19009,0.19673,0.20197,0.2049,0.2099,0.21309,0.21576,0.21875,0.22063,0.22266,0.22453,0.22676,0.22784,0.22931,0.23074,0.23215,0.23327,0.23444,0.23558,0.23333,0.2376,0.23853,0.23945,0.24022,0.24123,0.24206,0.24286,0.24443,0.2445,0.24528,0.24604,0.24667,0.24762,0.24845,0.24925,0.25,0.25089,0.25178,0.2527,0.25319,0.2546,0.25561,0.25667,0.25702,0.25886,0.25997,0.26107,0.26195,0.26302,0.26374,0.26421
0.10345,0.025411,0.095643,0.058044,0.060096,0.097387,0.2151,0.086505,0.077063,0.052245,0.03525,0.067653,0.09118,0.096868,0.10017,0.10096,0.10053,0.099644,0.09859,0.097381,0.0965,0.095098,0.093979,0.092911,0.091951,0.090922,0.090017,0.089143,0.088301,0.087403,0.086587,0.085836,0.084791,0.084256,0.083593,0.082879,0.082104,0.081533,0.080928,0.080232,0.080042,0.079168,0.078662,0.078141,0.077722,0.07716,0.076731,0.076337,0.075967,0.075639,0.07531,0.075058,0.074908,0.074731,0.074614,0.074601,0.073647,0.074908,0.074524,0.074618,0.074809,0.073952,0.073369,0.074015
0.14943,0.11405,0.058922,0.054599,0.23126,0.13022,0.1948,0.13946,0.10466,0.13588,0.18136,0.19693,0.19728,0.19638,0.21241,0.21436,0.21422,0.21342,0.21234,0.21065,0.20738,0.20827,0.20825,0.20898,0.20971,0.21088,0.21178,0.21282,0.21335,0.21423,0.21482,0.21538,0.21518,0.21613,0.21656,0.21687,0.21709,0.2174,0.21774,0.21788,0.21793,0.21817,0.2183,0.21833,0.21877,0.21841,0.21846,0.21847,0.21842,0.21838,0.21831,0.21824,0.21776,0.21811,0.21805,0.21797,0.21813,0.2179,0.2179,0.21792,0.21804,0.21815,0.21826,0.21835
0.12644,0.084566,0.081955,0.082353,0.06579,0.18759,0.083846,0.1811,0.12463,0.11377,0.1887,0.20785,0.21241,0.21643,0.21777,0.21845,0.22002,0.21999,0.22095,0.22183,0.22255,0.22388,0.22498,0.22597,0.22736,0.2279,0.22876,0.22946,0.2304,0.23115,0.23188,0.23258,0.23507,0.23383,0.23444,0.235,0.23557,0.23606,0.23653,0.23696,0.23756,0.23775,0.2381,0.23845,0.23882,0.23902,0.23931,0.23956,0.2398,0.24,0.24019,0.24036,0.24058,0.24067,0.2408,0.24091,0.24099,0.2411,0.24118,0.24124,0.2413,0.24133,0.24136,0.24137
0.12644,0.033945,0.15034,0.14397,0.11097,0.09857,0.15522,0.10778,0.15714,0.098512,0.14054,0.1806,0.17904,0.17072,0.16237,0.15419,0.14571,0.13936,0.13277,0.12672,0.12145,0.11599,0.11122,0.10683,0.10331,0.098832,0.09522,0.091829,0.088751,0.085541,0.082619,0.0798,0.077455,0.074716,0.072203,0.069811,0.067309,0.065228,0.063047,0.060927,0.059041,0.056558,0.054501,0.052413,0.050048,0.048276,0.046236,0.044151,0.042097,0.039964,0.037852,0.035631,0.033192,0.031329,0.029105,0.026816,0.024474,0.022484,0.020203,0.018014,0.015954,0.014258,0.012812,0.011861
0.011494,0.088621,0.20453,0.1056,0.066995,0.11914,0.072343,0.092988,0.072451,0.1018,0.15026,0.15586,0.15653,0.15602,0.15276,0.14882,0.14664,0.14486,0.14419,0.14387,0.14394,0.14331,0.14324,0.14309,0.14275,0.14288,0.14278,0.14243,0.14248,0.1422,0.14208,0.14195,0.14327,0.14178,0.14168,0.14159,0.1414,0.14157,0.1414,0.14135,0.1412,0.14143,0.14143,0.14164,0.14158,0.14196,0.14204,0.14228,0.14265,0.14285,0.14318,0.1436,0.14351,0.14459,0.14501,0.14559,0.14618,0.14673,0.14726,0.14802,0.14839,0.14885,0.14917,0.14937
0.011494,0.15867,0.11055,0.096269,0.035469,0.091127,0.1307,0.050791,0.19507,0.046434,0.050309,0.046088,0.044202,0.043364,0.04438,0.047019,0.051644,0.058379,0.065639,0.07097,0.075032,0.076401,0.077881,0.079099,0.080487,0.081085,0.082041,0.082876,0.083869,0.084515,0.085285,0.086065,0.08704,0.087697,0.088463,0.08923,0.090038,0.090793,0.091614,0.092396,0.094244,0.093973,0.094821,0.095593,0.096181,0.097317,0.098137,0.09892,0.099788,0.10066,0.10142,0.10231,0.10331,0.1042,0.10496,0.10579,0.10403,0.10758,0.10766,0.108,0.10838,0.108,0.10694,0.10517
0.12644,0.017482,0.10779,0.10297,0.10165,0.079969,0.1462,0.052516,0.15342,0.073996,0.10203,0.10508,0.095422,0.054149,0.039505,0.034124,0.031807,0.0298,0.02881,0.027984,0.027311,0.026998,0.026785,0.026483,0.025928,0.026228,0.026163,0.026107,0.025994,0.026215,0.026331,0.026394,0.023491,0.02721,0.027451,0.027733,0.028006,0.028641,0.028927,0.029385,0.029354,0.030433,0.030955,0.031379,0.032286,0.032515,0.033031,0.033512,0.033916,0.03451,0.03488,0.035334,0.034775,0.03613,0.036116,0.036255,0.03678,0.036114,0.035965,0.035694,0.035675,0.035071,0.03474,0.034502
0.14943,0.12626,0.066573,0.15473,0.082132,0.090927,0.0315,0.1828,0.13699,0.13589,0.08805,0.086196,0.083966,0.084148,0.083218,0.079675,0.075523,0.072821,0.071412,0.070524,0.070463,0.069708,0.069497,0.069471,0.069683,0.069208,0.06949,0.069365,0.069363,0.069119,0.068773,0.068088,0.058449,0.064174,0.059744,0.053936,0.050215,0.049483,0.049165,0.048819,0.048541,0.04755,0.046917,0.046185,0.045331,0.044448,0.043475,0.042365,0.041362,0.040157,0.038972,0.037759,0.036633,0.035415,0.034267,0.033202,0.032262,0.031537,0.031038,0.030925,0.031265,0.03192,0.032963,0.034001
0.10345,0.12328,0.062589,0.07776,0.1339,0.124,0.17908,0.22799,0.073202,0.12641,0.046025,0.077088,0.093849,0.10718,0.11432,0.11542,0.11387,0.11231,0.11216,0.11266,0.11272,0.11423,0.11502,0.11585,0.11671,0.11744,0.11817,0.11891,0.1195,0.12029,0.12094,0.12156,0.12231,0.12285,0.1235,0.12411,0.12477,0.1253,0.12589,0.12646,0.12676,0.12764,0.12823,0.1288,0.12977,0.12997,0.13052,0.13107,0.13169,0.13228,0.13282,0.13332,0.13395,0.13448,0.13504,0.13558,0.13693,0.13657,0.13711,0.13752,0.13815,0.13817,0.13853,0.13982
0.10345,0.21557,0.19137,0.16736,0.11573,0.034937,0.046927,0.019005,0.029075,0.12345,0.12418,0.11734,0.11915,0.11965,0.12097,0.12217,0.12389,0.12362,0.12376,0.1234,0.12361,0.12251,0.12184,0.12122,0.12072,0.12043,0.1199,0.11953,0.11894,0.11892,0.11869,0.11853,0.1173,0.11807,0.11798,0.11782,0.11759,0.11754,0.11738,0.11728,0.11716,0.11707,0.11688,0.11671,0.11636,0.11628,0.11601,0.11571,0.11535,0.115,0.11452,0.11405,0.11332,0.11274,0.11203,0.11122,0.11032,0.10925,0.10816,0.10708,0.10582,0.10499,0.10417,0.10363
0.011494,0.2113,0.091062,0.047475,0.083624,0.00085124,0.077967,0.1104,0.22186,0.12708,0.1402,0.13684,0.1213,0.12785,0.13836,0.14045,0.13878,0.13518,0.13128,0.12927,0.12882,0.12821,0.12792,0.12766,0.12724,0.1269,0.12655,0.1263,0.12571,0.1254,0.125,0.1246,0.12407,0.12391,0.12356,0.12321,0.12282,0.12258,0.12227,0.12195,0.12138,0.12145,0.12127,0.12095,0.12152,0.12064,0.12051,0.12044,0.12029,0.12028,0.12023,0.1202,0.12013,0.12017,0.11988,0.11988,0.12115,0.1199,0.11926,0.11922,0.11823,0.11735,0.116,0.11497
0.10345,0.20675,0.17836,0.072655,0.082213,0.073965,0.097042,0.12853,0.13635,0.030364,0.062314,0.10116,0.097026,0.09781,0.098509,0.099395,0.10048,0.1025,0.10463,0.1068,0.10939,0.1111,0.11303,0.11481,0.1159,0.11802,0.11945,0.12087,0.12189,0.12307,0.12407,0.12496,0.12766,0.12662,0.12739,0.12795,0.12834,0.12906,0.12934,0.12965,0.12939,0.13025,0.13042,0.1305,0.13071,0.13073,0.13063,0.13053,0.13043,0.13028,0.12999,0.12983,0.12933,0.12927,0.12888,0.12857,0.12838,0.12784,0.12748,0.12723,0.12694,0.12673,0.12657,0.12646
0.17241,0.27252,0.24211,0.17114,0.21145,0.12059,0.13633,0.13332,0.091644,0.011677,0.1005,0.11328,0.11834,0.12767,0.13705,0.14547,0.15198,0.15684,0.1605,0.1632,0.16543,0.16732,0.16879,0.16997,0.17071,0.17182,0.17252,0.17301,0.17351,0.17391,0.17422,0.17446,0.17671,0.17471,0.17483,0.17484,0.1747,0.17471,0.17462,0.17449,0.17378,0.17406,0.17377,0.17351,0.17351,0.1727,0.17231,0.17187,0.17143,0.17087,0.17024,0.16967,0.16874,0.1681,0.16733,0.16641,0.16558,0.16422,0.1629,0.16143,0.1595,0.15722,0.15445,0.15124
0.057471,0.19756,0.39906,0.18015,0.29231,0.24781,0.24619,0.17248,0.19092,0.12656,0.14003,0.17924,0.17319,0.17903,0.18427,0.18895,0.19265,0.19645,0.19951,0.20231,0.20549,0.20703,0.20958,0.21181,0.21375,0.21633,0.21843,0.22006,0.22246,0.22423,0.22597,0.22771,0.2336,0.23119,0.23242,0.23384,0.23511,0.23632,0.23741,0.23847,0.23885,0.24039,0.24126,0.2421,0.24307,0.24343,0.24391,0.24453,0.24501,0.24533,0.24573,0.24593,0.24561,0.2461,0.24617,0.24607,0.24647,0.24568,0.24507,0.24441,0.24389,0.24292,0.24214,0.24159
0.10345,0.25155,0.068182,0.095437,0.2497,0.13334,0.17188,0.17083,0.12136,0.2429,0.26271,0.31604,0.32655,0.33674,0.3398,0.34154,0.34322,0.34324,0.34324,0.34278,0.34337,0.34116,0.34004,0.33893,0.33759,0.3366,0.33523,0.33406,0.33318,0.3317,0.33051,0.32951,0.32897,0.327,0.32604,0.32504,0.32365,0.3231,0.3223,0.32134,0.32036,0.31971,0.31894,0.31819,0.31687,0.31675,0.31614,0.31557,0.31494,0.31443,0.31392,0.31342,0.31254,0.31257,0.3122,0.31185,0.31156,0.31125,0.31105,0.31081,0.31059,0.31051,0.31042,0.31036
0.26437,0.38781,0.33666,0.34245,0.40454,0.29292,0.338,0.23203,0.36425,0.19835,0.258,0.27975,0.30598,0.31165,0.31421,0.31578,0.31598,0.31791,0.31866,0.31912,0.32085,0.32018,0.32058,0.32101,0.32128,0.32171,0.32212,0.32263,0.32286,0.32329,0.32367,0.32411,0.32298,0.32473,0.32518,0.32553,0.32579,0.32626,0.32665,0.32703,0.32729,0.32769,0.32806,0.32834,0.3289,0.32909,0.32939,0.32971,0.32997,0.33032,0.33058,0.3309,0.33103,0.33138,0.33166,0.33189,0.33221,0.33242,0.33261,0.33273,0.33296,0.33312,0.33323,0.33331
0.12644,0.14157,0.21064,0.16585,0.19478,0.11155,0.18353,0.15423,0.21343,0.040898,0.053489,0.081989,0.094119,0.094999,0.094938,0.094198,0.092623,0.091848,0.090595,0.089452,0.088446,0.087305,0.086479,0.085789,0.085286,0.084624,0.084357,0.083988,0.084026,0.083017,0.08239,0.081678,0.080567,0.080013,0.079213,0.078463,0.077894,0.07728,0.076686,0.076845,0.075865,0.076788,0.077267,0.07749,0.077973,0.078878,0.079823,0.080547,0.080862,0.081527,0.082014,0.082324,0.083032,0.082476,0.082847,0.082859,0.082661,0.082999,0.082862,0.082392,0.082064,0.081538,0.081033,0.080624
0.08046,0.13051,0.29406,0.14019,0.12091,0.084249,0.10995,0.10002,0.21354,0.1036,0.052418,0.044998,0.051358,0.056124,0.057767,0.058733,0.063183,0.059485,0.059512,0.05924,0.059113,0.058483,0.057974,0.057289,0.056624,0.055893,0.055008,0.054275,0.053089,0.052388,0.051412,0.050434,0.044508,0.048222,0.047166,0.046003,0.044825,0.043684,0.04233,0.041065,0.03973,0.038612,0.037273,0.035902,0.035097,0.033178,0.031713,0.030327,0.028729,0.027417,0.025917,0.024523,0.02303,0.021692,0.020213,0.018916,0.01793,0.016313,0.015237,0.014301,0.013476,0.012541,0.011962,0.011572
0.011494,0.2848,0.26563,0.10535,0.33242,0.077177,0.10005,0.084088,0.11395,0.11737,0.13168,0.13379,0.13319,0.13222,0.13155,0.13276,0.1362,0.14386,0.1516,0.15674,0.1609,0.16328,0.16589,0.16823,0.16977,0.17216,0.17363,0.17476,0.17543,0.1765,0.17702,0.17736,0.18178,0.17745,0.17723,0.17695,0.17544,0.17595,0.17536,0.17482,0.17379,0.17355,0.17297,0.17259,0.17445,0.17161,0.17117,0.17096,0.17087,0.17052,0.17048,0.17048,0.16977,0.17039,0.17064,0.17077,0.17099,0.17119,0.17143,0.17161,0.17198,0.17209,0.17227,0.17238
0.14943,0.31265,0.2383,0.10358,0.28083,0.046135,0.071881,0.061568,0.067874,0.084814,0.19906,0.1988,0.18999,0.18697,0.18476,0.18384,0.1838,0.18388,0.18427,0.18472,0.18544,0.18556,0.18588,0.18621,0.1864,0.18676,0.18709,0.18737,0.18802,0.18792,0.18822,0.18853,0.18886,0.18911,0.18944,0.1898,0.19016,0.19049,0.19091,0.19128,0.19168,0.19212,0.19259,0.19305,0.19268,0.19406,0.19458,0.19514,0.1957,0.19633,0.19699,0.19763,0.19873,0.19915,0.19998,0.20088,0.20205,0.20277,0.20374,0.2048,0.20546,0.20669,0.20764,0.20889
0.12644,0.50135,0.3032,0.2242,0.47411,0.24817,0.20122,0.23922,0.23168,0.072811,0.11569,0.13977,0.16292,0.18407,0.19302,0.1969,0.19843,0.20014,0.20083,0.2013,0.20201,0.20174,0.20176,0.20181,0.20171,0.2019,0.20188,0.202,0.2022,0.20206,0.20215,0.20229,0.20235,0.20245,0.20267,0.20289,0.20306,0.20336,0.2038,0.20403,0.20457,0.20492,0.20539,0.20578,0.20576,0.20719,0.20783,0.20858,0.20933,0.21034,0.21132,0.2123,0.21408,0.21494,0.21648,0.21815,0.21924,0.22196,0.22442,0.22679,0.22961,0.23362,0.2371,0.24005
0.35632,0.65485,0.55383,0.41644,0.71158,0.32887,0.35118,0.27926,0.37107,0.14145,0.24185,0.27577,0.30132,0.34439,0.36611,0.37919,0.39,0.39667,0.40468,0.41296,0.42401,0.4303,0.43803,0.44484,0.44999,0.45599,0.46059,0.46479,0.46842,0.47166,0.47462,0.47734,0.48007,0.48206,0.48418,0.4861,0.48761,0.48939,0.49097,0.49237,0.49318,0.49477,0.49588,0.4969,0.49789,0.49875,0.49958,0.50037,0.50112,0.50179,0.50242,0.50302,0.50349,0.50393,0.50443,0.50484,0.50537,0.50558,0.50605,0.50642,0.50652,0.50712,0.50793,0.51003
0.44828,0.54871,0.45061,0.33917,0.60781,0.30345,0.39078,0.36654,0.36969,0.35003,0.41241,0.44277,0.46719,0.48044,0.48765,0.49393,0.50084,0.50447,0.50836,0.51139,0.51469,0.51583,0.51742,0.51885,0.52023,0.5212,0.52222,0.52326,0.52432,0.52492,0.52573,0.52652,0.52594,0.52798,0.52868,0.52933,0.52978,0.53058,0.53129,0.53192,0.53267,0.53309,0.53371,0.53425,0.53463,0.53547,0.53602,0.53651,0.53703,0.53751,0.53798,0.53846,0.53863,0.53915,0.53952,0.53978,0.53994,0.5402,0.54028,0.54028,0.54033,0.54031,0.54027,0.54025
0.21839,0.23042,0.27729,0.12977,0.28798,0.17071,0.26815,0.30284,0.21715,0.19879,0.26725,0.27471,0.2759,0.27751,0.2805,0.30102,0.30612,0.3069,0.30891,0.31081,0.31263,0.31435,0.31598,0.31757,0.31929,0.32026,0.32163,0.32296,0.32419,0.32523,0.32635,0.3274,0.32633,0.32941,0.33041,0.33137,0.33231,0.33329,0.33422,0.33523,0.33622,0.33707,0.33806,0.33906,0.33983,0.341,0.3421,0.34312,0.34413,0.34519,0.34622,0.34729,0.34807,0.34936,0.3503,0.35128,0.35222,0.35305,0.35385,0.35461,0.35511,0.35567,0.35603,0.35625
0.33333,0.603,0.66019,0.52075,0.69076,0.29339,0.47024,0.41019,0.43197,0.29282,0.43686,0.46697,0.48562,0.49741,0.50282,0.50636,0.5093,0.51198,0.51427,0.51623,0.51846,0.51957,0.52084,0.52196,0.5227,0.52373,0.52446,0.52508,0.52546,0.52604,0.52642,0.52675,0.52735,0.5272,0.5274,0.52756,0.52764,0.52775,0.52784,0.52791,0.52775,0.52793,0.52793,0.52791,0.52825,0.52782,0.52779,0.52769,0.52764,0.52756,0.52743,0.52735,0.52697,0.52695,0.52677,0.52654,0.52665,0.52586,0.52542,0.52485,0.52402,0.52269,0.52091,0.51877
0.12644,0.50561,0.34784,0.16324,0.53354,0.19744,0.33849,0.23745,0.20668,0.15221,0.29075,0.31577,0.36063,0.40477,0.41874,0.42862,0.43617,0.44197,0.44671,0.45056,0.45465,0.45679,0.45925,0.46142,0.463,0.465,0.46655,0.46792,0.46917,0.47032,0.47137,0.47235,0.47352,0.47398,0.47475,0.47545,0.47599,0.47669,0.47725,0.47778,0.47818,0.47868,0.4791,0.4795,0.48009,0.48016,0.48049,0.48077,0.48101,0.48127,0.4815,0.48172,0.48137,0.482,0.48218,0.48232,0.48239,0.48256,0.48266,0.4828,0.48337,0.4828,0.48281,0.48262
0.21839,0.51696,0.43187,0.24416,0.63472,0.23909,0.21551,0.26566,0.14972,0.04436,0.10679,0.18747,0.24177,0.27215,0.29122,0.30646,0.32025,0.33266,0.34393,0.35329,0.36244,0.36822,0.37389,0.37897,0.38338,0.38746,0.3911,0.39457,0.39803,0.40055,0.40324,0.40582,0.4075,0.4103,0.41244,0.41444,0.41635,0.41809,0.41987,0.42155,0.42295,0.42459,0.42607,0.42748,0.4285,0.4301,0.43142,0.43269,0.43387,0.43509,0.43626,0.43739,0.43864,0.43961,0.4407,0.44175,0.44299,0.44386,0.44483,0.44573,0.44658,0.44726,0.4478,0.44815
0.034483,0.4895,0.067301,0.16359,0.40378,0.092271,0.26738,0.32518,0.074312,0.15721,0.17613,0.19879,0.20484,0.21362,0.22,0.22258,0.22056,0.22163,0.22097,0.22027,0.22043,0.21999,0.21973,0.21969,0.21998,0.22036,0.22104,0.22237,0.2238,0.22495,0.22636,0.22777,0.22246,0.22957,0.22996,0.23037,0.23085,0.2311,0.23128,0.23144,0.23212,0.23191,0.23225,0.23244,0.23124,0.23299,0.2334,0.23368,0.23383,0.23414,0.2343,0.23464,0.23559,0.23515,0.23534,0.23565,0.23567,0.23651,0.23727,0.23797,0.23872,0.23979,0.24067,0.2412
0.08046,0.4551,0.078763,0.049009,0.39938,0.13594,0.23506,0.33651,0.1636,0.073351,0.17703,0.20588,0.22158,0.23355,0.24242,0.2491,0.2556,0.25893,0.26257,0.26548,0.26814,0.27028,0.27212,0.27366,0.27497,0.2763,0.27727,0.2781,0.27904,0.27962,0.2802,0.2808,0.28264,0.28171,0.2821,0.28244,0.2827,0.28298,0.2832,0.28342,0.28329,0.28385,0.28396,0.28413,0.28405,0.28428,0.28436,0.28453,0.28467,0.28473,0.28487,0.28502,0.28486,0.28516,0.2854,0.28558,0.28616,0.28602,0.28632,0.28652,0.28675,0.28699,0.28718,0.2873
0.21839,0.2103,0.31632,0.22036,0.13229,0.19992,0.17052,0.23194,0.050461,0.042926,0.023649,0.00367,0.0014316,0.0011095,0.004386,0.007196,0.0092363,0.011333,0.012863,0.014221,0.01609,0.016556,0.017844,0.019029,0.020355,0.021183,0.022177,0.023154,0.023976,0.024905,0.025638,0.026406,0.025606,0.027585,0.028159,0.02867,0.029117,0.02958,0.029921,0.030358,0.030793,0.030945,0.031234,0.031524,0.031838,0.032013,0.032179,0.032434,0.032604,0.032818,0.032978,0.033176,0.03334,0.033485,0.033622,0.033764,0.033892,0.034027,0.034142,0.034252,0.034332,0.034392,0.034444,0.034469
0.08046,0.17959,0.17327,0.050224,0.044007,0.086759,0.15814,0.18489,0.25411,0.22773,0.2448,0.21358,0.19774,0.18713,0.17463,0.16847,0.16554,0.16377,0.16139,0.15923,0.15702,0.15517,0.15323,0.15149,0.14955,0.14812,0.14652,0.14497,0.14353,0.14205,0.14068,0.13931,0.13988,0.13664,0.1353,0.134,0.13287,0.1314,0.13023,0.12898,0.12753,0.12646,0.12519,0.12392,0.12252,0.1215,0.12028,0.11905,0.11782,0.11659,0.11534,0.11416,0.11309,0.11177,0.11067,0.10956,0.10854,0.10747,0.10651,0.10563,0.1049,0.1043,0.10384,0.10354
NaN,0.16629,0.16736,0.22047,0.12919,0.17644,0.14006,0.060957,0.17558,0.13742,0.14298,0.16515,0.16693,0.18751,0.18751,0.18411,0.17912,0.17399,0.16884,0.164,0.15884,0.15482,0.15064,0.14672,0.14342,0.1395,0.13634,0.13322,0.1301,0.12744,0.1248,0.12225,0.12259,0.11752,0.11528,0.11319,0.11116,0.1092,0.10745,0.10556,0.10384,0.10223,0.10066,0.099118,0.098201,0.096346,0.094973,0.093649,0.092443,0.091163,0.090057,0.088966,0.087617,0.086869,0.085998,0.085096,0.084405,0.083502,0.082739,0.082051,0.081608,0.081095,0.080746,0.080536
0.14943,0.35076,0.40315,0.26317,0.40592,0.31015,0.10414,0.26267,0.25821,0.070531,0.16131,0.18873,0.21705,0.22913,0.23679,0.24387,0.25115,0.25882,0.26537,0.27024,0.27387,0.2759,0.27774,0.2793,0.28037,0.28165,0.28263,0.28348,0.28413,0.2849,0.28544,0.286,0.28476,0.28679,0.2871,0.28745,0.28756,0.28788,0.28816,0.28842,0.28841,0.28868,0.28886,0.28903,0.28913,0.28914,0.28922,0.28929,0.2893,0.28932,0.28936,0.28932,0.2891,0.2891,0.28909,0.28898,0.28912,0.28872,0.28856,0.28842,0.28808,0.28788,0.2877,0.28749
0.33333,0.66445,0.72657,0.4531,0.693,0.3456,0.39298,0.38925,0.49658,0.49596,0.6183,0.66189,0.67368,0.68111,0.68813,0.69486,0.70256,0.70561,0.70916,0.71175,0.71521,0.71597,0.71739,0.71865,0.71954,0.72074,0.72156,0.7223,0.72273,0.72343,0.7239,0.72426,0.72387,0.72489,0.72511,0.7253,0.72533,0.72554,0.72563,0.72567,0.72572,0.72571,0.72569,0.72566,0.72596,0.72553,0.72545,0.72534,0.72527,0.72516,0.72507,0.72497,0.72486,0.72478,0.72467,0.72458,0.72449,0.72442,0.72434,0.72429,0.72426,0.72419,0.72416,0.72415
0.28736,0.70898,0.67991,0.51375,0.7122,0.33324,0.48225,0.43948,0.43939,0.4394,0.57114,0.5905,0.61031,0.62635,0.63588,0.64281,0.6486,0.65381,0.6585,0.66271,0.66747,0.66934,0.67156,0.67334,0.67421,0.67578,0.67661,0.67731,0.67775,0.67825,0.67856,0.67881,0.67892,0.67915,0.67926,0.67933,0.67934,0.67939,0.67941,0.6794,0.6793,0.67932,0.67928,0.67921,0.67921,0.67909,0.67902,0.67895,0.67888,0.67881,0.67874,0.67867,0.67859,0.67853,0.67848,0.67842,0.67837,0.67833,0.67828,0.67824,0.67822,0.67819,0.67817,0.67816
0.31034,0.7784,0.71763,0.45907,0.75435,0.34804,0.43161,0.4587,0.35477,0.43912,0.54739,0.6159,0.64167,0.65327,0.66095,0.66556,0.66536,0.66212,0.65982,0.66072,0.66284,0.66375,0.66498,0.66609,0.66703,0.66793,0.66871,0.66947,0.67014,0.67065,0.67122,0.67176,0.67187,0.67263,0.67309,0.67351,0.67382,0.67422,0.67459,0.6749,0.67521,0.67548,0.67574,0.67597,0.67603,0.67647,0.67668,0.67687,0.67702,0.6772,0.67734,0.67747,0.67739,0.67765,0.67776,0.67784,0.67791,0.67798,0.67803,0.67806,0.67808,0.67813,0.67814,0.67815
0.31034,0.81464,0.73301,0.59536,0.7966,0.48565,0.62939,0.56275,0.34524,0.39325,0.53433,0.65579,0.70858,0.73815,0.75545,0.7681,0.77708,0.78581,0.79193,0.79662,0.80171,0.80353,0.80605,0.80822,0.81008,0.81166,0.81315,0.81444,0.81525,0.81671,0.81772,0.81868,0.81927,0.82034,0.82113,0.82187,0.82232,0.82323,0.82389,0.82449,0.8251,0.82566,0.82624,0.82679,0.82811,0.82787,0.82843,0.82895,0.82945,0.83001,0.83055,0.83114,0.83072,0.83228,0.8329,0.83357,0.83431,0.83497,0.83571,0.8365,0.83737,0.83796,0.83854,0.83895
0.83908,0.88175,0.83954,0.74883,0.83632,0.75379,0.84952,0.77213,0.64113,0.69667,0.87936,0.91131,0.92733,0.93626,0.94125,0.94434,0.94637,0.94783,0.9489,0.94971,0.95035,0.95084,0.95125,0.9516,0.95188,0.95213,0.95234,0.95252,0.95269,0.95282,0.95294,0.95305,0.95314,0.95324,0.95332,0.95339,0.95345,0.9535,0.95356,0.9536,0.95365,0.95369,0.95372,0.95375,0.95378,0.95381,0.95384,0.95386,0.95388,0.9539,0.95392,0.95393,0.95395,0.95396,0.95397,0.95398,0.95399,0.954,0.95401,0.95401,0.95401,0.95402,0.95402,0.95402
0.35632,0.67612,0.59876,0.44584,0.67157,0.21581,0.38474,0.39795,0.28263,0.33082,0.46209,0.48746,0.50215,0.51354,0.52288,0.52994,0.53511,0.5403,0.54422,0.54761,0.55162,0.55344,0.55591,0.55828,0.56023,0.56299,0.56566,0.56889,0.57267,0.57676,0.58123,0.58487,0.58182,0.59014,0.59191,0.59324,0.59392,0.5955,0.59614,0.59678,0.59721,0.59814,0.59876,0.59885,0.60158,0.59986,0.60021,0.60055,0.59978,0.60072,0.60089,0.60121,0.60039,0.602,0.60251,0.603,0.60398,0.60458,0.60576,0.60564,0.60758,0.60779,0.60855,0.60901
0.63218,0.72231,0.66293,0.53494,0.69264,0.31504,0.51496,0.48153,0.40799,0.32519,0.48398,0.54068,0.57207,0.59271,0.60428,0.61189,0.6182,0.62126,0.62425,0.62652,0.62959,0.62986,0.63092,0.63181,0.63203,0.63314,0.63352,0.63391,0.6336,0.63427,0.63437,0.63448,0.63387,0.63454,0.63448,0.63441,0.63382,0.63418,0.63407,0.63397,0.63315,0.63375,0.63357,0.63337,0.63538,0.63315,0.63294,0.63283,0.63268,0.63255,0.63247,0.63237,0.63133,0.63216,0.63212,0.63211,0.63239,0.63204,0.63201,0.63206,0.63245,0.63214,0.63216,0.63218
0.49425,0.71147,0.68719,0.50991,0.71398,0.41135,0.56301,0.47691,0.18385,0.33467,0.54513,0.60222,0.62948,0.64799,0.66038,0.66942,0.67669,0.68206,0.6866,0.69019,0.69391,0.6958,0.69778,0.69952,0.70071,0.70229,0.70335,0.7044,0.70506,0.70593,0.7066,0.70723,0.70759,0.70822,0.70872,0.70912,0.70935,0.70987,0.71026,0.71054,0.7107,0.71119,0.7115,0.71176,0.7124,0.71247,0.71275,0.71308,0.7134,0.71374,0.71408,0.7145,0.71434,0.71534,0.71582,0.71635,0.71731,0.71765,0.71838,0.71927,0.72071,0.72154,0.72274,0.72374
0.057471,0.18755,0.16007,0.16565,0.20943,0.071065,0.074211,0.10785,0.23179,0.17011,0.11076,0.10317,0.10344,0.11366,0.11076,0.10739,0.10463,0.10176,0.099404,0.097296,0.096203,0.093505,0.091802,0.090188,0.088666,0.087158,0.085762,0.084459,0.083011,0.08185,0.080639,0.079425,0.076326,0.077193,0.076099,0.075017,0.074052,0.073013,0.072,0.071039,0.070346,0.06929,0.068458,0.06762,0.067104,0.066161,0.065442,0.06475,0.06408,0.063518,0.062946,0.062481,0.062672,0.061666,0.061292,0.061032,0.060596,0.060689,0.060651,0.060455,0.060319,0.060586,0.060187,0.058874
0.12644,0.17757,0.25448,0.15418,0.2392,0.11469,0.23126,0.34654,0.15324,0.071741,0.078116,0.11944,0.13797,0.14523,0.15073,0.15453,0.15799,0.15962,0.16139,0.16274,0.16465,0.16491,0.16561,0.16621,0.16651,0.16708,0.16739,0.16772,0.1678,0.16801,0.16814,0.16821,0.16653,0.16834,0.16842,0.16845,0.16844,0.16853,0.16857,0.1686,0.16858,0.16874,0.1688,0.16886,0.16909,0.16907,0.16919,0.1693,0.16945,0.16963,0.16981,0.17002,0.1703,0.17047,0.17071,0.17095,0.17119,0.17141,0.17166,0.17185,0.17205,0.1722,0.17232,0.17239
0.4023,0.8263,0.7448,0.6412,0.77752,0.4797,0.64446,0.5831,0.35337,0.39464,0.57899,0.67335,0.70451,0.71679,0.74374,0.75378,0.75919,0.76498,0.77035,0.77548,0.78115,0.78409,0.78722,0.78971,0.79185,0.79341,0.79481,0.79607,0.7971,0.79813,0.79901,0.79982,0.80018,0.8012,0.80183,0.80242,0.80293,0.80352,0.80404,0.80452,0.80527,0.80548,0.80595,0.80639,0.80692,0.80731,0.8078,0.80826,0.80872,0.80921,0.80972,0.81019,0.81053,0.8113,0.81185,0.81241,0.81272,0.81357,0.81413,0.81462,0.81507,0.81552,0.81582,0.81602
0.28736,0.76935,0.56437,0.50467,0.76339,0.44674,0.55827,0.50003,0.43209,0.48978,0.64087,0.70517,0.731,0.74193,0.74778,0.75173,0.75513,0.75798,0.76103,0.76414,0.76906,0.77094,0.77374,0.77619,0.77869,0.77981,0.78109,0.78225,0.78281,0.78391,0.7846,0.78525,0.78539,0.78617,0.78664,0.78706,0.7873,0.78778,0.78816,0.7885,0.78883,0.78912,0.78941,0.7897,0.79017,0.79024,0.7905,0.79075,0.79099,0.79122,0.79144,0.79166,0.79179,0.79203,0.79222,0.79238,0.79252,0.79266,0.79277,0.79287,0.79296,0.79302,0.79307,0.79309
0.057471,0.2361,0.15426,0.059376,0.2896,0.18657,0.27567,0.13115,0.3838,0.054334,0.1287,0.15238,0.15247,0.15128,0.14977,0.14937,0.14898,0.151,0.15108,0.15045,0.15022,0.14802,0.14664,0.14516,0.14342,0.14219,0.14081,0.1392,0.13788,0.13634,0.13494,0.13352,0.13639,0.1309,0.12959,0.1283,0.12707,0.12575,0.12462,0.12337,0.12154,0.12093,0.11977,0.11864,0.11728,0.11639,0.11534,0.11424,0.11334,0.11222,0.11126,0.11023,0.10986,0.10854,0.10776,0.10696,0.10651,0.10574,0.10511,0.10459,0.10422,0.10387,0.10364,0.1035
0.26437,0.58087,0.32684,0.19124,0.63387,0.26867,0.3773,0.35169,0.5963,0.49222,0.52196,0.48849,0.47221,0.4717,0.47606,0.48399,0.4912,0.49399,0.49694,0.4993,0.50127,0.5037,0.50547,0.50714,0.50889,0.51,0.51122,0.51254,0.51327,0.51444,0.51538,0.51622,0.51429,0.51755,0.51829,0.51891,0.51968,0.52007,0.52055,0.52108,0.52169,0.52193,0.52235,0.52269,0.5235,0.52349,0.5239,0.52416,0.52444,0.52482,0.52507,0.52545,0.52629,0.52619,0.52651,0.52691,0.52659,0.52787,0.52849,0.52908,0.53024,0.53117,0.53256,0.53602
0.17241,0.31072,0.19422,0.14283,0.3289,0.056007,0.16043,0.21127,0.43371,0.23286,0.28884,0.2973,0.30927,0.3132,0.31865,0.32751,0.3142,0.32059,0.32305,0.32486,0.32686,0.32739,0.32812,0.32871,0.32889,0.32949,0.32979,0.32997,0.33057,0.33041,0.33053,0.33073,0.3305,0.33087,0.33104,0.33115,0.33133,0.3314,0.3315,0.33163,0.33174,0.33186,0.33197,0.33209,0.33205,0.33231,0.33236,0.33248,0.33255,0.33265,0.33273,0.33283,0.3329,0.33296,0.33302,0.33308,0.33313,0.33318,0.33322,0.33326,0.33328,0.3333,0.33332,0.33333
0.24138,0.4469,0.27396,0.20538,0.34011,0.094267,0.11777,0.11737,0.38096,0.19348,0.17812,0.16934,0.16982,0.17717,0.18465,0.19078,0.19584,0.19929,0.20233,0.20481,0.20737,0.20839,0.20952,0.2103,0.21063,0.21107,0.21115,0.21099,0.21088,0.21034,0.20991,0.20939,0.20889,0.20819,0.20757,0.20693,0.20618,0.20564,0.20496,0.20431,0.20367,0.20308,0.20246,0.20188,0.20119,0.20077,0.20024,0.19972,0.19924,0.19879,0.19836,0.19796,0.19751,0.19725,0.19693,0.19664,0.19638,0.19614,0.19595,0.19579,0.19564,0.19554,0.19546,0.19542
0.24138,0.49468,0.42136,0.23763,0.43161,0.1537,0.25687,0.15211,0.31662,0.19931,0.30357,0.34995,0.37699,0.40576,0.41852,0.43436,0.44782,0.45719,0.46171,0.46511,0.46856,0.47013,0.47197,0.47348,0.47485,0.4759,0.47673,0.47744,0.47821,0.47859,0.479,0.47937,0.47982,0.47974,0.47994,0.48007,0.47994,0.48019,0.48019,0.48019,0.48015,0.48006,0.47996,0.47986,0.47964,0.4795,0.47935,0.47915,0.47888,0.47866,0.47837,0.47803,0.47688,0.47728,0.47684,0.47634,0.47585,0.47521,0.47454,0.47389,0.47303,0.47241,0.4718,0.47139
0.08046,0.25083,0.084819,0.074341,0.2453,0.12391,0.28734,0.25048,0.1873,0.18128,0.19542,0.21146,0.22518,0.25053,0.27273,0.28146,0.28698,0.2905,0.29248,0.29364,0.29418,0.29511,0.29571,0.29621,0.29654,0.2971,0.29753,0.29793,0.29818,0.2988,0.29925,0.29968,0.30084,0.30046,0.30091,0.30136,0.30188,0.30229,0.30276,0.30321,0.30351,0.30416,0.30466,0.30522,0.306,0.30636,0.30698,0.30752,0.30821,0.3088,0.30945,0.31015,0.31131,0.31171,0.31247,0.31323,0.31442,0.31467,0.3152,0.31574,0.31607,0.31568,0.31436,0.31208
0.057471,0.42856,0.30719,0.19182,0.41018,0.25883,0.23514,0.078479,0.017528,0.12122,0.052562,0.064574,0.084421,0.097924,0.11177,0.12291,0.13192,0.13936,0.14458,0.14811,0.15152,0.1526,0.15399,0.155,0.15594,0.15637,0.15678,0.15712,0.15715,0.1573,0.15729,0.15723,0.15649,0.15701,0.15688,0.15664,0.15604,0.1561,0.15579,0.1554,0.1553,0.1547,0.15429,0.15381,0.15333,0.15297,0.15245,0.15191,0.15135,0.15077,0.15001,0.14938,0.14754,0.14759,0.14661,0.14555,0.14368,0.14294,0.14137,0.13955,0.13752,0.13522,0.13219,0.12843
0.26437,0.76796,0.48975,0.24951,0.71086,0.29618,0.55389,0.47503,0.5806,0.39106,0.50133,0.56207,0.59391,0.62191,0.63571,0.64144,0.6443,0.64544,0.64592,0.64607,0.6462,0.6468,0.64712,0.64756,0.64805,0.6485,0.64883,0.64933,0.64958,0.65005,0.65037,0.65069,0.65004,0.65112,0.65138,0.65159,0.65177,0.65191,0.65209,0.6522,0.65231,0.6524,0.65247,0.6525,0.6527,0.65258,0.65263,0.65266,0.65266,0.65273,0.65276,0.6528,0.65284,0.65287,0.65294,0.65303,0.65317,0.65337,0.65363,0.6539,0.65428,0.65458,0.65489,0.65511
0.42529,0.61655,0.40761,0.24635,0.59247,0.24571,0.46997,0.44343,0.53809,0.52083,0.57882,0.60914,0.61164,0.60793,0.60935,0.61212,0.61699,0.62311,0.6304,0.6358,0.63905,0.6432,0.64535,0.64746,0.64895,0.65095,0.65245,0.65409,0.65489,0.65644,0.65761,0.65872,0.65779,0.66053,0.66142,0.6622,0.66273,0.66354,0.6642,0.66475,0.6651,0.66563,0.66608,0.66641,0.66697,0.66711,0.66737,0.66762,0.66779,0.66802,0.66821,0.66841,0.66886,0.66875,0.66893,0.66912,0.66843,0.66973,0.67014,0.67066,0.67128,0.67269,0.67442,0.67679
0.47126,0.51341,0.47899,0.23432,0.47003,0.23421,0.28397,0.31411,0.33086,0.17826,0.23933,0.32625,0.36426,0.38119,0.38868,0.39395,0.39864,0.40312,0.40743,0.41179,0.41869,0.42102,0.42492,0.42829,0.43088,0.43301,0.43458,0.43595,0.43736,0.43778,0.43845,0.43905,0.43937,0.43985,0.44026,0.44057,0.44081,0.44106,0.44132,0.44155,0.44177,0.44194,0.44215,0.44237,0.44242,0.44274,0.44296,0.44318,0.44342,0.44368,0.44394,0.44425,0.44468,0.44486,0.44522,0.4456,0.44593,0.44638,0.4468,0.44718,0.44754,0.44783,0.44807,0.44822
0.1954,0.39145,0.22631,0.11002,0.30078,0.10191,0.15901,0.070442,0.050486,0.13047,0.097595,0.098015,0.086925,0.080824,0.078303,0.077754,0.076017,0.070041,0.065609,0.06534,0.06577,0.06704,0.068095,0.069056,0.070056,0.070868,0.0716,0.072215,0.073038,0.073528,0.074052,0.07452,0.076274,0.075483,0.075829,0.076177,0.076556,0.076826,0.077096,0.077304,0.077757,0.077833,0.078026,0.078263,0.078342,0.078602,0.078698,0.078851,0.079013,0.079085,0.079212,0.079294,0.07939,0.079476,0.079558,0.079612,0.079272,0.07967,0.079691,0.079769,0.079672,0.079963,0.080155,0.08032
0.057471,0.34805,0.35196,0.098334,0.36258,0.13132,0.17931,0.13946,0.061205,0.084712,0.11426,0.12703,0.13744,0.14777,0.1579,0.16508,0.16955,0.17295,0.175,0.17635,0.17746,0.17765,0.17786,0.17787,0.17819,0.17755,0.17721,0.1768,0.17642,0.17583,0.17527,0.17467,0.17564,0.17337,0.17271,0.17202,0.17121,0.17058,0.16979,0.16898,0.16872,0.16744,0.1666,0.16575,0.16467,0.16392,0.16302,0.1621,0.16116,0.1602,0.15923,0.15822,0.1571,0.15635,0.15536,0.15444,0.15334,0.15264,0.15188,0.15119,0.15052,0.15007,0.14971,0.14949
NaN,0.62421,0.39408,0.17371,0.63313,0.23527,0.1917,0.19163,0.19825,0.029974,0.098664,0.1419,0.18543,0.22111,0.25498,0.27437,0.28464,0.29082,0.29575,0.29982,0.30388,0.30627,0.30891,0.3113,0.3137,0.31542,0.31721,0.31897,0.32032,0.32195,0.3233,0.32462,0.32517,0.32695,0.32804,0.32909,0.32984,0.33102,0.33189,0.33264,0.33381,0.33412,0.3348,0.33536,0.33656,0.33645,0.33682,0.3372,0.33742,0.33768,0.33786,0.33795,0.33784,0.3378,0.33752,0.33723,0.3366,0.33641,0.33581,0.3353,0.33488,0.33417,0.33372,0.33344
0.28736,0.61056,0.49254,0.14124,0.55193,0.18419,0.33823,0.38659,0.35814,0.28337,0.36107,0.43305,0.45734,0.47788,0.48954,0.49785,0.50462,0.50974,0.51411,0.51775,0.5219,0.52372,0.52583,0.52781,0.52945,0.53093,0.53216,0.5335,0.53446,0.53529,0.53608,0.53693,0.53742,0.5378,0.53838,0.53882,0.53906,0.53939,0.53985,0.54006,0.54009,0.54041,0.54059,0.54059,0.54028,0.54079,0.54078,0.54085,0.54066,0.54072,0.54067,0.54059,0.54083,0.54036,0.54025,0.54017,0.54048,0.54022,0.5401,0.54015,0.54019,0.54012,0.54018,0.54024
0.28736,0.27405,0.14834,0.014044,0.21709,0.090289,0.20391,0.17663,0.10053,0.11929,0.13373,0.15583,0.18309,0.19418,0.19899,0.20335,0.20813,0.21372,0.21846,0.22304,0.22741,0.22991,0.23253,0.23499,0.23706,0.23869,0.24026,0.24175,0.24275,0.24383,0.24477,0.2455,0.24718,0.2466,0.24707,0.24752,0.24779,0.24806,0.24834,0.24847,0.24843,0.24859,0.24859,0.24852,0.24773,0.24839,0.24824,0.24798,0.24773,0.24748,0.24719,0.24683,0.2468,0.24618,0.24585,0.2455,0.24581,0.24484,0.24464,0.24422,0.24323,0.24351,0.24272,0.24185
0.17241,0.086885,0.036314,0.032206,0.10281,0.02521,0.14282,0.031019,0.23013,0.052279,0.068829,0.036037,0.030982,0.020231,0.018461,0.018359,0.014184,0.017855,0.027144,0.029802,0.0315,0.033353,0.034727,0.035994,0.037238,0.038182,0.039177,0.040177,0.040861,0.041815,0.042632,0.043375,0.04196,0.044612,0.045286,0.045885,0.046511,0.047058,0.047544,0.048046,0.048666,0.04898,0.049475,0.049943,0.050518,0.050869,0.051369,0.051795,0.0522,0.052695,0.053146,0.053579,0.053893,0.05447,0.054882,0.055273,0.055605,0.056105,0.056427,0.056704,0.056967,0.057185,0.057338,0.057436
0.1954,0.37486,0.25712,0.13269,0.40452,0.17285,0.25493,0.22755,0.17712,0.14527,0.24902,0.27047,0.28815,0.299,0.3045,0.2884,0.29174,0.29498,0.29754,0.29955,0.3015,0.30282,0.3041,0.30512,0.30604,0.30671,0.30733,0.30767,0.30823,0.30832,0.30847,0.30857,0.30885,0.30844,0.30834,0.30814,0.30791,0.30769,0.3073,0.3069,0.30682,0.30616,0.30568,0.30521,0.30434,0.30418,0.3036,0.30301,0.30241,0.3018,0.30114,0.30054,0.29995,0.29919,0.29846,0.29773,0.29636,0.29615,0.29513,0.29415,0.29275,0.29163,0.28986,0.28821
0.21839,0.12852,0.22988,0.17732,0.1832,0.11051,0.25345,0.15674,0.17405,0.10879,0.079496,0.099308,0.10065,0.10249,0.12322,0.12511,0.12862,0.13166,0.13587,0.13957,0.14563,0.14496,0.14681,0.14832,0.14984,0.15031,0.15095,0.15163,0.15215,0.15225,0.15255,0.15269,0.15237,0.15321,0.15331,0.15339,0.15337,0.15344,0.15338,0.15333,0.15296,0.15311,0.15293,0.15264,0.15258,0.15229,0.15193,0.15154,0.15109,0.15067,0.15019,0.14962,0.14904,0.1485,0.14779,0.14709,0.14725,0.14545,0.14466,0.14373,0.14279,0.14228,0.14211,0.14406
0.011494,0.21503,0.17204,0.082368,0.16781,0.12187,0.25435,0.28078,0.31558,0.14644,0.1047,0.085487,0.081486,0.080451,0.081136,0.081626,0.082258,0.082402,0.082651,0.082763,0.08295,0.083274,0.083396,0.083582,0.083958,0.084131,0.084279,0.084669,0.084971,0.085193,0.085527,0.085952,0.085732,0.086475,0.086948,0.087345,0.087754,0.088146,0.088634,0.089035,0.089791,0.090008,0.090451,0.090847,0.091047,0.091796,0.092217,0.09266,0.092995,0.093459,0.093824,0.094216,0.09459,0.094705,0.094994,0.095208,0.095008,0.095443,0.095596,0.095531,0.095258,0.095886,0.096653,0.099176
0.011494,0.32015,0.14602,0.064875,0.27726,0.11487,0.21195,0.20395,0.199,0.049223,0.087829,0.093299,0.12059,0.12775,0.12767,0.12604,0.1311,0.1437,0.1495,0.15399,0.15862,0.16154,0.16432,0.167,0.16925,0.17095,0.17255,0.17418,0.17497,0.17618,0.17709,0.17794,0.17863,0.17903,0.17963,0.18014,0.18032,0.1808,0.18133,0.18162,0.18206,0.18205,0.18234,0.18249,0.18329,0.18303,0.18336,0.18361,0.18385,0.18418,0.1845,0.18481,0.18441,0.18576,0.18634,0.18691,0.18718,0.18857,0.18939,0.19033,0.19196,0.19281,0.19401,0.19499
0.011494,0.067237,0.11557,0.011999,0.10033,0.12392,0.23092,0.057468,0.063238,0.092274,0.085496,0.069948,0.06244,0.060632,0.06176,0.062442,0.062743,0.063342,0.059516,0.054865,0.051396,0.048424,0.045915,0.043615,0.041334,0.039464,0.037576,0.035769,0.034063,0.03231,0.030708,0.029114,0.027044,0.026208,0.024826,0.023542,0.022205,0.021207,0.020086,0.019134,0.01817,0.017461,0.016753,0.016128,0.015437,0.015289,0.014982,0.014684,0.01445,0.01436,0.014257,0.014121,0.013677,0.013971,0.013873,0.013693,0.013432,0.013259,0.012985,0.01262,0.012328,0.011984,0.011726,0.011544
0.011494,0.063001,0.09632,0.10843,0.13337,0.13009,0.11794,0.057291,0.091206,0.088793,0.052925,0.05365,0.054778,0.061482,0.061102,0.06003,0.058645,0.058221,0.05747,0.056756,0.056273,0.055428,0.054905,0.054379,0.05373,0.053546,0.053154,0.052741,0.05234,0.052218,0.052004,0.051855,0.051865,0.05155,0.051494,0.05148,0.051482,0.051525,0.051561,0.051676,0.051744,0.051975,0.052132,0.052339,0.052766,0.05276,0.053068,0.05336,0.053646,0.053966,0.054296,0.054596,0.055055,0.055239,0.055566,0.055881,0.056189,0.056441,0.056703,0.056926,0.057148,0.057271,0.057379,0.057446
0.12644,0.11022,0.30724,0.16799,0.1409,0.17679,0.28257,0.29286,0.22528,0.013589,0.030672,0.021553,0.024604,0.032114,0.036864,0.039842,0.041388,0.042606,0.043137,0.043523,0.04389,0.043422,0.043367,0.043258,0.042671,0.042825,0.042709,0.04247,0.041954,0.042083,0.041905,0.04169,0.042059,0.041378,0.041192,0.04105,0.040725,0.040715,0.040604,0.040477,0.040144,0.040094,0.039944,0.039817,0.040518,0.039439,0.039325,0.039123,0.038994,0.038764,0.038542,0.038261,0.037469,0.037723,0.037457,0.0371,0.036865,0.036366,0.03599,0.035621,0.035496,0.034951,0.034712,0.034559
0.10345,0.027728,0.24233,0.087341,0.15974,0.13324,0.18862,0.25834,0.098097,0.11381,0.10526,0.092305,0.090317,0.084602,0.082863,0.082785,0.083155,0.084427,0.085677,0.086715,0.087965,0.088848,0.089477,0.090091,0.090607,0.090848,0.090959,0.09096,0.090932,0.090497,0.09003,0.089351,0.093409,0.08783,0.086861,0.085846,0.084968,0.08423,0.083179,0.082478,0.081833,0.081063,0.080565,0.080268,0.079149,0.079354,0.079081,0.078825,0.078585,0.078454,0.078344,0.078348,0.078465,0.078362,0.078346,0.078434,0.078174,0.07879,0.079097,0.079234,0.079403,0.079934,0.080213,0.080419
0.034483,0.1753,0.11552,0.10527,0.12909,0.090577,0.16762,0.12492,0.13498,0.11417,0.10625,0.10417,0.11044,0.12412,0.12947,0.13373,0.13738,0.13899,0.14003,0.14077,0.14419,0.14241,0.14294,0.14269,0.14187,0.14047,0.13898,0.13734,0.13546,0.13395,0.13228,0.13065,0.12821,0.12748,0.12594,0.12452,0.12315,0.12175,0.12049,0.11928,0.11816,0.11684,0.11576,0.1147,0.11389,0.11274,0.11182,0.11093,0.1101,0.10932,0.1086,0.1079,0.10729,0.10665,0.1061,0.1056,0.10514,0.10478,0.10442,0.10412,0.10389,0.10369,0.10355,0.10347
0.011494,0.15797,0.071298,0.12362,0.076384,0.15067,0.31211,0.28597,0.082753,0.10597,0.1599,0.11837,0.11081,0.12017,0.12354,0.12463,0.1239,0.1225,0.12031,0.11829,0.1166,0.11696,0.11692,0.11712,0.11781,0.11789,0.1182,0.11861,0.11867,0.11931,0.11966,0.11997,0.12028,0.12056,0.12082,0.1211,0.12147,0.12154,0.12185,0.12201,0.12255,0.12249,0.12269,0.12285,0.12334,0.1233,0.12354,0.12372,0.12391,0.12413,0.12437,0.12454,0.12467,0.12491,0.12513,0.12533,0.12528,0.12571,0.1259,0.12604,0.12614,0.1263,0.12637,0.12642
0.12644,0.14401,0.1052,0.063903,0.030582,0.16766,0.12853,0.15718,0.079565,0.054638,0.07942,0.11324,0.12755,0.13206,0.13445,0.13567,0.13598,0.13648,0.13647,0.13639,0.13642,0.13607,0.13606,0.13607,0.13599,0.13619,0.13638,0.13641,0.13651,0.13684,0.137,0.13719,0.14023,0.13751,0.13769,0.13785,0.13811,0.13817,0.13835,0.13851,0.13871,0.13881,0.13894,0.13917,0.13878,0.13926,0.13938,0.13954,0.13972,0.13973,0.13976,0.13989,0.14042,0.13949,0.13945,0.13918,0.13869,0.13796,0.13714,0.13613,0.13273,0.13228,0.12986,0.12721
0.12644,0.081889,0.183,0.13402,0.076468,0.13213,0.11486,0.023516,0.20626,0.11912,0.16766,0.16288,0.16862,0.18128,0.19063,0.1969,0.20047,0.20302,0.2044,0.20537,0.2093,0.21108,0.21793,0.21927,0.21892,0.21966,0.22068,0.22065,0.22002,0.22184,0.22214,0.22226,0.23116,0.22299,0.22288,0.22296,0.22353,0.22336,0.22282,0.22276,0.22279,0.22295,0.22279,0.22354,0.22626,0.22376,0.22396,0.22424,0.22518,0.22503,0.22557,0.22593,0.23038,0.22714,0.22728,0.22797,0.23103,0.22893,0.22999,0.23113,0.23075,0.23247,0.23391,0.23694
0.034483,0.10381,0.066819,0.099504,0.084823,0.058021,0.054119,0.096237,0.10303,0.27526,0.19544,0.17119,0.18148,0.20101,0.20812,0.2123,0.21526,0.21866,0.2215,0.22439,0.2276,0.22981,0.23248,0.23509,0.23725,0.23976,0.24203,0.24417,0.24628,0.24803,0.24979,0.25142,0.25279,0.25441,0.25587,0.25721,0.25839,0.25976,0.26088,0.26209,0.26262,0.26406,0.26509,0.26605,0.26702,0.2678,0.26876,0.26957,0.27045,0.27134,0.27208,0.27293,0.27391,0.27464,0.27537,0.27618,0.27732,0.27789,0.27878,0.27983,0.28124,0.28261,0.2844,0.2864
0.034483,0.13199,0.18097,0.085472,0.25595,0.15979,0.09309,0.13224,0.20116,0.03072,0.07627,0.072525,0.085248,0.087945,0.091276,0.092784,0.093763,0.094737,0.095432,0.095963,0.097093,0.096847,0.097262,0.097566,0.097839,0.09808,0.098351,0.098518,0.098923,0.098979,0.099182,0.099388,0.099457,0.099774,0.099964,0.10015,0.10029,0.10053,0.10069,0.10089,0.10106,0.10123,0.1014,0.10158,0.10175,0.10185,0.10203,0.10217,0.10231,0.10244,0.10256,0.10267,0.10286,0.10289,0.10299,0.10307,0.10315,0.10322,0.10328,0.10333,0.10339,0.10341,0.10343,0.10344
0.10345,0.13117,0.086648,0.11992,0.14225,0.201,0.24762,0.16144,0.26875,0.017011,0.1058,0.1176,0.12997,0.14527,0.15703,0.15759,0.15496,0.15186,0.15068,0.15035,0.1496,0.15025,0.1503,0.15002,0.14934,0.14899,0.14835,0.14786,0.14679,0.14699,0.1474,0.14946,0.16088,0.15882,0.16094,0.16089,0.16042,0.15978,0.15939,0.15892,0.15825,0.15784,0.1575,0.15705,0.15713,0.15655,0.15629,0.156,0.15577,0.15545,0.15517,0.15494,0.15514,0.1542,0.15386,0.15341,0.15293,0.15259,0.15207,0.15142,0.15114,0.15034,0.14987,0.14956
0.17241,0.055187,0.047711,0.10957,0.040231,0.039216,0.1697,0.12533,0.17847,0.051482,0.049623,0.079035,0.090917,0.090991,0.093107,0.099493,0.10463,0.10758,0.10924,0.11032,0.11094,0.11169,0.11218,0.11257,0.11315,0.11328,0.11356,0.11385,0.11422,0.11442,0.1147,0.11496,0.11539,0.11547,0.11575,0.11602,0.11633,0.11654,0.11679,0.11709,0.11751,0.11771,0.118,0.11831,0.11843,0.11897,0.11931,0.11966,0.12004,0.12044,0.12085,0.12128,0.12186,0.12212,0.12262,0.12313,0.12371,0.1241,0.12462,0.12509,0.1255,0.12591,0.12619,0.12637
0.14943,0.10121,0.033396,0.10243,0.072511,0.042982,0.097621,0.0072293,0.18121,0.065039,0.10626,0.089185,0.083705,0.074516,0.072583,0.071839,0.071333,0.070989,0.070498,0.069853,0.069493,0.068421,0.067586,0.066645,0.06553,0.064828,0.06375,0.062637,0.061463,0.060448,0.059321,0.05824,0.058307,0.055814,0.054759,0.053628,0.052288,0.051341,0.05018,0.04902,0.047877,0.04686,0.045649,0.0445,0.043044,0.042121,0.040868,0.039695,0.038412,0.037187,0.035815,0.034521,0.032453,0.031648,0.030207,0.028698,0.027262,0.025232,0.02334,0.021444,0.018912,0.016708,0.014295,0.012237
0.08046,0.084216,0.10474,0.069591,0.088999,0.082189,0.16922,0.087077,0.17861,0.030733,0.004368,0.042759,0.053823,0.0632,0.071073,0.075567,0.10011,0.10377,0.10599,0.10722,0.10765,0.10736,0.10689,0.10622,0.10524,0.10467,0.10377,0.10288,0.10219,0.10112,0.10026,0.099443,0.10032,0.09778,0.096986,0.096246,0.095429,0.094872,0.094071,0.093552,0.092441,0.092393,0.091866,0.091487,0.090105,0.090775,0.090356,0.090126,0.089946,0.089795,0.089742,0.089769,0.089324,0.089979,0.090148,0.090508,0.0919,0.091587,0.092234,0.093266,0.093967,0.095514,0.097363,0.1003
0.057471,0.057197,0.029352,0.13286,0.1499,0.16481,0.086353,0.10209,0.16226,0.16349,0.21028,0.21281,0.21664,0.22281,0.2212,0.21755,0.21302,0.20908,0.2053,0.20205,0.19936,0.19649,0.19421,0.19222,0.19031,0.18896,0.18752,0.18632,0.18502,0.18409,0.18313,0.18227,0.18,0.18078,0.18014,0.17957,0.17899,0.17853,0.17808,0.17763,0.17706,0.17694,0.17663,0.17635,0.17608,0.17586,0.17564,0.17546,0.1753,0.17518,0.17507,0.17495,0.17491,0.1747,0.17462,0.17453,0.17473,0.17428,0.17415,0.17388,0.17356,0.17317,0.17281,0.17252
0.08046,0.057202,0.16541,0.15353,0.11589,0.16433,0.051634,0.079467,0.11318,0.18281,0.17947,0.19861,0.20937,0.21833,0.21017,0.21389,0.21431,0.21407,0.21304,0.2116,0.21025,0.20828,0.20649,0.20491,0.20336,0.20246,0.20165,0.20093,0.2003,0.20013,0.1998,0.1996,0.19734,0.19923,0.19917,0.1991,0.19898,0.19911,0.19913,0.19919,0.19917,0.19936,0.19953,0.19974,0.20048,0.19993,0.20018,0.20045,0.2006,0.20096,0.20121,0.20165,0.20108,0.20219,0.20247,0.2028,0.2027,0.20345,0.20343,0.20338,0.20323,0.20198,0.20015,0.19722
0.034483,0.12367,0.072627,0.063743,0.096117,0.061673,0.15413,0.22704,0.15859,0.13173,0.14825,0.15206,0.15057,0.14768,0.14595,0.14433,0.14288,0.14193,0.14104,0.14023,0.13995,0.13896,0.13839,0.1377,0.13707,0.13587,0.13521,0.13422,0.1332,0.13253,0.13162,0.13071,0.12949,0.12891,0.12797,0.12706,0.1262,0.12534,0.1243,0.12351,0.12277,0.12162,0.12073,0.1199,0.11951,0.11813,0.11715,0.11624,0.11534,0.1144,0.11349,0.11263,0.11189,0.11075,0.10977,0.10886,0.10791,0.10709,0.10623,0.10551,0.10495,0.10424,0.10381,0.10355
0.14943,0.0939,0.017765,0.11128,0.051368,0.16111,0.18329,0.14941,0.1965,0.02414,0.067491,0.092456,0.091137,0.094537,0.096228,0.097177,0.097549,0.098157,0.098412,0.098755,0.099164,0.099151,0.099354,0.099573,0.099619,0.099946,0.10012,0.10035,0.1008,0.10065,0.10084,0.10094,0.10161,0.10139,0.10145,0.10161,0.10157,0.10185,0.10207,0.10217,0.10221,0.10239,0.10252,0.10255,0.10207,0.10279,0.10299,0.10298,0.10314,0.10313,0.10328,0.10319,0.10286,0.10339,0.10347,0.10346,0.10342,0.10352,0.10357,0.10341,0.10333,0.10348,0.10346,0.10347
0.08046,0.14653,0.088451,0.094174,0.078311,0.17946,0.18306,0.25304,0.037355,0.12141,0.15675,0.13959,0.14059,0.14426,0.14611,0.14539,0.14401,0.14321,0.14233,0.14189,0.14124,0.14146,0.14174,0.14231,0.14328,0.14419,0.14573,0.14719,0.17072,0.17267,0.17387,0.17481,0.17662,0.17615,0.17661,0.17698,0.17728,0.17751,0.17779,0.17795,0.17795,0.17831,0.17852,0.17873,0.17865,0.17911,0.17933,0.17957,0.17981,0.18009,0.18034,0.18054,0.18111,0.1811,0.18139,0.18163,0.18268,0.1821,0.182,0.18218,0.18168,0.18152,0.18061,0.17771
0.08046,0.077944,0.13683,0.054769,0.18361,0.17122,0.12698,0.082367,0.2679,0.057853,0.029106,0.016342,0.024246,0.029022,0.035547,0.039914,0.043402,0.046449,0.049032,0.05137,0.053671,0.055395,0.057058,0.058599,0.05942,0.061522,0.062697,0.063902,0.064471,0.066348,0.067476,0.068618,0.071919,0.070997,0.0721,0.073414,0.07445,0.075566,0.076774,0.078181,0.077726,0.080335,0.081428,0.082469,0.084715,0.084711,0.085928,0.086971,0.088063,0.089141,0.090293,0.091283,0.092681,0.0934,0.094632,0.095789,0.097166,0.098171,0.099285,0.10032,0.10149,0.10222,0.10288,0.10331
0.10345,0.13475,0.090472,0.039389,0.15048,0.0075518,0.14117,0.11481,0.2111,0.21317,0.15406,0.14842,0.13806,0.13601,0.13207,0.12779,0.12385,0.1203,0.11687,0.11362,0.11063,0.10763,0.10464,0.10176,0.098518,0.096199,0.093384,0.090751,0.088128,0.085479,0.082914,0.080458,0.075915,0.075335,0.072877,0.070447,0.068017,0.065628,0.063176,0.060889,0.058194,0.056184,0.053844,0.051556,0.0492,0.047004,0.044669,0.042415,0.040094,0.037864,0.035614,0.033432,0.031037,0.028979,0.02676,0.024637,0.022655,0.020496,0.018526,0.016781,0.015042,0.013628,0.012495,0.011754
0.011494,0.097204,0.13056,0.077909,0.12492,0.056014,0.09232,0.13676,0.17817,0.16912,0.11409,0.1075,0.097562,0.099001,0.098862,0.098557,0.098618,0.097768,0.097092,0.096154,0.09504,0.0936,0.092071,0.090395,0.087745,0.087024,0.085231,0.083417,0.081709,0.080163,0.07849,0.07693,0.075669,0.073692,0.072084,0.070536,0.068913,0.067401,0.065825,0.064239,0.062268,0.061149,0.059497,0.057896,0.055997,0.05442,0.052593,0.050803,0.048876,0.046884,0.044872,0.042723,0.040594,0.038105,0.035664,0.03315,0.030488,0.027508,0.024732,0.021869,0.018747,0.016234,0.013858,0.012145
0.10345,0.14413,0.085483,0.09961,0.088115,0.23461,0.22684,0.15605,0.11962,0.088697,0.13823,0.1564,0.17102,0.1801,0.19052,0.19695,0.19954,0.20095,0.20095,0.2005,0.20079,0.19836,0.19693,0.19555,0.19446,0.19237,0.19093,0.18942,0.18829,0.18648,0.18503,0.18351,0.18618,0.18049,0.179,0.17758,0.17584,0.1746,0.17315,0.1718,0.16991,0.16851,0.16702,0.16557,0.16307,0.16235,0.16088,0.15918,0.15764,0.15588,0.15428,0.15249,0.15026,0.14898,0.14713,0.14523,0.14397,0.14158,0.1396,0.13768,0.13467,0.13291,0.13018,0.12774
0.14943,0.14526,0.15846,0.14588,0.098415,0.019835,0.1298,0.090611,0.23689,0.11384,0.040629,0.077615,0.10536,0.12975,0.14818,0.16156,0.17137,0.1793,0.18528,0.18996,0.19277,0.19669,0.19901,0.20093,0.20236,0.20352,0.20472,0.20551,0.20596,0.20681,0.20728,0.2076,0.207,0.20798,0.20831,0.20841,0.20886,0.20842,0.20847,0.20853,0.20918,0.20848,0.20849,0.20859,0.20806,0.20819,0.20825,0.20817,0.20827,0.2083,0.20834,0.20846,0.20849,0.20867,0.20886,0.20906,0.20837,0.20942,0.20957,0.20989,0.20944,0.20904,0.20822,0.20619
0.14943,0.23331,0.14288,0.0068446,0.030018,0.095159,0.136,0.11526,0.050665,0.13926,0.15703,0.13959,0.14312,0.12334,0.11919,0.11817,0.11336,0.10403,0.097789,0.092427,0.087474,0.083468,0.079725,0.076221,0.072772,0.070295,0.067649,0.065214,0.06307,0.061019,0.059112,0.057294,0.052523,0.054068,0.052559,0.051142,0.049967,0.048598,0.047295,0.046127,0.044989,0.044151,0.043159,0.042255,0.041533,0.040451,0.039619,0.038804,0.038005,0.037296,0.036608,0.035937,0.035486,0.034695,0.034101,0.033602,0.033115,0.032661,0.032426,0.032283,0.032375,0.032579,0.033215,0.034015
0.08046,0.0885,0.077127,0.11402,0.10874,0.12864,0.18605,0.021255,0.058134,0.058519,0.085576,0.086786,0.10114,0.11381,0.11595,0.11449,0.11125,0.10912,0.10757,0.1065,0.10467,0.10534,0.10488,0.10449,0.10482,0.10372,0.10334,0.1029,0.10262,0.10213,0.10177,0.10147,0.1035,0.10069,0.10051,0.10023,0.10039,0.099802,0.09981,0.099727,0.10125,0.099871,0.099941,0.10006,0.099474,0.10048,0.10078,0.10102,0.10135,0.10166,0.10191,0.10231,0.10339,0.10285,0.10329,0.10355,0.10305,0.10403,0.10413,0.10395,0.10393,0.10381,0.10362,0.10349
0.12644,0.060987,0.077636,0.10551,0.16179,0.048882,0.14215,0.26978,0.10344,0.074632,0.047717,0.033515,0.04104,0.040859,0.038064,0.034823,0.032421,0.029557,0.027662,0.026052,0.0241,0.023886,0.022977,0.022205,0.021281,0.02103,0.020527,0.020076,0.019811,0.01945,0.019173,0.018914,0.017503,0.018528,0.018327,0.018159,0.018197,0.017839,0.017675,0.017497,0.017184,0.017222,0.017049,0.016884,0.016539,0.016459,0.016224,0.015979,0.015717,0.015425,0.015133,0.014793,0.014608,0.01417,0.013808,0.013464,0.013164,0.012806,0.01248,0.012219,0.011925,0.011765,0.011619,0.011529
