0.037975,0.12313,0.046574,0.02624,0.10174,0.0036257,0.10892,0.11679,0.19571,0.15283,0.14726,0.13346,0.11816,0.10149,0.084555,0.070712,0.061757,0.05573,0.051028,0.047122,0.043932,0.040758,0.037827,0.035088,0.03284,0.030168,0.028014,0.025902,0.024391,0.021829,0.019991,0.018228,0.016847,0.01455,0.01325,0.012026,0.010866,0.0097766,0.008811,0.0081389,0.0082347,0.0074027,0.0074148,0.0075951,0.0079252,0.0084153,0.0090316,0.0097031,0.010447,0.011063,0.011653,0.012236,0.013278,0.013371,0.013741,0.014021,0.014111,0.014203,0.014189,0.014004,0.013804,0.013361,0.013059,0.012827
0.11392,0.16744,0.1133,0.050866,0.07428,0.068526,0.11406,0.13237,0.28091,0.1284,0.15233,0.16181,0.14848,0.13358,0.12828,0.12448,0.12066,0.11736,0.11376,0.11018,0.10717,0.10392,0.10129,0.098939,0.096676,0.095253,0.093772,0.09236,0.091216,0.09027,0.089404,0.088714,0.088268,0.087014,0.08648,0.085942,0.085323,0.084984,0.084471,0.084079,0.083286,0.08322,0.082801,0.082458,0.082446,0.081612,0.081193,0.080785,0.080213,0.079867,0.079359,0.078802,0.077632,0.077608,0.076873,0.076082,0.075785,0.074172,0.073041,0.071765,0.07016,0.068016,0.065929,0.063928
0.012658,0.18004,0.092695,0.12172,0.21287,0.1775,0.10148,0.086413,0.28717,0.27687,0.27233,0.27442,0.2817,0.28531,0.28743,0.28843,0.28842,0.28894,0.28917,0.28955,0.28987,0.29058,0.29119,0.2918,0.29257,0.29306,0.29355,0.29409,0.29453,0.29513,0.29562,0.29604,0.29505,0.29682,0.29715,0.29749,0.29791,0.29807,0.29836,0.2986,0.29896,0.29912,0.29931,0.29949,0.30001,0.29991,0.3,0.30006,0.30015,0.3002,0.30026,0.30025,0.30068,0.30015,0.30003,0.29988,0.29954,0.29925,0.29885,0.29804,0.29686,0.29563,0.29386,0.29191
0.037975,0.26291,0.21347,0.18424,0.24254,0.173,0.24664,0.24335,0.28132,0.19578,0.27065,0.2857,0.29434,0.29528,0.29483,0.29583,0.29821,0.3004,0.30244,0.30399,0.30482,0.30664,0.30773,0.30862,0.30919,0.31,0.31055,0.31088,0.3115,0.31172,0.31197,0.31221,0.3141,0.31262,0.31273,0.31286,0.31315,0.31311,0.31324,0.31339,0.31327,0.31359,0.31371,0.31385,0.31372,0.31406,0.31421,0.31437,0.31456,0.31468,0.31485,0.31502,0.31539,0.31531,0.3155,0.31565,0.31586,0.31594,0.31608,0.31616,0.31627,0.31635,0.31641,0.31644
0.18987,0.19991,0.09087,0.16528,0.15586,0.11163,0.20447,0.18637,0.17814,0.098475,0.06131,0.060132,0.058125,0.057893,0.056346,0.054688,0.053256,0.051525,0.050147,0.048951,0.047504,0.046711,0.045834,0.044993,0.044458,0.043597,0.042922,0.042349,0.041651,0.041308,0.040812,0.040299,0.039169,0.039797,0.039408,0.039097,0.038898,0.038604,0.038302,0.038112,0.037981,0.037783,0.037645,0.037424,0.037229,0.037279,0.037161,0.037057,0.037035,0.037002,0.036954,0.036794,0.037459,0.037085,0.036914,0.036973,0.037058,0.037136,0.037187,0.036931,0.036842,0.037304,0.037496,0.03758
0.16456,0.032826,0.18497,0.19864,0.22367,0.26634,0.2052,0.012354,0.16242,0.11817,0.15949,0.12453,0.11325,0.1072,0.10108,0.095093,0.089149,0.084288,0.079914,0.075892,0.072581,0.068474,0.065381,0.062507,0.061666,0.057327,0.054947,0.0527,0.050381,0.048762,0.046931,0.045183,0.043008,0.042327,0.040981,0.039674,0.038767,0.037408,0.036446,0.035657,0.034191,0.034051,0.033321,0.032703,0.032757,0.031301,0.030735,0.03038,0.029577,0.029245,0.02852,0.028063,0.028566,0.026341,0.025517,0.024591,0.023703,0.021998,0.020594,0.019016,0.017958,0.015623,0.014157,0.012946
0.037975,0.25056,0.070092,0.12112,0.26857,0.19563,0.08397,0.049891,0.16548,0.068066,0.10824,0.11271,0.11249,0.11221,0.11089,0.10992,0.10862,0.10771,0.10655,0.10507,0.10261,0.10174,0.10001,0.098237,0.095637,0.094592,0.092785,0.090964,0.088909,0.087242,0.085454,0.083608,0.082153,0.080049,0.078322,0.076531,0.075064,0.072957,0.07123,0.069372,0.065812,0.065667,0.06376,0.061744,0.059879,0.057565,0.055624,0.053371,0.051101,0.048824,0.046426,0.04389,0.041664,0.038536,0.035781,0.032934,0.031332,0.026992,0.024096,0.021196,0.018488,0.016185,0.014295,0.013099
0.012658,0.1496,0.039629,0.013274,0.16159,0.064632,0.02759,0.19303,0.12968,0.048928,0.10847,0.087104,0.087615,0.090583,0.092951,0.095703,0.098113,0.10104,0.10302,0.10446,0.1048,0.10463,0.10377,0.10223,0.10047,0.098861,0.097055,0.095093,0.09309,0.091956,0.090589,0.089375,0.097076,0.08771,0.086784,0.086011,0.08538,0.084709,0.084164,0.08372,0.083725,0.083035,0.082743,0.082645,0.082918,0.082359,0.082281,0.082329,0.08266,0.082505,0.08274,0.083007,0.083112,0.083582,0.084277,0.08474,0.084876,0.085937,0.086536,0.086888,0.08746,0.087936,0.088283,0.088508
0.012658,0.19653,0.20834,0.12275,0.10524,0.21624,0.091398,0.1772,0.16468,0.12254,0.14438,0.10847,0.1048,0.096367,0.095855,0.09483,0.091219,0.087203,0.083366,0.080261,0.076496,0.076331,0.0751,0.074012,0.073365,0.072292,0.071615,0.070803,0.070309,0.069827,0.069306,0.068799,0.071187,0.068059,0.067724,0.067378,0.067226,0.066846,0.066435,0.066151,0.065999,0.065667,0.065438,0.065328,0.065267,0.064867,0.064674,0.064519,0.0644,0.064244,0.064109,0.064008,0.064086,0.063827,0.063683,0.06361,0.063534,0.063479,0.063426,0.063427,0.063387,0.063329,0.06331,0.063297
0.012658,0.23102,0.15437,0.16388,0.14876,0.1455,0.062857,0.062733,0.13037,0.14581,0.19427,0.19122,0.20226,0.20894,0.21559,0.22032,0.22366,0.22642,0.22851,0.2302,0.23134,0.23303,0.23405,0.23507,0.2363,0.23683,0.23759,0.23839,0.23928,0.23974,0.24036,0.24092,0.23968,0.2418,0.24228,0.2427,0.24317,0.24338,0.24377,0.24405,0.24455,0.24454,0.24473,0.24488,0.24443,0.24508,0.24508,0.24504,0.2449,0.24482,0.24462,0.2444,0.24478,0.24388,0.24353,0.24318,0.24275,0.24238,0.242,0.24166,0.24135,0.24096,0.24072,0.24057
0.037975,0.17526,0.13631,0.094242,0.20701,0.17716,0.1904,0.17696,0.24641,0.24333,0.27303,0.27724,0.28092,0.27852,0.27741,0.27498,0.26421,0.25281,0.2486,0.24592,0.24292,0.24149,0.23971,0.23815,0.23702,0.23585,0.23519,0.23475,0.23427,0.23447,0.23459,0.23484,0.23585,0.2359,0.2364,0.23692,0.23711,0.23824,0.23874,0.23932,0.23969,0.24046,0.24096,0.24142,0.2431,0.2421,0.24254,0.24287,0.2431,0.24336,0.2436,0.24373,0.24328,0.24409,0.24409,0.24407,0.24429,0.2437,0.24336,0.24301,0.24243,0.24171,0.24111,0.24066
0.16456,0.13137,0.26164,0.31943,0.23109,0.23175,0.18818,0.16581,0.11447,0.087515,0.087228,0.10652,0.10183,0.096402,0.091246,0.087117,0.08115,0.070851,0.063219,0.057359,0.052019,0.048305,0.044672,0.041385,0.039155,0.035752,0.033209,0.030717,0.028202,0.026625,0.02476,0.022972,0.023405,0.020056,0.018711,0.017415,0.016277,0.015413,0.014663,0.013912,0.014102,0.013166,0.012901,0.012851,0.013474,0.01292,0.013086,0.013386,0.013714,0.013858,0.014266,0.014707,0.014729,0.0153,0.015656,0.015948,0.015508,0.01637,0.016552,0.01672,0.016775,0.016268,0.01524,0.013444
0.037975,0.13302,0.1893,0.18078,0.206,0.27619,0.12912,0.15252,0.19423,0.17183,0.1457,0.14976,0.15764,0.16027,0.1619,0.16165,0.15972,0.15938,0.15824,0.15706,0.15484,0.15498,0.15423,0.15353,0.15286,0.15259,0.1521,0.15169,0.15098,0.15107,0.1508,0.15062,0.15218,0.15003,0.14989,0.14969,0.14981,0.14931,0.14915,0.14889,0.14864,0.14868,0.14848,0.14832,0.1486,0.14785,0.14762,0.14747,0.14721,0.14695,0.14665,0.14634,0.14706,0.14566,0.14527,0.14485,0.14422,0.14357,0.14288,0.14222,0.14141,0.14055,0.13989,0.13937
0.088608,0.046058,0.13539,0.075394,0.21982,0.27897,0.31235,0.19028,0.35323,0.31614,0.41123,0.40893,0.40682,0.41057,0.41639,0.42059,0.4234,0.42644,0.429,0.43145,0.43361,0.43544,0.43693,0.43803,0.43882,0.43948,0.43989,0.44005,0.44049,0.44045,0.44055,0.44059,0.44339,0.44059,0.44062,0.44066,0.4408,0.44068,0.44074,0.4407,0.44057,0.44086,0.44086,0.44091,0.44041,0.44097,0.44101,0.44105,0.44114,0.4411,0.44117,0.44116,0.44093,0.44123,0.44133,0.44137,0.44144,0.44145,0.44158,0.44171,0.44181,0.44229,0.44262,0.44291
0.063291,0.14136,0.076629,0.11365,0.1266,0.27961,0.27762,0.16442,0.32717,0.1834,0.33245,0.37982,0.39356,0.4008,0.40131,0.39664,0.39167,0.38844,0.38846,0.38977,0.39217,0.39579,0.39884,0.40164,0.40239,0.40556,0.40698,0.40831,0.40939,0.40944,0.40996,0.41021,0.40944,0.41071,0.41106,0.41125,0.41134,0.41153,0.41161,0.4117,0.41152,0.41195,0.41206,0.4121,0.41254,0.41232,0.41248,0.41259,0.41272,0.41302,0.41323,0.41345,0.41262,0.41411,0.4143,0.41469,0.41503,0.41553,0.41599,0.41655,0.41683,0.41719,0.41748,0.41767
0.037975,0.21318,0.10788,0.16272,0.075356,0.11986,0.10887,0.068788,0.068815,0.050406,0.036645,0.051288,0.06188,0.070626,0.075952,0.079994,0.082546,0.084675,0.086163,0.087309,0.086426,0.088894,0.089529,0.090115,0.090706,0.091166,0.091725,0.092376,0.093302,0.093422,0.093989,0.094546,0.090951,0.095815,0.096499,0.097156,0.098081,0.098552,0.099036,0.099835,0.10052,0.10132,0.10206,0.10284,0.10231,0.10423,0.10498,0.10572,0.10643,0.10719,0.10789,0.10859,0.10909,0.10992,0.11047,0.11108,0.11164,0.11213,0.11254,0.11301,0.1132,0.11358,0.11377,0.11389
0.063291,0.073849,0.1376,0.015347,0.26673,0.31087,0.33867,0.17803,0.38317,0.33839,0.43531,0.42933,0.4367,0.43453,0.43301,0.43251,0.4334,0.43288,0.43215,0.43082,0.42775,0.42637,0.42416,0.42188,0.42021,0.41801,0.41594,0.41417,0.41301,0.41099,0.40932,0.40807,0.39615,0.40509,0.40386,0.40272,0.40195,0.40051,0.3997,0.39848,0.39918,0.39745,0.39687,0.39631,0.39445,0.39489,0.39419,0.39405,0.39313,0.3931,0.393,0.39247,0.39363,0.39223,0.39221,0.39221,0.39056,0.39258,0.39219,0.39232,0.39195,0.39225,0.39236,0.39244
0.037975,0.22361,0.07189,0.17278,0.062648,0.12405,0.24298,0.026281,0.009759,0.20166,0.16378,0.15147,0.15092,0.15604,0.1566,0.15445,0.14946,0.14719,0.14378,0.14069,0.13665,0.13523,0.13287,0.1307,0.12956,0.1269,0.12508,0.12341,0.12245,0.1202,0.11879,0.11745,0.1214,0.11489,0.11386,0.1128,0.11194,0.1107,0.10992,0.10897,0.10829,0.10737,0.10655,0.10568,0.10382,0.10451,0.10387,0.10335,0.10285,0.10237,0.10192,0.10152,0.10142,0.10072,0.10053,0.10029,0.10074,0.099744,0.099691,0.099138,0.097818,0.097724,0.095969,0.092341
0.18987,0.2643,0.054302,0.089835,0.25904,0.056528,0.070386,0.15834,0.14275,0.13815,0.13272,0.1247,0.13477,0.14329,0.15162,0.15829,0.16355,0.16688,0.16983,0.17244,0.17514,0.17726,0.17953,0.18175,0.18397,0.18573,0.18769,0.18961,0.1916,0.19315,0.19482,0.19644,0.19738,0.19954,0.201,0.20248,0.2038,0.20536,0.2067,0.20813,0.20963,0.21084,0.21223,0.21362,0.21432,0.21623,0.2176,0.21894,0.2203,0.22165,0.22306,0.22445,0.22542,0.22728,0.22866,0.23011,0.23168,0.23301,0.23444,0.23593,0.23715,0.2385,0.23954,0.24026
0.012658,0.055444,0.08846,0.17208,0.085896,0.18241,0.13135,0.12021,0.11368,0.13703,0.2208,0.23071,0.23176,0.2307,0.22778,0.22484,0.22334,0.2205,0.21911,0.21791,0.21613,0.21626,0.21559,0.21499,0.21512,0.21365,0.21307,0.21239,0.21218,0.211,0.21029,0.20962,0.20753,0.20818,0.20737,0.20661,0.20633,0.20514,0.20439,0.20366,0.20402,0.20223,0.20153,0.20084,0.19907,0.19937,0.19881,0.19813,0.19742,0.19672,0.19607,0.19542,0.1953,0.19407,0.19348,0.19291,0.19208,0.19179,0.19131,0.19091,0.19049,0.19027,0.19005,0.18992
0.063291,0.058278,0.15191,0.014089,0.2258,0.30759,0.31901,0.16327,0.36878,0.3218,0.39068,0.4251,0.4369,0.44467,0.45401,0.46116,0.46562,0.46836,0.47012,0.47114,0.47169,0.47202,0.47222,0.47223,0.47236,0.47196,0.47173,0.47141,0.4715,0.47093,0.47061,0.4702,0.47111,0.46969,0.4694,0.46908,0.46875,0.46853,0.46825,0.46793,0.46791,0.46738,0.46717,0.46702,0.46638,0.46653,0.46645,0.4663,0.46633,0.46619,0.46617,0.46614,0.46584,0.46631,0.46645,0.46658,0.46664,0.46705,0.46732,0.46753,0.46771,0.46802,0.46819,0.46832
0.012658,0.16689,0.17157,0.13242,0.14386,0.25826,0.25481,0.11962,0.28168,0.24613,0.26461,0.3103,0.32592,0.33386,0.33914,0.34332,0.34757,0.34916,0.35131,0.35309,0.35505,0.35592,0.35708,0.35809,0.35917,0.35944,0.36033,0.36078,0.36167,0.36186,0.36237,0.36269,0.37214,0.36355,0.36402,0.36438,0.3643,0.36512,0.36544,0.36596,0.36668,0.36606,0.36642,0.3668,0.3665,0.36738,0.36786,0.36793,0.36858,0.36876,0.36885,0.36922,0.36677,0.36961,0.36962,0.36946,0.36814,0.37034,0.36928,0.36973,0.36842,0.36853,0.36773,0.36725
0.13924,0.20786,0.06811,0.21431,0.098536,0.11718,0.20939,0.013844,0.031183,0.20327,0.16337,0.12941,0.1164,0.11701,0.11624,0.11626,0.11578,0.11733,0.11786,0.11836,0.11675,0.11812,0.11769,0.11739,0.11799,0.11624,0.11567,0.11524,0.11513,0.11414,0.11363,0.11315,0.11485,0.11226,0.11218,0.112,0.11216,0.11161,0.11186,0.11168,0.11216,0.11141,0.11146,0.1114,0.1103,0.11162,0.11159,0.11173,0.11187,0.11206,0.11219,0.11237,0.11261,0.1127,0.11292,0.11304,0.11309,0.1134,0.11355,0.11359,0.1137,0.1138,0.11387,0.1139
0.13924,0.22668,0.21256,0.11326,0.080539,0.088475,0.069717,0.0906,0.14327,0.16114,0.11668,0.15565,0.16665,0.16618,0.16944,0.17229,0.17491,0.17652,0.17805,0.17928,0.18011,0.18121,0.18202,0.18269,0.18288,0.18379,0.18442,0.18486,0.18553,0.18596,0.18647,0.18698,0.18658,0.18788,0.18836,0.18882,0.18947,0.18971,0.19017,0.19068,0.19079,0.19169,0.1922,0.19276,0.19259,0.19364,0.19411,0.19452,0.1949,0.19527,0.19563,0.19596,0.19659,0.19627,0.19654,0.19658,0.19662,0.19629,0.19593,0.19529,0.1939,0.19315,0.19174,0.19046
0.012658,0.078044,0.12735,0.10544,0.20289,0.10667,0.059127,0.08933,0.29105,0.16876,0.20211,0.19495,0.18506,0.18089,0.17714,0.17412,0.17083,0.16979,0.16835,0.16706,0.16642,0.16504,0.16391,0.16303,0.16211,0.16135,0.16064,0.16032,0.16003,0.15951,0.15932,0.15916,0.16063,0.159,0.15919,0.15927,0.15939,0.15939,0.15965,0.15978,0.16004,0.16005,0.16024,0.16037,0.16003,0.16065,0.1608,0.16088,0.1611,0.16129,0.16136,0.16147,0.16195,0.16162,0.16174,0.16187,0.16183,0.16218,0.16251,0.1627,0.16268,0.16338,0.16391,0.16436
0.037975,0.16972,0.12651,0.15896,0.131,0.07019,0.091703,0.0041719,0.17811,0.10954,0.1489,0.16583,0.16428,0.15974,0.15149,0.14838,0.14561,0.14363,0.14232,0.14155,0.14215,0.14066,0.14041,0.14017,0.14009,0.13957,0.13928,0.13892,0.13885,0.1382,0.13781,0.13738,0.1367,0.1364,0.13591,0.13544,0.13502,0.13443,0.13389,0.13344,0.13291,0.13225,0.1317,0.13118,0.12973,0.12977,0.12914,0.12839,0.12767,0.12685,0.12603,0.1252,0.12513,0.12331,0.12231,0.12126,0.12013,0.11918,0.11803,0.11704,0.11591,0.11515,0.11449,0.11407
0.063291,0.27773,0.19976,0.059096,0.062668,0.067756,0.0063323,0.043711,0.10728,0.10646,0.10359,0.12108,0.11474,0.10377,0.096752,0.08613,0.076692,0.071947,0.068763,0.066382,0.06362,0.062796,0.061274,0.059968,0.058616,0.057661,0.056549,0.055697,0.055075,0.053994,0.053251,0.05262,0.051086,0.051114,0.050587,0.050009,0.049634,0.049003,0.04855,0.048112,0.047716,0.047269,0.046882,0.046512,0.045457,0.045806,0.045471,0.045149,0.044782,0.044483,0.044151,0.043817,0.043378,0.043267,0.042829,0.042418,0.041968,0.041484,0.040897,0.04039,0.039546,0.039055,0.038514,0.03814
0.088608,0.14073,0.09794,0.12397,0.12072,0.028878,0.12394,0.056759,0.14892,0.1588,0.15356,0.14463,0.1372,0.12913,0.12263,0.11658,0.11067,0.10616,0.099742,0.092346,0.085505,0.08019,0.075247,0.071146,0.067337,0.064223,0.061387,0.058647,0.056583,0.053994,0.051876,0.049878,0.049076,0.046924,0.045074,0.04349,0.041841,0.040689,0.039438,0.038418,0.037188,0.036126,0.035201,0.034348,0.033027,0.032853,0.032137,0.031566,0.031238,0.03072,0.030504,0.030423,0.03029,0.030689,0.03094,0.031347,0.031859,0.032713,0.033558,0.034429,0.03549,0.036386,0.037199,0.037761
0.11392,0.21949,0.070171,0.21228,0.10743,0.25861,0.17809,0.047571,0.097196,0.23681,0.33282,0.34881,0.34735,0.35127,0.35433,0.35673,0.35635,0.35471,0.35509,0.35589,0.35768,0.3586,0.36086,0.3634,0.36588,0.36915,0.37132,0.37283,0.37433,0.37459,0.37496,0.37517,0.3752,0.37535,0.37525,0.37509,0.37487,0.37464,0.37436,0.37404,0.37359,0.37345,0.37311,0.37277,0.37228,0.3721,0.37168,0.3713,0.37095,0.37058,0.37021,0.36984,0.36972,0.36913,0.36883,0.36852,0.36834,0.368,0.36778,0.36756,0.36742,0.36726,0.36717,0.36711
0.037975,0.079025,0.096588,0.14828,0.078137,0.15279,0.16386,0.15666,0.22649,0.065516,0.11014,0.14456,0.16012,0.16028,0.1591,0.15701,0.15493,0.15275,0.15076,0.149,0.14697,0.14593,0.14488,0.14407,0.14339,0.14314,0.14312,0.14339,0.14338,0.1445,0.14538,0.14639,0.14333,0.14893,0.15001,0.15107,0.1514,0.15283,0.15357,0.15418,0.15495,0.15544,0.15578,0.15612,0.15609,0.15666,0.15694,0.15721,0.15748,0.1577,0.15801,0.1583,0.15809,0.15907,0.1595,0.16001,0.16041,0.16109,0.16177,0.16249,0.1631,0.16367,0.16414,0.16445
0.088608,0.23227,0.021355,0.076559,0.20184,0.16135,0.12486,0.069564,0.11724,0.1664,0.2074,0.21307,0.22092,0.21259,0.20859,0.20544,0.20288,0.20071,0.19902,0.19744,0.19641,0.19505,0.19416,0.19339,0.19259,0.19205,0.19163,0.19113,0.19066,0.19039,0.19013,0.18982,0.19075,0.18944,0.18933,0.18914,0.18892,0.18896,0.18888,0.18878,0.18874,0.18858,0.18854,0.18846,0.18888,0.18845,0.18846,0.18839,0.18843,0.18842,0.18839,0.18848,0.18876,0.18867,0.18876,0.18886,0.18893,0.18916,0.18928,0.1894,0.18967,0.18969,0.18979,0.18986
0.063291,0.094152,0.13704,0.061868,0.061927,0.25796,0.31003,0.097692,0.11477,0.26281,0.2967,0.31265,0.34526,0.36743,0.37853,0.38294,0.38498,0.38599,0.38627,0.38609,0.38669,0.38536,0.38516,0.38491,0.3848,0.38444,0.3844,0.38423,0.38445,0.38419,0.3841,0.38406,0.38453,0.38366,0.38352,0.38338,0.3829,0.3831,0.38285,0.38261,0.38253,0.3819,0.3816,0.38129,0.37999,0.38018,0.37972,0.37919,0.37853,0.37788,0.37722,0.37644,0.37502,0.37496,0.37403,0.37308,0.37201,0.37129,0.37036,0.36952,0.36842,0.36799,0.3675,0.36718
0.012658,0.13315,0.037897,0.097039,0.17201,0.18488,0.040759,0.081813,0.10447,0.23295,0.23677,0.24657,0.24974,0.24554,0.23861,0.2235,0.22314,0.22906,0.23338,0.23605,0.23833,0.2389,0.23968,0.23995,0.24029,0.23979,0.23952,0.23903,0.23855,0.23827,0.23778,0.23725,0.23656,0.23625,0.23568,0.23515,0.2348,0.23427,0.23366,0.23319,0.23294,0.23218,0.23172,0.23138,0.23045,0.23028,0.22989,0.22946,0.22909,0.22852,0.22816,0.2277,0.22891,0.22707,0.22651,0.22599,0.225,0.22498,0.22412,0.22375,0.22124,0.22078,0.21878,0.21658
0.088608,0.19433,0.14599,0.052695,0.11972,0.1635,0.13466,0.043845,0.093083,0.19067,0.13898,0.13057,0.17261,0.17705,0.18004,0.18211,0.18296,0.18421,0.1846,0.18465,0.1844,0.18439,0.18425,0.18408,0.18386,0.18397,0.18388,0.18388,0.18395,0.18397,0.18404,0.18417,0.18453,0.18445,0.18462,0.1848,0.18515,0.18519,0.1854,0.18562,0.18585,0.18614,0.18637,0.1866,0.18683,0.18718,0.1874,0.18766,0.18794,0.18819,0.18843,0.18867,0.18959,0.18915,0.18936,0.18958,0.18965,0.18985,0.19004,0.19011,0.19032,0.19019,0.19008,0.18998
0.088608,0.074579,0.18958,0.057649,0.11186,0.11578,0.1186,0.11876,0.022851,0.064277,0.045508,0.069561,0.07329,0.056805,0.057206,0.056161,0.052561,0.051724,0.048518,0.044975,0.040616,0.036831,0.032366,0.027885,0.023524,0.019935,0.016354,0.013008,0.0098546,0.0078892,0.0058775,0.0041931,0.0023357,0.0019558,0.0023153,0.0031248,0.0043211,0.0051014,0.0059753,0.006867,0.007695,0.0085859,0.0093704,0.010119,0.010959,0.011516,0.012232,0.012912,0.013596,0.014214,0.014867,0.015452,0.01705,0.016741,0.017323,0.017888,0.018382,0.018892,0.019386,0.019718,0.019374,0.019344,0.018106,0.01543
0.24051,0.029377,0.040085,0.1699,0.083042,0.17912,0.16305,0.19552,0.17296,0.087791,0.1398,0.15246,0.16688,0.16231,0.15808,0.15452,0.15212,0.14872,0.14623,0.1439,0.1418,0.13961,0.13754,0.13543,0.13396,0.1315,0.12964,0.12795,0.12702,0.12495,0.12377,0.12271,0.12307,0.12109,0.12045,0.11989,0.11958,0.11904,0.11857,0.11822,0.11803,0.11762,0.11736,0.11711,0.11625,0.11666,0.11649,0.11634,0.11612,0.11598,0.11586,0.11565,0.11556,0.11552,0.11529,0.11514,0.11509,0.1149,0.11461,0.11455,0.11419,0.11421,0.11408,0.11397
0.037975,0.11469,0.25331,0.19101,0.15706,0.014344,0.11734,0.069517,0.11094,0.063003,0.15186,0.1434,0.13845,0.14051,0.14777,0.15316,0.1564,0.15874,0.15979,0.16011,0.15959,0.15903,0.15839,0.15747,0.15712,0.15414,0.15155,0.1489,0.14609,0.14476,0.14419,0.14408,0.14339,0.1445,0.14483,0.14516,0.14548,0.14574,0.14595,0.14617,0.14614,0.14635,0.14641,0.1464,0.14641,0.14623,0.14607,0.14585,0.1456,0.14531,0.14495,0.14455,0.14422,0.14363,0.1431,0.14257,0.14207,0.14149,0.14099,0.14053,0.14009,0.13973,0.13947,0.1393
0.012658,0.16924,0.12319,0.15426,0.059546,0.12659,0.066982,0.16662,0.15997,0.084868,0.12245,0.1358,0.14732,0.14353,0.12936,0.12132,0.1165,0.11436,0.11246,0.11094,0.10847,0.10835,0.10723,0.10615,0.10529,0.10424,0.10329,0.10245,0.10175,0.10086,0.10008,0.099342,0.097233,0.09804,0.097336,0.09668,0.096271,0.095502,0.094855,0.094393,0.093854,0.09341,0.092947,0.092512,0.092105,0.091655,0.091292,0.090962,0.090648,0.090361,0.090092,0.089859,0.08995,0.089515,0.089309,0.089171,0.089064,0.088922,0.088827,0.088777,0.088728,0.088658,0.088631,0.088614
0.063291,0.081249,0.12834,0.11506,0.095211,0.15723,0.063994,0.10504,0.17415,0.12557,0.13821,0.13815,0.14427,0.1501,0.15578,0.1603,0.16388,0.16599,0.16755,0.16836,0.16945,0.16838,0.16792,0.16719,0.16647,0.16518,0.1641,0.16289,0.16089,0.16018,0.15875,0.15731,0.15245,0.15442,0.15295,0.15145,0.1495,0.14847,0.14693,0.14533,0.14357,0.14229,0.14078,0.1392,0.13942,0.13611,0.13457,0.13303,0.13147,0.13003,0.12858,0.12706,0.1241,0.12411,0.12267,0.12128,0.12029,0.11878,0.11759,0.11656,0.11556,0.11492,0.11437,0.11404
0.29114,0.25366,0.12213,0.023904,0.12846,0.09242,0.10802,0.080782,0.1179,0.10379,0.06555,0.072664,0.078732,0.076644,0.073289,0.070365,0.068386,0.0666,0.065254,0.064028,0.062527,0.061965,0.060984,0.05997,0.058927,0.057939,0.056931,0.055847,0.054474,0.053754,0.052641,0.051518,0.04825,0.049398,0.048078,0.046826,0.045614,0.044301,0.04287,0.041572,0.040166,0.038746,0.037279,0.03581,0.034724,0.032608,0.030963,0.029246,0.027526,0.025684,0.023903,0.022071,0.020131,0.018376,0.016525,0.014831,0.013289,0.012113,0.011213,0.010942,0.010732,0.011456,0.012023,0.012511
0.012658,0.16394,0.13801,0.13718,0.1088,0.23338,0.10915,0.19394,0.22722,0.14273,0.21369,0.21118,0.21329,0.21025,0.20637,0.20264,0.19947,0.19707,0.1951,0.19356,0.19222,0.19118,0.19021,0.18935,0.18831,0.18794,0.18736,0.18688,0.18628,0.18601,0.1856,0.18523,0.18405,0.18464,0.1843,0.18406,0.18381,0.18355,0.18329,0.18312,0.18282,0.18272,0.18256,0.1824,0.18236,0.18203,0.1819,0.18179,0.18166,0.18158,0.18155,0.18148,0.18157,0.18141,0.18146,0.18157,0.1819,0.18199,0.18243,0.18292,0.18363,0.18484,0.18659,0.1886
0.037975,0.10135,0.16631,0.087895,0.18776,0.075682,0.069228,0.097744,0.10277,0.1731,0.18995,0.19757,0.20292,0.20059,0.19962,0.19894,0.19793,0.19965,0.20078,0.20221,0.20253,0.20437,0.20541,0.2063,0.20747,0.20773,0.20812,0.20854,0.20889,0.20903,0.20915,0.20922,0.21043,0.20928,0.20918,0.20908,0.2088,0.20874,0.20858,0.20833,0.20854,0.20784,0.20751,0.20711,0.20612,0.20639,0.20594,0.20551,0.20506,0.20448,0.20392,0.20317,0.20143,0.20177,0.20096,0.20001,0.19836,0.19781,0.19682,0.19507,0.19291,0.19242,0.19116,0.19024
0.037975,0.21092,0.15624,0.08924,0.097624,0.066155,0.26258,0.082184,0.23242,0.16266,0.16993,0.15683,0.14004,0.12636,0.11718,0.11042,0.10489,0.10147,0.098552,0.096275,0.093838,0.093153,0.092049,0.091261,0.090497,0.090275,0.090041,0.089962,0.089899,0.089951,0.090089,0.090297,0.090787,0.090889,0.091308,0.091722,0.092211,0.092619,0.093161,0.093782,0.094255,0.094972,0.095633,0.096277,0.096853,0.097768,0.098519,0.099319,0.10012,0.10101,0.10185,0.10277,0.1036,0.10461,0.10563,0.10667,0.10777,0.10878,0.1098,0.11084,0.11177,0.11268,0.11336,0.11378
0.088608,0.12001,0.15492,0.081317,0.058022,0.069814,0.19414,0.075632,0.068301,0.11126,0.11218,0.14228,0.13482,0.12257,0.11556,0.10831,0.099439,0.092667,0.075297,0.068447,0.066199,0.063736,0.061144,0.058723,0.056227,0.054408,0.052227,0.05028,0.049071,0.046849,0.045149,0.043662,0.039763,0.040733,0.039298,0.037897,0.036586,0.035172,0.033907,0.032707,0.031374,0.03032,0.029155,0.028045,0.026323,0.025851,0.024708,0.023753,0.022697,0.021708,0.020705,0.019807,0.018965,0.017978,0.017163,0.016395,0.015758,0.015024,0.014413,0.013891,0.013464,0.013114,0.012867,0.012714
0.063291,0.21896,0.047811,0.14507,0.063805,0.21828,0.1552,0.045946,0.17852,0.20407,0.22173,0.22616,0.20709,0.19911,0.19275,0.18661,0.1803,0.17635,0.17208,0.16825,0.16358,0.16163,0.15868,0.15602,0.15373,0.15149,0.14935,0.14744,0.14585,0.14414,0.14265,0.14132,0.14076,0.13896,0.13797,0.13702,0.13644,0.13544,0.13479,0.13415,0.1338,0.13335,0.13298,0.13272,0.13268,0.13236,0.13226,0.13228,0.13235,0.13249,0.13266,0.13298,0.13359,0.13366,0.13412,0.13464,0.13518,0.13578,0.13644,0.13712,0.1378,0.13834,0.13883,0.13914
0.16456,0.44096,0.11598,0.13836,0.20359,0.092973,0.11367,0.095889,0.26501,0.049031,0.07375,0.073269,0.085051,0.10614,0.10648,0.10236,0.099169,0.095486,0.091033,0.084824,0.077167,0.072533,0.06882,0.066707,0.065672,0.063944,0.062831,0.062355,0.061867,0.060773,0.060106,0.05961,0.053113,0.058347,0.057715,0.057182,0.056604,0.056103,0.055563,0.05507,0.054289,0.054115,0.053693,0.053147,0.051191,0.052153,0.051807,0.05156,0.050883,0.050607,0.050266,0.049982,0.048479,0.048969,0.048641,0.048336,0.047583,0.047798,0.047462,0.046434,0.044119,0.044222,0.042436,0.03919
0.21519,0.20663,0.095163,0.083417,0.048196,0.090111,0.039657,0.15148,0.1239,0.090412,0.14643,0.14644,0.14224,0.13803,0.13597,0.13516,0.13465,0.13544,0.13613,0.13689,0.1375,0.13838,0.13909,0.13968,0.14062,0.14056,0.14091,0.14121,0.14154,0.14171,0.14182,0.14192,0.14057,0.14212,0.14208,0.14203,0.14202,0.14203,0.14186,0.14186,0.14184,0.14154,0.14148,0.14144,0.14132,0.14099,0.14085,0.14077,0.14062,0.14047,0.14034,0.14034,0.14042,0.14013,0.13994,0.13982,0.13962,0.13974,0.13962,0.13955,0.13948,0.13933,0.1393,0.13926
0.037975,0.098292,0.14874,0.092362,0.01695,0.20449,0.25783,0.12459,0.19261,0.20443,0.16375,0.14359,0.14137,0.13853,0.13772,0.14028,0.14534,0.15281,0.15563,0.15745,0.15749,0.15933,0.16068,0.16194,0.16241,0.16428,0.1657,0.16697,0.16808,0.16986,0.17125,0.17269,0.17333,0.17586,0.17718,0.1788,0.18046,0.18218,0.1841,0.18598,0.18746,0.1897,0.19191,0.19388,0.19465,0.19765,0.19992,0.20187,0.2034,0.20514,0.20662,0.20787,0.20723,0.21017,0.21123,0.21197,0.21271,0.21358,0.21396,0.21421,0.21434,0.21487,0.21505,0.21516
0.13924,0.10707,0.078145,0.08704,0.087916,0.17431,0.16121,0.069378,0.21671,0.32153,0.35598,0.323,0.30863,0.29516,0.28778,0.28255,0.28171,0.27953,0.28313,0.28468,0.28422,0.28107,0.27896,0.27699,0.27485,0.27341,0.27181,0.2704,0.26838,0.26742,0.266,0.26472,0.26269,0.26138,0.26003,0.25829,0.25719,0.25454,0.25244,0.25025,0.24924,0.244,0.24087,0.2381,0.22874,0.23175,0.23045,0.22857,0.2272,0.22585,0.22464,0.2236,0.23274,0.22172,0.22099,0.22024,0.21977,0.21875,0.21807,0.21736,0.21671,0.21613,0.21563,0.21532
0.012658,0.45556,0.09193,0.14807,0.18145,0.14578,0.18265,0.15938,0.36564,0.11414,0.18443,0.17869,0.1881,0.18708,0.18639,0.18443,0.18108,0.1781,0.17424,0.16996,0.16494,0.16024,0.15573,0.15238,0.14966,0.14856,0.1475,0.14672,0.14613,0.14575,0.14537,0.14512,0.1437,0.14465,0.1444,0.14427,0.14414,0.14407,0.14394,0.14397,0.14382,0.14392,0.14391,0.14394,0.144,0.1438,0.14384,0.14384,0.14377,0.14373,0.14368,0.14361,0.14313,0.14318,0.14296,0.1427,0.14242,0.1419,0.14146,0.14098,0.14051,0.14001,0.1396,0.13933
0.16456,0.15704,0.14543,0.15988,0.21062,0.13479,0.1379,0.040604,0.22838,0.14495,0.10183,0.11722,0.10597,0.10519,0.10436,0.1037,0.10329,0.10303,0.10274,0.10249,0.10363,0.10164,0.10111,0.10058,0.099638,0.099423,0.098813,0.098099,0.096837,0.096841,0.096145,0.095441,0.096869,0.093999,0.093255,0.092516,0.091218,0.090941,0.090251,0.089505,0.088784,0.087901,0.087129,0.086334,0.086706,0.084758,0.083949,0.083156,0.082358,0.08155,0.080707,0.079885,0.077693,0.078241,0.077317,0.076369,0.074725,0.074259,0.073001,0.0715,0.071284,0.068075,0.065951,0.06403
0.063291,0.57772,0.11644,0.2632,0.47184,0.082657,0.31765,0.064975,0.37483,0.045485,0.11844,0.15258,0.1913,0.21493,0.22661,0.23412,0.25159,0.26416,0.26938,0.27294,0.2767,0.2783,0.28035,0.28219,0.284,0.28519,0.28644,0.28757,0.28821,0.28928,0.29002,0.29069,0.2909,0.29171,0.29226,0.29265,0.29287,0.29333,0.29364,0.29385,0.29423,0.2943,0.29452,0.29472,0.29514,0.29509,0.29529,0.2955,0.29573,0.29598,0.2962,0.29662,0.29694,0.29721,0.29773,0.29835,0.29903,0.29991,0.30079,0.30211,0.30331,0.30504,0.3073,0.31186
0.18987,0.45896,0.13074,0.085344,0.36141,0.033196,0.021041,0.094556,0.24966,0.078778,0.074283,0.090188,0.086167,0.075905,0.070651,0.067353,0.063568,0.06325,0.061907,0.060863,0.060517,0.059398,0.058906,0.058568,0.058339,0.05806,0.057982,0.057959,0.057809,0.057992,0.058059,0.058099,0.058304,0.058456,0.058575,0.058753,0.058982,0.059153,0.059379,0.059598,0.059841,0.060048,0.060287,0.060522,0.060857,0.060906,0.061131,0.061317,0.061527,0.061714,0.06192,0.062097,0.062342,0.062432,0.062573,0.062706,0.062821,0.062934,0.063032,0.063111,0.063181,0.063221,0.063259,0.063285
0.012658,0.11414,0.19554,0.21926,0.47422,0.23254,0.16235,0.12634,0.49402,0.13659,0.23631,0.29906,0.33101,0.34438,0.35033,0.35378,0.35683,0.35653,0.35693,0.35709,0.35638,0.3574,0.35747,0.35756,0.35719,0.3579,0.35806,0.35821,0.35856,0.35868,0.35891,0.35915,0.35986,0.35967,0.35996,0.36026,0.3607,0.36084,0.36116,0.36145,0.36166,0.36207,0.36238,0.36269,0.36287,0.36332,0.36363,0.36394,0.36424,0.36454,0.36482,0.3651,0.36552,0.36559,0.36584,0.36606,0.36628,0.36645,0.36662,0.36675,0.36688,0.36697,0.36704,0.36707
0.063291,0.21351,0.11312,0.059075,0.028157,0.11764,0.081332,0.083029,0.15341,0.11154,0.11349,0.099996,0.093254,0.088364,0.084832,0.081763,0.079467,0.077391,0.076142,0.075143,0.07378,0.074205,0.073861,0.073726,0.073683,0.073819,0.074003,0.074178,0.074232,0.074631,0.074962,0.075225,0.076698,0.075865,0.076317,0.076711,0.077238,0.077444,0.077946,0.078234,0.078243,0.07903,0.079392,0.079737,0.080733,0.080632,0.080948,0.081251,0.081655,0.082003,0.082281,0.082574,0.082754,0.083242,0.083635,0.083999,0.084525,0.084941,0.08535,0.085964,0.087034,0.087374,0.087987,0.088429
0.11392,0.036409,0.1328,0.10307,0.16709,0.23142,0.33508,0.13925,0.1507,0.066662,0.23552,0.24783,0.26139,0.28257,0.28547,0.28792,0.28998,0.29159,0.29303,0.29441,0.2965,0.29699,0.29854,0.30001,0.30145,0.30281,0.30448,0.30578,0.30722,0.30883,0.3103,0.31159,0.31255,0.31396,0.3151,0.31624,0.31718,0.31829,0.31921,0.3203,0.32048,0.32167,0.32252,0.32339,0.3243,0.32471,0.32546,0.3261,0.32667,0.32727,0.32795,0.32853,0.32899,0.32955,0.33008,0.33039,0.33107,0.33086,0.33082,0.33079,0.33053,0.32864,0.32654,0.32203
0.088608,0.11009,0.055537,0.039719,0.13816,0.16006,0.24875,0.14054,0.13743,0.036709,0.15293,0.19318,0.18243,0.18749,0.19429,0.20544,0.22469,0.2281,0.23178,0.2346,0.23706,0.23941,0.24131,0.24313,0.24462,0.24643,0.24784,0.24916,0.25028,0.25155,0.25256,0.25353,0.25378,0.25533,0.25595,0.25664,0.25738,0.25784,0.25845,0.25902,0.25955,0.26013,0.2606,0.26107,0.26176,0.26193,0.26229,0.26267,0.26305,0.26334,0.26367,0.26399,0.26437,0.26445,0.26471,0.26493,0.26511,0.26526,0.26541,0.26554,0.26567,0.26572,0.26578,0.26581
NaN,0.064969,0.055996,0.11483,0.15509,0.067073,0.061489,0.075984,0.14142,0.1299,0.18477,0.18678,0.16731,0.13972,0.11546,0.098859,0.092204,0.093615,0.091622,0.089175,0.08573,0.083425,0.081108,0.078912,0.076858,0.075043,0.073531,0.072,0.070718,0.070109,0.069302,0.068694,0.064773,0.067311,0.066961,0.06667,0.066392,0.066305,0.066018,0.065926,0.065596,0.065257,0.065206,0.065388,0.065573,0.064745,0.064679,0.064535,0.064268,0.064066,0.063835,0.063559,0.063071,0.062973,0.062289,0.061738,0.061033,0.061242,0.060689,0.060902,0.060753,0.060614,0.061398,0.062582
0.063291,0.65115,0.2186,0.32197,0.46225,0.091481,0.19145,0.10732,0.49213,0.03929,0.0086255,0.06524,0.078915,0.090119,0.10046,0.10939,0.11594,0.14743,0.15511,0.16056,0.16621,0.17025,0.17415,0.17769,0.18163,0.1837,0.18625,0.18849,0.19048,0.1924,0.1941,0.19564,0.19657,0.19844,0.19977,0.20096,0.202,0.20313,0.2042,0.2051,0.20622,0.20695,0.20787,0.20876,0.20971,0.21049,0.2114,0.21226,0.21314,0.21407,0.21496,0.21587,0.21674,0.21771,0.21865,0.21955,0.22074,0.22122,0.22161,0.2221,0.2225,0.22162,0.22019,0.21769
0.063291,0.53529,0.20735,0.11333,0.50576,0.22065,0.23447,0.043704,0.42434,0.034971,0.12665,0.15815,0.17362,0.18273,0.19274,0.20178,0.20993,0.21428,0.21818,0.22107,0.22498,0.22536,0.22702,0.22842,0.22984,0.2308,0.2318,0.23284,0.23339,0.23434,0.23507,0.23576,0.23316,0.23712,0.23765,0.23821,0.23838,0.23927,0.23964,0.24007,0.24082,0.24091,0.24127,0.24151,0.24295,0.24208,0.24232,0.24256,0.24255,0.2427,0.24283,0.24281,0.24164,0.24228,0.24195,0.24154,0.24136,0.24023,0.23959,0.23788,0.23688,0.23452,0.23239,0.23005
0.21519,0.15056,0.19968,0.21687,0.55928,0.20496,0.17594,0.060439,0.5262,0.10476,0.17425,0.17962,0.18395,0.18486,0.18547,0.18588,0.18575,0.1863,0.18664,0.18701,0.18818,0.18837,0.18944,0.1908,0.19267,0.19397,0.19537,0.19598,0.19732,0.19751,0.19784,0.1979,0.19899,0.19801,0.19795,0.19775,0.19763,0.19733,0.19711,0.19667,0.19662,0.19628,0.19606,0.19575,0.19532,0.19531,0.19498,0.19457,0.19433,0.19407,0.1937,0.19329,0.19389,0.19286,0.19241,0.19208,0.19179,0.19153,0.19103,0.1908,0.19055,0.19021,0.19002,0.18994
0.26582,0.22623,0.19633,0.041905,0.50899,0.33002,0.45611,0.27249,0.45972,0.35215,0.41991,0.43126,0.43638,0.44016,0.44286,0.44476,0.44648,0.44711,0.44805,0.44905,0.44921,0.45075,0.4516,0.45234,0.45297,0.45327,0.45348,0.45338,0.45379,0.45197,0.45061,0.44883,0.44501,0.44516,0.44367,0.44239,0.44201,0.44083,0.4405,0.44021,0.44046,0.43995,0.43991,0.4399,0.43964,0.43996,0.43999,0.44007,0.44016,0.44025,0.44037,0.44052,0.44122,0.44084,0.44103,0.44126,0.44133,0.44173,0.44198,0.44228,0.44255,0.44273,0.4429,0.44301
0.11392,0.18005,0.07413,0.10525,0.22309,0.1006,0.28794,0.11193,0.14288,0.16084,0.21688,0.22722,0.24258,0.25006,0.25615,0.25972,0.2604,0.26394,0.26699,0.27393,0.28232,0.28533,0.28693,0.28775,0.28882,0.28865,0.28894,0.28899,0.28945,0.28926,0.28931,0.28931,0.2885,0.28936,0.28926,0.28917,0.28907,0.28893,0.28877,0.2886,0.2883,0.28833,0.2881,0.28792,0.28729,0.2876,0.28728,0.28704,0.2868,0.28656,0.2863,0.28609,0.28594,0.2856,0.28547,0.28538,0.28616,0.28527,0.28555,0.28616,0.28625,0.28791,0.28922,0.29051
0.088608,0.066237,0.075197,0.087158,0.21983,0.015086,0.08689,0.10161,0.19882,0.11845,0.16391,0.15221,0.13674,0.1065,0.10335,0.10169,0.10086,0.099027,0.097764,0.096582,0.094459,0.093996,0.0929,0.091747,0.09064,0.089578,0.088537,0.087551,0.086411,0.085638,0.084749,0.083861,0.080936,0.082041,0.081205,0.080403,0.079707,0.07887,0.078042,0.077302,0.076387,0.075947,0.075267,0.074646,0.074569,0.07337,0.072816,0.07226,0.071707,0.071184,0.070728,0.070266,0.069366,0.069286,0.068839,0.068389,0.068773,0.067197,0.066833,0.066106,0.065737,0.064732,0.064036,0.063504
0.11392,0.24716,0.11257,0.075929,0.16012,0.084704,0.14408,0.098025,0.058359,0.12665,0.093715,0.075645,0.068785,0.065477,0.062728,0.061423,0.061077,0.06093,0.061238,0.06167,0.062076,0.062258,0.062266,0.06219,0.062004,0.061616,0.061148,0.060943,0.06071,0.059872,0.059377,0.058851,0.055369,0.05776,0.057217,0.056707,0.056288,0.055578,0.055172,0.054711,0.054426,0.053793,0.053376,0.052832,0.051965,0.052114,0.051801,0.051439,0.050996,0.050805,0.050534,0.050304,0.050934,0.049799,0.049652,0.049506,0.0489,0.049091,0.049132,0.048445,0.047749,0.047046,0.04524,0.041672
0.21519,0.43992,0.18301,0.1163,0.43903,0.11208,0.17443,0.14554,0.25958,0.15353,0.21831,0.23906,0.24415,0.24461,0.24245,0.23943,0.23597,0.23472,0.23329,0.23222,0.23184,0.23092,0.2304,0.22985,0.22927,0.22886,0.22833,0.22779,0.2274,0.22676,0.22624,0.22576,0.22508,0.22473,0.22425,0.22376,0.22321,0.22281,0.22233,0.22187,0.22143,0.22101,0.22057,0.22015,0.21954,0.21935,0.21895,0.21859,0.21823,0.21789,0.21756,0.21726,0.21682,0.21669,0.21644,0.21621,0.216,0.21581,0.21565,0.21551,0.21537,0.21531,0.21524,0.2152
0.34177,0.40426,0.26386,0.20741,0.37813,0.11021,0.11669,0.054944,0.099528,0.21238,0.20065,0.24259,0.22916,0.22077,0.23008,0.24463,0.25996,0.27344,0.28328,0.29017,0.29454,0.29926,0.30245,0.30519,0.30733,0.30936,0.31105,0.31256,0.31405,0.31497,0.31593,0.31679,0.31757,0.31801,0.31849,0.31887,0.31939,0.3194,0.31961,0.31976,0.31976,0.31979,0.31978,0.31975,0.31936,0.31947,0.31935,0.31919,0.31899,0.31876,0.31856,0.31838,0.31822,0.31791,0.3177,0.31751,0.3173,0.3171,0.31693,0.31681,0.31665,0.31658,0.31652,0.31648
0.012658,0.25739,0.09263,0.092651,0.28698,0.16454,0.20055,0.023441,0.32975,0.050702,0.092902,0.074457,0.067704,0.067455,0.07147,0.072498,0.071248,0.070203,0.06875,0.067298,0.066268,0.064646,0.063731,0.06275,0.061606,0.061013,0.060303,0.05934,0.058226,0.058197,0.057659,0.057146,0.060691,0.056227,0.05593,0.055648,0.055554,0.055272,0.055182,0.055029,0.054997,0.054876,0.0549,0.054898,0.054376,0.055336,0.055444,0.055659,0.055994,0.056261,0.05663,0.057147,0.056284,0.057706,0.058455,0.058932,0.060158,0.060379,0.060918,0.061205,0.06155,0.06257,0.062965,0.063225
0.063291,0.21353,0.23815,0.045246,0.18995,0.23468,0.21174,0.04961,0.2661,0.15824,0.18024,0.20412,0.22997,0.23564,0.2383,0.24031,0.2417,0.24212,0.24217,0.24199,0.24175,0.24163,0.24197,0.24262,0.24365,0.24445,0.24561,0.24674,0.24802,0.24908,0.25025,0.25136,0.25096,0.25342,0.2544,0.25536,0.25637,0.25715,0.25796,0.25873,0.25944,0.26018,0.26082,0.26142,0.26209,0.26258,0.263,0.26341,0.26378,0.26413,0.26445,0.26475,0.26528,0.26514,0.2653,0.26544,0.26559,0.26562,0.26569,0.26574,0.26582,0.2658,0.26581,0.26582
0.16456,0.097324,0.080815,0.070083,0.206,0.13752,0.077704,0.082052,0.057117,0.055949,0.039832,0.0049711,0.016023,0.020472,0.022095,0.023682,0.025415,0.027178,0.029303,0.031862,0.03649,0.037717,0.040569,0.043443,0.047273,0.051007,0.05528,0.058506,0.062668,0.064317,0.066417,0.068201,0.071009,0.070977,0.072043,0.073014,0.073113,0.074577,0.075112,0.075698,0.075803,0.076852,0.0772,0.077711,0.077423,0.078428,0.078673,0.079086,0.079509,0.079771,0.080166,0.08035,0.078696,0.080831,0.081319,0.081672,0.083431,0.08267,0.083383,0.084304,0.086164,0.086116,0.087343,0.088313
0.012658,0.51827,0.28871,0.29472,0.39987,0.12685,0.22541,0.061076,0.10325,0.26469,0.27261,0.31714,0.33305,0.31483,0.32299,0.3306,0.33824,0.34277,0.3475,0.35139,0.35573,0.35788,0.3605,0.36275,0.36498,0.3664,0.36777,0.36845,0.36916,0.36889,0.3683,0.36711,0.37306,0.36455,0.36385,0.36325,0.36277,0.36301,0.36338,0.36364,0.36434,0.36475,0.36543,0.36627,0.36646,0.36763,0.36854,0.36939,0.37051,0.37135,0.37234,0.37342,0.37455,0.37537,0.37673,0.37792,0.37887,0.38054,0.38196,0.38348,0.38533,0.38701,0.38919,0.39146
0.26582,0.348,0.23479,0.09872,0.62697,0.33723,0.53854,0.32416,0.57988,0.48787,0.60557,0.66563,0.71466,0.7477,0.76173,0.76908,0.77404,0.77782,0.78082,0.78343,0.78546,0.78788,0.78966,0.79133,0.79279,0.79434,0.79566,0.797,0.79797,0.79933,0.80041,0.80148,0.80189,0.80337,0.80426,0.80515,0.80598,0.80678,0.8076,0.80837,0.80915,0.80986,0.81057,0.81126,0.81211,0.81262,0.81328,0.81394,0.81457,0.81522,0.81587,0.81651,0.81703,0.81776,0.81841,0.81904,0.81961,0.82026,0.82084,0.82137,0.82184,0.82224,0.82253,0.82272
0.088608,0.22602,0.15104,0.066006,0.064971,0.08255,0.17732,0.064749,0.10931,0.10394,0.13944,0.12859,0.11928,0.11758,0.1191,0.12428,0.128,0.13112,0.13267,0.13395,0.13448,0.13556,0.13643,0.13706,0.13755,0.13819,0.13873,0.13908,0.13962,0.14005,0.14046,0.14079,0.14429,0.14157,0.14173,0.14201,0.14262,0.14259,0.14271,0.14298,0.14283,0.14332,0.14344,0.14361,0.14338,0.14381,0.14393,0.14401,0.1441,0.14394,0.14395,0.14387,0.14465,0.14356,0.14336,0.14307,0.14278,0.1422,0.14166,0.14117,0.14066,0.14009,0.13965,0.13934
0.037975,0.14802,0.14046,0.025436,0.12536,0.037822,0.14817,0.10765,0.23969,0.056975,0.065509,0.09815,0.095994,0.10782,0.10027,0.094066,0.088117,0.08542,0.082354,0.079728,0.077333,0.075747,0.074092,0.072699,0.071663,0.07038,0.069501,0.068741,0.0682,0.067422,0.066937,0.066519,0.066289,0.065676,0.065471,0.065268,0.065047,0.064838,0.064834,0.064733,0.064526,0.064539,0.064531,0.064473,0.064042,0.064449,0.064535,0.064524,0.064505,0.064517,0.064485,0.064403,0.063944,0.064139,0.064096,0.063869,0.063939,0.063377,0.063076,0.062596,0.061911,0.062167,0.062342,0.062926
0.012658,0.22434,0.31262,0.069011,0.22954,0.0051562,0.11876,0.12111,0.16634,0.12917,0.12541,0.10718,0.11372,0.11551,0.11638,0.11784,0.11946,0.1201,0.12066,0.12071,0.11969,0.11969,0.11921,0.11842,0.1171,0.11649,0.1155,0.1143,0.11299,0.1123,0.11116,0.11009,0.10776,0.108,0.10696,0.10585,0.10501,0.10401,0.10285,0.10193,0.10072,0.10007,0.099226,0.098532,0.098553,0.096643,0.095871,0.09522,0.094531,0.093841,0.093145,0.092592,0.092516,0.091688,0.091072,0.09061,0.090262,0.089868,0.089524,0.089323,0.089125,0.088833,0.088718,0.088634
0.29114,0.28514,0.23588,0.13298,0.52183,0.34919,0.38679,0.29885,0.60193,0.48525,0.54852,0.57174,0.58039,0.58317,0.58445,0.58482,0.58386,0.58061,0.57539,0.57088,0.56927,0.56699,0.5663,0.56583,0.56549,0.56506,0.5648,0.56446,0.56406,0.56392,0.56365,0.56341,0.56322,0.56296,0.56271,0.5625,0.56228,0.56216,0.56198,0.56189,0.56164,0.5617,0.56166,0.56165,0.56191,0.56167,0.56171,0.56183,0.56195,0.56208,0.56231,0.56255,0.56237,0.56314,0.56357,0.56403,0.56493,0.56521,0.5659,0.56662,0.56735,0.56823,0.56893,0.56942
0.34177,0.21701,0.19655,0.34499,0.62009,0.42014,0.48133,0.44893,0.66543,0.55873,0.53224,0.52295,0.51892,0.51347,0.51057,0.50831,0.50635,0.50492,0.50366,0.50263,0.50116,0.50101,0.50038,0.49984,0.49925,0.49895,0.49858,0.49825,0.49792,0.49767,0.49742,0.49718,0.49688,0.49677,0.49657,0.49638,0.49623,0.49603,0.49586,0.49571,0.49552,0.49541,0.49527,0.49513,0.49503,0.49488,0.49476,0.49465,0.49454,0.49444,0.49434,0.49425,0.49418,0.49409,0.49402,0.49395,0.4939,0.49384,0.4938,0.49376,0.49373,0.4937,0.49369,0.49367
0.13924,0.1676,0.21491,0.37429,0.58801,0.31809,0.45653,0.34811,0.65386,0.49447,0.47719,0.45942,0.45008,0.44062,0.42405,0.41189,0.40939,0.40762,0.40624,0.40511,0.40266,0.40328,0.40263,0.40216,0.4017,0.40147,0.40129,0.40126,0.40086,0.40118,0.40123,0.40132,0.40026,0.40161,0.4018,0.40204,0.40246,0.40257,0.40289,0.40323,0.40331,0.40389,0.4043,0.40467,0.40558,0.40549,0.40598,0.40648,0.40692,0.40751,0.40811,0.40871,0.40924,0.40995,0.4106,0.41135,0.41246,0.41293,0.4138,0.41471,0.41557,0.41639,0.41709,0.41755
0.037975,0.18619,0.12213,0.11396,0.31501,0.074574,0.11373,0.081186,0.32377,0.16009,0.15647,0.14503,0.13683,0.12555,0.12557,0.13023,0.13354,0.13556,0.13727,0.13864,0.13972,0.14073,0.14152,0.14216,0.14221,0.14319,0.14353,0.14384,0.144,0.14438,0.14459,0.14482,0.14464,0.14494,0.14506,0.14518,0.14529,0.14536,0.14546,0.14554,0.14527,0.1457,0.14576,0.14585,0.14608,0.14598,0.14604,0.14611,0.14607,0.14616,0.14621,0.14618,0.14616,0.14608,0.14598,0.14579,0.14607,0.14504,0.14465,0.1438,0.14298,0.1418,0.14057,0.13955
0.13924,0.18597,0.13417,0.14791,0.074455,0.070167,0.12384,0.10416,0.13089,0.056166,0.071499,0.048417,0.045742,0.046373,0.049428,0.052527,0.055845,0.057811,0.060045,0.062024,0.063721,0.065536,0.067061,0.068519,0.06979,0.071104,0.072328,0.073468,0.074591,0.075495,0.076461,0.077376,0.078959,0.079051,0.079802,0.080529,0.081337,0.081843,0.082497,0.083035,0.083496,0.084042,0.0845,0.084915,0.085413,0.085782,0.086112,0.086441,0.086748,0.086986,0.087223,0.087447,0.088194,0.087753,0.087949,0.088079,0.088226,0.088299,0.088383,0.088434,0.088596,0.088561,0.088589,0.088603
0.012658,0.066221,0.085347,0.047438,0.25113,0.048568,0.21407,0.1163,0.39411,0.046568,0.03935,0.029891,0.033361,0.033583,0.044919,0.058289,0.063242,0.066839,0.069106,0.070937,0.072153,0.073698,0.074813,0.075797,0.076487,0.077582,0.078353,0.079003,0.079859,0.080388,0.081026,0.081622,0.083347,0.082604,0.083153,0.083661,0.084201,0.084509,0.084982,0.085404,0.085536,0.0861,0.086439,0.086793,0.087077,0.087373,0.087626,0.08785,0.088067,0.088276,0.088427,0.088529,0.089083,0.088775,0.088867,0.088896,0.088912,0.088934,0.088919,0.088886,0.088906,0.088723,0.088662,0.088617
0.012658,0.075762,0.041695,0.041752,0.14727,0.16684,0.09144,0.043398,0.22385,0.15632,0.12405,0.11495,0.11331,0.093613,0.091425,0.08986,0.08983,0.088822,0.08955,0.09074,0.092421,0.092878,0.093936,0.094609,0.094802,0.09495,0.094837,0.094574,0.094111,0.093631,0.093124,0.092567,0.093187,0.091374,0.090885,0.090341,0.089896,0.089246,0.088896,0.08838,0.087833,0.087431,0.087049,0.086596,0.086743,0.086009,0.085696,0.085418,0.085166,0.085006,0.084827,0.084694,0.084913,0.084626,0.084727,0.08482,0.085033,0.085331,0.085727,0.086101,0.086878,0.087352,0.08796,0.088426
0.088608,0.20706,0.1168,0.15079,0.20231,0.086159,0.11007,0.057574,0.12776,0.16664,0.16263,0.14889,0.14621,0.14325,0.14111,0.13928,0.13761,0.13556,0.13369,0.13176,0.12925,0.12828,0.12677,0.12535,0.12409,0.12295,0.12186,0.1209,0.12017,0.11919,0.11842,0.11771,0.1168,0.11626,0.11558,0.11495,0.11432,0.11365,0.11301,0.11242,0.11178,0.11112,0.11046,0.10981,0.10931,0.10835,0.10764,0.1069,0.10614,0.10531,0.10451,0.10362,0.10248,0.10177,0.10081,0.099779,0.098688,0.097429,0.096135,0.094776,0.093408,0.091652,0.090172,0.089035
0.16456,0.23499,0.018301,0.17987,0.40741,0.060474,0.15877,0.12066,0.36081,0.23585,0.18313,0.18,0.16323,0.15156,0.14628,0.14284,0.14061,0.14028,0.14195,0.14476,0.14562,0.14668,0.14581,0.14485,0.14401,0.14307,0.14238,0.14175,0.14132,0.14064,0.14015,0.13971,0.13839,0.13903,0.13869,0.13841,0.13838,0.13797,0.13779,0.13766,0.13743,0.1374,0.13735,0.13731,0.13705,0.13725,0.13729,0.13736,0.13742,0.13752,0.13763,0.13773,0.13829,0.13806,0.13821,0.13836,0.13857,0.13868,0.13881,0.13893,0.13904,0.13912,0.13919,0.13923
0.11392,0.3002,0.21133,0.38591,0.50425,0.088205,0.080633,0.11557,0.48138,0.13983,0.11764,0.1666,0.17037,0.1639,0.16217,0.16283,0.1637,0.16203,0.15765,0.15194,0.14197,0.14253,0.13884,0.1354,0.13282,0.12924,0.12612,0.12311,0.11971,0.11702,0.11424,0.11138,0.10961,0.10586,0.10336,0.10075,0.098772,0.095834,0.093421,0.091065,0.088641,0.086456,0.084108,0.081756,0.080273,0.077073,0.074985,0.072641,0.070332,0.068043,0.065687,0.063162,0.062046,0.058692,0.056269,0.053812,0.051439,0.048924,0.04659,0.044308,0.04247,0.04052,0.039132,0.038269
0.088608,0.35537,0.1354,0.089674,0.18054,0.038736,0.14052,0.030759,0.20489,0.079378,0.060466,0.071156,0.077761,0.073741,0.071582,0.073805,0.074272,0.071872,0.068081,0.063223,0.058897,0.05378,0.049927,0.046349,0.043552,0.039953,0.037342,0.034731,0.031552,0.029753,0.027628,0.02532,0.020743,0.021215,0.019682,0.017906,0.015976,0.014851,0.013352,0.011561,0.010913,0.0095031,0.0084528,0.0075386,0.0078492,0.0065246,0.0063873,0.0063669,0.0065875,0.006997,0.0075404,0.0080722,0.008647,0.009383,0.0099329,0.010447,0.011144,0.011573,0.011817,0.012149,0.012365,0.012496,0.0126,0.012654
0.13924,0.14788,0.15107,0.076283,0.24063,0.15756,0.11408,0.12249,0.056677,0.087572,0.07366,0.067142,0.06468,0.050435,0.041949,0.024202,0.015837,0.01369,0.013338,0.014297,0.014846,0.017462,0.019216,0.020867,0.022413,0.023676,0.025029,0.026194,0.027156,0.028362,0.029303,0.030168,0.03124,0.031607,0.032244,0.032809,0.033587,0.033843,0.034266,0.034678,0.035481,0.035082,0.035289,0.035448,0.035295,0.035361,0.035365,0.035266,0.035045,0.034755,0.034371,0.033973,0.033586,0.03301,0.03237,0.031645,0.030229,0.030345,0.029503,0.028743,0.028045,0.027845,0.027448,0.027151
0.037975,0.092812,0.01702,0.054737,0.42207,0.069955,0.14357,0.099863,0.37278,0.028119,0.030334,0.017037,0.012035,0.01495,0.012559,0.0085152,0.0049666,0.0031073,0.001731,0.00081685,0.0011491,0.00083585,0.0012619,0.0017918,0.0023091,0.002893,0.0034276,0.0040842,0.0049785,0.0052888,0.0058584,0.0065224,0.0041771,0.0077777,0.0082711,0.0088288,0.0091129,0.0098671,0.010371,0.010923,0.011481,0.01181,0.012261,0.012703,0.013041,0.013303,0.013608,0.013929,0.01405,0.014214,0.014383,0.01449,0.01419,0.014374,0.014255,0.014145,0.013899,0.01379,0.013534,0.013385,0.013204,0.012948,0.0128,0.01271
0.063291,0.12934,0.18245,0.098731,0.16879,0.070523,0.14434,0.075827,0.19159,0.15156,0.15061,0.14876,0.14958,0.15271,0.15419,0.14421,0.13323,0.13195,0.13172,0.13197,0.13375,0.13333,0.13404,0.13488,0.13576,0.13662,0.13738,0.13829,0.13886,0.13973,0.14045,0.14114,0.13989,0.14227,0.14283,0.14334,0.14354,0.14426,0.14469,0.145,0.14541,0.14567,0.14591,0.14607,0.1471,0.14653,0.14662,0.14669,0.14665,0.14673,0.14668,0.14655,0.14528,0.14622,0.14584,0.14537,0.14524,0.14415,0.14317,0.14186,0.1407,0.1383,0.13537,0.13005
0.063291,0.22281,0.14973,0.20366,0.33787,0.045078,0.2889,0.24841,0.43248,0.31422,0.40468,0.39605,0.39485,0.39239,0.38969,0.38767,0.38552,0.38507,0.38412,0.38329,0.38161,0.38165,0.38076,0.37983,0.37883,0.37801,0.37703,0.37607,0.37488,0.37426,0.37334,0.37244,0.37276,0.37067,0.36977,0.36891,0.36821,0.36723,0.36637,0.36556,0.36485,0.36391,0.36306,0.36222,0.36214,0.36044,0.35964,0.3588,0.35792,0.357,0.35613,0.35518,0.35446,0.35323,0.35224,0.35117,0.35011,0.34894,0.34776,0.34643,0.3454,0.34392,0.34281,0.34203
0.063291,0.21619,0.22449,0.16614,0.4701,0.2516,0.32481,0.33317,0.54387,0.41589,0.46243,0.47383,0.492,0.49678,0.50142,0.50424,0.50567,0.50703,0.50723,0.50702,0.50489,0.50504,0.50386,0.50261,0.50131,0.50049,0.49957,0.49886,0.49814,0.49778,0.49737,0.497,0.49494,0.49633,0.49606,0.49583,0.4958,0.4954,0.49516,0.49497,0.49489,0.4946,0.49443,0.49426,0.49432,0.49391,0.49381,0.49369,0.49356,0.49349,0.49343,0.49336,0.49366,0.49334,0.49334,0.49335,0.49337,0.49342,0.49348,0.49351,0.49361,0.49361,0.49364,0.49366
0.063291,0.088951,0.089708,0.18004,0.42184,0.20645,0.23502,0.18045,0.42086,0.24467,0.35792,0.37234,0.37309,0.36073,0.35902,0.35693,0.35422,0.35237,0.35021,0.34809,0.34586,0.34438,0.34275,0.34121,0.33972,0.33852,0.33727,0.33606,0.33485,0.33407,0.33311,0.33225,0.33084,0.33065,0.32987,0.32914,0.3283,0.32782,0.32718,0.32652,0.32604,0.32543,0.3249,0.32443,0.3243,0.3233,0.32284,0.32239,0.32191,0.32145,0.321,0.32053,0.31958,0.3197,0.31926,0.31884,0.31841,0.31804,0.31767,0.31736,0.31704,0.31679,0.31661,0.31649
0.012658,0.050267,0.069359,0.12568,0.17912,0.12425,0.16411,0.034233,0.12429,0.079351,0.029343,0.022121,0.014477,0.021938,0.023738,0.027341,0.032065,0.036147,0.039603,0.0427,0.044761,0.047475,0.049622,0.051306,0.052131,0.053792,0.054795,0.055567,0.056362,0.056654,0.057099,0.057513,0.057001,0.057949,0.058207,0.058359,0.058616,0.058697,0.058691,0.058786,0.058294,0.058884,0.058928,0.059022,0.058652,0.058832,0.058842,0.058964,0.058843,0.058873,0.058875,0.058993,0.058969,0.058954,0.05912,0.05933,0.060105,0.059873,0.060129,0.06086,0.060671,0.06168,0.062496,0.062855
0.16456,0.099115,0.088525,0.093705,0.306,0.09472,0.13731,0.11227,0.21075,0.051382,0.049052,0.042552,0.043407,0.048562,0.055147,0.057498,0.059858,0.061049,0.061325,0.061464,0.06231,0.062046,0.06207,0.062178,0.061915,0.06247,0.062362,0.06256,0.062502,0.062735,0.062785,0.062852,0.061174,0.062785,0.062916,0.062973,0.062782,0.062966,0.063018,0.063219,0.062142,0.063177,0.06322,0.063333,0.063326,0.063301,0.063329,0.063366,0.063428,0.063511,0.06348,0.063464,0.062979,0.063643,0.063577,0.063531,0.064278,0.063512,0.063523,0.063556,0.063183,0.063336,0.063332,0.063325
0.18987,0.13036,0.16298,0.02674,0.21624,0.11019,0.20473,0.079906,0.25819,0.13697,0.19899,0.22062,0.23632,0.25273,0.26265,0.26942,0.2741,0.27776,0.2801,0.28165,0.28206,0.28326,0.28355,0.28377,0.28365,0.2838,0.28377,0.28373,0.28326,0.28343,0.28325,0.28307,0.28352,0.28247,0.28222,0.28191,0.28168,0.28119,0.28087,0.28046,0.28007,0.27958,0.27914,0.27869,0.27854,0.27768,0.27716,0.27665,0.27606,0.27549,0.27485,0.27426,0.27368,0.27279,0.2721,0.27135,0.27047,0.26982,0.269,0.26824,0.26756,0.26681,0.26628,0.26592
NaN,0.097107,0.062391,0.044487,0.27257,0.073333,0.11016,0.18397,0.23428,0.13872,0.12672,0.17711,0.18794,0.19143,0.19949,0.20075,0.19722,0.19585,0.19255,0.18931,0.18528,0.18316,0.18045,0.17793,0.1756,0.17361,0.17171,0.16986,0.1679,0.16673,0.16532,0.16396,0.16397,0.16161,0.16049,0.15949,0.15861,0.15767,0.15684,0.15607,0.15549,0.15479,0.1542,0.1537,0.15402,0.1529,0.15251,0.15221,0.15206,0.15186,0.15178,0.15164,0.15187,0.15208,0.1523,0.15261,0.15244,0.1535,0.15396,0.15463,0.15574,0.1566,0.15827,0.16141
0.012658,0.14424,0.09091,0.17051,0.36651,0.091286,0.0093083,0.153,0.32032,0.11148,0.13807,0.15338,0.15709,0.18305,0.18613,0.18763,0.18892,0.18908,0.18931,0.18944,0.18888,0.18927,0.18919,0.189,0.1888,0.18863,0.18838,0.18818,0.1876,0.1877,0.18747,0.18727,0.18616,0.18677,0.18651,0.18631,0.18608,0.18592,0.18571,0.18551,0.18515,0.18517,0.185,0.18481,0.18551,0.18448,0.18433,0.18418,0.18398,0.1838,0.18367,0.18344,0.18279,0.18295,0.1827,0.1824,0.18245,0.18174,0.18148,0.18106,0.18145,0.18073,0.18124,0.18305
0.18987,0.15329,0.11071,0.1596,0.26134,0.10927,0.14937,0.057597,0.13861,0.11103,0.051627,0.090965,0.11746,0.12573,0.1357,0.14419,0.14875,0.14754,0.14626,0.14432,0.14232,0.14029,0.13833,0.13635,0.13455,0.13258,0.13089,0.12919,0.1279,0.12614,0.1248,0.12347,0.12393,0.12139,0.12043,0.11949,0.1186,0.11796,0.11708,0.11642,0.11592,0.11516,0.1146,0.11406,0.11315,0.11314,0.11266,0.11221,0.11191,0.11156,0.11117,0.1109,0.11057,0.11057,0.11017,0.1101,0.10989,0.11028,0.11063,0.11102,0.1112,0.11214,0.11293,0.11359
0.088608,0.024539,0.11921,0.042066,0.26277,0.036534,0.088704,0.10456,0.29527,0.14415,0.11959,0.098464,0.091075,0.086362,0.085276,0.087744,0.0905,0.092308,0.093439,0.094137,0.093911,0.094548,0.094388,0.094055,0.093527,0.092895,0.091838,0.090725,0.089342,0.088233,0.086821,0.085595,0.082913,0.083357,0.082334,0.08164,0.08132,0.080602,0.080286,0.080057,0.07922,0.079828,0.079724,0.079676,0.080764,0.079551,0.079585,0.079677,0.079709,0.079883,0.080097,0.080332,0.081454,0.080894,0.081369,0.081925,0.083183,0.083191,0.084142,0.084922,0.086097,0.086951,0.0878,0.088388
0.012658,0.1663,0.18706,0.062724,0.20857,0.23874,0.14141,0.15726,0.20104,0.26108,0.36751,0.38516,0.39255,0.39579,0.39955,0.40318,0.40676,0.40919,0.4116,0.41362,0.4152,0.4167,0.41805,0.41911,0.41964,0.42084,0.42145,0.42182,0.4226,0.42262,0.42285,0.42291,0.42304,0.42302,0.42297,0.42278,0.42265,0.42242,0.42201,0.42165,0.42048,0.42075,0.42023,0.41971,0.4187,0.41846,0.41781,0.41703,0.41625,0.41547,0.41456,0.41352,0.41296,0.41203,0.41103,0.41007,0.40939,0.40834,0.40755,0.40678,0.40599,0.40555,0.40509,0.4046
0.012658,0.19577,0.10216,0.16169,0.097678,0.10489,0.14638,0.22753,0.073211,0.024343,0.075719,0.06774,0.067379,0.075312,0.079878,0.083206,0.085252,0.087336,0.088587,0.089797,0.090671,0.091115,0.091629,0.092125,0.092823,0.093293,0.093614,0.093896,0.094121,0.09465,0.095035,0.095565,0.10198,0.095545,0.095987,0.096403,0.096542,0.096973,0.097588,0.097794,0.098435,0.098899,0.099265,0.099762,0.099597,0.10067,0.10132,0.10194,0.10257,0.10311,0.1038,0.10433,0.10452,0.10584,0.10687,0.10767,0.10843,0.10932,0.11035,0.11108,0.11183,0.11275,0.11336,0.11374
0.063291,0.055278,0.12073,0.10814,0.082007,0.1131,0.016565,0.18768,0.054463,0.10803,0.13486,0.13525,0.14029,0.14633,0.14859,0.15007,0.15169,0.15221,0.15314,0.154,0.15402,0.15514,0.15576,0.15623,0.15647,0.15693,0.15743,0.15827,0.16151,0.17069,0.1783,0.18071,0.18266,0.18192,0.18216,0.18226,0.18244,0.18229,0.18218,0.18214,0.1817,0.1818,0.18164,0.18148,0.18125,0.18098,0.18074,0.18047,0.18018,0.17989,0.17957,0.17923,0.17909,0.17851,0.17811,0.17771,0.17772,0.17685,0.17637,0.17577,0.17504,0.17392,0.17221,0.16865
0.088608,0.013171,0.072506,0.11218,0.052344,0.15756,0.16757,0.0718,0.1088,0.10551,0.046941,0.03258,0.0369,0.039585,0.041696,0.043019,0.044811,0.044576,0.045493,0.046716,0.049572,0.056409,0.057688,0.055871,0.054626,0.053721,0.052973,0.052296,0.05151,0.050973,0.05039,0.049793,0.048303,0.048539,0.047987,0.04736,0.046749,0.046169,0.045475,0.044763,0.044257,0.043423,0.042653,0.04184,0.041498,0.040217,0.039339,0.03841,0.037406,0.03638,0.03526,0.034081,0.032732,0.031483,0.029994,0.028434,0.02631,0.024821,0.022805,0.020732,0.018631,0.016458,0.014539,0.013153
0.012658,0.06591,0.19448,0.11288,0.19976,0.071083,0.089703,0.11013,0.074534,0.12164,0.16988,0.19911,0.16911,0.15172,0.14514,0.13684,0.13319,0.13204,0.13219,0.13256,0.13344,0.13474,0.13563,0.13648,0.13718,0.13809,0.13864,0.13903,0.13915,0.13931,0.13941,0.13943,0.13919,0.13915,0.13909,0.13888,0.13901,0.13838,0.13818,0.138,0.13802,0.13806,0.13807,0.13834,0.1366,0.13904,0.14006,0.14104,0.14317,0.14572,0.14799,0.15154,0.15625,0.15477,0.15701,0.15839,0.15957,0.16066,0.16129,0.16205,0.16288,0.16357,0.16408,0.16442
0.24051,0.029129,0.19049,0.065724,0.089028,0.10324,0.16973,0.12281,0.041737,0.051108,0.056955,0.038983,0.03306,0.031548,0.031234,0.030853,0.03239,0.032954,0.046701,0.044019,0.042495,0.040722,0.039853,0.038795,0.038077,0.037065,0.036232,0.035609,0.034772,0.034194,0.033561,0.032914,0.025185,0.031493,0.031185,0.03065,0.029724,0.029939,0.029116,0.0286,0.028402,0.027979,0.02755,0.027185,0.026476,0.026516,0.02595,0.025579,0.025021,0.024971,0.024535,0.0243,0.022735,0.023713,0.023009,0.022596,0.021472,0.021071,0.020103,0.019369,0.017524,0.016296,0.014654,0.013274
0.088608,0.22707,0.088877,0.040293,0.14551,0.061943,0.14325,0.091839,0.18151,0.10606,0.055769,0.056343,0.062864,0.065846,0.065181,0.063712,0.061073,0.058984,0.055271,0.050998,0.046442,0.047204,0.047015,0.047231,0.047024,0.048092,0.0487,0.049304,0.04957,0.050396,0.051057,0.051561,0.050548,0.052737,0.053453,0.05404,0.054857,0.055307,0.055979,0.056517,0.056737,0.057857,0.058552,0.059161,0.06046,0.060867,0.061607,0.062224,0.06298,0.064008,0.064753,0.065623,0.067926,0.067906,0.068897,0.070069,0.072048,0.072578,0.073664,0.075181,0.077492,0.078676,0.080657,0.084673
0.063291,0.13516,0.19052,0.12221,0.26692,0.07113,0.12168,0.19716,0.1457,0.18422,0.1681,0.18059,0.18546,0.19204,0.21726,0.21853,0.21749,0.2178,0.19857,0.18936,0.18722,0.18264,0.18042,0.17899,0.17873,0.17768,0.17735,0.17717,0.17709,0.17677,0.17665,0.17651,0.17721,0.1763,0.17619,0.17606,0.17578,0.17578,0.17557,0.17532,0.17513,0.17484,0.17455,0.17419,0.17344,0.1736,0.17312,0.17267,0.17225,0.17174,0.17119,0.17063,0.16971,0.16947,0.16882,0.16818,0.16763,0.167,0.16644,0.16589,0.16537,0.16507,0.16479,0.16462
NaN,0.23706,0.079406,0.00869,0.20736,0.12657,0.13822,0.077048,0.097564,0.1417,0.11594,0.085483,0.094562,0.082199,0.071692,0.066918,0.067052,0.066244,0.06664,0.067072,0.06861,0.068035,0.068444,0.068711,0.069005,0.069175,0.06947,0.069551,0.070573,0.070035,0.070257,0.07043,0.070852,0.071274,0.071532,0.071863,0.071403,0.072827,0.072977,0.073659,0.075434,0.074012,0.074024,0.073979,0.073548,0.073422,0.072865,0.072235,0.071522,0.07081,0.069869,0.06906,0.06618,0.067127,0.066137,0.06518,0.064308,0.063274,0.062391,0.061578,0.061003,0.061265,0.061767,0.062574
0.16456,0.10721,0.29334,0.11237,0.19833,0.068496,0.075769,0.069858,0.071207,0.17056,0.097426,0.11894,0.13445,0.13947,0.14339,0.159,0.167,0.16741,0.16818,0.16874,0.16945,0.16975,0.17037,0.17098,0.17023,0.17246,0.17335,0.17492,0.17465,0.17775,0.17988,0.18274,0.17231,0.18778,0.18987,0.19164,0.19395,0.19377,0.19507,0.19536,0.19603,0.19604,0.19628,0.19639,0.19675,0.19646,0.1965,0.19649,0.19645,0.19633,0.19615,0.196,0.19564,0.19531,0.19499,0.19455,0.19419,0.19347,0.19282,0.19222,0.19146,0.19087,0.19036,0.18999
0.16456,0.18358,0.14261,0.127,0.20051,0.11214,0.10196,0.080906,0.020265,0.17563,0.12511,0.16059,0.18883,0.18674,0.17834,0.17313,0.17043,0.16822,0.16674,0.16561,0.16476,0.16397,0.16329,0.16265,0.16219,0.16158,0.16104,0.1607,0.16021,0.15983,0.15946,0.15911,0.1571,0.15855,0.15829,0.15809,0.15785,0.15777,0.15753,0.15746,0.15754,0.15733,0.1573,0.15731,0.15739,0.15741,0.15749,0.15761,0.15776,0.15799,0.15824,0.1585,0.1585,0.15924,0.15962,0.16007,0.16036,0.16116,0.1618,0.16244,0.16294,0.16364,0.16413,0.16444
0.012658,0.24526,0.046438,0.070956,0.10485,0.15966,0.20268,0.15502,0.070116,0.078474,0.013472,0.015632,0.0098472,0.0030138,0.0091508,0.013376,0.015034,0.016314,0.016899,0.017244,0.017336,0.017719,0.017795,0.017894,0.018239,0.01835,0.018421,0.018697,0.01912,0.019145,0.019425,0.019641,0.020682,0.020358,0.020718,0.021072,0.021598,0.021777,0.022174,0.022559,0.022627,0.023361,0.023769,0.024172,0.024221,0.025222,0.025611,0.026139,0.026655,0.027179,0.027718,0.028318,0.028484,0.029386,0.030041,0.030694,0.031542,0.032082,0.032906,0.033748,0.034672,0.035817,0.036852,0.037659
0.012658,0.042767,0.20376,0.10673,0.035774,0.24128,0.27706,0.12032,0.19747,0.084568,0.072495,0.054187,0.054913,0.056939,0.054845,0.05271,0.051071,0.049758,0.048955,0.048499,0.047825,0.048402,0.048657,0.048977,0.049161,0.049642,0.050109,0.050406,0.051231,0.051323,0.05172,0.052062,0.055471,0.05267,0.052921,0.053188,0.053542,0.053538,0.053756,0.053856,0.05373,0.053839,0.053795,0.05382,0.053376,0.053373,0.053139,0.052811,0.05256,0.051956,0.051426,0.050809,0.050476,0.04904,0.048224,0.047149,0.046133,0.044809,0.043549,0.042281,0.040973,0.039821,0.038856,0.038217
0.11392,0.13706,0.048247,0.06766,0.13345,0.32603,0.15082,0.049095,0.13559,0.22743,0.18575,0.19621,0.21811,0.21633,0.21507,0.21305,0.21137,0.20948,0.20885,0.20874,0.20724,0.20869,0.20902,0.20926,0.2089,0.20954,0.20975,0.20982,0.20966,0.21027,0.21044,0.21045,0.21191,0.21106,0.21117,0.21134,0.21187,0.21187,0.21197,0.21217,0.21194,0.21244,0.21266,0.21298,0.21394,0.21327,0.21354,0.21368,0.21401,0.21409,0.21431,0.21442,0.21538,0.2149,0.21489,0.21495,0.21514,0.21518,0.21515,0.21526,0.21533,0.2152,0.2152,0.2152
0.13924,0.069294,0.14595,0.065492,0.057612,0.18846,0.073463,0.079675,0.054765,0.062732,0.12367,0.13773,0.13721,0.13978,0.14373,0.14774,0.15171,0.1554,0.15864,0.16161,0.16321,0.16628,0.16816,0.16984,0.17109,0.17263,0.17382,0.17482,0.17545,0.17664,0.17745,0.17831,0.18017,0.17947,0.18014,0.18078,0.18178,0.18186,0.18247,0.18296,0.18363,0.18397,0.18441,0.1849,0.18598,0.18565,0.18602,0.18645,0.18679,0.18714,0.18745,0.18766,0.18973,0.18789,0.18823,0.18839,0.18762,0.1884,0.18843,0.18855,0.18955,0.18879,0.18914,0.18952
0.012658,0.19068,0.08956,0.12137,0.13344,0.060574,0.19425,0.094388,0.13512,0.012441,0.09068,0.13676,0.16213,0.1705,0.17563,0.17795,0.17941,0.17972,0.18027,0.18079,0.18202,0.18206,0.18264,0.18328,0.18395,0.18456,0.18528,0.18591,0.18647,0.18723,0.18788,0.18853,0.18665,0.18973,0.19046,0.19113,0.19171,0.19246,0.19316,0.19382,0.1946,0.19529,0.19603,0.19681,0.19742,0.19827,0.19906,0.19981,0.20061,0.20152,0.20235,0.2032,0.20389,0.20495,0.2059,0.20686,0.20776,0.20889,0.20998,0.21113,0.21219,0.21332,0.21429,0.21497
0.088608,0.098446,0.1,0.046872,0.031982,0.14426,0.082226,0.0082888,0.13048,0.16683,0.22994,0.21352,0.19503,0.17849,0.16527,0.162,0.15971,0.15772,0.15596,0.15438,0.15295,0.15088,0.14922,0.14654,0.13022,0.12168,0.11973,0.11838,0.11771,0.11612,0.11495,0.11372,0.11455,0.1118,0.11057,0.10946,0.1082,0.10745,0.10633,0.10519,0.10375,0.10313,0.10208,0.10108,0.098901,0.099,0.097986,0.096984,0.096237,0.095048,0.094157,0.093094,0.092014,0.091739,0.090754,0.089792,0.090762,0.08791,0.086732,0.086033,0.083797,0.083225,0.081478,0.079382
0.063291,0.18082,0.17128,0.2389,0.080152,0.11678,0.055767,0.08107,0.087674,0.1276,0.17112,0.18326,0.18593,0.18061,0.17719,0.17472,0.17065,0.16398,0.15349,0.15251,0.15413,0.15444,0.15601,0.15825,0.16136,0.16358,0.16608,0.16853,0.17041,0.1717,0.17285,0.17374,0.17162,0.1751,0.17556,0.17594,0.17618,0.17653,0.1767,0.17691,0.17762,0.17711,0.17716,0.17712,0.17744,0.17709,0.17696,0.17684,0.17656,0.1764,0.17612,0.17576,0.17507,0.17503,0.17444,0.17384,0.17285,0.1724,0.17148,0.17034,0.16943,0.16778,0.16627,0.16497
0.037975,0.065929,0.24795,0.10912,0.20158,0.13677,0.10811,0.091945,0.1798,0.12106,0.073361,0.01999,0.012298,0.030715,0.039672,0.044378,0.046804,0.048541,0.0497,0.050697,0.051771,0.052776,0.053891,0.055039,0.056188,0.057272,0.058424,0.05936,0.06044,0.061132,0.061952,0.062703,0.063846,0.063928,0.064621,0.065157,0.065458,0.066208,0.066658,0.067123,0.067487,0.068027,0.068471,0.068924,0.069455,0.069835,0.070283,0.070699,0.071196,0.071702,0.072084,0.072573,0.072147,0.073628,0.074021,0.074438,0.074887,0.074948,0.074791,0.074843,0.075034,0.072558,0.070253,0.066831
0.063291,0.030619,0.067087,0.070304,0.1427,0.32006,0.20827,0.090482,0.18821,0.20289,0.23064,0.24643,0.25857,0.2649,0.26746,0.26829,0.26746,0.26725,0.26611,0.26476,0.26298,0.26155,0.25991,0.25822,0.25639,0.25486,0.25314,0.25144,0.24954,0.24815,0.24653,0.24497,0.24511,0.24195,0.24048,0.23903,0.23766,0.23625,0.23485,0.23352,0.23227,0.231,0.22977,0.22861,0.22759,0.22638,0.22529,0.22428,0.22334,0.22239,0.2215,0.22068,0.21992,0.21918,0.2185,0.21789,0.21733,0.21683,0.21639,0.21604,0.21574,0.2155,0.21533,0.21523
NaN,0.089762,0.068089,0.064152,0.12666,0.20004,0.16117,0.075494,0.065507,0.2113,0.24837,0.26489,0.26919,0.26496,0.25707,0.24112,0.24358,0.23663,0.23291,0.22968,0.22553,0.22337,0.2207,0.21825,0.21483,0.21376,0.21176,0.20966,0.20749,0.20618,0.20454,0.20303,0.20598,0.19992,0.19849,0.1972,0.19608,0.1945,0.19336,0.19223,0.18954,0.18978,0.18859,0.1875,0.18619,0.18528,0.18415,0.18318,0.18217,0.18104,0.18007,0.17909,0.17821,0.17672,0.17604,0.17515,0.17548,0.17334,0.17265,0.17156,0.16949,0.16934,0.16759,0.16551
0.31646,0.12207,0.10098,0.039828,0.13101,0.080518,0.061999,0.072624,0.055587,0.16591,0.20924,0.20941,0.21558,0.21345,0.21326,0.21332,0.2161,0.21854,0.22283,0.22738,0.23409,0.2342,0.23707,0.23953,0.24099,0.24353,0.24492,0.24616,0.24849,0.2485,0.24947,0.25016,0.25071,0.25185,0.25226,0.25279,0.25277,0.2536,0.25387,0.25408,0.25393,0.2545,0.25465,0.25482,0.25375,0.25489,0.25495,0.25491,0.25489,0.25484,0.25483,0.25471,0.25428,0.25451,0.25433,0.25416,0.25436,0.25378,0.25338,0.25291,0.25198,0.25143,0.25009,0.24721
0.063291,0.14488,0.064372,0.075622,0.11458,0.070748,0.075759,0.06026,0.17947,0.093059,0.072586,0.068915,0.06765,0.072356,0.087046,0.093248,0.09448,0.095065,0.095308,0.095517,0.095515,0.095525,0.09567,0.09579,0.095508,0.095926,0.096102,0.096261,0.096386,0.09657,0.096776,0.096885,0.09826,0.097557,0.097787,0.098069,0.098288,0.098738,0.098991,0.09933,0.099563,0.099864,0.10019,0.10049,0.10097,0.10132,0.10162,0.10191,0.10236,0.10262,0.10293,0.10324,0.10363,0.10413,0.10446,0.10485,0.10473,0.10578,0.10652,0.10719,0.10868,0.10967,0.11135,0.11287
0.11392,0.058849,0.095151,0.061594,0.1117,0.073069,0.068912,0.060203,0.30094,0.04598,0.040656,0.043606,0.039003,0.038619,0.038498,0.038394,0.037975,0.037555,0.036978,0.036349,0.035365,0.034979,0.034357,0.033739,0.033743,0.032579,0.032067,0.0315,0.030506,0.03048,0.030035,0.029553,0.028998,0.028723,0.02838,0.02802,0.027921,0.027363,0.027009,0.026726,0.027188,0.026128,0.025813,0.0255,0.025767,0.024973,0.02467,0.024336,0.024005,0.023785,0.023297,0.022922,0.023215,0.022204,0.021553,0.02099,0.019821,0.019413,0.018672,0.017961,0.016694,0.015571,0.014396,0.0131
0.037975,0.14655,0.10526,0.051564,0.31926,0.094618,0.10614,0.15975,0.35383,0.13432,0.064994,0.11919,0.12863,0.13231,0.14177,0.14971,0.15652,0.16145,0.16582,0.16963,0.1732,0.1751,0.17728,0.17913,0.17998,0.18189,0.18292,0.18385,0.18461,0.18498,0.1854,0.18574,0.18478,0.18595,0.18593,0.18583,0.18549,0.18546,0.18525,0.18483,0.18375,0.18386,0.18332,0.18261,0.18182,0.18153,0.18061,0.17981,0.17883,0.17795,0.17695,0.176,0.17488,0.17375,0.1727,0.17154,0.1705,0.1693,0.16825,0.16712,0.16619,0.16557,0.16501,0.16466
0.21519,0.10014,0.040314,0.089077,0.053576,0.12833,0.13792,0.081929,0.045572,0.20845,0.24552,0.23789,0.23173,0.23253,0.23331,0.23515,0.2389,0.24053,0.24308,0.24497,0.24474,0.2476,0.2481,0.24848,0.24816,0.24918,0.24924,0.24954,0.24879,0.24958,0.24966,0.24971,0.2449,0.24997,0.2502,0.25028,0.25026,0.25039,0.25041,0.25071,0.2498,0.25097,0.2511,0.25124,0.25204,0.2511,0.25112,0.25107,0.25095,0.25096,0.25083,0.2506,0.24885,0.25027,0.24988,0.2495,0.24905,0.24852,0.24776,0.24695,0.24577,0.24425,0.24263,0.24114
0.063291,0.17297,0.1044,0.09967,0.11146,0.33272,0.13652,0.18118,0.18342,0.057348,0.16982,0.17089,0.16659,0.16479,0.16523,0.16597,0.16658,0.16728,0.16776,0.16796,0.16852,0.16813,0.16808,0.1679,0.16763,0.16732,0.16691,0.16653,0.16602,0.16545,0.16486,0.16424,0.16326,0.16281,0.16215,0.16143,0.16049,0.16,0.15921,0.15842,0.15733,0.15678,0.15594,0.15494,0.15446,0.15305,0.15236,0.15139,0.15031,0.14977,0.1489,0.14795,0.14596,0.14649,0.14576,0.14478,0.14394,0.14288,0.14214,0.14071,0.14193,0.13977,0.13959,0.14114
0.012658,0.13099,0.14672,0.072684,0.15963,0.20539,0.15398,0.0086856,0.20188,0.18855,0.2456,0.26642,0.25029,0.24606,0.24582,0.2451,0.24402,0.24276,0.24147,0.23956,0.23488,0.21529,0.21359,0.21288,0.21196,0.21159,0.21102,0.21036,0.20993,0.20938,0.20886,0.20837,0.20971,0.20743,0.20703,0.20656,0.20604,0.2057,0.2052,0.20476,0.20364,0.20386,0.20334,0.20295,0.20191,0.20166,0.20102,0.20043,0.19991,0.19904,0.19828,0.19758,0.19592,0.19565,0.19489,0.19398,0.1943,0.19232,0.19142,0.19086,0.18979,0.18994,0.1899,0.18994
0.037975,0.14671,0.073741,0.14894,0.038284,0.14864,0.23726,0.13612,0.27352,0.12509,0.177,0.20256,0.21128,0.20977,0.20904,0.20861,0.20862,0.20868,0.20893,0.20928,0.20926,0.21019,0.21069,0.21119,0.21155,0.21233,0.21285,0.21335,0.21362,0.2144,0.21488,0.21542,0.21588,0.21628,0.2167,0.21713,0.21755,0.21785,0.21827,0.21858,0.21876,0.21928,0.21954,0.21978,0.22093,0.2203,0.22042,0.22064,0.22084,0.22095,0.22107,0.22113,0.22068,0.22124,0.22144,0.22148,0.22249,0.22149,0.22143,0.22145,0.22174,0.22042,0.21909,0.21699
0.088608,0.32081,0.10306,0.030456,0.085115,0.15883,0.015527,0.083996,0.16348,0.15642,0.12353,0.072653,0.051318,0.038671,0.031534,0.027489,0.02527,0.025802,0.026313,0.02694,0.026301,0.028174,0.029012,0.029638,0.029994,0.030888,0.031553,0.031996,0.032438,0.033247,0.033808,0.034399,0.033907,0.035486,0.036083,0.036646,0.037288,0.03789,0.038351,0.038951,0.039786,0.040144,0.040779,0.04151,0.042259,0.042765,0.043513,0.044252,0.045027,0.04592,0.046783,0.047681,0.048587,0.049834,0.050915,0.052124,0.052625,0.054899,0.056143,0.057696,0.05922,0.060724,0.061998,0.062963
