0.034483,0.18997,0.051398,0.14164,0.095264,0.14993,0.14889,0.20291,0.055705,0.22867,0.17946,0.18436,0.1836,0.18212,0.1771,0.17171,0.16649,0.16416,0.16153,0.15946,0.15787,0.15594,0.15447,0.15332,0.15208,0.15161,0.15082,0.15048,0.15008,0.14972,0.14953,0.14946,0.14877,0.14951,0.14967,0.14984,0.1499,0.15032,0.15075,0.151,0.15152,0.1518,0.15223,0.1526,0.1532,0.15353,0.15405,0.15448,0.15492,0.15541,0.15582,0.15634,0.15581,0.15734,0.1578,0.15832,0.15827,0.15951,0.16011,0.16088,0.16342,0.16376,0.1661,0.17015
0,0.18027,0.10383,0.038219,0.16657,0.13327,0.14763,0.11245,0.084513,0.16683,0.17085,0.20236,0.20375,0.20828,0.23792,0.23913,0.23876,0.24034,0.24096,0.24143,0.24199,0.24249,0.24287,0.24325,0.24333,0.24401,0.24437,0.24471,0.24455,0.24552,0.24592,0.24632,0.24857,0.24723,0.24768,0.24812,0.2484,0.249,0.24957,0.25002,0.25054,0.25097,0.25145,0.25191,0.25288,0.25286,0.25335,0.25378,0.25426,0.25461,0.25498,0.25533,0.25561,0.25593,0.25617,0.2563,0.25586,0.25635,0.25623,0.25583,0.25501,0.25421,0.25202,0.24722
0.13793,0.16582,0.11572,0.074298,0.061503,0.086743,0.054704,0.064648,0.075846,0.079012,0.175,0.18276,0.17969,0.175,0.16836,0.1624,0.15129,0.12729,0.11761,0.11088,0.10469,0.10067,0.096217,0.092556,0.092002,0.088398,0.089296,0.092522,0.095794,0.097025,0.098144,0.098525,0.10328,0.098141,0.097545,0.096726,0.096094,0.094929,0.094324,0.093463,0.093253,0.09205,0.091328,0.09046,0.088782,0.089367,0.088605,0.087869,0.087172,0.086689,0.08588,0.085301,0.086335,0.08401,0.083355,0.082628,0.079975,0.081001,0.07971,0.077811,0.074448,0.074018,0.071529,0.069621
0.10345,0.19664,0.12427,0.043123,0.095637,0.11599,0.16529,0.044995,0.15695,0.13734,0.14374,0.12442,0.11283,0.099557,0.09317,0.08968,0.087761,0.086318,0.085164,0.084061,0.083478,0.082879,0.082369,0.082045,0.081196,0.08191,0.081748,0.081906,0.081155,0.081903,0.081928,0.081947,0.081976,0.082438,0.082457,0.082462,0.082523,0.082368,0.082445,0.082337,0.081972,0.082275,0.082058,0.081682,0.082969,0.081264,0.080806,0.080423,0.079988,0.079397,0.078764,0.078214,0.077453,0.076399,0.075698,0.074845,0.074004,0.072881,0.07211,0.071112,0.070692,0.069865,0.069394,0.069086
0.034483,0.12452,0.043745,0.1722,0.049837,0.20349,0.18245,0.073648,0.1596,0.088872,0.044642,0.034594,0.043959,0.048511,0.047246,0.045909,0.044905,0.045369,0.045958,0.047428,0.050734,0.057117,0.052108,0.048363,0.046896,0.045317,0.044307,0.043273,0.04294,0.041613,0.040755,0.039842,0.039685,0.03848,0.03754,0.036632,0.035692,0.034771,0.033831,0.033012,0.032062,0.031154,0.030329,0.029568,0.028465,0.028136,0.027552,0.026984,0.026617,0.026106,0.025786,0.0256,0.025276,0.025764,0.02614,0.026618,0.027345,0.02822,0.029139,0.030248,0.031513,0.032597,0.03356,0.034211
0.034483,0.044687,0.16987,0.18569,0.12594,0.10136,0.13931,0.11979,0.11451,0.16049,0.096554,0.076845,0.077565,0.088992,0.10309,0.10725,0.10413,0.10646,0.10605,0.10542,0.10504,0.10344,0.10237,0.10114,0.099505,0.098514,0.097191,0.095827,0.094692,0.093122,0.091788,0.09049,0.089677,0.088062,0.086864,0.085684,0.084463,0.083464,0.082404,0.081414,0.080304,0.079466,0.078569,0.0777,0.076662,0.076163,0.075375,0.074698,0.074049,0.073426,0.072835,0.072319,0.071693,0.071354,0.070941,0.070563,0.070238,0.069937,0.069677,0.069457,0.069266,0.069144,0.069047,0.068986
0,0.23258,0.17925,0.056596,0.18259,0.060132,0.10403,0.18186,0.18065,0.12125,0.15629,0.15722,0.15162,0.14158,0.1295,0.1164,0.10493,0.095243,0.087479,0.081331,0.076367,0.071848,0.068281,0.065226,0.062835,0.060184,0.058215,0.056471,0.055023,0.053513,0.052245,0.051151,0.046959,0.049194,0.048337,0.047564,0.046888,0.04612,0.045443,0.044773,0.044179,0.043495,0.042939,0.042389,0.041713,0.041355,0.040696,0.040185,0.039632,0.039104,0.038605,0.038113,0.037653,0.037074,0.036631,0.03621,0.035803,0.035565,0.035259,0.035011,0.034821,0.034667,0.034566,0.034511
0.034483,0.016582,0.047074,0.11423,0.076923,0.12129,0.076226,0.13224,0.04311,0.081627,0.09095,0.086898,0.077763,0.069177,0.066348,0.069675,0.071981,0.071665,0.072072,0.07226,0.071895,0.072079,0.072005,0.071826,0.07116,0.071438,0.071259,0.071167,0.071146,0.070812,0.07067,0.070459,0.069852,0.07019,0.07016,0.070069,0.070089,0.069942,0.069796,0.069712,0.069466,0.069569,0.069519,0.069479,0.069469,0.069365,0.069311,0.06926,0.069222,0.069204,0.069166,0.069133,0.06923,0.069107,0.069064,0.069042,0.069044,0.069017,0.069005,0.069,0.068993,0.068973,0.068969,0.068966
0,0.099839,0.15013,0.068561,0.12058,0.071623,0.029137,0.15161,0.027167,0.18958,0.18812,0.17919,0.1713,0.16393,0.15947,0.15707,0.15464,0.15347,0.15279,0.15521,0.15577,0.14516,0.13868,0.13399,0.13082,0.12616,0.12247,0.11904,0.11567,0.11232,0.1091,0.10594,0.1054,0.099963,0.097036,0.094124,0.091165,0.088359,0.085662,0.082923,0.081617,0.077636,0.074884,0.072235,0.068971,0.066579,0.063864,0.061172,0.058502,0.055593,0.052773,0.050042,0.046117,0.044118,0.041195,0.038346,0.034501,0.032677,0.030657,0.030132,0.029547,0.029963,0.03173,0.033359
0.034483,0.16009,0.13943,0.14307,0.18841,0.065937,0.097907,0.1157,0.11061,0.12334,0.19407,0.19284,0.22319,0.22222,0.22033,0.2186,0.21618,0.21577,0.21482,0.21416,0.21398,0.21335,0.21308,0.21308,0.21267,0.21301,0.21307,0.21326,0.21377,0.21349,0.21357,0.21367,0.21593,0.21389,0.21395,0.21396,0.21377,0.21397,0.21402,0.21403,0.21348,0.21369,0.21359,0.21344,0.21267,0.21299,0.21274,0.21251,0.21225,0.21188,0.21152,0.21121,0.21021,0.21041,0.20997,0.2095,0.2092,0.20873,0.20829,0.20793,0.20744,0.20728,0.20707,0.20694
0.24138,0.11624,0.067341,0.12562,0.24267,0.12956,0.17365,0.091687,0.06354,0.086494,0.051481,0.067413,0.0867,0.094821,0.10257,0.1084,0.11323,0.11685,0.12043,0.12378,0.12657,0.12977,0.13282,0.13566,0.13744,0.14105,0.14386,0.14616,0.14893,0.15139,0.15384,0.15619,0.16093,0.16107,0.16339,0.16568,0.16825,0.17029,0.17242,0.17467,0.17586,0.17916,0.18141,0.18389,0.18547,0.18824,0.19059,0.19293,0.19554,0.19786,0.20043,0.20303,0.20633,0.20833,0.21105,0.2139,0.21787,0.21991,0.22297,0.22681,0.22908,0.23322,0.23685,0.24009
0.034483,0.3211,0.15038,0.19203,0.36083,0.048261,0.13636,0.020112,0.02278,0.11719,0.0643,0.068467,0.075984,0.096278,0.11992,0.12381,0.12686,0.12644,0.126,0.12481,0.12398,0.12226,0.12094,0.11989,0.11909,0.11789,0.11704,0.11645,0.11522,0.11453,0.11362,0.11275,0.10667,0.11085,0.10999,0.10905,0.10783,0.10731,0.10644,0.10564,0.10446,0.10441,0.1039,0.10339,0.10292,0.10249,0.10217,0.10185,0.10157,0.10146,0.10136,0.10137,0.10078,0.10142,0.10148,0.10166,0.10182,0.10206,0.10231,0.10263,0.1028,0.10309,0.10328,0.10341
0.17241,0.29667,0.15492,0.1136,0.34673,0.094764,0.024538,0.073014,0.14029,0.2115,0.26685,0.20245,0.16967,0.14819,0.13458,0.12572,0.12146,0.11552,0.11236,0.10998,0.10878,0.10663,0.10523,0.10416,0.10296,0.10237,0.10156,0.10099,0.10054,0.099648,0.099095,0.098623,0.098136,0.097445,0.097027,0.096581,0.095935,0.095649,0.095335,0.094952,0.094147,0.094129,0.093815,0.093465,0.092832,0.092942,0.092732,0.092497,0.092297,0.0921,0.091927,0.091892,0.091195,0.091683,0.091752,0.091836,0.092952,0.092313,0.092751,0.093413,0.094798,0.095861,0.09814,0.10146
0.13793,0.095147,0.15646,0.030368,0.065086,0.1208,0.1028,0.12014,0.11522,0.17075,0.19886,0.19546,0.18885,0.18776,0.18357,0.17724,0.16979,0.16303,0.15706,0.15153,0.14611,0.14196,0.13783,0.13414,0.13082,0.12818,0.12578,0.1234,0.12194,0.11963,0.11782,0.11604,0.12217,0.11271,0.11119,0.10964,0.10834,0.10678,0.10526,0.10372,0.10208,0.10073,0.099271,0.097999,0.096354,0.094572,0.093138,0.091522,0.090005,0.088341,0.086706,0.085016,0.083309,0.08192,0.080048,0.078368,0.076812,0.075202,0.073702,0.072587,0.07123,0.070253,0.069542,0.069116
0,0.16125,0.22475,0.072048,0.060039,0.056791,0.22388,0.13791,0.022594,0.096569,0.053795,0.022175,0.026527,0.040313,0.055189,0.063499,0.068622,0.071624,0.074051,0.076037,0.079187,0.079521,0.08134,0.082877,0.083961,0.085635,0.087003,0.087837,0.088836,0.089394,0.089773,0.089872,0.092268,0.089609,0.089221,0.08874,0.08834,0.087559,0.08681,0.086078,0.084997,0.084335,0.083493,0.082692,0.082036,0.080926,0.080146,0.079341,0.078703,0.07795,0.077412,0.076909,0.077126,0.076357,0.076231,0.076198,0.076777,0.07666,0.076936,0.077607,0.077732,0.077667,0.076272,0.072626
0.10345,0.20663,0.1297,0.14635,0.28548,0.11618,0.052314,0.12293,0.11513,0.17936,0.156,0.15914,0.17221,0.18606,0.19493,0.20157,0.20724,0.21154,0.21552,0.21927,0.2225,0.22576,0.22885,0.23165,0.2341,0.23654,0.23908,0.24102,0.24397,0.24529,0.24721,0.24892,0.25591,0.25251,0.25401,0.25554,0.25697,0.25857,0.25978,0.26147,0.26317,0.26369,0.26492,0.26636,0.26465,0.26838,0.26969,0.27067,0.27217,0.27314,0.27416,0.27558,0.27918,0.27784,0.27951,0.28099,0.28119,0.28461,0.28759,0.29015,0.29424,0.29844,0.30339,0.30815
0.10345,0.13266,0.040209,0.066245,0.076446,0.076597,0.055076,0.086526,0.15029,0.23372,0.27677,0.25156,0.258,0.26655,0.26744,0.26632,0.26474,0.26407,0.26328,0.26262,0.26263,0.26251,0.26248,0.26259,0.26277,0.26307,0.26336,0.26378,0.26439,0.26454,0.26493,0.26534,0.26499,0.26614,0.26649,0.2669,0.26721,0.26765,0.26799,0.26837,0.26896,0.26901,0.26938,0.26968,0.26983,0.27028,0.27056,0.27079,0.27101,0.27125,0.27148,0.27168,0.27182,0.27221,0.27244,0.27271,0.27265,0.27343,0.27382,0.27419,0.27471,0.27511,0.2755,0.27576
0.068966,0.21036,0.048784,0.1219,0.3151,0.20006,0.10946,0.18152,0.034731,0.13308,0.13944,0.15787,0.16405,0.16826,0.16822,0.16643,0.16205,0.15422,0.14123,0.13605,0.13486,0.13296,0.13116,0.12937,0.12659,0.12522,0.1227,0.11893,0.10971,0.097969,0.089951,0.089274,0.11419,0.087746,0.086748,0.085618,0.084307,0.082967,0.081952,0.080601,0.078741,0.077577,0.076068,0.074466,0.072248,0.071237,0.069571,0.06787,0.06615,0.064117,0.062115,0.060029,0.057751,0.05555,0.053486,0.051048,0.04879,0.046161,0.043803,0.041167,0.038884,0.037268,0.035773,0.034781
0.17241,0.12481,0.0078517,0.18097,0.1327,0.13948,0.12006,0.11672,0.18485,0.086877,0.088018,0.026645,0.0486,0.061132,0.069203,0.076348,0.08241,0.074924,0.072086,0.070582,0.068412,0.067672,0.066153,0.064714,0.062653,0.061739,0.06027,0.058923,0.057891,0.056124,0.054759,0.05347,0.051347,0.050948,0.04967,0.048472,0.047217,0.046133,0.045103,0.044029,0.04252,0.041965,0.041025,0.040013,0.038792,0.038325,0.037468,0.036682,0.035837,0.035129,0.034447,0.033775,0.033094,0.032904,0.032356,0.032047,0.032249,0.031951,0.031846,0.032068,0.033085,0.033264,0.033803,0.034255
0.2069,0.22022,0.033861,0.056036,0.33558,0.070149,0.069959,0.080869,0.12558,0.11034,0.12218,0.12966,0.11932,0.11862,0.12492,0.12836,0.12773,0.12784,0.12776,0.12796,0.12773,0.12842,0.12919,0.12993,0.13097,0.1316,0.13261,0.13352,0.13526,0.13558,0.13662,0.13777,0.13786,0.1398,0.14107,0.14217,0.14309,0.14459,0.14566,0.14694,0.14815,0.14917,0.15036,0.15152,0.15144,0.15383,0.15501,0.15611,0.15732,0.15853,0.15955,0.16073,0.16253,0.16322,0.16427,0.16541,0.16647,0.16759,0.16864,0.16972,0.17072,0.17134,0.17193,0.1723
0.034483,0.20125,0.048416,0.037864,0.018375,0.079297,0.18848,0.054298,0.16412,0.051918,0.11907,0.12968,0.1427,0.135,0.17377,0.18122,0.18626,0.19198,0.1962,0.19986,0.20262,0.20605,0.20873,0.21111,0.21347,0.21538,0.21731,0.21892,0.22046,0.22212,0.22353,0.22487,0.22632,0.22733,0.22842,0.22943,0.23047,0.23134,0.23216,0.23297,0.23383,0.23446,0.23511,0.23576,0.23641,0.23684,0.23735,0.23783,0.23827,0.23866,0.23902,0.23936,0.23973,0.23997,0.24022,0.24044,0.24064,0.24082,0.24096,0.2411,0.2412,0.24128,0.24134,0.24137
0.13793,0.21572,0.067536,0.014616,0.13057,0.14287,0.11184,0.24251,0.19328,0.089852,0.093286,0.09872,0.10284,0.11217,0.14832,0.15318,0.15857,0.16092,0.16249,0.16373,0.16463,0.16523,0.16579,0.16634,0.16709,0.16718,0.16752,0.16789,0.16818,0.1684,0.16859,0.16875,0.16843,0.16893,0.16893,0.16899,0.16903,0.16887,0.16884,0.1688,0.16888,0.16853,0.16841,0.16824,0.1679,0.16791,0.16772,0.16753,0.16729,0.16716,0.16702,0.16684,0.16676,0.16659,0.16663,0.16673,0.1671,0.16728,0.16781,0.16842,0.16902,0.17025,0.17129,0.17207
0.068966,0.20752,0.031198,0.076997,0.2151,0.1741,0.087421,0.24913,0.021595,0.05402,0.089931,0.12076,0.14373,0.14965,0.15287,0.14331,0.14299,0.14304,0.14213,0.14048,0.13631,0.11393,0.11052,0.11048,0.11013,0.1102,0.10984,0.10959,0.10936,0.10922,0.10916,0.10931,0.11218,0.10957,0.10983,0.11003,0.11053,0.11053,0.11104,0.11138,0.11188,0.11209,0.11252,0.11291,0.1135,0.11395,0.11438,0.11489,0.11532,0.11576,0.11614,0.11652,0.11668,0.11718,0.11743,0.11757,0.11735,0.11756,0.11716,0.11651,0.11525,0.11346,0.11042,0.10618
0.17241,0.072665,0.07356,0.037571,0.30127,0.093756,0.083578,0.099124,0.14752,0.069346,0.13531,0.12243,0.098619,0.091453,0.081414,0.071421,0.062788,0.055555,0.053999,0.055625,0.061124,0.06048,0.06258,0.064207,0.067049,0.066876,0.067755,0.068379,0.068097,0.06929,0.069503,0.069601,0.069443,0.06946,0.069291,0.069073,0.068424,0.068608,0.068198,0.067922,0.068138,0.067073,0.066698,0.066325,0.066562,0.065563,0.065186,0.064785,0.064455,0.064151,0.063855,0.063571,0.063432,0.063398,0.06329,0.06328,0.063143,0.06378,0.064099,0.06471,0.065544,0.066587,0.067661,0.068616
0.068966,0.21168,0.10307,0.029117,0.051102,0.095734,0.1175,0.15597,0.18347,0.11913,0.15039,0.13299,0.13579,0.13858,0.13232,0.12524,0.11948,0.11758,0.11639,0.11605,0.11706,0.11644,0.11661,0.11722,0.11802,0.11806,0.11857,0.11924,0.12081,0.12028,0.1208,0.12141,0.10934,0.12199,0.12259,0.12304,0.12322,0.12383,0.12463,0.12499,0.12575,0.12561,0.12603,0.12633,0.12569,0.12716,0.12751,0.12793,0.12821,0.12865,0.12902,0.12948,0.12946,0.13056,0.13118,0.13176,0.13196,0.1332,0.13395,0.13478,0.13598,0.13657,0.13728,0.13776
0.034483,0.082576,0.06075,0.035546,0.036452,0.060723,0.048719,0.24068,0.047989,0.095585,0.14761,0.11567,0.10033,0.088345,0.090104,0.080628,0.073519,0.067713,0.06286,0.058565,0.054635,0.051356,0.048221,0.045367,0.042621,0.040374,0.038155,0.036087,0.0345,0.032419,0.030777,0.029243,0.02832,0.026529,0.025359,0.024247,0.023284,0.022255,0.021423,0.020637,0.019723,0.019235,0.01861,0.018055,0.017391,0.017134,0.016725,0.016324,0.016048,0.015704,0.015377,0.015047,0.015411,0.01436,0.013993,0.013513,0.013421,0.012216,0.011441,0.010356,0.0091535,0.0073021,0.0052276,0.0027503
0.068966,0.06895,0.15144,0.10323,0.096704,0.11521,0.078414,0.10183,0.078688,0.13129,0.17375,0.15264,0.15412,0.15162,0.14867,0.14757,0.14954,0.15104,0.15035,0.14792,0.14574,0.1421,0.13952,0.13716,0.13552,0.13306,0.13131,0.12973,0.12794,0.12687,0.12566,0.12456,0.12156,0.12278,0.12199,0.1213,0.12053,0.12031,0.11988,0.11955,0.11995,0.11913,0.11903,0.11899,0.11957,0.11916,0.11938,0.11962,0.11994,0.12031,0.12075,0.12127,0.12178,0.12254,0.12324,0.12405,0.12476,0.12601,0.12715,0.12869,0.13069,0.1326,0.13493,0.13707
0.034483,0.18771,0.054804,0.066756,0.21286,0.21138,0.078935,0.11501,0.13507,0.070549,0.17928,0.17094,0.16852,0.16482,0.16108,0.15735,0.15405,0.15083,0.14798,0.14545,0.14283,0.13977,0.13646,0.13194,0.12768,0.12056,0.1148,0.10932,0.10386,0.099659,0.095374,0.091316,0.086074,0.083914,0.080709,0.077573,0.074535,0.071808,0.06893,0.066294,0.064344,0.061076,0.05872,0.05635,0.054853,0.051812,0.049609,0.047383,0.045142,0.043104,0.040957,0.038757,0.036659,0.034667,0.032221,0.029877,0.027258,0.024965,0.022088,0.019261,0.015946,0.012254,0.0083897,0.0042556
0.034483,0.21454,0.12411,0.10445,0.24199,0.17256,0.044047,0.052011,0.054354,0.10714,0.13103,0.14724,0.16585,0.18726,0.23197,0.23849,0.24317,0.24635,0.24911,0.25118,0.25241,0.25466,0.25619,0.25745,0.25889,0.25971,0.26068,0.26144,0.26241,0.26319,0.26395,0.26471,0.26769,0.26603,0.26667,0.26725,0.26799,0.2684,0.26897,0.26947,0.27024,0.27051,0.27099,0.2715,0.27169,0.27231,0.27279,0.27316,0.27357,0.27386,0.27421,0.2745,0.27491,0.27497,0.27523,0.2754,0.27547,0.27567,0.27572,0.27577,0.2758,0.27584,0.27585,0.27586
0.034483,0.19259,0.2646,0.14404,0.25768,0.2882,0.17307,0.2662,0.28628,0.1648,0.23536,0.23782,0.24974,0.26115,0.27427,0.2879,0.29937,0.3106,0.31922,0.32634,0.33455,0.33767,0.34165,0.34518,0.34717,0.35062,0.35263,0.35464,0.35663,0.35751,0.35859,0.35952,0.35951,0.36135,0.36187,0.36235,0.36244,0.36331,0.36388,0.3644,0.36305,0.36476,0.36587,0.36759,0.37763,0.37028,0.37383,0.37879,0.38259,0.38354,0.38577,0.38683,0.37939,0.38536,0.3851,0.38452,0.38434,0.38254,0.38192,0.38111,0.38061,0.38007,0.37965,0.37941
0,0.088696,0.15453,0.052501,0.053816,0.11793,0.045982,0.15878,0.12703,0.20002,0.15022,0.13482,0.13146,0.13219,0.13242,0.13328,0.13812,0.13583,0.13708,0.1384,0.13955,0.14082,0.14203,0.14318,0.14511,0.14543,0.14648,0.14746,0.14842,0.14932,0.15024,0.15109,0.15236,0.15277,0.15346,0.15416,0.15477,0.15539,0.15586,0.15646,0.15721,0.15709,0.15731,0.15752,0.15783,0.15761,0.15748,0.15725,0.15701,0.15642,0.15581,0.1551,0.1536,0.15314,0.15207,0.15069,0.14899,0.1475,0.14594,0.14399,0.1422,0.14049,0.13914,0.13822
0.13793,0.1481,0.099288,0.034552,0.22063,0.024763,0.076705,0.22122,0.13538,0.12715,0.08855,0.097084,0.095352,0.099681,0.099708,0.10025,0.10065,0.099997,0.096514,0.092386,0.0887,0.085056,0.081794,0.078966,0.076938,0.073779,0.071404,0.069262,0.066974,0.064894,0.062818,0.060822,0.059074,0.056944,0.055044,0.053204,0.051253,0.04946,0.047823,0.046019,0.044479,0.042269,0.040544,0.03869,0.03765,0.035163,0.033289,0.031521,0.029744,0.027911,0.026145,0.024296,0.022108,0.020661,0.018818,0.016879,0.014965,0.01349,0.011438,0.009493,0.0077507,0.0057057,0.0038543,0.0020851
0.17241,0.19151,0.11057,0.088322,0.23744,0.17803,0.041107,0.10275,0.16284,0.085645,0.047418,0.046335,0.050174,0.077195,0.095702,0.10888,0.12002,0.13266,0.14356,0.15329,0.16078,0.1672,0.17206,0.17621,0.17906,0.18225,0.18487,0.1872,0.18898,0.19066,0.19217,0.19348,0.19347,0.19593,0.19688,0.19781,0.19878,0.19936,0.20016,0.20088,0.20106,0.20197,0.20258,0.20296,0.2033,0.20402,0.20448,0.20483,0.20507,0.20553,0.20584,0.20612,0.20721,0.20682,0.20695,0.20721,0.20809,0.20767,0.20774,0.20749,0.2069,0.20737,0.20713,0.20697
0.13793,0.18617,0.15723,0.022346,0.30798,0.15571,0.12491,0.05806,0.17374,0.12091,0.11631,0.061322,0.011335,0.054446,0.072839,0.08079,0.085971,0.088218,0.089937,0.091113,0.092253,0.092092,0.092323,0.092298,0.092335,0.091791,0.091459,0.091035,0.091355,0.090184,0.089645,0.089158,0.086081,0.087802,0.087105,0.086412,0.085356,0.085215,0.084447,0.08376,0.084059,0.082387,0.08179,0.081196,0.079212,0.079904,0.079214,0.078499,0.077657,0.076858,0.076005,0.075401,0.073542,0.073989,0.073038,0.072074,0.068273,0.069803,0.067328,0.06546,0.063034,0.058244,0.051162,0.042777
0,0.10774,0.077069,0.071918,0.13067,0.068734,0.10764,0.025109,0.0042897,0.14312,0.097817,0.073101,0.067766,0.097854,0.10089,0.1021,0.10418,0.10546,0.10746,0.10946,0.11216,0.11353,0.11559,0.11756,0.11932,0.12144,0.12324,0.12516,0.12644,0.12868,0.13043,0.1322,0.13232,0.13559,0.13724,0.13891,0.14033,0.14218,0.14374,0.14529,0.1464,0.14837,0.14989,0.15135,0.15381,0.15437,0.15576,0.15719,0.15851,0.1599,0.16127,0.16251,0.16329,0.165,0.16607,0.16713,0.16835,0.16913,0.1699,0.17067,0.17129,0.17175,0.17212,0.17234
0.068966,0.24317,0.11404,0.03927,0.29238,0.18997,0.081998,0.043769,0.096035,0.051907,0.11845,0.1685,0.16292,0.16401,0.16292,0.16264,0.16469,0.16307,0.16326,0.16336,0.16228,0.16296,0.16269,0.16217,0.16143,0.16088,0.16015,0.15923,0.15878,0.15764,0.15671,0.15584,0.15553,0.15404,0.15314,0.15227,0.1512,0.15073,0.14977,0.14907,0.14791,0.14766,0.14702,0.14658,0.14684,0.14546,0.14504,0.14473,0.1445,0.14437,0.14415,0.14405,0.14007,0.14397,0.1439,0.14373,0.14465,0.14327,0.14264,0.14192,0.14218,0.14024,0.13912,0.13827
0,0.26033,0.15053,0.21957,0.27631,0.078241,0.11459,0.072307,0.127,0.10382,0.07951,0.072688,0.081799,0.085218,0.085868,0.084033,0.08133,0.077558,0.073854,0.070232,0.065495,0.063737,0.061444,0.059756,0.058056,0.057896,0.057178,0.056449,0.056295,0.054482,0.053288,0.052042,0.048933,0.049389,0.047915,0.046413,0.044677,0.043383,0.04187,0.040295,0.037692,0.037266,0.035679,0.03408,0.032457,0.031062,0.029341,0.027821,0.026164,0.024666,0.023089,0.021376,0.018772,0.018191,0.016515,0.014758,0.017916,0.011816,0.010108,0.0087487,0.0066819,0.0059327,0.0042679,0.0026687
0.068966,0.061503,0.20301,0.16064,0.21484,0.18587,0.13588,0.16623,0.13924,0.15437,0.14674,0.083995,0.049316,0.040583,0.035643,0.032199,0.029661,0.027057,0.025109,0.023419,0.021909,0.020407,0.019402,0.018397,0.017325,0.01675,0.016196,0.015658,0.014988,0.014792,0.014488,0.014137,0.012943,0.013845,0.013783,0.013727,0.013866,0.013822,0.013748,0.013699,0.013446,0.013805,0.013859,0.01388,0.01479,0.01399,0.014035,0.013996,0.014017,0.014045,0.014011,0.013894,0.014861,0.013662,0.013304,0.012902,0.012728,0.011718,0.010861,0.0096171,0.0093939,0.0066136,0.004524,0.0020496
0,0.12317,0.18318,0.060392,0.22487,0.086871,0.10666,0.17386,0.072433,0.081376,0.13337,0.0919,0.077611,0.049388,0.045572,0.04392,0.041107,0.039424,0.037033,0.034697,0.031661,0.030098,0.028019,0.026061,0.023692,0.022511,0.020913,0.019353,0.017931,0.01655,0.015302,0.014172,0.018987,0.012049,0.011305,0.010609,0.010134,0.0095826,0.0093354,0.0091366,0.0090921,0.0094922,0.0098472,0.010355,0.011304,0.011788,0.012623,0.013548,0.014544,0.015543,0.016618,0.01771,0.018533,0.019999,0.021191,0.022382,0.022963,0.024768,0.026047,0.027244,0.028694,0.030055,0.031771,0.03361
0.034483,0.25654,0.19381,0.21065,0.12741,0.25645,0.23757,0.21111,0.089045,0.052929,0.14215,0.15466,0.16035,0.1664,0.17139,0.17564,0.17881,0.18206,0.18453,0.1866,0.18782,0.18991,0.19129,0.19253,0.19435,0.19482,0.19579,0.19673,0.19744,0.19866,0.19958,0.20044,0.19905,0.20216,0.20289,0.20364,0.20449,0.20489,0.20542,0.20605,0.2073,0.20692,0.20726,0.20757,0.2086,0.20809,0.20824,0.20828,0.20833,0.20831,0.20831,0.20822,0.20849,0.20794,0.20783,0.20771,0.20747,0.20743,0.2073,0.2072,0.20717,0.20702,0.20695,0.20691
0.17241,0.18737,0.077121,0.12017,0.35292,0.067958,0.11913,0.17997,0.1099,0.074309,0.13083,0.1207,0.11977,0.11595,0.11486,0.11438,0.11521,0.11446,0.11479,0.11512,0.11504,0.1159,0.11642,0.11676,0.11689,0.11753,0.1178,0.11801,0.11816,0.11842,0.11858,0.11874,0.11836,0.11898,0.119,0.11903,0.11901,0.11907,0.11892,0.1189,0.11885,0.11892,0.11884,0.11882,0.11957,0.11859,0.11843,0.11831,0.11824,0.118,0.11779,0.11754,0.11611,0.11681,0.11653,0.11612,0.11559,0.11503,0.11407,0.11299,0.11245,0.10929,0.10681,0.10456
0.068966,0.26672,0.28391,0.039571,0.35131,0.10765,0.23445,0.26037,0.033746,0.041492,0.070794,0.083849,0.056838,0.042933,0.039114,0.036858,0.035646,0.037108,0.038782,0.041479,0.043458,0.048268,0.051576,0.054844,0.057475,0.060629,0.063083,0.065589,0.068437,0.069565,0.071295,0.073002,0.074425,0.075799,0.076984,0.078133,0.079364,0.079867,0.080936,0.08188,0.081945,0.082648,0.083278,0.083588,0.082449,0.083815,0.084182,0.084499,0.084284,0.08431,0.084174,0.083993,0.083202,0.082253,0.081694,0.08061,0.07967,0.078727,0.077334,0.074979,0.072729,0.071764,0.070401,0.069317
0.13793,0.18516,0.1489,0.1225,0.25181,0.17304,0.11758,0.019207,0.028553,0.11212,0.11083,0.099742,0.10465,0.10281,0.106,0.1086,0.11055,0.11102,0.11138,0.11132,0.11114,0.11055,0.1101,0.10955,0.10875,0.10838,0.10785,0.10715,0.10669,0.10626,0.10575,0.10526,0.10638,0.10425,0.10392,0.10355,0.10313,0.1028,0.10245,0.10213,0.10145,0.1014,0.10106,0.10084,0.10064,0.1,0.099684,0.099369,0.099172,0.098815,0.098519,0.098176,0.097915,0.097517,0.097418,0.097234,0.097654,0.097332,0.097636,0.098246,0.09918,0.10027,0.10173,0.10301
0,0.054661,0.073494,0.11751,0.18445,0.29578,0.22388,0.11359,0.1204,0.075603,0.064403,0.1018,0.12397,0.1477,0.16095,0.16946,0.19212,0.2072,0.21166,0.21507,0.2185,0.22009,0.22229,0.22439,0.22636,0.22804,0.22969,0.23098,0.23207,0.23371,0.23493,0.23603,0.23313,0.23751,0.23832,0.23911,0.2393,0.2403,0.24108,0.24156,0.24226,0.24233,0.24264,0.24307,0.24478,0.24356,0.24383,0.24396,0.24402,0.24412,0.24422,0.24417,0.24352,0.24404,0.2442,0.24403,0.24447,0.24358,0.24375,0.24377,0.24297,0.24327,0.24291,0.24198
0,0.1445,0.11195,0.090571,0.10191,0.1213,0.08781,0.1133,0.1277,0.12929,0.1189,0.10521,0.09281,0.069505,0.050137,0.038196,0.029979,0.023852,0.018688,0.014587,0.011467,0.0092332,0.0079138,0.0074428,0.006754,0.007977,0.0084747,0.00905,0.010013,0.010385,0.010935,0.011457,0.014813,0.012454,0.01296,0.013421,0.014127,0.014324,0.014889,0.015458,0.015775,0.016741,0.017464,0.018302,0.018864,0.020237,0.021326,0.022602,0.024012,0.025587,0.027342,0.029293,0.031718,0.033684,0.036259,0.039099,0.041917,0.045639,0.049307,0.05319,0.057062,0.061348,0.065059,0.067915
0,0.13228,0.10303,0.10238,0.29155,0.18953,0.33695,0.181,0.24093,0.07931,0.15597,0.20126,0.20049,0.19835,0.1988,0.20015,0.20222,0.20579,0.21229,0.22275,0.23125,0.23504,0.23693,0.23807,0.23877,0.23945,0.24001,0.24048,0.24096,0.2412,0.24151,0.24178,0.24268,0.24215,0.24228,0.24242,0.24256,0.24259,0.24265,0.24273,0.24275,0.24266,0.24267,0.24264,0.24253,0.24256,0.24254,0.24246,0.24239,0.2423,0.24224,0.24212,0.24207,0.24195,0.24187,0.24178,0.24169,0.24167,0.24158,0.24152,0.24147,0.24143,0.2414,0.24139
0.068966,0.28135,0.18388,0.1065,0.31937,0.11789,0.091344,0.08886,0.30092,0.058121,0.090191,0.088053,0.084067,0.081881,0.079415,0.077051,0.075304,0.073465,0.07211,0.070936,0.069194,0.069412,0.068819,0.068258,0.067538,0.067332,0.066877,0.066456,0.066154,0.065574,0.065132,0.064704,0.0631,0.063702,0.063136,0.062572,0.062183,0.061405,0.060681,0.060016,0.059251,0.05859,0.057804,0.056971,0.055809,0.055293,0.054336,0.053342,0.052263,0.051208,0.050063,0.048875,0.047778,0.046407,0.04504,0.043689,0.042266,0.040876,0.039501,0.038185,0.03692,0.035965,0.035161,0.034639
0.034483,0.22842,0.058657,0.15862,0.31828,0.24924,0.079006,0.080756,0.12593,0.22858,0.165,0.18504,0.194,0.20972,0.20143,0.19354,0.18791,0.17967,0.17359,0.16807,0.16448,0.15795,0.15381,0.14977,0.14589,0.14249,0.13931,0.1362,0.13281,0.13075,0.12822,0.12587,0.12149,0.12141,0.11941,0.11757,0.11572,0.11423,0.11253,0.11108,0.10944,0.10825,0.10698,0.10585,0.10527,0.10351,0.10248,0.10156,0.10064,0.099787,0.099086,0.098392,0.098136,0.097086,0.096586,0.09615,0.096132,0.095642,0.095595,0.095991,0.096039,0.09739,0.099302,0.10207
0.068966,0.30275,0.10941,0.20018,0.23396,0.29922,0.04369,0.072005,0.05976,0.13135,0.11862,0.12906,0.12665,0.12658,0.12445,0.11996,0.11441,0.11012,0.10756,0.10637,0.10762,0.10627,0.10673,0.10746,0.10835,0.10912,0.11008,0.11103,0.11182,0.11295,0.11385,0.11473,0.11675,0.11643,0.11727,0.11803,0.11863,0.11944,0.12014,0.12067,0.12105,0.12168,0.12213,0.12253,0.12287,0.12306,0.12325,0.1234,0.12344,0.1234,0.12322,0.12295,0.12244,0.12194,0.12124,0.12033,0.11979,0.1178,0.11607,0.11427,0.11185,0.10927,0.10661,0.10427
0.034483,0.1623,0.1412,0.15037,0.20807,0.19046,0.17185,0.016731,0.26919,0.17885,0.071278,0.10699,0.11869,0.11864,0.11804,0.10501,0.082255,0.065354,0.05176,0.048368,0.046807,0.045702,0.044542,0.043443,0.042049,0.041416,0.040341,0.039378,0.038907,0.037678,0.036778,0.035993,0.033587,0.034365,0.033672,0.032993,0.032396,0.031699,0.031175,0.030677,0.02978,0.029788,0.029445,0.029181,0.028546,0.028651,0.028502,0.028479,0.028435,0.028532,0.028642,0.028823,0.028805,0.029366,0.029683,0.03007,0.030883,0.031122,0.031649,0.032262,0.03264,0.033408,0.033949,0.03435
0.068966,0.39717,0.30965,0.13856,0.37035,0.10217,0.15094,0.14414,0.2127,0.18349,0.29182,0.32084,0.33668,0.34663,0.35544,0.36215,0.3677,0.37159,0.37615,0.38334,0.39398,0.40058,0.40436,0.40622,0.40705,0.40743,0.40748,0.40724,0.407,0.40657,0.40604,0.40552,0.40523,0.40421,0.40349,0.40277,0.40203,0.40122,0.40041,0.39961,0.39885,0.39791,0.39703,0.39617,0.39533,0.39424,0.3933,0.39237,0.39139,0.39039,0.3894,0.38841,0.38758,0.3864,0.38542,0.38447,0.38353,0.38267,0.38185,0.38115,0.38054,0.37999,0.37962,0.37938
0.10345,0.13556,0.141,0.059859,0.1215,0.069262,0.10282,0.056285,0.090433,0.11516,0.097149,0.068637,0.051134,0.023672,0.013817,0.014269,0.013026,0.018683,0.023208,0.028964,0.033446,0.039425,0.043163,0.046237,0.048325,0.050258,0.051647,0.052855,0.053179,0.054274,0.054803,0.055298,0.057556,0.055633,0.055879,0.056054,0.056585,0.056223,0.056464,0.056547,0.056693,0.056764,0.056934,0.057096,0.057605,0.057594,0.057928,0.058296,0.058677,0.059131,0.059664,0.060248,0.061492,0.061574,0.062344,0.063161,0.063942,0.064855,0.065735,0.066586,0.067411,0.068012,0.068522,0.06885
0.10345,0.033286,0.17131,0.05033,0.23156,0.11105,0.051088,0.0041217,0.096178,0.15872,0.25118,0.26577,0.26483,0.26173,0.2585,0.25694,0.26106,0.25625,0.25642,0.25662,0.25724,0.25713,0.25732,0.25751,0.25737,0.25764,0.25778,0.25777,0.25792,0.25757,0.25749,0.25727,0.25919,0.25701,0.2568,0.25653,0.25616,0.25585,0.25553,0.25518,0.2543,0.25418,0.25371,0.25317,0.25237,0.25203,0.25155,0.25088,0.25034,0.24962,0.2489,0.24814,0.24772,0.24665,0.24598,0.24524,0.24474,0.24395,0.24333,0.24273,0.24235,0.24191,0.24162,0.24144
0.034483,0.21231,0.24218,0.12902,0.32196,0.1586,0.070976,0.11806,0.24566,0.1728,0.28057,0.28578,0.2874,0.288,0.28873,0.28932,0.29023,0.29075,0.29149,0.29235,0.29336,0.29423,0.29519,0.29619,0.29713,0.29826,0.2992,0.30025,0.30133,0.30233,0.30334,0.30443,0.30379,0.30635,0.30728,0.30828,0.30923,0.3102,0.31117,0.31219,0.31337,0.31417,0.31515,0.31621,0.31707,0.31818,0.31924,0.32032,0.32136,0.32247,0.32367,0.32483,0.32592,0.32734,0.32873,0.33018,0.33137,0.33328,0.335,0.33699,0.33878,0.34095,0.34282,0.34429
0.13793,0.42057,0.25651,0.17696,0.4601,0.10059,0.30309,0.10749,0.24154,0.20936,0.20584,0.2328,0.25285,0.2632,0.26517,0.26727,0.2766,0.27397,0.27737,0.28003,0.28455,0.28568,0.28823,0.2904,0.29272,0.29402,0.29567,0.297,0.29871,0.29951,0.30048,0.30144,0.30361,0.30315,0.30386,0.30443,0.30467,0.30568,0.30626,0.30664,0.30722,0.30731,0.30769,0.30794,0.30702,0.30848,0.30881,0.30897,0.30927,0.30936,0.3095,0.30954,0.30922,0.30988,0.31006,0.31003,0.31005,0.31035,0.31034,0.3102,0.31004,0.31033,0.31034,0.31035
0.068966,0.33106,0.21859,0.15977,0.26776,0.19089,0.040557,0.22434,0.10104,0.21099,0.15539,0.11943,0.15144,0.15808,0.15215,0.14537,0.13756,0.13042,0.12055,0.11115,0.10618,0.10346,0.10173,0.1001,0.099828,0.097007,0.095514,0.094014,0.092784,0.091176,0.089822,0.088463,0.086347,0.086156,0.084938,0.08383,0.082952,0.081853,0.080766,0.079912,0.079677,0.078127,0.077334,0.076607,0.075485,0.075139,0.074519,0.073892,0.073334,0.072787,0.072302,0.071802,0.071511,0.07107,0.070665,0.070335,0.069979,0.069821,0.069568,0.06941,0.06922,0.069119,0.069034,0.068986
0.24138,0.29239,0.28299,0.094548,0.19156,0.20118,0.17483,0.2721,0.42643,0.20356,0.35559,0.38521,0.42005,0.43971,0.4507,0.45815,0.46473,0.4689,0.47415,0.48082,0.48803,0.49799,0.50288,0.50556,0.50658,0.50772,0.50825,0.50855,0.50889,0.50873,0.50867,0.5086,0.50821,0.50811,0.50784,0.50757,0.50731,0.50681,0.50647,0.50606,0.50567,0.50503,0.50451,0.50394,0.50286,0.50258,0.50191,0.50124,0.50041,0.49961,0.49877,0.49782,0.49707,0.4957,0.49462,0.49339,0.49193,0.49085,0.48941,0.4879,0.48631,0.48502,0.48384,0.48302
0.27586,0.35339,0.25903,0.24782,0.39648,0.17308,0.14849,0.28665,0.094874,0.090178,0.26039,0.32415,0.34777,0.36844,0.38076,0.38951,0.39579,0.40094,0.4047,0.40753,0.4092,0.41174,0.41318,0.41434,0.41542,0.41597,0.4165,0.41694,0.41677,0.41749,0.41756,0.41758,0.41851,0.41723,0.41707,0.41679,0.41695,0.4162,0.41586,0.41528,0.4154,0.41424,0.41368,0.41301,0.41372,0.41153,0.41074,0.40985,0.40896,0.40797,0.40682,0.40563,0.40464,0.40302,0.40131,0.39949,0.39637,0.39529,0.39236,0.38971,0.38611,0.38442,0.38181,0.38003
0.034483,0.54701,0.094173,0.23314,0.52568,0.2,0.15414,0.087909,0.38041,0.032945,0.26598,0.32911,0.34814,0.36303,0.37418,0.37937,0.38307,0.38586,0.38838,0.3904,0.39302,0.39401,0.39541,0.3966,0.39757,0.39875,0.39951,0.40024,0.40077,0.40148,0.40204,0.4026,0.40287,0.40351,0.40398,0.40439,0.40473,0.40522,0.40558,0.40589,0.40634,0.40674,0.4071,0.4075,0.40795,0.40832,0.4087,0.4091,0.40949,0.40989,0.41027,0.41068,0.41096,0.41143,0.41177,0.41211,0.41243,0.41272,0.413,0.41324,0.41343,0.41359,0.4137,0.41377
0.034483,0.16187,0.22456,0.14296,0.19085,0.21578,0.25427,0.10136,0.18909,0.21144,0.24645,0.263,0.27177,0.2816,0.29191,0.31976,0.30465,0.33337,0.33671,0.33954,0.34227,0.3436,0.34536,0.34684,0.34804,0.34906,0.34995,0.35078,0.35159,0.35199,0.35248,0.35285,0.35212,0.35335,0.35353,0.35363,0.35368,0.35372,0.3536,0.3536,0.35319,0.35315,0.35293,0.35266,0.35238,0.35203,0.35166,0.35129,0.35082,0.35041,0.34992,0.34943,0.34909,0.34851,0.34799,0.3475,0.34709,0.34657,0.34615,0.34578,0.34548,0.34518,0.34499,0.34486
0.034483,0.49303,0.47055,0.30512,0.44085,0.22844,0.40307,0.34276,0.47375,0.21148,0.32542,0.39288,0.45024,0.46053,0.46477,0.46615,0.46844,0.46891,0.47045,0.47188,0.4735,0.47469,0.47581,0.47687,0.47775,0.47876,0.47946,0.48018,0.48088,0.48154,0.48213,0.48277,0.48376,0.4839,0.48436,0.48492,0.48557,0.48598,0.48657,0.48716,0.48768,0.48831,0.48888,0.4895,0.48993,0.49074,0.49139,0.49212,0.49283,0.49352,0.49432,0.49509,0.4963,0.4965,0.49738,0.49818,0.49898,0.4998,0.50073,0.5018,0.50257,0.50427,0.5066,0.51122
0.17241,0.25579,0.1475,0.093323,0.31907,0.051651,0.05351,0.1135,0.15908,0.031116,0.023809,0.030268,0.030701,0.038974,0.040852,0.0423,0.042912,0.043083,0.041669,0.0407,0.039663,0.040424,0.04196,0.043372,0.044838,0.045245,0.045992,0.046451,0.045665,0.046626,0.046548,0.046659,0.038766,0.045742,0.045398,0.044956,0.044832,0.04408,0.043297,0.042895,0.042495,0.041632,0.041033,0.040439,0.041404,0.039317,0.038602,0.038086,0.03723,0.036653,0.035888,0.035157,0.034978,0.033696,0.032759,0.031891,0.031139,0.029908,0.028949,0.027661,0.028244,0.024656,0.022135,0.015756
0.034483,0.34414,0.15325,0.090879,0.40806,0.17275,0.1394,0.091565,0.325,0.22709,0.21244,0.22603,0.23754,0.24722,0.25457,0.26035,0.26641,0.26881,0.27207,0.27506,0.27718,0.28001,0.28236,0.28455,0.28596,0.28847,0.29027,0.29198,0.29371,0.29482,0.29614,0.29734,0.29792,0.29927,0.30025,0.3011,0.30202,0.30264,0.30327,0.3039,0.30423,0.30502,0.30552,0.30598,0.30626,0.30687,0.30724,0.30759,0.30789,0.30822,0.3085,0.30876,0.30908,0.30923,0.30941,0.3096,0.30978,0.30989,0.31001,0.31012,0.3102,0.31026,0.31031,0.31033
0.17241,0.20719,0.20653,0.12687,0.026213,0.072223,0.12913,0.16971,0.30159,0.19694,0.21782,0.21517,0.21058,0.21161,0.21332,0.20457,0.19958,0.19205,0.18749,0.1839,0.18113,0.17707,0.17454,0.17188,0.16941,0.16683,0.16472,0.16247,0.16029,0.15844,0.15646,0.15458,0.1468,0.1507,0.14895,0.14723,0.14542,0.14398,0.14209,0.14053,0.13864,0.13726,0.13575,0.13427,0.13279,0.13114,0.12965,0.12815,0.12657,0.12519,0.12366,0.12213,0.12079,0.11912,0.11745,0.11581,0.11441,0.1125,0.11063,0.10889,0.10722,0.10572,0.10452,0.10371
0.31034,0.25331,0.37874,0.068709,0.25787,0.08339,0.089761,0.22309,0.4645,0.22401,0.30106,0.27014,0.25705,0.25928,0.26319,0.26781,0.27226,0.27576,0.27914,0.28223,0.28519,0.2873,0.28946,0.29134,0.29302,0.29454,0.29588,0.29711,0.29829,0.2993,0.30025,0.30109,0.30052,0.30265,0.3033,0.30392,0.30457,0.30502,0.30546,0.30594,0.30639,0.30676,0.30711,0.30745,0.30786,0.30799,0.30829,0.30853,0.30875,0.30896,0.30915,0.30931,0.30958,0.30963,0.30975,0.30987,0.30997,0.31005,0.31013,0.3102,0.31027,0.31029,0.31032,0.31034
0.24138,0.31138,0.49209,0.0985,0.42092,0.13123,0.13825,0.10927,0.32398,0.25375,0.34709,0.34543,0.34089,0.33734,0.33338,0.33003,0.32673,0.32462,0.32236,0.32038,0.31904,0.31675,0.31508,0.31353,0.31204,0.31072,0.30935,0.30814,0.30697,0.30562,0.30446,0.3033,0.30138,0.30123,0.30018,0.29918,0.29791,0.29719,0.2963,0.29531,0.29416,0.29352,0.29262,0.29164,0.29068,0.2899,0.28901,0.28812,0.2872,0.28633,0.28543,0.28441,0.2829,0.28274,0.28187,0.28098,0.2803,0.27924,0.27851,0.27769,0.27702,0.27658,0.27619,0.27595
0.068966,0.66447,0.4853,0.30996,0.67014,0.20308,0.29813,0.2685,0.45152,0.16333,0.30998,0.32581,0.33887,0.34893,0.37222,0.39142,0.39687,0.40198,0.40472,0.40656,0.40892,0.40968,0.41047,0.41125,0.41164,0.41263,0.41303,0.41378,0.4148,0.41471,0.41523,0.41602,0.41765,0.4196,0.42826,0.44312,0.44721,0.44929,0.44942,0.44958,0.44943,0.44973,0.44976,0.44975,0.44925,0.44981,0.4497,0.44967,0.4496,0.44954,0.44944,0.44944,0.44895,0.44914,0.44902,0.44891,0.44884,0.44869,0.4486,0.44852,0.44839,0.44837,0.44832,0.44829
0.2069,0.069195,0.13576,0.082098,0.067043,0.19694,0.2033,0.134,0.21444,0.162,0.14668,0.12454,0.10819,0.10037,0.093144,0.086568,0.081505,0.075619,0.070856,0.06658,0.062547,0.058936,0.055712,0.052611,0.049527,0.047046,0.044608,0.042235,0.039749,0.038038,0.036112,0.034326,0.031001,0.030867,0.029299,0.027844,0.02651,0.025139,0.023761,0.022596,0.02118,0.020123,0.019003,0.017898,0.017365,0.015752,0.014686,0.013644,0.012542,0.011562,0.010574,0.0095256,0.0087635,0.0075543,0.0065577,0.0055808,0.0046936,0.0038475,0.0030518,0.0022982,0.0020068,0.0010614,0.0005783,0.00018036
0.13793,0.33867,0.24986,0.1417,0.34575,0.17016,0.23233,0.20727,0.22664,0.097354,0.028187,0.065162,0.09623,0.10249,0.10915,0.1166,0.12414,0.12963,0.1332,0.13533,0.13491,0.13727,0.1376,0.13772,0.13754,0.13743,0.13725,0.13701,0.13697,0.13636,0.13607,0.13569,0.13463,0.13463,0.13419,0.13357,0.13346,0.13238,0.13184,0.1312,0.13069,0.13012,0.12958,0.12902,0.12711,0.12796,0.1273,0.12652,0.12586,0.12512,0.12434,0.12371,0.12394,0.12247,0.12181,0.12114,0.12067,0.11962,0.11868,0.1176,0.11505,0.11422,0.11108,0.10693
0.65517,0.81278,0.77209,0.43386,0.78247,0.46878,0.57824,0.6088,0.69247,0.5736,0.68136,0.78328,0.80471,0.81483,0.82263,0.82932,0.83645,0.8427,0.84882,0.85376,0.85981,0.86084,0.86307,0.86484,0.86591,0.86754,0.86851,0.86942,0.8702,0.87092,0.87154,0.87217,0.87139,0.87316,0.87364,0.87408,0.87428,0.87488,0.87524,0.87557,0.87564,0.87624,0.87654,0.87684,0.87719,0.87732,0.87756,0.87783,0.87802,0.87826,0.87849,0.87868,0.87811,0.87901,0.87923,0.87945,0.88016,0.87991,0.88015,0.88051,0.88141,0.88133,0.88246,0.88505
0.41379,0.74397,0.4843,0.32334,0.75465,0.35902,0.43323,0.36491,0.47327,0.38786,0.59462,0.63886,0.66803,0.67394,0.67793,0.68023,0.68266,0.68297,0.68378,0.68421,0.68501,0.68502,0.68519,0.6853,0.68517,0.68547,0.68548,0.68551,0.68535,0.68552,0.68552,0.68559,0.68479,0.68562,0.68568,0.68575,0.68577,0.68588,0.686,0.68614,0.68607,0.6864,0.68654,0.68671,0.687,0.68699,0.68721,0.68741,0.68759,0.68779,0.68799,0.68818,0.68822,0.68851,0.6887,0.68886,0.68906,0.68916,0.68929,0.68939,0.68948,0.68956,0.68961,0.68964
0.27586,0.35155,0.053874,0.17339,0.51441,0.16327,0.13335,0.18724,0.20894,0.17833,0.20582,0.19702,0.1965,0.19525,0.19325,0.19162,0.18942,0.18938,0.18869,0.1881,0.18763,0.18756,0.18738,0.18728,0.18706,0.1873,0.18737,0.1875,0.18765,0.18783,0.18806,0.18832,0.19012,0.18893,0.18928,0.18963,0.19008,0.19041,0.1909,0.19133,0.19186,0.19232,0.19284,0.19339,0.1939,0.19458,0.1952,0.19584,0.19656,0.19719,0.19792,0.19868,0.19958,0.20017,0.20102,0.20181,0.20255,0.20346,0.20422,0.20492,0.20557,0.20614,0.20655,0.20682
0.2069,0.42101,0.19292,0.19063,0.55948,0.075764,0.040521,0.05601,0.064028,0.18427,0.1673,0.17315,0.17119,0.17688,0.18348,0.1897,0.19445,0.19902,0.20236,0.20504,0.20814,0.20933,0.21087,0.21206,0.21322,0.21402,0.21467,0.21482,0.21498,0.21552,0.21579,0.21602,0.22502,0.21628,0.21648,0.21661,0.2163,0.217,0.2174,0.21747,0.21868,0.21788,0.21805,0.21839,0.21973,0.21923,0.2198,0.2203,0.22133,0.22159,0.22234,0.22309,0.22322,0.22512,0.2264,0.2275,0.22726,0.23054,0.23207,0.23393,0.23607,0.23801,0.23971,0.24096
0.13793,0.27732,0.099385,0.10517,0.16678,0.22398,0.13125,0.14653,0.095175,0.046244,0.056329,0.11214,0.1544,0.1823,0.19925,0.21019,0.21661,0.2229,0.2268,0.22959,0.23213,0.23348,0.23493,0.23596,0.23731,0.23757,0.23818,0.23839,0.23886,0.23902,0.23914,0.23925,0.2417,0.23933,0.2394,0.23932,0.23914,0.23931,0.23913,0.23873,0.23951,0.23887,0.23874,0.23868,0.23798,0.23842,0.23824,0.23827,0.23826,0.23824,0.23812,0.23816,0.23772,0.23854,0.2387,0.23898,0.23896,0.23944,0.23984,0.24012,0.24035,0.24086,0.24117,0.24131
0.17241,0.78028,0.62763,0.33878,0.7807,0.51369,0.64701,0.52127,0.65858,0.58076,0.76022,0.81175,0.83032,0.8397,0.84626,0.85065,0.85377,0.85612,0.85785,0.85908,0.86031,0.86088,0.86143,0.86185,0.86205,0.86251,0.86265,0.86279,0.86292,0.86293,0.86296,0.86299,0.86318,0.86295,0.86294,0.86291,0.86285,0.86283,0.86279,0.86273,0.86268,0.86268,0.86262,0.86257,0.86249,0.8625,0.86245,0.86241,0.86237,0.86234,0.8623,0.86228,0.86222,0.86221,0.86219,0.86217,0.86215,0.86212,0.86211,0.8621,0.86208,0.86208,0.86207,0.86207
0,0.61888,0.36164,0.23895,0.5451,0.090611,0.081426,0.16974,0.36678,0.030281,0.02867,0.026068,0.064354,0.084618,0.099046,0.1076,0.1053,0.099804,0.099089,0.10184,0.10547,0.1083,0.1112,0.11385,0.11774,0.11867,0.12059,0.12198,0.12369,0.1248,0.12613,0.12678,0.1306,0.12894,0.13037,0.13133,0.13277,0.13296,0.13371,0.13476,0.13807,0.13607,0.13628,0.13683,0.13853,0.13853,0.1388,0.13875,0.1396,0.14014,0.1405,0.14092,0.1436,0.14055,0.14071,0.14074,0.13711,0.13989,0.13944,0.1395,0.13982,0.13874,0.13827,0.13805
0.034483,0.62038,0.49322,0.33368,0.58694,0.14685,0.36822,0.21917,0.39119,0.19178,0.26179,0.30884,0.33342,0.35226,0.3557,0.35442,0.34935,0.34285,0.34021,0.33953,0.34094,0.34089,0.34173,0.3427,0.34343,0.34471,0.34566,0.34669,0.34779,0.34858,0.34952,0.35047,0.35091,0.35226,0.35321,0.35411,0.35443,0.3558,0.35662,0.35748,0.35777,0.35889,0.35963,0.36032,0.3604,0.36171,0.36234,0.36297,0.36348,0.36394,0.3644,0.36475,0.36284,0.36483,0.36495,0.36488,0.36619,0.36452,0.36452,0.36444,0.36443,0.36396,0.36467,0.36535
0.24138,0.13163,0.2872,0.094384,0.20876,0.26558,0.25732,0.26889,0.21251,0.20849,0.29079,0.31627,0.32378,0.33577,0.34392,0.35072,0.35499,0.35911,0.36089,0.36151,0.36138,0.36159,0.36188,0.36231,0.36267,0.36377,0.36461,0.36531,0.36671,0.36702,0.3678,0.36841,0.37114,0.36962,0.37022,0.37074,0.37132,0.37157,0.37189,0.37228,0.37248,0.37271,0.3729,0.3731,0.3716,0.37342,0.37351,0.37342,0.37352,0.3735,0.37342,0.3733,0.37386,0.37312,0.37305,0.37299,0.373,0.37331,0.37342,0.37398,0.37407,0.37604,0.37737,0.37874
0.2069,0.33712,0.34446,0.079054,0.38084,0.17276,0.34155,0.3877,0.24498,0.10811,0.19354,0.22502,0.2778,0.3095,0.33445,0.35154,0.36253,0.3723,0.38036,0.38826,0.39493,0.4058,0.41501,0.42349,0.42983,0.43573,0.44005,0.44351,0.44665,0.44928,0.45146,0.45342,0.45874,0.45672,0.45814,0.4594,0.46061,0.46144,0.46252,0.46349,0.4645,0.46512,0.46586,0.46666,0.46738,0.46775,0.46847,0.46915,0.46988,0.47046,0.47113,0.47186,0.47282,0.47312,0.47401,0.47484,0.47527,0.47668,0.47779,0.47881,0.47985,0.48099,0.4819,0.48253
0.034483,0.20908,0.16405,0.18557,0.21078,0.068684,0.1585,0.12692,0.14436,0.18017,0.16581,0.14032,0.13568,0.13054,0.13232,0.13372,0.13352,0.13438,0.13404,0.13367,0.13318,0.13258,0.13196,0.13141,0.13115,0.13025,0.12975,0.12926,0.12891,0.12829,0.12788,0.12752,0.12787,0.12686,0.12653,0.12627,0.12592,0.12574,0.12559,0.12533,0.12552,0.12501,0.1249,0.12474,0.12482,0.12476,0.12471,0.12471,0.12464,0.12471,0.12477,0.12478,0.12421,0.12512,0.12528,0.12555,0.12505,0.12636,0.12682,0.12745,0.12914,0.13016,0.13252,0.13586
0.17241,0.38545,0.030871,0.14207,0.45257,0.15074,0.18822,0.13792,0.11335,0.067677,0.10228,0.096349,0.10915,0.11777,0.12549,0.12988,0.13215,0.13418,0.13515,0.13561,0.13683,0.13611,0.13612,0.1361,0.13604,0.13611,0.1361,0.13598,0.13597,0.13605,0.13603,0.13609,0.1351,0.13611,0.13613,0.13618,0.1361,0.13624,0.13635,0.13637,0.13651,0.13656,0.13665,0.13676,0.13672,0.13693,0.137,0.13709,0.13717,0.13725,0.13734,0.13741,0.13732,0.13753,0.13759,0.13766,0.1377,0.13777,0.13781,0.13785,0.13786,0.1379,0.13792,0.13793
0.034483,0.094303,0.22826,0.058692,0.15401,0.15269,0.13028,0.18758,0.21856,0.14694,0.1136,0.12098,0.11395,0.099731,0.097757,0.097979,0.09907,0.10062,0.10233,0.10401,0.10631,0.10751,0.10899,0.11036,0.11156,0.11288,0.11392,0.11477,0.11548,0.11631,0.11691,0.11746,0.11982,0.11805,0.11836,0.11852,0.11855,0.11852,0.11843,0.11829,0.11793,0.11775,0.11734,0.11691,0.11648,0.11587,0.11521,0.11455,0.11383,0.11308,0.11225,0.11148,0.1106,0.10961,0.10878,0.10794,0.10718,0.10636,0.10561,0.10502,0.1045,0.10404,0.10371,0.10351
0.17241,0.52563,0.18975,0.2639,0.65159,0.12892,0.26825,0.1117,0.16139,0.11733,0.23977,0.33856,0.35794,0.37857,0.3905,0.39913,0.40549,0.41064,0.41462,0.41785,0.42123,0.42277,0.42462,0.42626,0.42783,0.42897,0.43001,0.431,0.43165,0.43264,0.43337,0.43405,0.43558,0.43529,0.43585,0.43639,0.43676,0.43741,0.43791,0.43838,0.43897,0.43931,0.43977,0.44022,0.44079,0.44115,0.44163,0.4421,0.44259,0.44305,0.44353,0.44398,0.44439,0.44499,0.44546,0.44591,0.44631,0.44675,0.44712,0.44745,0.44772,0.44797,0.44814,0.44824
0.27586,0.84532,0.52044,0.34644,0.77319,0.17008,0.41388,0.35694,0.58272,0.3214,0.43382,0.48285,0.54232,0.57114,0.59312,0.60778,0.61957,0.62616,0.63135,0.63302,0.63012,0.62481,0.62306,0.62376,0.62428,0.62711,0.62884,0.63072,0.63239,0.63387,0.63532,0.63686,0.63691,0.63916,0.64058,0.6417,0.64251,0.6437,0.64474,0.64561,0.64597,0.64746,0.64838,0.64916,0.65084,0.65072,0.65144,0.65214,0.6526,0.65345,0.65391,0.65464,0.65386,0.65517,0.65554,0.65593,0.65687,0.65604,0.65587,0.65592,0.65591,0.65549,0.65529,0.65515
0.10345,0.26723,0.19232,0.18803,0.35845,0.11209,0.098809,0.24396,0.18898,0.18663,0.18175,0.19087,0.19197,0.19368,0.19534,0.19677,0.19826,0.19933,0.20038,0.20137,0.20268,0.20311,0.20381,0.20443,0.20463,0.20535,0.20584,0.20614,0.20694,0.20651,0.20656,0.20641,0.20953,0.20568,0.20516,0.20423,0.20389,0.20105,0.19884,0.1961,0.19245,0.19168,0.1896,0.18813,0.18675,0.18641,0.18594,0.18574,0.18563,0.18563,0.18573,0.18589,0.18625,0.18612,0.18634,0.18657,0.18664,0.18682,0.18686,0.18675,0.18579,0.18525,0.18342,0.17868
0.10345,0.13487,0.054123,0.16615,0.18856,0.048065,0.045642,0.17385,0.14338,0.10903,0.049605,0.025075,0.01478,0.0087037,0.0028761,0.0021973,0.0073129,0.0090532,0.011678,0.013905,0.015693,0.017339,0.018704,0.01982,0.02133,0.021601,0.022361,0.02296,0.023968,0.023938,0.024274,0.024522,0.020654,0.025015,0.025077,0.025073,0.0252,0.025036,0.024782,0.024665,0.02523,0.024321,0.02402,0.023671,0.022187,0.022804,0.022164,0.021551,0.020815,0.020128,0.019313,0.018517,0.018025,0.016603,0.015392,0.014233,0.012676,0.011476,0.010045,0.0085897,0.0066203,0.0051635,0.0034616,0.001672
0,0.085807,0.081325,0.044101,0.18106,0.078225,0.10696,0.14116,0.065225,0.17306,0.18996,0.19762,0.20579,0.20376,0.20161,0.19892,0.19655,0.19396,0.19166,0.18992,0.18862,0.1877,0.18684,0.18648,0.18621,0.18616,0.18621,0.18655,0.18675,0.18688,0.18717,0.18746,0.18688,0.18819,0.18851,0.18888,0.18923,0.18951,0.19001,0.1904,0.19092,0.1912,0.19166,0.19199,0.19208,0.1932,0.19364,0.19411,0.19456,0.19524,0.19582,0.19646,0.19738,0.19788,0.19876,0.19972,0.20026,0.20195,0.20341,0.20409,0.20523,0.20706,0.20752,0.20754
0,0.076614,0.21998,0.051881,0.30718,0.10983,0.089459,0.075391,0.05945,0.074054,0.0068607,0.05032,0.072718,0.09558,0.095889,0.091421,0.088188,0.083881,0.080605,0.077794,0.075857,0.073379,0.071439,0.069888,0.068562,0.067403,0.066335,0.065584,0.065033,0.064206,0.063686,0.063278,0.06362,0.062484,0.062263,0.062104,0.061803,0.06181,0.061825,0.061792,0.061615,0.061836,0.06193,0.062021,0.062145,0.062346,0.062592,0.062862,0.063126,0.063442,0.063801,0.064118,0.064291,0.064889,0.065358,0.065799,0.066472,0.066805,0.067275,0.067689,0.068102,0.068464,0.068734,0.068901
0,0.29889,0.31573,0.16475,0.37112,0.050542,0.1393,0.048055,0.15699,0.05235,0.067559,0.11282,0.09739,0.10331,0.11133,0.11875,0.12702,0.13543,0.14621,0.15739,0.16709,0.17268,0.17795,0.18199,0.18486,0.18779,0.19002,0.19183,0.1937,0.19479,0.19598,0.197,0.19671,0.19876,0.19939,0.20008,0.20055,0.2012,0.20161,0.2021,0.20242,0.20287,0.20323,0.20358,0.20367,0.20418,0.20449,0.20473,0.20498,0.20519,0.20543,0.20562,0.20569,0.20597,0.20612,0.20627,0.2064,0.20651,0.20661,0.20671,0.20676,0.20683,0.20687,0.20689
0.37931,0.43596,0.21569,0.19671,0.50165,0.12574,0.33351,0.25267,0.41248,0.087569,0.18736,0.20249,0.23115,0.2429,0.25576,0.2667,0.27818,0.28811,0.29513,0.299,0.30186,0.30277,0.3032,0.30349,0.30303,0.30346,0.30305,0.30289,0.30241,0.3016,0.30095,0.30039,0.29961,0.29857,0.29786,0.29699,0.29598,0.29509,0.29439,0.29335,0.29227,0.29152,0.29055,0.28946,0.28809,0.28771,0.28665,0.28575,0.28475,0.28388,0.28296,0.28217,0.28093,0.28042,0.27976,0.27906,0.27844,0.27783,0.27736,0.27685,0.27646,0.27623,0.27603,0.2759
0.37931,0.40827,0.18403,0.15333,0.3811,0.086798,0.18824,0.13715,0.35464,0.15797,0.23012,0.2492,0.26593,0.27101,0.24854,0.25189,0.25633,0.25923,0.26273,0.26617,0.26999,0.27194,0.27461,0.27696,0.2791,0.28069,0.28222,0.28331,0.28401,0.2849,0.28551,0.28604,0.28704,0.28682,0.28718,0.28752,0.28757,0.28799,0.28836,0.28859,0.28844,0.28899,0.28921,0.28935,0.28972,0.28974,0.28998,0.29028,0.2905,0.2907,0.29108,0.2913,0.28826,0.29148,0.2919,0.2921,0.29277,0.29293,0.29313,0.29334,0.29343,0.2942,0.2948,0.29643
0.068966,0.37082,0.20434,0.18118,0.42991,0.1674,0.2551,0.10432,0.25335,0.22241,0.19394,0.1994,0.22839,0.27423,0.2841,0.28996,0.29465,0.29734,0.29934,0.30023,0.29958,0.29765,0.29379,0.28942,0.28643,0.2835,0.28216,0.28136,0.28095,0.28027,0.27985,0.27939,0.27784,0.27834,0.27775,0.27709,0.27631,0.27556,0.27478,0.27381,0.27294,0.27193,0.27084,0.26964,0.26847,0.26729,0.26593,0.26454,0.26305,0.26164,0.26011,0.25855,0.25664,0.25529,0.25367,0.25198,0.25031,0.2486,0.24703,0.24543,0.24405,0.24299,0.24211,0.24156
0.24138,0.17168,0.058753,0.073234,0.19585,0.13318,0.13436,0.10908,0.189,0.066385,0.055828,0.071235,0.08072,0.086868,0.091131,0.094377,0.096559,0.09869,0.10028,0.10166,0.10266,0.10375,0.10467,0.10547,0.10603,0.10682,0.10743,0.10797,0.10868,0.10896,0.10938,0.10971,0.11114,0.11043,0.11076,0.11103,0.11124,0.11148,0.11165,0.11179,0.11168,0.11195,0.11198,0.11197,0.11187,0.11184,0.11177,0.1116,0.11146,0.11124,0.11092,0.11061,0.11021,0.1097,0.10918,0.10858,0.10813,0.10714,0.10649,0.10566,0.10513,0.10437,0.10387,0.10353
0.034483,0.25292,0.23413,0.07696,0.3647,0.099453,0.056521,0.062521,0.084273,0.13565,0.12889,0.12806,0.13242,0.13289,0.13175,0.12997,0.12919,0.12796,0.13086,0.13626,0.14234,0.14234,0.1429,0.14261,0.14139,0.14112,0.14003,0.13891,0.13822,0.1367,0.13558,0.13445,0.13131,0.13218,0.13111,0.13007,0.1293,0.12816,0.1272,0.12608,0.12462,0.12474,0.124,0.12326,0.12107,0.12273,0.1226,0.12247,0.122,0.12223,0.1225,0.12331,0.12688,0.1263,0.12721,0.12828,0.1323,0.13264,0.13398,0.13408,0.13055,0.13652,0.13713,0.13725
0,0.18341,0.048002,0.095825,0.1087,0.11829,0.20371,0.052005,0.10004,0.17444,0.10184,0.088746,0.084101,0.082171,0.081195,0.081458,0.082437,0.086138,0.089736,0.093631,0.097321,0.10172,0.10534,0.10864,0.11127,0.11424,0.11632,0.11815,0.11985,0.12142,0.12275,0.12402,0.12807,0.12564,0.12651,0.12716,0.12765,0.12826,0.12878,0.12918,0.12939,0.13007,0.13033,0.13074,0.13118,0.13118,0.13152,0.13184,0.13213,0.13242,0.13262,0.13295,0.1329,0.13378,0.13421,0.13469,0.13532,0.13549,0.13599,0.13658,0.13682,0.13736,0.13766,0.13784
0.17241,0.29466,0.18887,0.067922,0.51483,0.2682,0.17349,0.083571,0.10594,0.10618,0.21237,0.2956,0.32968,0.35065,0.36397,0.37339,0.38039,0.3861,0.3907,0.39441,0.39858,0.40017,0.40228,0.404,0.40548,0.40625,0.40697,0.40737,0.40762,0.4077,0.40766,0.40743,0.408,0.40666,0.40611,0.40545,0.40447,0.40399,0.40314,0.40214,0.40114,0.40011,0.39899,0.39781,0.39701,0.39551,0.39424,0.39296,0.3916,0.39025,0.38892,0.38758,0.38592,0.38505,0.38377,0.38257,0.38192,0.38046,0.37963,0.37901,0.3789,0.3787,0.3789,0.37916
0.068966,0.46767,0.23217,0.24719,0.56267,0.19036,0.25956,0.20502,0.29455,0.096825,0.19708,0.25244,0.27905,0.2988,0.31035,0.3186,0.32343,0.32771,0.32978,0.33085,0.33011,0.3312,0.33093,0.33047,0.32962,0.32931,0.32866,0.32787,0.32705,0.32641,0.32569,0.32498,0.32401,0.3234,0.32269,0.322,0.32134,0.32063,0.31993,0.31925,0.31854,0.31808,0.31745,0.31686,0.31658,0.31576,0.31521,0.31469,0.31416,0.3137,0.31327,0.31281,0.31234,0.31203,0.31168,0.31138,0.31137,0.31081,0.31057,0.31045,0.31053,0.31025,0.31031,0.31035
0.34483,0.14817,0.061252,0.17354,0.16553,0.16707,0.10689,0.027807,0.12948,0.076158,0.11322,0.11376,0.11542,0.10849,0.10576,0.086838,0.076592,0.075818,0.077882,0.076173,0.072888,0.069161,0.067108,0.065568,0.065097,0.063679,0.063206,0.062913,0.062761,0.062409,0.062294,0.062215,0.060989,0.062014,0.062066,0.062118,0.062109,0.062289,0.062283,0.062358,0.062457,0.062505,0.062628,0.062761,0.062706,0.062994,0.063146,0.063307,0.063467,0.063695,0.063915,0.064177,0.064298,0.064769,0.065087,0.065461,0.065925,0.066363,0.066823,0.067352,0.067735,0.068258,0.068631,0.06887
0.10345,0.2927,0.11151,0.16322,0.24061,0.12274,0.1964,0.069788,0.13283,0.13331,0.12618,0.11338,0.075781,0.074776,0.075449,0.077389,0.07942,0.082102,0.083713,0.084862,0.085365,0.086173,0.086314,0.086393,0.086179,0.086101,0.085686,0.085195,0.084365,0.08411,0.083425,0.082931,0.086631,0.080855,0.080072,0.07911,0.078128,0.076998,0.075947,0.074509,0.072904,0.072105,0.070653,0.069313,0.068931,0.066252,0.06455,0.063062,0.061247,0.059504,0.057582,0.055674,0.054249,0.051796,0.049699,0.047672,0.045777,0.043285,0.041493,0.03972,0.038208,0.036501,0.035403,0.034671
0.034483,0.20939,0.1507,0.068664,0.47136,0.14036,0.13704,0.054234,0.061648,0.12655,0.17486,0.22258,0.23354,0.24628,0.25461,0.26545,0.27551,0.28125,0.28546,0.2871,0.28876,0.28988,0.29163,0.29346,0.29558,0.29675,0.29822,0.29945,0.3006,0.30165,0.30256,0.3034,0.30497,0.30458,0.30507,0.30549,0.30604,0.3062,0.30644,0.3067,0.30691,0.3069,0.307,0.30713,0.30672,0.30708,0.30705,0.30702,0.30698,0.30687,0.3068,0.30675,0.30772,0.30675,0.3068,0.30688,0.30707,0.30736,0.3076,0.30825,0.30868,0.30924,0.30979,0.31018
0.034483,0.10662,0.1568,0.048878,0.28284,0.24766,0.20269,0.28583,0.16641,0.13105,0.23826,0.26247,0.26474,0.27081,0.27768,0.28295,0.28755,0.29105,0.29414,0.29667,0.29848,0.30007,0.30112,0.3018,0.30242,0.30261,0.30275,0.30268,0.30283,0.30273,0.30264,0.30255,0.30416,0.30222,0.30206,0.30196,0.30203,0.3017,0.30167,0.30161,0.30178,0.3016,0.30162,0.30173,0.30146,0.30187,0.30204,0.30225,0.3025,0.3027,0.30305,0.30341,0.3041,0.30423,0.30484,0.30542,0.30588,0.30669,0.30744,0.30813,0.3086,0.30943,0.30993,0.31024
0.17241,0.063585,0.10137,0.17966,0.12222,0.1755,0.091479,0.016611,0.15352,0.094131,0.09232,0.13075,0.15493,0.175,0.18698,0.19565,0.20168,0.20732,0.21148,0.21475,0.21788,0.2201,0.22218,0.22402,0.22522,0.22706,0.22839,0.22947,0.23067,0.23153,0.23243,0.23324,0.23592,0.23476,0.2354,0.23598,0.23642,0.23706,0.23762,0.23804,0.23821,0.23888,0.23928,0.23964,0.23956,0.24032,0.24063,0.24086,0.2411,0.24126,0.24142,0.24159,0.24126,0.24177,0.24181,0.24183,0.24188,0.24179,0.24173,0.24167,0.24144,0.24151,0.24143,0.24139
0.10345,0.096572,0.087488,0.1871,0.19799,0.1532,0.027573,0.058102,0.19495,0.05591,0.03291,0.039073,0.04622,0.043929,0.040635,0.039485,0.040911,0.041533,0.043806,0.046182,0.050473,0.051909,0.054464,0.056933,0.059233,0.060856,0.062451,0.063991,0.065363,0.065937,0.066716,0.067313,0.067904,0.068159,0.068578,0.068796,0.068867,0.069162,0.069356,0.069373,0.069347,0.069569,0.069614,0.069617,0.06951,0.069648,0.069628,0.06958,0.069534,0.069513,0.069453,0.069422,0.069369,0.069318,0.069268,0.069228,0.069198,0.069122,0.06909,0.069057,0.069024,0.068998,0.06898,0.06897
0.068966,0.078284,0.14636,0.13115,0.13457,0.22702,0.21741,0.1948,0.042644,0.1515,0.15359,0.18683,0.19765,0.2066,0.21419,0.2216,0.22736,0.23238,0.23505,0.23622,0.23549,0.23598,0.23539,0.23468,0.23412,0.23336,0.23261,0.23189,0.23097,0.23078,0.23019,0.22976,0.22752,0.22859,0.22816,0.22755,0.22704,0.2264,0.22594,0.22511,0.22514,0.22385,0.2231,0.22227,0.22135,0.22024,0.21932,0.21844,0.21721,0.21615,0.21489,0.21372,0.21178,0.2112,0.21009,0.20905,0.20667,0.207,0.20633,0.20582,0.20526,0.20594,0.20641,0.20671
0,0.15356,0.21202,0.092892,0.14928,0.16403,0.13903,0.087953,0.36194,0.038714,0.075057,0.064413,0.063681,0.058739,0.051892,0.04484,0.040031,0.036666,0.035042,0.034316,0.034108,0.034131,0.034474,0.035026,0.035756,0.036567,0.037421,0.038309,0.039588,0.040488,0.041593,0.04276,0.045138,0.04503,0.046227,0.04747,0.048598,0.050099,0.051303,0.052595,0.053959,0.055241,0.056558,0.058029,0.059014,0.060664,0.062133,0.063628,0.065189,0.066715,0.068419,0.070175,0.07174,0.073864,0.075772,0.077864,0.080374,0.082557,0.085233,0.088338,0.091194,0.094826,0.098575,0.102
0,0.11245,0.024164,0.096389,0.1156,0.062411,0.08149,0.063539,0.092799,0.14,0.066411,0.049159,0.034642,0.033633,0.02972,0.026945,0.025111,0.023413,0.022413,0.022044,0.021353,0.021284,0.021422,0.021636,0.022364,0.022135,0.02265,0.023082,0.023398,0.023957,0.024426,0.02486,0.024419,0.025994,0.026463,0.026986,0.027499,0.028047,0.028421,0.028913,0.029524,0.029636,0.030047,0.030431,0.03069,0.031199,0.031467,0.031772,0.032091,0.032364,0.032627,0.032868,0.033068,0.033334,0.033488,0.033657,0.033803,0.034011,0.034109,0.034238,0.034304,0.034391,0.034443,0.034474
0.068966,0.2008,0.092791,0.14001,0.40737,0.21835,0.17366,0.15571,0.088659,0.073175,0.040623,0.031832,0.079171,0.10371,0.11479,0.1222,0.12776,0.13184,0.13511,0.13777,0.14096,0.14044,0.14122,0.14136,0.14124,0.14059,0.13997,0.1392,0.13849,0.13726,0.13617,0.13504,0.13314,0.13263,0.13136,0.13012,0.12859,0.12756,0.12617,0.12498,0.12346,0.12227,0.12101,0.11974,0.11809,0.11728,0.11607,0.11491,0.11375,0.11265,0.1116,0.11056,0.1091,0.10866,0.10779,0.10699,0.10634,0.10567,0.10508,0.10459,0.10411,0.10386,0.10363,0.10349
0.10345,0.264,0.087404,0.080417,0.53279,0.10306,0.16259,0.064918,0.25764,0.29907,0.30808,0.29375,0.30136,0.30931,0.30434,0.2977,0.29085,0.28541,0.27966,0.27406,0.27098,0.26452,0.26012,0.25608,0.25251,0.24873,0.24544,0.24239,0.23902,0.23719,0.2348,0.23282,0.23431,0.22884,0.22721,0.22579,0.22437,0.22333,0.22238,0.22138,0.22005,0.21969,0.21898,0.21834,0.21839,0.21711,0.21662,0.21619,0.21572,0.21521,0.21479,0.21435,0.21325,0.21314,0.21267,0.21205,0.21176,0.21075,0.20998,0.20921,0.20849,0.2079,0.20736,0.20701
0.17241,0.094978,0.042917,0.063293,0.23481,0.24836,0.23824,0.29801,0.18558,0.13253,0.063752,0.11558,0.16206,0.19083,0.21006,0.22275,0.23089,0.23778,0.24264,0.24655,0.24978,0.25262,0.25501,0.25714,0.25924,0.26078,0.26228,0.26365,0.26505,0.26608,0.26713,0.26809,0.26934,0.26977,0.27051,0.27117,0.27178,0.27235,0.27288,0.27329,0.27386,0.27415,0.27447,0.27477,0.27481,0.27525,0.27544,0.27561,0.27573,0.27584,0.27591,0.27599,0.276,0.27605,0.27605,0.27605,0.276,0.27598,0.27597,0.27595,0.2759,0.2759,0.27588,0.27587
0.068966,0.016018,0.13707,0.045282,0.12799,0.2021,0.10574,0.067037,0.10624,0.1466,0.13875,0.15583,0.16077,0.16283,0.16508,0.16704,0.20212,0.20353,0.20453,0.2052,0.20642,0.20642,0.20699,0.20748,0.20851,0.20831,0.20867,0.2091,0.20955,0.2096,0.20994,0.21017,0.205,0.21055,0.21085,0.211,0.21132,0.21147,0.21164,0.21176,0.21291,0.21216,0.21239,0.21259,0.21208,0.21334,0.2137,0.21392,0.21416,0.21475,0.21518,0.21583,0.21843,0.21766,0.21857,0.21965,0.21834,0.22279,0.22455,0.22682,0.22747,0.23273,0.23604,0.23958
0.068966,0.15486,0.020572,0.099258,0.16945,0.0859,0.1186,0.081792,0.24663,0.14378,0.084899,0.10048,0.10767,0.13468,0.14464,0.1524,0.1589,0.16452,0.16939,0.17372,0.17796,0.18115,0.18437,0.18732,0.18999,0.19265,0.19501,0.19725,0.19937,0.2013,0.20315,0.20488,0.20418,0.20815,0.20961,0.21103,0.2122,0.21376,0.21497,0.21614,0.21715,0.2185,0.21961,0.2207,0.22199,0.22293,0.22396,0.22497,0.22601,0.22708,0.22818,0.22924,0.23013,0.23159,0.23266,0.23384,0.23519,0.23619,0.23734,0.23845,0.23938,0.24022,0.24085,0.24126
0.034483,0.21001,0.080198,0.072834,0.1313,0.18161,0.16943,0.096125,0.077586,0.11596,0.15668,0.15355,0.14494,0.14328,0.14136,0.14002,0.13894,0.13852,0.13836,0.13819,0.13861,0.13859,0.13888,0.13917,0.14002,0.1399,0.14028,0.14079,0.14062,0.1417,0.14215,0.14254,0.14144,0.14352,0.14412,0.1446,0.14478,0.14573,0.14617,0.14673,0.14808,0.14789,0.14853,0.14925,0.15075,0.15041,0.15125,0.15206,0.1529,0.1538,0.15473,0.15582,0.15583,0.15802,0.15915,0.16045,0.16062,0.16336,0.16485,0.16666,0.16853,0.16976,0.17115,0.17208
0.17241,0.054157,0.10512,0.099313,0.25825,0.090972,0.036742,0.18989,0.19154,0.16233,0.11953,0.079875,0.064213,0.059043,0.057742,0.057893,0.0589,0.060385,0.061939,0.063087,0.064382,0.064981,0.0656,0.065981,0.065749,0.066284,0.065994,0.065533,0.065217,0.063859,0.062341,0.060485,0.057534,0.05567,0.05307,0.050731,0.049248,0.046739,0.045269,0.044046,0.043079,0.042368,0.041577,0.040914,0.040785,0.039919,0.039366,0.038923,0.038488,0.038093,0.037693,0.037373,0.03709,0.036599,0.036279,0.035986,0.035696,0.035391,0.035167,0.034969,0.03482,0.034662,0.034564,0.034502
NaN,0.20617,0.059131,0.13048,0.19098,0.18358,0.17615,0.1037,0.19454,0.026827,0.088233,0.06428,0.047663,0.056258,0.06108,0.063687,0.064214,0.065326,0.065344,0.065106,0.064571,0.064126,0.063594,0.062986,0.061795,0.061634,0.060978,0.060219,0.059411,0.058832,0.058126,0.057356,0.058604,0.056244,0.055494,0.054847,0.054288,0.053702,0.053143,0.052553,0.051795,0.051551,0.051065,0.050722,0.050387,0.049934,0.049556,0.049247,0.049225,0.048774,0.0486,0.048476,0.048265,0.048239,0.048258,0.048163,0.048523,0.047999,0.047727,0.047849,0.047143,0.046285,0.044112,0.038869
0.24138,0.10013,0.087822,0.061654,0.096566,0.1613,0.090966,0.21187,0.096515,0.18507,0.17078,0.14185,0.13219,0.12276,0.11349,0.10651,0.10025,0.096607,0.092687,0.089088,0.085597,0.082569,0.079531,0.076615,0.073391,0.071038,0.068595,0.065904,0.063205,0.061059,0.058728,0.056397,0.056709,0.052197,0.050083,0.048025,0.046024,0.04408,0.042158,0.04018,0.038134,0.03641,0.034549,0.032685,0.031399,0.029117,0.027249,0.025375,0.023633,0.02178,0.019988,0.018289,0.016566,0.014784,0.013171,0.011658,0.010134,0.0090432,0.0079316,0.0070621,0.0063312,0.0054041,0.0041842,0.0023659
0.034483,0.017372,0.10317,0.052335,0.15,0.064125,0.031372,0.18549,0.18998,0.084009,0.10592,0.086689,0.085068,0.094267,0.098105,0.10172,0.10538,0.10744,0.1097,0.11179,0.1144,0.11554,0.11686,0.11826,0.11972,0.12065,0.12174,0.12293,0.12405,0.12477,0.12563,0.12641,0.12499,0.12784,0.12851,0.12916,0.12973,0.13021,0.1308,0.13134,0.13178,0.13225,0.1327,0.1331,0.13312,0.13375,0.13419,0.13448,0.13478,0.13515,0.13545,0.13572,0.1361,0.13633,0.13655,0.1368,0.13704,0.13721,0.1374,0.13758,0.13767,0.13779,0.13787,0.13792
0.10345,0.11151,0.063268,0.17742,0.19225,0.1468,0.20187,0.10564,0.24862,0.11879,0.13061,0.11454,0.12275,0.12846,0.12563,0.119,0.11786,0.12451,0.13394,0.12971,0.13164,0.12723,0.12579,0.12411,0.12176,0.12152,0.12045,0.11862,0.11675,0.11649,0.11547,0.11443,0.10719,0.11261,0.11185,0.11106,0.10966,0.10961,0.10918,0.10841,0.10706,0.10739,0.10689,0.10643,0.1055,0.10562,0.10539,0.10503,0.10485,0.10455,0.10436,0.10413,0.10381,0.10381,0.10378,0.10368,0.10363,0.10355,0.10352,0.10345,0.10333,0.10346,0.10345,0.10345
0.2069,0.088369,0.039665,0.091203,0.20456,0.12993,0.04274,0.077442,0.15401,0.11533,0.018119,0.034603,0.04753,0.052773,0.055916,0.057033,0.0563,0.056745,0.055918,0.054823,0.052355,0.052305,0.050887,0.049598,0.047289,0.047372,0.046529,0.045562,0.045416,0.043942,0.043373,0.042895,0.051931,0.042228,0.04184,0.041497,0.042499,0.041064,0.041142,0.040614,0.037764,0.040379,0.04019,0.039779,0.037584,0.04072,0.040364,0.040203,0.040456,0.039817,0.039581,0.039376,0.048897,0.039041,0.038777,0.038373,0.047227,0.037564,0.036071,0.035715,0.035502,0.035482,0.035007,0.034771
0,0.039754,0.1808,0.1348,0.32348,0.16658,0.031813,0.10033,0.10016,0.053723,0.063836,0.077932,0.072271,0.066318,0.064044,0.063645,0.064056,0.063268,0.063018,0.062739,0.063081,0.062845,0.062148,0.061772,0.061457,0.060983,0.060612,0.060478,0.057879,0.059035,0.058588,0.057445,0.068098,0.057469,0.056359,0.055911,0.056405,0.054138,0.054401,0.053236,0.0531,0.052516,0.05188,0.050554,0.05519,0.0504,0.049843,0.048598,0.048383,0.04735,0.047224,0.046424,0.050075,0.04405,0.043805,0.04296,0.041902,0.040435,0.039826,0.037768,0.038263,0.036272,0.035338,0.034961
0.034483,0.19072,0.1453,0.18609,0.13375,0.17309,0.15954,0.017291,0.11887,0.1148,0.028479,0.051735,0.042343,0.047221,0.05363,0.059236,0.063452,0.068895,0.073206,0.077123,0.081204,0.084277,0.087438,0.090447,0.093572,0.095993,0.098494,0.10094,0.10322,0.10529,0.10734,0.10933,0.11204,0.11295,0.11468,0.11629,0.1178,0.11926,0.12071,0.12199,0.12368,0.12455,0.1257,0.12678,0.1278,0.1289,0.1298,0.1307,0.13153,0.1323,0.13302,0.13372,0.13432,0.13488,0.13542,0.13591,0.13626,0.1367,0.13703,0.1373,0.13753,0.13771,0.13783,0.13791
0.068966,0.12765,0.072303,0.079647,0.13193,0.036568,0.11198,0.23844,0.16042,0.044095,0.13065,0.14489,0.16926,0.17574,0.16936,0.16409,0.16007,0.15773,0.15559,0.15366,0.15241,0.15074,0.14948,0.14845,0.14732,0.14666,0.14581,0.14493,0.14411,0.14361,0.14298,0.14244,0.14623,0.14135,0.14095,0.14057,0.1402,0.1398,0.13969,0.13937,0.13901,0.1388,0.13859,0.1384,0.13864,0.13808,0.13798,0.13792,0.13792,0.13782,0.13779,0.13772,0.13794,0.13766,0.13775,0.13773,0.13776,0.13784,0.13787,0.13783,0.13794,0.13791,0.13792,0.13793
0.068966,0.18406,0.22217,0.049005,0.36957,0.06905,0.11765,0.058755,0.10907,0.10132,0.085252,0.14331,0.12469,0.12987,0.13357,0.13534,0.13682,0.13628,0.1362,0.13585,0.13625,0.13485,0.1343,0.13366,0.13319,0.13238,0.13177,0.13124,0.13072,0.12996,0.12941,0.12878,0.12707,0.12771,0.12724,0.1267,0.12602,0.12573,0.12514,0.12467,0.12409,0.12369,0.1232,0.12267,0.12248,0.1217,0.12115,0.1205,0.11987,0.11928,0.1185,0.1177,0.11722,0.11618,0.11511,0.11401,0.11309,0.1115,0.11007,0.10855,0.10759,0.10564,0.10448,0.10369
0.068966,0.041873,0.031502,0.028285,0.07566,0.10076,0.082691,0.24573,0.1193,0.18117,0.23149,0.19483,0.1866,0.17595,0.16795,0.16041,0.15229,0.14464,0.13651,0.12877,0.12195,0.11522,0.10966,0.10466,0.10041,0.096143,0.092537,0.089012,0.086202,0.083102,0.080467,0.07802,0.077622,0.073645,0.071672,0.069851,0.068007,0.066639,0.065165,0.06379,0.062549,0.061332,0.060227,0.059284,0.05815,0.057301,0.056621,0.055905,0.055267,0.054542,0.053989,0.05347,0.052537,0.052361,0.051796,0.051177,0.051024,0.049926,0.048901,0.047898,0.046181,0.043498,0.040237,0.03655
0.2069,0.024619,0.070643,0.043197,0.13392,0.06489,0.1004,0.092727,0.16133,0.10084,0.062544,0.033783,0.022489,0.034244,0.040597,0.047623,0.054968,0.059493,0.063775,0.067164,0.0706,0.071086,0.072513,0.073418,0.07405,0.074263,0.074634,0.074591,0.074447,0.074421,0.07425,0.073892,0.074127,0.073134,0.072718,0.072293,0.071711,0.071377,0.070696,0.070109,0.069303,0.068653,0.067941,0.06722,0.066481,0.065608,0.064755,0.063707,0.062752,0.061626,0.060446,0.059133,0.058155,0.056472,0.054756,0.052962,0.051439,0.049074,0.046556,0.044291,0.041663,0.039108,0.03678,0.035124
NaN,0.14329,0.02751,0.095326,0.093235,0.057273,0.055166,0.14971,0.15418,0.082485,0.17422,0.26653,0.28339,0.29074,0.29776,0.30309,0.30681,0.31115,0.31425,0.31686,0.31915,0.3214,0.32326,0.32493,0.32605,0.32811,0.32937,0.33062,0.33175,0.33294,0.33399,0.3351,0.33543,0.33692,0.33785,0.33869,0.33954,0.34026,0.34104,0.34179,0.34221,0.34334,0.34396,0.34457,0.34526,0.34578,0.3462,0.34675,0.34711,0.34748,0.34776,0.34812,0.34829,0.34807,0.3481,0.34801,0.34787,0.3473,0.34702,0.34649,0.34606,0.34556,0.3452,0.34493
0.068966,0.28831,0.074759,0.096624,0.14584,0.011955,0.11772,0.056525,0.11742,0.103,0.10193,0.10219,0.10988,0.11112,0.11344,0.11506,0.11625,0.11684,0.11727,0.11753,0.11752,0.11742,0.11723,0.11695,0.11667,0.11619,0.11577,0.11533,0.11504,0.11435,0.11385,0.11334,0.11218,0.11233,0.11183,0.11133,0.11085,0.11037,0.10989,0.10942,0.10907,0.10855,0.10814,0.10774,0.10721,0.10697,0.10663,0.1063,0.10598,0.10568,0.10539,0.10512,0.10488,0.10466,0.10445,0.10426,0.10408,0.10394,0.10381,0.1037,0.1036,0.10354,0.10349,0.10346
0.068966,0.21052,0.18967,0.131,0.12478,0.098632,0.14314,0.21398,0.11501,0.071046,0.12849,0.14432,0.13939,0.16459,0.16437,0.16195,0.15977,0.15734,0.15541,0.15377,0.15233,0.1509,0.14968,0.14858,0.14764,0.14676,0.14599,0.14529,0.14477,0.14401,0.14347,0.14297,0.14218,0.14196,0.14159,0.14124,0.14075,0.14056,0.14025,0.14003,0.13978,0.13958,0.13937,0.13919,0.13856,0.13884,0.13875,0.13861,0.13849,0.13842,0.13834,0.13823,0.13791,0.13813,0.1381,0.13806,0.13804,0.138,0.13796,0.13796,0.13789,0.13794,0.13793,0.13793
0.034483,0.078839,0.19812,0.14466,0.2692,0.1167,0.089084,0.14717,0.19859,0.17122,0.10947,0.09691,0.090619,0.076746,0.066816,0.059325,0.054088,0.051058,0.049552,0.049507,0.051242,0.051415,0.053099,0.055062,0.055991,0.058596,0.060628,0.062828,0.064392,0.066577,0.068487,0.070251,0.071401,0.07411,0.075742,0.077474,0.079333,0.08084,0.082631,0.084345,0.085235,0.087438,0.089214,0.090904,0.092795,0.094521,0.096432,0.098268,0.10023,0.10211,0.10416,0.10624,0.10863,0.11072,0.11308,0.11551,0.11823,0.12058,0.12342,0.12606,0.12921,0.13203,0.13484,0.1371
0,0.30265,0.22609,0.18737,0.25392,0.10662,0.10666,0.083766,0.17266,0.12602,0.15039,0.14862,0.14704,0.13861,0.1354,0.13332,0.13268,0.13194,0.13199,0.13241,0.1332,0.13343,0.13411,0.1348,0.13451,0.13604,0.13661,0.13718,0.13753,0.1381,0.13852,0.13893,0.13921,0.13947,0.13969,0.13987,0.13999,0.14017,0.1402,0.14029,0.13978,0.14027,0.14024,0.14019,0.14033,0.14003,0.13992,0.13982,0.13966,0.13953,0.13936,0.1392,0.13915,0.13894,0.13877,0.13863,0.13856,0.13838,0.13826,0.13817,0.1381,0.13802,0.13797,0.13794
