0.04878,0.056307,0.11194,0.179,0.073818,0.071813,0.090415,0.024282,0.16307,0.11777,0.13451,0.1406,0.14228,0.14282,0.14714,0.15225,0.15668,0.16018,0.16309,0.16557,0.16734,0.16917,0.17068,0.17197,0.17267,0.17402,0.17493,0.17577,0.17638,0.177,0.17757,0.17809,0.17614,0.17891,0.17928,0.1796,0.18006,0.18023,0.18043,0.18069,0.18034,0.18105,0.18125,0.18139,0.18166,0.18178,0.18196,0.18217,0.1823,0.18257,0.18282,0.1831,0.184,0.18396,0.18438,0.18494,0.18611,0.18643,0.18728,0.18841,0.18989,0.19135,0.19305,0.1945
0.12195,0.028284,0.027556,0.04841,0.030625,0.081009,0.074847,0.035343,0.043852,0.050933,0.06538,0.041034,0.0459,0.043135,0.039616,0.036495,0.033567,0.03151,0.03035,0.029995,0.029818,0.030871,0.032085,0.033641,0.035266,0.037159,0.039076,0.040859,0.042921,0.044253,0.045839,0.047254,0.050373,0.049868,0.051112,0.052216,0.053336,0.054279,0.055342,0.056266,0.057188,0.058141,0.059029,0.059872,0.060597,0.061646,0.062482,0.063308,0.064115,0.064943,0.065726,0.066517,0.067387,0.06805,0.068785,0.069495,0.070188,0.070778,0.071361,0.071879,0.072312,0.072688,0.072953,0.073116
0.02439,0.041627,0.14752,0.078252,0.019965,0.095196,0.069538,0.12369,0.16437,0.19398,0.14544,0.15257,0.15177,0.1505,0.14708,0.1441,0.14187,0.13997,0.13851,0.13737,0.13628,0.13569,0.13493,0.13434,0.13397,0.1334,0.13297,0.13271,0.13212,0.13208,0.13184,0.13168,0.13104,0.13123,0.13115,0.13106,0.13104,0.13088,0.13092,0.13089,0.1311,0.13098,0.13105,0.1311,0.13148,0.13132,0.13149,0.13171,0.13189,0.13217,0.13244,0.13277,0.13308,0.13353,0.13402,0.13456,0.13511,0.1359,0.13676,0.13784,0.13911,0.14072,0.14281,0.14514
0,0.048446,0.1064,0.083968,0.013977,0.082984,0.10996,0.05211,0.055955,0.081829,0.076547,0.057456,0.054759,0.051766,0.055332,0.063881,0.070479,0.074318,0.077079,0.079324,0.081232,0.083169,0.085194,0.087003,0.088054,0.089899,0.091127,0.091935,0.093185,0.093531,0.09405,0.09446,0.099616,0.095058,0.095411,0.095613,0.09588,0.096054,0.096215,0.09656,0.095772,0.096974,0.097274,0.097748,0.097816,0.098344,0.098914,0.09942,0.10025,0.10075,0.10138,0.10232,0.10358,0.10397,0.1051,0.10621,0.10844,0.10844,0.10975,0.11141,0.11317,0.11465,0.11699,0.12007
0.12195,0.083908,0.10478,0.072765,0.017628,0.07538,0.0682,0.083639,0.11305,0.10336,0.039775,0.062972,0.077248,0.084326,0.090404,0.094632,0.098462,0.099898,0.1015,0.1028,0.1044,0.10455,0.10515,0.10564,0.10549,0.10638,0.10655,0.10678,0.10669,0.10687,0.10695,0.10693,0.10541,0.10676,0.10664,0.1066,0.10626,0.1064,0.10622,0.10605,0.10512,0.10568,0.10544,0.10524,0.10531,0.10499,0.10476,0.10442,0.1042,0.10397,0.1038,0.10344,0.10259,0.10309,0.1027,0.10234,0.1021,0.10146,0.10094,0.10041,0.099852,0.098966,0.098241,0.09779
0.097561,0.14834,0.055982,0.051357,0.09126,0.12081,0.027067,0.11529,0.16731,0.080303,0.025738,0.025485,0.028114,0.025956,0.027298,0.029792,0.033863,0.03506,0.037104,0.038551,0.039165,0.040759,0.041855,0.04277,0.044038,0.044831,0.045683,0.046612,0.047474,0.048239,0.048947,0.049536,0.049467,0.050734,0.051141,0.051482,0.051962,0.05211,0.052267,0.052467,0.052764,0.05276,0.05285,0.052884,0.053404,0.052998,0.0529,0.05283,0.052702,0.052578,0.052413,0.052259,0.052011,0.051755,0.051448,0.05112,0.050948,0.050448,0.050132,0.04974,0.049496,0.049167,0.048958,0.048827
0.04878,0.25956,0.0065547,0.11923,0.12936,0.21301,0.2011,0.029603,0.19367,0.052218,0.039289,0.050242,0.05908,0.065705,0.074054,0.082561,0.094503,0.09679,0.1024,0.10741,0.11308,0.11555,0.11912,0.1224,0.12695,0.12861,0.1314,0.13422,0.13588,0.13925,0.14161,0.14401,0.14603,0.14836,0.15038,0.15224,0.15381,0.15552,0.15706,0.15847,0.16061,0.16121,0.16228,0.16324,0.1652,0.16526,0.16602,0.16684,0.16742,0.16808,0.16863,0.16906,0.16911,0.16994,0.1702,0.17045,0.17004,0.17077,0.17079,0.17084,0.17063,0.17082,0.17078,0.17073
0.02439,0.073262,0.041704,0.061747,0.051698,0.12836,0.097669,0.028262,0.079553,0.037087,0.049611,0.065781,0.069021,0.070101,0.058801,0.053242,0.049491,0.046173,0.043349,0.040756,0.037976,0.036132,0.034352,0.032733,0.031563,0.02992,0.028723,0.027598,0.026444,0.025462,0.024475,0.023479,0.021277,0.021483,0.02062,0.019713,0.018848,0.017998,0.017053,0.016151,0.015458,0.014353,0.013495,0.012643,0.011979,0.010906,0.010067,0.0092036,0.0083499,0.0075726,0.0067729,0.0059795,0.0054629,0.0045705,0.0038329,0.0031682,0.0025656,0.0020228,0.0015138,0.0010828,0.00076173,0.00039579,0.00020317,0.00015391
0.04878,0.23406,0.10866,0.048256,0.1542,0.17666,0.10981,0.12898,0.088232,0.12189,0.066919,0.039046,0.026781,0.02581,0.023742,0.021443,0.01898,0.017287,0.016787,0.016714,0.013308,0.011204,0.010421,0.0099203,0.0098966,0.0093361,0.0092006,0.009109,0.0092641,0.0092719,0.0094166,0.0096164,0.0098794,0.010176,0.010464,0.010819,0.011207,0.011644,0.012019,0.012531,0.013158,0.013504,0.014029,0.014612,0.015029,0.015712,0.016303,0.016895,0.017509,0.018092,0.018712,0.019323,0.019835,0.020503,0.021048,0.021598,0.022095,0.022612,0.023035,0.023459,0.023751,0.024038,0.024231,0.024352
0.02439,0.049098,0.043161,0.020638,0.067438,0.18595,0.18126,0.10036,0.1503,0.073906,0.038462,0.035723,0.032213,0.03078,0.027209,0.023521,0.019937,0.016352,0.012938,0.0096538,0.0061815,0.0037421,0.0017454,0.0028773,0.0053928,0.0075819,0.0099534,0.012235,0.014465,0.016454,0.018434,0.020307,0.02218,0.023967,0.025597,0.027195,0.028619,0.030178,0.031608,0.03298,0.034338,0.035425,0.036602,0.037695,0.038733,0.039719,0.040673,0.041558,0.042389,0.043113,0.043828,0.04445,0.044587,0.045542,0.045993,0.04638,0.046746,0.047027,0.047243,0.047524,0.047912,0.048148,0.04845,0.04869
0.17073,0.064428,0.11437,0.05537,0.047617,0.1329,0.12677,0.042803,0.0725,0.074292,0.12061,0.10297,0.089932,0.086006,0.083714,0.082627,0.082593,0.082191,0.081932,0.072008,0.060064,0.059489,0.059541,0.059564,0.059449,0.059558,0.059449,0.0594,0.059327,0.059057,0.058885,0.058741,0.058644,0.058189,0.057938,0.057644,0.057244,0.056982,0.056689,0.056308,0.055985,0.05559,0.055203,0.054792,0.054346,0.054085,0.053645,0.05326,0.05285,0.052447,0.052052,0.051693,0.051191,0.05091,0.050598,0.050281,0.049977,0.049718,0.049483,0.049261,0.049093,0.048963,0.048863,0.0488
0.073171,0.1184,0.18439,0.029323,0.09149,0.081477,0.050834,0.11611,0.15617,0.086805,0.10642,0.12851,0.11748,0.11273,0.094228,0.09366,0.0953,0.095493,0.096145,0.096642,0.096934,0.097458,0.097671,0.097897,0.097675,0.098318,0.098423,0.098771,0.098813,0.099041,0.099267,0.099485,0.099621,0.099817,0.10006,0.10031,0.10069,0.10071,0.10108,0.10128,0.10177,0.10184,0.1021,0.1022,0.10242,0.10287,0.1031,0.10326,0.10333,0.10356,0.10367,0.10369,0.10414,0.10367,0.10364,0.10345,0.10235,0.10267,0.10235,0.1011,0.10015,0.099587,0.098571,0.097857
0.14634,0.066278,0.062872,0.14434,0.073677,0.086831,0.099759,0.11189,0.16842,0.13419,0.098901,0.084257,0.069112,0.065365,0.063102,0.061021,0.0586,0.05647,0.054068,0.052173,0.051245,0.049561,0.048736,0.048341,0.04895,0.048362,0.048495,0.048815,0.048762,0.049573,0.049987,0.050493,0.053126,0.05134,0.051807,0.052284,0.052552,0.053125,0.053528,0.053852,0.055535,0.054586,0.054859,0.05513,0.056006,0.055646,0.055762,0.056019,0.056167,0.056282,0.056484,0.056536,0.056048,0.056612,0.056692,0.056706,0.054064,0.056831,0.05697,0.05747,0.058312,0.059197,0.061793,0.066877
0.097561,0.19687,0.088193,0.055725,0.11544,0.17313,0.098351,0.054361,0.082866,0.078693,0.044393,0.033843,0.023284,0.018133,0.015473,0.016464,0.020316,0.024319,0.028302,0.031285,0.033766,0.035653,0.037294,0.038831,0.040108,0.041647,0.043021,0.044412,0.045658,0.047001,0.048259,0.049527,0.050398,0.051876,0.053139,0.054314,0.055398,0.056577,0.057737,0.058804,0.059824,0.060959,0.062031,0.063048,0.064214,0.064895,0.065879,0.066834,0.067719,0.0686,0.069415,0.07028,0.070601,0.071587,0.072336,0.073024,0.073133,0.074385,0.074843,0.075471,0.076231,0.076541,0.077445,0.078435
0.04878,0.080601,0.013353,0.091255,0.079936,0.085894,0.07094,0.097778,0.11363,0.050044,0.076505,0.064874,0.0656,0.071939,0.066541,0.065015,0.063651,0.062537,0.061658,0.061298,0.061206,0.061517,0.062082,0.06231,0.061024,0.060183,0.058619,0.057175,0.056088,0.055685,0.055466,0.055531,0.056399,0.056165,0.056491,0.056798,0.057131,0.057211,0.057189,0.057224,0.056734,0.05685,0.056621,0.056417,0.056241,0.055782,0.05537,0.054987,0.054579,0.054099,0.05366,0.053114,0.052891,0.05201,0.051313,0.050554,0.050026,0.048605,0.047344,0.045921,0.043189,0.040414,0.035733,0.029014
0.097561,0.085211,0.080786,0.063823,0.14684,0.04507,0.13513,0.022157,0.080702,0.042275,0.016527,0.021779,0.028217,0.032912,0.034864,0.03137,0.02519,0.021738,0.021123,0.021018,0.021799,0.021447,0.021571,0.021672,0.021368,0.021873,0.021864,0.021921,0.021743,0.021661,0.021579,0.021438,0.022088,0.021128,0.021008,0.020841,0.020561,0.02045,0.0203,0.020105,0.019404,0.019757,0.019585,0.01937,0.019144,0.019291,0.019176,0.019059,0.019069,0.019073,0.019113,0.019196,0.019395,0.019572,0.019854,0.020202,0.021116,0.021166,0.021687,0.022274,0.02292,0.023494,0.023956,0.024288
0.14634,0.2587,0.14836,0.021459,0.14084,0.014473,0.074733,0.082902,0.17782,0.096057,0.070464,0.08255,0.07047,0.07464,0.080182,0.084726,0.088488,0.09148,0.094032,0.09614,0.097817,0.099465,0.10094,0.10219,0.10329,0.10426,0.10519,0.10591,0.10691,0.10743,0.10805,0.10863,0.11104,0.10951,0.10993,0.11028,0.11063,0.11089,0.11117,0.11143,0.11201,0.11189,0.11211,0.1124,0.11268,0.11269,0.11289,0.11312,0.11342,0.11351,0.11378,0.11411,0.11441,0.11463,0.11522,0.11573,0.11589,0.11695,0.11777,0.11849,0.11951,0.12036,0.12117,0.12172
0.02439,0.05418,0.090548,0.081595,0.13263,0.090486,0.087723,0.13176,0.17266,0.06762,0.034534,0.030312,0.03254,0.044666,0.054944,0.061722,0.065048,0.069905,0.072494,0.073959,0.074709,0.077292,0.07781,0.078448,0.079684,0.079574,0.07977,0.080303,0.079291,0.080082,0.080032,0.079997,0.080212,0.079594,0.079331,0.078941,0.079014,0.077746,0.077515,0.076813,0.076387,0.075749,0.074957,0.073956,0.074665,0.072544,0.071438,0.070481,0.069353,0.068246,0.067047,0.065908,0.065417,0.062981,0.061733,0.060345,0.059233,0.057209,0.055826,0.054293,0.052799,0.051367,0.05011,0.049155
0.097561,0.026311,0.077268,0.089499,0.076237,0.1043,0.12472,0.04543,0.14799,0.070248,0.10447,0.11031,0.16016,0.16536,0.17008,0.17353,0.17565,0.17721,0.17814,0.17869,0.1784,0.17921,0.17934,0.17941,0.17925,0.17971,0.18001,0.18036,0.18023,0.18114,0.18162,0.182,0.18192,0.18314,0.18369,0.18421,0.18468,0.18517,0.18556,0.18602,0.18609,0.18686,0.18718,0.18741,0.18782,0.18799,0.18802,0.18811,0.18812,0.18819,0.188,0.18789,0.18653,0.18703,0.18652,0.18593,0.18555,0.18397,0.18286,0.18126,0.17941,0.17732,0.17481,0.17215
0.04878,0.18004,0.14349,0.031487,0.18052,0.095147,0.1598,0.083912,0.081298,0.0086593,0.064421,0.052991,0.06361,0.053896,0.052962,0.048983,0.046329,0.044459,0.043865,0.04045,0.037642,0.034788,0.032941,0.031462,0.030284,0.029767,0.029136,0.028708,0.028814,0.02822,0.028155,0.028207,0.029025,0.028603,0.02901,0.029303,0.029405,0.030134,0.030659,0.031169,0.032312,0.032707,0.033417,0.034169,0.03402,0.036013,0.036911,0.038001,0.039088,0.040374,0.041528,0.042837,0.0437,0.045885,0.047525,0.049353,0.050052,0.053281,0.055421,0.057676,0.059819,0.063594,0.066987,0.070432
0.073171,0.10123,0.095118,0.070368,0.088806,0.063798,0.077488,0.096858,0.23828,0.029321,0.064752,0.056632,0.048515,0.044235,0.040691,0.038335,0.036474,0.035204,0.033959,0.03275,0.031675,0.030532,0.02958,0.028634,0.028172,0.027072,0.026431,0.025847,0.025415,0.024995,0.024639,0.024341,0.025564,0.023747,0.023454,0.023154,0.022834,0.022505,0.022171,0.021739,0.021842,0.020861,0.020343,0.019758,0.019178,0.018515,0.017796,0.017033,0.016269,0.015384,0.014504,0.013597,0.012513,0.011595,0.010671,0.0096372,0.0084097,0.0075398,0.0064586,0.0052918,0.0041936,0.0032085,0.0021208,0.0010386
0.073171,0.059111,0.081594,0.11493,0.11036,0.098839,0.079538,0.062308,0.13375,0.08719,0.085638,0.088442,0.085235,0.085714,0.084628,0.083683,0.083302,0.081992,0.081167,0.080392,0.079566,0.078849,0.078178,0.077469,0.076765,0.076236,0.075671,0.075168,0.074708,0.074328,0.073938,0.073579,0.070549,0.073081,0.072846,0.072679,0.072519,0.072436,0.072261,0.072199,0.072041,0.072138,0.072145,0.072188,0.072174,0.072199,0.072246,0.072289,0.072339,0.072429,0.072518,0.072577,0.072615,0.072743,0.07278,0.07285,0.07294,0.072979,0.073023,0.073086,0.073098,0.073133,0.073153,0.073169
0.17073,0.069377,0.031514,0.16615,0.009237,0.093155,0.072884,0.0090436,0.12772,0.062059,0.052806,0.064659,0.060336,0.059008,0.057125,0.055796,0.055668,0.055469,0.056699,0.059278,0.061879,0.064388,0.065781,0.066352,0.066177,0.066385,0.066191,0.066056,0.06566,0.065666,0.065499,0.06534,0.065081,0.064935,0.064792,0.06463,0.064364,0.06426,0.064076,0.063858,0.063617,0.063372,0.063098,0.062816,0.062708,0.0622,0.061822,0.061441,0.06104,0.060563,0.060073,0.059516,0.058388,0.058281,0.057613,0.056827,0.055664,0.055089,0.054048,0.052996,0.052039,0.050774,0.049778,0.049066
0.04878,0.17696,0.22826,0.10766,0.10002,0.12292,0.088255,0.093269,0.20516,0.037998,0.041824,0.035207,0.033327,0.031618,0.031839,0.032786,0.034225,0.035353,0.03671,0.038016,0.039068,0.040372,0.041468,0.042479,0.043174,0.044173,0.044912,0.045511,0.045899,0.046786,0.047273,0.047684,0.047994,0.048382,0.048685,0.04894,0.049235,0.049368,0.049498,0.049611,0.049637,0.049705,0.049753,0.04982,0.050146,0.049699,0.049699,0.049648,0.049598,0.049543,0.049479,0.049391,0.049517,0.049291,0.049199,0.04912,0.04905,0.049008,0.048956,0.048912,0.048885,0.048821,0.048798,0.048784
0.12195,0.288,0.056692,0.19412,0.14381,0.056968,0.073855,0.093297,0.096977,0.045933,0.082652,0.088483,0.070089,0.058733,0.052373,0.048133,0.044803,0.042079,0.039718,0.037574,0.036125,0.033979,0.032415,0.031004,0.029846,0.028506,0.027416,0.026429,0.025586,0.024459,0.0236,0.022889,0.022777,0.02108,0.02049,0.019824,0.019106,0.018515,0.017959,0.01742,0.017089,0.016383,0.015894,0.015402,0.015004,0.0147,0.014316,0.014065,0.013748,0.013646,0.013496,0.013408,0.013762,0.013479,0.013564,0.01373,0.014044,0.014234,0.014659,0.014931,0.015211,0.016054,0.016766,0.017982
0.14634,0.13842,0.11219,0.11256,0.096373,0.050607,0.080473,0.094191,0.13434,0.13589,0.14499,0.13158,0.13373,0.12007,0.11034,0.096757,0.08598,0.079624,0.075854,0.073044,0.070953,0.068575,0.066608,0.064716,0.062967,0.061156,0.059506,0.058064,0.056325,0.055066,0.053682,0.052336,0.04975,0.04945,0.048157,0.046721,0.045128,0.043711,0.041325,0.038828,0.029593,0.034247,0.031251,0.029292,0.033865,0.024169,0.022177,0.02109,0.020517,0.019439,0.019162,0.018948,0.01917,0.018948,0.018826,0.018901,0.017969,0.01875,0.018863,0.019012,0.019715,0.019396,0.019846,0.020754
0.14634,0.21008,0.19754,0.070093,0.13777,0.038953,0.08113,0.06222,0.084494,0.060108,0.068354,0.076041,0.086008,0.078795,0.075977,0.075018,0.07485,0.074893,0.075097,0.075317,0.075641,0.075593,0.075832,0.076,0.075951,0.076269,0.07636,0.076513,0.07663,0.076841,0.076956,0.077029,0.077179,0.077331,0.077455,0.077576,0.077632,0.077865,0.077917,0.077985,0.078312,0.078189,0.078284,0.07833,0.078758,0.078352,0.07834,0.078301,0.078281,0.078165,0.078019,0.077885,0.077433,0.077346,0.077029,0.07669,0.07592,0.075785,0.075358,0.074715,0.074457,0.073866,0.073522,0.073287
0.12195,0.21088,0.18318,0.0087101,0.1659,0.10737,0.25854,0.11427,0.065253,0.15152,0.16231,0.13861,0.13327,0.13266,0.10851,0.10989,0.11479,0.1191,0.12312,0.12707,0.1298,0.13442,0.13795,0.14143,0.14482,0.14731,0.15003,0.15253,0.15424,0.15646,0.15803,0.1594,0.15811,0.16154,0.16246,0.16332,0.16426,0.16479,0.16563,0.16624,0.16731,0.16723,0.16785,0.16831,0.16927,0.16926,0.16982,0.17033,0.1707,0.17128,0.17179,0.17228,0.17299,0.17331,0.17379,0.17415,0.17366,0.17485,0.17484,0.17455,0.17428,0.17337,0.17232,0.17112
0.21951,0.15677,0.13164,0.073966,0.16489,0.048393,0.10975,0.072812,0.069689,0.07639,0.087085,0.068117,0.05274,0.045262,0.039684,0.036393,0.036028,0.035156,0.036181,0.037777,0.040315,0.041906,0.044125,0.046471,0.048163,0.050862,0.053033,0.05534,0.056443,0.05867,0.060317,0.061842,0.059915,0.064524,0.06564,0.06675,0.06779,0.068497,0.069388,0.070062,0.070441,0.07136,0.071895,0.072199,0.073259,0.072971,0.073375,0.073569,0.073733,0.073893,0.074002,0.073948,0.074388,0.073964,0.073963,0.073898,0.073888,0.073671,0.073586,0.073434,0.073424,0.073289,0.073222,0.073185
0.04878,0.11091,0.078515,0.21177,0.11356,0.1863,0.20891,0.056364,0.11675,0.027281,0.058882,0.10081,0.11891,0.11662,0.12351,0.12799,0.12827,0.13343,0.13519,0.13658,0.13705,0.13869,0.13943,0.14,0.14095,0.14074,0.14094,0.14106,0.14119,0.14118,0.14112,0.14102,0.14124,0.14066,0.14035,0.14003,0.13986,0.13933,0.13891,0.13848,0.13824,0.13757,0.13703,0.13648,0.13547,0.13522,0.13464,0.13396,0.13326,0.13249,0.13171,0.13091,0.13041,0.12935,0.12845,0.12761,0.12684,0.12575,0.12491,0.12414,0.12335,0.1228,0.12234,0.12204
0.097561,0.11407,0.12512,0.15774,0.19138,0.082109,0.058914,0.089457,0.079014,0.20597,0.18269,0.18232,0.17175,0.15571,0.14779,0.14082,0.13557,0.12914,0.12395,0.11913,0.11515,0.11055,0.10653,0.10301,0.099046,0.096446,0.093456,0.090887,0.088208,0.085532,0.083175,0.08095,0.083421,0.076684,0.074825,0.073007,0.070782,0.06937,0.068139,0.066617,0.064546,0.063579,0.062267,0.060817,0.05904,0.058764,0.057554,0.056521,0.055487,0.054464,0.0535,0.052407,0.050099,0.049992,0.049063,0.047757,0.046872,0.044789,0.043293,0.040955,0.03818,0.035709,0.031722,0.027055
0.04878,0.10579,0.020413,0.048156,0.10864,0.054513,0.086919,0.15319,0.12695,0.045148,0.048818,0.033284,0.021167,0.0096282,0.015739,0.02004,0.022272,0.024312,0.025373,0.025997,0.027168,0.026085,0.026029,0.025767,0.025334,0.024903,0.024402,0.023799,0.023203,0.022691,0.022128,0.021627,0.021968,0.020596,0.020215,0.019817,0.019348,0.019296,0.019089,0.019052,0.018977,0.01886,0.018941,0.01908,0.019275,0.01945,0.019675,0.019956,0.020276,0.020602,0.020963,0.021366,0.02166,0.02205,0.022387,0.022708,0.022984,0.023374,0.023613,0.023849,0.024041,0.024185,0.024297,0.024369
0.02439,0.081993,0.055225,0.11479,0.045079,0.018811,0.084447,0.034023,0.053865,0.10006,0.077205,0.067403,0.07922,0.083276,0.07798,0.074211,0.071241,0.067107,0.063578,0.060257,0.056805,0.053782,0.050897,0.048092,0.045023,0.043039,0.040705,0.038424,0.036245,0.034379,0.032473,0.030844,0.024037,0.027484,0.026039,0.024776,0.023904,0.022571,0.021699,0.020906,0.020099,0.019938,0.019563,0.019339,0.019206,0.018901,0.01874,0.018651,0.01858,0.018491,0.018257,0.018048,0.017826,0.017474,0.016873,0.016176,0.015586,0.013934,0.01265,0.011068,0.0094057,0.0070885,0.0048705,0.0023863
0.14634,0.12632,0.23765,0.11684,0.028052,0.027246,0.20341,0.074964,0.050557,0.090153,0.11234,0.049086,0.052849,0.048014,0.047404,0.045657,0.042532,0.042476,0.041706,0.04141,0.041103,0.04183,0.042123,0.042665,0.043972,0.043697,0.044254,0.04492,0.045711,0.045778,0.04621,0.046689,0.047005,0.04741,0.047809,0.048152,0.048494,0.048758,0.04923,0.049453,0.050495,0.050018,0.050291,0.050393,0.050036,0.050927,0.05117,0.051464,0.051484,0.051795,0.051988,0.052264,0.052302,0.052398,0.052414,0.052417,0.050421,0.05199,0.051758,0.051064,0.050472,0.050008,0.049315,0.048841
0.02439,0.13852,0.1421,0.13676,0.12885,0.093621,0.087135,0.079573,0.023169,0.054035,0.015469,0.062568,0.093321,0.11482,0.13669,0.15568,0.17024,0.17992,0.18785,0.19444,0.20032,0.20486,0.20909,0.21292,0.21638,0.21955,0.2225,0.22525,0.22865,0.23037,0.23274,0.23491,0.24167,0.23915,0.24108,0.24295,0.24464,0.24647,0.24811,0.24961,0.25108,0.25246,0.25375,0.25502,0.25576,0.25728,0.2584,0.2594,0.26046,0.2613,0.26214,0.26296,0.26383,0.26446,0.26509,0.26568,0.26618,0.26663,0.26709,0.26745,0.26774,0.26798,0.26815,0.26826
0.17073,0.092972,0.14778,0.11538,0.036955,0.1469,0.35874,0.031941,0.047905,0.080422,0.10502,0.15026,0.16374,0.17751,0.19021,0.20023,0.20772,0.21252,0.21611,0.21829,0.21245,0.20718,0.20663,0.20772,0.20957,0.21076,0.2122,0.2137,0.21515,0.21617,0.21729,0.21838,0.21484,0.22032,0.22104,0.22183,0.22296,0.2233,0.22389,0.22454,0.22624,0.22556,0.22604,0.22638,0.22613,0.22711,0.2275,0.22785,0.22793,0.22823,0.22853,0.22865,0.23072,0.22903,0.22888,0.22884,0.22597,0.22844,0.22831,0.22743,0.22484,0.22596,0.22419,0.22071
0.02439,0.094394,0.049109,0.21294,0.1741,0.065381,0.037652,0.12085,0.13429,0.063785,0.067701,0.082607,0.076478,0.071671,0.068537,0.065561,0.061578,0.060047,0.057271,0.054582,0.052008,0.049449,0.047215,0.045003,0.042274,0.041111,0.039237,0.037473,0.035956,0.034451,0.033069,0.031811,0.029575,0.02938,0.028331,0.027316,0.026297,0.025459,0.024442,0.023591,0.02297,0.021951,0.021076,0.020267,0.019286,0.018635,0.017717,0.016883,0.015915,0.015098,0.01415,0.013301,0.011971,0.011474,0.010413,0.009503,0.0082148,0.0072277,0.0062936,0.005414,0.0040886,0.0032121,0.0021814,0.0010557
0.073171,0.13842,0.0977,0.12123,0.1101,0.064087,0.07411,0.052099,0.15648,0.091314,0.098833,0.10125,0.099392,0.097653,0.094737,0.091438,0.088732,0.08557,0.083129,0.080968,0.078656,0.077285,0.07575,0.074319,0.073118,0.072064,0.070829,0.069829,0.068529,0.067882,0.06699,0.066143,0.06482,0.064415,0.063645,0.062858,0.062099,0.061364,0.060554,0.059762,0.059308,0.058575,0.05784,0.057186,0.056546,0.05577,0.0552,0.054602,0.053949,0.053425,0.052853,0.052279,0.052342,0.051531,0.050997,0.050644,0.050144,0.049796,0.049567,0.049446,0.049913,0.048972,0.048871,0.048923
0.14634,0.13776,0.05392,0.11995,0.079862,0.17676,0.1503,0.092948,0.13501,0.12499,0.074989,0.069375,0.068332,0.079995,0.078104,0.076322,0.074706,0.072916,0.071343,0.069919,0.068473,0.067403,0.066793,0.066232,0.063873,0.06527,0.064876,0.064035,0.063679,0.062878,0.062087,0.061638,0.063725,0.060058,0.058801,0.057897,0.056726,0.05568,0.055078,0.05364,0.051333,0.051399,0.050255,0.048709,0.048271,0.046686,0.045239,0.043945,0.042327,0.040833,0.039486,0.037888,0.03455,0.034368,0.032946,0.031277,0.029352,0.028188,0.02649,0.024065,0.022672,0.020599,0.018101,0.015231
0.097561,0.20638,0.15501,0.1542,0.23387,0.037883,0.15224,0.037511,0.10764,0.032938,0.12816,0.12249,0.11933,0.11249,0.10791,0.10355,0.10036,0.095883,0.092572,0.089536,0.086743,0.084383,0.082327,0.080438,0.078005,0.077436,0.076395,0.075711,0.075498,0.074553,0.074371,0.074315,0.065914,0.075114,0.075597,0.076246,0.07691,0.077715,0.078435,0.079003,0.077821,0.079764,0.080261,0.080516,0.080835,0.080999,0.081377,0.081479,0.081631,0.081815,0.081983,0.082008,0.082053,0.082013,0.081924,0.081781,0.081748,0.081257,0.080677,0.079897,0.079154,0.07739,0.075643,0.073953
0.17073,0.25613,0.08044,0.041256,0.20402,0.09052,0.17315,0.061513,0.21212,0.10373,0.16648,0.17392,0.18555,0.17073,0.1702,0.17278,0.17516,0.17704,0.17844,0.17961,0.18096,0.18119,0.18177,0.18217,0.18223,0.18278,0.18287,0.18294,0.18296,0.183,0.18297,0.18288,0.18207,0.18269,0.18252,0.18236,0.18207,0.18197,0.18173,0.18142,0.18103,0.18093,0.18062,0.18031,0.18016,0.17965,0.17929,0.17889,0.17848,0.17806,0.17762,0.17713,0.1764,0.17611,0.17555,0.17496,0.17447,0.17373,0.17309,0.17251,0.17202,0.17145,0.17107,0.17083
0.14634,0.17326,0.11963,0.12963,0.16555,0.17161,0.21935,0.20941,0.15889,0.11626,0.13465,0.12275,0.11612,0.11863,0.12254,0.12608,0.12928,0.13169,0.13394,0.13603,0.13835,0.1397,0.14147,0.14312,0.14405,0.14644,0.14794,0.14938,0.15081,0.15208,0.15335,0.15457,0.15451,0.15684,0.15787,0.15887,0.15966,0.16068,0.16145,0.16221,0.16281,0.16375,0.16437,0.16498,0.16567,0.16606,0.1666,0.16706,0.16751,0.16791,0.16829,0.16862,0.16919,0.16924,0.1695,0.16975,0.16997,0.17011,0.17028,0.17043,0.17066,0.17062,0.17068,0.17073
0.12195,0.080998,0.085423,0.069682,0.094713,0.01664,0.07578,0.040676,0.11334,0.091569,0.1127,0.11155,0.12854,0.14326,0.15833,0.16727,0.17168,0.17378,0.17535,0.17652,0.17741,0.17812,0.17886,0.17949,0.17998,0.1805,0.18102,0.18143,0.18204,0.18242,0.18286,0.1833,0.18325,0.18413,0.18455,0.18498,0.18538,0.18587,0.18622,0.18666,0.18697,0.18743,0.18784,0.18829,0.18865,0.18906,0.18953,0.18996,0.19039,0.19081,0.19124,0.19167,0.19215,0.19252,0.19286,0.19325,0.19361,0.19389,0.19418,0.19449,0.19472,0.19488,0.19502,0.1951
0.073171,0.13685,0.030246,0.091642,0.13228,0.091979,0.082117,0.15813,0.095083,0.16516,0.17518,0.16573,0.16013,0.15997,0.14741,0.14127,0.13668,0.12763,0.12271,0.12035,0.11921,0.1182,0.11782,0.11759,0.11743,0.11766,0.11791,0.1179,0.11858,0.11881,0.1193,0.11989,0.1257,0.121,0.12164,0.12234,0.12291,0.12377,0.12472,0.12536,0.12597,0.12712,0.12798,0.12895,0.12982,0.13095,0.1318,0.13278,0.13387,0.13471,0.13575,0.13674,0.13752,0.13867,0.1398,0.14076,0.14178,0.14272,0.14351,0.14426,0.14501,0.14557,0.14599,0.14626
0,0.35935,0.17017,0.17599,0.39534,0.14461,0.15981,0.20247,0.077819,0.16827,0.2247,0.21597,0.21251,0.19992,0.19323,0.18785,0.18378,0.18013,0.17735,0.17493,0.17387,0.17118,0.1695,0.16785,0.16629,0.16488,0.16334,0.16176,0.16067,0.15892,0.15747,0.15612,0.15628,0.15334,0.15208,0.15082,0.14949,0.14864,0.14757,0.14691,0.14785,0.14649,0.14692,0.14755,0.14822,0.15214,0.15347,0.15449,0.15506,0.15522,0.15498,0.15487,0.15391,0.15335,0.15272,0.15196,0.15119,0.15029,0.14949,0.14871,0.14782,0.1473,0.14679,0.14645
0.14634,0.068043,0.19652,0.067527,0.11437,0.10254,0.12956,0.090564,0.086668,0.14998,0.11054,0.097835,0.096359,0.082076,0.075957,0.072063,0.069296,0.066681,0.064513,0.062465,0.061206,0.059168,0.057684,0.05622,0.055183,0.053595,0.052386,0.05113,0.050129,0.048919,0.04784,0.046834,0.046407,0.044818,0.043838,0.042875,0.041803,0.041017,0.040057,0.039197,0.038454,0.037419,0.036543,0.035703,0.034582,0.034021,0.033188,0.032405,0.031626,0.030867,0.030131,0.029459,0.028541,0.028118,0.027508,0.026952,0.026424,0.025981,0.025558,0.025221,0.024888,0.024691,0.024525,0.024423
0.19512,0.097146,0.062783,0.2803,0.15772,0.080531,0.17392,0.11553,0.12972,0.066164,0.12277,0.11589,0.10948,0.088428,0.068204,0.055317,0.051875,0.051242,0.05267,0.054636,0.057519,0.058588,0.060263,0.061811,0.063653,0.064433,0.06569,0.06698,0.068068,0.069424,0.070667,0.071925,0.072197,0.074839,0.076222,0.077779,0.079794,0.081083,0.083036,0.085094,0.086734,0.088943,0.091087,0.092986,0.093943,0.096999,0.099057,0.10097,0.10247,0.10456,0.10623,0.10792,0.10964,0.11089,0.11211,0.11339,0.1147,0.11566,0.11685,0.11765,0.11831,0.11953,0.12051,0.12138
0.14634,0.20967,0.13835,0.034756,0.14344,0.011953,0.10136,0.065596,0.1025,0.088716,0.079722,0.08204,0.079945,0.075823,0.070772,0.069385,0.06945,0.070997,0.072427,0.074002,0.075074,0.07709,0.078705,0.080139,0.081349,0.083072,0.084324,0.085376,0.086602,0.087803,0.088806,0.089798,0.093434,0.091645,0.092395,0.093181,0.09405,0.094531,0.095157,0.095731,0.096417,0.096767,0.09718,0.097599,0.097678,0.098101,0.098363,0.098589,0.098798,0.09884,0.098947,0.098973,0.099002,0.098814,0.098782,0.098662,0.098292,0.098357,0.098222,0.09802,0.097802,0.097748,0.097645,0.09758
0.04878,0.15369,0.11091,0.11115,0.14098,0.06846,0.079529,0.12313,0.15746,0.1098,0.13677,0.12684,0.11602,0.10507,0.093859,0.085554,0.079694,0.074732,0.070835,0.067528,0.065409,0.06229,0.060065,0.058042,0.057268,0.054467,0.052823,0.051258,0.049361,0.04829,0.046902,0.045583,0.043767,0.042963,0.04172,0.040425,0.039163,0.037951,0.036783,0.035511,0.035204,0.033227,0.032012,0.030796,0.03059,0.02845,0.027199,0.025991,0.024727,0.023429,0.022077,0.020763,0.01978,0.018021,0.016605,0.015184,0.013336,0.011838,0.010369,0.0087331,0.0075277,0.005343,0.0036222,0.0018256
0.12195,0.14212,0.13167,0.20298,0.062782,0.079799,0.11598,0.066847,0.11916,0.087767,0.10471,0.12965,0.13921,0.14269,0.14333,0.14354,0.1436,0.14307,0.14261,0.142,0.14187,0.14117,0.14069,0.14027,0.12401,0.11816,0.11618,0.11517,0.11402,0.11333,0.11245,0.1116,0.11009,0.10985,0.1089,0.10794,0.10685,0.1059,0.1049,0.10384,0.10281,0.10163,0.10044,0.099178,0.098042,0.096675,0.095314,0.093918,0.092396,0.090875,0.089307,0.087712,0.085869,0.084085,0.08222,0.080259,0.07822,0.075851,0.073551,0.07067,0.067574,0.064016,0.059582,0.053763
0.19512,0.4427,0.11728,0.14972,0.45522,0.097776,0.082053,0.082886,0.22983,0.15102,0.18056,0.18346,0.1853,0.18005,0.17782,0.17568,0.17378,0.17187,0.16996,0.16797,0.16845,0.16449,0.16257,0.16071,0.15961,0.15715,0.15525,0.15359,0.15223,0.15019,0.14855,0.147,0.14084,0.14357,0.14194,0.14042,0.13901,0.13736,0.13601,0.13441,0.12611,0.1313,0.12973,0.12829,0.12376,0.12583,0.12445,0.1235,0.12225,0.12123,0.12021,0.11985,0.122,0.11812,0.11765,0.1175,0.12454,0.1175,0.11788,0.1187,0.11958,0.12047,0.12132,0.12187
0.17073,0.1564,0.21031,0.14284,0.2,0.10529,0.064199,0.054332,0.056092,0.25102,0.1791,0.092995,0.069985,0.055805,0.04885,0.046005,0.044773,0.043252,0.042996,0.043099,0.043905,0.0447,0.045653,0.046795,0.047757,0.049052,0.0503,0.051665,0.052358,0.053995,0.055151,0.056378,0.049209,0.058417,0.059698,0.060714,0.061671,0.062792,0.063985,0.06498,0.065843,0.066893,0.067967,0.068954,0.071623,0.070869,0.071913,0.072954,0.07382,0.074935,0.075783,0.077101,0.075148,0.078451,0.079478,0.080258,0.081167,0.081831,0.082402,0.083358,0.086611,0.083385,0.082621,0.081142
0.097561,0.13326,0.12501,0.058496,0.062269,0.028823,0.16308,0.25161,0.10172,0.1063,0.11664,0.11285,0.11419,0.13672,0.12399,0.12822,0.13033,0.13159,0.13243,0.13283,0.13263,0.13327,0.13339,0.13337,0.13373,0.13349,0.13334,0.13313,0.13273,0.13296,0.13285,0.13277,0.13502,0.13254,0.13244,0.1323,0.13247,0.13216,0.13197,0.13181,0.13218,0.13193,0.13178,0.13185,0.13251,0.13195,0.13181,0.13193,0.13217,0.13219,0.1324,0.13282,0.13383,0.13358,0.13414,0.13495,0.1361,0.13644,0.13786,0.13984,0.14173,0.14313,0.14478,0.14593
0.04878,0.065795,0.11263,0.024422,0.094568,0.20184,0.25065,0.10837,0.23635,0.18438,0.16383,0.16097,0.13453,0.13489,0.13492,0.13477,0.11748,0.12916,0.12329,0.1196,0.11668,0.11718,0.11691,0.11694,0.11709,0.11701,0.11714,0.11739,0.11766,0.11771,0.11791,0.11812,0.11953,0.11845,0.11863,0.11882,0.11907,0.11917,0.11944,0.11966,0.12,0.11993,0.12013,0.12026,0.12025,0.12063,0.12078,0.1209,0.121,0.12114,0.12127,0.1214,0.12153,0.12153,0.12164,0.12169,0.12169,0.12186,0.12189,0.12187,0.1219,0.12193,0.12194,0.12195
0.12195,0.14039,0.1083,0.083286,0.22441,0.11825,0.052347,0.20037,0.21804,0.12341,0.19709,0.19183,0.21266,0.21762,0.21491,0.21053,0.20448,0.20024,0.1956,0.19133,0.18766,0.18347,0.18031,0.1774,0.17485,0.17234,0.17012,0.16812,0.16616,0.16467,0.16315,0.16174,0.15964,0.15907,0.15804,0.157,0.15598,0.15525,0.15434,0.15364,0.15282,0.15224,0.15165,0.15113,0.15058,0.15005,0.14964,0.14923,0.14884,0.14854,0.14821,0.14789,0.14762,0.14753,0.14727,0.14708,0.14694,0.1468,0.14667,0.14659,0.14646,0.14642,0.14638,0.14635
0.02439,0.18253,0.15048,0.044356,0.070156,0.13349,0.069412,0.10263,0.11297,0.11634,0.1894,0.17331,0.16844,0.16484,0.16172,0.15875,0.15562,0.15322,0.15045,0.14719,0.145,0.14141,0.13822,0.13489,0.13181,0.12822,0.1247,0.12149,0.11829,0.11487,0.11176,0.10869,0.10458,0.10232,0.099583,0.096827,0.094762,0.091277,0.08875,0.086068,0.083568,0.080965,0.078444,0.075857,0.072627,0.070793,0.068332,0.065725,0.063165,0.06084,0.058099,0.05569,0.05541,0.050345,0.047653,0.04491,0.041957,0.038467,0.036766,0.03345,0.030394,0.027936,0.026078,0.024678
0.02439,0.20949,0.096676,0.12909,0.18096,0.075796,0.087489,0.1151,0.17933,0.17227,0.16706,0.16825,0.17105,0.16416,0.17455,0.17723,0.17953,0.18138,0.18378,0.18634,0.18921,0.19137,0.19391,0.19643,0.19915,0.20096,0.20318,0.20506,0.20627,0.20795,0.20834,0.20677,0.21118,0.19795,0.19574,0.19499,0.19475,0.19539,0.19574,0.19628,0.19677,0.19748,0.19813,0.19877,0.20021,0.20015,0.2009,0.20164,0.20231,0.20311,0.2038,0.20465,0.20477,0.20612,0.20693,0.20776,0.20819,0.20949,0.21048,0.21153,0.21302,0.2142,0.21611,0.21832
0.073171,0.30718,0.1688,0.10876,0.24555,0.089635,0.092276,0.11073,0.11137,0.1419,0.14944,0.13605,0.11643,0.10719,0.10876,0.11055,0.11017,0.10835,0.10535,0.1021,0.099474,0.096012,0.093114,0.09046,0.08786,0.085746,0.083515,0.081464,0.079483,0.077248,0.075403,0.073518,0.071959,0.069985,0.068186,0.066527,0.064485,0.062968,0.061463,0.059802,0.058154,0.056495,0.054767,0.05286,0.05036,0.049571,0.047835,0.045892,0.043989,0.042023,0.040076,0.037882,0.03425,0.033222,0.031069,0.028602,0.026124,0.023282,0.020362,0.017001,0.013458,0.010765,0.0072171,0.0035603
0.02439,0.19792,0.18748,0.174,0.24391,0.040248,0.12284,0.052949,0.21658,0.042767,0.074767,0.095086,0.11443,0.12674,0.13655,0.14296,0.14695,0.14931,0.15072,0.15173,0.15213,0.15289,0.15351,0.15421,0.1553,0.15598,0.15687,0.15785,0.15886,0.15975,0.16072,0.16163,0.16225,0.16359,0.16451,0.16542,0.16626,0.16712,0.16797,0.16887,0.1698,0.17044,0.17123,0.172,0.17227,0.17335,0.17406,0.17468,0.17536,0.17595,0.1765,0.1769,0.17763,0.17787,0.17822,0.17851,0.17931,0.17882,0.17865,0.17859,0.17689,0.1767,0.17492,0.17248
0.04878,0.3147,0.10129,0.1706,0.29348,0.15062,0.053425,0.15165,0.12171,0.075316,0.08809,0.095261,0.06966,0.053567,0.04263,0.035158,0.028619,0.025895,0.022519,0.019501,0.016852,0.014294,0.01201,0.0098805,0.00799,0.0060967,0.004534,0.0032568,0.0029356,0.0031885,0.0040891,0.0051364,0.0026323,0.0075612,0.0087087,0.0097862,0.010916,0.011847,0.012746,0.013688,0.014505,0.015326,0.016116,0.016902,0.017355,0.018059,0.018698,0.019236,0.019762,0.020322,0.020794,0.021214,0.021971,0.022159,0.02245,0.022784,0.023069,0.023396,0.023633,0.023908,0.02403,0.024187,0.024303,0.024378
0.21951,0.065847,0.15484,0.064296,0.06097,0.13243,0.18751,0.19255,0.13021,0.22629,0.23659,0.22695,0.22371,0.22497,0.22548,0.22497,0.22459,0.22362,0.22313,0.22265,0.22246,0.22185,0.22152,0.22116,0.2208,0.22052,0.22023,0.21992,0.21984,0.21916,0.21885,0.21848,0.21752,0.2178,0.21756,0.21721,0.21695,0.2166,0.21625,0.21602,0.21573,0.21551,0.21522,0.21495,0.21403,0.21462,0.21444,0.21421,0.21418,0.21414,0.21403,0.21406,0.21502,0.21431,0.2145,0.21483,0.21626,0.21593,0.21691,0.21835,0.2194,0.22253,0.22559,0.2295
0.097561,0.38266,0.17833,0.26137,0.43237,0.28067,0.15579,0.1059,0.16039,0.10204,0.16995,0.19449,0.21663,0.23183,0.24477,0.25411,0.25917,0.26664,0.27118,0.27501,0.27851,0.2813,0.28381,0.28605,0.28798,0.28977,0.2913,0.29272,0.29392,0.29505,0.29604,0.29698,0.29633,0.29842,0.29904,0.29959,0.30008,0.30049,0.30085,0.30123,0.30188,0.30178,0.30203,0.30224,0.30247,0.30253,0.30265,0.30277,0.30277,0.30286,0.30286,0.30288,0.3026,0.3027,0.30259,0.30245,0.30118,0.30198,0.30155,0.30095,0.30008,0.29875,0.29682,0.29438
0.04878,0.15766,0.10765,0.10248,0.13593,0.065107,0.04163,0.076822,0.22722,0.13061,0.15191,0.13245,0.12168,0.12029,0.12077,0.12201,0.12264,0.12421,0.12484,0.12492,0.123,0.119,0.10929,0.10662,0.10624,0.10729,0.1078,0.10811,0.10859,0.10891,0.10916,0.1093,0.11274,0.10984,0.10988,0.10994,0.11009,0.11011,0.11002,0.11003,0.1097,0.1098,0.10968,0.1096,0.10947,0.10916,0.10895,0.10863,0.10842,0.10792,0.1075,0.10701,0.10693,0.10601,0.10518,0.10438,0.10351,0.10265,0.10162,0.10067,0.099808,0.09885,0.098147,0.097705
0.073171,0.073257,0.088398,0.089946,0.13981,0.11966,0.169,0.075601,0.067365,0.17946,0.12196,0.13061,0.121,0.112,0.097892,0.086405,0.076554,0.068088,0.05906,0.059505,0.061487,0.060117,0.05934,0.058527,0.05761,0.056946,0.056197,0.055466,0.055338,0.054206,0.053566,0.052917,0.053835,0.051522,0.050938,0.050314,0.049622,0.048974,0.048341,0.047645,0.047176,0.046297,0.045599,0.044925,0.043439,0.043326,0.042597,0.041861,0.041114,0.040385,0.039641,0.038859,0.038506,0.037344,0.036638,0.035901,0.034759,0.034213,0.03328,0.032306,0.031055,0.029292,0.027317,0.025236
0.26829,0.20771,0.12033,0.12598,0.1974,0.18737,0.14986,0.093101,0.071179,0.13853,0.080702,0.067249,0.082132,0.078694,0.077883,0.080101,0.09086,0.10213,0.10746,0.11108,0.1144,0.11649,0.1186,0.12051,0.1219,0.12386,0.12527,0.12657,0.12793,0.12895,0.13003,0.1311,0.13285,0.1328,0.13371,0.13451,0.13521,0.13598,0.13666,0.13733,0.13788,0.13857,0.13914,0.13972,0.14013,0.14074,0.14126,0.14175,0.14221,0.14265,0.14305,0.14343,0.14381,0.14419,0.14453,0.14484,0.14513,0.14541,0.14564,0.14587,0.14604,0.14617,0.14626,0.14632
0.073171,0.49542,0.19691,0.20659,0.51422,0.19127,0.14892,0.1291,0.061741,0.019559,0.13773,0.17371,0.19878,0.21151,0.223,0.23197,0.23908,0.24593,0.24798,0.2468,0.24933,0.24921,0.25027,0.25133,0.25187,0.25264,0.25319,0.25386,0.25412,0.25476,0.25554,0.25675,0.25868,0.25899,0.26147,0.2641,0.26603,0.26873,0.27091,0.27239,0.27142,0.27404,0.27445,0.27464,0.27454,0.27453,0.27461,0.27444,0.27423,0.27409,0.27377,0.27323,0.2731,0.27243,0.27165,0.27082,0.2714,0.26899,0.26731,0.26528,0.26283,0.26102,0.25805,0.25645
0.12195,0.085911,0.13275,0.062303,0.11562,0.11823,0.12905,0.076474,0.063748,0.022507,0.076529,0.10713,0.12552,0.14088,0.15294,0.16335,0.17149,0.17994,0.18653,0.19241,0.19642,0.20116,0.20476,0.20787,0.21041,0.21294,0.21505,0.21692,0.21858,0.22006,0.22138,0.22259,0.22147,0.22472,0.22567,0.22656,0.2274,0.22824,0.22887,0.22961,0.23023,0.231,0.23164,0.23227,0.2328,0.23337,0.23393,0.23449,0.23503,0.23561,0.23616,0.23672,0.23747,0.23802,0.23863,0.23929,0.23993,0.24067,0.24135,0.24199,0.24264,0.24312,0.24354,0.2438
0.097561,0.16023,0.047925,0.10895,0.12493,0.053548,0.055837,0.057547,0.21448,0.045738,0.074184,0.072459,0.094918,0.091251,0.081347,0.088464,0.095169,0.097502,0.099137,0.099895,0.10002,0.10052,0.10041,0.10024,0.10007,0.099816,0.099573,0.099415,0.099391,0.098928,0.098712,0.098526,0.096788,0.098241,0.098047,0.097921,0.097996,0.097654,0.097543,0.097486,0.097357,0.097369,0.097359,0.097295,0.096607,0.097209,0.097221,0.097227,0.097171,0.097227,0.097297,0.097335,0.09853,0.097425,0.09738,0.097458,0.09782,0.097619,0.097574,0.097505,0.09669,0.097304,0.09731,0.097497
0.02439,0.10344,0.090739,0.10416,0.18516,0.074315,0.027319,0.047669,0.20759,0.1037,0.15278,0.15997,0.15663,0.15425,0.15297,0.15079,0.14876,0.14945,0.15058,0.15222,0.15376,0.1558,0.15765,0.1594,0.16095,0.16268,0.16425,0.16568,0.16716,0.16843,0.1697,0.17092,0.17163,0.17324,0.17431,0.17536,0.17642,0.17735,0.17827,0.17917,0.17992,0.1809,0.18173,0.18256,0.18335,0.18415,0.18486,0.18561,0.18637,0.18709,0.18781,0.18849,0.18921,0.18989,0.1906,0.19125,0.19198,0.19259,0.19316,0.1937,0.19418,0.19458,0.19488,0.19506
0.073171,0.26879,0.16112,0.031858,0.15144,0.11637,0.17189,0.11955,0.063229,0.13102,0.080341,0.07977,0.090191,0.10704,0.11289,0.1189,0.12256,0.12414,0.12568,0.12713,0.12793,0.12784,0.12687,0.12556,0.12377,0.12302,0.12167,0.1204,0.1184,0.11778,0.11664,0.11562,0.11394,0.11326,0.11222,0.11126,0.11041,0.10946,0.10859,0.10767,0.10508,0.10606,0.1052,0.10428,0.10538,0.10339,0.10265,0.10211,0.10154,0.10095,0.1005,0.099929,0.10065,0.09935,0.09901,0.09866,0.09877,0.098259,0.097888,0.097739,0.097937,0.097675,0.097611,0.097562
0.19512,0.085097,0.017686,0.052291,0.084649,0.10971,0.053113,0.062842,0.04608,0.09569,0.061352,0.055978,0.05217,0.048813,0.045528,0.042437,0.039782,0.036875,0.034579,0.0325,0.031307,0.028773,0.027411,0.02608,0.024914,0.023771,0.023076,0.022287,0.021017,0.021109,0.020685,0.02028,0.01744,0.019915,0.019877,0.019859,0.019851,0.020062,0.020136,0.020252,0.02025,0.020739,0.021012,0.021302,0.022357,0.021829,0.022183,0.02243,0.022736,0.023025,0.023284,0.023512,0.023611,0.023865,0.023996,0.024124,0.024274,0.024278,0.024334,0.024368,0.024418,0.024389,0.024386,0.02439
0.02439,0.26256,0.16221,0.17899,0.3217,0.22525,0.12131,0.082447,0.015767,0.057903,0.094722,0.11393,0.13367,0.13946,0.14563,0.15084,0.15581,0.15968,0.16336,0.16671,0.16917,0.17206,0.17439,0.17646,0.17764,0.18026,0.18261,0.18521,0.19148,0.19669,0.20265,0.20607,0.21065,0.20957,0.21062,0.21141,0.21228,0.21262,0.21327,0.21376,0.21421,0.21472,0.21512,0.21552,0.21562,0.21625,0.21655,0.21689,0.21719,0.21746,0.21771,0.21797,0.21821,0.21839,0.21859,0.21877,0.21893,0.21904,0.21917,0.21928,0.21935,0.21943,0.21948,0.2195
0,0.21756,0.11904,0.12773,0.17823,0.01757,0.07456,0.034168,0.15792,0.11272,0.1781,0.18492,0.20128,0.20708,0.21298,0.22425,0.2256,0.22577,0.22566,0.2257,0.22559,0.22552,0.22547,0.2254,0.2251,0.22516,0.22509,0.22497,0.22474,0.22466,0.2245,0.22436,0.22431,0.224,0.2238,0.22363,0.2235,0.22324,0.22306,0.22288,0.22258,0.22248,0.22228,0.22207,0.22202,0.22172,0.22151,0.22133,0.22114,0.22097,0.2208,0.22065,0.22058,0.22033,0.2202,0.22008,0.21997,0.21985,0.21976,0.21968,0.21964,0.21958,0.21954,0.21952
0.073171,0.074494,0.056624,0.11214,0.1862,0.099506,0.0905,0.036719,0.18441,0.035884,0.087105,0.10765,0.11305,0.12987,0.12717,0.12469,0.12226,0.12044,0.11863,0.1171,0.11581,0.11452,0.11343,0.11245,0.11237,0.11084,0.11013,0.10949,0.10918,0.10831,0.10778,0.10731,0.10654,0.10632,0.10597,0.10559,0.10518,0.10486,0.10453,0.10413,0.10465,0.10355,0.10323,0.1029,0.10208,0.10239,0.10202,0.10172,0.10138,0.10113,0.1008,0.10051,0.1001,0.099876,0.099583,0.099291,0.098739,0.098679,0.09843,0.098175,0.097898,0.097794,0.097664,0.097578
0.073171,0.20939,0.11095,0.15872,0.18106,0.11831,0.10052,0.070307,0.29793,0.28734,0.27252,0.26126,0.25546,0.24016,0.23165,0.22584,0.22175,0.21955,0.21763,0.21608,0.21498,0.2138,0.21284,0.21197,0.21158,0.21054,0.2098,0.20918,0.20846,0.20797,0.20743,0.20699,0.20429,0.20606,0.20563,0.20527,0.20464,0.20469,0.20433,0.20406,0.20419,0.20357,0.20331,0.20308,0.20258,0.20239,0.2021,0.20175,0.20126,0.2008,0.20027,0.19957,0.19887,0.19808,0.197,0.19586,0.19487,0.19305,0.19116,0.18924,0.18686,0.18432,0.18127,0.17663
0.12195,0.29496,0.16984,0.18949,0.30265,0.22645,0.17241,0.11507,0.01441,0.097193,0.12326,0.14173,0.15567,0.16541,0.17444,0.20204,0.20829,0.21344,0.21774,0.22143,0.22436,0.22752,0.23,0.23228,0.23408,0.23625,0.23792,0.23953,0.24129,0.24247,0.2438,0.24516,0.24647,0.2473,0.24851,0.24958,0.2507,0.25162,0.25263,0.2536,0.25429,0.25538,0.25626,0.25716,0.25783,0.2588,0.25956,0.2604,0.26112,0.26191,0.26259,0.26332,0.26416,0.26458,0.26516,0.2657,0.26625,0.26671,0.26712,0.26747,0.26778,0.26798,0.26816,0.26825
0.02439,0.30126,0.16306,0.14648,0.31517,0.20452,0.1381,0.18863,0.055203,0.072157,0.129,0.12713,0.14132,0.15395,0.16171,0.16702,0.17217,0.17344,0.1757,0.17767,0.17983,0.18088,0.18245,0.18384,0.18552,0.18624,0.18751,0.18833,0.18982,0.19027,0.19107,0.19177,0.19199,0.19293,0.19347,0.19392,0.1945,0.19457,0.19495,0.19518,0.19568,0.19556,0.19568,0.19581,0.19563,0.19586,0.19592,0.19592,0.19593,0.19588,0.19583,0.19577,0.19585,0.19563,0.19558,0.19551,0.19541,0.19537,0.19531,0.19525,0.19521,0.19517,0.19515,0.19513
0.19512,0.12042,0.13168,0.06791,0.13533,0.10716,0.063522,0.083296,0.17702,0.19181,0.20339,0.20581,0.19633,0.17863,0.1709,0.16679,0.16406,0.16002,0.1556,0.15376,0.15237,0.15022,0.149,0.14796,0.14656,0.14674,0.1464,0.14592,0.14669,0.14608,0.14617,0.14629,0.15067,0.1469,0.14709,0.1474,0.14732,0.14806,0.14827,0.14857,0.14883,0.14916,0.1494,0.14982,0.14824,0.15005,0.15022,0.15039,0.15065,0.15052,0.15057,0.15053,0.14981,0.15051,0.15024,0.15001,0.14895,0.14924,0.1488,0.14863,0.14709,0.14727,0.14682,0.14649
0.02439,0.14904,0.12524,0.11237,0.13491,0.073012,0.027373,0.21017,0.093409,0.15742,0.11013,0.080952,0.073265,0.057601,0.056538,0.055383,0.049168,0.054374,0.057033,0.061287,0.054957,0.059586,0.05882,0.058704,0.059477,0.060444,0.062166,0.065297,0.067899,0.070698,0.072119,0.072782,0.069617,0.073011,0.073017,0.073047,0.073501,0.072966,0.073063,0.073005,0.073278,0.073096,0.073135,0.072985,0.072579,0.072939,0.072989,0.072893,0.072455,0.072473,0.072276,0.071983,0.073463,0.071294,0.070808,0.070316,0.06901,0.068803,0.067588,0.065795,0.062175,0.060547,0.056286,0.051345
0.02439,0.32995,0.23009,0.039603,0.29156,0.09225,0.1097,0.19954,0.15799,0.20374,0.1697,0.16796,0.1359,0.12072,0.10741,0.094334,0.08692,0.086039,0.083208,0.080031,0.076492,0.073981,0.07104,0.068344,0.066177,0.063582,0.06131,0.059298,0.057693,0.055389,0.053654,0.052054,0.053842,0.048866,0.047472,0.045983,0.044718,0.043057,0.041968,0.040441,0.03979,0.038174,0.036905,0.035532,0.034312,0.033562,0.032441,0.031472,0.030459,0.029511,0.028545,0.02775,0.027094,0.026113,0.025657,0.02521,0.024434,0.024211,0.024195,0.023968,0.024137,0.024161,0.02427,0.024355
0.073171,0.10722,0.013331,0.070662,0.041912,0.14982,0.21263,0.18818,0.1838,0.030046,0.078362,0.063152,0.05481,0.049834,0.047249,0.044804,0.042129,0.039263,0.037569,0.036436,0.035857,0.035138,0.034786,0.034442,0.033719,0.034091,0.033967,0.033918,0.034012,0.033786,0.033709,0.033583,0.031704,0.033189,0.033047,0.032846,0.032599,0.03223,0.031983,0.03155,0.031263,0.031125,0.030873,0.0305,0.030534,0.029574,0.029166,0.028573,0.02808,0.027561,0.027043,0.02659,0.027024,0.025321,0.024956,0.024582,0.024533,0.023976,0.023765,0.023478,0.024036,0.023795,0.024053,0.024342
0.17073,0.12208,0.073025,0.078669,0.16903,0.22464,0.30016,0.21096,0.1266,0.16094,0.12401,0.13973,0.15513,0.16853,0.19052,0.20697,0.21478,0.22368,0.23573,0.24709,0.2508,0.25378,0.25481,0.2553,0.25543,0.25533,0.25517,0.2548,0.25484,0.25391,0.25334,0.25273,0.25338,0.25135,0.25066,0.24993,0.24942,0.24828,0.24756,0.24669,0.24565,0.24492,0.24404,0.24316,0.24149,0.24122,0.24028,0.23927,0.23835,0.2373,0.23633,0.23529,0.23545,0.23299,0.23202,0.23091,0.23156,0.22854,0.22731,0.226,0.22432,0.22289,0.22128,0.21999
0.34146,0.25354,0.22346,0.14889,0.32681,0.12923,0.21399,0.091974,0.12135,0.25081,0.32667,0.31091,0.2909,0.29611,0.30062,0.30524,0.30825,0.31245,0.31523,0.31756,0.32126,0.32147,0.32307,0.32458,0.32531,0.32687,0.32789,0.32885,0.33024,0.33037,0.33096,0.33158,0.33272,0.33228,0.33272,0.33303,0.33277,0.33358,0.33384,0.33378,0.33289,0.33371,0.33363,0.33343,0.3335,0.33278,0.3325,0.33208,0.33155,0.33101,0.33035,0.32966,0.32954,0.328,0.32701,0.32594,0.32492,0.32364,0.32236,0.32115,0.32004,0.31879,0.31788,0.31729
0.073171,0.069515,0.1202,0.15507,0.024857,0.15191,0.19591,0.10387,0.060837,0.07551,0.055875,0.063175,0.039222,0.031985,0.028859,0.026794,0.024974,0.024528,0.023914,0.023529,0.023637,0.02339,0.023435,0.02347,0.023568,0.023968,0.024119,0.024173,0.024442,0.024722,0.024936,0.02508,0.028354,0.025801,0.025902,0.02614,0.026132,0.026612,0.02671,0.026885,0.027752,0.027486,0.027586,0.027819,0.028204,0.028204,0.028248,0.028361,0.028642,0.028642,0.028846,0.028863,0.027078,0.028977,0.029112,0.02917,0.0283,0.028809,0.028797,0.028672,0.027084,0.027213,0.026026,0.024767
0.04878,0.23144,0.17311,0.1035,0.14685,0.1347,0.061132,0.034884,0.088466,0.14656,0.073884,0.027629,0.017366,0.01117,0.014166,0.020289,0.025461,0.032486,0.037574,0.041806,0.045237,0.049139,0.051838,0.054406,0.056363,0.058924,0.060824,0.062678,0.064212,0.065933,0.067434,0.068954,0.072451,0.07162,0.072922,0.074186,0.075638,0.076499,0.077767,0.078957,0.079799,0.081165,0.082233,0.083294,0.084181,0.085371,0.086359,0.087423,0.088381,0.089293,0.090278,0.091143,0.091771,0.092819,0.093545,0.094248,0.094909,0.095584,0.096088,0.096651,0.096715,0.097231,0.097433,0.09755
0.12195,0.21138,0.058279,0.098558,0.11221,0.087027,0.060615,0.021553,0.27535,0.16341,0.15446,0.12168,0.10154,0.087399,0.078337,0.072412,0.058842,0.065478,0.062951,0.060402,0.05861,0.057283,0.055862,0.054742,0.05331,0.053221,0.052525,0.052245,0.052075,0.05125,0.050978,0.050986,0.052581,0.050723,0.050875,0.050861,0.050815,0.050984,0.051139,0.05107,0.050624,0.05163,0.051698,0.051638,0.051555,0.052188,0.052267,0.052421,0.052439,0.052598,0.052609,0.052694,0.051787,0.052498,0.05233,0.052165,0.052282,0.051398,0.051085,0.050547,0.050169,0.049615,0.049181,0.048835
0.12195,0.042374,0.19022,0.072118,0.095414,0.096874,0.11662,0.093393,0.24071,0.10126,0.16802,0.18738,0.20112,0.20742,0.21383,0.22161,0.22868,0.23606,0.24104,0.24497,0.24776,0.25032,0.2517,0.25276,0.25413,0.25422,0.25469,0.25568,0.25682,0.25711,0.25803,0.25903,0.25718,0.26105,0.26225,0.26334,0.26433,0.26537,0.26648,0.26743,0.2689,0.26962,0.27062,0.27151,0.27218,0.27367,0.27459,0.27554,0.27651,0.27771,0.27865,0.27972,0.28074,0.28219,0.28327,0.28455,0.28572,0.28692,0.2882,0.28944,0.29043,0.29134,0.29206,0.29251
0.073171,0.042538,0.10721,0.03821,0.067732,0.15001,0.18774,0.27444,0.066534,0.074432,0.12369,0.17667,0.19444,0.20467,0.21249,0.21912,0.2239,0.22756,0.23133,0.23692,0.24664,0.25185,0.25497,0.25668,0.25783,0.25841,0.25895,0.2597,0.26005,0.2603,0.26057,0.26085,0.26024,0.26111,0.26126,0.26141,0.26144,0.26148,0.26176,0.26186,0.26203,0.26184,0.26195,0.26186,0.26189,0.26179,0.26197,0.26199,0.26184,0.26187,0.26186,0.26171,0.26157,0.26157,0.2615,0.26134,0.26076,0.26115,0.26117,0.26077,0.26119,0.26158,0.26294,0.26571
0.073171,0.10745,0.19742,0.042695,0.040931,0.16697,0.083092,0.20621,0.094384,0.047616,0.050415,0.060932,0.057746,0.061632,0.069057,0.074569,0.078791,0.081963,0.084509,0.086503,0.088796,0.089444,0.090438,0.091199,0.091969,0.092139,0.092449,0.092603,0.092819,0.092758,0.092692,0.092577,0.092056,0.092094,0.091849,0.091512,0.091132,0.090734,0.090316,0.089853,0.089859,0.088851,0.088302,0.087723,0.08763,0.08644,0.085815,0.085122,0.084361,0.083658,0.082866,0.082126,0.081432,0.080377,0.079542,0.078688,0.077557,0.076878,0.076106,0.075315,0.074824,0.074012,0.073555,0.073267
0.097561,0.12898,0.11119,0.10806,0.084878,0.11259,0.13543,0.054501,0.14353,0.11782,0.053349,0.04901,0.048899,0.054188,0.056766,0.052473,0.048558,0.04745,0.048056,0.051417,0.070506,0.073461,0.074751,0.07582,0.076422,0.077751,0.078671,0.079322,0.080678,0.081046,0.081778,0.082442,0.085332,0.083937,0.084663,0.085341,0.085948,0.086674,0.087269,0.087848,0.088539,0.08908,0.08962,0.090154,0.090337,0.091031,0.091557,0.091973,0.092475,0.092793,0.093149,0.093428,0.09358,0.093985,0.09434,0.094679,0.094763,0.095282,0.095659,0.096008,0.096465,0.096916,0.097256,0.097496
0.04878,0.14239,0.13885,0.14604,0.12937,0.20025,0.26159,0.058705,0.15448,0.11248,0.14551,0.14228,0.14586,0.14669,0.14851,0.14836,0.14709,0.14664,0.14563,0.14454,0.14419,0.14216,0.14105,0.13996,0.13895,0.13784,0.13685,0.13582,0.13492,0.13398,0.13309,0.13224,0.13222,0.13074,0.13,0.12929,0.1284,0.12808,0.1275,0.12696,0.12653,0.12602,0.12559,0.12522,0.1245,0.12441,0.12411,0.12383,0.1236,0.12333,0.12312,0.12293,0.12237,0.12268,0.12252,0.12241,0.12228,0.1222,0.12213,0.12209,0.12197,0.12199,0.12197,0.12196
0.21951,0.39991,0.068199,0.054828,0.33708,0.089045,0.076262,0.14039,0.078814,0.092685,0.11897,0.13862,0.14942,0.16252,0.1822,0.18625,0.18732,0.1875,0.1865,0.18469,0.18265,0.17997,0.17815,0.17705,0.17621,0.17631,0.17617,0.17616,0.17611,0.17626,0.17631,0.1764,0.17921,0.17638,0.17635,0.17631,0.17616,0.1761,0.17604,0.17588,0.17533,0.17552,0.1753,0.17507,0.17487,0.1746,0.17433,0.17408,0.17383,0.17352,0.17325,0.17298,0.17249,0.17242,0.17218,0.17193,0.17181,0.17148,0.17129,0.17112,0.17096,0.17088,0.1708,0.17075
0.073171,0.23459,0.10369,0.11022,0.20422,0.12704,0.077902,0.1185,0.10897,0.043232,0.14089,0.13055,0.11446,0.10869,0.11073,0.11258,0.11525,0.1159,0.11744,0.11882,0.11976,0.12149,0.12266,0.12378,0.12491,0.12604,0.12704,0.12788,0.1287,0.12973,0.13058,0.1314,0.13617,0.13291,0.13371,0.13448,0.13553,0.13595,0.1367,0.13732,0.13841,0.13877,0.13934,0.13997,0.14084,0.1413,0.14179,0.1423,0.14299,0.1435,0.14403,0.14451,0.14687,0.14559,0.14597,0.14633,0.14562,0.14661,0.1467,0.14698,0.14738,0.14683,0.14659,0.14641
0.04878,0.30559,0.12276,0.059185,0.25042,0.15253,0.14803,0.082717,0.20925,0.082328,0.069665,0.07791,0.081534,0.077749,0.070671,0.06856,0.068263,0.068442,0.068683,0.068781,0.068653,0.06834,0.068152,0.067741,0.067204,0.066705,0.066176,0.065438,0.064645,0.064179,0.063454,0.062669,0.062172,0.061263,0.060525,0.059765,0.058973,0.058379,0.057574,0.056844,0.05622,0.055403,0.054709,0.054074,0.054,0.052745,0.052099,0.051485,0.050964,0.050434,0.049937,0.049489,0.049087,0.048845,0.048543,0.048317,0.048247,0.048159,0.048095,0.048185,0.048673,0.048499,0.048639,0.048747
0.097561,0.18052,0.10649,0.058233,0.23849,0.15085,0.16671,0.17682,0.070276,0.21029,0.22376,0.22562,0.21929,0.21306,0.20038,0.21291,0.22384,0.23222,0.23478,0.23657,0.2382,0.23914,0.24004,0.24092,0.24138,0.24246,0.24314,0.24385,0.24434,0.24502,0.24559,0.24612,0.24654,0.24711,0.24763,0.24813,0.24842,0.24903,0.24954,0.24998,0.25037,0.25094,0.25141,0.25188,0.25272,0.25297,0.25348,0.25402,0.25463,0.25525,0.25591,0.25661,0.25665,0.2581,0.25895,0.25987,0.26091,0.2618,0.2629,0.26421,0.26525,0.26644,0.26739,0.26804
0.097561,0.089046,0.11446,0.079824,0.23287,0.13981,0.14316,0.18637,0.061384,0.20568,0.22482,0.21102,0.20486,0.22093,0.22433,0.22651,0.22817,0.2301,0.23179,0.23321,0.23476,0.23559,0.2364,0.23704,0.23751,0.23788,0.23835,0.23856,0.23916,0.23912,0.23945,0.23969,0.24143,0.24048,0.24085,0.24122,0.24146,0.24204,0.24245,0.24297,0.24298,0.24381,0.2443,0.24487,0.24559,0.24605,0.24663,0.2472,0.2479,0.24849,0.24914,0.24992,0.24969,0.25119,0.25187,0.25247,0.25512,0.25377,0.25413,0.25472,0.25494,0.25382,0.25233,0.24928
0.2439,0.17827,0.10294,0.084565,0.14918,0.045064,0.16729,0.17736,0.10437,0.14283,0.10976,0.10185,0.098631,0.10259,0.1186,0.12455,0.10762,0.10449,0.10352,0.10306,0.10342,0.10285,0.10272,0.10268,0.10255,0.1027,0.10269,0.10278,0.10283,0.10292,0.10296,0.1031,0.10307,0.103,0.10309,0.10312,0.10309,0.10303,0.10305,0.10295,0.10302,0.10282,0.1027,0.10253,0.10231,0.10223,0.10198,0.10178,0.10148,0.10125,0.10094,0.10068,0.10014,0.099942,0.099637,0.099327,0.098941,0.098685,0.098431,0.098175,0.097926,0.097793,0.097665,0.097583
0.19512,0.14623,0.13737,0.13761,0.11254,0.10598,0.13411,0.16043,0.068884,0.087166,0.07522,0.094517,0.12153,0.13219,0.14295,0.15198,0.15775,0.16968,0.1794,0.18588,0.1879,0.19166,0.19324,0.19469,0.19587,0.1975,0.19856,0.19975,0.20126,0.20132,0.20199,0.20256,0.20119,0.20325,0.20363,0.20385,0.20423,0.20412,0.20418,0.20429,0.20366,0.20427,0.20422,0.20419,0.20309,0.20406,0.20394,0.20381,0.20377,0.2037,0.20359,0.20345,0.20312,0.20349,0.20343,0.20346,0.20421,0.20377,0.20395,0.20476,0.20507,0.20638,0.20735,0.20922
0.097561,0.11761,0.082016,0.087743,0.1628,0.10833,0.13735,0.23522,0.11708,0.072371,0.038543,0.043399,0.041999,0.049394,0.055209,0.056799,0.058471,0.056395,0.05503,0.052894,0.050439,0.049067,0.047577,0.046514,0.045862,0.045097,0.044778,0.044515,0.045037,0.044491,0.044609,0.044644,0.058448,0.045994,0.048686,0.051617,0.054306,0.060271,0.063391,0.065673,0.065899,0.066657,0.067441,0.06797,0.064663,0.068356,0.068729,0.069029,0.069139,0.069436,0.069624,0.069824,0.069482,0.070454,0.070665,0.070931,0.071271,0.071581,0.071851,0.072208,0.07235,0.072755,0.072978,0.07311
0.097561,0.17099,0.089323,0.095219,0.15111,0.080318,0.081625,0.012368,0.04242,0.049173,0.078339,0.044616,0.033574,0.029126,0.029001,0.031448,0.035319,0.031649,0.0295,0.028102,0.027245,0.02618,0.025575,0.024981,0.024629,0.023984,0.023623,0.023239,0.022676,0.022647,0.022419,0.022189,0.024104,0.022014,0.021974,0.021989,0.021822,0.022197,0.022352,0.022554,0.023373,0.022999,0.023359,0.023756,0.025136,0.024897,0.025524,0.026256,0.027156,0.027982,0.02895,0.030093,0.030483,0.032556,0.034002,0.035501,0.036056,0.039018,0.040859,0.042598,0.04477,0.046242,0.047594,0.048473
0.097561,0.14204,0.13397,0.13525,0.023931,0.088946,0.043261,0.042861,0.16013,0.094119,0.047963,0.049759,0.049018,0.044671,0.039863,0.035301,0.031583,0.030804,0.03012,0.0292,0.027878,0.027266,0.025754,0.024284,0.022082,0.021259,0.019889,0.018413,0.017103,0.015935,0.014744,0.01351,0.017201,0.01144,0.010485,0.0095942,0.00892,0.0079945,0.0076104,0.0071462,0.0062154,0.0067994,0.0069004,0.007147,0.0069284,0.0080355,0.0087631,0.0094935,0.010364,0.011221,0.012191,0.013224,0.014126,0.015372,0.016495,0.017612,0.018948,0.019836,0.020896,0.021839,0.022622,0.023412,0.023946,0.024282
0.04878,0.31959,0.12218,0.030031,0.19767,0.059808,0.073016,0.084706,0.13232,0.067062,0.077166,0.066788,0.043442,0.030135,0.020936,0.01581,0.014725,0.015995,0.018733,0.021727,0.025492,0.027861,0.030374,0.032501,0.033756,0.035839,0.037093,0.038093,0.038676,0.039823,0.04048,0.041045,0.040884,0.041902,0.042291,0.042581,0.042737,0.043034,0.043191,0.043323,0.043303,0.043415,0.043427,0.04338,0.04371,0.043375,0.043204,0.043015,0.042802,0.042609,0.04231,0.041959,0.04102,0.04118,0.040655,0.040098,0.039632,0.038704,0.038228,0.037602,0.036658,0.036605,0.036483,0.035848
0.21951,0.12378,0.14924,0.022246,0.14001,0.038019,0.062553,0.051744,0.14627,0.031815,0.048453,0.030527,0.023284,0.022339,0.024618,0.020174,0.019251,0.015651,0.011365,0.0037059,0.0046432,0.0077076,0.0094223,0.010175,0.010526,0.010805,0.010805,0.010841,0.01061,0.010601,0.010449,0.010283,0.0094481,0.01016,0.0098431,0.0096412,0.0093396,0.0093244,0.0090461,0.0088915,0.0083373,0.0087206,0.0086532,0.008618,0.0093502,0.0087098,0.0089891,0.0092275,0.0096368,0.010027,0.010631,0.011207,0.012108,0.012961,0.01399,0.015071,0.015904,0.01757,0.018798,0.020126,0.021405,0.022563,0.023493,0.024142
0.02439,0.083858,0.10729,0.14384,0.12504,0.12848,0.13263,0.051062,0.087682,0.045216,0.039112,0.018659,0.018954,0.024356,0.027638,0.028857,0.028536,0.028537,0.027944,0.027435,0.026076,0.025707,0.025056,0.024492,0.023588,0.023852,0.023843,0.023969,0.024389,0.02519,0.026024,0.026835,0.030823,0.028818,0.029287,0.029839,0.030295,0.030519,0.030604,0.030613,0.030576,0.030414,0.030241,0.030056,0.030098,0.029486,0.029187,0.02883,0.028544,0.028116,0.027761,0.027351,0.027509,0.026684,0.026328,0.025996,0.025678,0.025417,0.025149,0.024936,0.024818,0.024593,0.024483,0.024418
0,0.12526,0.10409,0.051422,0.028418,0.11614,0.03534,0.17669,0.039333,0.10562,0.092949,0.12406,0.11793,0.11301,0.10924,0.10642,0.10385,0.10264,0.10128,0.10018,0.099641,0.09864,0.097937,0.097364,0.096778,0.096383,0.095987,0.095636,0.095426,0.09488,0.094579,0.094259,0.092491,0.093622,0.09331,0.09305,0.092707,0.092475,0.092233,0.091995,0.091717,0.091528,0.091296,0.091053,0.090492,0.090701,0.090496,0.090305,0.090068,0.089989,0.089907,0.08978,0.089722,0.089605,0.089637,0.089712,0.089659,0.090022,0.090454,0.090966,0.091513,0.092722,0.094461,0.096504
0.073171,0.2419,0.14802,0.10718,0.098957,0.064447,0.10801,0.083815,0.076928,0.010812,0.026082,0.018647,0.028839,0.031293,0.035888,0.039301,0.042063,0.04233,0.042909,0.043211,0.042223,0.043429,0.043229,0.043135,0.042128,0.042727,0.0425,0.04247,0.042775,0.042143,0.041996,0.041795,0.034512,0.041683,0.041533,0.041472,0.042109,0.04126,0.041287,0.041407,0.039492,0.041442,0.04153,0.041534,0.039488,0.041712,0.041876,0.042008,0.041972,0.042407,0.042733,0.043043,0.04693,0.043521,0.044088,0.044667,0.048399,0.046001,0.047254,0.047635,0.045725,0.050392,0.051599,0.051399
0,0.36524,0.090331,0.010137,0.28298,0.10594,0.10601,0.11742,0.034177,0.024656,0.11293,0.10593,0.10326,0.10722,0.10952,0.11292,0.11458,0.10121,0.098988,0.098391,0.096575,0.095683,0.094727,0.093788,0.09292,0.09203,0.091024,0.090252,0.089635,0.088712,0.087988,0.087482,0.083713,0.086248,0.085711,0.08521,0.084767,0.084362,0.083948,0.083635,0.08395,0.082978,0.08275,0.082471,0.081433,0.082261,0.082053,0.081942,0.08167,0.081694,0.081516,0.081494,0.082037,0.081559,0.081454,0.081471,0.080555,0.081415,0.081015,0.080459,0.07929,0.078752,0.076782,0.074488
0.04878,0.14937,0.12862,0.21619,0.11668,0.051965,0.11474,0.16293,0.030404,0.10152,0.073609,0.059048,0.042154,0.02585,0.015896,0.012753,0.01593,0.019424,0.020173,0.015005,0.0070228,0.0099464,0.011275,0.012342,0.013044,0.013782,0.014216,0.014464,0.014267,0.014819,0.014883,0.014853,0.014856,0.014631,0.014522,0.014368,0.014323,0.014041,0.013823,0.013577,0.013298,0.013121,0.012838,0.012594,0.012241,0.012054,0.011713,0.011375,0.01109,0.010685,0.010242,0.009799,0.0087906,0.0089307,0.0083934,0.007769,0.0074119,0.0064962,0.0057256,0.0049272,0.003615,0.0031539,0.0021748,0.0011648
0.02439,0.22973,0.012559,0.033107,0.14735,0.018828,0.015984,0.090368,0.066682,0.048224,0.04521,0.04026,0.041034,0.036092,0.031655,0.028238,0.026476,0.027058,0.028751,0.030713,0.033143,0.033554,0.034704,0.035661,0.036399,0.036862,0.037414,0.037916,0.038035,0.038498,0.03874,0.038834,0.038821,0.039123,0.039184,0.039298,0.039313,0.039452,0.039641,0.039703,0.039943,0.039764,0.039891,0.039927,0.040226,0.040033,0.040312,0.040428,0.04061,0.040833,0.041117,0.041339,0.041893,0.042178,0.042639,0.043122,0.043493,0.044411,0.045144,0.045837,0.046741,0.047465,0.048138,0.048612
0.17073,0.081449,0.16276,0.10218,0.16238,0.10767,0.099172,0.031727,0.14513,0.11212,0.13053,0.11595,0.11793,0.11513,0.1115,0.10842,0.10495,0.10344,0.10139,0.099702,0.098167,0.09707,0.095844,0.09482,0.093679,0.093181,0.092348,0.091879,0.091156,0.090549,0.090016,0.089514,0.086637,0.08861,0.088211,0.08783,0.087363,0.086985,0.086674,0.086343,0.085519,0.085684,0.085356,0.084886,0.084878,0.084392,0.084002,0.083648,0.083208,0.08296,0.082545,0.082207,0.081197,0.081015,0.080576,0.080011,0.080283,0.078612,0.077936,0.076577,0.076353,0.074963,0.074082,0.073428
0.073171,0.090647,0.11787,0.021891,0.095855,0.14262,0.076375,0.045044,0.05536,0.060673,0.078464,0.059383,0.052729,0.045627,0.042167,0.040107,0.03912,0.038139,0.037794,0.037526,0.037074,0.037177,0.037099,0.036967,0.036331,0.03672,0.036533,0.036373,0.036171,0.035902,0.03568,0.035471,0.036104,0.034953,0.034747,0.034451,0.034246,0.033906,0.033653,0.033395,0.033005,0.032966,0.032689,0.03244,0.032454,0.032167,0.031881,0.031725,0.031573,0.031398,0.031228,0.031222,0.030732,0.030832,0.030767,0.030636,0.030658,0.029925,0.029809,0.029294,0.029451,0.027598,0.026269,0.024917
0.073171,0.014218,0.082274,0.10837,0.11221,0.060367,0.02334,0.034894,0.1674,0.15518,0.13986,0.11992,0.10973,0.10866,0.10858,0.10926,0.11031,0.11148,0.11253,0.11358,0.11486,0.11569,0.11582,0.0943,0.094693,0.094524,0.094877,0.095286,0.095494,0.096031,0.096404,0.096781,0.096202,0.097428,0.097735,0.098076,0.097917,0.098596,0.098982,0.099198,0.098491,0.099704,0.099973,0.10018,0.10109,0.10063,0.10078,0.10094,0.10098,0.10116,0.10127,0.1012,0.10024,0.10126,0.10109,0.10092,0.10114,0.10046,0.099923,0.099481,0.09913,0.098433,0.097989,0.097683
0.04878,0.083852,0.030754,0.06929,0.044348,0.039906,0.024449,0.14603,0.17836,0.18275,0.19571,0.17361,0.15955,0.14731,0.13845,0.13507,0.13556,0.13324,0.1271,0.12046,0.11341,0.11065,0.10777,0.10617,0.10647,0.10819,0.10935,0.11088,0.11397,0.11476,0.11557,0.11716,0.11911,0.11808,0.11797,0.11859,0.11911,0.11894,0.11935,0.11967,0.11519,0.11987,0.12,0.12015,0.11934,0.12035,0.12031,0.12053,0.12058,0.12062,0.12079,0.12084,0.12091,0.12091,0.1211,0.12119,0.12168,0.12149,0.1216,0.12167,0.12173,0.12185,0.1219,0.12194
0.02439,0.22992,0.095493,0.10763,0.11785,0.080489,0.044729,0.11384,0.10925,0.025257,0.063737,0.033518,0.031576,0.034026,0.037529,0.041375,0.044998,0.048685,0.051419,0.053883,0.055542,0.057738,0.059025,0.060108,0.060963,0.061476,0.061994,0.06238,0.062726,0.063095,0.063161,0.063119,0.064152,0.062801,0.062417,0.06216,0.062,0.061179,0.060703,0.060173,0.059867,0.058666,0.057879,0.057049,0.055492,0.054898,0.053751,0.052443,0.051141,0.04969,0.048316,0.046696,0.045079,0.043141,0.041236,0.039242,0.037407,0.035221,0.032996,0.030914,0.028695,0.027021,0.025597,0.024734
0,0.21758,0.087252,0.075671,0.16059,0.076983,0.041769,0.065653,0.059774,0.016745,0.051151,0.052114,0.054255,0.056133,0.056462,0.054967,0.048634,0.037874,0.030489,0.027081,0.026293,0.025167,0.02718,0.029802,0.03207,0.032391,0.032852,0.032676,0.031728,0.03207,0.031576,0.031016,0.031373,0.029904,0.029295,0.028832,0.027955,0.027827,0.02744,0.027019,0.026225,0.026222,0.025923,0.025616,0.025684,0.025114,0.024938,0.024744,0.024631,0.024494,0.024431,0.024324,0.023895,0.024212,0.024239,0.024218,0.024311,0.024296,0.024306,0.024292,0.024325,0.024359,0.024374,0.024387
0.02439,0.19762,0.14399,0.057954,0.11772,0.1251,0.1059,0.052606,0.047111,0.16689,0.10555,0.11214,0.12244,0.11397,0.10921,0.10596,0.10357,0.10026,0.09764,0.095191,0.092789,0.09066,0.088649,0.086804,0.085089,0.083446,0.081765,0.080463,0.079813,0.077078,0.075466,0.073554,0.047376,0.070269,0.068219,0.066019,0.062348,0.061394,0.058728,0.056131,0.056172,0.05156,0.049293,0.04656,0.047763,0.043254,0.040821,0.038797,0.036659,0.035727,0.034011,0.032644,0.033494,0.030886,0.029573,0.02874,0.027878,0.027374,0.026826,0.026137,0.026351,0.025072,0.024703,0.02446
0.26829,0.097964,0.097306,0.023724,0.056605,0.039003,0.055586,0.11331,0.13403,0.098008,0.14003,0.15812,0.13486,0.12602,0.11564,0.10713,0.10111,0.097509,0.094402,0.091153,0.089728,0.083909,0.078591,0.074279,0.072482,0.07005,0.069015,0.068284,0.067881,0.067246,0.066968,0.066861,0.064331,0.066387,0.066216,0.066103,0.065956,0.065896,0.065941,0.06584,0.065891,0.065893,0.06598,0.065924,0.065799,0.06631,0.066452,0.066717,0.066547,0.066951,0.06729,0.067647,0.068461,0.068508,0.068834,0.069394,0.069788,0.070465,0.070974,0.071619,0.072123,0.072479,0.072844,0.073099
0.2439,0.07654,0.082067,0.043428,0.012118,0.031396,0.12925,0.082932,0.057465,0.074068,0.060157,0.03145,0.018787,0.015051,0.010989,0.0038028,0.0019072,0.0050188,0.0079062,0.010195,0.012548,0.013166,0.01422,0.014971,0.015331,0.01602,0.016314,0.016564,0.016881,0.016874,0.016999,0.017086,0.015255,0.017158,0.017239,0.017307,0.017272,0.017511,0.017503,0.017484,0.017513,0.017728,0.017795,0.017898,0.017735,0.018224,0.018302,0.018422,0.018565,0.018825,0.019045,0.019256,0.019232,0.019945,0.020183,0.020542,0.021065,0.021373,0.021833,0.022403,0.022816,0.023464,0.023933,0.024268
0.04878,0.25295,0.079752,0.087635,0.20764,0.083373,0.052112,0.08827,0.042583,0.19402,0.16173,0.10881,0.10175,0.094667,0.091237,0.089142,0.088103,0.086249,0.085054,0.083917,0.082915,0.081975,0.081104,0.08025,0.079803,0.078838,0.078122,0.077506,0.076676,0.076283,0.075799,0.07539,0.076399,0.074443,0.074158,0.073847,0.073563,0.073306,0.073068,0.072802,0.072836,0.072529,0.072378,0.072255,0.072625,0.072204,0.072143,0.072145,0.072122,0.072166,0.072198,0.072255,0.07244,0.072365,0.072477,0.072572,0.072748,0.07276,0.072864,0.072937,0.0731,0.073086,0.073132,0.073161
0.2439,0.25579,0.059248,0.046349,0.1814,0.091017,0.037722,0.095565,0.077798,0.052328,0.066861,0.042142,0.026584,0.023907,0.020462,0.017911,0.016984,0.014825,0.014063,0.01412,0.014436,0.015159,0.015825,0.016545,0.016774,0.017859,0.018531,0.018997,0.019416,0.020089,0.020485,0.020837,0.021707,0.021583,0.021813,0.022086,0.02224,0.022511,0.022731,0.022927,0.022853,0.023167,0.023322,0.023465,0.023655,0.02367,0.023734,0.023808,0.023905,0.023955,0.024034,0.024094,0.024065,0.024171,0.024213,0.02424,0.024299,0.024323,0.024337,0.024353,0.024363,0.024376,0.024384,0.024391
0.02439,0.18381,0.11147,0.00096862,0.15862,0.0415,0.085685,0.080065,0.070589,0.26897,0.24827,0.25194,0.25055,0.26199,0.2684,0.27277,0.27549,0.27707,0.2782,0.27983,0.28107,0.28388,0.28592,0.28815,0.28983,0.29254,0.29442,0.29663,0.29885,0.30016,0.30185,0.30347,0.29927,0.3066,0.30793,0.30923,0.31057,0.31151,0.3126,0.31373,0.3141,0.31563,0.3165,0.31721,0.31707,0.31864,0.3192,0.31978,0.32018,0.32064,0.32095,0.32124,0.32186,0.32142,0.32147,0.3214,0.32205,0.3208,0.3205,0.31978,0.31887,0.3184,0.31774,0.31721
0.073171,0.046324,0.23732,0.1083,0.13286,0.13031,0.20145,0.11255,0.10347,0.070692,0.068515,0.046993,0.05865,0.064253,0.065268,0.064636,0.062687,0.06018,0.057504,0.05471,0.052206,0.05012,0.048376,0.046759,0.045293,0.044024,0.042885,0.041859,0.040811,0.039856,0.039063,0.038202,0.037346,0.03682,0.036238,0.035585,0.035156,0.034541,0.033972,0.033432,0.033034,0.032551,0.032105,0.031631,0.031437,0.030829,0.030542,0.030074,0.029652,0.02928,0.028833,0.028395,0.028765,0.027668,0.027227,0.026835,0.026318,0.025996,0.025609,0.025275,0.025154,0.02474,0.024537,0.024428
0.12195,0.080215,0.11582,0.072409,0.00077871,0.023804,0.031636,0.065941,0.067355,0.15743,0.17448,0.17206,0.18512,0.18533,0.17992,0.17385,0.16984,0.1452,0.14013,0.13627,0.14021,0.14998,0.1464,0.14403,0.14176,0.13999,0.13821,0.13658,0.13514,0.13366,0.13229,0.13103,0.12935,0.12854,0.12741,0.12625,0.12523,0.12406,0.12293,0.1219,0.12064,0.11968,0.11862,0.11756,0.11667,0.11541,0.1143,0.11323,0.11212,0.11103,0.10989,0.10879,0.10789,0.10651,0.10535,0.10422,0.10315,0.10208,0.10104,0.10009,0.099268,0.098544,0.098012,0.097673
0.073171,0.073403,0.098479,0.11898,0.036577,0.087988,0.063716,0.04324,0.13007,0.13095,0.097223,0.080072,0.076418,0.071191,0.069537,0.069024,0.06909,0.068274,0.067866,0.067453,0.067268,0.066254,0.065668,0.065004,0.064667,0.063482,0.062609,0.061765,0.060689,0.059737,0.058667,0.057557,0.054575,0.055202,0.053975,0.052661,0.051068,0.049964,0.04848,0.04701,0.045828,0.043851,0.042246,0.04057,0.038931,0.037228,0.035451,0.033689,0.031846,0.030035,0.028128,0.026204,0.023861,0.02241,0.020401,0.018383,0.016217,0.014421,0.012384,0.01031,0.0081699,0.0061913,0.0041336,0.0020226
0.073171,0.20584,0.16487,0.16524,0.10156,0.10479,0.12337,0.034563,0.051355,0.28353,0.28333,0.27961,0.27456,0.27475,0.27637,0.2777,0.27698,0.27763,0.27725,0.27711,0.27749,0.2773,0.27758,0.27785,0.27791,0.27845,0.27876,0.27928,0.2791,0.27933,0.27954,0.27973,0.27754,0.27993,0.27994,0.27998,0.2803,0.28007,0.27973,0.27982,0.27953,0.27945,0.27927,0.27896,0.27858,0.27854,0.27815,0.27776,0.27724,0.27685,0.27631,0.27572,0.27578,0.27461,0.27381,0.27311,0.27238,0.27168,0.27092,0.27028,0.26964,0.26905,0.26864,0.26837
0.097561,0.17421,0.15975,0.040501,0.12927,0.046456,0.038198,0.14132,0.079794,0.1667,0.11916,0.088663,0.096837,0.10664,0.10609,0.10525,0.10348,0.10345,0.10248,0.10128,0.099091,0.098042,0.096634,0.094901,0.093134,0.091511,0.089978,0.088126,0.086832,0.085248,0.083887,0.082476,0.079379,0.080434,0.079279,0.078278,0.077697,0.076612,0.075671,0.075034,0.074244,0.073757,0.073219,0.07279,0.072448,0.072027,0.071746,0.071469,0.071298,0.071161,0.071135,0.071088,0.071887,0.071359,0.07147,0.071647,0.07188,0.072092,0.072281,0.072543,0.072816,0.07292,0.073056,0.07315
0.02439,0.16758,0.1502,0.060197,0.21511,0.068955,0.15348,0.1232,0.044189,0.026732,0.031284,0.064854,0.071013,0.071287,0.071624,0.071916,0.072069,0.072306,0.072414,0.072426,0.072427,0.072234,0.072037,0.071823,0.07195,0.071348,0.070978,0.07059,0.070259,0.06976,0.069318,0.068874,0.070106,0.067605,0.066991,0.066326,0.0655,0.064816,0.064209,0.063277,0.062772,0.061643,0.060663,0.059605,0.05888,0.05745,0.056184,0.054976,0.053576,0.05213,0.050657,0.048978,0.046839,0.045387,0.043538,0.041436,0.039133,0.036939,0.03454,0.03209,0.030176,0.027711,0.026002,0.02482
0.17073,0.11313,0.13568,0.14509,0.12851,0.015011,0.1126,0.10743,0.19044,0.043705,0.027967,0.050725,0.051221,0.053784,0.060586,0.064659,0.06754,0.069286,0.070677,0.071548,0.072847,0.071621,0.071364,0.070894,0.06899,0.069379,0.068657,0.067811,0.066383,0.065862,0.064897,0.063857,0.062665,0.061744,0.060751,0.059742,0.058426,0.057694,0.05659,0.0555,0.053523,0.053131,0.05205,0.050874,0.049471,0.048529,0.047223,0.045898,0.044586,0.043218,0.041869,0.040373,0.03823,0.037447,0.035786,0.034177,0.030775,0.031397,0.029853,0.028691,0.025852,0.027987,0.029982,0.035783
0.073171,0.31105,0.07337,0.10459,0.2902,0.088567,0.080755,0.18754,0.18652,0.15748,0.16533,0.14209,0.13798,0.12724,0.12051,0.11538,0.10869,0.10745,0.10404,0.10056,0.09738,0.094816,0.091685,0.089022,0.087308,0.084276,0.081828,0.079684,0.077689,0.075347,0.073334,0.071447,0.078402,0.067476,0.065665,0.063778,0.062292,0.059876,0.058471,0.05648,0.054784,0.053236,0.051421,0.049598,0.04612,0.046367,0.044671,0.043112,0.04157,0.039824,0.038235,0.036664,0.034276,0.033405,0.032333,0.03097,0.029876,0.028587,0.02765,0.02649,0.025375,0.025248,0.024771,0.02447
