0.27273,0.19843,0.062135,0.0089494,0.058311,0.035586,0.14448,0.084156,0.16099,0.10276,0.073066,0.076453,0.083901,0.077498,0.075809,0.078026,0.079992,0.081698,0.083985,0.086145,0.088704,0.090255,0.091628,0.092596,0.093397,0.093847,0.094208,0.094482,0.095053,0.094706,0.094721,0.09462,0.097728,0.094489,0.094415,0.094285,0.094276,0.093972,0.093767,0.093586,0.093474,0.093237,0.093062,0.092892,0.092408,0.092527,0.092333,0.092168,0.092048,0.091895,0.091768,0.091649,0.091788,0.091458,0.091349,0.091262,0.091189,0.091125,0.091066,0.091021,0.090985,0.090942,0.090923,0.090912
0.22727,0.13644,0.21203,0.29303,0.060189,0.14489,0.10984,0.06516,0.20553,0.10165,0.12726,0.14665,0.15803,0.18353,0.18607,0.18835,0.19104,0.19423,0.19743,0.20008,0.2029,0.20168,0.20197,0.20076,0.19802,0.19677,0.19536,0.19219,0.19197,0.19076,0.19,0.18945,0.20295,0.18839,0.18795,0.18758,0.18683,0.18677,0.18686,0.1865,0.1859,0.18604,0.18577,0.18547,0.18514,0.18509,0.1848,0.18458,0.18441,0.18409,0.18384,0.18364,0.1829,0.18313,0.18299,0.18279,0.18266,0.18241,0.18226,0.18211,0.18199,0.18194,0.18187,0.18184
0.22727,0.12421,0.23786,0.11547,0.089283,0.068809,0.13639,0.09514,0.13667,0.21967,0.21756,0.16939,0.13433,0.11618,0.10206,0.098583,0.097678,0.097538,0.098019,0.098685,0.1009,0.10059,0.10168,0.10288,0.10369,0.10505,0.10626,0.10743,0.10942,0.10951,0.11045,0.1113,0.10999,0.11316,0.11381,0.11442,0.11478,0.11579,0.11631,0.11693,0.11716,0.11792,0.11849,0.11898,0.11844,0.11997,0.12042,0.12085,0.12122,0.12171,0.12212,0.12268,0.1224,0.12361,0.12397,0.12445,0.1249,0.12548,0.12612,0.12627,0.12702,0.12766,0.1286,0.1307
0.20455,0.2101,0.2078,0.14024,0.021707,0.13987,0.089504,0.12937,0.050511,0.19215,0.27701,0.30543,0.31365,0.33758,0.34221,0.34449,0.34553,0.34746,0.3484,0.34918,0.35056,0.3505,0.35048,0.35087,0.35095,0.35135,0.35139,0.35229,0.35204,0.35195,0.35197,0.35207,0.35007,0.35136,0.35155,0.35156,0.35113,0.35139,0.35167,0.35129,0.35146,0.35098,0.35079,0.35005,0.35202,0.35011,0.34979,0.34951,0.34887,0.34926,0.34891,0.34857,0.34824,0.34822,0.34715,0.34668,0.34567,0.34555,0.34456,0.34433,0.34392,0.34248,0.34172,0.34114
0.18182,0.13653,0.08914,0.11543,0.12493,0.23312,0.077917,0.11074,0.086348,0.099193,0.14108,0.11156,0.12685,0.12451,0.1225,0.12136,0.12092,0.1201,0.1198,0.11971,0.11845,0.11977,0.11994,0.1202,0.11989,0.12114,0.12178,0.12284,0.12531,0.12523,0.12671,0.12804,0.11819,0.13186,0.13302,0.1343,0.13476,0.13626,0.13694,0.13786,0.13817,0.1388,0.13929,0.13967,0.13883,0.14037,0.14064,0.14081,0.14104,0.14111,0.14122,0.14121,0.14052,0.14106,0.14089,0.14066,0.14056,0.13995,0.13941,0.13882,0.13823,0.13753,0.13694,0.13654
0.22727,0.23029,0.29263,0.096148,0.12849,0.10212,0.14807,0.096191,0.26622,0.14502,0.15833,0.16627,0.15387,0.1432,0.14223,0.14317,0.1457,0.14702,0.1492,0.15177,0.15388,0.15625,0.15843,0.16059,0.16181,0.16436,0.166,0.1678,0.16897,0.17035,0.17159,0.17274,0.16611,0.17474,0.17567,0.17655,0.17737,0.17814,0.17875,0.17942,0.17949,0.18044,0.18089,0.18129,0.18167,0.18204,0.18225,0.18247,0.18262,0.18277,0.18284,0.18288,0.18285,0.18291,0.18281,0.18271,0.18274,0.18248,0.18232,0.18221,0.18208,0.18197,0.18189,0.18184
0.022727,0.11672,0.14481,0.13131,0.14062,0.040974,0.11525,0.085755,0.24337,0.16956,0.10597,0.097519,0.10807,0.10254,0.099899,0.098103,0.093399,0.094427,0.090743,0.084053,0.080321,0.077905,0.077011,0.076647,0.076105,0.076024,0.075828,0.075619,0.075584,0.074963,0.074524,0.074026,0.071923,0.07308,0.072588,0.07199,0.071487,0.070674,0.069953,0.069179,0.068613,0.067709,0.066878,0.066001,0.06447,0.064072,0.063096,0.062086,0.061047,0.060033,0.058939,0.057788,0.057448,0.055451,0.054216,0.052979,0.051949,0.050664,0.049468,0.048376,0.047369,0.046569,0.045949,0.045583
0.20455,0.13989,0.23754,0.26091,0.01308,0.055673,0.13377,0.10322,0.11445,0.059914,0.12352,0.1541,0.16364,0.16958,0.17261,0.1747,0.1762,0.17794,0.18032,0.18419,0.1883,0.19289,0.19424,0.19457,0.19376,0.194,0.1934,0.19293,0.19385,0.19207,0.19152,0.19094,0.18821,0.19013,0.18937,0.18881,0.18786,0.18812,0.18765,0.18689,0.18651,0.18595,0.18557,0.18517,0.18168,0.18427,0.18389,0.18341,0.18288,0.18253,0.18219,0.18176,0.18229,0.1816,0.18102,0.18065,0.17907,0.18037,0.18015,0.17953,0.18003,0.1802,0.18054,0.181
0.22727,0.195,0.26427,0.14917,0.094304,0.066301,0.18817,0.15955,0.039366,0.3355,0.35193,0.35031,0.35312,0.35568,0.35843,0.36042,0.36218,0.36281,0.36314,0.36321,0.3636,0.36192,0.36074,0.35953,0.3579,0.35671,0.35546,0.35414,0.35345,0.35244,0.35177,0.35128,0.35333,0.34998,0.34965,0.34937,0.34878,0.34898,0.3484,0.34816,0.34765,0.34767,0.34747,0.34703,0.34661,0.34675,0.34655,0.34632,0.34555,0.3459,0.34561,0.34532,0.3445,0.34512,0.34417,0.34388,0.34345,0.34302,0.34244,0.34251,0.34255,0.34155,0.34125,0.34106
0.27273,0.17914,0.20263,0.077932,0.086396,0.12355,0.14778,0.099166,0.12554,0.34362,0.34171,0.3254,0.3239,0.33053,0.32963,0.32677,0.32368,0.32107,0.31863,0.31652,0.31395,0.31301,0.31144,0.31013,0.30879,0.30796,0.30701,0.30623,0.30547,0.30471,0.30409,0.3035,0.30181,0.30249,0.30205,0.30164,0.30131,0.30089,0.30066,0.30035,0.30018,0.29997,0.29981,0.2996,0.2998,0.29946,0.29937,0.29931,0.29921,0.29929,0.2993,0.29935,0.299,0.29963,0.29984,0.30008,0.30021,0.30052,0.30078,0.30069,0.30098,0.30025,0.29911,0.29703
0.22727,0.1758,0.096987,0.07772,0.16375,0.13977,0.12133,0.1637,0.22541,0.12075,0.1048,0.12644,0.14242,0.15351,0.15843,0.16084,0.16144,0.16208,0.16203,0.16186,0.16134,0.16081,0.16036,0.15987,0.15933,0.15887,0.15836,0.15793,0.15727,0.15709,0.15671,0.15638,0.15765,0.15622,0.15591,0.15576,0.15566,0.15568,0.15565,0.15562,0.15575,0.15584,0.15593,0.15607,0.15663,0.15635,0.15656,0.15681,0.15706,0.1572,0.15743,0.1576,0.15788,0.15813,0.15828,0.15846,0.15863,0.15867,0.15881,0.15895,0.159,0.15904,0.15907,0.15909
0.27273,0.066402,0.11283,0.03463,0.041828,0.20728,0.10802,0.18682,0.089239,0.23146,0.2385,0.2625,0.27745,0.2874,0.29105,0.29296,0.29216,0.2925,0.29117,0.28985,0.28917,0.28719,0.28636,0.28538,0.28461,0.28372,0.28283,0.28168,0.28048,0.27985,0.27886,0.27788,0.27395,0.27564,0.27481,0.2739,0.27276,0.27241,0.27162,0.27086,0.27028,0.27031,0.2697,0.26922,0.2689,0.26844,0.26811,0.26795,0.26768,0.26772,0.26773,0.26778,0.26626,0.26832,0.26864,0.26908,0.26984,0.26963,0.27031,0.2708,0.27101,0.27194,0.27236,0.27261
0.20455,0.11602,0.011337,0.081737,0.13984,0.1778,0.11832,0.093125,0.047031,0.24183,0.29935,0.27514,0.27735,0.27712,0.27735,0.27807,0.27983,0.28033,0.28137,0.28241,0.2831,0.28432,0.2851,0.28589,0.28673,0.28719,0.28782,0.2886,0.28896,0.28961,0.29013,0.29059,0.2893,0.29151,0.29195,0.29233,0.29292,0.29307,0.29341,0.29374,0.2944,0.29421,0.29454,0.2947,0.29503,0.29524,0.29549,0.29568,0.29586,0.29609,0.29624,0.29645,0.29744,0.29688,0.29696,0.29709,0.29654,0.29758,0.29763,0.29722,0.29744,0.29686,0.29632,0.29575
0.25,0.23288,0.20081,0.19192,0.076687,0.10632,0.15595,0.16826,0.28393,0.21299,0.18216,0.18332,0.18224,0.1872,0.19324,0.19722,0.19917,0.20052,0.20846,0.22502,0.20345,0.23614,0.23848,0.24036,0.24104,0.24213,0.24264,0.24289,0.24015,0.24257,0.24247,0.24225,0.241,0.24217,0.2419,0.24165,0.24136,0.24118,0.24084,0.24049,0.24025,0.23984,0.23945,0.23905,0.23923,0.23829,0.23787,0.23743,0.23692,0.23647,0.23592,0.23529,0.23501,0.23422,0.23342,0.23275,0.23203,0.23128,0.23044,0.22988,0.2292,0.22834,0.22777,0.22738
0.25,0.19821,0.21762,0.085222,0.082385,0.14771,0.1632,0.1559,0.031527,0.33953,0.36441,0.35761,0.36893,0.37592,0.37824,0.38027,0.38192,0.38342,0.38467,0.38584,0.38721,0.38766,0.38839,0.38918,0.38962,0.39026,0.39079,0.39133,0.39287,0.39211,0.39243,0.39261,0.38147,0.3929,0.39277,0.39247,0.3934,0.39058,0.38901,0.3856,0.38455,0.37991,0.37798,0.37669,0.37421,0.37588,0.37597,0.37597,0.37575,0.37632,0.3766,0.37685,0.37572,0.37779,0.37815,0.37856,0.38003,0.37997,0.38094,0.38047,0.3818,0.38355,0.38473,0.38576
0.22727,0.14719,0.17234,0.0044709,0.15544,0.15195,0.14895,0.15024,0.20278,0.35052,0.38499,0.39078,0.38908,0.40385,0.40263,0.40014,0.39816,0.39543,0.3932,0.39117,0.39036,0.38761,0.3861,0.38476,0.38405,0.38299,0.382,0.38135,0.38119,0.37998,0.37937,0.37877,0.37698,0.37814,0.37756,0.37708,0.3762,0.37622,0.37579,0.37533,0.37543,0.3748,0.37439,0.37395,0.37274,0.37322,0.37273,0.37235,0.3719,0.37145,0.37102,0.37058,0.36942,0.36953,0.36902,0.36848,0.36762,0.36713,0.36658,0.36576,0.36499,0.36456,0.3641,0.36378
0.22727,0.16701,0.12008,0.14869,0.12485,0.068074,0.13853,0.14513,0.3471,0.058325,0.092609,0.11095,0.12029,0.12638,0.12828,0.1283,0.12608,0.12505,0.12183,0.11812,0.11103,0.11066,0.10789,0.10592,0.10369,0.10279,0.10149,0.099974,0.097265,0.097893,0.096874,0.09577,0.10013,0.093694,0.092888,0.091953,0.090545,0.090057,0.089509,0.088631,0.088916,0.086982,0.086158,0.08559,0.088585,0.083953,0.083279,0.082478,0.081976,0.081228,0.080479,0.080105,0.073999,0.078651,0.078393,0.077819,0.074826,0.076422,0.076287,0.075397,0.075715,0.073258,0.071481,0.069149
0.20455,0.064946,0.093253,0.10624,0.08458,0.18437,0.058529,0.12657,0.16716,0.32186,0.33296,0.33033,0.3224,0.31965,0.30903,0.29025,0.27987,0.28177,0.28084,0.28139,0.28041,0.28169,0.28142,0.28127,0.28187,0.28118,0.28113,0.2813,0.28075,0.28152,0.28161,0.28184,0.29761,0.28189,0.28207,0.28216,0.28283,0.28256,0.28231,0.28263,0.28243,0.2829,0.28309,0.2834,0.28513,0.28386,0.28394,0.28431,0.28456,0.28501,0.28541,0.28596,0.28784,0.28684,0.28745,0.28819,0.28922,0.28973,0.29073,0.2918,0.29335,0.29374,0.29463,0.29528
0.15909,0.039759,0.080039,0.13127,0.040065,0.053716,0.069268,0.089608,0.14255,0.041679,0.05475,0.062759,0.050274,0.04743,0.050745,0.05539,0.056056,0.055821,0.054696,0.053228,0.051196,0.050015,0.048287,0.046592,0.044745,0.043294,0.041732,0.040042,0.038521,0.03709,0.035654,0.034211,0.033924,0.031807,0.030572,0.0294,0.0285,0.027269,0.026336,0.025328,0.024489,0.023766,0.023047,0.022484,0.022737,0.021516,0.021138,0.020858,0.020766,0.020618,0.020574,0.020624,0.021218,0.021086,0.021354,0.02162,0.021922,0.022301,0.022284,0.022743,0.023786,0.022441,0.021875,0.02164
0.068182,0.11802,0.059839,0.06066,0.046083,0.14758,0.14359,0.18709,0.082089,0.031803,0.057744,0.053028,0.069292,0.080046,0.090965,0.093264,0.094147,0.095457,0.096182,0.096891,0.096497,0.097904,0.098373,0.098802,0.099133,0.099426,0.099841,0.1,0.1004,0.10055,0.10079,0.10097,0.10209,0.10144,0.1016,0.10181,0.10227,0.10219,0.1024,0.10265,0.10317,0.103,0.10324,0.10354,0.10345,0.10409,0.10444,0.10474,0.10517,0.10552,0.10595,0.10642,0.10772,0.10749,0.10807,0.10868,0.10897,0.11009,0.11079,0.11156,0.11221,0.11277,0.11323,0.11354
0.25,0.16695,0.21128,0.12865,0.083116,0.11857,0.095648,0.091269,0.25982,0.20106,0.22457,0.2428,0.23963,0.23512,0.24082,0.24685,0.25139,0.25689,0.26069,0.26379,0.26229,0.26811,0.26957,0.27071,0.27225,0.2724,0.27302,0.27343,0.27366,0.27414,0.2744,0.27462,0.26696,0.27478,0.27497,0.27506,0.2744,0.27509,0.27505,0.27506,0.27476,0.27498,0.27492,0.27491,0.27617,0.27465,0.27454,0.2744,0.27428,0.27417,0.27404,0.27386,0.27229,0.27361,0.27347,0.27334,0.27328,0.27316,0.27304,0.27297,0.27306,0.27281,0.27276,0.27274
0.29545,0.16748,0.21104,0.068848,0.062905,0.16033,0.073468,0.19203,0.066418,0.27205,0.28961,0.29996,0.30356,0.30802,0.30967,0.31087,0.31223,0.31271,0.31342,0.31411,0.31403,0.31518,0.3157,0.31613,0.31678,0.3169,0.31727,0.31756,0.31802,0.31811,0.31835,0.31857,0.31752,0.31898,0.31914,0.31928,0.31976,0.31951,0.31959,0.31969,0.31997,0.31983,0.31988,0.31991,0.3195,0.31996,0.3199,0.31986,0.31981,0.31974,0.31965,0.31956,0.31997,0.3193,0.31918,0.31905,0.31885,0.31877,0.31863,0.31851,0.31842,0.31831,0.31824,0.3182
0.20455,0.13454,0.12807,0.018629,0.034458,0.099749,0.08994,0.15961,0.15623,0.11854,0.14411,0.14728,0.15829,0.16746,0.17627,0.18424,0.19158,0.1975,0.20308,0.20811,0.21219,0.21686,0.22053,0.22379,0.22696,0.22943,0.2319,0.23428,0.23538,0.23815,0.23997,0.24158,0.24168,0.24473,0.24612,0.24746,0.24854,0.24998,0.25111,0.25225,0.25329,0.25431,0.25532,0.25623,0.25766,0.25811,0.25895,0.25972,0.26047,0.26125,0.26193,0.26254,0.26222,0.26393,0.26438,0.26491,0.26559,0.2662,0.26674,0.26768,0.26855,0.2696,0.27098,0.27223
0.068182,0.073074,0.085682,0.079071,0.036903,0.092608,0.036848,0.10657,0.10666,0.067321,0.070677,0.080014,0.090407,0.099512,0.10196,0.10101,0.099699,0.098942,0.098343,0.097356,0.09628,0.095009,0.094024,0.093023,0.092212,0.091433,0.09076,0.090162,0.089783,0.089268,0.088859,0.088516,0.088043,0.087945,0.087717,0.087466,0.087285,0.08708,0.086902,0.086724,0.086617,0.086454,0.08634,0.08626,0.086172,0.086124,0.086094,0.086116,0.086169,0.086221,0.086309,0.086458,0.086658,0.086814,0.087079,0.087384,0.087629,0.088144,0.088628,0.089113,0.089659,0.090118,0.09053,0.090806
0.11364,0.11386,0.19753,0.13547,0.095285,0.11503,0.069727,0.15961,0.0873,0.12605,0.10408,0.095386,0.083863,0.083305,0.080614,0.079141,0.077981,0.077717,0.077363,0.07713,0.074804,0.076852,0.076761,0.07664,0.076883,0.076478,0.076431,0.07633,0.075292,0.076054,0.075899,0.075684,0.076773,0.075563,0.075332,0.075085,0.074818,0.074524,0.074306,0.074087,0.074157,0.073545,0.073267,0.072908,0.072867,0.072332,0.072005,0.071704,0.071438,0.07109,0.070752,0.070455,0.069713,0.069847,0.069638,0.069387,0.069093,0.068947,0.068749,0.068541,0.068385,0.068331,0.068256,0.068207
0.18182,0.099154,0.21858,0.1685,0.091003,0.076489,0.022054,0.074573,0.024936,0.14291,0.09672,0.068449,0.052022,0.047462,0.045167,0.044677,0.045376,0.044835,0.044977,0.045107,0.044031,0.04553,0.045623,0.045754,0.045947,0.046031,0.046151,0.046269,0.045923,0.046407,0.046502,0.046541,0.049064,0.046674,0.046726,0.046745,0.046939,0.046731,0.04684,0.04683,0.046821,0.046784,0.046764,0.046715,0.046249,0.046668,0.046594,0.046518,0.046484,0.046385,0.046283,0.046186,0.045895,0.04604,0.045999,0.045899,0.045823,0.045753,0.045693,0.04559,0.045448,0.045508,0.045479,0.04546
0.090909,0.055853,0.053218,0.16058,0.12325,0.10185,0.11229,0.04147,0.17075,0.13155,0.10429,0.19773,0.21625,0.22171,0.22386,0.22498,0.22562,0.22607,0.22643,0.22671,0.22682,0.22723,0.22737,0.22753,0.22705,0.22782,0.22806,0.22826,0.22848,0.22871,0.22895,0.22918,0.22958,0.22976,0.23013,0.23047,0.2309,0.23114,0.23163,0.23204,0.23196,0.23309,0.23366,0.23425,0.23522,0.23543,0.23616,0.23685,0.23765,0.23844,0.23927,0.24016,0.24157,0.24189,0.24292,0.2439,0.24509,0.24581,0.24678,0.24761,0.24855,0.24908,0.24958,0.2499
0.090909,0.077491,0.087718,0.086914,0.098742,0.10809,0.049594,0.15299,0.097783,0.1669,0.051101,0.0053168,0.019437,0.034218,0.035437,0.034739,0.034179,0.033477,0.033518,0.033698,0.033754,0.033131,0.031629,0.029678,0.028137,0.025786,0.023991,0.022693,0.02133,0.019433,0.01805,0.016695,0.011924,0.013842,0.012697,0.011584,0.0098964,0.0094536,0.0083822,0.0077646,0.0066624,0.0063707,0.0060807,0.005958,0.0012513,0.0065077,0.0070209,0.0074733,0.0083264,0.0088999,0.0097725,0.010443,0.0055994,0.011591,0.012252,0.012604,0.012585,0.013073,0.012669,0.012178,0.0072677,0.0097903,0.0073649,0.0045961
0.022727,0.027574,0.067397,0.12419,0.13241,0.27703,0.16933,0.2631,0.095355,0.19392,0.2294,0.24881,0.25788,0.2594,0.25521,0.23733,0.23163,0.23152,0.23099,0.23073,0.23189,0.23083,0.23099,0.23111,0.23138,0.23151,0.23169,0.23178,0.23215,0.2321,0.23221,0.23231,0.23404,0.2327,0.23298,0.23312,0.2331,0.23343,0.2336,0.23383,0.23412,0.23435,0.23463,0.23501,0.23456,0.23543,0.23589,0.23628,0.23687,0.23738,0.23786,0.2386,0.23992,0.23953,0.24042,0.24131,0.24244,0.24334,0.24456,0.24576,0.24717,0.24786,0.2489,0.24981
0,0.25824,0.10592,0.074341,0.22506,0.16462,0.054948,0.072505,0.21633,0.22428,0.2397,0.21869,0.19934,0.1859,0.177,0.17122,0.16751,0.16441,0.16282,0.16208,0.16125,0.16129,0.16128,0.16141,0.16151,0.16178,0.16206,0.16232,0.16282,0.16292,0.16324,0.16357,0.16347,0.16418,0.16451,0.1648,0.16512,0.16543,0.16582,0.16613,0.16644,0.16688,0.16725,0.16763,0.16787,0.16841,0.16882,0.1693,0.16976,0.17026,0.17077,0.17136,0.17187,0.17257,0.1733,0.17406,0.17501,0.17577,0.17668,0.17774,0.17863,0.17982,0.18083,0.18153
0.13636,0.24187,0.27579,0.18229,0.27057,0.29348,0.24977,0.28068,0.32102,0.45908,0.46143,0.4575,0.45948,0.4579,0.47937,0.47863,0.47737,0.47884,0.47957,0.48021,0.48377,0.48338,0.48364,0.48419,0.48552,0.48537,0.48556,0.48593,0.48675,0.48623,0.48635,0.48653,0.48202,0.48658,0.48663,0.48669,0.48666,0.48657,0.48666,0.4867,0.48678,0.48677,0.48675,0.48673,0.48521,0.48658,0.48654,0.48651,0.48641,0.48643,0.48642,0.48646,0.48622,0.48623,0.48643,0.48667,0.48681,0.4873,0.48812,0.48918,0.48911,0.49178,0.49429,0.49793
0.11364,0.041977,0.056052,0.059372,0.078176,0.10163,0.12516,0.19716,0.13358,0.063444,0.046847,0.042594,0.03858,0.044242,0.027226,0.025161,0.02562,0.027214,0.029118,0.031755,0.034193,0.03463,0.035445,0.035719,0.035564,0.03583,0.035853,0.035832,0.035677,0.035883,0.035903,0.035869,0.033798,0.03614,0.036174,0.036269,0.036525,0.036398,0.036532,0.03666,0.036922,0.036758,0.036885,0.036904,0.036702,0.037101,0.037269,0.037412,0.037474,0.037719,0.037981,0.038186,0.039875,0.038664,0.039091,0.039495,0.039211,0.040673,0.041556,0.041715,0.04209,0.043744,0.044595,0.045275
0.045455,0.1082,0.16024,0.1877,0.073213,0.1672,0.023359,0.10089,0.098164,0.049043,0.077847,0.063114,0.055887,0.054037,0.053,0.053335,0.053785,0.053541,0.051938,0.049342,0.045839,0.044461,0.04426,0.044454,0.044477,0.044949,0.045206,0.045367,0.045625,0.045545,0.045605,0.045669,0.046586,0.045655,0.045672,0.045676,0.045589,0.04569,0.045644,0.04566,0.04549,0.045586,0.045585,0.045571,0.045344,0.045591,0.045543,0.04554,0.045525,0.045517,0.045503,0.045496,0.045365,0.045489,0.045476,0.045467,0.045477,0.045476,0.045463,0.045462,0.045436,0.045456,0.045455,0.045454
0.18182,0.07393,0.13529,0.076409,0.17666,0.17807,0.22114,0.042818,0.058247,0.12765,0.25716,0.29188,0.30368,0.31328,0.32194,0.323,0.32173,0.31967,0.31877,0.3183,0.31799,0.31837,0.3184,0.31852,0.31856,0.31887,0.31912,0.31939,0.31924,0.31971,0.31992,0.32009,0.31707,0.32036,0.32058,0.32076,0.32102,0.32095,0.32104,0.32122,0.32127,0.32133,0.32137,0.32136,0.32181,0.32142,0.32137,0.3213,0.32122,0.32115,0.32104,0.3209,0.32113,0.32049,0.32028,0.32005,0.3198,0.31954,0.31924,0.31899,0.31884,0.31851,0.31833,0.31822
0.15909,0.18227,0.13381,0.047987,0.020344,0.057166,0.19389,0.11583,0.30923,0.14085,0.1201,0.12184,0.12129,0.1414,0.13925,0.13454,0.12852,0.12511,0.12223,0.12021,0.11897,0.11724,0.11622,0.11533,0.11402,0.11412,0.11348,0.11303,0.11257,0.11232,0.112,0.11176,0.11471,0.11131,0.11119,0.11108,0.11085,0.11092,0.11094,0.11083,0.1106,0.11094,0.11097,0.111,0.1111,0.1111,0.1112,0.11135,0.11146,0.11162,0.11177,0.11188,0.11196,0.11233,0.11252,0.1127,0.11288,0.11298,0.11318,0.11328,0.11338,0.1135,0.11357,0.11362
0.27273,0.31377,0.28366,0.1495,0.25045,0.21859,0.020401,0.080584,0.38704,0.34677,0.36822,0.36513,0.37059,0.36613,0.35712,0.35497,0.35352,0.35346,0.35294,0.35273,0.3524,0.35202,0.35164,0.35139,0.35109,0.35085,0.35054,0.35041,0.34992,0.34984,0.34959,0.34942,0.34857,0.34897,0.34874,0.34856,0.3483,0.34811,0.34803,0.34788,0.34743,0.34761,0.34751,0.34733,0.34763,0.34706,0.34695,0.34688,0.34667,0.34657,0.34643,0.3462,0.34571,0.34571,0.34542,0.34511,0.34525,0.34429,0.34371,0.34312,0.34247,0.34185,0.34136,0.34103
0.15909,0.30893,0.20427,0.078091,0.22392,0.032749,0.18125,0.15385,0.11988,0.052912,0.085783,0.12464,0.1373,0.14197,0.14572,0.14798,0.1474,0.15102,0.15205,0.15287,0.15258,0.154,0.15468,0.15512,0.15525,0.15617,0.15644,0.15637,0.15647,0.15719,0.15733,0.15773,0.161,0.15784,0.15793,0.15801,0.15834,0.15826,0.15814,0.1579,0.15713,0.15803,0.15784,0.1578,0.15777,0.15701,0.15664,0.15654,0.15597,0.15539,0.15499,0.15416,0.15431,0.15287,0.15197,0.15104,0.15115,0.14829,0.14683,0.14498,0.14378,0.14108,0.139,0.13689
0.15909,0.076128,0.18521,0.1273,0.080093,0.066623,0.058638,0.098011,0.13633,0.12136,0.05642,0.021073,0.032721,0.061223,0.064582,0.053678,0.048273,0.046421,0.043825,0.041187,0.036946,0.036051,0.033561,0.031276,0.029013,0.027289,0.025682,0.024132,0.02282,0.02168,0.020625,0.019732,0.020596,0.018145,0.017594,0.016999,0.01661,0.016098,0.015763,0.015442,0.014979,0.01486,0.014725,0.014607,0.015363,0.014421,0.01434,0.014408,0.014313,0.014543,0.014587,0.014831,0.015007,0.015215,0.015464,0.015768,0.016113,0.016728,0.017152,0.017672,0.018669,0.019406,0.020567,0.021851
0.18182,0.12115,0.16676,0.13511,0.19758,0.19099,0.13223,0.1095,0.046824,0.049358,0.098573,0.11553,0.11945,0.12192,0.12013,0.11868,0.11729,0.11656,0.11585,0.11555,0.11484,0.11481,0.11459,0.11445,0.11426,0.11419,0.1142,0.11415,0.11422,0.11414,0.11413,0.11408,0.11313,0.11404,0.11398,0.11398,0.11412,0.11389,0.11379,0.11372,0.1135,0.11361,0.11352,0.11342,0.11367,0.11315,0.11294,0.11272,0.11254,0.11228,0.11198,0.11167,0.11133,0.11085,0.11041,0.10997,0.11041,0.10906,0.10849,0.10842,0.10907,0.10864,0.10975,0.11215
0.11364,0.073258,0.047692,0.13743,0.10102,0.031063,0.11962,0.19092,0.12964,0.1185,0.099265,0.074526,0.06421,0.049573,0.042074,0.035079,0.031105,0.027335,0.026796,0.030506,0.025918,0.020641,0.017175,0.014155,0.010296,0.0092224,0.0072702,0.0054199,0.0034042,0.0026156,0.0015253,0.0010595,0.0066196,0.0022695,0.0030947,0.0038032,0.0044866,0.0049429,0.0055754,0.0058831,0.0072207,0.0065599,0.0067371,0.0068106,0.0060473,0.0070056,0.0068847,0.0067813,0.006616,0.0064039,0.0061132,0.0057875,0.0055134,0.0050997,0.0047408,0.0043232,0.0043296,0.0035717,0.003274,0.0027245,0.002535,0.0018364,0.0012374,0.00062992
0.15909,0.065106,0.15614,0.088082,0.024748,0.043784,0.012563,0.080479,0.046213,0.14101,0.11611,0.11856,0.11102,0.11431,0.11791,0.11955,0.12068,0.1213,0.12188,0.12235,0.12321,0.12351,0.1241,0.12468,0.12461,0.12577,0.12633,0.12676,0.12743,0.12784,0.12833,0.12883,0.13003,0.12969,0.13008,0.13048,0.13094,0.13126,0.13163,0.13197,0.13206,0.13261,0.13291,0.13323,0.13359,0.13378,0.13404,0.13428,0.13451,0.13471,0.13493,0.13513,0.13538,0.13546,0.13561,0.13575,0.1359,0.13599,0.13609,0.13618,0.13626,0.1363,0.13633,0.13636
0,0.27061,0.088794,0.097354,0.18129,0.15015,0.14567,0.1004,0.1496,0.23714,0.22055,0.20932,0.18984,0.18263,0.17521,0.17029,0.16644,0.16431,0.16222,0.16055,0.15896,0.1579,0.15693,0.15606,0.1558,0.15487,0.15447,0.15402,0.15398,0.15371,0.15363,0.15359,0.15433,0.15358,0.15371,0.15387,0.15403,0.15421,0.15441,0.15461,0.15497,0.15504,0.1553,0.15557,0.15557,0.15604,0.15632,0.15656,0.15682,0.15706,0.1573,0.15748,0.15769,0.15793,0.15812,0.15828,0.15843,0.15862,0.15874,0.15884,0.15891,0.159,0.15905,0.15908
0.31818,0.035413,0.066145,0.18186,0.17609,0.081019,0.06082,0.068098,0.25926,0.15201,0.11245,0.1158,0.10887,0.10399,0.097808,0.09263,0.08863,0.084307,0.080856,0.077703,0.073576,0.072165,0.069529,0.067303,0.065422,0.063104,0.061281,0.059654,0.057168,0.056062,0.054466,0.052946,0.053359,0.050049,0.048693,0.047328,0.046382,0.044667,0.043673,0.042399,0.041484,0.040053,0.038905,0.037653,0.037769,0.035575,0.03451,0.033477,0.032497,0.031484,0.030513,0.029601,0.029445,0.02782,0.027106,0.026338,0.025564,0.02498,0.024399,0.023838,0.023625,0.023153,0.022918,0.022774
0.22727,0.13226,0.14708,0.065911,0.070908,0.095799,0.1633,0.032977,0.24007,0.12221,0.11522,0.099566,0.088235,0.078384,0.074478,0.071654,0.069782,0.06746,0.065604,0.063868,0.062232,0.060678,0.059296,0.057929,0.056425,0.055422,0.054343,0.0534,0.051919,0.051306,0.050448,0.049691,0.046064,0.048111,0.04747,0.046865,0.046518,0.045904,0.045293,0.044877,0.044603,0.044247,0.043969,0.043683,0.043978,0.043428,0.043315,0.043256,0.043119,0.043201,0.043265,0.043376,0.043976,0.043667,0.043769,0.043996,0.04418,0.044415,0.044616,0.044877,0.045124,0.045222,0.045342,0.04542
0.022727,0.048358,0.13083,0.051649,0.14174,0.14671,0.23245,0.12536,0.23197,0.036876,0.045938,0.020937,0.021705,0.01876,0.019526,0.019158,0.018414,0.01855,0.018691,0.019195,0.019513,0.020164,0.020727,0.021208,0.021701,0.021882,0.022106,0.022391,0.0223,0.022608,0.022685,0.022771,0.022139,0.022836,0.022864,0.022923,0.02298,0.022989,0.023032,0.023007,0.023271,0.022965,0.022964,0.022912,0.023538,0.02296,0.022876,0.022847,0.022784,0.022759,0.022782,0.02268,0.022537,0.022698,0.022669,0.022637,0.022369,0.022575,0.022668,0.022615,0.022826,0.022679,0.022697,0.022725
0.22727,0.231,0.19994,0.065745,0.18503,0.12308,0.15383,0.27527,0.33392,0.073378,0.13981,0.13179,0.12771,0.12165,0.11686,0.11409,0.11342,0.1113,0.11037,0.10964,0.10937,0.10829,0.10774,0.10722,0.10707,0.10634,0.10595,0.10565,0.10515,0.10495,0.10465,0.10437,0.10292,0.10386,0.10362,0.1034,0.10307,0.10299,0.10277,0.10259,0.10253,0.10232,0.10219,0.10206,0.10226,0.10192,0.1018,0.10177,0.10175,0.10183,0.1019,0.10205,0.10192,0.10254,0.10289,0.10341,0.10399,0.10485,0.10586,0.10702,0.10857,0.11005,0.11173,0.11309
0.068182,0.24051,0.2334,0.048609,0.19727,0.017305,0.12781,0.076014,0.33366,0.15796,0.10098,0.069402,0.067159,0.061483,0.059464,0.059464,0.062127,0.062438,0.063813,0.064712,0.06526,0.065377,0.065662,0.065419,0.065697,0.064632,0.064036,0.063229,0.062771,0.061492,0.060514,0.059531,0.055005,0.057612,0.056573,0.055484,0.054501,0.053612,0.052123,0.051215,0.05045,0.049107,0.048001,0.047003,0.045557,0.044806,0.043555,0.042485,0.041337,0.04017,0.038906,0.037766,0.036387,0.035484,0.033903,0.032574,0.031052,0.029743,0.02808,0.026826,0.025205,0.023565,0.022343,0.021996
0.27273,0.10493,0.10103,0.18016,0.11214,0.046728,0.06833,0.10136,0.24486,0.085961,0.061237,0.064249,0.083837,0.10169,0.10744,0.10824,0.10817,0.10768,0.10729,0.10697,0.10458,0.10638,0.10612,0.10573,0.10563,0.10522,0.10515,0.10499,0.10406,0.10533,0.10558,0.10594,0.10884,0.10707,0.10749,0.108,0.10921,0.10919,0.10959,0.11012,0.11134,0.11109,0.11156,0.11206,0.11404,0.11255,0.11281,0.11306,0.11334,0.1134,0.11348,0.11358,0.1161,0.11371,0.11364,0.11361,0.11277,0.11351,0.11343,0.11349,0.11427,0.11352,0.11358,0.11362
0.25,0.12128,0.099505,0.21627,0.12943,0.050741,0.075934,0.17046,0.33524,0.11876,0.046853,0.049797,0.033153,0.0056834,0.0092739,0.016097,0.020581,0.021356,0.021817,0.022624,0.02232,0.025035,0.026096,0.026968,0.028338,0.028375,0.02884,0.029326,0.03001,0.029838,0.030028,0.030171,0.033472,0.029847,0.029829,0.029706,0.029873,0.029302,0.029071,0.028749,0.028296,0.028156,0.027797,0.027487,0.026464,0.026607,0.026231,0.025806,0.025425,0.024897,0.024456,0.024018,0.024073,0.023073,0.022807,0.02245,0.02262,0.021927,0.021844,0.021729,0.02124,0.022026,0.0223,0.02256
0.022727,0.26894,0.028168,0.19668,0.28037,0.14081,0.28836,0.11107,0.46014,0.16517,0.1087,0.045485,0.016475,0.034225,0.054333,0.065279,0.075829,0.085614,0.093598,0.099683,0.1048,0.10833,0.11136,0.1138,0.11699,0.11744,0.11886,0.12004,0.12088,0.12189,0.12265,0.12326,0.12595,0.12425,0.12471,0.12508,0.12555,0.12569,0.12593,0.12617,0.12719,0.12648,0.12663,0.12679,0.12698,0.12702,0.12724,0.12736,0.1276,0.12776,0.128,0.12824,0.12946,0.12894,0.12938,0.12989,0.12964,0.13126,0.132,0.13297,0.1339,0.13478,0.13558,0.13616
0.022727,0.15562,0.14303,0.045786,0.22413,0.14711,0.18489,0.18751,0.41845,0.066922,0.072249,0.068875,0.078038,0.084879,0.098557,0.10826,0.1089,0.11102,0.11172,0.11211,0.11131,0.11228,0.11231,0.11211,0.11048,0.11143,0.11102,0.11057,0.11048,0.1096,0.10894,0.10836,0.1055,0.10685,0.10604,0.1052,0.10445,0.10345,0.1023,0.1014,0.099543,0.099169,0.098047,0.096922,0.094924,0.0944,0.092983,0.09167,0.090235,0.088773,0.087233,0.085761,0.083465,0.082461,0.080693,0.078996,0.077622,0.075593,0.073932,0.072455,0.070881,0.06985,0.068966,0.068393
0.11364,0.1325,0.030404,0.082173,0.13129,0.17316,0.23533,0.15705,0.19776,0.14398,0.15363,0.14552,0.13159,0.14051,0.14276,0.14298,0.14252,0.14232,0.14197,0.14175,0.14124,0.14131,0.14117,0.14104,0.14099,0.14069,0.14058,0.14043,0.14033,0.14015,0.14001,0.1399,0.13888,0.13945,0.13922,0.13903,0.13879,0.1386,0.13846,0.13825,0.13832,0.13784,0.13766,0.13744,0.13715,0.13715,0.13704,0.13689,0.13665,0.13658,0.13648,0.13641,0.1359,0.13619,0.13621,0.1362,0.1361,0.13617,0.13622,0.13621,0.13621,0.13631,0.13633,0.13634
0.20455,0.12454,0.14741,0.091952,0.22235,0.12277,0.16804,0.082925,0.42901,0.074554,0.081281,0.07193,0.093979,0.09812,0.10189,0.10505,0.1078,0.11183,0.11476,0.11664,0.11823,0.11845,0.11875,0.11893,0.11929,0.1189,0.11892,0.1189,0.11859,0.11858,0.11845,0.11829,0.11955,0.1179,0.11775,0.11757,0.11736,0.11718,0.11701,0.11681,0.11656,0.11639,0.11621,0.116,0.11585,0.11567,0.11547,0.11529,0.11512,0.11496,0.1148,0.11466,0.11449,0.11437,0.11425,0.11414,0.11405,0.11395,0.11386,0.11379,0.11374,0.11369,0.11366,0.11364
0.31818,0.38789,0.40672,0.21475,0.38705,0.19416,0.075754,0.21288,0.47613,0.42536,0.41141,0.40322,0.40502,0.40693,0.40518,0.40206,0.39961,0.39467,0.39123,0.38859,0.38744,0.38489,0.38361,0.38268,0.38186,0.38161,0.38131,0.38119,0.38076,0.38126,0.38134,0.38151,0.37906,0.38192,0.38208,0.38234,0.38234,0.38279,0.38302,0.38326,0.38352,0.38377,0.38399,0.38422,0.38471,0.38464,0.38478,0.38499,0.38513,0.38531,0.38546,0.38564,0.38532,0.38578,0.3859,0.386,0.38607,0.38612,0.3862,0.38624,0.38628,0.38632,0.38635,0.38636
0.22727,0.34677,0.40315,0.17779,0.3641,0.17041,0.1132,0.04719,0.35663,0.41829,0.42714,0.43281,0.43824,0.44652,0.44919,0.4509,0.4497,0.45313,0.45403,0.45485,0.4558,0.45655,0.45719,0.45791,0.45834,0.4592,0.45975,0.46041,0.46057,0.46141,0.46194,0.46246,0.46384,0.46337,0.4638,0.46425,0.46486,0.46512,0.4656,0.466,0.46607,0.4668,0.46719,0.46759,0.46827,0.46848,0.46892,0.4694,0.46982,0.4702,0.47074,0.47122,0.47175,0.47232,0.47285,0.47339,0.47429,0.47456,0.47509,0.47569,0.47594,0.47665,0.47699,0.47721
0.22727,0.15561,0.16834,0.14136,0.1157,0.056984,0.09215,0.12495,0.35243,0.11682,0.078542,0.0719,0.063037,0.050356,0.042053,0.037684,0.035739,0.033522,0.032236,0.031166,0.030089,0.029351,0.028529,0.027744,0.0278,0.026363,0.025717,0.024778,0.024403,0.023738,0.023085,0.022639,0.024337,0.020642,0.020241,0.01968,0.019168,0.018262,0.017726,0.017003,0.017772,0.015778,0.015047,0.014818,0.012476,0.013042,0.012302,0.011785,0.01094,0.010452,0.0096519,0.0088696,0.008222,0.0073742,0.0065112,0.0058172,0.0037019,0.0041558,0.0030646,0.0039057,0.0016814,0.0016766,0.00084306,0.00092154
0.068182,0.098683,0.1842,0.18997,0.1018,0.14502,0.12827,0.15504,0.22744,0.074576,0.1058,0.10669,0.12634,0.14123,0.14816,0.15272,0.15552,0.15796,0.15948,0.16062,0.16138,0.16198,0.16234,0.16263,0.16286,0.16289,0.16293,0.163,0.16292,0.1629,0.16283,0.16278,0.16272,0.16256,0.16251,0.16245,0.16241,0.16232,0.16225,0.1622,0.16224,0.16212,0.16209,0.16206,0.16201,0.16204,0.16207,0.1621,0.16213,0.16219,0.16225,0.16231,0.16229,0.16243,0.16245,0.16248,0.1623,0.16238,0.1622,0.16188,0.16114,0.16079,0.16003,0.15936
0.29545,0.046521,0.1393,0.025075,0.23652,0.1318,0.20923,0.14942,0.56158,0.051236,0.062348,0.092211,0.1098,0.11567,0.11771,0.11866,0.119,0.11898,0.11872,0.11834,0.11872,0.11762,0.11714,0.11666,0.11704,0.11577,0.11526,0.11498,0.1147,0.11411,0.11372,0.11336,0.11271,0.11283,0.11257,0.11231,0.1117,0.11181,0.11158,0.11144,0.11367,0.11119,0.11108,0.11091,0.11083,0.11093,0.11089,0.11094,0.11105,0.11121,0.11134,0.11166,0.11028,0.11195,0.11231,0.11282,0.10943,0.11398,0.11476,0.11541,0.11628,0.11726,0.11746,0.11622
0.18182,0.15153,0.12911,0.037932,0.3639,0.194,0.34445,0.14389,0.4814,0.0086887,0.071919,0.14138,0.19253,0.21715,0.2311,0.2416,0.25085,0.25738,0.26305,0.26777,0.27182,0.27492,0.27765,0.28006,0.28238,0.28413,0.28581,0.28742,0.2884,0.29008,0.29127,0.2924,0.29314,0.29444,0.29531,0.29621,0.29688,0.29776,0.29852,0.29919,0.29961,0.30052,0.30114,0.30167,0.30277,0.30284,0.30336,0.30387,0.30436,0.30485,0.30539,0.30575,0.30591,0.30682,0.30744,0.30808,0.30979,0.30956,0.31063,0.31156,0.3133,0.31451,0.31612,0.31755
0.068182,0.081166,0.11203,0.093927,0.24276,0.039464,0.1005,0.043593,0.37172,0.067831,0.021536,0.013452,0.02664,0.036546,0.041349,0.044866,0.050624,0.051155,0.049197,0.046279,0.042877,0.042482,0.041895,0.040912,0.042018,0.039174,0.038198,0.036934,0.036361,0.035808,0.034903,0.034392,0.031557,0.032587,0.03159,0.030768,0.03073,0.029494,0.027681,0.027354,0.028149,0.02497,0.023922,0.023627,0.02346,0.021378,0.019968,0.019582,0.018691,0.017542,0.016466,0.015667,0.017732,0.014437,0.012908,0.012042,0.0080347,0.011024,0.0095738,0.01078,0.0099008,0.0082876,0.0069065,0.0040057
0.22727,0.4061,0.23349,0.056397,0.35368,0.08984,0.090966,0.074764,0.38108,0.20595,0.19317,0.18867,0.17666,0.17154,0.16831,0.16709,0.167,0.16669,0.16715,0.1681,0.16925,0.17062,0.17217,0.17382,0.17534,0.17724,0.17904,0.18104,0.1827,0.18505,0.18699,0.18885,0.18644,0.19318,0.19469,0.19641,0.19832,0.19971,0.20101,0.20248,0.19967,0.20479,0.20599,0.20699,0.2083,0.20855,0.20961,0.2106,0.211,0.21175,0.21282,0.21376,0.21353,0.21525,0.21614,0.2173,0.22017,0.2194,0.22095,0.22226,0.22353,0.22509,0.22622,0.22687
0.13636,0.21019,0.12285,0.20531,0.33915,0.12073,0.13765,0.022517,0.35276,0.15195,0.17123,0.20231,0.24354,0.26803,0.27837,0.28324,0.28463,0.28795,0.28909,0.2899,0.29054,0.29078,0.29098,0.29107,0.29047,0.2908,0.29072,0.29053,0.29005,0.29009,0.28981,0.2895,0.28411,0.28868,0.28826,0.28799,0.28727,0.28727,0.28634,0.28652,0.28361,0.2846,0.28409,0.28342,0.28454,0.28146,0.28001,0.2794,0.27825,0.27772,0.27706,0.27494,0.26838,0.27047,0.26913,0.26837,0.27403,0.25921,0.26128,0.25726,0.26005,0.25533,0.2537,0.2511
0.18182,0.18167,0.10678,0.17212,0.26661,0.027775,0.074898,0.052962,0.31247,0.057636,0.071756,0.071606,0.066594,0.063483,0.053278,0.044697,0.044229,0.042453,0.041895,0.04128,0.040933,0.040301,0.039871,0.039363,0.039284,0.038506,0.03794,0.037691,0.037301,0.036939,0.036538,0.03626,0.032887,0.035503,0.035153,0.034825,0.034571,0.034176,0.033789,0.033518,0.033204,0.032835,0.032496,0.032078,0.031377,0.031219,0.030818,0.030483,0.029981,0.029575,0.029124,0.028683,0.028926,0.02753,0.027003,0.026425,0.025996,0.025282,0.024781,0.024113,0.023654,0.023295,0.023004,0.022805
0.13636,0.027408,0.15256,0.012054,0.16793,0.055741,0.11858,0.018412,0.40683,0.1564,0.13965,0.13331,0.12856,0.1285,0.12715,0.12536,0.12262,0.12172,0.12016,0.11865,0.11637,0.11644,0.1154,0.11455,0.11257,0.11308,0.11247,0.11179,0.11153,0.11079,0.11034,0.1099,0.11407,0.1089,0.10857,0.10818,0.10811,0.10731,0.10702,0.10663,0.10517,0.10565,0.1052,0.10477,0.10329,0.10378,0.10327,0.10267,0.10203,0.10141,0.10069,0.10007,0.10051,0.09832,0.097581,0.09673,0.096316,0.094861,0.094048,0.093232,0.092354,0.091846,0.091339,0.091015
0.22727,0.32555,0.12735,0.047233,0.46754,0.27545,0.41225,0.25434,0.58286,0.12906,0.029063,0.039726,0.064615,0.11285,0.12888,0.13663,0.14143,0.14534,0.14801,0.14982,0.15173,0.15301,0.15395,0.15481,0.15532,0.1562,0.15656,0.15712,0.15735,0.15764,0.15791,0.1582,0.1584,0.15841,0.15867,0.15878,0.15896,0.15908,0.15932,0.1594,0.16031,0.15981,0.15998,0.16014,0.16049,0.16094,0.16104,0.16134,0.16163,0.16206,0.16242,0.16306,0.16336,0.16413,0.16484,0.16564,0.16524,0.16765,0.169,0.17066,0.17262,0.17518,0.178,0.18062
0.045455,0.24855,0.078432,0.16502,0.3363,0.1124,0.19503,0.051148,0.51607,0.23772,0.087486,0.028007,0.011868,0.017716,0.027086,0.035474,0.042092,0.049847,0.055389,0.060481,0.068494,0.072784,0.07716,0.080184,0.082122,0.083329,0.084442,0.085321,0.085991,0.086585,0.08709,0.087508,0.085937,0.088252,0.088592,0.088834,0.088991,0.08931,0.089581,0.089759,0.090998,0.089879,0.090099,0.090238,0.09021,0.090448,0.090747,0.090875,0.090945,0.091138,0.091227,0.091604,0.091012,0.091832,0.091997,0.092165,0.08887,0.093173,0.093484,0.093792,0.093931,0.095342,0.095862,0.094907
0.29545,0.20195,0.21366,0.14941,0.36381,0.31406,0.30945,0.23323,0.22688,0.33615,0.42403,0.43633,0.44067,0.44699,0.45291,0.45747,0.4621,0.46457,0.4682,0.4717,0.47588,0.47659,0.47792,0.47861,0.4792,0.47907,0.47909,0.47907,0.47905,0.47877,0.47859,0.47844,0.47468,0.47794,0.47773,0.47751,0.47718,0.47714,0.47697,0.47671,0.4768,0.47647,0.47635,0.47625,0.47621,0.47608,0.47607,0.47603,0.47598,0.47598,0.47604,0.47611,0.47597,0.47618,0.47632,0.47644,0.47642,0.47669,0.47679,0.47692,0.47709,0.47715,0.47722,0.47726
0.22727,0.17296,0.15548,0.17561,0.2485,0.14603,0.0182,0.11248,0.04252,0.050982,0.031783,0.036495,0.042467,0.050613,0.05809,0.065285,0.071415,0.073926,0.076334,0.077982,0.080822,0.080488,0.081905,0.082886,0.083516,0.084677,0.085378,0.085778,0.08702,0.087213,0.08772,0.087955,0.088182,0.089466,0.089623,0.089778,0.08909,0.090091,0.089773,0.089615,0.08919,0.089109,0.088728,0.088647,0.086135,0.08737,0.086844,0.086202,0.085701,0.085141,0.084453,0.083802,0.082433,0.082182,0.081647,0.081074,0.080528,0.079917,0.079103,0.078748,0.07723,0.077164,0.075709,0.072976
0,0.36498,0.10267,0.076899,0.39961,0.14294,0.32509,0.18845,0.51188,0.16211,0.13878,0.09781,0.056271,0.034028,0.016797,0.014442,0.01522,0.018896,0.024654,0.039306,0.04641,0.050127,0.052615,0.054551,0.055999,0.057442,0.058943,0.059548,0.061369,0.061689,0.062374,0.062871,0.060923,0.063909,0.064085,0.064352,0.064803,0.064806,0.064751,0.065138,0.06425,0.064965,0.065017,0.065108,0.064647,0.064847,0.064829,0.064715,0.06457,0.06455,0.064537,0.064503,0.065069,0.064639,0.064666,0.064792,0.06545,0.065328,0.065612,0.066143,0.066386,0.067128,0.06765,0.06804
0.090909,0.50825,0.12197,0.14674,0.42315,0.16756,0.35801,0.18803,0.62239,0.29218,0.1565,0.12346,0.097561,0.089532,0.085585,0.081774,0.077724,0.073943,0.070765,0.068057,0.065272,0.063919,0.062028,0.060324,0.057037,0.057323,0.055794,0.054537,0.053612,0.05209,0.050893,0.049788,0.047384,0.04763,0.046551,0.045488,0.044431,0.043414,0.042452,0.041414,0.040071,0.039567,0.038656,0.037758,0.036658,0.036082,0.035166,0.034379,0.033549,0.032769,0.032013,0.031366,0.030108,0.029788,0.029108,0.02843,0.027183,0.027035,0.026322,0.025511,0.024691,0.024014,0.023331,0.022869
0.38636,0.26413,0.28014,0.24905,0.30633,0.25269,0.15826,0.30623,0.29656,0.32187,0.35478,0.36389,0.36556,0.37744,0.3856,0.39123,0.39579,0.39883,0.40164,0.40411,0.40573,0.40788,0.40949,0.41091,0.41239,0.41335,0.41442,0.41545,0.41656,0.41727,0.41808,0.41884,0.41885,0.42025,0.42089,0.42152,0.42215,0.42271,0.42328,0.42382,0.42438,0.42488,0.4254,0.42589,0.42618,0.42682,0.42728,0.42771,0.42812,0.42853,0.42892,0.42927,0.4296,0.42996,0.43027,0.43055,0.43081,0.43104,0.43125,0.43141,0.43155,0.43167,0.43175,0.4318
0.11364,0.2783,0.15343,0.199,0.44781,0.19346,0.19394,0.17842,0.42558,0.062988,0.16863,0.2025,0.21338,0.22037,0.22429,0.22676,0.23244,0.23333,0.24064,0.24637,0.24955,0.25057,0.25047,0.25024,0.24859,0.24814,0.24654,0.24592,0.24377,0.24242,0.24137,0.24045,0.23825,0.23892,0.23838,0.23785,0.23739,0.23702,0.23649,0.2361,0.23568,0.23525,0.2348,0.23441,0.23385,0.23357,0.23307,0.23261,0.23217,0.2317,0.23125,0.23084,0.2303,0.22993,0.22955,0.22916,0.22872,0.22846,0.22816,0.2279,0.22765,0.2275,0.22738,0.2273
0.25,0.17468,0.19458,0.20328,0.13263,0.04688,0.076605,0.059091,0.16098,0.094864,0.038136,0.040031,0.022082,0.026832,0.054622,0.066916,0.072139,0.075035,0.077284,0.079177,0.081186,0.081881,0.082705,0.083704,0.086436,0.085401,0.086114,0.087101,0.088378,0.088062,0.088562,0.089054,0.080916,0.089786,0.0903,0.090763,0.090766,0.09138,0.092247,0.09252,0.095218,0.09312,0.093447,0.093435,0.093992,0.094166,0.094219,0.094394,0.094474,0.094678,0.094757,0.094612,0.094934,0.094508,0.094465,0.094084,0.09298,0.093654,0.093127,0.092487,0.092894,0.091652,0.091277,0.09102
0.22727,0.22078,0.11443,0.059121,0.40294,0.13937,0.25723,0.23064,0.39183,0.024227,0.079808,0.08067,0.081467,0.087179,0.094874,0.10118,0.10706,0.10921,0.11075,0.11158,0.11131,0.11185,0.1115,0.11121,0.10984,0.11037,0.10982,0.10946,0.10811,0.10839,0.1079,0.10749,0.10659,0.10649,0.10592,0.10551,0.10531,0.10456,0.10423,0.10382,0.10302,0.10303,0.10267,0.10231,0.10294,0.10151,0.10123,0.10104,0.10061,0.10033,0.10023,0.099918,0.10003,0.099199,0.098918,0.098615,0.098092,0.097718,0.097478,0.096765,0.095721,0.094388,0.093092,0.091536
0.090909,0.48699,0.33877,0.33836,0.71099,0.428,0.61372,0.44972,0.50023,0.22517,0.44723,0.5528,0.58491,0.60127,0.60797,0.61239,0.61697,0.6188,0.62145,0.62365,0.6255,0.62777,0.62955,0.63117,0.63304,0.63423,0.63556,0.63691,0.63801,0.63923,0.64032,0.64137,0.63859,0.64331,0.64425,0.64508,0.64588,0.64673,0.64745,0.64816,0.64929,0.64964,0.65032,0.65098,0.65135,0.65225,0.65283,0.6534,0.65394,0.65449,0.655,0.65551,0.65559,0.65645,0.65685,0.65725,0.65755,0.65795,0.65823,0.65851,0.65865,0.65888,0.659,0.65907
0.20455,0.41016,0.214,0.25158,0.5419,0.16618,0.32228,0.30237,0.49539,0.054487,0.17521,0.23445,0.25445,0.28192,0.29439,0.29949,0.30237,0.30536,0.30718,0.30856,0.30951,0.31062,0.3113,0.31193,0.31239,0.31292,0.31333,0.31368,0.31398,0.3143,0.31458,0.31484,0.31612,0.31527,0.31549,0.3157,0.31587,0.31604,0.31625,0.31639,0.31651,0.31668,0.31681,0.31693,0.31708,0.31716,0.31727,0.31737,0.31747,0.31756,0.31764,0.31772,0.31776,0.31784,0.31791,0.31796,0.31801,0.31805,0.31809,0.31811,0.31814,0.31816,0.31817,0.31818
0.090909,0.21803,0.058438,0.20036,0.11149,0.15489,0.14973,0.097929,0.38889,0.21421,0.24349,0.22966,0.21768,0.19934,0.18565,0.17431,0.16249,0.15635,0.14875,0.14174,0.13525,0.1288,0.12293,0.11722,0.11109,0.10674,0.10199,0.097362,0.092449,0.088964,0.085206,0.081529,0.07592,0.074995,0.071972,0.069018,0.066018,0.063573,0.060963,0.058441,0.055295,0.053472,0.051148,0.04866,0.048206,0.044655,0.042261,0.039941,0.037513,0.035357,0.032935,0.030559,0.026466,0.02611,0.023702,0.021209,0.020306,0.016696,0.01444,0.012259,0.010858,0.010596,0.0112,0.012768
0.11364,0.22204,0.092813,0.0938,0.28843,0.23121,0.25697,0.13967,0.26268,0.16273,0.14848,0.1492,0.15924,0.16268,0.15289,0.1527,0.14975,0.14408,0.13922,0.13525,0.13152,0.1295,0.12649,0.12424,0.1227,0.12203,0.12324,0.12699,0.12855,0.12966,0.13051,0.13086,0.1323,0.13093,0.13081,0.13069,0.13046,0.12995,0.12983,0.12949,0.13048,0.12909,0.12877,0.12848,0.12812,0.12814,0.12779,0.12767,0.12726,0.12734,0.12701,0.12686,0.12695,0.12639,0.12603,0.12579,0.1238,0.12451,0.1239,0.12304,0.12131,0.11956,0.11721,0.11469
0.25,0.075747,0.17216,0.087524,0.27172,0.31423,0.20391,0.13509,0.0599,0.23391,0.30619,0.3435,0.36692,0.38075,0.38835,0.39379,0.40101,0.40133,0.4041,0.40639,0.40892,0.40975,0.41104,0.41212,0.41335,0.41366,0.41423,0.41485,0.41537,0.41538,0.4156,0.4157,0.40993,0.41573,0.41567,0.41553,0.41514,0.41531,0.415,0.41475,0.41472,0.41422,0.41395,0.41365,0.41319,0.41309,0.41276,0.41242,0.41201,0.41176,0.41144,0.41115,0.41059,0.41069,0.41035,0.41013,0.40986,0.40975,0.40955,0.40946,0.40929,0.40922,0.40915,0.40911
0.15909,0.030626,0.11907,0.10009,0.007832,0.1106,0.0625,0.061962,0.13669,0.06389,0.062811,0.055687,0.055692,0.064632,0.064442,0.063634,0.065985,0.062972,0.062718,0.062587,0.064346,0.062433,0.06214,0.062022,0.061483,0.061711,0.061703,0.061672,0.061951,0.061344,0.061291,0.061216,0.062202,0.061385,0.06131,0.06137,0.061162,0.061548,0.061746,0.061863,0.062257,0.062273,0.062487,0.062715,0.062231,0.063378,0.063623,0.063929,0.064289,0.064612,0.065002,0.065461,0.066051,0.066135,0.066413,0.066756,0.066811,0.067271,0.067509,0.067784,0.067981,0.068027,0.068119,0.068175
0.20455,0.11385,0.1894,0.18878,0.25685,0.080436,0.17771,0.12016,0.31652,0.056837,0.081758,0.09109,0.10299,0.10691,0.11132,0.11494,0.11758,0.12047,0.12271,0.12484,0.12514,0.12846,0.12999,0.13144,0.13278,0.13367,0.13484,0.13578,0.13623,0.13738,0.13808,0.13857,0.14124,0.13954,0.13997,0.14036,0.14118,0.14092,0.14114,0.14149,0.14189,0.14172,0.14194,0.14214,0.14139,0.14247,0.14262,0.14267,0.14292,0.14297,0.14306,0.14307,0.14295,0.1436,0.14379,0.14398,0.1443,0.14474,0.14524,0.14581,0.14673,0.14772,0.14911,0.15149
0.090909,0.44272,0.18017,0.2684,0.52768,0.18789,0.42856,0.3451,0.50686,0.17306,0.22461,0.2567,0.28175,0.2957,0.3066,0.3153,0.32147,0.32643,0.32947,0.33146,0.33212,0.3336,0.33397,0.33412,0.33376,0.33384,0.33354,0.33302,0.33232,0.33197,0.33134,0.33073,0.33349,0.32941,0.3287,0.32797,0.32729,0.32651,0.32575,0.32489,0.3242,0.32338,0.32257,0.32182,0.32133,0.32029,0.31945,0.31871,0.31799,0.31721,0.31644,0.31569,0.31486,0.31447,0.3138,0.31323,0.31237,0.31234,0.31202,0.31201,0.3124,0.31301,0.31439,0.31665
0.31818,0.51049,0.54147,0.36617,0.6637,0.26025,0.23689,0.23348,0.10459,0.28104,0.41971,0.45612,0.46997,0.49163,0.50407,0.51392,0.52204,0.53019,0.53916,0.54804,0.55545,0.55818,0.56071,0.56252,0.56385,0.56488,0.56568,0.56634,0.56674,0.56726,0.56758,0.56783,0.56711,0.56821,0.56831,0.56839,0.56841,0.56851,0.56851,0.56852,0.56851,0.56855,0.56854,0.56853,0.56866,0.56851,0.56848,0.56845,0.56843,0.5684,0.56837,0.56835,0.56834,0.56831,0.56828,0.56827,0.56825,0.56823,0.56822,0.56821,0.56821,0.56819,0.56819,0.56818
0.13636,0.50098,0.12121,0.27757,0.50663,0.32024,0.38804,0.30138,0.40512,0.25055,0.37876,0.40832,0.42609,0.43655,0.44609,0.45477,0.46486,0.47078,0.47485,0.47667,0.47748,0.47819,0.47893,0.47955,0.47948,0.48075,0.48111,0.48133,0.4816,0.48182,0.48192,0.48203,0.48234,0.48204,0.48205,0.482,0.4819,0.48189,0.48172,0.48164,0.48094,0.48135,0.48114,0.48097,0.48073,0.48049,0.4802,0.47997,0.47971,0.47942,0.47909,0.47881,0.47821,0.47808,0.47769,0.47729,0.47795,0.47639,0.47601,0.47572,0.47552,0.47552,0.47598,0.4767
0.022727,0.26744,0.2005,0.25514,0.36758,0.20781,0.060701,0.026964,0.11034,0.060731,0.069027,0.083507,0.08932,0.08821,0.087193,0.08639,0.085748,0.084598,0.083657,0.082906,0.082216,0.081543,0.081091,0.080648,0.080141,0.079835,0.079574,0.079308,0.078921,0.078905,0.078753,0.078547,0.078327,0.078234,0.078042,0.07788,0.077572,0.077503,0.077183,0.076923,0.076537,0.076238,0.075935,0.075621,0.075546,0.074944,0.074573,0.074117,0.073672,0.073235,0.072792,0.072295,0.071387,0.071362,0.070855,0.070411,0.070013,0.069642,0.069284,0.068993,0.068674,0.068481,0.068311,0.068214
0.045455,0.22872,0.1478,0.25112,0.26538,0.22734,0.16033,0.134,0.20681,0.039613,0.049459,0.057273,0.056614,0.054943,0.055839,0.056395,0.059237,0.056912,0.056903,0.056529,0.055571,0.055754,0.055316,0.054738,0.05397,0.053639,0.053161,0.052642,0.052475,0.051725,0.051265,0.050854,0.048139,0.049916,0.049654,0.049301,0.049363,0.048764,0.04847,0.048179,0.048134,0.047606,0.047462,0.047246,0.045909,0.046689,0.046608,0.046402,0.046162,0.046127,0.045958,0.045782,0.047294,0.045841,0.045663,0.045539,0.044532,0.046087,0.045676,0.045666,0.045076,0.045538,0.045461,0.045477
0.22727,0.33545,0.25923,0.098541,0.31155,0.072253,0.0469,0.048045,0.33397,0.26114,0.21015,0.22267,0.21451,0.20051,0.19386,0.19114,0.18847,0.19067,0.19064,0.19159,0.19522,0.1923,0.19294,0.19338,0.19429,0.1939,0.19459,0.19483,0.19629,0.19583,0.19634,0.19676,0.21205,0.19774,0.19801,0.19852,0.19863,0.1993,0.19945,0.20015,0.2018,0.20064,0.20106,0.20153,0.20117,0.20187,0.20244,0.2027,0.20295,0.20319,0.2035,0.20362,0.20391,0.20395,0.20405,0.20418,0.20358,0.20441,0.20446,0.20454,0.20452,0.20454,0.20453,0.20455
0.22727,0.017722,0.2099,0.17652,0.22728,0.095462,0.11394,0.15879,0.18919,0.14189,0.15527,0.17814,0.18588,0.19023,0.18605,0.18222,0.17968,0.17823,0.17731,0.1771,0.17149,0.17708,0.17721,0.17745,0.17824,0.17781,0.17783,0.17857,0.18066,0.17987,0.18034,0.18082,0.17706,0.18205,0.18165,0.18168,0.18378,0.18131,0.1812,0.18151,0.18356,0.18129,0.18116,0.18074,0.17922,0.18029,0.18003,0.17995,0.17957,0.17942,0.17912,0.17901,0.17961,0.17852,0.17874,0.17883,0.17853,0.17914,0.17948,0.17968,0.18033,0.18088,0.18136,0.18172
0.27273,0.16825,0.33642,0.07106,0.19216,0.19576,0.17608,0.056686,0.19204,0.20603,0.27526,0.28079,0.27551,0.26805,0.26395,0.26136,0.25991,0.25828,0.2572,0.25648,0.25492,0.25524,0.25484,0.25447,0.25345,0.25385,0.25371,0.25357,0.254,0.25337,0.25333,0.2533,0.24922,0.25328,0.25327,0.2533,0.2535,0.25346,0.25345,0.2536,0.25355,0.25397,0.25414,0.25438,0.25419,0.2549,0.25515,0.25542,0.25572,0.25608,0.25646,0.25684,0.25739,0.25778,0.25817,0.25865,0.25889,0.25953,0.25999,0.26036,0.26073,0.26085,0.26084,0.26049
0.022727,0.44301,0.14041,0.19492,0.064576,0.097806,0.35588,0.33181,0.44401,0.27697,0.20186,0.16193,0.13407,0.12182,0.1128,0.10519,0.090998,0.07837,0.076135,0.074894,0.073846,0.073341,0.072782,0.072361,0.07036,0.07191,0.071758,0.071736,0.072218,0.072065,0.072173,0.072442,0.071817,0.072815,0.072986,0.073277,0.073711,0.073749,0.073943,0.074283,0.073632,0.07483,0.075078,0.075401,0.074801,0.075747,0.075924,0.076187,0.076346,0.076471,0.076655,0.076752,0.077718,0.07678,0.076765,0.076723,0.077218,0.076187,0.075732,0.075048,0.073327,0.072501,0.070788,0.06895
0.045455,0.57315,0.11657,0.30193,0.57278,0.26585,0.42519,0.29747,0.46343,0.092211,0.18861,0.23826,0.25196,0.26071,0.26798,0.27853,0.28772,0.29061,0.29096,0.2899,0.28779,0.28629,0.28397,0.28175,0.27851,0.27743,0.27525,0.27334,0.27099,0.2694,0.26757,0.26593,0.26555,0.26236,0.26087,0.25938,0.25798,0.25645,0.25523,0.25388,0.25206,0.2514,0.25018,0.24896,0.24847,0.24673,0.2456,0.24454,0.24347,0.24241,0.24134,0.24033,0.23921,0.23819,0.23717,0.23608,0.23532,0.23381,0.23263,0.23148,0.23067,0.22914,0.22817,0.22749
0.11364,0.23199,0.17284,0.14998,0.25984,0.21458,0.094919,0.091021,0.20991,0.14657,0.16782,0.15283,0.13676,0.12686,0.12696,0.13005,0.1221,0.11538,0.10915,0.10352,0.098717,0.093347,0.088794,0.084572,0.080846,0.077309,0.073991,0.070963,0.068221,0.06564,0.06328,0.061193,0.057622,0.056809,0.054942,0.053152,0.051091,0.049724,0.048253,0.04669,0.04539,0.043636,0.042247,0.040803,0.03913,0.038374,0.03695,0.035732,0.034418,0.033276,0.032135,0.03114,0.029159,0.028818,0.027915,0.026984,0.02621,0.025461,0.024745,0.024103,0.023556,0.023244,0.022956,0.022775
0.022727,0.097166,0.15372,0.15369,0.1695,0.098873,0.03546,0.1066,0.20128,0.092581,0.12888,0.094645,0.086125,0.081815,0.080671,0.078618,0.075428,0.075084,0.074284,0.073768,0.072867,0.072992,0.073151,0.07321,0.073278,0.073446,0.073747,0.073684,0.07352,0.074207,0.074442,0.074729,0.0849,0.07518,0.075494,0.075717,0.076181,0.076287,0.076409,0.076385,0.076482,0.07666,0.076712,0.076976,0.077232,0.07701,0.076872,0.076829,0.076881,0.076536,0.076219,0.075892,0.077053,0.075293,0.074638,0.074065,0.073378,0.072856,0.071943,0.071378,0.070482,0.069529,0.068833,0.068327
0.29545,0.23935,0.21047,0.13744,0.24497,0.066049,0.0082109,0.12998,0.071491,0.056581,0.095226,0.11418,0.113,0.11285,0.11276,0.11202,0.10953,0.10621,0.10338,0.10094,0.098122,0.096746,0.095204,0.09366,0.092976,0.091176,0.090057,0.089212,0.087925,0.087511,0.086814,0.086247,0.082284,0.084907,0.084445,0.084018,0.083718,0.083295,0.082897,0.08259,0.082709,0.08214,0.08193,0.081762,0.081789,0.081469,0.081352,0.081287,0.081189,0.081132,0.081135,0.081087,0.081778,0.081222,0.081343,0.081485,0.081455,0.081931,0.082233,0.082768,0.082684,0.084342,0.085991,0.088587
0,0.28379,0.17303,0.21033,0.22055,0.25285,0.24854,0.19437,0.39439,0.12646,0.12761,0.15237,0.14823,0.13736,0.13633,0.13378,0.12589,0.11224,0.1107,0.10876,0.10581,0.10482,0.10311,0.10141,0.10014,0.098296,0.096934,0.095579,0.094453,0.093143,0.092002,0.091048,0.080719,0.089148,0.088137,0.087274,0.086704,0.085695,0.084723,0.084079,0.08332,0.082684,0.082033,0.081439,0.079795,0.080519,0.079389,0.079041,0.078003,0.07781,0.077412,0.077011,0.077352,0.075806,0.074992,0.07461,0.074874,0.073787,0.073353,0.073206,0.070078,0.071254,0.070533,0.068871
0.38636,0.34456,0.028747,0.14224,0.34122,0.092829,0.3499,0.37266,0.38908,0.14698,0.063709,0.038486,0.042537,0.045066,0.048709,0.056235,0.063138,0.067724,0.070047,0.071409,0.072565,0.072821,0.072806,0.072796,0.072114,0.072527,0.072139,0.071946,0.071797,0.071166,0.070779,0.070436,0.070881,0.069545,0.069187,0.068825,0.068249,0.068004,0.067761,0.06736,0.067198,0.066785,0.066486,0.066163,0.065658,0.065817,0.065647,0.065512,0.06539,0.065364,0.065343,0.065376,0.064658,0.065531,0.065746,0.065964,0.065882,0.06653,0.066867,0.067152,0.067399,0.067775,0.067988,0.068126
0.20455,0.12962,0.20057,0.11845,0.27264,0.1438,0.17,0.18659,0.22227,0.040942,0.087136,0.09069,0.094589,0.093433,0.093088,0.091946,0.090986,0.088783,0.086967,0.085217,0.084781,0.082411,0.080899,0.081765,0.091394,0.094876,0.092639,0.090905,0.08843,0.087306,0.085905,0.084644,0.083722,0.082295,0.081421,0.08056,0.079624,0.079023,0.078207,0.077581,0.077626,0.076229,0.075621,0.075073,0.074588,0.07388,0.073376,0.072876,0.072375,0.071911,0.07146,0.07102,0.070708,0.070277,0.069911,0.069594,0.069295,0.069052,0.068815,0.068641,0.068484,0.068344,0.068253,0.068198
NaN,0.072351,0.21054,0.19804,0.097252,0.055714,0.097262,0.031443,0.23317,0.17433,0.20721,0.22412,0.22699,0.22469,0.22115,0.21788,0.21451,0.2133,0.21186,0.2107,0.21028,0.20921,0.20867,0.20819,0.20888,0.20773,0.20735,0.20729,0.20722,0.20707,0.20691,0.20685,0.20412,0.20694,0.20678,0.20677,0.20645,0.20676,0.20668,0.20671,0.20846,0.2071,0.20714,0.2072,0.20684,0.20717,0.20717,0.20734,0.20732,0.2074,0.20754,0.20751,0.20661,0.20765,0.20763,0.20764,0.20603,0.20695,0.20684,0.20624,0.20555,0.20539,0.20499,0.20468
0.27273,0.20766,0.10622,0.1488,0.15768,0.15834,0.15794,0.079614,0.29276,0.12722,0.17057,0.18677,0.17303,0.16912,0.16829,0.16642,0.16405,0.16052,0.1577,0.15514,0.15405,0.15007,0.14822,0.1465,0.1442,0.14308,0.14187,0.14014,0.1382,0.13738,0.13619,0.13489,0.13876,0.13232,0.13133,0.13019,0.12897,0.12813,0.12731,0.1261,0.12441,0.12408,0.12307,0.12218,0.12187,0.12068,0.11967,0.11877,0.11812,0.11719,0.11628,0.11556,0.11465,0.11434,0.11384,0.11328,0.11308,0.11246,0.11228,0.11228,0.11242,0.11273,0.11312,0.11344
0.20455,0.23398,0.15482,0.18075,0.057108,0.081416,0.107,0.099259,0.45588,0.19601,0.16811,0.16241,0.16494,0.16888,0.17212,0.174,0.17484,0.17253,0.16945,0.16473,0.16079,0.1559,0.15305,0.15113,0.14882,0.14862,0.14748,0.1466,0.14616,0.14487,0.14399,0.14316,0.13725,0.14148,0.14063,0.13982,0.13932,0.13815,0.13724,0.1365,0.13517,0.13483,0.13404,0.13327,0.13258,0.13165,0.13078,0.13002,0.12915,0.1284,0.12761,0.1268,0.12645,0.12519,0.12433,0.12347,0.12248,0.12172,0.12062,0.11951,0.11826,0.11682,0.11536,0.11413
0.47727,0.24507,0.087261,0.080524,0.11372,0.010858,0.087694,0.089916,0.32348,0.10297,0.090124,0.079084,0.059613,0.050232,0.043838,0.040287,0.038447,0.036501,0.035076,0.033826,0.03238,0.031506,0.030327,0.029314,0.028167,0.027521,0.026737,0.026019,0.025346,0.024882,0.024368,0.02394,0.021873,0.023225,0.022808,0.022483,0.022231,0.021961,0.021582,0.021452,0.020811,0.021219,0.021078,0.021096,0.021171,0.020808,0.020753,0.020714,0.02072,0.020665,0.0207,0.02075,0.020942,0.020966,0.021001,0.021191,0.021482,0.021498,0.021667,0.02206,0.022288,0.022408,0.022584,0.022704
0.022727,0.25276,0.021028,0.14349,0.17998,0.12572,0.28513,0.17231,0.43649,0.11483,0.044007,0.0044343,0.063096,0.086804,0.10495,0.12142,0.12791,0.13177,0.13435,0.13623,0.13755,0.1387,0.13937,0.13988,0.13981,0.14035,0.14038,0.1405,0.14034,0.14009,0.13984,0.13951,0.13794,0.13881,0.13836,0.13789,0.13738,0.13678,0.13625,0.13566,0.13498,0.13436,0.1337,0.13294,0.13204,0.13154,0.13075,0.12991,0.12907,0.12824,0.12735,0.12642,0.12524,0.1244,0.12343,0.12237,0.12115,0.12011,0.11899,0.11763,0.11652,0.11542,0.11448,0.11385
0.13636,0.063503,0.11737,0.14348,0.087659,0.091556,0.04485,0.087585,0.063905,0.054355,0.031936,0.065273,0.065162,0.066713,0.067628,0.066674,0.065207,0.064044,0.062873,0.061824,0.060504,0.059644,0.058663,0.057731,0.056716,0.055885,0.05494,0.054155,0.053277,0.052321,0.051475,0.050621,0.05036,0.048902,0.048068,0.047185,0.046361,0.045465,0.044599,0.043649,0.042786,0.041852,0.040909,0.039906,0.038859,0.03814,0.03716,0.036194,0.035211,0.034239,0.033242,0.032332,0.031477,0.030354,0.029402,0.028457,0.027556,0.026578,0.025828,0.024895,0.02421,0.023644,0.023161,0.022854
0.15909,0.12431,0.1451,0.11563,0.19111,0.068568,0.030021,0.054143,0.098011,0.044504,0.061388,0.072,0.080877,0.085257,0.085707,0.085616,0.082548,0.085884,0.086457,0.087035,0.087539,0.087874,0.088326,0.088521,0.089136,0.088444,0.088332,0.088002,0.087616,0.087214,0.086781,0.086334,0.086148,0.085206,0.084642,0.084034,0.083427,0.082809,0.082204,0.081469,0.081278,0.080131,0.079447,0.078729,0.078253,0.077375,0.076677,0.075954,0.075244,0.07455,0.073886,0.07322,0.072735,0.071939,0.071374,0.070818,0.070241,0.069846,0.069401,0.069027,0.068785,0.068499,0.06832,0.068217
0.15909,0.34766,0.34554,0.11733,0.28034,0.15066,0.049729,0.045403,0.39823,0.27936,0.28843,0.31508,0.31476,0.31612,0.31459,0.31164,0.30955,0.30871,0.30919,0.31031,0.31092,0.31297,0.31424,0.3156,0.31724,0.31832,0.31935,0.32077,0.32148,0.32283,0.3239,0.32489,0.32385,0.32678,0.32759,0.32846,0.32942,0.32995,0.33083,0.33149,0.33247,0.33296,0.33359,0.33412,0.3352,0.3354,0.33595,0.33644,0.3369,0.33738,0.33785,0.33822,0.33888,0.33895,0.33932,0.33963,0.33985,0.34009,0.34034,0.34048,0.34069,0.34076,0.34084,0.34089
0.11364,0.26936,0.32709,0.12759,0.24558,0.077284,0.051282,0.1062,0.42371,0.31766,0.34764,0.33498,0.32969,0.33056,0.33096,0.33158,0.33286,0.33269,0.33304,0.33345,0.3335,0.33408,0.33411,0.33424,0.33343,0.33467,0.33475,0.33518,0.33584,0.33545,0.33567,0.33595,0.33113,0.33662,0.33678,0.33708,0.33744,0.33756,0.33792,0.33826,0.3376,0.33925,0.33968,0.34,0.33931,0.34109,0.34145,0.34197,0.34226,0.34285,0.34346,0.34394,0.34464,0.34516,0.34574,0.34644,0.34868,0.34772,0.34828,0.34897,0.34959,0.34947,0.3492,0.34718
0.20455,0.11884,0.13606,0.14657,0.23313,0.035386,0.15144,0.13719,0.21762,0.10606,0.079824,0.10756,0.11248,0.10365,0.095094,0.088335,0.082922,0.079091,0.075835,0.072841,0.06939,0.067784,0.065481,0.063425,0.061846,0.059623,0.058063,0.056249,0.054326,0.052932,0.051447,0.049843,0.046459,0.047311,0.045979,0.044638,0.043824,0.04213,0.040975,0.039661,0.038884,0.037541,0.036428,0.035366,0.035119,0.033417,0.03246,0.031453,0.030623,0.029714,0.028871,0.028086,0.028357,0.026628,0.025969,0.025386,0.024754,0.024318,0.02389,0.023545,0.023425,0.023035,0.022872,0.02278
0.25,0.2724,0.16418,0.12557,0.19091,0.10154,0.24253,0.20093,0.4596,0.10692,0.1183,0.11184,0.11034,0.10608,0.10824,0.11359,0.12007,0.12496,0.13009,0.13464,0.13892,0.14256,0.14601,0.14908,0.15153,0.1546,0.15699,0.15935,0.16165,0.16374,0.16574,0.1677,0.16814,0.17126,0.17297,0.17463,0.17639,0.17782,0.1793,0.18084,0.18178,0.18375,0.18515,0.18654,0.18776,0.18914,0.19045,0.19172,0.19291,0.19411,0.19527,0.1964,0.19778,0.19844,0.19941,0.20032,0.20131,0.2019,0.20258,0.20316,0.20366,0.20404,0.20432,0.20448
0.13636,0.10646,0.19878,0.1021,0.082315,0.132,0.043863,0.09578,0.08847,0.12878,0.15251,0.1829,0.18274,0.18141,0.17701,0.17051,0.1708,0.17093,0.17085,0.17053,0.17012,0.16966,0.16907,0.16854,0.16766,0.1676,0.16697,0.16658,0.1661,0.16555,0.16509,0.1646,0.16363,0.16379,0.16327,0.16293,0.16277,0.16201,0.16164,0.16136,0.15993,0.1606,0.16021,0.15984,0.15814,0.15921,0.15874,0.15855,0.15828,0.15805,0.15795,0.15769,0.15892,0.15754,0.15752,0.15753,0.15841,0.15785,0.15811,0.15833,0.15833,0.15873,0.15895,0.15906
0.13636,0.074629,0.29813,0.14898,0.10926,0.099361,0.087693,0.1079,0.14188,0.17593,0.17238,0.18314,0.21164,0.21791,0.22155,0.22503,0.22776,0.23096,0.23376,0.23688,0.23961,0.24364,0.24762,0.25153,0.25468,0.25704,0.2589,0.26038,0.26197,0.26248,0.26343,0.2643,0.26153,0.26604,0.26677,0.26752,0.26834,0.26898,0.26967,0.27036,0.27071,0.27182,0.27256,0.27329,0.27311,0.27472,0.27555,0.27631,0.27706,0.2779,0.27878,0.27964,0.28083,0.28152,0.28246,0.28356,0.28595,0.28573,0.28698,0.28837,0.28885,0.29147,0.29321,0.29477
0.13636,0.17678,0.13551,0.077468,0.11918,0.091715,0.035427,0.021667,0.16449,0.16691,0.19908,0.17903,0.1836,0.19309,0.19676,0.19789,0.19813,0.19875,0.199,0.19927,0.19896,0.19977,0.19976,0.19995,0.20005,0.2004,0.20048,0.20083,0.20062,0.20093,0.20102,0.2011,0.2019,0.20135,0.20139,0.20147,0.20165,0.20152,0.20182,0.20182,0.2018,0.20213,0.20222,0.20221,0.20277,0.20246,0.20259,0.20271,0.20285,0.20297,0.20312,0.20323,0.20354,0.20351,0.20372,0.20385,0.20405,0.20407,0.20421,0.20425,0.20441,0.20445,0.2045,0.20454
0.25,0.21417,0.36501,0.19014,0.28998,0.1931,0.086299,0.088458,0.38783,0.35948,0.38233,0.38309,0.36176,0.36409,0.36522,0.36502,0.35689,0.35017,0.34877,0.34893,0.34874,0.34935,0.34955,0.34969,0.34996,0.34974,0.34973,0.34986,0.34965,0.3496,0.34949,0.34934,0.343,0.34873,0.34878,0.34864,0.3478,0.34641,0.34667,0.33134,0.32734,0.32482,0.32453,0.32425,0.32423,0.3237,0.32338,0.32308,0.32303,0.32246,0.32212,0.3218,0.32156,0.3211,0.32076,0.32037,0.31989,0.31965,0.3193,0.31899,0.31874,0.31849,0.31834,0.31833
0.20455,0.067559,0.054171,0.074231,0.096901,0.049644,0.045156,0.064581,0.1586,0.097003,0.069477,0.079764,0.07865,0.072114,0.077542,0.072271,0.069188,0.067558,0.065771,0.064136,0.062523,0.06138,0.060165,0.059032,0.058124,0.057,0.056093,0.054968,0.054673,0.053381,0.052597,0.051865,0.057375,0.050478,0.049795,0.049166,0.048785,0.047918,0.047587,0.047102,0.046697,0.046189,0.045775,0.045414,0.043848,0.044702,0.044465,0.044211,0.044038,0.043799,0.043652,0.043488,0.044226,0.043492,0.043611,0.043691,0.044001,0.043988,0.044212,0.044454,0.044744,0.045038,0.045269,0.045405
0.090909,0.03785,0.1367,0.022363,0.057737,0.051011,0.093346,0.079824,0.11267,0.13639,0.083257,0.061106,0.023551,0.031477,0.035948,0.037205,0.037492,0.037528,0.037094,0.036352,0.035315,0.034403,0.033318,0.032196,0.030814,0.029936,0.028868,0.027798,0.026906,0.025968,0.025106,0.024361,0.02412,0.022881,0.022307,0.021766,0.021256,0.02085,0.020533,0.020162,0.01947,0.019676,0.019514,0.019362,0.019244,0.019235,0.019274,0.019335,0.019373,0.019535,0.019681,0.019864,0.020087,0.020294,0.020588,0.020863,0.021262,0.021448,0.021743,0.021973,0.022233,0.022443,0.022596,0.022688
0.15909,0.068221,0.11442,0.050117,0.045171,0.13997,0.11682,0.19689,0.14851,0.13459,0.12528,0.096856,0.074677,0.071388,0.071457,0.051858,0.053899,0.056871,0.059742,0.06292,0.065816,0.069531,0.07235,0.075479,0.078714,0.081125,0.083512,0.087007,0.089172,0.091459,0.093727,0.095853,0.088449,0.099285,0.10064,0.10187,0.10308,0.10401,0.10458,0.10542,0.1074,0.10687,0.10742,0.10799,0.10864,0.10888,0.10937,0.10975,0.11012,0.11051,0.11089,0.11123,0.112,0.11188,0.11213,0.11242,0.11242,0.11282,0.11301,0.11322,0.11346,0.11348,0.11356,0.11362
0.13636,0.090306,0.14281,0.066585,0.2257,0.040517,0.087164,0.091247,0.052908,0.13022,0.12173,0.11414,0.10776,0.10524,0.10447,0.10458,0.10527,0.10468,0.1045,0.10424,0.10369,0.10362,0.1032,0.10283,0.10233,0.10206,0.10169,0.10142,0.10104,0.1007,0.10036,0.1,0.09889,0.099337,0.099039,0.098719,0.098379,0.09807,0.097785,0.097472,0.096927,0.096826,0.096521,0.096176,0.095895,0.095539,0.095215,0.094864,0.094524,0.09424,0.093896,0.093576,0.093202,0.092984,0.092669,0.092378,0.092209,0.091848,0.091627,0.091415,0.09123,0.09109,0.090989,0.090928
0.29545,0.16272,0.23224,0.24734,0.14545,0.12563,0.2006,0.12394,0.23508,0.12209,0.15951,0.21164,0.24888,0.25822,0.26397,0.26797,0.2711,0.27369,0.2759,0.27782,0.27921,0.28103,0.28248,0.2838,0.28467,0.28623,0.28735,0.28838,0.28955,0.29033,0.29125,0.29217,0.29126,0.2938,0.2946,0.29537,0.29644,0.2969,0.29757,0.29825,0.29885,0.29962,0.30026,0.30093,0.30085,0.30215,0.30272,0.30333,0.3039,0.30443,0.305,0.30557,0.30784,0.30663,0.30719,0.30774,0.30826,0.30894,0.30961,0.3105,0.30971,0.31286,0.31465,0.31674
0.20455,0.18499,0.30737,0.17181,0.045719,0.029939,0.15349,0.042817,0.13497,0.10299,0.17311,0.16723,0.17616,0.1784,0.20543,0.20959,0.21308,0.21555,0.21757,0.21919,0.21988,0.22161,0.22229,0.22295,0.22327,0.22377,0.22394,0.22436,0.2251,0.22449,0.22451,0.22455,0.22333,0.22413,0.224,0.22386,0.22413,0.2234,0.22339,0.22325,0.22293,0.22283,0.22268,0.22247,0.22114,0.22211,0.22197,0.22186,0.22165,0.22154,0.22152,0.22149,0.22296,0.2215,0.22166,0.22187,0.22221,0.22255,0.22321,0.22408,0.2231,0.22551,0.22646,0.22716
0.25,0.10257,0.11984,0.15957,0.11151,0.077822,0.18274,0.17442,0.29915,0.03445,0.035701,0.041271,0.021594,0.010602,0.010534,0.011058,0.011729,0.012722,0.013565,0.014386,0.015378,0.016045,0.016621,0.017209,0.018215,0.018179,0.018384,0.018626,0.018332,0.019028,0.019071,0.019138,0.023309,0.018674,0.018521,0.018298,0.018141,0.01763,0.017371,0.016937,0.016455,0.016037,0.015505,0.015019,0.01569,0.013794,0.013096,0.012443,0.011748,0.010989,0.010191,0.009395,0.0092629,0.0077428,0.0068968,0.0059851,0.0052645,0.004134,0.0033765,0.002527,0.0018395,0.0010991,0.00064196,0.0006117
0.29545,0.093235,0.077004,0.09846,0.080973,0.13529,0.11054,0.16604,0.1803,0.15598,0.13714,0.10607,0.097246,0.092933,0.089083,0.086268,0.084486,0.08241,0.080962,0.079752,0.078689,0.077248,0.076348,0.075577,0.074058,0.073935,0.073352,0.072687,0.071846,0.071435,0.070886,0.070426,0.066591,0.068921,0.068492,0.067995,0.067095,0.067311,0.067065,0.066239,0.064388,0.065324,0.064911,0.064442,0.063983,0.063536,0.06313,0.062648,0.061909,0.061588,0.060997,0.060236,0.057513,0.05972,0.058784,0.05788,0.057407,0.056103,0.05478,0.05355,0.051055,0.049971,0.048018,0.046269
0.36364,0.11096,0.04799,0.080636,0.098311,0.040736,0.1011,0.069357,0.073842,0.07985,0.035186,0.028053,0.036061,0.049477,0.056939,0.059671,0.059996,0.060981,0.061331,0.061572,0.061975,0.061947,0.062165,0.062266,0.062394,0.062387,0.062366,0.062285,0.062092,0.062242,0.062177,0.06213,0.066165,0.061915,0.061794,0.061671,0.061317,0.061425,0.061266,0.061146,0.060864,0.060842,0.06069,0.060606,0.060381,0.060325,0.060231,0.06015,0.060129,0.059942,0.059889,0.059812,0.059058,0.059784,0.059782,0.059799,0.060316,0.059976,0.06022,0.060809,0.061371,0.062158,0.063672,0.066269
0.090909,0.12846,0.05889,0.14668,0.15897,0.046121,0.093588,0.051062,0.17018,0.095755,0.081479,0.06925,0.075152,0.074811,0.080208,0.087565,0.092508,0.098303,0.10204,0.10528,0.10768,0.11035,0.11228,0.11393,0.11479,0.11663,0.11768,0.11838,0.1191,0.11984,0.12039,0.12084,0.12657,0.12158,0.12191,0.12221,0.1228,0.12257,0.12268,0.12277,0.12221,0.12291,0.12283,0.12286,0.12204,0.12274,0.12261,0.1225,0.12257,0.12228,0.12208,0.12182,0.12248,0.12111,0.12065,0.12011,0.11964,0.11871,0.11792,0.11698,0.1158,0.11494,0.11406,0.11343
0.090909,0.050099,0.13433,0.02926,0.07816,0.21085,0.11778,0.12936,0.30178,0.12712,0.11702,0.095053,0.092106,0.090147,0.08903,0.069768,0.068155,0.068495,0.069074,0.077211,0.09218,0.092196,0.092506,0.092863,0.093021,0.093454,0.093739,0.09415,0.09469,0.094699,0.095006,0.095415,0.10036,0.095938,0.096239,0.096546,0.096458,0.096988,0.097831,0.09817,0.097636,0.099758,0.10066,0.102,0.11764,0.10499,0.10808,0.11077,0.1145,0.11548,0.11752,0.11854,0.11759,0.12081,0.12079,0.12115,0.12162,0.12175,0.12153,0.12126,0.12047,0.11971,0.11799,0.1154
0.20455,0.1914,0.21571,0.2746,0.034493,0.20508,0.18078,0.13403,0.13565,0.2062,0.25082,0.27235,0.28474,0.29096,0.29703,0.30217,0.30612,0.31011,0.31319,0.31571,0.3157,0.31959,0.32099,0.32197,0.32185,0.32316,0.32329,0.32385,0.32401,0.32388,0.32388,0.32394,0.31634,0.32358,0.32365,0.32366,0.3235,0.32376,0.324,0.32423,0.32373,0.32467,0.32498,0.3252,0.32021,0.32581,0.32619,0.32655,0.32653,0.32701,0.32741,0.32784,0.3253,0.32854,0.3289,0.32917,0.3316,0.32967,0.33015,0.32985,0.32855,0.32913,0.32774,0.32403
0.31818,0.16237,0.084358,0.10741,0.061566,0.029953,0.17014,0.11981,0.087536,0.059768,0.054398,0.077196,0.091906,0.10131,0.10521,0.10747,0.10896,0.10953,0.10994,0.11012,0.11189,0.11018,0.1101,0.10996,0.10944,0.10967,0.10955,0.10927,0.10918,0.10886,0.10861,0.10829,0.10933,0.10845,0.10809,0.10781,0.10697,0.10722,0.1069,0.1067,0.10644,0.10615,0.1058,0.10543,0.10464,0.10471,0.10428,0.10385,0.10368,0.10293,0.10235,0.10178,0.098832,0.1003,0.09959,0.098818,0.09782,0.096939,0.09581,0.09493,0.093218,0.092751,0.091848,0.091235
0.25,0.213,0.18804,0.19191,0.14732,0.090648,0.14643,0.064612,0.061595,0.096569,0.15772,0.16632,0.16397,0.16493,0.16674,0.17407,0.17956,0.16766,0.16298,0.16256,0.16149,0.16232,0.16216,0.16209,0.16187,0.16206,0.16183,0.16162,0.16151,0.16159,0.16144,0.16136,0.17112,0.16118,0.16092,0.1608,0.16101,0.16039,0.16048,0.16031,0.16006,0.16003,0.1599,0.15982,0.1594,0.15958,0.15944,0.15938,0.15937,0.15916,0.15913,0.159,0.15886,0.15895,0.15902,0.15897,0.15902,0.15907,0.15906,0.15904,0.15894,0.15907,0.15909,0.15909
0.25,0.18054,0.15865,0.19473,0.10931,0.084706,0.10548,0.15062,0.11513,0.18939,0.15769,0.13873,0.12326,0.12336,0.12392,0.12449,0.1238,0.12263,0.12142,0.1206,0.11708,0.12111,0.12284,0.12506,0.12741,0.12914,0.13048,0.13155,0.12926,0.13159,0.13162,0.13154,0.13185,0.13195,0.13177,0.13169,0.13207,0.13152,0.13172,0.13171,0.13174,0.13183,0.1319,0.1319,0.13307,0.13219,0.13236,0.13254,0.1327,0.13296,0.1332,0.13341,0.13413,0.13402,0.13435,0.13464,0.13487,0.13519,0.13547,0.13565,0.13599,0.1361,0.13624,0.13633
0.22727,0.15146,0.076958,0.18464,0.064161,0.12478,0.065929,0.097233,0.093011,0.061444,0.14387,0.16752,0.17618,0.17584,0.1681,0.16031,0.1555,0.14906,0.14532,0.14233,0.13666,0.13776,0.13601,0.13451,0.13262,0.13184,0.13053,0.12952,0.12648,0.12719,0.12598,0.12465,0.10707,0.10611,0.10107,0.09995,0.099602,0.098487,0.097842,0.097257,0.096674,0.096285,0.095786,0.095235,0.096982,0.094434,0.094023,0.093702,0.093417,0.093108,0.092815,0.092568,0.093184,0.092062,0.091913,0.091758,0.091616,0.091395,0.091278,0.091114,0.091228,0.091009,0.090966,0.090937
0.18182,0.25666,0.26999,0.11547,0.22138,0.16838,0.14045,0.090219,0.15887,0.34912,0.37397,0.3599,0.36272,0.36997,0.37161,0.37278,0.37515,0.37431,0.37484,0.37531,0.37552,0.37641,0.37672,0.37711,0.37757,0.37797,0.37839,0.37904,0.37875,0.37996,0.38045,0.38106,0.37557,0.38214,0.38264,0.38329,0.384,0.3844,0.38503,0.38575,0.38683,0.38723,0.38802,0.38883,0.38944,0.39033,0.3913,0.39221,0.39311,0.39413,0.3952,0.39618,0.39653,0.39832,0.39945,0.40066,0.40181,0.40327,0.4044,0.40576,0.40666,0.4077,0.40844,0.40892
