0.25,0.12458,0.14649,0.11786,0.11614,0.15842,0.052619,0.14263,0.21085,0.065466,0.061139,0.061362,0.049125,0.049462,0.048079,0.046453,0.044502,0.043388,0.041908,0.040575,0.039916,0.037929,0.036793,0.035694,0.034805,0.033433,0.032469,0.031281,0.030146,0.029398,0.028454,0.02755,0.029862,0.02558,0.024734,0.023949,0.023033,0.022323,0.021651,0.02098,0.019998,0.019457,0.01887,0.018174,0.01765,0.017109,0.016691,0.016214,0.015592,0.015474,0.015209,0.014789,0.015519,0.014964,0.014435,0.014469,0.015853,0.014691,0.014527,0.014947,0.013572,0.013606,0.011624,0.0068396
0.1875,0.088808,0.2069,0.10209,0.14906,0.084738,0.14066,0.13343,0.1178,0.11012,0.13081,0.15733,0.15255,0.14234,0.13095,0.12178,0.11435,0.10851,0.10346,0.099032,0.094824,0.091839,0.088699,0.08591,0.083601,0.081421,0.079531,0.077827,0.076112,0.075,0.073899,0.07291,0.07332,0.070942,0.070321,0.069763,0.069089,0.068591,0.068218,0.067866,0.068019,0.067355,0.067095,0.066959,0.066854,0.066763,0.066783,0.066766,0.066873,0.067073,0.067297,0.067589,0.067194,0.068042,0.068614,0.069244,0.069269,0.070676,0.071682,0.07297,0.074659,0.075814,0.077972,0.081193
0,0.078277,0.083718,0.053859,0.075021,0.037312,0.020599,0.061176,0.026774,0.063252,0.057221,0.073636,0.089552,0.088239,0.086815,0.086016,0.085525,0.085206,0.084944,0.084635,0.084591,0.084032,0.083719,0.083453,0.083505,0.082807,0.082518,0.082192,0.081789,0.081415,0.081074,0.080667,0.081895,0.079896,0.07955,0.07911,0.078651,0.078225,0.077874,0.07734,0.07701,0.076273,0.075717,0.075074,0.07449,0.074012,0.073389,0.072673,0.072047,0.071272,0.07043,0.069609,0.068788,0.067724,0.066675,0.06546,0.064721,0.062556,0.060791,0.058383,0.056059,0.052693,0.048627,0.044209
0.0625,0.10845,0.12763,0.042038,0.11946,0.077495,0.066395,0.11946,0.056878,0.069634,0.082317,0.090339,0.096566,0.093775,0.095308,0.10737,0.11224,0.11393,0.11552,0.11706,0.11812,0.11952,0.12072,0.12175,0.12246,0.12376,0.12449,0.12531,0.12649,0.127,0.12776,0.12868,0.12784,0.13024,0.13082,0.13166,0.13266,0.13331,0.13403,0.13492,0.13543,0.13648,0.13724,0.13808,0.13817,0.1395,0.14025,0.14125,0.14193,0.14258,0.14361,0.14421,0.14642,0.14562,0.1463,0.1468,0.1477,0.14761,0.14793,0.14797,0.14799,0.14755,0.14696,0.14605
0.16667,0.25918,0.20098,0.087152,0.10191,0.0099321,0.16726,0.15621,0.25156,0.066241,0.055464,0.075584,0.085989,0.09256,0.095943,0.097436,0.097783,0.096101,0.094463,0.09291,0.092163,0.091557,0.091316,0.091242,0.090182,0.091316,0.091381,0.091656,0.09143,0.091886,0.092032,0.09226,0.090917,0.092512,0.092668,0.092852,0.093047,0.093292,0.093472,0.093662,0.093396,0.094178,0.094479,0.094741,0.095353,0.095428,0.095797,0.096239,0.096543,0.097077,0.097581,0.09812,0.09886,0.099264,0.099766,0.10039,0.10107,0.10156,0.10214,0.10272,0.10324,0.10359,0.1039,0.10409
0.020833,0.066297,0.25437,0.063376,0.1469,0.061484,0.07297,0.10143,0.06778,0.16826,0.20553,0.22297,0.22639,0.2345,0.23154,0.23154,0.23232,0.23286,0.23329,0.23384,0.23472,0.23438,0.23464,0.23488,0.23488,0.23523,0.23545,0.23554,0.23588,0.23604,0.23622,0.23649,0.23873,0.237,0.2373,0.23757,0.23763,0.23818,0.2385,0.23874,0.239,0.23947,0.23988,0.24038,0.24065,0.24115,0.24176,0.24236,0.24303,0.24363,0.24435,0.24515,0.24539,0.24632,0.24726,0.24811,0.2492,0.24986,0.25064,0.25136,0.25225,0.25227,0.25173,0.25067
0,0.27868,0.34093,0.096286,0.30764,0.092394,0.036077,0.074327,0.25922,0.17915,0.18303,0.19443,0.19905,0.20799,0.23114,0.24485,0.25182,0.25606,0.25995,0.26379,0.27615,0.28577,0.28919,0.29134,0.29381,0.29422,0.29528,0.29631,0.29664,0.29769,0.29827,0.29872,0.29565,0.29942,0.29965,0.29979,0.29954,0.30008,0.29995,0.29996,0.30062,0.29981,0.29965,0.2995,0.30019,0.29919,0.29887,0.29862,0.29834,0.2981,0.29781,0.29765,0.29669,0.29721,0.29694,0.29676,0.29694,0.29645,0.29647,0.29649,0.29672,0.29585,0.29484,0.2929
0.14583,0.043295,0.17222,0.09096,0.15158,0.13201,0.11976,0.08391,0.080514,0.042906,0.04636,0.097535,0.13668,0.15203,0.16891,0.18135,0.18958,0.19441,0.19741,0.19915,0.20055,0.20127,0.20184,0.20216,0.20229,0.20245,0.2025,0.20253,0.20266,0.20225,0.20205,0.20168,0.20176,0.20103,0.2007,0.20017,0.2,0.19896,0.1983,0.19761,0.19724,0.196,0.19509,0.19414,0.19198,0.19186,0.19076,0.18943,0.18817,0.18673,0.18519,0.18368,0.18393,0.18038,0.17876,0.17705,0.17489,0.17361,0.1721,0.17055,0.1692,0.16816,0.16734,0.16684
0.125,0.082384,0.22331,0.12454,0.12394,0.083051,0.06661,0.042057,0.021163,0.062363,0.035795,0.044952,0.050909,0.058944,0.06777,0.069985,0.070571,0.069609,0.068688,0.067471,0.066295,0.064982,0.063782,0.062529,0.06156,0.060013,0.058899,0.057696,0.056393,0.055318,0.054189,0.053018,0.05171,0.050704,0.04959,0.048387,0.047213,0.046103,0.044887,0.043637,0.043121,0.041439,0.040286,0.039172,0.037836,0.036787,0.035734,0.034521,0.033413,0.032249,0.031112,0.030055,0.028573,0.027989,0.026899,0.025983,0.024682,0.024082,0.023256,0.022692,0.021897,0.021505,0.02114,0.020925
0.10417,0.20899,0.087176,0.067847,0.18636,0.05411,0.034043,0.066648,0.052925,0.056557,0.05573,0.042406,0.062698,0.076631,0.08062,0.080891,0.079333,0.079248,0.078367,0.077466,0.076234,0.075962,0.075291,0.074755,0.07432,0.073748,0.073403,0.072841,0.072537,0.072103,0.07178,0.071398,0.075322,0.070871,0.070596,0.070295,0.07011,0.06975,0.069629,0.069278,0.068774,0.068784,0.068515,0.06827,0.067951,0.06785,0.067611,0.067308,0.067159,0.066778,0.06645,0.066169,0.065882,0.065481,0.065243,0.064882,0.064828,0.064091,0.063746,0.063355,0.063104,0.062885,0.062681,0.062552
0.125,0.15773,0.2244,0.13739,0.25758,0.097498,0.08226,0.11184,0.10638,0.068321,0.035264,0.053507,0.049237,0.041114,0.036076,0.035512,0.036289,0.037046,0.037256,0.036771,0.035403,0.033491,0.030819,0.028047,0.025826,0.023869,0.022238,0.020941,0.020116,0.019235,0.018614,0.018098,0.01822,0.017517,0.017284,0.017127,0.017007,0.016991,0.016962,0.016987,0.016957,0.01716,0.017263,0.017375,0.0173,0.017679,0.017857,0.018042,0.018279,0.018466,0.018691,0.018919,0.01921,0.019347,0.019556,0.019765,0.020285,0.020151,0.020335,0.020418,0.020508,0.02071,0.020791,0.020849
0.16667,0.10326,0.1062,0.027358,0.26083,0.053013,0.057637,0.092883,0.10392,0.047763,0.082092,0.074102,0.065563,0.049301,0.038864,0.03348,0.02982,0.026172,0.02337,0.021009,0.019013,0.01741,0.01649,0.01602,0.016023,0.016672,0.017647,0.018661,0.019968,0.021526,0.022964,0.024456,0.028889,0.027433,0.028868,0.030353,0.031895,0.03323,0.034673,0.036114,0.037535,0.038808,0.040199,0.041661,0.043755,0.044317,0.045715,0.047159,0.048676,0.050074,0.051647,0.053281,0.055491,0.05657,0.058459,0.060387,0.062222,0.064947,0.067387,0.07032,0.073707,0.076516,0.079717,0.082319
0.041667,0.059372,0.11345,0.097906,0.23967,0.029607,0.074861,0.077015,0.1655,0.034579,0.035313,0.021051,0.024878,0.027743,0.032939,0.038682,0.043746,0.045507,0.045136,0.044645,0.044729,0.044578,0.044683,0.044947,0.044054,0.045303,0.045374,0.045662,0.045483,0.045711,0.045762,0.045791,0.043888,0.045751,0.045688,0.045624,0.045391,0.045479,0.045362,0.04533,0.044806,0.044975,0.044834,0.044674,0.044611,0.044439,0.044289,0.044121,0.043946,0.043803,0.043652,0.043578,0.043431,0.043313,0.043192,0.043053,0.042741,0.042881,0.042949,0.042877,0.042878,0.042913,0.042614,0.042134
0.125,0.037553,0.095964,0.11336,0.082536,0.058061,0.10926,0.10811,0.063377,0.06712,0.059041,0.070053,0.079453,0.08524,0.087912,0.088748,0.089544,0.088648,0.088382,0.088068,0.088698,0.087776,0.087402,0.086719,0.085266,0.082481,0.078544,0.074467,0.069038,0.064359,0.059576,0.056203,0.043339,0.051597,0.050041,0.049063,0.048048,0.047745,0.047154,0.046795,0.046708,0.046403,0.046253,0.04615,0.045614,0.046007,0.04598,0.045913,0.045805,0.045794,0.04573,0.045631,0.045424,0.045354,0.045143,0.044905,0.044588,0.044225,0.043844,0.043387,0.042858,0.04244,0.042035,0.041753
0.14583,0.063932,0.076565,0.11407,0.12228,0.11288,0.058005,0.03495,0.1357,0.040143,0.062508,0.060891,0.071523,0.091127,0.10126,0.10768,0.11296,0.11653,0.11987,0.12273,0.12497,0.12688,0.12845,0.12974,0.13057,0.13163,0.13236,0.13301,0.13332,0.13383,0.13416,0.13443,0.13205,0.13467,0.13482,0.13485,0.13481,0.13487,0.13479,0.13471,0.13466,0.13455,0.13442,0.13425,0.13437,0.13397,0.13375,0.13353,0.13324,0.13306,0.13275,0.13248,0.13188,0.13183,0.13141,0.131,0.1305,0.12994,0.12923,0.12848,0.12771,0.12674,0.12587,0.12524
0.0625,0.2373,0.14873,0.15259,0.25805,0.069538,0.04653,0.010445,0.20237,0.081561,0.038236,0.064973,0.08025,0.090667,0.10045,0.11053,0.11954,0.12628,0.13138,0.13576,0.13821,0.14282,0.14615,0.14908,0.15222,0.15464,0.15718,0.15879,0.16185,0.16331,0.16523,0.16707,0.17683,0.17001,0.17147,0.17289,0.17487,0.17521,0.17661,0.1776,0.17836,0.1795,0.18028,0.18142,0.18005,0.18292,0.18336,0.18409,0.18515,0.18523,0.18578,0.18605,0.18917,0.18692,0.1878,0.18804,0.1892,0.18907,0.18946,0.19006,0.18916,0.19134,0.19249,0.19299
0.20833,0.027873,0.16739,0.082959,0.11093,0.032347,0.040473,0.071849,0.032027,0.035718,0.016624,0.019613,0.023565,0.025568,0.023491,0.020364,0.01968,0.018081,0.017803,0.01788,0.017554,0.018371,0.018818,0.019198,0.019696,0.020175,0.020695,0.021181,0.021746,0.022265,0.022797,0.023326,0.021015,0.02447,0.025007,0.025578,0.026296,0.026696,0.027138,0.027782,0.028639,0.028943,0.029495,0.030074,0.030029,0.031254,0.031803,0.032366,0.033012,0.03365,0.034262,0.034858,0.036275,0.036004,0.036623,0.03729,0.037141,0.038488,0.039058,0.03975,0.040261,0.040891,0.041318,0.041608
0.020833,0.19824,0.10215,0.028131,0.13733,0.10028,0.018053,0.03195,0.13088,0.08151,0.03262,0.037712,0.061646,0.074058,0.082896,0.089448,0.094653,0.099786,0.10369,0.12635,0.13069,0.13391,0.13655,0.13887,0.14096,0.1428,0.14452,0.14605,0.14776,0.14877,0.14999,0.15112,0.15285,0.15319,0.15412,0.15497,0.15574,0.15653,0.15727,0.15795,0.1585,0.15918,0.15976,0.1603,0.16017,0.1613,0.16176,0.1622,0.16263,0.16301,0.16337,0.16378,0.16421,0.16457,0.16502,0.16551,0.16642,0.16673,0.16741,0.16827,0.16846,0.16988,0.17018,0.16886
0.3125,0.047624,0.03415,0.12141,0.11601,0.024108,0.14184,0.074211,0.096248,0.13967,0.071071,0.092394,0.083825,0.080445,0.076233,0.072717,0.069468,0.067056,0.064826,0.062759,0.061309,0.059372,0.05778,0.056437,0.055015,0.054086,0.052967,0.051989,0.051449,0.050273,0.049471,0.048727,0.048913,0.047446,0.046918,0.046385,0.045757,0.045434,0.04511,0.044729,0.044279,0.044147,0.04387,0.043649,0.042732,0.043178,0.043,0.042883,0.042735,0.042651,0.042528,0.042446,0.042062,0.042272,0.042213,0.042152,0.042102,0.041941,0.041883,0.041831,0.041681,0.041724,0.041692,0.041665
0.29167,0.17614,0.029879,0.052368,0.29645,0.046422,0.032188,0.093771,0.21813,0.073249,0.14218,0.16183,0.1768,0.17923,0.18293,0.1851,0.18686,0.18806,0.18963,0.19123,0.19364,0.1949,0.19654,0.19809,0.19888,0.20071,0.20177,0.20264,0.20362,0.20442,0.20514,0.20578,0.20797,0.20697,0.20774,0.20836,0.20879,0.20959,0.21043,0.21095,0.21118,0.21241,0.21314,0.21388,0.2152,0.2155,0.21624,0.21705,0.21794,0.2188,0.21964,0.22058,0.22155,0.22226,0.22325,0.22412,0.22497,0.22581,0.22664,0.22728,0.22803,0.22845,0.22884,0.22907
0.1875,0.043839,0.034928,0.062569,0.070885,0.03972,0.05932,0.066442,0.080893,0.05573,0.041604,0.037606,0.03224,0.03095,0.032109,0.03324,0.034399,0.035138,0.035963,0.036776,0.03718,0.038013,0.038788,0.039392,0.039992,0.040418,0.040895,0.041095,0.041528,0.041792,0.042014,0.04227,0.045374,0.042414,0.042592,0.042683,0.042777,0.042817,0.042939,0.042928,0.043127,0.042992,0.04299,0.043029,0.042996,0.042984,0.042977,0.042955,0.043072,0.04293,0.04285,0.042827,0.042202,0.042464,0.04251,0.042336,0.041884,0.042002,0.041695,0.041396,0.041282,0.041337,0.041362,0.041529
0.14583,0.040618,0.093762,0.14072,0.062989,0.13851,0.072415,0.043129,0.050916,0.084503,0.060983,0.058572,0.063544,0.063024,0.063,0.062581,0.062001,0.061768,0.061401,0.061045,0.060944,0.060394,0.060163,0.059855,0.059447,0.05925,0.05891,0.058568,0.058361,0.057934,0.057594,0.057268,0.057721,0.056515,0.056142,0.055793,0.055436,0.055133,0.054745,0.05445,0.053978,0.053811,0.053549,0.053312,0.052865,0.052842,0.052694,0.052567,0.052449,0.052397,0.052411,0.052435,0.052929,0.052844,0.053111,0.053516,0.054063,0.054785,0.055623,0.056692,0.057979,0.059357,0.060814,0.062011
0.083333,0.069998,0.079268,0.060903,0.05336,0.047274,0.046796,0.058862,0.078897,0.10442,0.091393,0.093647,0.08472,0.083479,0.075831,0.070203,0.067105,0.066453,0.065664,0.065118,0.064475,0.064178,0.063731,0.063298,0.062865,0.062278,0.061795,0.06119,0.060697,0.059991,0.059356,0.058643,0.058153,0.057184,0.056411,0.055613,0.054765,0.053911,0.053042,0.0521,0.05111,0.050176,0.049158,0.048128,0.046986,0.045944,0.044859,0.043684,0.042501,0.04127,0.040003,0.038697,0.037429,0.035952,0.034525,0.033024,0.031538,0.029703,0.028057,0.026346,0.024717,0.023239,0.021993,0.021138
0.14583,0.025765,0.11107,0.040846,0.12874,0.14184,0.1178,0.085411,0.061856,0.12556,0.14131,0.14627,0.1467,0.14931,0.14579,0.13931,0.13308,0.12894,0.12496,0.12145,0.11842,0.11558,0.11295,0.11056,0.10821,0.10623,0.10421,0.10234,0.10064,0.098723,0.097061,0.095455,0.095161,0.092419,0.091048,0.089665,0.088402,0.087072,0.085904,0.084689,0.083644,0.082475,0.081401,0.080332,0.079092,0.078472,0.077495,0.076555,0.075699,0.074838,0.073962,0.073163,0.072484,0.071604,0.070803,0.070007,0.068973,0.068317,0.067411,0.066434,0.065452,0.064412,0.063453,0.062766
0.083333,0.091629,0.092585,0.075706,0.056653,0.09323,0.039821,0.14432,0.061481,0.18286,0.17076,0.1689,0.16731,0.16362,0.16461,0.16697,0.16941,0.17184,0.17399,0.17589,0.17704,0.17891,0.1801,0.18115,0.18215,0.18289,0.18356,0.18419,0.18503,0.1853,0.18572,0.18608,0.18507,0.18673,0.18698,0.18719,0.18746,0.18753,0.18762,0.18775,0.18779,0.18786,0.18792,0.18797,0.18769,0.18795,0.18794,0.18793,0.1879,0.18788,0.18786,0.18782,0.18787,0.18777,0.18772,0.18768,0.18765,0.18762,0.18759,0.18757,0.18753,0.18752,0.18751,0.1875
0.14583,0.10253,0.045368,0.10798,0.040153,0.16975,0.041638,0.12595,0.15494,0.019844,0.056935,0.05689,0.063213,0.063635,0.063084,0.062485,0.061664,0.061399,0.060932,0.060617,0.060743,0.059699,0.059634,0.059437,0.059083,0.058949,0.058929,0.058401,0.058537,0.058287,0.058103,0.057902,0.062301,0.057697,0.057356,0.057114,0.056549,0.056742,0.056243,0.055927,0.05505,0.055171,0.054737,0.054553,0.053805,0.053251,0.052714,0.052107,0.051591,0.050538,0.049807,0.048941,0.047064,0.046861,0.045689,0.044466,0.043745,0.04155,0.039648,0.038793,0.03619,0.034048,0.031374,0.027188
0.041667,0.070524,0.044071,0.040374,0.093885,0.13661,0.066425,0.042998,0.17129,0.16248,0.21841,0.21896,0.21838,0.21572,0.21345,0.21121,0.20872,0.20693,0.20492,0.203,0.20118,0.19987,0.1984,0.19712,0.196,0.19493,0.19397,0.19308,0.19254,0.19167,0.19107,0.19051,0.19173,0.18955,0.18918,0.18883,0.18862,0.18824,0.18806,0.18783,0.18772,0.18754,0.18741,0.18732,0.18695,0.18718,0.18714,0.18712,0.18713,0.18711,0.18712,0.18715,0.18717,0.18719,0.18724,0.18728,0.1873,0.18734,0.18739,0.18742,0.18743,0.18747,0.18749,0.1875
0.125,0.15653,0.044437,0.04432,0.21413,0.08832,0.040827,0.15772,0.075174,0.14568,0.11268,0.11239,0.10472,0.10242,0.10373,0.10556,0.10594,0.10573,0.1048,0.10366,0.10306,0.1026,0.10343,0.10571,0.10875,0.11011,0.11139,0.11188,0.1115,0.11226,0.11224,0.11214,0.11231,0.11166,0.11149,0.11123,0.11082,0.11061,0.11042,0.11011,0.10992,0.10948,0.10916,0.10891,0.10934,0.10813,0.10783,0.10747,0.10711,0.10678,0.10637,0.10604,0.10516,0.10517,0.10493,0.10462,0.10448,0.10423,0.10397,0.10407,0.1041,0.104,0.10406,0.10409
0.083333,0.12197,0.24776,0.11371,0.29942,0.11797,0.096666,0.072614,0.050926,0.20234,0.16198,0.18708,0.19525,0.19169,0.18984,0.18894,0.18879,0.18821,0.18802,0.18794,0.18839,0.18768,0.18756,0.18742,0.18755,0.18706,0.18689,0.18663,0.18638,0.18614,0.18586,0.18553,0.18595,0.18471,0.18435,0.18399,0.18346,0.18307,0.18261,0.18218,0.18158,0.18115,0.18054,0.18002,0.17931,0.17869,0.17799,0.17728,0.17668,0.17597,0.1752,0.17437,0.17396,0.17271,0.17201,0.17119,0.17095,0.16956,0.169,0.16837,0.16793,0.16731,0.167,0.16677
0.14583,0.1664,0.13046,0.13193,0.067717,0.039746,0.13174,0.059091,0.28317,0.13595,0.15211,0.13509,0.11809,0.10422,0.091331,0.081232,0.073327,0.068875,0.065428,0.062968,0.061338,0.059437,0.057893,0.056646,0.055987,0.054138,0.053132,0.052022,0.051406,0.050284,0.049462,0.048595,0.053727,0.047065,0.046376,0.045901,0.044934,0.044496,0.044231,0.043811,0.043524,0.042068,0.041693,0.04122,0.039656,0.039703,0.039702,0.038987,0.038474,0.037823,0.037362,0.036076,0.032728,0.034354,0.03346,0.032056,0.030373,0.030421,0.028768,0.026876,0.024718,0.023589,0.022074,0.021164
0.020833,0.043269,0.055834,0.051475,0.21037,0.039213,0.059528,0.12267,0.15239,0.11228,0.11197,0.10161,0.095438,0.087566,0.081673,0.076051,0.070471,0.06601,0.061718,0.057829,0.054604,0.050869,0.047904,0.045198,0.042151,0.040309,0.038285,0.036425,0.03436,0.033097,0.031676,0.030347,0.027422,0.028076,0.027161,0.02631,0.025499,0.024814,0.024216,0.023645,0.022939,0.022592,0.022279,0.02197,0.022146,0.02155,0.02145,0.021341,0.021254,0.021261,0.021277,0.021229,0.02166,0.021374,0.021432,0.021467,0.021424,0.021756,0.021682,0.021575,0.021578,0.021254,0.021037,0.02088
0.125,0.038094,0.093726,0.12179,0.065607,0.049714,0.079934,0.069684,0.023408,0.057019,0.087539,0.10565,0.10428,0.098599,0.094655,0.090678,0.087408,0.083673,0.080447,0.077513,0.074435,0.071974,0.069563,0.067302,0.065317,0.063281,0.06138,0.05988,0.057949,0.056646,0.055201,0.053859,0.050172,0.051537,0.050304,0.049229,0.048264,0.047266,0.046281,0.04542,0.044839,0.043837,0.043129,0.042274,0.042103,0.041138,0.040547,0.04006,0.039416,0.039057,0.038697,0.038277,0.038478,0.037686,0.037517,0.037392,0.037218,0.037426,0.037687,0.037807,0.038382,0.039292,0.040308,0.0413
0.14583,0.1133,0.082567,0.12937,0.052765,0.16515,0.076778,0.058278,0.0095211,0.1492,0.14547,0.18314,0.17597,0.16356,0.15957,0.15684,0.15364,0.15058,0.14774,0.14513,0.14254,0.14132,0.13992,0.13846,0.13715,0.13651,0.13547,0.1343,0.1332,0.13267,0.13189,0.1312,0.13115,0.12973,0.12919,0.12859,0.12803,0.12759,0.12688,0.12645,0.12583,0.12573,0.12525,0.12494,0.1252,0.12432,0.12391,0.12361,0.12345,0.12321,0.12294,0.12275,0.12211,0.12256,0.12242,0.12233,0.12255,0.12223,0.12197,0.12219,0.12285,0.12246,0.12302,0.12431
0.10417,0.13971,0.021863,0.090449,0.04007,0.12164,0.06362,0.07083,0.11945,0.071659,0.014701,0.031915,0.049748,0.060774,0.069478,0.080379,0.092645,0.10446,0.11281,0.11843,0.12319,0.12528,0.12742,0.12905,0.12984,0.13133,0.13222,0.13293,0.13336,0.13396,0.13435,0.13464,0.13649,0.13522,0.13535,0.13548,0.13559,0.13566,0.13573,0.13571,0.13512,0.13567,0.13563,0.13547,0.13582,0.1354,0.13532,0.13518,0.13505,0.13489,0.13474,0.13462,0.13438,0.13423,0.13388,0.13358,0.13407,0.13268,0.13223,0.13124,0.13084,0.12924,0.12752,0.12556
0.20833,0.089795,0.20068,0.10158,0.17055,0.053403,0.048838,0.021633,0.043055,0.1456,0.13229,0.13996,0.13357,0.12955,0.12714,0.12575,0.12483,0.12434,0.12411,0.12401,0.12412,0.12411,0.12402,0.12382,0.12419,0.12278,0.12153,0.12012,0.11703,0.11614,0.11429,0.11289,0.10843,0.11091,0.11029,0.10987,0.10936,0.10919,0.10884,0.10862,0.10843,0.10824,0.10801,0.10783,0.10789,0.1073,0.10706,0.10683,0.10662,0.10641,0.10619,0.10596,0.10577,0.10556,0.10532,0.10514,0.10495,0.10476,0.10461,0.10451,0.10438,0.10428,0.10422,0.10418
0.0625,0.1254,0.077189,0.082868,0.18425,0.064447,0.22292,0.086101,0.19185,0.15196,0.18668,0.20782,0.2143,0.21652,0.21635,0.18899,0.18979,0.19104,0.19109,0.18905,0.18659,0.18509,0.18381,0.18329,0.18366,0.18317,0.18277,0.1827,0.18301,0.18229,0.18216,0.18235,0.18143,0.18138,0.18171,0.18165,0.18167,0.18186,0.18205,0.18203,0.18254,0.18267,0.18284,0.18306,0.18343,0.18383,0.18386,0.18416,0.18436,0.18469,0.18493,0.18537,0.18536,0.18575,0.18599,0.18625,0.18643,0.18666,0.18686,0.18708,0.18721,0.18733,0.18742,0.18748
0.020833,0.26203,0.23881,0.12865,0.19955,0.046963,0.20075,0.15929,0.32336,0.13259,0.074459,0.074909,0.078174,0.090394,0.099222,0.10578,0.11027,0.11321,0.11527,0.11687,0.1177,0.11889,0.11975,0.12044,0.12047,0.12143,0.1219,0.12238,0.12258,0.12312,0.12345,0.12376,0.12343,0.12423,0.12444,0.12464,0.12498,0.12509,0.1252,0.12535,0.12539,0.12553,0.12562,0.12572,0.12579,0.12583,0.12582,0.12581,0.12583,0.12575,0.12569,0.12572,0.12631,0.12566,0.12551,0.12541,0.12499,0.12525,0.12516,0.12521,0.12513,0.12504,0.12502,0.12501
0.083333,0.063187,0.041916,0.010774,0.033184,0.084447,0.045671,0.11033,0.09939,0.040941,0.060304,0.061403,0.059076,0.057533,0.055534,0.052889,0.049615,0.045086,0.040318,0.035824,0.030321,0.028441,0.025956,0.024394,0.024284,0.023218,0.023033,0.02282,0.021866,0.022429,0.022097,0.021908,0.022074,0.02118,0.020805,0.020541,0.02033,0.020002,0.019799,0.019664,0.019978,0.019431,0.019325,0.019256,0.019599,0.019257,0.019236,0.019265,0.01926,0.019387,0.019468,0.019604,0.020498,0.019696,0.019937,0.020092,0.020087,0.020321,0.020395,0.020471,0.020675,0.020698,0.020759,0.020814
0.25,0.091808,0.075607,0.039784,0.11799,0.029815,0.076779,0.046252,0.16029,0.07116,0.058897,0.054665,0.049297,0.047597,0.046792,0.046262,0.04599,0.045583,0.045294,0.035802,0.034608,0.034405,0.033798,0.033137,0.0326,0.031831,0.031306,0.030754,0.029991,0.02963,0.029152,0.028674,0.027509,0.027806,0.027485,0.027068,0.026944,0.026435,0.025985,0.02561,0.02522,0.0248,0.024427,0.024039,0.024461,0.023316,0.022776,0.022314,0.021781,0.021288,0.020615,0.019991,0.01992,0.018711,0.017724,0.016749,0.016058,0.014645,0.013148,0.011752,0.010289,0.0078352,0.0054711,0.0028502
0.14583,0.12202,0.20999,0.069878,0.10619,0.076482,0.13748,0.1453,0.2288,0.082538,0.1544,0.14769,0.14057,0.132,0.12879,0.12694,0.12494,0.12312,0.12114,0.11897,0.11647,0.11473,0.11255,0.11046,0.10865,0.10661,0.10467,0.10278,0.10107,0.099341,0.097679,0.096106,0.096531,0.093154,0.091786,0.090367,0.089067,0.087841,0.086616,0.085332,0.084283,0.083437,0.082338,0.081367,0.080165,0.0795,0.078405,0.077527,0.07664,0.075687,0.074717,0.074038,0.072991,0.072081,0.071149,0.070259,0.069602,0.068021,0.067055,0.066022,0.06488,0.063996,0.063254,0.062695
0.0625,0.076495,0.069009,0.035608,0.13973,0.13497,0.2069,0.20827,0.13473,0.16325,0.078836,0.074915,0.075137,0.07294,0.070452,0.069588,0.069503,0.069413,0.069369,0.069133,0.068722,0.068726,0.068339,0.067872,0.066913,0.066936,0.066373,0.065872,0.06574,0.064934,0.064473,0.064054,0.063227,0.063302,0.062992,0.062683,0.062472,0.062162,0.061924,0.061749,0.061418,0.061381,0.061271,0.061186,0.060986,0.060989,0.060972,0.060963,0.060955,0.060988,0.061036,0.061121,0.061261,0.061326,0.061431,0.061569,0.061686,0.061849,0.061992,0.062148,0.062267,0.062359,0.062439,0.062489
0.020833,0.11871,0.1028,0.099153,0.19206,0.17116,0.13358,0.17275,0.10603,0.14673,0.11688,0.084421,0.081728,0.081081,0.082074,0.08387,0.085016,0.090427,0.093388,0.093045,0.092454,0.085821,0.08274,0.082147,0.082334,0.082076,0.082461,0.082873,0.082146,0.08258,0.08246,0.082399,0.067978,0.081714,0.081543,0.081222,0.08005,0.080663,0.080491,0.080068,0.081154,0.079287,0.079065,0.078595,0.079573,0.077928,0.077941,0.077709,0.077059,0.07721,0.076921,0.076741,0.073109,0.076488,0.076365,0.076211,0.072583,0.076836,0.076517,0.076924,0.077714,0.078195,0.07877,0.079734
0,0.10352,0.14119,0.18268,0.16477,0.13156,0.15004,0.15002,0.084631,0.09733,0.12057,0.11515,0.11375,0.13395,0.13162,0.12658,0.12307,0.12017,0.11865,0.11766,0.11718,0.11647,0.11608,0.11588,0.11572,0.11552,0.11543,0.11549,0.1152,0.11509,0.11494,0.11478,0.11448,0.11424,0.11409,0.11381,0.11324,0.11309,0.11282,0.11233,0.11181,0.11149,0.11103,0.11041,0.11008,0.10942,0.10884,0.10826,0.1076,0.1071,0.10648,0.10594,0.10465,0.1047,0.10424,0.10384,0.10424,0.1033,0.1032,0.10317,0.10339,0.10353,0.10381,0.10408
NaN,0.10576,0.073884,0.078449,0.12874,0.15382,0.089843,0.082436,0.021216,0.10133,0.038474,0.046056,0.048742,0.048009,0.046242,0.044273,0.042068,0.040549,0.038926,0.037575,0.036397,0.035249,0.034457,0.033698,0.032717,0.032467,0.031943,0.031452,0.030779,0.030479,0.030046,0.029656,0.030261,0.028862,0.028507,0.028159,0.027811,0.027489,0.027172,0.026752,0.026344,0.02609,0.025739,0.025325,0.024955,0.024816,0.024402,0.024064,0.023673,0.023298,0.022868,0.022461,0.0211,0.021192,0.020507,0.019637,0.018326,0.017461,0.015957,0.01402,0.011906,0.0095891,0.0067079,0.0034419
0,0.27739,0.28148,0.13729,0.43999,0.1052,0.079827,0.10711,0.25418,0.12881,0.22619,0.24617,0.2634,0.27739,0.28373,0.28528,0.28623,0.29127,0.2945,0.29736,0.30012,0.30275,0.3048,0.30688,0.30761,0.31027,0.31191,0.31334,0.31489,0.31593,0.31716,0.31812,0.32126,0.32012,0.32105,0.32185,0.32267,0.3231,0.3241,0.32479,0.32337,0.32525,0.32569,0.32593,0.32611,0.32618,0.32647,0.32627,0.32625,0.32605,0.32575,0.3253,0.32479,0.32384,0.32359,0.32267,0.31947,0.32101,0.31978,0.3184,0.3175,0.31569,0.3142,0.31303
0.041667,0.14533,0.15394,0.13183,0.052522,0.066508,0.092347,0.015285,0.019536,0.070359,0.11482,0.11509,0.12082,0.1191,0.11802,0.11801,0.11921,0.12079,0.12157,0.12195,0.12225,0.12255,0.12278,0.12305,0.1237,0.12377,0.12411,0.1245,0.12503,0.12531,0.12571,0.12614,0.12614,0.12698,0.12739,0.12781,0.12817,0.12866,0.12907,0.12951,0.12987,0.13037,0.13079,0.13122,0.13151,0.13207,0.13248,0.13293,0.13336,0.1338,0.13426,0.13473,0.13499,0.13561,0.13609,0.13658,0.13728,0.13769,0.13833,0.13908,0.14005,0.1412,0.14281,0.14478
0.0625,0.074119,0.28419,0.093034,0.074525,0.11328,0.14207,0.098316,0.19798,0.07031,0.043086,0.038149,0.056771,0.066564,0.075342,0.083931,0.090277,0.094831,0.097848,0.10024,0.10205,0.10362,0.10496,0.10634,0.10797,0.10864,0.10969,0.11093,0.11195,0.11279,0.11368,0.11461,0.11247,0.11624,0.11703,0.11786,0.1187,0.11939,0.12023,0.12103,0.122,0.12259,0.12342,0.12419,0.12506,0.12591,0.1268,0.12768,0.1285,0.12949,0.13043,0.13133,0.13233,0.13337,0.1344,0.1355,0.13681,0.13774,0.13899,0.14024,0.1417,0.14299,0.14434,0.1454
0.29167,0.10712,0.072966,0.18622,0.28174,0.17362,0.14905,0.11828,0.083568,0.12998,0.20106,0.19959,0.20185,0.20385,0.20569,0.20746,0.20932,0.20978,0.21049,0.21141,0.21287,0.21361,0.21476,0.21617,0.21878,0.21916,0.2206,0.22247,0.22401,0.22543,0.22695,0.22831,0.22341,0.23104,0.23243,0.2336,0.23463,0.236,0.23687,0.23785,0.23927,0.23985,0.24072,0.24158,0.24275,0.24314,0.24385,0.24451,0.2451,0.24575,0.24627,0.24685,0.24715,0.24779,0.24812,0.24851,0.24876,0.24903,0.2493,0.24956,0.24971,0.24983,0.24993,0.24998
0.083333,0.20198,0.094058,0.18988,0.21522,0.11908,0.1306,0.13219,0.17494,0.12269,0.16208,0.17445,0.19168,0.19847,0.1943,0.19837,0.20705,0.2088,0.20978,0.21015,0.21,0.21005,0.20999,0.20984,0.21035,0.20936,0.20921,0.20914,0.20869,0.20874,0.2086,0.20845,0.20507,0.20822,0.20817,0.20808,0.20803,0.20802,0.20791,0.2079,0.20851,0.20786,0.20789,0.2079,0.20844,0.20807,0.20807,0.2081,0.2081,0.20819,0.2082,0.20827,0.20842,0.20837,0.20832,0.20836,0.20818,0.20836,0.20835,0.20839,0.20843,0.20835,0.20835,0.20834
0.25,0.027827,0.11976,0.098685,0.10195,0.081752,0.097915,0.064593,0.0078776,0.11992,0.12881,0.12284,0.11316,0.11682,0.1193,0.12214,0.12333,0.12417,0.12372,0.12256,0.12076,0.12035,0.11917,0.11801,0.11669,0.11571,0.1148,0.11382,0.11285,0.1122,0.11148,0.11092,0.10914,0.10946,0.10902,0.10852,0.10822,0.1077,0.10728,0.107,0.10641,0.10636,0.10616,0.106,0.10635,0.10579,0.10569,0.10567,0.10556,0.10559,0.1056,0.10565,0.1056,0.10585,0.10595,0.1061,0.10664,0.10655,0.10667,0.10696,0.10734,0.10685,0.10616,0.10501
0,0.33988,0.3975,0.086331,0.53605,0.19598,0.17306,0.1336,0.10029,0.21331,0.27434,0.29643,0.32767,0.34689,0.35838,0.38128,0.39162,0.39816,0.4029,0.40726,0.41194,0.41444,0.41753,0.42045,0.42282,0.42539,0.42765,0.4299,0.43194,0.43372,0.43549,0.43707,0.436,0.44024,0.44157,0.44293,0.44392,0.44543,0.44651,0.44756,0.44852,0.44996,0.45091,0.45193,0.45223,0.45314,0.45427,0.45503,0.45579,0.45644,0.45721,0.45717,0.45697,0.45906,0.45925,0.4597,0.46101,0.45936,0.4595,0.45941,0.45884,0.45885,0.4586,0.4585
0.020833,0.19866,0.12043,0.14879,0.21443,0.1673,0.085393,0.18542,0.057856,0.15166,0.22211,0.24221,0.2701,0.28542,0.29039,0.29252,0.29287,0.2943,0.29422,0.29383,0.29236,0.29224,0.2916,0.2909,0.29026,0.28998,0.28952,0.28884,0.28843,0.288,0.28748,0.28686,0.29273,0.286,0.28555,0.28506,0.28476,0.28437,0.28414,0.28378,0.28319,0.28358,0.28347,0.28345,0.28363,0.28344,0.2835,0.2835,0.28373,0.2837,0.28374,0.28373,0.28367,0.28411,0.28425,0.28438,0.28442,0.28504,0.28536,0.28591,0.28712,0.28793,0.28935,0.29092
0.1875,0.53723,0.46532,0.28441,0.65349,0.26453,0.35723,0.26004,0.34254,0.29221,0.44019,0.50225,0.54633,0.56522,0.57907,0.58933,0.59517,0.60309,0.60772,0.61141,0.6151,0.61655,0.6183,0.61983,0.62076,0.62183,0.62264,0.62338,0.62374,0.62418,0.62446,0.62467,0.62459,0.62489,0.62493,0.6249,0.62455,0.62467,0.62465,0.62447,0.62412,0.62401,0.62383,0.62354,0.62351,0.62312,0.6229,0.62267,0.62244,0.62226,0.62209,0.62197,0.62133,0.62182,0.62185,0.62193,0.62212,0.62239,0.62272,0.62305,0.62359,0.6241,0.62456,0.6249
0.083333,0.32617,0.23855,0.1662,0.25837,0.19627,0.091712,0.088879,0.26625,0.066446,0.10081,0.17491,0.20176,0.21912,0.2296,0.23754,0.24438,0.2495,0.25428,0.25861,0.26225,0.26573,0.26883,0.27165,0.27479,0.27648,0.27869,0.28065,0.28249,0.28424,0.28582,0.28736,0.29152,0.28962,0.2907,0.2917,0.29263,0.2933,0.29403,0.29464,0.2953,0.29551,0.29594,0.29629,0.29657,0.29674,0.29694,0.29715,0.29723,0.29725,0.29724,0.29722,0.29779,0.29682,0.2966,0.2963,0.29706,0.29551,0.29495,0.29433,0.29367,0.29291,0.29232,0.29183
0.041667,0.23077,0.19384,0.11385,0.18471,0.073385,0.091576,0.056513,0.056719,0.1705,0.24149,0.24846,0.25621,0.26002,0.26197,0.26235,0.26997,0.26067,0.25875,0.25664,0.25495,0.25327,0.25243,0.25309,0.25219,0.26574,0.26745,0.26842,0.26856,0.26903,0.2693,0.26955,0.26645,0.26982,0.27003,0.27023,0.27022,0.27061,0.2709,0.27108,0.27133,0.27182,0.27215,0.2724,0.27336,0.27347,0.27393,0.27448,0.27492,0.2757,0.27641,0.27713,0.27722,0.27896,0.28005,0.28119,0.28267,0.28372,0.28512,0.28647,0.28813,0.28934,0.29051,0.29133
NaN,0.16458,0.055151,0.13787,0.24547,0.042258,0.077169,0.085145,0.11746,0.11167,0.12186,0.14255,0.13951,0.13957,0.13971,0.138,0.13551,0.13283,0.13166,0.13174,0.13256,0.13419,0.13521,0.13586,0.13463,0.13634,0.1363,0.13631,0.13623,0.13595,0.13581,0.1357,0.13264,0.13538,0.13529,0.13519,0.13512,0.13507,0.135,0.13499,0.13436,0.13511,0.13514,0.13519,0.13529,0.13541,0.13554,0.13567,0.1358,0.13603,0.13622,0.13651,0.13687,0.13709,0.1374,0.13781,0.13808,0.13873,0.13937,0.14014,0.14108,0.1423,0.14375,0.14518
0.10417,0.17762,0.12521,0.1472,0.052031,0.08701,0.051734,0.049279,0.10822,0.0042972,0.042791,0.060975,0.080166,0.085143,0.087622,0.090381,0.091753,0.092262,0.091628,0.090247,0.088916,0.087281,0.086064,0.084863,0.083487,0.083107,0.08243,0.081657,0.081207,0.080694,0.080224,0.079721,0.08158,0.079188,0.078835,0.078471,0.078345,0.077959,0.07754,0.077388,0.076592,0.076961,0.076785,0.076713,0.076057,0.076355,0.0763,0.076253,0.07639,0.076353,0.076434,0.076669,0.077819,0.076993,0.077321,0.077719,0.078886,0.07885,0.079623,0.080274,0.080643,0.081819,0.08254,0.083078
0.22917,0.19001,0.016766,0.054563,0.17727,0.11387,0.12599,0.091215,0.18576,0.10435,0.047223,0.035616,0.0085506,0.0034136,0.0042539,0.01198,0.016968,0.021854,0.024246,0.025905,0.027071,0.027873,0.028708,0.029451,0.030358,0.03079,0.031411,0.031923,0.032329,0.032964,0.03342,0.033839,0.03792,0.034744,0.035031,0.035346,0.035164,0.035757,0.036114,0.036227,0.036214,0.036462,0.036457,0.036461,0.037994,0.036629,0.036029,0.035979,0.035929,0.03526,0.034808,0.034251,0.031114,0.032757,0.032507,0.031485,0.033156,0.029275,0.028064,0.026643,0.026785,0.023968,0.023285,0.021878
0.041667,0.31828,0.29083,0.068681,0.16667,0.1954,0.19066,0.1819,0.41434,0.07765,0.12251,0.17911,0.21735,0.22052,0.22527,0.22879,0.23145,0.23307,0.23431,0.23524,0.23607,0.23633,0.23658,0.23672,0.23663,0.23684,0.23668,0.23656,0.23633,0.23619,0.23597,0.23578,0.23592,0.23523,0.23494,0.2347,0.23441,0.23418,0.23396,0.23371,0.23368,0.23331,0.23306,0.23282,0.23254,0.23229,0.2322,0.23199,0.2317,0.23148,0.23131,0.23103,0.23065,0.23062,0.23047,0.23026,0.22995,0.2299,0.22973,0.22952,0.22936,0.22932,0.22922,0.22917
0.22917,0.56497,0.55123,0.13527,0.62651,0.29233,0.33693,0.25733,0.4934,0.32113,0.46319,0.46728,0.48067,0.49336,0.50326,0.51282,0.52008,0.52205,0.52411,0.5255,0.52724,0.52757,0.52814,0.52866,0.52942,0.52944,0.5297,0.52996,0.52985,0.53018,0.53026,0.5303,0.52842,0.53027,0.53022,0.53013,0.52992,0.52983,0.5297,0.52948,0.5299,0.52909,0.52884,0.52854,0.52884,0.52797,0.52763,0.52725,0.52683,0.52646,0.52604,0.5256,0.52516,0.52466,0.52419,0.52373,0.52311,0.52276,0.52233,0.5219,0.52163,0.52125,0.52102,0.52088
0.020833,0.25485,0.22237,0.1619,0.25066,0.1878,0.26987,0.085638,0.27463,0.1608,0.18315,0.21758,0.22511,0.23145,0.24633,0.25051,0.25072,0.25315,0.2539,0.25448,0.25462,0.25528,0.25565,0.25588,0.25586,0.2561,0.25613,0.25602,0.25582,0.25578,0.25558,0.25531,0.25508,0.25483,0.25451,0.25416,0.25399,0.25348,0.25301,0.25262,0.2526,0.25184,0.25139,0.25098,0.25073,0.25007,0.24961,0.24916,0.24875,0.24827,0.24782,0.24739,0.24761,0.24644,0.24594,0.24547,0.24342,0.24433,0.24375,0.24304,0.24184,0.24042,0.23806,0.23414
0.14583,0.66438,0.60794,0.31472,0.64105,0.28698,0.42661,0.38172,0.4969,0.32378,0.50531,0.52613,0.53136,0.54287,0.55132,0.55868,0.56906,0.57133,0.57678,0.5823,0.58748,0.59248,0.5978,0.60381,0.60982,0.61568,0.62078,0.62545,0.62832,0.63208,0.63488,0.6374,0.63865,0.6421,0.64419,0.64627,0.64836,0.65006,0.65171,0.65346,0.65469,0.6561,0.65746,0.65867,0.66049,0.66074,0.66176,0.6626,0.66337,0.66414,0.66487,0.66552,0.66625,0.66675,0.66723,0.66777,0.66865,0.66874,0.66915,0.66938,0.66926,0.66932,0.66862,0.66744
0,0.23535,0.11469,0.12566,0.38589,0.18348,0.22228,0.13412,0.17597,0.11293,0.12293,0.16997,0.19677,0.20951,0.21598,0.22433,0.231,0.23537,0.23809,0.23993,0.2402,0.24103,0.24105,0.24097,0.24056,0.24022,0.23978,0.23935,0.23845,0.23815,0.23752,0.23682,0.23518,0.23554,0.23479,0.2341,0.23332,0.23257,0.2319,0.23114,0.2305,0.22957,0.22879,0.22797,0.22746,0.22627,0.22547,0.2246,0.22373,0.22283,0.22192,0.22099,0.21979,0.21907,0.21812,0.21711,0.21573,0.21494,0.21382,0.21267,0.21148,0.21036,0.20935,0.20862
0.041667,0.39467,0.38319,0.20289,0.36513,0.24819,0.39181,0.31976,0.40713,0.16751,0.26277,0.3316,0.36108,0.38311,0.39233,0.39939,0.40447,0.41031,0.41485,0.41916,0.42284,0.42643,0.42949,0.43245,0.43508,0.43727,0.43949,0.44156,0.44329,0.44513,0.44674,0.44822,0.45084,0.45087,0.45208,0.45327,0.45437,0.45534,0.45641,0.45743,0.45802,0.45915,0.46001,0.4609,0.46175,0.46237,0.46322,0.46394,0.46475,0.46541,0.46615,0.46684,0.46752,0.4682,0.46887,0.46953,0.4716,0.47096,0.47176,0.4729,0.47424,0.47531,0.4768,0.47857
0,0.44336,0.45589,0.15006,0.45081,0.31027,0.34579,0.23266,0.40425,0.26065,0.36252,0.39328,0.40685,0.4182,0.4243,0.42898,0.43287,0.43538,0.43758,0.4395,0.43935,0.44181,0.44263,0.44339,0.44342,0.4442,0.4445,0.44489,0.44468,0.44516,0.44529,0.44538,0.4455,0.44531,0.44532,0.44533,0.44557,0.44521,0.44519,0.44515,0.44413,0.44476,0.44467,0.4445,0.44533,0.44403,0.44396,0.44367,0.4433,0.44303,0.44274,0.44218,0.44236,0.44118,0.44068,0.43997,0.44192,0.4388,0.43804,0.43753,0.43834,0.43645,0.43644,0.43689
NaN,0.3103,0.37676,0.11297,0.34468,0.18393,0.24447,0.16386,0.1889,0.12203,0.1986,0.21852,0.21935,0.21411,0.21759,0.22342,0.22926,0.23269,0.2356,0.2378,0.24043,0.24075,0.24176,0.24257,0.2437,0.24368,0.24404,0.24429,0.24444,0.24463,0.24474,0.24477,0.24787,0.24461,0.24455,0.24444,0.24395,0.24413,0.24397,0.24376,0.2437,0.24318,0.24289,0.24266,0.24228,0.24213,0.24186,0.24156,0.24145,0.24111,0.24086,0.24064,0.23899,0.23999,0.23978,0.23943,0.23909,0.23868,0.23836,0.23844,0.23809,0.23709,0.23579,0.23285
0.041667,0.36741,0.29531,0.14862,0.29041,0.14375,0.18762,0.13417,0.26567,0.1938,0.25572,0.22793,0.23574,0.23992,0.24072,0.24002,0.24259,0.23771,0.23655,0.23557,0.23472,0.23383,0.23309,0.23245,0.23177,0.2314,0.23094,0.23056,0.23031,0.22998,0.22972,0.22953,0.22878,0.22916,0.22902,0.22893,0.2288,0.22877,0.22872,0.22868,0.2287,0.22864,0.22864,0.22865,0.22859,0.22867,0.2287,0.22873,0.22876,0.2288,0.22884,0.22887,0.22885,0.22894,0.22897,0.22901,0.22903,0.22907,0.22909,0.22912,0.22913,0.22915,0.22916,0.22916
0.14583,0.27957,0.24797,0.20759,0.36959,0.28089,0.40984,0.28212,0.28204,0.16684,0.17279,0.22014,0.28441,0.31758,0.3385,0.35097,0.35913,0.36454,0.36837,0.37117,0.37324,0.37474,0.37585,0.37683,0.377,0.37807,0.37863,0.37902,0.37937,0.3797,0.37993,0.38016,0.38062,0.38046,0.38058,0.38069,0.38074,0.38076,0.38092,0.38097,0.38104,0.38095,0.38093,0.38097,0.38107,0.38071,0.38068,0.38062,0.38055,0.38034,0.3802,0.3801,0.37948,0.37934,0.37916,0.37879,0.37769,0.37783,0.37742,0.37689,0.37634,0.37585,0.37542,0.37513
0.22917,0.48231,0.38525,0.14447,0.6296,0.15027,0.30277,0.25501,0.15033,0.30836,0.41986,0.48468,0.51821,0.53872,0.54988,0.55704,0.56166,0.5652,0.56767,0.56953,0.57066,0.57204,0.57279,0.5734,0.57363,0.57416,0.57434,0.57453,0.57463,0.57459,0.57458,0.57447,0.57403,0.57416,0.57396,0.57379,0.57359,0.57325,0.57306,0.57279,0.57225,0.57218,0.57188,0.57154,0.57136,0.57088,0.57062,0.57025,0.56987,0.56954,0.56924,0.56879,0.56861,0.56798,0.56758,0.56712,0.56699,0.56606,0.56553,0.5649,0.56425,0.56359,0.56305,0.56265
0.125,0.19578,0.23492,0.18015,0.26586,0.1856,0.14076,0.11591,0.11012,0.18543,0.21706,0.22426,0.23025,0.23571,0.2408,0.24577,0.24994,0.25339,0.2559,0.25787,0.25937,0.26059,0.26141,0.26197,0.26262,0.26264,0.2627,0.26276,0.26245,0.26273,0.26265,0.26256,0.26207,0.26231,0.2621,0.26198,0.26194,0.2617,0.26152,0.26153,0.26179,0.26129,0.26121,0.2612,0.26121,0.26114,0.26116,0.26128,0.26136,0.2615,0.26175,0.26199,0.26209,0.26262,0.26306,0.26356,0.26357,0.26488,0.26573,0.26666,0.26746,0.2687,0.26973,0.27052
0.0625,0.49672,0.49423,0.16663,0.50011,0.21725,0.33158,0.21219,0.53881,0.37233,0.42442,0.41961,0.42289,0.41879,0.4145,0.41117,0.40969,0.40662,0.40512,0.40395,0.40283,0.40229,0.40175,0.40126,0.40062,0.40052,0.40028,0.39998,0.40011,0.39972,0.39963,0.39959,0.39884,0.39949,0.39949,0.39952,0.39948,0.39963,0.39969,0.39981,0.39915,0.39999,0.40018,0.40036,0.40013,0.40063,0.40092,0.40117,0.40129,0.40157,0.40186,0.40204,0.40191,0.40243,0.40264,0.40276,0.40528,0.40315,0.40309,0.4026,0.40179,0.40131,0.39979,0.39723
0.22917,0.66218,0.61115,0.1744,0.61585,0.38124,0.44936,0.38978,0.48791,0.4296,0.56029,0.57136,0.60861,0.62649,0.64091,0.65074,0.66015,0.6624,0.66641,0.67003,0.67295,0.67533,0.67746,0.67934,0.68083,0.68229,0.6835,0.68488,0.68596,0.68671,0.68753,0.68829,0.683,0.6895,0.69001,0.69054,0.69082,0.69136,0.69173,0.69208,0.69187,0.69268,0.69297,0.69311,0.69288,0.69357,0.69375,0.6939,0.69386,0.69409,0.6942,0.69416,0.69353,0.69404,0.69395,0.69372,0.69395,0.69307,0.69265,0.69151,0.69043,0.68979,0.68869,0.68783
0.0625,0.39587,0.46806,0.16164,0.40766,0.21045,0.22155,0.075085,0.41515,0.10374,0.28653,0.30785,0.32373,0.3358,0.34267,0.34728,0.351,0.35336,0.35556,0.3575,0.35898,0.36071,0.36203,0.36336,0.36414,0.36572,0.36681,0.36798,0.36886,0.36992,0.3709,0.37187,0.37224,0.37371,0.37461,0.3755,0.37633,0.37728,0.37818,0.37902,0.3794,0.38073,0.38158,0.3824,0.38329,0.38412,0.38495,0.38579,0.38661,0.38742,0.38824,0.38905,0.38952,0.39061,0.39135,0.39207,0.39298,0.3934,0.39397,0.39451,0.39493,0.39534,0.39561,0.39578
0.020833,0.43209,0.50415,0.186,0.36357,0.31489,0.32057,0.16327,0.44616,0.24788,0.34222,0.37874,0.39634,0.41214,0.4177,0.41861,0.41768,0.41735,0.41647,0.41579,0.41505,0.41562,0.41578,0.4163,0.41772,0.41793,0.41877,0.41979,0.42095,0.42184,0.42278,0.4237,0.4249,0.42529,0.42603,0.42674,0.42743,0.42804,0.4286,0.42914,0.42979,0.43022,0.43071,0.43119,0.43152,0.43206,0.4325,0.43292,0.43332,0.43373,0.43412,0.43449,0.43492,0.43524,0.43557,0.4359,0.43618,0.43648,0.43674,0.43697,0.43713,0.4373,0.43741,0.43748
0.22917,0.69463,0.70042,0.2404,0.69865,0.42307,0.58059,0.49623,0.53843,0.41334,0.58478,0.61902,0.64756,0.65922,0.66605,0.67373,0.6824,0.68553,0.68892,0.69136,0.69281,0.69362,0.69395,0.6941,0.69377,0.69385,0.69362,0.6935,0.69328,0.69286,0.69254,0.69223,0.6882,0.69164,0.69132,0.69102,0.69074,0.69047,0.69018,0.68992,0.68962,0.68946,0.68926,0.68906,0.68886,0.68879,0.68858,0.68845,0.6883,0.6882,0.68809,0.68803,0.6879,0.68782,0.68775,0.6877,0.68767,0.68762,0.68759,0.68756,0.68754,0.68752,0.68751,0.6875
0.29167,0.62684,0.60843,0.21988,0.69066,0.41855,0.5044,0.44262,0.33346,0.47429,0.58221,0.62214,0.64635,0.66259,0.67324,0.67861,0.67109,0.67508,0.67652,0.6781,0.67896,0.68036,0.68085,0.68141,0.68207,0.68222,0.68266,0.68336,0.68334,0.68428,0.68485,0.68532,0.68507,0.68634,0.68675,0.68721,0.6876,0.68794,0.68842,0.68876,0.68892,0.68928,0.68954,0.68969,0.69072,0.69017,0.69034,0.69039,0.69053,0.69054,0.69058,0.69046,0.69001,0.69027,0.69029,0.69002,0.69082,0.68972,0.68955,0.68893,0.68909,0.68841,0.68797,0.68753
0.27083,0.72522,0.69074,0.32211,0.71882,0.53069,0.52605,0.48269,0.4016,0.50746,0.72685,0.76688,0.78134,0.78793,0.79256,0.79606,0.79867,0.80065,0.80223,0.80353,0.80476,0.80551,0.80624,0.80691,0.80753,0.80785,0.80829,0.80873,0.80904,0.80934,0.80962,0.80985,0.8092,0.81022,0.8104,0.81054,0.81063,0.81078,0.81091,0.81104,0.81124,0.81107,0.81116,0.81119,0.81125,0.81119,0.81127,0.81127,0.81122,0.81126,0.81123,0.81125,0.81092,0.8111,0.81108,0.81102,0.81068,0.81124,0.81123,0.81126,0.81145,0.81178,0.8121,0.81238
0.125,0.62041,0.63609,0.21033,0.67203,0.42058,0.48993,0.3432,0.40512,0.24687,0.43155,0.49665,0.53238,0.55866,0.5774,0.60276,0.62548,0.63208,0.63672,0.64015,0.64301,0.64459,0.64592,0.64715,0.64766,0.64877,0.6494,0.65019,0.65064,0.651,0.65134,0.65163,0.65071,0.65206,0.65218,0.65229,0.65225,0.65234,0.65242,0.65237,0.65241,0.6522,0.65211,0.65196,0.65173,0.6516,0.65142,0.65122,0.65097,0.65071,0.65041,0.65014,0.64956,0.64943,0.64906,0.64866,0.64802,0.64782,0.64741,0.64699,0.64656,0.6463,0.64605,0.64589
0.0625,0.51279,0.52217,0.16053,0.57387,0.20683,0.31164,0.21668,0.27154,0.35905,0.43089,0.48015,0.5177,0.53075,0.53944,0.54591,0.55186,0.55519,0.55877,0.56217,0.56516,0.56761,0.56993,0.57198,0.57352,0.57539,0.57678,0.57808,0.57931,0.5802,0.58108,0.58192,0.58115,0.58334,0.58395,0.58458,0.58509,0.58562,0.58612,0.58657,0.58741,0.58744,0.58785,0.58823,0.58833,0.589,0.58929,0.58964,0.58995,0.59029,0.5906,0.59083,0.59112,0.59128,0.59149,0.59166,0.59146,0.59176,0.5918,0.59163,0.59089,0.59078,0.58972,0.58717
0.125,0.3628,0.41375,0.10432,0.27559,0.12751,0.13407,0.12532,0.16152,0.10495,0.20178,0.24578,0.2632,0.28122,0.29665,0.30398,0.30881,0.31023,0.31209,0.31392,0.31589,0.3165,0.31745,0.31847,0.32,0.31997,0.32076,0.32169,0.32312,0.32293,0.32362,0.32408,0.33127,0.3252,0.32563,0.32627,0.32638,0.32722,0.32783,0.32833,0.32986,0.32932,0.32996,0.33052,0.32981,0.33145,0.3325,0.33302,0.33369,0.33447,0.33539,0.33586,0.33617,0.33772,0.33871,0.33964,0.33908,0.34193,0.34311,0.3443,0.34527,0.34732,0.34943,0.35227
0.020833,0.50122,0.52607,0.17217,0.47413,0.36859,0.3964,0.32635,0.52588,0.31721,0.45138,0.47918,0.49741,0.51166,0.53824,0.55018,0.55709,0.55955,0.56078,0.56148,0.56173,0.5618,0.5616,0.56139,0.56037,0.5607,0.56025,0.55988,0.55937,0.5589,0.5584,0.55791,0.55782,0.55676,0.5562,0.55569,0.55508,0.55451,0.55406,0.5535,0.5527,0.55236,0.55182,0.55123,0.55067,0.55012,0.54962,0.54907,0.54851,0.54797,0.54743,0.54683,0.54631,0.54575,0.54524,0.54471,0.54422,0.54369,0.54323,0.54277,0.54242,0.54209,0.54186,0.54172
0.0625,0.45275,0.55337,0.19149,0.50547,0.42064,0.36281,0.34777,0.48581,0.31303,0.46625,0.50198,0.51145,0.52584,0.53613,0.54323,0.54774,0.55289,0.55603,0.55841,0.55993,0.56126,0.56206,0.56268,0.56294,0.56339,0.5636,0.56378,0.5639,0.56394,0.56395,0.56398,0.56458,0.56389,0.5638,0.56374,0.56362,0.56353,0.56344,0.56339,0.56329,0.5631,0.56299,0.56289,0.56266,0.5626,0.56251,0.56245,0.56237,0.56224,0.56218,0.56211,0.56185,0.56196,0.56199,0.56198,0.5619,0.56206,0.56216,0.5622,0.5622,0.56237,0.56245,0.56248
0.125,0.31742,0.38996,0.13504,0.31476,0.2774,0.26983,0.27072,0.32335,0.055329,0.14953,0.19789,0.22254,0.23748,0.24788,0.25492,0.25943,0.2634,0.26712,0.27194,0.27851,0.28438,0.28868,0.29185,0.29397,0.29579,0.29773,0.29915,0.3013,0.30215,0.30344,0.3047,0.30517,0.30654,0.30744,0.30841,0.30922,0.31024,0.3111,0.31174,0.31353,0.31323,0.31414,0.31526,0.31399,0.31631,0.31731,0.31809,0.31868,0.31912,0.31994,0.32026,0.32247,0.32232,0.32316,0.32391,0.32188,0.32621,0.32596,0.32842,0.32554,0.32799,0.32826,0.32636
0.083333,0.63559,0.43659,0.3305,0.63116,0.21205,0.39038,0.29899,0.31959,0.26896,0.37012,0.37105,0.38401,0.39532,0.40327,0.4089,0.41461,0.41631,0.4188,0.42073,0.42256,0.42369,0.42475,0.42565,0.42715,0.4271,0.42767,0.42817,0.42859,0.42898,0.42933,0.42966,0.43004,0.43015,0.43043,0.43067,0.43085,0.43111,0.43135,0.43153,0.43227,0.43205,0.43227,0.43249,0.43279,0.43299,0.43323,0.4335,0.43376,0.43406,0.43433,0.43462,0.43484,0.43524,0.43556,0.43587,0.436,0.4364,0.43667,0.43689,0.4371,0.43727,0.4374,0.43747
NaN,0.43497,0.20342,0.25125,0.5151,0.21429,0.22233,0.2332,0.1327,0.18282,0.22812,0.2544,0.26652,0.27487,0.28122,0.28563,0.29006,0.29104,0.29306,0.29511,0.30152,0.30467,0.30878,0.31079,0.31074,0.31284,0.31304,0.31319,0.31307,0.31324,0.3132,0.3132,0.31339,0.31309,0.31316,0.31313,0.31303,0.31309,0.31326,0.31318,0.31429,0.31334,0.31341,0.31344,0.31408,0.31377,0.31384,0.31396,0.31412,0.31428,0.31434,0.31445,0.31493,0.31458,0.31464,0.31457,0.31327,0.31437,0.31409,0.31373,0.31406,0.31307,0.31277,0.31258
0.10417,0.082999,0.13677,0.21752,0.19659,0.10332,0.13683,0.11061,0.25359,0.051576,0.09215,0.11377,0.12235,0.13613,0.13689,0.13938,0.15049,0.14652,0.14911,0.15141,0.15199,0.15388,0.15467,0.15549,0.15698,0.15661,0.15707,0.15788,0.15822,0.15852,0.15888,0.15925,0.15411,0.15976,0.15998,0.16022,0.16062,0.16065,0.16079,0.16095,0.16095,0.16142,0.16157,0.16169,0.16177,0.16216,0.16226,0.16249,0.16264,0.1629,0.16315,0.1634,0.16405,0.16397,0.16427,0.16462,0.16521,0.16512,0.16551,0.1658,0.16613,0.16633,0.16651,0.16663
0.10417,0.12049,0.26817,0.17104,0.17895,0.1467,0.23558,0.18166,0.1014,0.12896,0.22297,0.22063,0.2238,0.22568,0.22885,0.23223,0.23388,0.23816,0.23935,0.23956,0.23925,0.23922,0.23888,0.23825,0.23652,0.23764,0.23718,0.23655,0.23635,0.23647,0.2366,0.23707,0.24866,0.23783,0.23891,0.24014,0.24124,0.24219,0.24369,0.24447,0.24495,0.24563,0.24605,0.24639,0.2466,0.24663,0.24673,0.24683,0.24703,0.24702,0.24718,0.24723,0.24746,0.24749,0.24777,0.24799,0.24806,0.24853,0.24884,0.24909,0.24941,0.24963,0.24983,0.24995
0.20833,0.17977,0.26804,0.11873,0.087823,0.1337,0.23016,0.19588,0.44644,0.11969,0.14036,0.14916,0.1527,0.15276,0.14793,0.1433,0.13839,0.13495,0.13146,0.12876,0.12563,0.12371,0.12163,0.11992,0.11802,0.1167,0.1155,0.1145,0.11297,0.11266,0.112,0.11112,0.10673,0.11015,0.11001,0.1097,0.10889,0.10903,0.10881,0.10888,0.10746,0.10829,0.10813,0.10774,0.10886,0.10784,0.10763,0.10715,0.10689,0.10673,0.10652,0.10619,0.10571,0.10549,0.10538,0.10515,0.10514,0.10485,0.10463,0.10444,0.10446,0.1043,0.10421,0.10418
0.29167,0.28575,0.10974,0.1887,0.22727,0.11685,0.10602,0.080967,0.36278,0.16835,0.15231,0.12802,0.11756,0.11365,0.10908,0.10515,0.1022,0.10136,0.10114,0.10112,0.10172,0.10132,0.10148,0.10154,0.10215,0.10154,0.10166,0.10153,0.10129,0.10139,0.10134,0.10116,0.10253,0.101,0.10099,0.10088,0.1007,0.10078,0.10069,0.10055,0.10083,0.10045,0.10038,0.10028,0.10038,0.10019,0.1002,0.10003,0.1,0.099989,0.099961,0.099898,0.099521,0.099976,0.10003,0.10012,0.099266,0.1006,0.10102,0.10122,0.10187,0.10269,0.10336,0.10396
0.41667,0.42241,0.054194,0.24962,0.37557,0.10772,0.11021,0.15337,0.47326,0.20724,0.28071,0.26368,0.25248,0.24673,0.24209,0.23844,0.23626,0.23277,0.23046,0.22784,0.22725,0.22348,0.22106,0.21878,0.21686,0.21443,0.2126,0.21149,0.20955,0.20832,0.20723,0.20626,0.20226,0.20449,0.20406,0.2036,0.20297,0.20262,0.20274,0.20248,0.20275,0.20214,0.2022,0.20204,0.20213,0.20249,0.20268,0.20286,0.20307,0.2034,0.20365,0.2039,0.20405,0.20455,0.20511,0.20548,0.20587,0.20648,0.2069,0.20715,0.20758,0.20791,0.20813,0.20828
0.60417,0.76005,0.48167,0.43054,0.77294,0.30788,0.41193,0.32623,0.1384,0.44823,0.59643,0.63979,0.66595,0.68848,0.70507,0.71759,0.72801,0.73708,0.74472,0.75098,0.75668,0.76083,0.75911,0.7499,0.75411,0.75472,0.75712,0.75938,0.76143,0.76321,0.76488,0.7665,0.76813,0.76921,0.7705,0.77167,0.77277,0.77377,0.7748,0.77577,0.77714,0.77754,0.77835,0.77915,0.77976,0.78049,0.78112,0.78181,0.78236,0.78288,0.78337,0.7839,0.78386,0.78435,0.78463,0.78475,0.7839,0.78458,0.78431,0.78384,0.78267,0.78135,0.7795,0.77599
0.25,0.59403,0.49059,0.42575,0.67812,0.25825,0.39203,0.28541,0.11031,0.43923,0.54021,0.5865,0.6159,0.62715,0.63387,0.63784,0.64035,0.64216,0.64333,0.6439,0.6447,0.63968,0.62925,0.62629,0.6251,0.62524,0.625,0.62487,0.62446,0.62423,0.62393,0.62362,0.61983,0.62288,0.62258,0.62219,0.62175,0.62148,0.62106,0.62066,0.62055,0.62004,0.6197,0.61936,0.6192,0.61885,0.6185,0.61825,0.61798,0.61784,0.61762,0.61746,0.61748,0.61732,0.61728,0.61732,0.61639,0.61757,0.61778,0.61823,0.61907,0.61989,0.62149,0.62361
0.083333,0.40945,0.36988,0.32456,0.4876,0.1176,0.23087,0.18781,0.092929,0.22341,0.30761,0.34644,0.34829,0.35382,0.35732,0.35978,0.36098,0.36217,0.36272,0.36295,0.3647,0.36347,0.36369,0.3639,0.36339,0.36495,0.36526,0.36562,0.36596,0.36661,0.36709,0.36756,0.37408,0.36859,0.36908,0.3696,0.36972,0.37062,0.37094,0.37129,0.37064,0.37239,0.37267,0.37316,0.37411,0.37361,0.37381,0.37407,0.37455,0.37444,0.37464,0.37435,0.37296,0.37457,0.37423,0.374,0.37557,0.3726,0.37203,0.37209,0.37145,0.37099,0.37155,0.37347
0.29167,0.32378,0.24902,0.22215,0.52104,0.13435,0.17638,0.13385,0.17103,0.17949,0.29589,0.305,0.3193,0.33602,0.35018,0.35976,0.36661,0.37133,0.37493,0.37752,0.38096,0.38195,0.38367,0.38519,0.3874,0.38803,0.38923,0.39037,0.39134,0.39261,0.39362,0.39463,0.39596,0.39654,0.39748,0.39833,0.39891,0.4,0.40088,0.40167,0.40331,0.40343,0.40424,0.40506,0.40662,0.40651,0.40735,0.40811,0.40886,0.40959,0.41032,0.41105,0.41159,0.41234,0.41305,0.41367,0.41398,0.41473,0.41526,0.41564,0.41614,0.41629,0.41649,0.41662
0.39583,0.24737,0.10582,0.1777,0.21497,0.12885,0.090481,0.14153,0.2386,0.16003,0.10339,0.0916,0.091968,0.10671,0.10871,0.11127,0.11326,0.11539,0.1167,0.11748,0.11871,0.11878,0.11917,0.11952,0.12005,0.12024,0.12047,0.12082,0.12113,0.12136,0.12162,0.12186,0.11985,0.12241,0.12268,0.12291,0.12313,0.1234,0.12359,0.1238,0.12416,0.12424,0.12442,0.12456,0.12466,0.12482,0.12497,0.12506,0.12509,0.12522,0.12526,0.12532,0.12533,0.12539,0.12532,0.12531,0.12525,0.12519,0.12516,0.12516,0.12508,0.12505,0.12502,0.12501
0.1875,0.30292,0.27408,0.17822,0.054188,0.063107,0.12353,0.093786,0.37587,0.064704,0.043052,0.036321,0.024206,0.012525,0.013133,0.018282,0.016522,0.013241,0.012161,0.012106,0.012963,0.013766,0.014946,0.016101,0.01699,0.01839,0.019322,0.020252,0.02103,0.021837,0.0225,0.02307,0.024829,0.024052,0.024396,0.024715,0.025066,0.025193,0.025288,0.025393,0.025141,0.025397,0.025355,0.025329,0.025272,0.025006,0.024854,0.024621,0.024419,0.024135,0.023879,0.023567,0.023475,0.023008,0.022667,0.022365,0.022145,0.021848,0.021587,0.021405,0.021214,0.021037,0.020923,0.020858
0.0625,0.36612,0.4628,0.28591,0.50206,0.16652,0.16434,0.14624,0.17949,0.20794,0.28401,0.30189,0.33258,0.35216,0.36299,0.37191,0.38066,0.38626,0.39162,0.3961,0.40019,0.40329,0.40598,0.40837,0.41021,0.4123,0.41384,0.41537,0.41668,0.41787,0.41889,0.41997,0.41824,0.42146,0.42215,0.42279,0.42335,0.42381,0.4243,0.42477,0.42482,0.42564,0.42601,0.4264,0.42673,0.42674,0.42702,0.4274,0.42743,0.42769,0.42801,0.42829,0.42809,0.42827,0.42864,0.42897,0.43065,0.4296,0.43026,0.43082,0.43093,0.43187,0.43354,0.43589
0.020833,0.33997,0.51946,0.2403,0.45331,0.16801,0.23954,0.14547,0.16803,0.27806,0.31302,0.33352,0.33487,0.33186,0.3315,0.32971,0.32711,0.32603,0.32473,0.32397,0.32315,0.32284,0.32246,0.32224,0.3215,0.32172,0.3215,0.32132,0.32082,0.32077,0.32049,0.32016,0.31912,0.31949,0.3191,0.31871,0.31824,0.3179,0.31748,0.31712,0.31654,0.31639,0.31597,0.31562,0.31529,0.31495,0.31459,0.3143,0.31404,0.31377,0.31352,0.31336,0.31307,0.31296,0.31284,0.31274,0.31272,0.31253,0.31253,0.31251,0.31251,0.31249,0.3125,0.3125
0.083333,0.32687,0.40402,0.17488,0.33022,0.15148,0.055842,0.12803,0.3092,0.23236,0.29901,0.31673,0.31485,0.30866,0.29581,0.29184,0.29174,0.2926,0.29335,0.29404,0.29485,0.29519,0.29558,0.29601,0.29635,0.29626,0.2965,0.29672,0.29691,0.29688,0.29694,0.297,0.29866,0.29701,0.29701,0.29703,0.29714,0.297,0.29708,0.2972,0.29746,0.29704,0.2971,0.29715,0.29676,0.29711,0.29733,0.29748,0.29766,0.29776,0.29803,0.29835,0.29881,0.29866,0.29912,0.29955,0.2992,0.30068,0.30169,0.30242,0.30263,0.30509,0.30692,0.31006
0.0625,0.30122,0.26584,0.14892,0.18702,0.1142,0.08684,0.08941,0.33883,0.069259,0.034794,0.053272,0.078211,0.089836,0.093855,0.096584,0.099004,0.10031,0.1019,0.10382,0.10693,0.10768,0.10867,0.10986,0.10949,0.11078,0.11097,0.11154,0.11132,0.11103,0.11082,0.11048,0.11127,0.10958,0.10907,0.1086,0.10772,0.10716,0.10675,0.10604,0.10472,0.10436,0.10362,0.10264,0.10187,0.10081,0.099961,0.098946,0.097789,0.09677,0.09564,0.094455,0.092731,0.091924,0.090855,0.08971,0.088678,0.087477,0.086576,0.085561,0.084806,0.084195,0.083727,0.083427
0,0.29012,0.27627,0.18802,0.12503,0.13609,0.022252,0.16055,0.43737,0.14038,0.17224,0.15887,0.1547,0.15662,0.15513,0.15358,0.1501,0.14883,0.14591,0.14347,0.1396,0.13737,0.13463,0.13249,0.13028,0.12856,0.12726,0.12596,0.12477,0.12367,0.12266,0.1216,0.12307,0.11976,0.11885,0.11803,0.11723,0.11633,0.11558,0.11489,0.11406,0.11313,0.11247,0.1118,0.1112,0.11042,0.10993,0.10929,0.10876,0.10821,0.10773,0.10715,0.10685,0.10636,0.10599,0.10561,0.1053,0.10514,0.10486,0.10464,0.10448,0.10434,0.10424,0.10419
0.0625,0.32553,0.31145,0.13547,0.26847,0.18975,0.12885,0.13458,0.29497,0.060893,0.20451,0.19989,0.21324,0.22811,0.23831,0.24536,0.25052,0.25412,0.25731,0.2603,0.26416,0.26546,0.2678,0.2701,0.27187,0.27391,0.27581,0.27752,0.27934,0.28042,0.2817,0.28285,0.28396,0.28441,0.28518,0.28592,0.28613,0.287,0.28754,0.288,0.28807,0.28862,0.28894,0.28925,0.28934,0.28967,0.28998,0.29015,0.2903,0.29048,0.29066,0.2907,0.29021,0.29099,0.29112,0.29122,0.29131,0.29137,0.29145,0.29151,0.29153,0.29161,0.29163,0.29165
0.10417,0.33381,0.45516,0.1243,0.33192,0.15216,0.21221,0.20872,0.253,0.14662,0.26463,0.29467,0.31189,0.32719,0.34625,0.34875,0.34969,0.35027,0.35057,0.35104,0.35092,0.35121,0.35134,0.35148,0.35127,0.35141,0.35141,0.35144,0.35149,0.35134,0.35127,0.35118,0.35047,0.35066,0.35044,0.35028,0.34991,0.34968,0.34947,0.34923,0.34832,0.34828,0.34792,0.34752,0.34711,0.34656,0.34618,0.34574,0.34524,0.34476,0.34429,0.34372,0.34266,0.34259,0.34205,0.3414,0.34087,0.34015,0.33935,0.33835,0.33754,0.3361,0.33479,0.33375
0.020833,0.27184,0.32333,0.14482,0.24108,0.11422,0.065649,0.16735,0.12651,0.10324,0.1399,0.14696,0.16004,0.17693,0.1896,0.20148,0.20591,0.20843,0.21034,0.21167,0.21297,0.21318,0.21349,0.21374,0.21336,0.21403,0.21409,0.21412,0.21418,0.2142,0.21422,0.21427,0.21458,0.21433,0.21436,0.21441,0.2144,0.21449,0.2146,0.21468,0.21429,0.21508,0.21519,0.21537,0.21548,0.21577,0.21601,0.21629,0.21661,0.21693,0.21731,0.21773,0.21786,0.21871,0.21934,0.22006,0.22123,0.22152,0.2225,0.22358,0.22485,0.22616,0.22752,0.22869
0,0.1954,0.11102,0.080689,0.090722,0.061327,0.077701,0.078618,0.21133,0.097373,0.10076,0.060656,0.051109,0.054676,0.057929,0.060344,0.06258,0.062631,0.062954,0.06296,0.062601,0.062674,0.062455,0.062208,0.0613,0.061879,0.061676,0.061576,0.061471,0.061322,0.061212,0.061112,0.060523,0.061015,0.060971,0.06094,0.060896,0.060884,0.060855,0.060814,0.060303,0.060952,0.06097,0.061001,0.060801,0.061067,0.061149,0.061204,0.061288,0.061376,0.061475,0.061526,0.061574,0.06176,0.061863,0.061971,0.062161,0.06213,0.062232,0.062304,0.062344,0.062426,0.062465,0.062492
0.10417,0.24784,0.38599,0.070701,0.29665,0.11781,0.13538,0.14049,0.13224,0.18234,0.23775,0.23889,0.24906,0.25856,0.26634,0.27265,0.27926,0.28192,0.2854,0.28859,0.29131,0.29355,0.29553,0.29746,0.29991,0.30079,0.30227,0.3038,0.30508,0.30636,0.30762,0.30881,0.30973,0.3111,0.31218,0.31325,0.31438,0.31526,0.31631,0.31722,0.31872,0.31915,0.32006,0.32094,0.32217,0.32268,0.32359,0.32441,0.32524,0.32603,0.32681,0.32758,0.32851,0.32896,0.32965,0.33029,0.3308,0.33137,0.33187,0.33229,0.33271,0.33295,0.33316,0.33329
0.041667,0.36506,0.35709,0.089797,0.29613,0.11483,0.044291,0.054393,0.37656,0.098007,0.19157,0.20881,0.21117,0.21672,0.22063,0.22569,0.23135,0.23701,0.24291,0.24967,0.25725,0.26306,0.26934,0.27415,0.27694,0.2793,0.28108,0.28239,0.28308,0.28401,0.28473,0.28522,0.28333,0.28607,0.28651,0.28703,0.28741,0.28759,0.28807,0.28863,0.28522,0.28849,0.28893,0.28898,0.28971,0.28916,0.28977,0.28959,0.2894,0.28984,0.28972,0.28949,0.28959,0.28944,0.28922,0.28906,0.29675,0.28837,0.28796,0.28709,0.28599,0.28521,0.28449,0.28502
0.125,0.3372,0.33951,0.069785,0.22796,0.10416,0.032405,0.10657,0.44144,0.0057482,0.10592,0.11713,0.12391,0.12625,0.1274,0.12826,0.12834,0.12836,0.12796,0.12759,0.1258,0.1249,0.12282,0.11653,0.10526,0.10361,0.10281,0.10214,0.10127,0.10051,0.099769,0.098934,0.098168,0.097157,0.0964,0.095719,0.094972,0.094272,0.093647,0.093089,0.091995,0.091441,0.090935,0.090346,0.089821,0.089035,0.088753,0.088168,0.08764,0.087198,0.086794,0.086158,0.085924,0.085528,0.08517,0.084777,0.084584,0.084406,0.084082,0.083829,0.083655,0.083514,0.083402,0.083349
0.083333,0.11919,0.030489,0.098245,0.10567,0.10535,0.021237,0.097186,0.10146,0.13236,0.092124,0.085815,0.079957,0.061079,0.054971,0.050642,0.046455,0.043614,0.040624,0.037988,0.03462,0.033368,0.031412,0.029806,0.02898,0.027245,0.026264,0.025599,0.024646,0.024323,0.023878,0.023498,0.023271,0.022937,0.022624,0.022363,0.022178,0.021873,0.021664,0.021436,0.021455,0.021,0.020772,0.02049,0.020441,0.020033,0.019779,0.019527,0.019274,0.019002,0.018771,0.018567,0.0185,0.018211,0.018114,0.018063,0.017948,0.018167,0.018422,0.018682,0.019177,0.019705,0.020252,0.020684
0.27083,0.21178,0.16802,0.13119,0.13987,0.078403,0.098501,0.16203,0.10383,0.14385,0.045235,0.068816,0.083545,0.10985,0.11523,0.11728,0.12111,0.12566,0.12959,0.13309,0.13601,0.13856,0.14088,0.14305,0.14479,0.14692,0.14869,0.15037,0.15221,0.15346,0.1549,0.15629,0.15833,0.15911,0.16044,0.16173,0.16288,0.16426,0.16561,0.16677,0.16763,0.16942,0.17067,0.17196,0.17263,0.1746,0.17582,0.1772,0.17867,0.17999,0.18141,0.18294,0.18391,0.18596,0.18765,0.18945,0.19202,0.19301,0.19515,0.19791,0.20007,0.20306,0.20565,0.20762
0.020833,0.26968,0.35166,0.087455,0.2749,0.14224,0.035568,0.12938,0.23787,0.16792,0.20374,0.21038,0.22354,0.23452,0.24269,0.2485,0.25274,0.25597,0.25856,0.26081,0.26319,0.26442,0.26588,0.26722,0.26791,0.26947,0.27043,0.27138,0.27227,0.27313,0.27391,0.27465,0.2753,0.27602,0.27663,0.27726,0.27774,0.27842,0.27902,0.2796,0.27979,0.28072,0.28127,0.28186,0.28252,0.2828,0.28342,0.28397,0.28452,0.28503,0.2856,0.28619,0.28642,0.28721,0.28782,0.28839,0.28897,0.28941,0.28995,0.2904,0.29084,0.29117,0.29144,0.29161
0.20833,0.30478,0.17443,0.07284,0.2214,0.078002,0.041916,0.10409,0.33034,0.081612,0.039646,0.027996,0.026395,0.025572,0.025151,0.025041,0.023104,0.024521,0.024365,0.024194,0.023626,0.023758,0.023484,0.023375,0.024354,0.023092,0.023212,0.022957,0.023525,0.022935,0.022986,0.022855,0.034518,0.02295,0.023111,0.02317,0.023475,0.023145,0.023656,0.023605,0.023986,0.023619,0.023803,0.023841,0.023245,0.024223,0.024451,0.024474,0.024763,0.024715,0.024757,0.0246,0.025284,0.024705,0.024928,0.024743,0.024629,0.024719,0.024393,0.023382,0.022495,0.021081,0.017843,0.011136
0.16667,0.10172,0.064328,0.18156,0.20206,0.13086,0.23753,0.12141,0.18774,0.13443,0.1701,0.16476,0.17453,0.17655,0.17855,0.18056,0.18276,0.184,0.18517,0.18603,0.17947,0.17506,0.17124,0.17161,0.17313,0.17297,0.17366,0.17411,0.17474,0.17499,0.1754,0.17576,0.17706,0.17648,0.17681,0.17711,0.1772,0.17769,0.17792,0.17818,0.17858,0.17865,0.17884,0.17903,0.17949,0.17941,0.17948,0.17952,0.17962,0.17962,0.17953,0.17947,0.17784,0.17897,0.17856,0.17803,0.17709,0.17652,0.17542,0.17422,0.17291,0.17069,0.16879,0.16734
0.041667,0.025117,0.071686,0.15972,0.10084,0.020278,0.095394,0.089399,0.19808,0.10617,0.15376,0.12325,0.1209,0.12801,0.13318,0.13779,0.14105,0.14494,0.14776,0.15004,0.15028,0.13982,0.13721,0.13913,0.14113,0.14215,0.14361,0.14466,0.14571,0.14701,0.14807,0.14907,0.15484,0.15108,0.15207,0.15299,0.15408,0.15486,0.15581,0.15671,0.15758,0.1584,0.15933,0.16027,0.16133,0.16205,0.16297,0.1639,0.16484,0.16568,0.16654,0.1674,0.16845,0.16911,0.16984,0.17052,0.17049,0.17175,0.17207,0.17217,0.17234,0.17145,0.1701,0.16786
0.20833,0.050362,0.089701,0.11468,0.02968,0.12763,0.036926,0.15907,0.072851,0.17388,0.16523,0.13168,0.11958,0.10759,0.10454,0.10238,0.10098,0.098327,0.096339,0.094668,0.091611,0.090502,0.0887,0.086847,0.085942,0.083057,0.081213,0.079345,0.077359,0.075874,0.074262,0.072746,0.073503,0.069883,0.068589,0.067389,0.066213,0.065115,0.064243,0.063161,0.062709,0.061394,0.060559,0.059673,0.059077,0.058225,0.057446,0.056763,0.05599,0.055316,0.054635,0.053921,0.053357,0.052604,0.051899,0.051165,0.050647,0.049442,0.048453,0.047253,0.045508,0.044521,0.043166,0.042052
0.041667,0.12602,0.27244,0.037954,0.32367,0.14721,0.055111,0.11318,0.14537,0.22271,0.27901,0.31742,0.32958,0.3387,0.34525,0.34795,0.34828,0.35007,0.35317,0.35652,0.36011,0.36266,0.36548,0.36799,0.37009,0.37252,0.37443,0.37603,0.37812,0.37908,0.38039,0.38152,0.38483,0.38376,0.38464,0.38549,0.38611,0.38698,0.38768,0.3883,0.38871,0.38948,0.38998,0.39047,0.39023,0.39138,0.39179,0.39217,0.39257,0.3929,0.39324,0.39356,0.39347,0.39414,0.39441,0.39466,0.3949,0.39509,0.39527,0.39545,0.39551,0.39569,0.39577,0.39582
0.020833,0.068055,0.044448,0.11662,0.12243,0.066173,0.048706,0.1077,0.15045,0.068076,0.095772,0.094085,0.098234,0.097958,0.098486,0.099985,0.10104,0.10255,0.10329,0.10353,0.10321,0.10251,0.10149,0.10008,0.099927,0.096838,0.094979,0.093122,0.091262,0.089706,0.088122,0.086526,0.087018,0.083941,0.082618,0.081407,0.08025,0.079099,0.078002,0.076998,0.075847,0.075057,0.074069,0.073165,0.072214,0.071507,0.070641,0.069826,0.069084,0.068348,0.067664,0.067053,0.066211,0.065725,0.065199,0.064719,0.064287,0.063828,0.063473,0.063197,0.062933,0.062756,0.062612,0.062526
0.020833,0.25319,0.32327,0.080266,0.23347,0.078245,0.056861,0.27974,0.14185,0.094705,0.12589,0.13015,0.13306,0.13885,0.13932,0.14141,0.14449,0.14549,0.14686,0.14823,0.14861,0.14996,0.15053,0.15097,0.15225,0.15175,0.15187,0.15211,0.15216,0.15214,0.15212,0.15208,0.14923,0.15172,0.15147,0.15129,0.1515,0.15055,0.15014,0.14981,0.15046,0.14889,0.14836,0.14771,0.14741,0.14665,0.14594,0.14536,0.14454,0.14408,0.14339,0.14254,0.1432,0.14111,0.1406,0.14006,0.1378,0.1392,0.13872,0.13833,0.13949,0.13821,0.13906,0.14085
0.16667,0.087204,0.016705,0.20026,0.23095,0.12432,0.21385,0.11756,0.16998,0.16316,0.15109,0.16024,0.20447,0.23227,0.24081,0.24627,0.25105,0.25318,0.25554,0.2577,0.25971,0.26054,0.26175,0.26285,0.26312,0.26449,0.26521,0.26608,0.26644,0.26708,0.26754,0.26802,0.26417,0.26881,0.26903,0.2693,0.26933,0.26981,0.26992,0.27004,0.27012,0.27035,0.27044,0.27047,0.27119,0.2706,0.27066,0.27074,0.27066,0.27071,0.27076,0.27086,0.27074,0.27082,0.27076,0.27081,0.2707,0.27071,0.27071,0.27078,0.27091,0.27081,0.27082,0.27083
0.27083,0.084416,0.035006,0.24067,0.15837,0.094852,0.16772,0.089356,0.16623,0.084514,0.14011,0.16129,0.1768,0.18575,0.19637,0.20142,0.20013,0.19976,0.19822,0.19661,0.19589,0.19343,0.19208,0.19093,0.1902,0.18896,0.18824,0.18734,0.18627,0.1858,0.18513,0.18448,0.19173,0.18361,0.1831,0.18264,0.18202,0.18172,0.18142,0.18089,0.17992,0.18035,0.17998,0.17961,0.17982,0.1791,0.17879,0.17859,0.1785,0.17815,0.17794,0.17761,0.17757,0.17747,0.17732,0.17716,0.17791,0.17667,0.17641,0.17621,0.17607,0.17534,0.17428,0.17174
0.20833,0.08402,0.088548,0.21388,0.10223,0.049279,0.16445,0.12733,0.076915,0.0648,0.1914,0.17969,0.19941,0.20205,0.20306,0.20322,0.20282,0.20247,0.20228,0.20243,0.20317,0.20354,0.20426,0.20508,0.20638,0.20656,0.20734,0.20803,0.20846,0.2093,0.20994,0.21058,0.21464,0.21155,0.21213,0.21267,0.21311,0.21362,0.21424,0.21469,0.21558,0.21557,0.21604,0.21648,0.21763,0.21747,0.21799,0.21844,0.21894,0.21939,0.2199,0.22036,0.22078,0.22131,0.22203,0.22261,0.223,0.22404,0.2248,0.22566,0.22671,0.2275,0.22835,0.22898
0.125,0.11068,0.17341,0.016287,0.056758,0.055506,0.074432,0.14942,0.13284,0.22932,0.23711,0.22772,0.2272,0.23057,0.2414,0.24484,0.2469,0.24848,0.25067,0.25453,0.26003,0.26392,0.26655,0.26831,0.26902,0.26993,0.27036,0.27065,0.27084,0.27095,0.27094,0.27088,0.27113,0.27061,0.27041,0.27023,0.27016,0.26972,0.26947,0.26921,0.26855,0.26855,0.26824,0.26798,0.26736,0.26718,0.26687,0.26655,0.26625,0.26588,0.2656,0.2653,0.26562,0.26465,0.26446,0.26426,0.26492,0.26403,0.26407,0.26438,0.26386,0.26525,0.26666,0.26924
0.041667,0.11003,0.11063,0.099115,0.20327,0.043831,0.052782,0.079006,0.020594,0.059588,0.056451,0.045243,0.041452,0.038849,0.037839,0.037297,0.037191,0.037134,0.037099,0.037103,0.037634,0.037469,0.037566,0.037559,0.036952,0.037493,0.03738,0.037149,0.036653,0.03667,0.036389,0.036156,0.035735,0.03523,0.034829,0.034447,0.033986,0.033569,0.033118,0.032672,0.031654,0.031771,0.031252,0.030712,0.030478,0.029706,0.02904,0.02843,0.027699,0.027018,0.026295,0.025543,0.024503,0.02356,0.022544,0.021368,0.020797,0.018395,0.016662,0.014608,0.012258,0.0096263,0.0066013,0.0032001
0.083333,0.1156,0.11695,0.057822,0.075677,0.043042,0.12726,0.14032,0.067542,0.05816,0.077259,0.083196,0.096979,0.10484,0.1148,0.13881,0.14226,0.14499,0.14661,0.14786,0.14878,0.14946,0.15,0.15041,0.15103,0.15101,0.15122,0.15132,0.15135,0.15147,0.15147,0.15142,0.15167,0.15131,0.1512,0.15104,0.15092,0.15055,0.15031,0.15001,0.15007,0.14934,0.14894,0.14847,0.14811,0.14757,0.147,0.14642,0.14584,0.14516,0.14441,0.14369,0.14301,0.14166,0.14063,0.1395,0.13752,0.13668,0.13519,0.1332,0.13138,0.12926,0.12725,0.12567
0.20833,0.094985,0.04276,0.18189,0.052817,0.074322,0.108,0.049434,0.15779,0.11208,0.17255,0.16927,0.17981,0.17979,0.18799,0.19629,0.19829,0.19876,0.19915,0.19928,0.19951,0.19929,0.19918,0.19907,0.19906,0.199,0.19891,0.19896,0.19865,0.19891,0.19897,0.19911,0.1993,0.1992,0.19944,0.19963,0.19986,0.20006,0.20033,0.2006,0.20108,0.20126,0.20159,0.20191,0.20261,0.20265,0.20307,0.20348,0.20385,0.20428,0.20468,0.20506,0.20565,0.20585,0.20622,0.20658,0.20687,0.20723,0.20751,0.20774,0.208,0.20812,0.20824,0.20831
0.16667,0.080528,0.1547,0.13312,0.17567,0.09183,0.0063869,0.15789,0.18011,0.13818,0.17254,0.17392,0.1669,0.17217,0.17402,0.1746,0.17528,0.17638,0.17735,0.17813,0.17945,0.17954,0.18022,0.1808,0.18139,0.18179,0.18233,0.18282,0.18295,0.1836,0.18401,0.1844,0.18187,0.18514,0.18554,0.1859,0.18628,0.18674,0.18702,0.18741,0.18839,0.18822,0.18864,0.18903,0.18967,0.18991,0.19037,0.1908,0.1912,0.19177,0.19227,0.19279,0.1935,0.19395,0.19441,0.195,0.19415,0.19619,0.19685,0.19727,0.19778,0.19851,0.19913,0.20055
0.125,0.13799,0.049116,0.095589,0.065529,0.045777,0.2216,0.044253,0.091612,0.16825,0.12593,0.11783,0.12588,0.13222,0.13751,0.15928,0.16046,0.16291,0.16458,0.16616,0.16818,0.16916,0.17009,0.17158,0.17201,0.17427,0.17526,0.17739,0.17868,0.17977,0.18058,0.18167,0.17272,0.18302,0.18301,0.18345,0.18354,0.1839,0.18378,0.18412,0.1827,0.18509,0.18526,0.18586,0.18919,0.18533,0.18562,0.18584,0.18648,0.18644,0.18704,0.18867,0.18561,0.18752,0.18731,0.18811,0.1994,0.18673,0.18704,0.18907,0.19032,0.18772,0.188,0.18977
0.0625,0.097646,0.079911,0.079464,0.033634,0.11367,0.067186,0.11735,0.065881,0.025063,0.010917,0.049601,0.060413,0.058421,0.061795,0.06416,0.065007,0.065009,0.064764,0.064333,0.065292,0.065321,0.070263,0.079841,0.082162,0.081065,0.080721,0.080488,0.080318,0.079492,0.079124,0.078582,0.076502,0.077983,0.078067,0.077912,0.078048,0.077529,0.077243,0.077561,0.078695,0.077521,0.077675,0.077851,0.077127,0.077678,0.07814,0.078167,0.078615,0.079189,0.079371,0.079811,0.080687,0.080619,0.080876,0.081339,0.081063,0.082059,0.082689,0.083007,0.082843,0.083099,0.083212,0.083296
0.10417,0.27782,0.38446,0.083682,0.23799,0.099699,0.036374,0.063553,0.30575,0.1455,0.18036,0.17736,0.17849,0.18269,0.18686,0.19053,0.19513,0.19622,0.19835,0.20019,0.20189,0.20314,0.2043,0.20537,0.20587,0.20713,0.20779,0.20864,0.20912,0.20977,0.21032,0.21079,0.20999,0.21161,0.21188,0.21223,0.21228,0.21261,0.21284,0.21286,0.21201,0.2123,0.21181,0.21039,0.20894,0.20726,0.2046,0.20107,0.19807,0.19722,0.19584,0.19522,0.19414,0.19435,0.19354,0.19296,0.19281,0.19147,0.19073,0.19002,0.1894,0.18857,0.18801,0.18762
