0.13402,0.091339,0.18971,0.069799,0.15643,0.11258,0.042148,0.10005,0.10857,0.036091,0.045891,0.06551,0.062398,0.06156,0.06498,0.064564,0.064242,0.063897,0.063868,0.064079,0.064737,0.064727,0.065135,0.065704,0.06611,0.067035,0.067683,0.06844,0.069083,0.069821,0.070523,0.07111,0.072405,0.072434,0.073109,0.073725,0.074201,0.074846,0.075394,0.07589,0.076225,0.076829,0.077282,0.077692,0.078118,0.078452,0.07881,0.079107,0.079462,0.079777,0.080019,0.080281,0.0803,0.080726,0.080868,0.081012,0.081216,0.081213,0.081232,0.081057,0.080935,0.080377,0.079292,0.076902
0.010309,0.080948,0.036095,0.044774,0.10324,0.11713,0.036369,0.053116,0.089029,0.1343,0.097104,0.093091,0.090684,0.089456,0.086873,0.084884,0.085027,0.087623,0.090152,0.090897,0.09115,0.09112,0.091176,0.091371,0.091582,0.091815,0.092053,0.092298,0.092502,0.092697,0.092901,0.093055,0.09232,0.093496,0.09364,0.093776,0.093857,0.094022,0.09409,0.09425,0.094238,0.094398,0.094468,0.094496,0.094611,0.094651,0.094705,0.094723,0.094765,0.094843,0.094865,0.09492,0.094827,0.094932,0.094961,0.094992,0.095213,0.095052,0.095074,0.094822,0.094959,0.094436,0.093847,0.093179
0.13402,0.063641,0.019995,0.08137,0.045927,0.10734,0.029724,0.17009,0.067524,0.061432,0.025023,0.041252,0.065019,0.068885,0.067477,0.063298,0.061786,0.061668,0.062349,0.063046,0.063559,0.064289,0.064819,0.065288,0.065714,0.066012,0.066277,0.066645,0.066671,0.066961,0.067165,0.067285,0.066684,0.067783,0.067906,0.06801,0.06817,0.068305,0.068357,0.06845,0.068547,0.068607,0.068687,0.06872,0.069014,0.068985,0.069037,0.069041,0.069099,0.069143,0.069122,0.069135,0.068994,0.069278,0.069197,0.06925,0.069299,0.069462,0.069596,0.069966,0.070696,0.070811,0.071397,0.071973
0.010309,0.15681,0.10652,0.05542,0.12209,0.051792,0.036213,0.065254,0.11288,0.13929,0.14177,0.12788,0.12477,0.13606,0.14237,0.14353,0.14388,0.1436,0.14347,0.1434,0.14261,0.14325,0.14325,0.14326,0.14275,0.14301,0.14293,0.143,0.14291,0.14271,0.14262,0.14247,0.1409,0.14218,0.14194,0.14171,0.14182,0.1413,0.14116,0.14104,0.13964,0.14011,0.13996,0.13956,0.13912,0.13914,0.13896,0.13859,0.13818,0.13788,0.1375,0.13719,0.13779,0.13645,0.13617,0.13569,0.1363,0.13554,0.13512,0.13462,0.13451,0.13429,0.13413,0.13404
0.030928,0.21668,0.20977,0.13965,0.14369,0.18378,0.077973,0.094426,0.097533,0.18039,0.22518,0.22221,0.23072,0.23462,0.23522,0.23394,0.23218,0.23138,0.23061,0.22989,0.22978,0.22879,0.22821,0.2276,0.22647,0.22618,0.22544,0.22465,0.22351,0.22279,0.22178,0.22069,0.21923,0.21842,0.21699,0.21557,0.21475,0.2126,0.21098,0.20948,0.20559,0.20612,0.20443,0.2028,0.19994,0.19966,0.1985,0.19742,0.19622,0.19519,0.19436,0.19354,0.19251,0.19219,0.19164,0.19127,0.1913,0.19091,0.19098,0.19123,0.19192,0.19264,0.19382,0.19518
0.15464,0.078704,0.21438,0.11271,0.040884,0.1811,0.06198,0.038897,0.090713,0.12817,0.12166,0.1101,0.10962,0.1036,0.085845,0.082097,0.079746,0.075159,0.071553,0.068112,0.064778,0.063256,0.061273,0.059573,0.056779,0.056724,0.055403,0.054587,0.053806,0.052798,0.052124,0.051454,0.044979,0.050436,0.04996,0.049509,0.049303,0.048961,0.04858,0.048532,0.046617,0.048233,0.04817,0.048144,0.047459,0.048149,0.048317,0.048385,0.048437,0.048647,0.048788,0.04901,0.049445,0.04956,0.049766,0.050042,0.050462,0.050502,0.050735,0.05098,0.051132,0.051327,0.051446,0.051521
0.13402,0.21441,0.11726,0.23186,0.26128,0.063051,0.059551,0.11195,0.097151,0.14625,0.15889,0.15863,0.15417,0.14784,0.14585,0.14372,0.14132,0.13809,0.13506,0.13224,0.12995,0.12808,0.12649,0.12518,0.12401,0.12326,0.12259,0.12198,0.12166,0.1212,0.12091,0.12073,0.12116,0.12052,0.12053,0.12052,0.12075,0.12068,0.1208,0.12095,0.1212,0.12135,0.1216,0.12189,0.12203,0.12251,0.12276,0.12312,0.12351,0.12391,0.12433,0.12487,0.12598,0.12591,0.12649,0.12713,0.12789,0.12859,0.1294,0.13032,0.13125,0.13219,0.1331,0.13377
0.051546,0.16121,0.096841,0.071402,0.066114,0.04095,0.16651,0.10699,0.059807,0.12801,0.18826,0.22774,0.24378,0.25004,0.25283,0.25423,0.25452,0.25474,0.25447,0.25397,0.25457,0.25274,0.2522,0.25171,0.2518,0.25086,0.25049,0.2502,0.24954,0.24938,0.24915,0.24892,0.2482,0.24828,0.24818,0.24796,0.24733,0.24762,0.24745,0.24707,0.24699,0.24652,0.24616,0.24572,0.24599,0.24523,0.2448,0.24427,0.2438,0.24335,0.24272,0.24204,0.24095,0.24097,0.24014,0.23933,0.23922,0.23775,0.23693,0.23648,0.23665,0.23608,0.23641,0.23692
0.092784,0.094599,0.078002,0.045158,0.12896,0.14441,0.15866,0.11794,0.028952,0.095948,0.088431,0.077149,0.065785,0.055945,0.050737,0.047309,0.044376,0.043261,0.041249,0.039197,0.036623,0.035093,0.033372,0.031714,0.030823,0.029054,0.02794,0.027034,0.026522,0.026132,0.026074,0.026284,0.026108,0.027138,0.028157,0.029124,0.030445,0.031406,0.032611,0.034122,0.035331,0.036731,0.038068,0.039223,0.039822,0.041539,0.042575,0.043578,0.044389,0.045384,0.046124,0.046872,0.04696,0.048155,0.048669,0.049169,0.04976,0.050121,0.050493,0.050782,0.051005,0.051232,0.051389,0.051477
0.092784,0.16439,0.052519,0.045024,0.088104,0.063641,0.11344,0.15112,0.073649,0.096728,0.069226,0.072391,0.0749,0.075914,0.073864,0.071815,0.070449,0.068849,0.06802,0.067438,0.066699,0.067095,0.067186,0.067256,0.067854,0.06753,0.067733,0.067792,0.068038,0.068207,0.068375,0.068525,0.068939,0.068739,0.068946,0.069097,0.069421,0.069395,0.069488,0.069692,0.070035,0.069956,0.070135,0.070429,0.070146,0.070566,0.070653,0.070747,0.070978,0.071049,0.071167,0.0713,0.071606,0.0716,0.071653,0.071736,0.071807,0.071936,0.071998,0.072089,0.072066,0.072114,0.072147,0.072169
0.030928,0.072067,0.10972,0.12191,0.065203,0.091896,0.018501,0.068646,0.12856,0.14257,0.16806,0.17725,0.18143,0.18361,0.18388,0.18253,0.18043,0.17807,0.17579,0.17349,0.17154,0.1695,0.1677,0.166,0.16462,0.16297,0.16155,0.16026,0.15893,0.15781,0.15664,0.15549,0.15442,0.1532,0.15215,0.15101,0.15007,0.14876,0.14751,0.14651,0.14498,0.14416,0.143,0.14192,0.14169,0.13935,0.13831,0.13707,0.13611,0.13514,0.13405,0.13314,0.13148,0.1314,0.13074,0.13012,0.12956,0.12923,0.12912,0.1292,0.1289,0.12982,0.13092,0.1326
0.010309,0.067184,0.14255,0.14207,0.15601,0.13922,0.033135,0.21242,0.22338,0.14705,0.065651,0.090318,0.099322,0.1043,0.10615,0.10584,0.10431,0.10311,0.10189,0.10088,0.10032,0.10077,0.1061,0.11445,0.11626,0.1169,0.1169,0.11668,0.11662,0.11639,0.11623,0.11607,0.11863,0.11573,0.11567,0.11554,0.1155,0.11538,0.1152,0.11509,0.11494,0.11492,0.11477,0.11467,0.11425,0.11448,0.1143,0.11418,0.11408,0.11398,0.11385,0.11378,0.1136,0.11365,0.11354,0.11349,0.11348,0.11339,0.11337,0.11341,0.11333,0.11339,0.11339,0.11339
0.030928,0.10244,0.086757,0.084634,0.17855,0.057748,0.064594,0.05597,0.070099,0.042585,0.040246,0.028851,0.027274,0.032167,0.036469,0.039946,0.042984,0.045091,0.046952,0.048521,0.050329,0.050982,0.051904,0.052769,0.054105,0.057288,0.068128,0.073294,0.075184,0.076074,0.076907,0.077628,0.076412,0.078736,0.079368,0.080008,0.08022,0.08114,0.081873,0.082499,0.083609,0.083597,0.084265,0.084738,0.086158,0.08649,0.087288,0.088004,0.088604,0.089674,0.090565,0.091479,0.089297,0.093249,0.094209,0.095189,0.094137,0.097157,0.099046,0.1002,0.10353,0.10364,0.10622,0.10994
0.051546,0.16597,0.16253,0.068966,0.17989,0.18198,0.19021,0.029897,0.10802,0.089582,0.12256,0.12797,0.11087,0.11862,0.12223,0.12321,0.11946,0.11659,0.11267,0.10909,0.10658,0.10271,0.099826,0.097358,0.09589,0.093213,0.091534,0.090289,0.089169,0.087942,0.087047,0.08619,0.091302,0.085129,0.084713,0.084389,0.083712,0.083914,0.083858,0.083787,0.083987,0.083869,0.084055,0.08416,0.083585,0.084653,0.085045,0.085361,0.085788,0.086227,0.086722,0.087118,0.086424,0.088345,0.088909,0.089473,0.090115,0.090624,0.091181,0.091564,0.091777,0.092324,0.092571,0.092731
0.010309,0.11675,0.16774,0.14904,0.12352,0.16919,0.098719,0.092288,0.072391,0.081069,0.069893,0.080169,0.083232,0.082635,0.082005,0.081113,0.080302,0.079177,0.078175,0.077181,0.075741,0.075361,0.074397,0.073509,0.07217,0.071917,0.071018,0.070461,0.069891,0.068944,0.068241,0.067586,0.063494,0.066228,0.065546,0.064902,0.064403,0.063503,0.062891,0.062336,0.060712,0.061175,0.060577,0.059887,0.059021,0.05877,0.058132,0.057552,0.056886,0.056447,0.05594,0.055404,0.05539,0.054581,0.054257,0.054022,0.055941,0.053682,0.053823,0.053505,0.054024,0.053748,0.053378,0.0524
0.030928,0.083809,0.16026,0.16832,0.18565,0.16606,0.069877,0.18916,0.13384,0.14463,0.14962,0.14898,0.14315,0.14288,0.13706,0.13212,0.1266,0.12214,0.1079,0.10548,0.10498,0.10439,0.10417,0.10415,0.10402,0.10438,0.10464,0.10491,0.10558,0.10567,0.10608,0.10665,0.10884,0.10751,0.10792,0.10845,0.1089,0.10965,0.1103,0.11069,0.11107,0.11187,0.11246,0.1131,0.11268,0.11419,0.11481,0.11546,0.1161,0.11659,0.11725,0.11778,0.11825,0.11914,0.11967,0.12017,0.12111,0.12115,0.12166,0.12201,0.12224,0.1225,0.12237,0.12073
0.15464,0.27092,0.07833,0.16252,0.22714,0.089172,0.078203,0.056291,0.047641,0.023796,0.022707,0.025416,0.025362,0.022576,0.023451,0.024562,0.025585,0.026377,0.02693,0.02748,0.02805,0.02853,0.029043,0.029629,0.030134,0.030867,0.031544,0.032228,0.032958,0.033655,0.034397,0.035181,0.035514,0.036722,0.037511,0.038347,0.039152,0.040037,0.040954,0.041852,0.042776,0.043708,0.04467,0.045646,0.046521,0.047744,0.048802,0.049905,0.05103,0.052206,0.053433,0.054698,0.055729,0.057264,0.058659,0.060065,0.061611,0.063041,0.064557,0.066123,0.067745,0.069272,0.070693,0.071766
0.092784,0.068711,0.062495,0.11341,0.14379,0.099519,0.08508,0.060511,0.13023,0.17275,0.14279,0.14294,0.13667,0.13129,0.12115,0.11444,0.11556,0.11457,0.11313,0.11142,0.11048,0.10827,0.10695,0.10561,0.10439,0.10312,0.10171,0.10046,0.09879,0.097433,0.095811,0.094214,0.091183,0.090691,0.089083,0.087636,0.086621,0.084965,0.083995,0.08292,0.082255,0.081581,0.080939,0.080375,0.080775,0.079748,0.079476,0.079273,0.079138,0.079073,0.079039,0.079062,0.079587,0.079085,0.079213,0.079291,0.079486,0.079299,0.079253,0.079021,0.078827,0.077607,0.076028,0.073649
0.072165,0.022287,0.0167,0.16448,0.063766,0.11366,0.09094,0.20669,0.16348,0.16971,0.087156,0.0923,0.096536,0.097285,0.097603,0.097707,0.097664,0.098454,0.099174,0.099836,0.10014,0.10126,0.10161,0.10201,0.10261,0.10218,0.10217,0.10208,0.10211,0.10133,0.10084,0.10016,0.10113,0.099181,0.098329,0.097469,0.096656,0.095585,0.094757,0.093636,0.09284,0.091289,0.090114,0.088837,0.086468,0.086216,0.084834,0.083346,0.082014,0.080367,0.078795,0.077226,0.076148,0.073943,0.072248,0.070466,0.068098,0.067009,0.065064,0.063158,0.059816,0.058652,0.055847,0.053118
0.030928,0.059336,0.10758,0.21975,0.098847,0.1264,0.12308,0.12709,0.13439,0.21924,0.20296,0.1992,0.19049,0.18352,0.17936,0.17595,0.18809,0.18646,0.18388,0.18132,0.17895,0.17682,0.17493,0.17318,0.17184,0.17018,0.16889,0.16769,0.16655,0.16565,0.16473,0.16388,0.16227,0.16246,0.16177,0.16116,0.16062,0.16011,0.15957,0.15914,0.15879,0.15833,0.15796,0.15765,0.15742,0.15703,0.15673,0.15649,0.15626,0.15605,0.15586,0.15569,0.15556,0.15539,0.15524,0.15513,0.15502,0.15493,0.15485,0.15479,0.15474,0.15469,0.15466,0.15465
0.21649,0.2429,0.11257,0.24455,0.23115,0.066029,0.073712,0.064088,0.037848,0.11646,0.095227,0.10138,0.10799,0.11631,0.12233,0.12688,0.12982,0.13285,0.13469,0.13609,0.13675,0.13841,0.13946,0.14074,0.1423,0.14351,0.14486,0.14613,0.14624,0.14751,0.14774,0.1478,0.1542,0.14738,0.14702,0.14659,0.14608,0.14557,0.14504,0.14455,0.14402,0.1434,0.14287,0.14236,0.14186,0.14125,0.14069,0.14024,0.13981,0.13925,0.13877,0.13834,0.13782,0.13743,0.13703,0.13663,0.13627,0.13583,0.13547,0.13513,0.13475,0.13446,0.13423,0.13407
0.051546,0.21711,0.069528,0.17879,0.19601,0.076572,0.076619,0.10343,0.080006,0.21309,0.16702,0.15221,0.14369,0.13849,0.13551,0.13341,0.13206,0.13092,0.13017,0.12955,0.12895,0.12871,0.12834,0.12797,0.12757,0.12739,0.12694,0.12667,0.1263,0.12592,0.12554,0.12517,0.12402,0.12434,0.12396,0.12355,0.12312,0.12269,0.12219,0.12174,0.12117,0.12087,0.12038,0.11991,0.1194,0.11898,0.1185,0.11806,0.1176,0.11718,0.11676,0.11636,0.11595,0.11559,0.11522,0.1149,0.11463,0.11431,0.11409,0.11389,0.11371,0.11357,0.11348,0.11342
0.051546,0.093618,0.048394,0.19542,0.12532,0.011245,0.046539,0.011078,0.13357,0.087934,0.043834,0.047105,0.044634,0.045846,0.043662,0.041411,0.038556,0.036799,0.034711,0.032704,0.030308,0.02903,0.027393,0.025869,0.02442,0.023209,0.022019,0.020927,0.019893,0.018947,0.018089,0.017291,0.017769,0.015915,0.015407,0.014903,0.014499,0.014037,0.013691,0.013382,0.013377,0.012902,0.012714,0.012527,0.012939,0.012384,0.012315,0.012334,0.012353,0.012475,0.012602,0.012795,0.012884,0.013274,0.013715,0.014255,0.01432,0.015809,0.016956,0.018364,0.020843,0.022791,0.025819,0.029129
0.051546,0.052149,0.12261,0.25245,0.13031,0.071142,0.08059,0.096736,0.086248,0.16848,0.13142,0.13647,0.14347,0.1494,0.14712,0.14529,0.14356,0.14242,0.14126,0.1402,0.13953,0.13836,0.13731,0.13628,0.13541,0.13402,0.13293,0.13181,0.13064,0.12947,0.12829,0.12704,0.12635,0.1249,0.12371,0.12256,0.12127,0.12032,0.11931,0.1182,0.11709,0.11595,0.11491,0.11383,0.11269,0.1118,0.11074,0.1097,0.10876,0.10779,0.10689,0.1061,0.10431,0.10433,0.10358,0.10281,0.10211,0.10151,0.10091,0.10016,0.099466,0.098181,0.096453,0.094209
0.13402,0.16754,0.073636,0.1442,0.24707,0.061208,0.077887,0.14033,0.053996,0.089839,0.12858,0.13488,0.14465,0.14914,0.15076,0.15077,0.15026,0.14934,0.14817,0.14682,0.14575,0.14385,0.14226,0.14065,0.13886,0.13762,0.13607,0.13475,0.13319,0.13217,0.131,0.12999,0.12741,0.12775,0.12676,0.12583,0.12491,0.12407,0.12313,0.1224,0.12149,0.12078,0.12,0.11927,0.11906,0.11786,0.11711,0.11646,0.11575,0.11504,0.11442,0.11375,0.11273,0.11267,0.11217,0.11166,0.11126,0.11095,0.11053,0.11044,0.11047,0.11078,0.11156,0.11267
0.1134,0.072322,0.080361,0.13353,0.057335,0.033328,0.086824,0.052761,0.05659,0.092514,0.055657,0.075026,0.086031,0.10405,0.12181,0.12544,0.12672,0.1277,0.12822,0.12864,0.12872,0.1299,0.13034,0.13087,0.13142,0.13171,0.13194,0.13216,0.13198,0.13239,0.13236,0.1323,0.13244,0.13216,0.13192,0.13166,0.13137,0.13102,0.13073,0.13025,0.12984,0.12946,0.12896,0.12846,0.12847,0.12734,0.12671,0.12612,0.12548,0.12477,0.12405,0.12332,0.12248,0.12176,0.12091,0.12005,0.11932,0.11814,0.11725,0.11637,0.11565,0.11464,0.114,0.11356
0.072165,0.11125,0.11586,0.18904,0.18125,0.036577,0.054099,0.047142,0.0093845,0.08875,0.1157,0.12445,0.11423,0.10535,0.099851,0.096331,0.093937,0.092496,0.091555,0.0907,0.090599,0.089964,0.089731,0.089502,0.089432,0.089331,0.08954,0.090047,0.090136,0.091231,0.092334,0.093271,0.088439,0.095582,0.096537,0.096997,0.097513,0.097061,0.09702,0.096644,0.096055,0.095468,0.094786,0.093952,0.092769,0.092273,0.091228,0.090147,0.089105,0.087988,0.086764,0.085555,0.084709,0.082996,0.081666,0.080314,0.078895,0.077766,0.076485,0.075332,0.07424,0.073396,0.072734,0.07232
0.092784,0.06108,0.17942,0.23961,0.048021,0.042485,0.066365,0.059423,0.11712,0.14477,0.11427,0.11816,0.12053,0.12113,0.11277,0.10921,0.11206,0.11058,0.11221,0.11389,0.11579,0.11535,0.116,0.11592,0.11572,0.11518,0.11465,0.11411,0.1132,0.1123,0.11122,0.11014,0.098372,0.10761,0.10617,0.10477,0.10311,0.10195,0.099843,0.098309,0.097035,0.09473,0.092868,0.091074,0.08801,0.086886,0.084634,0.082432,0.080064,0.077712,0.075308,0.072772,0.0694,0.067208,0.063958,0.060707,0.057168,0.053371,0.048774,0.044638,0.039143,0.032226,0.024617,0.015953
NaN,0.18243,0.12931,0.085486,0.22822,0.049841,0.050893,0.079676,0.12964,0.074146,0.080148,0.091626,0.085682,0.091427,0.098437,0.10312,0.10479,0.10528,0.10423,0.10209,0.098348,0.097066,0.095006,0.09363,0.092761,0.091615,0.090699,0.089453,0.08874,0.087547,0.086508,0.085372,0.08959,0.083009,0.082024,0.080849,0.079957,0.078439,0.077394,0.076136,0.075011,0.073662,0.07239,0.07123,0.069505,0.068583,0.067379,0.066077,0.065024,0.063674,0.062427,0.061172,0.060367,0.058966,0.057915,0.056845,0.055831,0.05493,0.054117,0.053364,0.05272,0.052227,0.051857,0.051638
0.030928,0.11035,0.084761,0.035041,0.074815,0.030272,0.087894,0.12813,0.071091,0.19554,0.17838,0.1567,0.12078,0.10646,0.1007,0.10334,0.10495,0.10344,0.10154,0.099905,0.098225,0.09714,0.096014,0.09493,0.093509,0.093098,0.092199,0.091315,0.090182,0.089698,0.088892,0.088091,0.094961,0.086522,0.085751,0.084996,0.084195,0.083458,0.082618,0.081805,0.08007,0.080034,0.079093,0.078149,0.07681,0.076171,0.075033,0.073916,0.072841,0.071573,0.070245,0.068869,0.067813,0.066224,0.064601,0.063028,0.062083,0.05968,0.058036,0.056525,0.054661,0.05357,0.052499,0.051768
0.072165,0.21215,0.19081,0.20724,0.25834,0.013468,0.09285,0.11595,0.054602,0.23034,0.18193,0.19259,0.20249,0.21231,0.2191,0.22456,0.22932,0.23306,0.23667,0.24003,0.24333,0.24625,0.24901,0.25168,0.25377,0.25635,0.25851,0.26069,0.26286,0.26431,0.26598,0.26756,0.26767,0.27046,0.27181,0.27311,0.27425,0.27555,0.27679,0.27793,0.27872,0.28005,0.28114,0.28213,0.28238,0.28414,0.28516,0.28614,0.2871,0.28807,0.28904,0.29007,0.29065,0.29192,0.29287,0.29377,0.29482,0.2955,0.29635,0.297,0.29746,0.29821,0.29863,0.29889
0.25773,0.093356,0.12962,0.17692,0.1198,0.15741,0.12747,0.035988,0.090142,0.085959,0.069823,0.080315,0.073371,0.073209,0.083082,0.09171,0.090612,0.089259,0.087862,0.08649,0.085482,0.084218,0.083384,0.082566,0.081753,0.081197,0.080673,0.080145,0.079801,0.079492,0.079206,0.078906,0.078798,0.078654,0.078465,0.078345,0.078292,0.078288,0.078192,0.078252,0.078069,0.078361,0.078477,0.078648,0.078715,0.078979,0.07923,0.079454,0.07975,0.080009,0.080372,0.080735,0.081839,0.081644,0.082071,0.082581,0.083437,0.08373,0.084476,0.085357,0.085628,0.087553,0.089226,0.091607
0.25773,0.11546,0.079009,0.061135,0.010728,0.032627,0.077613,0.14546,0.15244,0.18417,0.13152,0.1275,0.12261,0.11112,0.10497,0.1034,0.098882,0.089107,0.083564,0.079223,0.075224,0.07216,0.069482,0.066868,0.064024,0.062593,0.060936,0.059155,0.057829,0.056701,0.055709,0.05487,0.057163,0.053632,0.053194,0.052868,0.052684,0.05252,0.052458,0.052391,0.052343,0.052498,0.052627,0.05285,0.053065,0.05322,0.053469,0.053624,0.053879,0.053914,0.054039,0.054164,0.054226,0.054032,0.053837,0.053479,0.053401,0.052217,0.051186,0.05028,0.04857,0.047586,0.046747,0.048277
0.092784,0.044224,0.081702,0.038189,0.050184,0.089086,0.034675,0.047678,0.076354,0.076854,0.060072,0.042093,0.047107,0.052785,0.058699,0.064026,0.061862,0.048121,0.048372,0.048148,0.04842,0.047229,0.046427,0.045715,0.044764,0.044396,0.043599,0.043,0.042424,0.041793,0.041209,0.040717,0.041597,0.039501,0.039029,0.038548,0.03794,0.037461,0.037131,0.036726,0.036027,0.035793,0.035331,0.034851,0.03483,0.033721,0.033242,0.032726,0.032095,0.031455,0.030824,0.030163,0.028608,0.028317,0.02761,0.026662,0.026009,0.02457,0.0237,0.022814,0.022739,0.020248,0.018427,0.015164
0.092784,0.19519,0.14295,0.11108,0.18831,0.11598,0.1046,0.099352,0.053297,0.098101,0.15642,0.18427,0.19173,0.19892,0.20455,0.20805,0.2099,0.21076,0.21216,0.21377,0.21563,0.21768,0.21972,0.22176,0.22399,0.2255,0.22728,0.229,0.23085,0.23198,0.23339,0.2347,0.23591,0.23713,0.23829,0.23942,0.24054,0.24161,0.24273,0.24377,0.24508,0.24591,0.247,0.24804,0.24882,0.25033,0.25142,0.25252,0.25362,0.25477,0.25591,0.25703,0.25822,0.2593,0.26037,0.26137,0.2619,0.26311,0.26384,0.26427,0.26431,0.26437,0.2634,0.2609
0.1134,0.19735,0.14143,0.086297,0.16825,0.046196,0.08957,0.10151,0.085259,0.061982,0.030719,0.010551,0.016224,0.013494,0.01521,0.018127,0.020841,0.023047,0.024995,0.026672,0.028585,0.029154,0.030003,0.030734,0.031498,0.031923,0.032292,0.032781,0.032985,0.033153,0.03335,0.033516,0.029998,0.033676,0.033844,0.033968,0.033876,0.034086,0.034247,0.034302,0.03481,0.034727,0.034878,0.034904,0.035315,0.035433,0.035637,0.035889,0.036036,0.036572,0.036927,0.03724,0.03698,0.03818,0.038888,0.039653,0.040097,0.041174,0.042294,0.043083,0.045345,0.046258,0.048216,0.05043
0.072165,0.25314,0.1645,0.10448,0.18844,0.077406,0.19703,0.14258,0.14143,0.089685,0.04698,0.033352,0.028181,0.026989,0.030909,0.037395,0.045072,0.05156,0.057251,0.062116,0.06656,0.068762,0.071355,0.073577,0.076076,0.077145,0.078616,0.07989,0.080853,0.081992,0.082849,0.083651,0.08387,0.084929,0.0855,0.086043,0.086366,0.086895,0.087268,0.087562,0.087864,0.088137,0.0884,0.088648,0.089282,0.089102,0.089211,0.089451,0.089642,0.08986,0.090115,0.090339,0.090425,0.090802,0.091007,0.091252,0.0916,0.091756,0.09194,0.092212,0.092427,0.092547,0.092684,0.092768
0.072165,0.081493,0.10083,0.078035,0.074604,0.11984,0.11721,0.021749,0.15277,0.068626,0.067582,0.065378,0.06401,0.073036,0.079163,0.085877,0.092606,0.097157,0.10073,0.10357,0.10534,0.10845,0.11062,0.11263,0.11476,0.11622,0.11769,0.11915,0.11973,0.12028,0.11998,0.11919,0.11892,0.11668,0.11648,0.11656,0.11708,0.11761,0.11832,0.11923,0.12083,0.12095,0.12192,0.12283,0.12315,0.12464,0.12547,0.12627,0.12702,0.12783,0.12844,0.12905,0.12989,0.13008,0.13066,0.13103,0.13069,0.13189,0.13218,0.13229,0.13189,0.1328,0.13326,0.13382
0.010309,0.093242,0.080025,0.10062,0.1835,0.045823,0.019958,0.12623,0.15336,0.072289,0.094919,0.089293,0.083234,0.074141,0.066029,0.061285,0.059613,0.058278,0.057244,0.056275,0.056879,0.05437,0.053984,0.053357,0.052976,0.0524,0.052604,0.056174,0.064876,0.06629,0.06846,0.070153,0.07119,0.071755,0.072618,0.073324,0.073661,0.074591,0.074995,0.075377,0.076041,0.076204,0.076461,0.076843,0.07635,0.076981,0.077114,0.077247,0.077163,0.077008,0.076918,0.07667,0.076559,0.076173,0.075758,0.075224,0.074571,0.073811,0.072678,0.072438,0.07078,0.070038,0.069634,0.070169
0.072165,0.068446,0.11117,0.074065,0.089896,0.039123,0.11447,0.070043,0.080636,0.20282,0.16364,0.1553,0.13155,0.12672,0.12043,0.10265,0.097225,0.093376,0.09043,0.087807,0.086152,0.083893,0.08233,0.080803,0.079479,0.078256,0.077121,0.075869,0.075091,0.073873,0.07291,0.072007,0.071443,0.070142,0.069366,0.068538,0.067682,0.067063,0.066201,0.065576,0.065078,0.064277,0.063614,0.063062,0.061993,0.061807,0.061235,0.060694,0.060141,0.059615,0.059033,0.058528,0.057718,0.057396,0.056767,0.056142,0.055431,0.054599,0.053665,0.052708,0.050949,0.049747,0.048007,0.046932
0.092784,0.098024,0.21104,0.046406,0.22284,0.090566,0.069143,0.025738,0.071692,0.13413,0.12685,0.13164,0.13025,0.13192,0.11496,0.11313,0.11252,0.11175,0.11075,0.10896,0.10788,0.10482,0.10262,0.10039,0.097993,0.096618,0.094588,0.092821,0.091564,0.089602,0.088054,0.086721,0.082301,0.084024,0.08276,0.081511,0.080275,0.079284,0.078158,0.077165,0.07496,0.075353,0.07441,0.073531,0.072092,0.071886,0.071035,0.070358,0.06947,0.068868,0.068204,0.067605,0.067579,0.066569,0.066062,0.065593,0.066215,0.064811,0.064468,0.064166,0.063406,0.063487,0.063247,0.062793
0.030928,0.10626,0.20294,0.10947,0.2224,0.10277,0.18953,0.049857,0.071624,0.16195,0.12914,0.099291,0.09857,0.094694,0.091872,0.087575,0.083907,0.080486,0.077735,0.075257,0.073707,0.071309,0.06969,0.068162,0.066938,0.065634,0.06455,0.063497,0.06251,0.061803,0.061049,0.060344,0.060126,0.059212,0.058704,0.058243,0.057792,0.057427,0.057068,0.056737,0.056294,0.056122,0.055844,0.055598,0.055477,0.055082,0.05484,0.054598,0.054421,0.054166,0.053935,0.053685,0.053501,0.053195,0.053013,0.052773,0.052628,0.052367,0.052193,0.051974,0.051882,0.051717,0.051623,0.051564
0.010309,0.03705,0.052219,0.062693,0.28817,0.03687,0.053046,0.040497,0.069278,0.037936,0.029596,0.023218,0.0079812,0.0088029,0.0076434,0.0051692,0.0063214,0.015173,0.021941,0.02652,0.030203,0.032681,0.035143,0.037098,0.038693,0.040324,0.041695,0.042712,0.044123,0.04499,0.045903,0.046819,0.048322,0.048333,0.048978,0.049626,0.050242,0.050762,0.051266,0.051763,0.051974,0.052608,0.052945,0.053297,0.053366,0.053759,0.054,0.054197,0.054325,0.054396,0.054448,0.054485,0.054385,0.054192,0.054065,0.053861,0.053543,0.053291,0.052958,0.052652,0.052266,0.052011,0.051762,0.051598
0.051546,0.13002,0.058177,0.17224,0.12806,0.14407,0.12191,0.038395,0.14469,0.10802,0.13136,0.12322,0.050586,0.036258,0.030092,0.026905,0.026035,0.026878,0.028442,0.029326,0.029335,0.029616,0.029186,0.028551,0.027431,0.02702,0.026232,0.025467,0.02487,0.024265,0.023599,0.023047,0.020541,0.022014,0.021474,0.02086,0.020361,0.019931,0.019325,0.018738,0.018142,0.017801,0.017314,0.016899,0.016731,0.016035,0.01555,0.015147,0.014724,0.014275,0.013815,0.013556,0.013281,0.012701,0.012286,0.011973,0.011822,0.011342,0.011083,0.010957,0.010836,0.010564,0.010436,0.010339
0.030928,0.084213,0.059967,0.15524,0.10963,0.021836,0.013436,0.17301,0.046888,0.069912,0.060357,0.084086,0.070292,0.068389,0.065511,0.058926,0.05267,0.049707,0.04683,0.044556,0.042594,0.040815,0.039328,0.038016,0.037378,0.035671,0.034778,0.03385,0.032843,0.032225,0.031533,0.030838,0.032955,0.029767,0.029307,0.028887,0.028493,0.028254,0.02804,0.027763,0.02759,0.027492,0.027461,0.027509,0.02743,0.027741,0.028016,0.028338,0.028815,0.029276,0.02989,0.030627,0.031884,0.032553,0.033679,0.034997,0.037008,0.038253,0.04019,0.042494,0.044874,0.047168,0.049332,0.050923
0.072165,0.088394,0.18538,0.066881,0.36213,0.18549,0.15949,0.1357,0.16503,0.16447,0.1291,0.13519,0.14376,0.15223,0.15789,0.16105,0.15537,0.15577,0.15667,0.15844,0.16058,0.16094,0.16211,0.16288,0.16421,0.16385,0.16422,0.16408,0.16436,0.1645,0.16443,0.16429,0.1655,0.16412,0.16381,0.16356,0.16319,0.16305,0.16263,0.16242,0.16218,0.16149,0.16111,0.16087,0.16058,0.15967,0.15925,0.1588,0.15837,0.15781,0.15738,0.15689,0.15645,0.15583,0.15529,0.15475,0.15474,0.15375,0.15329,0.15303,0.15281,0.15251,0.15305,0.15402
0.010309,0.27873,0.23363,0.067413,0.26715,0.12863,0.13043,0.097181,0.036777,0.021408,0.049188,0.065609,0.072471,0.073028,0.075991,0.10009,0.11091,0.1168,0.12066,0.12241,0.12309,0.12319,0.12262,0.12192,0.12127,0.12016,0.11916,0.11832,0.11736,0.11639,0.11553,0.11477,0.11361,0.11311,0.1124,0.11172,0.11095,0.11031,0.10968,0.10902,0.10816,0.10783,0.1072,0.10653,0.10598,0.10537,0.10476,0.10417,0.10355,0.1029,0.10224,0.10152,0.10051,0.10003,0.099309,0.098544,0.098167,0.096862,0.096098,0.095228,0.094629,0.093843,0.093285,0.092921
0.092784,0.061123,0.078617,0.080726,0.51579,0.14365,0.09715,0.083958,0.053584,0.034075,0.090138,0.065074,0.07342,0.078291,0.082321,0.084704,0.086409,0.087426,0.088117,0.08829,0.089466,0.088376,0.088371,0.088059,0.08852,0.087363,0.087053,0.086236,0.086105,0.08541,0.084817,0.084233,0.082733,0.083173,0.082502,0.081863,0.081269,0.080666,0.07986,0.07925,0.079321,0.078019,0.077326,0.07671,0.075803,0.075164,0.074306,0.073559,0.072651,0.071827,0.070996,0.070138,0.068768,0.068267,0.067096,0.066101,0.063207,0.063757,0.062463,0.061044,0.058852,0.05728,0.054967,0.052573
0.1134,0.065764,0.072072,0.14335,0.51898,0.12306,0.04195,0.13992,0.15213,0.16996,0.12957,0.11399,0.081121,0.074172,0.080667,0.0814,0.080081,0.070776,0.063818,0.059178,0.058922,0.053577,0.051649,0.050037,0.048805,0.047559,0.046582,0.045722,0.044133,0.043577,0.042621,0.041796,0.035386,0.039542,0.03862,0.037658,0.036344,0.035685,0.034493,0.033442,0.031956,0.031304,0.03012,0.028863,0.028751,0.026786,0.02535,0.024177,0.022811,0.021714,0.020456,0.019298,0.01793,0.016864,0.015734,0.014713,0.013865,0.012896,0.012122,0.011488,0.011109,0.010727,0.010492,0.010343
0.051546,0.21609,0.10996,0.14855,0.32186,0.093916,0.08573,0.10289,0.083884,0.21091,0.21747,0.21851,0.22237,0.23349,0.23915,0.24017,0.24072,0.24116,0.24179,0.24241,0.24343,0.2441,0.24472,0.24526,0.24605,0.24619,0.24647,0.24667,0.24672,0.24695,0.24699,0.24707,0.24911,0.24722,0.24719,0.24706,0.24711,0.24669,0.24672,0.24675,0.24566,0.24644,0.24634,0.24593,0.24406,0.24586,0.24554,0.24511,0.24477,0.2447,0.244,0.24404,0.24708,0.24324,0.2426,0.24234,0.24522,0.24148,0.2409,0.23984,0.23787,0.23819,0.23744,0.23714
0.19588,0.33322,0.2194,0.24436,0.41743,0.12351,0.10781,0.22237,0.085826,0.17851,0.26936,0.29589,0.31063,0.31512,0.31544,0.31283,0.31009,0.30781,0.30726,0.30734,0.30826,0.30821,0.30868,0.30912,0.30933,0.3098,0.31021,0.31055,0.31114,0.3113,0.31177,0.31228,0.31321,0.31322,0.31392,0.31468,0.31521,0.31614,0.31697,0.31786,0.31823,0.31908,0.3196,0.32012,0.32012,0.32079,0.32099,0.32115,0.32127,0.32131,0.32125,0.32125,0.3211,0.321,0.32081,0.32064,0.32058,0.32015,0.32003,0.31993,0.31971,0.31964,0.31961,0.31959
0.15464,0.21576,0.29103,0.23988,0.6902,0.40537,0.48745,0.34204,0.27544,0.15408,0.26628,0.31243,0.34896,0.36084,0.36991,0.38938,0.41664,0.42295,0.42593,0.42811,0.43077,0.43142,0.4326,0.43373,0.43507,0.43569,0.43637,0.43737,0.43771,0.4389,0.43966,0.44049,0.43848,0.44195,0.44254,0.44324,0.44364,0.44452,0.44511,0.44566,0.44659,0.44677,0.44727,0.44769,0.44875,0.4486,0.449,0.44936,0.44962,0.44999,0.45032,0.45057,0.4503,0.45104,0.45115,0.45127,0.45133,0.4513,0.45119,0.45079,0.45106,0.4496,0.44809,0.44538
0.15464,0.056722,0.081154,0.051701,0.124,0.0073087,0.19107,0.038261,0.039023,0.1335,0.061023,0.048794,0.047663,0.042936,0.040113,0.039291,0.037314,0.032862,0.029266,0.026538,0.024471,0.022739,0.021358,0.020054,0.019571,0.01786,0.016893,0.016066,0.015108,0.014458,0.013777,0.013147,0.0090967,0.012105,0.011686,0.01134,0.011012,0.010873,0.010666,0.010603,0.010982,0.010611,0.010736,0.010866,0.010429,0.011243,0.011548,0.011859,0.012111,0.012494,0.012829,0.013144,0.012931,0.013706,0.014092,0.01437,0.014503,0.014948,0.0152,0.015418,0.015118,0.015837,0.015683,0.013901
0.23711,0.39475,0.21953,0.17631,0.5129,0.10609,0.078878,0.14188,0.16071,0.22849,0.21064,0.20464,0.20687,0.21642,0.22597,0.2315,0.23365,0.23406,0.23319,0.23157,0.22972,0.22725,0.22451,0.22171,0.21985,0.2159,0.21299,0.21015,0.20739,0.20486,0.20246,0.20019,0.20007,0.19616,0.19433,0.1926,0.19102,0.18951,0.18819,0.18678,0.18685,0.18439,0.18329,0.18226,0.18122,0.18046,0.17955,0.17876,0.17807,0.17724,0.17655,0.17606,0.1754,0.1749,0.17433,0.17382,0.17119,0.17296,0.17269,0.17253,0.17245,0.17288,0.17369,0.17479
0.010309,0.10585,0.1803,0.16844,0.13729,0.074886,0.069795,0.10592,0.063068,0.18001,0.18605,0.19271,0.20294,0.20209,0.20972,0.21491,0.21767,0.21945,0.22024,0.22053,0.22069,0.2203,0.21989,0.21945,0.21869,0.21835,0.21769,0.21711,0.21665,0.21561,0.2148,0.21399,0.211,0.21207,0.21104,0.20999,0.20903,0.20774,0.20644,0.20522,0.20398,0.20235,0.20089,0.19938,0.19775,0.19638,0.19517,0.19381,0.19246,0.1914,0.19044,0.1893,0.18979,0.18791,0.18711,0.18651,0.18697,0.18565,0.18538,0.18534,0.186,0.18591,0.18692,0.18931
0.010309,0.22397,0.06614,0.18445,0.43438,0.17729,0.089912,0.065,0.10904,0.17343,0.12778,0.11091,0.10074,0.089995,0.082299,0.077069,0.07451,0.073971,0.076337,0.072052,0.068397,0.064916,0.062563,0.060472,0.05656,0.057432,0.055777,0.054672,0.053719,0.052314,0.051362,0.050782,0.042134,0.049024,0.048185,0.047455,0.047382,0.046336,0.045455,0.045032,0.040536,0.043723,0.042976,0.042169,0.041492,0.040615,0.039425,0.038493,0.03726,0.036518,0.035432,0.034433,0.032572,0.032466,0.031447,0.0307,0.028824,0.028551,0.028078,0.02727,0.028524,0.027069,0.02747,0.028914
0.092784,0.24695,0.18146,0.19745,0.41402,0.26267,0.16713,0.049544,0.056144,0.23781,0.18277,0.2265,0.25038,0.25764,0.26192,0.26564,0.26927,0.27257,0.27478,0.27612,0.27799,0.27709,0.27738,0.27769,0.27803,0.27838,0.27884,0.27941,0.28039,0.28081,0.28143,0.28207,0.2797,0.2832,0.28338,0.28367,0.28359,0.28399,0.2841,0.28416,0.28454,0.28432,0.28429,0.28432,0.28477,0.28424,0.28423,0.28428,0.28434,0.2843,0.28442,0.28452,0.28377,0.28462,0.28491,0.28518,0.28525,0.28591,0.28634,0.28714,0.28785,0.28862,0.28974,0.29141
0.030928,0.34689,0.33379,0.2244,0.71672,0.3295,0.30071,0.40056,0.32119,0.33122,0.44207,0.50397,0.53012,0.54603,0.55909,0.56942,0.57747,0.5846,0.5903,0.59511,0.59907,0.60295,0.60612,0.60874,0.61118,0.61274,0.61426,0.61545,0.61684,0.61757,0.61833,0.6189,0.61927,0.62009,0.62048,0.62083,0.62118,0.62144,0.62166,0.62189,0.62217,0.62227,0.62247,0.62268,0.62282,0.62304,0.62325,0.62342,0.62364,0.62387,0.62411,0.62435,0.62477,0.62502,0.62536,0.62573,0.62606,0.62659,0.62705,0.62748,0.62796,0.6283,0.6286,0.6288
0.27835,0.44045,0.54878,0.35165,0.81996,0.47711,0.67964,0.63738,0.51973,0.32821,0.50184,0.55355,0.58648,0.6059,0.61375,0.6199,0.62623,0.63251,0.63756,0.64109,0.6441,0.64559,0.64714,0.64851,0.64998,0.65074,0.65175,0.65274,0.65372,0.65472,0.65592,0.65752,0.67532,0.66564,0.67104,0.67469,0.67643,0.67781,0.67874,0.67934,0.68017,0.68035,0.68076,0.68113,0.68164,0.68173,0.68209,0.68239,0.6827,0.68294,0.68325,0.68355,0.68357,0.68421,0.68458,0.68499,0.68538,0.686,0.68662,0.68733,0.68824,0.68901,0.68984,0.69047
0.092784,0.20939,0.22591,0.14673,0.35639,0.20276,0.29378,0.13536,0.19291,0.10938,0.10432,0.14028,0.15951,0.17439,0.18613,0.19546,0.20369,0.20925,0.21449,0.21902,0.22337,0.22605,0.22933,0.23214,0.23553,0.23691,0.23913,0.24112,0.24271,0.24484,0.24649,0.24809,0.24547,0.25092,0.25208,0.25336,0.25469,0.25572,0.25667,0.25762,0.25918,0.25916,0.25986,0.26049,0.26077,0.26134,0.26168,0.26197,0.2621,0.26216,0.26223,0.26226,0.26139,0.26182,0.26158,0.26128,0.26061,0.26039,0.25992,0.25938,0.25876,0.25844,0.25807,0.25783
0.092784,0.0053087,0.16222,0.19496,0.64822,0.25067,0.26807,0.15043,0.35851,0.17061,0.055505,0.056537,0.055328,0.053841,0.048337,0.045625,0.045406,0.045212,0.04568,0.046174,0.049276,0.04761,0.048055,0.048527,0.04931,0.049123,0.049415,0.049634,0.049474,0.049924,0.049996,0.050059,0.045437,0.050069,0.049974,0.049869,0.049361,0.049582,0.049466,0.04927,0.049283,0.049099,0.048872,0.048615,0.049364,0.048055,0.047922,0.047701,0.047332,0.047236,0.047067,0.046963,0.045772,0.0466,0.046431,0.046499,0.047718,0.046484,0.046822,0.04746,0.048564,0.049203,0.050288,0.051204
0.092784,0.052386,0.12423,0.16733,0.58806,0.22942,0.2896,0.078219,0.23874,0.10774,0.06588,0.072886,0.072656,0.072254,0.072806,0.07526,0.079517,0.081922,0.084379,0.086358,0.091036,0.089679,0.09077,0.091785,0.092836,0.093259,0.093783,0.094412,0.094327,0.095118,0.095375,0.095673,0.093877,0.096006,0.096066,0.096195,0.095938,0.09632,0.096406,0.096457,0.096659,0.096436,0.096443,0.096422,0.096958,0.09638,0.096333,0.096326,0.096283,0.096215,0.096191,0.09613,0.095675,0.095941,0.095825,0.095668,0.095364,0.09519,0.094904,0.094497,0.094071,0.093622,0.093205,0.092893
0.1134,0.24045,0.19476,0.082818,0.49586,0.14789,0.077911,0.097716,0.073361,0.10621,0.075294,0.054333,0.043625,0.038311,0.036653,0.037064,0.038473,0.039294,0.040417,0.041487,0.042723,0.043798,0.044779,0.045718,0.046952,0.047471,0.048201,0.048828,0.04938,0.050037,0.050544,0.050984,0.051181,0.05179,0.052119,0.052417,0.052748,0.052897,0.053109,0.053282,0.054116,0.053545,0.053611,0.053681,0.053643,0.053714,0.053663,0.053618,0.053566,0.053492,0.053372,0.053263,0.053162,0.052963,0.05281,0.05264,0.052171,0.052255,0.052112,0.051957,0.051795,0.051704,0.051624,0.051568
0.051546,0.12068,0.063621,0.12128,0.49045,0.15053,0.060696,0.027291,0.11462,0.18799,0.21876,0.23532,0.23649,0.23687,0.23538,0.23413,0.23468,0.24502,0.25055,0.25136,0.2515,0.25162,0.25179,0.25189,0.25266,0.2521,0.25224,0.252,0.25207,0.25216,0.25208,0.25203,0.2574,0.25181,0.25177,0.25159,0.25118,0.2512,0.25108,0.25078,0.25132,0.25022,0.24982,0.24948,0.24911,0.24858,0.24806,0.24755,0.24716,0.24644,0.24581,0.24528,0.24276,0.24363,0.24307,0.24228,0.24112,0.24069,0.23993,0.23915,0.23833,0.23797,0.23751,0.23722
0.030928,0.1617,0.10352,0.11211,0.33508,0.13728,0.22765,0.099125,0.24128,0.11343,0.09601,0.10595,0.10652,0.10845,0.11012,0.11357,0.1172,0.11876,0.11972,0.12029,0.12169,0.12269,0.12449,0.14542,0.14788,0.15012,0.15186,0.15349,0.155,0.1564,0.15768,0.1589,0.15889,0.16106,0.16204,0.16298,0.16386,0.16466,0.16542,0.16614,0.16667,0.16751,0.16813,0.16871,0.16917,0.16972,0.17018,0.17065,0.17103,0.17145,0.17184,0.17217,0.17253,0.17281,0.17311,0.17341,0.17385,0.174,0.17427,0.17453,0.17482,0.17496,0.17512,0.17522
0.072165,0.24248,0.32714,0.23561,0.12914,0.044545,0.11046,0.1734,0.2427,0.16783,0.074069,0.085437,0.084031,0.082629,0.082539,0.083532,0.085738,0.087387,0.089415,0.091352,0.092638,0.094096,0.095216,0.096071,0.097028,0.097371,0.097866,0.098361,0.09887,0.099016,0.099275,0.099518,0.096581,0.09983,0.099905,0.099954,0.10007,0.10007,0.1,0.10004,0.10025,0.1,0.09996,0.099899,0.099609,0.099678,0.099549,0.099386,0.099173,0.098964,0.098698,0.098459,0.098138,0.097762,0.09736,0.096943,0.096256,0.095896,0.095336,0.094768,0.094146,0.093641,0.093188,0.092891
0.051546,0.24722,0.21848,0.22696,0.80238,0.42916,0.44725,0.26603,0.41212,0.077775,0.18623,0.23291,0.27022,0.28097,0.27563,0.25994,0.25876,0.25905,0.26038,0.26187,0.26367,0.26425,0.26524,0.26607,0.26646,0.26716,0.26754,0.26777,0.26754,0.26787,0.26779,0.26767,0.26578,0.26731,0.2671,0.26686,0.2663,0.26631,0.266,0.26564,0.26527,0.26502,0.26471,0.26434,0.26487,0.26368,0.26328,0.26291,0.2625,0.26218,0.2618,0.26139,0.26028,0.26065,0.26022,0.25984,0.2595,0.25917,0.2588,0.25851,0.25831,0.25802,0.25786,0.25777
0.051546,0.16234,0.18185,0.076355,0.3828,0.16879,0.13918,0.13166,0.22459,0.085205,0.044375,0.06174,0.075049,0.077506,0.080247,0.081675,0.083208,0.083149,0.083702,0.084097,0.08499,0.085145,0.085693,0.086272,0.088465,0.087286,0.088015,0.088721,0.08949,0.08999,0.09073,0.091445,0.086993,0.092657,0.093288,0.093857,0.094309,0.095081,0.095582,0.096129,0.09813,0.097212,0.097746,0.098225,0.098929,0.099228,0.099698,0.10003,0.10027,0.10064,0.1009,0.10115,0.10189,0.10151,0.10158,0.1016,0.10046,0.10135,0.10103,0.10063,0.099878,0.099145,0.097631,0.095177
0.1134,0.018021,0.19875,0.13872,0.4062,0.11096,0.12808,0.044715,0.15903,0.068822,0.081219,0.076316,0.071019,0.076242,0.080519,0.082909,0.083904,0.08418,0.084211,0.084038,0.084084,0.083575,0.083409,0.083219,0.082683,0.082871,0.08272,0.082731,0.082994,0.082659,0.082653,0.082639,0.081809,0.082583,0.082672,0.082724,0.082835,0.082791,0.082796,0.082969,0.082501,0.082993,0.083039,0.083045,0.082471,0.082932,0.082948,0.082868,0.082714,0.082666,0.082494,0.082271,0.082198,0.081443,0.081095,0.080525,0.081125,0.079162,0.078326,0.076972,0.075144,0.074516,0.073313,0.072447
0.27835,0.68266,0.51525,0.40014,0.81804,0.53308,0.58793,0.52942,0.3817,0.35929,0.59055,0.6599,0.69479,0.70869,0.71761,0.72411,0.72913,0.73287,0.73573,0.73793,0.74001,0.74081,0.74174,0.74245,0.74307,0.74329,0.74354,0.74367,0.74375,0.74374,0.7437,0.74364,0.74386,0.74327,0.74311,0.74291,0.74261,0.74244,0.74219,0.7419,0.74184,0.74131,0.741,0.7407,0.74037,0.74004,0.73969,0.73934,0.73896,0.73857,0.73814,0.73774,0.73705,0.7368,0.73631,0.73578,0.73502,0.73471,0.73415,0.73363,0.73308,0.73263,0.73227,0.73203
0.21649,0.50772,0.41509,0.24112,0.87641,0.57983,0.65412,0.4657,0.52612,0.24168,0.48601,0.58467,0.61179,0.62964,0.64193,0.65125,0.65879,0.66436,0.66885,0.67241,0.67558,0.6776,0.67963,0.68159,0.68403,0.69487,0.70334,0.70602,0.70708,0.70825,0.7091,0.70999,0.70491,0.7113,0.71195,0.71253,0.71279,0.71359,0.7141,0.71454,0.71514,0.71512,0.7152,0.7133,0.70772,0.69742,0.697,0.69747,0.69765,0.69799,0.69827,0.69872,0.69731,0.69953,0.69993,0.70044,0.70092,0.70158,0.70221,0.70311,0.70476,0.70538,0.70723,0.70961
0.1134,0.37337,0.3373,0.19584,0.87538,0.54906,0.57916,0.37618,0.42841,0.19514,0.38359,0.43627,0.4765,0.51945,0.53459,0.54327,0.55,0.55576,0.56088,0.56499,0.57083,0.57058,0.57153,0.57188,0.57242,0.57198,0.57192,0.57189,0.57182,0.57194,0.57194,0.57198,0.57295,0.57197,0.57191,0.57187,0.57164,0.57174,0.57173,0.57171,0.57182,0.57151,0.57146,0.57139,0.57145,0.57122,0.57124,0.57122,0.57117,0.57116,0.57118,0.57122,0.57051,0.57127,0.57135,0.57141,0.57128,0.57167,0.57171,0.57154,0.57116,0.57061,0.56948,0.56792
0.051546,0.047753,0.13695,0.12002,0.46071,0.13539,0.12004,0.16471,0.076544,0.12784,0.067628,0.067056,0.084415,0.086178,0.076914,0.078506,0.080898,0.08332,0.085482,0.087479,0.088539,0.090867,0.092141,0.093375,0.094123,0.095245,0.096041,0.097046,0.097666,0.098077,0.098586,0.098973,0.099128,0.099561,0.1,0.10032,0.10091,0.1008,0.10106,0.10138,0.10175,0.10178,0.10202,0.10219,0.10192,0.10265,0.10299,0.10321,0.10356,0.10398,0.10436,0.10474,0.1056,0.10577,0.10638,0.10706,0.10743,0.10854,0.10948,0.11032,0.11121,0.1121,0.11277,0.11325
0.072165,0.23069,0.23545,0.19178,0.65724,0.28405,0.23282,0.30232,0.20977,0.13671,0.26302,0.3047,0.31785,0.33793,0.35545,0.36166,0.36363,0.36331,0.36289,0.36248,0.36174,0.36166,0.36124,0.36094,0.36054,0.36011,0.35984,0.35965,0.35931,0.35912,0.3589,0.35874,0.35742,0.35831,0.35818,0.35804,0.35781,0.35772,0.35764,0.35762,0.35771,0.35731,0.35729,0.35724,0.35757,0.35732,0.35734,0.3574,0.35746,0.35759,0.3577,0.35788,0.35772,0.35826,0.35849,0.35876,0.35873,0.35935,0.35965,0.35996,0.36032,0.36047,0.36066,0.36078
0.40206,0.72601,0.61589,0.34661,0.88116,0.71376,0.80111,0.75559,0.61294,0.59019,0.79393,0.83403,0.8497,0.85995,0.86472,0.8672,0.86871,0.86994,0.87081,0.87152,0.87202,0.87254,0.87293,0.87328,0.87362,0.87384,0.87407,0.87428,0.87446,0.87463,0.87478,0.87492,0.8752,0.87515,0.87526,0.87535,0.87543,0.87551,0.87559,0.87566,0.87573,0.87577,0.87583,0.87587,0.87591,0.87596,0.876,0.87603,0.87607,0.87609,0.87612,0.87614,0.87616,0.87619,0.87621,0.87622,0.87623,0.87625,0.87626,0.87627,0.87628,0.87628,0.87629,0.87629
0.31959,0.69837,0.54591,0.29371,0.87876,0.6999,0.77995,0.71628,0.51286,0.67367,0.77756,0.78665,0.79212,0.79679,0.79885,0.80047,0.80191,0.80293,0.80372,0.80435,0.80532,0.80487,0.80496,0.80496,0.80483,0.80466,0.80444,0.80412,0.80344,0.80345,0.80307,0.8027,0.80284,0.80186,0.80142,0.80101,0.80064,0.80021,0.79979,0.79932,0.79895,0.79854,0.79815,0.7978,0.79813,0.79707,0.79675,0.79645,0.79615,0.79587,0.79561,0.79534,0.7954,0.79495,0.79473,0.79456,0.7944,0.79426,0.79415,0.79405,0.79402,0.7939,0.79385,0.79382
0.051546,0.55285,0.38955,0.10671,0.72693,0.40235,0.3905,0.18522,0.075651,0.17791,0.3009,0.32372,0.35637,0.36621,0.37351,0.37997,0.38672,0.39195,0.39683,0.40086,0.4037,0.40617,0.4079,0.40937,0.41028,0.41136,0.41215,0.4129,0.41343,0.41393,0.41437,0.41476,0.4148,0.41541,0.41572,0.41601,0.41619,0.4165,0.41678,0.41697,0.41739,0.41742,0.41766,0.41789,0.41824,0.41834,0.41863,0.41886,0.41913,0.41941,0.4197,0.41997,0.42003,0.42057,0.42084,0.42113,0.42125,0.42167,0.42191,0.42214,0.42232,0.42247,0.42258,0.42266
0.030928,0.06148,0.20207,0.13496,0.54867,0.16484,0.1382,0.23574,0.18085,0.22681,0.31907,0.37384,0.40178,0.41741,0.42615,0.43255,0.4378,0.44196,0.44563,0.44869,0.45122,0.45359,0.45546,0.45702,0.45811,0.45944,0.46039,0.46118,0.46174,0.46245,0.46291,0.46331,0.46413,0.46407,0.46437,0.46459,0.46487,0.46502,0.46526,0.46546,0.46555,0.46589,0.46611,0.46636,0.46673,0.46689,0.46715,0.46749,0.46792,0.46825,0.46866,0.46918,0.46942,0.47016,0.47086,0.47152,0.47239,0.47301,0.47384,0.47468,0.47553,0.47681,0.47844,0.48129
0.051546,0.15295,0.18517,0.09235,0.65103,0.1358,0.31863,0.23965,0.19485,0.2425,0.23631,0.27289,0.28947,0.29434,0.29721,0.29936,0.30106,0.30227,0.30328,0.30414,0.30532,0.30545,0.30592,0.30642,0.30664,0.30717,0.30752,0.30789,0.30811,0.30849,0.30878,0.30906,0.30875,0.30961,0.30985,0.31013,0.31024,0.31063,0.31095,0.31128,0.31146,0.31177,0.3121,0.31241,0.31275,0.31308,0.31342,0.31378,0.31413,0.31453,0.31494,0.31533,0.31539,0.31618,0.31663,0.31705,0.31744,0.31793,0.31832,0.31866,0.31896,0.31923,0.31943,0.31954
0.051546,0.06389,0.13133,0.039032,0.062958,0.095932,0.034571,0.10951,0.06077,0.050666,0.083161,0.093087,0.10052,0.10192,0.10273,0.10052,0.095142,0.089881,0.084764,0.079941,0.076026,0.071927,0.068515,0.065578,0.06276,0.060963,0.058905,0.057229,0.055488,0.054204,0.052925,0.051711,0.049483,0.049494,0.048598,0.047639,0.046846,0.045879,0.045105,0.044251,0.043556,0.042902,0.04215,0.041447,0.041228,0.040003,0.039334,0.038579,0.037916,0.03711,0.036271,0.035351,0.035587,0.033762,0.033019,0.032102,0.031813,0.030638,0.029916,0.029104,0.029017,0.02899,0.029452,0.030387
0.051546,0.096392,0.11496,0.17413,0.5253,0.17032,0.090336,0.15204,0.11641,0.061574,0.068866,0.072401,0.09855,0.11115,0.11747,0.12239,0.12596,0.12883,0.13087,0.13254,0.13236,0.13477,0.13606,0.13716,0.13775,0.13873,0.1394,0.13997,0.14074,0.14069,0.14093,0.14112,0.1408,0.14125,0.14127,0.14124,0.14104,0.14109,0.14098,0.14079,0.14046,0.14037,0.14014,0.13988,0.13918,0.13927,0.13897,0.13865,0.13828,0.13794,0.13759,0.13721,0.1366,0.13652,0.13616,0.1358,0.1355,0.13518,0.1349,0.13463,0.13436,0.13425,0.13412,0.13404
0.1134,0.41669,0.30375,0.24784,0.77595,0.40715,0.42291,0.29008,0.27306,0.15988,0.29994,0.337,0.35654,0.36655,0.37393,0.37907,0.38275,0.38561,0.38779,0.38948,0.39103,0.39194,0.39284,0.39362,0.39462,0.39488,0.39539,0.39582,0.39624,0.39662,0.39695,0.3973,0.39805,0.39777,0.3981,0.39836,0.3985,0.39884,0.39906,0.39927,0.39968,0.39969,0.39989,0.40013,0.40031,0.40046,0.40065,0.40084,0.40102,0.40118,0.4013,0.40144,0.40134,0.40167,0.40173,0.40181,0.40184,0.40195,0.40197,0.40204,0.40203,0.40205,0.40206,0.40206
0.29897,0.42144,0.2726,0.16711,0.47391,0.11794,0.22696,0.25058,0.15466,0.19817,0.19159,0.21992,0.25172,0.2807,0.29973,0.31364,0.32459,0.33257,0.33905,0.34426,0.3495,0.35194,0.35477,0.35722,0.3596,0.36131,0.36302,0.36466,0.36623,0.36751,0.36889,0.3702,0.37112,0.37271,0.374,0.37524,0.37622,0.3776,0.37878,0.38001,0.38153,0.3822,0.38322,0.3842,0.38547,0.38625,0.38716,0.38793,0.38877,0.38968,0.39031,0.39097,0.39232,0.39236,0.39289,0.39336,0.39395,0.39423,0.39504,0.39488,0.39552,0.39693,0.39807,0.40089
0.19588,0.55688,0.32197,0.17692,0.44699,0.064831,0.13942,0.16256,0.28851,0.20503,0.1252,0.12257,0.11542,0.1138,0.11288,0.11149,0.10981,0.10761,0.10477,0.10103,0.098442,0.093919,0.091434,0.089919,0.089146,0.088348,0.088052,0.08802,0.088105,0.088197,0.08851,0.088917,0.089928,0.089694,0.090257,0.090838,0.091241,0.091998,0.092682,0.093333,0.093843,0.094676,0.095393,0.096117,0.096685,0.097705,0.098524,0.099351,0.10021,0.10112,0.10202,0.10294,0.1036,0.10487,0.10588,0.10689,0.108,0.10895,0.10992,0.11085,0.11165,0.1124,0.11294,0.11328
0.1134,0.25619,0.23173,0.045626,0.69271,0.27946,0.39747,0.34375,0.54543,0.16428,0.28734,0.32053,0.34254,0.36106,0.39207,0.40127,0.40885,0.41547,0.42129,0.42623,0.43102,0.43376,0.43647,0.43868,0.44074,0.44194,0.44322,0.44425,0.44512,0.44598,0.44665,0.44721,0.4475,0.4481,0.44842,0.4487,0.44881,0.44909,0.44924,0.44928,0.44959,0.44938,0.44937,0.44933,0.44945,0.4491,0.4489,0.44868,0.44843,0.44813,0.44782,0.4475,0.4469,0.44669,0.44631,0.44591,0.44534,0.44504,0.44463,0.44426,0.44398,0.44367,0.44347,0.44335
0.051546,0.16188,0.14501,0.068913,0.49242,0.18143,0.28711,0.15727,0.28918,0.16172,0.18136,0.21522,0.24368,0.24772,0.24915,0.25046,0.25153,0.25314,0.25437,0.25548,0.2569,0.25725,0.258,0.2586,0.25902,0.25951,0.25984,0.26011,0.26028,0.26053,0.26066,0.26075,0.2605,0.2609,0.26086,0.26084,0.26066,0.26075,0.26061,0.2605,0.26025,0.2602,0.26003,0.25982,0.25979,0.25941,0.25914,0.25889,0.25857,0.25827,0.25797,0.25758,0.25701,0.25701,0.25664,0.25632,0.25637,0.25579,0.25554,0.25546,0.25573,0.25607,0.2567,0.25733
0.051546,0.044992,0.055245,0.13353,0.026658,0.033302,0.15586,0.086602,0.065139,0.12961,0.11908,0.11658,0.11,0.1055,0.10062,0.097579,0.095867,0.094524,0.093396,0.092282,0.090922,0.089905,0.088668,0.087501,0.086184,0.085031,0.08388,0.082768,0.0816,0.080517,0.079428,0.078337,0.076855,0.076329,0.075313,0.074313,0.073458,0.072417,0.071505,0.070642,0.069647,0.068818,0.067991,0.067161,0.066096,0.065573,0.064844,0.064088,0.063333,0.062626,0.061895,0.061276,0.060923,0.059863,0.059113,0.058397,0.057703,0.056712,0.05587,0.055003,0.053905,0.053164,0.052345,0.051763
NaN,0.1004,0.11863,0.12112,0.29482,0.079566,0.056952,0.079848,0.1857,0.044531,0.052287,0.053093,0.053761,0.060397,0.066265,0.069989,0.072835,0.073799,0.075003,0.07629,0.0774,0.07843,0.079296,0.080352,0.08178,0.082852,0.083732,0.086156,0.085597,0.088018,0.08943,0.090548,0.07778,0.09188,0.092639,0.093331,0.093991,0.093789,0.094612,0.094596,0.095508,0.094964,0.094998,0.09487,0.095113,0.094907,0.09489,0.094767,0.094652,0.094548,0.094427,0.094262,0.094185,0.093918,0.093811,0.093655,0.093432,0.093328,0.093203,0.093048,0.092986,0.092892,0.092827,0.092791
0.092784,0.27626,0.12034,0.047869,0.51754,0.17405,0.23462,0.16065,0.077201,0.049625,0.16828,0.18515,0.19559,0.19536,0.194,0.19302,0.19254,0.19311,0.19575,0.20323,0.21665,0.21862,0.22245,0.22411,0.22519,0.22474,0.22455,0.22418,0.22382,0.22322,0.22263,0.22207,0.22072,0.22056,0.21989,0.21912,0.21813,0.21741,0.21663,0.21568,0.21493,0.21387,0.21292,0.21196,0.21124,0.20996,0.20898,0.20803,0.20699,0.20603,0.20499,0.20402,0.2025,0.20195,0.20108,0.2002,0.19931,0.19859,0.19796,0.1973,0.19684,0.19642,0.19613,0.19593
0.13402,0.093306,0.18517,0.024802,0.7877,0.20531,0.22383,0.17425,0.28768,0.11204,0.15426,0.18972,0.20427,0.21276,0.22033,0.21043,0.21523,0.21872,0.22065,0.22186,0.22413,0.22347,0.22406,0.22461,0.22492,0.22557,0.22603,0.22644,0.2266,0.22721,0.22755,0.22781,0.22825,0.22855,0.22881,0.22908,0.22916,0.22958,0.22983,0.23003,0.2301,0.23051,0.23072,0.23094,0.23155,0.23133,0.23158,0.23179,0.23207,0.2323,0.23259,0.23285,0.23301,0.23352,0.23387,0.23426,0.23473,0.23504,0.23548,0.23589,0.23633,0.23662,0.23689,0.23706
0.092784,0.25928,0.26512,0.10131,0.74412,0.32367,0.4531,0.29008,0.40432,0.11069,0.21996,0.25758,0.26891,0.27681,0.27983,0.28158,0.28294,0.28368,0.2843,0.28463,0.28475,0.28511,0.28532,0.28546,0.28569,0.28548,0.2855,0.28549,0.28525,0.28546,0.28537,0.28533,0.28447,0.2853,0.28518,0.28504,0.28505,0.2849,0.28482,0.28487,0.28506,0.28445,0.28442,0.28433,0.28467,0.28401,0.28388,0.28379,0.28361,0.28343,0.28322,0.28303,0.28298,0.28257,0.28224,0.28184,0.28109,0.28118,0.28065,0.28014,0.27958,0.27912,0.27872,0.27845
0.030928,0.052805,0.16955,0.16174,0.20359,0.082841,0.17942,0.058359,0.22862,0.13,0.18355,0.14646,0.14082,0.1382,0.13989,0.1417,0.14328,0.14481,0.14609,0.1471,0.1481,0.14887,0.14959,0.15021,0.15084,0.15128,0.15172,0.15204,0.15237,0.15274,0.15301,0.15327,0.15459,0.1537,0.1539,0.15404,0.15418,0.15435,0.15446,0.1546,0.15465,0.1548,0.15487,0.15501,0.15525,0.1551,0.15513,0.15519,0.1553,0.15529,0.15532,0.15551,0.15515,0.15538,0.1554,0.15539,0.15543,0.15528,0.15524,0.1553,0.15522,0.15494,0.15482,0.15469
0.051546,0.043191,0.040183,0.11425,0.32161,0.13241,0.098898,0.12255,0.17529,0.028372,0.074346,0.086891,0.086724,0.078158,0.072253,0.067441,0.062714,0.061304,0.059193,0.057524,0.055067,0.054776,0.052949,0.052055,0.050823,0.050811,0.049965,0.051326,0.049911,0.050091,0.049896,0.050006,0.041069,0.049392,0.049239,0.049105,0.048327,0.048728,0.047971,0.047622,0.043931,0.046895,0.046593,0.046212,0.045846,0.045609,0.045349,0.045196,0.044741,0.044962,0.044884,0.04486,0.044179,0.045413,0.045485,0.045905,0.048197,0.047248,0.047788,0.048714,0.049287,0.050287,0.050966,0.051391
0.010309,0.15993,0.12815,0.071468,0.25824,0.14471,0.094975,0.1285,0.23353,0.096963,0.16717,0.16279,0.15605,0.14259,0.13772,0.13807,0.13931,0.14077,0.14211,0.1434,0.14448,0.14556,0.1465,0.14743,0.14745,0.14907,0.14975,0.15051,0.15119,0.15187,0.15249,0.15307,0.15462,0.15421,0.15471,0.15521,0.15589,0.15616,0.15667,0.15715,0.15681,0.15797,0.15838,0.15878,0.15898,0.15962,0.15996,0.16023,0.16055,0.16072,0.16101,0.16128,0.16243,0.1616,0.16162,0.16154,0.161,0.161,0.1609,0.16001,0.15849,0.15783,0.15632,0.15521
0.010309,0.058902,0.098848,0.093679,0.33948,0.065843,0.086268,0.14545,0.060858,0.045466,0.10893,0.14972,0.18132,0.20639,0.23537,0.25153,0.26214,0.26979,0.27562,0.28026,0.28413,0.28733,0.29024,0.29272,0.29489,0.29693,0.29879,0.30032,0.30189,0.30333,0.30463,0.30582,0.30807,0.30783,0.30879,0.30968,0.31053,0.31129,0.31202,0.31274,0.31345,0.31396,0.31452,0.31509,0.31561,0.31598,0.31642,0.31679,0.31717,0.31749,0.3178,0.31806,0.3182,0.3185,0.31878,0.31892,0.31894,0.31923,0.31932,0.31934,0.31941,0.3195,0.31953,0.31955
0.010309,0.050284,0.10183,0.071276,0.70396,0.23767,0.14773,0.060634,0.041561,0.21772,0.26457,0.25683,0.25198,0.24933,0.24703,0.24539,0.24425,0.24312,0.24225,0.24154,0.24132,0.24011,0.23957,0.23905,0.23853,0.23811,0.23769,0.23724,0.23657,0.23638,0.23598,0.23561,0.23533,0.23468,0.23432,0.23391,0.23341,0.23306,0.23263,0.23211,0.23129,0.23113,0.23058,0.22998,0.22984,0.22891,0.22821,0.22754,0.22679,0.22612,0.22533,0.22456,0.22378,0.22291,0.22211,0.22127,0.22063,0.21968,0.2189,0.21821,0.21773,0.21716,0.21679,0.21656
0.010309,0.036708,0.11394,0.098826,0.60646,0.23794,0.21764,0.027429,0.079998,0.12635,0.21648,0.23237,0.23398,0.23883,0.2562,0.25489,0.25468,0.25401,0.25385,0.25363,0.25419,0.25382,0.25399,0.25413,0.25376,0.25447,0.25463,0.25471,0.25464,0.25505,0.25522,0.25536,0.2547,0.25561,0.25577,0.25585,0.25595,0.25613,0.25624,0.25634,0.25609,0.25659,0.25665,0.25675,0.25701,0.25689,0.25702,0.25708,0.25716,0.25721,0.25727,0.25735,0.25735,0.25745,0.25751,0.25756,0.25764,0.25759,0.25764,0.25767,0.2577,0.25771,0.25772,0.25773
0.092784,0.19175,0.10051,0.033707,0.12109,0.061544,0.074464,0.059171,0.12251,0.10262,0.12394,0.11791,0.10942,0.083514,0.072446,0.068024,0.065404,0.064221,0.063139,0.062363,0.061802,0.060782,0.060051,0.059445,0.058898,0.058348,0.057733,0.057266,0.057059,0.056122,0.05559,0.055077,0.052914,0.053973,0.053447,0.052942,0.052217,0.051761,0.051276,0.05065,0.049594,0.049517,0.048881,0.048083,0.045299,0.046081,0.045316,0.04438,0.042819,0.04192,0.040704,0.039332,0.038879,0.036425,0.035674,0.034644,0.034725,0.033324,0.032722,0.031678,0.031176,0.031257,0.031084,0.030959
0.051546,0.24759,0.17788,0.03769,0.54322,0.084037,0.12524,0.095107,0.11412,0.1496,0.16159,0.13423,0.12781,0.13044,0.1345,0.12784,0.12188,0.11707,0.11361,0.11055,0.10927,0.10576,0.10343,0.10139,0.099139,0.097445,0.095743,0.094285,0.09222,0.090812,0.089312,0.087895,0.084725,0.085092,0.083825,0.082492,0.081026,0.079795,0.078632,0.077343,0.075957,0.074809,0.073596,0.072248,0.071264,0.070041,0.068749,0.067538,0.066294,0.065085,0.063797,0.06264,0.061293,0.059978,0.058847,0.05769,0.056609,0.055579,0.054605,0.053684,0.053044,0.052386,0.051931,0.051644
0.010309,0.029874,0.12318,0.067441,0.39223,0.093773,0.023813,0.16836,0.017432,0.081881,0.094632,0.069799,0.061223,0.048325,0.04317,0.040285,0.039585,0.038983,0.039575,0.040605,0.043001,0.043409,0.04495,0.046453,0.047579,0.049454,0.050871,0.052209,0.053634,0.054949,0.056179,0.057386,0.057881,0.059731,0.060799,0.061846,0.0627,0.063874,0.064774,0.065731,0.066634,0.067546,0.068421,0.069373,0.070144,0.070818,0.071641,0.072491,0.073257,0.074011,0.074822,0.075713,0.075901,0.077036,0.077833,0.078649,0.07888,0.080263,0.081157,0.082124,0.082843,0.083636,0.084952,0.086551
0.051546,0.21143,0.13211,0.12273,0.49322,0.1313,0.14657,0.088908,0.12202,0.1808,0.19314,0.18027,0.16503,0.18689,0.18681,0.186,0.18707,0.1878,0.18867,0.18962,0.19173,0.19073,0.19139,0.19168,0.19223,0.19232,0.19244,0.19213,0.19262,0.19228,0.19211,0.19194,0.19274,0.19126,0.19095,0.19057,0.18993,0.18984,0.18925,0.18882,0.1879,0.18805,0.18759,0.18744,0.18691,0.18675,0.18655,0.18638,0.1866,0.1863,0.18627,0.1863,0.18653,0.1864,0.18676,0.18696,0.1878,0.18745,0.18788,0.18846,0.18907,0.19028,0.1919,0.19426
0.051546,0.28163,0.18879,0.17283,0.25375,0.11982,0.11773,0.043331,0.11294,0.065589,0.042893,0.072357,0.076497,0.07594,0.07656,0.076518,0.075772,0.074774,0.073611,0.07278,0.072512,0.071882,0.07195,0.072097,0.07249,0.073076,0.07357,0.074134,0.074827,0.075457,0.07615,0.076741,0.076923,0.07815,0.078847,0.079514,0.080085,0.080811,0.081362,0.081874,0.08272,0.083026,0.083528,0.084019,0.084882,0.084997,0.085407,0.085765,0.086206,0.086594,0.086942,0.087217,0.087405,0.088046,0.088322,0.088669,0.08839,0.089431,0.089841,0.090375,0.091201,0.091581,0.092174,0.092643
0.030928,0.13572,0.19536,0.014591,0.098177,0.05161,0.06294,0.075288,0.11035,0.076747,0.044013,0.035272,0.04456,0.04889,0.051263,0.052767,0.054059,0.054668,0.055415,0.056171,0.05654,0.057444,0.058109,0.058763,0.059416,0.059995,0.060663,0.061322,0.06203,0.062499,0.063116,0.063696,0.062951,0.064846,0.065427,0.065973,0.066617,0.066993,0.067516,0.068029,0.068439,0.068884,0.069333,0.069723,0.069784,0.070557,0.070904,0.071207,0.071476,0.071772,0.071974,0.072174,0.07239,0.072445,0.072524,0.07255,0.072564,0.072602,0.072537,0.07245,0.07235,0.072293,0.072223,0.072176
0.072165,0.33268,0.10669,0.13718,0.34119,0.062388,0.11693,0.17627,0.047077,0.10658,0.11701,0.081002,0.06321,0.054127,0.05296,0.052725,0.052247,0.051969,0.051428,0.050775,0.050585,0.050132,0.049772,0.049488,0.049621,0.049172,0.048944,0.04882,0.048828,0.048543,0.048456,0.048422,0.048528,0.04829,0.048311,0.048282,0.048321,0.048366,0.048435,0.048441,0.049486,0.048644,0.048741,0.048821,0.048893,0.049085,0.04928,0.049415,0.049541,0.049703,0.049852,0.050087,0.050534,0.050379,0.050526,0.050706,0.050083,0.050946,0.051057,0.051209,0.051409,0.051431,0.051487,0.051536
0.051546,0.28178,0.1217,0.082253,0.20112,0.062795,0.13857,0.072256,0.084553,0.069032,0.024127,0.0037075,0.005239,0.0078743,0.0097856,0.011558,0.013474,0.015095,0.016686,0.018237,0.019563,0.020766,0.021905,0.022902,0.023527,0.024854,0.025572,0.026391,0.027367,0.027686,0.028268,0.028902,0.027658,0.029721,0.030188,0.030599,0.030845,0.031298,0.031647,0.031826,0.032776,0.032595,0.032887,0.033133,0.032954,0.033727,0.034077,0.034452,0.034647,0.03508,0.035434,0.035821,0.035795,0.036754,0.037354,0.038014,0.036316,0.039481,0.040247,0.041018,0.042017,0.043588,0.045039,0.04743
0.010309,0.25304,0.047444,0.089414,0.30277,0.16262,0.054532,0.068188,0.12802,0.03793,0.072507,0.072446,0.068553,0.067791,0.066631,0.065667,0.064444,0.063982,0.063201,0.062524,0.061565,0.061207,0.060682,0.060222,0.059606,0.059491,0.059247,0.058973,0.058815,0.058719,0.058613,0.058587,0.059733,0.058601,0.058695,0.058857,0.059179,0.059159,0.059473,0.059688,0.059993,0.060324,0.060662,0.061058,0.061414,0.061853,0.06222,0.062716,0.063268,0.063716,0.064292,0.064845,0.065509,0.065769,0.066477,0.067075,0.067712,0.068445,0.069166,0.069735,0.070562,0.071148,0.071682,0.072052
0.010309,0.26799,0.22403,0.1406,0.46654,0.017218,0.10278,0.24267,0.06,0.17267,0.24514,0.28821,0.27954,0.28119,0.28045,0.27954,0.27779,0.27666,0.27484,0.27306,0.27108,0.26928,0.26746,0.26577,0.26435,0.26263,0.26122,0.25985,0.25917,0.25758,0.25654,0.25556,0.2577,0.25386,0.25273,0.25167,0.25131,0.24929,0.24824,0.24727,0.24756,0.24306,0.24107,0.23945,0.23432,0.23403,0.23324,0.23186,0.23066,0.22986,0.22931,0.22887,0.23005,0.22792,0.22743,0.22691,0.22678,0.2263,0.22553,0.22471,0.22395,0.22282,0.22101,0.2183
0.072165,0.24641,0.1801,0.0050759,0.17643,0.079466,0.033608,0.025556,0.17212,0.12578,0.089523,0.065923,0.060173,0.053788,0.046308,0.041749,0.037622,0.035919,0.035278,0.034896,0.034862,0.034232,0.033929,0.033589,0.033066,0.033123,0.032848,0.032464,0.032422,0.032018,0.031762,0.031663,0.035042,0.030805,0.030542,0.030265,0.029722,0.029556,0.029121,0.028575,0.028395,0.028014,0.027447,0.027059,0.026227,0.025818,0.025164,0.024617,0.023864,0.02311,0.022307,0.021296,0.019567,0.01968,0.018638,0.017729,0.016329,0.015177,0.014262,0.013493,0.01222,0.011529,0.010853,0.010382
0.030928,0.23399,0.18077,0.033455,0.28847,0.11047,0.088316,0.19489,0.0058953,0.20967,0.19716,0.19284,0.21297,0.22481,0.2326,0.23816,0.24204,0.24426,0.2457,0.24672,0.24716,0.24762,0.24795,0.24815,0.24804,0.24853,0.24859,0.24866,0.24884,0.24879,0.24874,0.24885,0.24948,0.24861,0.24848,0.24843,0.24826,0.24814,0.24813,0.24796,0.248,0.2478,0.24778,0.24779,0.2484,0.24779,0.24785,0.24814,0.24834,0.24848,0.24889,0.24901,0.24927,0.24983,0.25051,0.25102,0.25105,0.25276,0.2535,0.25433,0.25532,0.25621,0.257,0.25756
0.092784,0.20012,0.15854,0.16586,0.2592,0.027909,0.15749,0.076329,0.13019,0.14859,0.19612,0.18493,0.1998,0.19977,0.19776,0.19627,0.19512,0.19447,0.19375,0.19304,0.19323,0.19208,0.19149,0.19094,0.19098,0.19028,0.18977,0.18938,0.18901,0.18874,0.18834,0.18803,0.18698,0.18773,0.18737,0.18714,0.18673,0.1866,0.18632,0.18623,0.18747,0.18632,0.1862,0.18622,0.18647,0.18606,0.18607,0.18629,0.18647,0.18667,0.18703,0.18727,0.18711,0.18817,0.1888,0.1897,0.18828,0.19098,0.19195,0.19304,0.19379,0.19472,0.19539,0.19578
0.010309,0.33934,0.2757,0.17838,0.34835,0.04047,0.04526,0.17498,0.094689,0.20959,0.18295,0.18462,0.19965,0.20111,0.20123,0.20122,0.20068,0.20074,0.20032,0.19985,0.20002,0.19929,0.19887,0.1986,0.19827,0.19817,0.19793,0.19781,0.19776,0.19749,0.19736,0.19724,0.19689,0.19692,0.19682,0.19668,0.19646,0.19635,0.19625,0.1961,0.19587,0.19577,0.19562,0.19542,0.19508,0.19513,0.19497,0.1948,0.19462,0.19451,0.19436,0.1943,0.19389,0.19411,0.19413,0.19417,0.19433,0.19447,0.19467,0.19485,0.19512,0.19544,0.19567,0.19582
0.030928,0.15816,0.24473,0.062939,0.14099,0.16946,0.040418,0.083025,0.14647,0.11983,0.1316,0.12555,0.12502,0.12738,0.12455,0.12124,0.11819,0.11486,0.11186,0.10882,0.10521,0.10292,0.1004,0.098029,0.095108,0.094113,0.092384,0.090959,0.090066,0.088542,0.08759,0.086777,0.087331,0.085392,0.084975,0.084589,0.084458,0.084089,0.083948,0.083904,0.083505,0.084016,0.084162,0.084372,0.084354,0.08496,0.085301,0.085702,0.086147,0.086605,0.087097,0.087603,0.088304,0.088681,0.089241,0.089784,0.090377,0.090831,0.091306,0.091718,0.092078,0.092385,0.092603,0.092738
0.010309,0.10348,0.10015,0.12565,0.39333,0.057337,0.10289,0.1133,0.10089,0.12195,0.17739,0.17636,0.18228,0.1894,0.19392,0.19678,0.1981,0.19861,0.19805,0.19628,0.19358,0.19092,0.18834,0.1864,0.1852,0.18397,0.18333,0.18264,0.18243,0.18182,0.18145,0.18108,0.18248,0.18039,0.18012,0.1798,0.17947,0.17925,0.17889,0.17864,0.17851,0.17811,0.17783,0.17762,0.17683,0.17712,0.17687,0.17662,0.17643,0.17622,0.17599,0.17585,0.1756,0.17557,0.17543,0.17535,0.17523,0.1752,0.17516,0.17521,0.17509,0.17521,0.17523,0.17525
0.13402,0.14833,0.039565,0.097552,0.25412,0.12824,0.027741,0.08156,0.10053,0.12837,0.14092,0.12636,0.12447,0.12567,0.12581,0.12401,0.1202,0.11722,0.11548,0.11467,0.11417,0.11401,0.11387,0.11385,0.11382,0.11387,0.11388,0.11396,0.11415,0.11403,0.11407,0.11409,0.11367,0.11403,0.11406,0.11407,0.11403,0.11404,0.11403,0.11405,0.11407,0.11404,0.11402,0.11401,0.11378,0.11393,0.11391,0.11386,0.11381,0.1138,0.11376,0.1137,0.11361,0.11366,0.11362,0.11359,0.11354,0.11351,0.11349,0.11347,0.11342,0.11342,0.11341,0.1134
0.030928,0.17638,0.17264,0.19063,0.26119,0.032489,0.070771,0.035461,0.043824,0.31959,0.32163,0.32947,0.32043,0.31924,0.31999,0.32115,0.32238,0.32366,0.32485,0.32595,0.32717,0.32797,0.3289,0.3297,0.33039,0.33119,0.33183,0.33239,0.33307,0.33355,0.33404,0.33448,0.33532,0.33539,0.33576,0.33612,0.33646,0.33679,0.33707,0.33735,0.33749,0.33787,0.3381,0.33832,0.33862,0.33873,0.3389,0.33906,0.3392,0.33934,0.33945,0.33955,0.33984,0.33978,0.33985,0.33992,0.34004,0.34005,0.34009,0.34012,0.34019,0.34018,0.34019,0.3402
0.051546,0.042758,0.11608,0.086977,0.032393,0.1444,0.11423,0.11825,0.10094,0.15682,0.14664,0.16684,0.16777,0.16793,0.16733,0.16503,0.14752,0.14514,0.14605,0.14759,0.14956,0.15097,0.15232,0.15362,0.155,0.15573,0.15656,0.15747,0.158,0.15866,0.15915,0.15963,0.15729,0.16023,0.16046,0.16063,0.16077,0.16084,0.16088,0.16089,0.16121,0.1608,0.16073,0.16057,0.16034,0.16026,0.16008,0.15989,0.15955,0.15935,0.15906,0.15876,0.15848,0.15815,0.15773,0.15738,0.15677,0.15662,0.1562,0.15584,0.15539,0.15513,0.15487,0.1547
0.051546,0.080308,0.017923,0.063868,0.14914,0.087248,0.083823,0.13569,0.030026,0.094459,0.14495,0.15144,0.16159,0.16987,0.17465,0.19125,0.20025,0.2056,0.2106,0.2154,0.22081,0.22381,0.22765,0.23125,0.23424,0.23761,0.24036,0.24315,0.2452,0.24771,0.24977,0.25165,0.24793,0.25514,0.25667,0.25815,0.25938,0.26085,0.26215,0.26328,0.26457,0.2655,0.26655,0.26738,0.26839,0.26921,0.27005,0.27077,0.27138,0.27219,0.27283,0.2734,0.27306,0.27465,0.27518,0.27566,0.2759,0.27664,0.27699,0.27718,0.27738,0.27792,0.27815,0.27831
0.092784,0.14091,0.16141,0.10655,0.026688,0.051601,0.10073,0.076729,0.14871,0.17354,0.21703,0.20889,0.20595,0.20369,0.20325,0.20238,0.20175,0.20197,0.20275,0.20383,0.20489,0.20629,0.20741,0.20855,0.20941,0.21054,0.21141,0.21233,0.21296,0.2138,0.21442,0.21506,0.21439,0.21604,0.21647,0.21686,0.21725,0.21745,0.21776,0.21796,0.21805,0.21831,0.21848,0.21854,0.21849,0.21849,0.21849,0.21848,0.21822,0.21814,0.21798,0.21768,0.21778,0.21712,0.21679,0.21646,0.21606,0.21572,0.21539,0.21459,0.21423,0.21424,0.2147,0.21579
0.051546,0.042764,0.020575,0.10863,0.42517,0.15526,0.10223,0.10023,0.094732,0.070689,0.067536,0.075021,0.072043,0.070507,0.068563,0.064701,0.058315,0.054396,0.052883,0.052217,0.05208,0.05164,0.051465,0.051323,0.051297,0.05121,0.051189,0.051102,0.050903,0.051048,0.051034,0.050965,0.050331,0.051104,0.051067,0.051083,0.051107,0.051098,0.051129,0.051102,0.05117,0.0512,0.051217,0.051241,0.051415,0.05129,0.05132,0.051325,0.051362,0.051374,0.051407,0.051425,0.051485,0.05145,0.05147,0.051488,0.051497,0.051503,0.051516,0.051526,0.051544,0.05154,0.051544,0.051548
0.092784,0.10182,0.039742,0.087857,0.34495,0.079121,0.038376,0.14821,0.078974,0.031289,0.025788,0.0077067,0.011731,0.024046,0.033223,0.038768,0.042159,0.04509,0.046641,0.047013,0.045794,0.044074,0.042543,0.041186,0.040543,0.038898,0.03909,0.039355,0.039549,0.040031,0.040394,0.040702,0.036903,0.041322,0.041834,0.042238,0.042742,0.043106,0.043431,0.043881,0.044681,0.044589,0.045063,0.045323,0.045905,0.04639,0.046894,0.047263,0.04773,0.048481,0.048855,0.049345,0.049954,0.050729,0.051009,0.051431,0.051095,0.052003,0.052159,0.052171,0.052267,0.051977,0.051795,0.051603
0.010309,0.21641,0.070751,0.068829,0.1667,0.080977,0.044334,0.12598,0.096186,0.10939,0.068257,0.058312,0.066982,0.080824,0.087474,0.098243,0.10698,0.11059,0.11155,0.11202,0.11214,0.11329,0.11417,0.11532,0.11664,0.11916,0.12207,0.12694,0.12926,0.1324,0.13389,0.13475,0.13523,0.13621,0.13649,0.13678,0.13701,0.13728,0.13747,0.13762,0.13758,0.13785,0.13797,0.138,0.13817,0.13812,0.13816,0.13816,0.13817,0.13812,0.13806,0.13802,0.13762,0.13783,0.13764,0.13744,0.13738,0.13685,0.13646,0.13589,0.13522,0.13494,0.13449,0.13415
0.1134,0.068572,0.16123,0.10204,0.11374,0.1026,0.091689,0.015457,0.081696,0.076834,0.065136,0.072383,0.085387,0.090159,0.092799,0.093989,0.094111,0.093629,0.092496,0.091014,0.088392,0.087525,0.085752,0.084068,0.083502,0.080782,0.079305,0.077985,0.07658,0.075197,0.073961,0.072868,0.068943,0.070589,0.069347,0.068262,0.067321,0.066269,0.065125,0.064374,0.063906,0.062495,0.061614,0.060814,0.059135,0.05909,0.058339,0.057635,0.056827,0.056058,0.055432,0.054827,0.053608,0.053759,0.053212,0.052814,0.052362,0.052079,0.051793,0.051755,0.051369,0.051557,0.051551,0.051555
0.051546,0.10594,0.075577,0.095002,0.11865,0.12166,0.24747,0.13144,0.10253,0.19844,0.20908,0.25324,0.28499,0.29442,0.29907,0.30222,0.30405,0.30597,0.30712,0.30804,0.30872,0.30887,0.30911,0.30922,0.30979,0.30906,0.30904,0.30889,0.30832,0.30854,0.3084,0.30824,0.31203,0.30792,0.30775,0.30763,0.30769,0.30732,0.30737,0.3073,0.30796,0.30708,0.30705,0.30696,0.30824,0.30697,0.30699,0.30696,0.30693,0.30689,0.30686,0.30674,0.30704,0.30656,0.30648,0.30626,0.30549,0.30567,0.30515,0.30453,0.30415,0.30256,0.30117,0.29972
0.072165,0.16866,0.029939,0.14896,0.13779,0.093038,0.11808,0.082321,0.2119,0.1613,0.14462,0.15116,0.16385,0.17186,0.19464,0.19765,0.19969,0.20244,0.20486,0.20772,0.20952,0.21417,0.21685,0.21975,0.22238,0.22425,0.22606,0.22799,0.2285,0.23055,0.23175,0.23282,0.23456,0.23488,0.23576,0.23663,0.23744,0.23803,0.23891,0.2395,0.24042,0.24064,0.24117,0.24161,0.2423,0.24234,0.24259,0.24281,0.24295,0.24299,0.24299,0.2429,0.2427,0.24234,0.24208,0.24164,0.24106,0.24059,0.24001,0.23921,0.23866,0.23802,0.23754,0.23722
0.030928,0.17294,0.14402,0.074652,0.29124,0.087386,0.035338,0.03427,0.01386,0.088833,0.11133,0.11383,0.11135,0.10633,0.10092,0.098152,0.097624,0.097309,0.097645,0.098245,0.10014,0.10016,0.10134,0.10303,0.10296,0.10729,0.10881,0.11135,0.11273,0.11394,0.11535,0.11664,0.1149,0.11833,0.11908,0.11974,0.12031,0.12119,0.12166,0.12232,0.12397,0.12356,0.12413,0.12482,0.1251,0.12599,0.12646,0.12702,0.12765,0.12806,0.12863,0.12909,0.12952,0.13037,0.13106,0.13165,0.13125,0.13299,0.13335,0.13391,0.13503,0.1346,0.13448,0.1342
0.010309,0.28619,0.23703,0.058763,0.36999,0.063705,0.061758,0.14753,0.074949,0.089852,0.023904,0.054553,0.060028,0.05881,0.059137,0.060818,0.062985,0.065825,0.068826,0.072351,0.077803,0.080581,0.084711,0.089908,0.096491,0.099208,0.10314,0.1066,0.1089,0.1102,0.11151,0.11243,0.1269,0.11341,0.11384,0.11424,0.11363,0.11533,0.11668,0.11717,0.12252,0.11895,0.11992,0.12102,0.12384,0.1242,0.12517,0.12647,0.12786,0.12829,0.12968,0.13125,0.12773,0.1344,0.136,0.13711,0.12656,0.13946,0.14227,0.14452,0.14625,0.14921,0.15101,0.1541
0.010309,0.26262,0.11223,0.092028,0.32626,0.071442,0.068518,0.11086,0.13089,0.13317,0.072243,0.063559,0.068135,0.064069,0.066795,0.066434,0.06566,0.06457,0.063768,0.063057,0.062998,0.062169,0.061763,0.061481,0.061054,0.060982,0.060905,0.060761,0.060733,0.060663,0.060615,0.060569,0.062012,0.060505,0.060486,0.060461,0.060366,0.060264,0.060242,0.060292,0.059784,0.060044,0.059984,0.059949,0.059601,0.059565,0.059486,0.059314,0.059201,0.058948,0.058728,0.058605,0.058095,0.057477,0.057344,0.056964,0.057559,0.055988,0.055535,0.054892,0.054375,0.053318,0.052561,0.052028
0.010309,0.19828,0.03943,0.13806,0.18298,0.071397,0.071941,0.053011,0.030144,0.1972,0.16439,0.13336,0.12309,0.1199,0.12011,0.11877,0.11767,0.11675,0.11601,0.11534,0.11458,0.11408,0.11338,0.11262,0.11164,0.11105,0.11023,0.10935,0.10862,0.10757,0.10668,0.10578,0.10404,0.10392,0.10297,0.10202,0.10122,0.10013,0.099077,0.098174,0.097059,0.09625,0.095259,0.094297,0.093336,0.092391,0.091387,0.090384,0.089356,0.088365,0.087375,0.086355,0.085679,0.084272,0.083189,0.082125,0.081152,0.079829,0.078661,0.077432,0.076185,0.074751,0.073478,0.072543
0.030928,0.066611,0.13918,0.14957,0.13796,0.046848,0.068155,0.042795,0.056214,0.16212,0.14882,0.15013,0.1437,0.14374,0.14243,0.14109,0.14002,0.13868,0.13768,0.13685,0.13535,0.13533,0.13473,0.13422,0.13399,0.13352,0.13322,0.13315,0.13271,0.13294,0.13292,0.13295,0.13097,0.13317,0.13338,0.13363,0.13408,0.13418,0.13462,0.13505,0.13601,0.13611,0.13668,0.13725,0.13859,0.13849,0.13934,0.14013,0.14097,0.14187,0.14279,0.14366,0.14499,0.14574,0.14687,0.14795,0.14869,0.15005,0.15113,0.15201,0.15299,0.15363,0.15418,0.15452
