0.012346,0.11673,0.095699,0.08954,0.093691,0.18521,0.10006,0.027962,0.14479,0.069303,0.053992,0.075528,0.074801,0.07057,0.059793,0.050558,0.043519,0.040107,0.038741,0.037985,0.035926,0.036583,0.035973,0.035249,0.034257,0.033778,0.033084,0.032285,0.031585,0.030734,0.029983,0.029205,0.027339,0.02752,0.026786,0.025986,0.025468,0.024429,0.023553,0.022699,0.021834,0.021242,0.020471,0.019748,0.019098,0.018345,0.017661,0.016991,0.016364,0.015792,0.015254,0.014789,0.014793,0.01389,0.013534,0.01327,0.013031,0.012793,0.012648,0.012563,0.01255,0.012415,0.012373,0.012356
0.061728,0.13068,0.10958,0.16787,0.23158,0.11636,0.16482,0.045872,0.096267,0.12936,0.16898,0.15451,0.14242,0.12965,0.11743,0.11021,0.10442,0.099322,0.09469,0.091185,0.089857,0.087912,0.08788,0.088412,0.088509,0.090347,0.091689,0.092309,0.0948,0.094531,0.095364,0.09626,0.098504,0.098003,0.098745,0.099328,0.099359,0.1007,0.10115,0.10182,0.10237,0.10283,0.10334,0.10392,0.10388,0.10496,0.10536,0.10584,0.10632,0.10676,0.10719,0.10768,0.10764,0.1085,0.10887,0.10923,0.10953,0.10994,0.11021,0.11051,0.1107,0.11088,0.111,0.11108
0.1358,0.13624,0.079761,0.091133,0.17584,0.15155,0.077118,0.14353,0.10377,0.048022,0.0637,0.079933,0.06675,0.065839,0.059272,0.052818,0.047816,0.050299,0.04996,0.048022,0.047285,0.044609,0.043405,0.042202,0.041103,0.040008,0.038916,0.037955,0.036538,0.036068,0.03515,0.034165,0.030906,0.032444,0.031595,0.030683,0.029827,0.029056,0.027975,0.02712,0.025934,0.025214,0.024255,0.02333,0.023247,0.021272,0.02028,0.019226,0.018289,0.017268,0.016208,0.015175,0.014399,0.013643,0.012724,0.012032,0.01182,0.011253,0.01104,0.011238,0.011503,0.011685,0.01202,0.012295
0.061728,0.095265,0.0029245,0.095566,0.12807,0.071986,0.032675,0.020216,0.13296,0.058417,0.057664,0.069187,0.059864,0.05061,0.053776,0.058922,0.061622,0.062466,0.061706,0.060194,0.058801,0.056941,0.055029,0.053318,0.051718,0.050004,0.048401,0.047047,0.046202,0.044097,0.042774,0.041625,0.040087,0.039033,0.038127,0.037061,0.035261,0.035123,0.034429,0.03354,0.034178,0.032138,0.031525,0.030872,0.032212,0.029917,0.029722,0.029386,0.029221,0.029222,0.02923,0.029388,0.028846,0.02992,0.030247,0.030796,0.031009,0.032192,0.033041,0.034005,0.035409,0.03572,0.036395,0.036893
0.1358,0.26146,0.048522,0.11121,0.24979,0.10594,0.042312,0.055415,0.10094,0.13176,0.15737,0.15481,0.16043,0.15415,0.14983,0.14872,0.14867,0.15179,0.15551,0.15999,0.16336,0.16731,0.16978,0.17163,0.17326,0.17424,0.1752,0.1763,0.17709,0.17754,0.17814,0.17864,0.17376,0.17953,0.17997,0.18033,0.181,0.181,0.18118,0.1814,0.18193,0.18195,0.18221,0.18236,0.18172,0.1829,0.18299,0.18311,0.18316,0.18346,0.1836,0.18369,0.18439,0.18424,0.18421,0.18437,0.18446,0.18476,0.1848,0.18501,0.18491,0.18509,0.18514,0.18518
NaN,0.1863,0.072787,0.10313,0.31769,0.030765,0.12248,0.026635,0.073564,0.089389,0.10885,0.12683,0.12937,0.13383,0.13796,0.14282,0.14791,0.15271,0.15714,0.16118,0.16531,0.16842,0.17152,0.1743,0.17712,0.17908,0.18115,0.18302,0.18478,0.18642,0.18796,0.18939,0.19017,0.1921,0.19329,0.19445,0.19561,0.19662,0.19759,0.19854,0.19965,0.20029,0.20112,0.2019,0.20265,0.20337,0.20403,0.20466,0.20524,0.2058,0.20633,0.20679,0.20732,0.20762,0.20801,0.20835,0.20862,0.20896,0.20921,0.2094,0.2096,0.20971,0.2098,0.20986
0.1358,0.32422,0.021102,0.1219,0.42827,0.25617,0.23019,0.1605,0.072605,0.16969,0.22872,0.28134,0.30553,0.31809,0.32565,0.32966,0.32931,0.32869,0.32485,0.32232,0.32289,0.31896,0.31444,0.30956,0.30667,0.3052,0.30445,0.30409,0.30424,0.30354,0.30326,0.303,0.30089,0.30242,0.30214,0.30177,0.30103,0.30097,0.30051,0.30013,0.29924,0.29915,0.29864,0.29808,0.29734,0.29677,0.29629,0.29576,0.29508,0.29461,0.29397,0.2935,0.29087,0.29162,0.29086,0.29005,0.29002,0.28821,0.28778,0.28651,0.28568,0.28541,0.28474,0.28372
0.037037,0.053946,0.065768,0.17158,0.32942,0.059365,0.21333,0.049532,0.045051,0.019861,0.046727,0.081312,0.096025,0.097375,0.098559,0.099065,0.099812,0.099961,0.10042,0.10102,0.10075,0.10157,0.102,0.10232,0.10277,0.10279,0.10313,0.10334,0.1035,0.10372,0.1039,0.10406,0.10269,0.10434,0.10448,0.10461,0.10499,0.10492,0.10496,0.10515,0.10569,0.1053,0.10542,0.10553,0.10567,0.10574,0.10589,0.10599,0.10613,0.10628,0.10647,0.10666,0.10737,0.10722,0.10749,0.10783,0.10781,0.10869,0.1091,0.10959,0.11002,0.11047,0.11081,0.11103
0.18519,0.094225,0.12229,0.18124,0.21572,0.062697,0.11149,0.1423,0.1061,0.055309,0.096544,0.084733,0.087937,0.10459,0.11731,0.12459,0.1337,0.1466,0.15277,0.15516,0.15619,0.15768,0.15845,0.15903,0.15928,0.15983,0.15999,0.16029,0.15967,0.16029,0.16027,0.16024,0.15899,0.16016,0.15998,0.1598,0.16001,0.15948,0.1593,0.15912,0.15886,0.15877,0.1586,0.15836,0.15968,0.15825,0.15809,0.15804,0.158,0.15795,0.15797,0.1581,0.1591,0.15831,0.15846,0.15865,0.15886,0.15916,0.15947,0.15968,0.16022,0.16018,0.16035,0.16047
0.012346,0.15603,0.045076,0.032376,0.11926,0.071609,0.056813,0.11995,0.17387,0.11102,0.1435,0.13216,0.13275,0.13437,0.14069,0.14361,0.14395,0.14254,0.14098,0.13936,0.13733,0.13539,0.13362,0.13194,0.13033,0.12885,0.12748,0.12624,0.12544,0.12395,0.12294,0.12205,0.12123,0.12028,0.11958,0.11888,0.11817,0.11764,0.11708,0.11657,0.11604,0.1156,0.11517,0.11476,0.1141,0.11403,0.11371,0.11343,0.11314,0.11289,0.11264,0.11241,0.11212,0.11204,0.11188,0.11173,0.1116,0.11148,0.11138,0.1113,0.11121,0.11118,0.11114,0.11112
0.061728,0.15357,0.046865,0.15172,0.19548,0.12376,0.082945,0.085087,0.066503,0.045445,0.10979,0.12865,0.14781,0.14432,0.14483,0.13984,0.13235,0.12461,0.12052,0.11755,0.11622,0.11408,0.11254,0.11096,0.10989,0.10809,0.10668,0.10505,0.10308,0.10265,0.10145,0.1004,0.1016,0.098598,0.09795,0.09736,0.096557,0.096314,0.096071,0.095894,0.096947,0.095589,0.095496,0.095518,0.095687,0.095296,0.095394,0.095437,0.095516,0.095548,0.095599,0.095643,0.095031,0.095578,0.095482,0.095313,0.094951,0.094624,0.09402,0.093316,0.09217,0.090775,0.088991,0.087204
0.11111,0.33569,0.080125,0.11015,0.25576,0.0056623,0.041838,0.068364,0.11339,0.19007,0.18134,0.16788,0.16054,0.15203,0.14489,0.1388,0.13377,0.13,0.12669,0.12393,0.12168,0.11909,0.11666,0.11412,0.11174,0.10904,0.10646,0.10377,0.10121,0.098856,0.096422,0.094089,0.094018,0.089011,0.086801,0.084553,0.082312,0.079806,0.07747,0.075288,0.07263,0.070916,0.068559,0.066572,0.064613,0.061901,0.059609,0.057438,0.055164,0.053114,0.050884,0.048699,0.047305,0.044272,0.042234,0.040415,0.038818,0.036605,0.034951,0.033966,0.033256,0.03328,0.034246,0.036002
0.08642,0.17787,0.029237,0.14859,0.229,0.15866,0.09696,0.11442,0.069113,0.022454,0.055439,0.080793,0.094337,0.10208,0.10585,0.10824,0.10959,0.11168,0.11307,0.11408,0.11616,0.11617,0.11694,0.11759,0.11809,0.11857,0.11897,0.11912,0.11921,0.11953,0.11955,0.11957,0.12091,0.11954,0.11941,0.1192,0.11872,0.11872,0.11848,0.11833,0.11805,0.11775,0.11748,0.11735,0.11776,0.11656,0.11643,0.11624,0.11616,0.11594,0.11583,0.11592,0.11474,0.11569,0.11602,0.11631,0.11686,0.11743,0.11821,0.11965,0.1216,0.12342,0.12664,0.13135
0.037037,0.037768,0.1498,0.142,0.1292,0.14175,0.17668,0.12257,0.087588,0.034165,0.08462,0.050208,0.02355,0.013573,0.015694,0.015903,0.013994,0.034361,0.031214,0.028408,0.026223,0.024603,0.023298,0.022211,0.020913,0.02051,0.019852,0.019197,0.018527,0.017933,0.017352,0.016737,0.016582,0.015639,0.014975,0.014367,0.01372,0.013185,0.012474,0.011877,0.011197,0.010655,0.010033,0.009458,0.0086077,0.0082306,0.0078062,0.0073838,0.0069808,0.0067843,0.0067594,0.006655,0.0071636,0.0073744,0.0077999,0.0083403,0.0087119,0.0094666,0.010114,0.010735,0.011222,0.011682,0.012035,0.012258
0.061728,0.1012,0.018857,0.095494,0.086657,0.033735,0.08228,0.12105,0.14341,0.096123,0.079584,0.11,0.11312,0.11908,0.12051,0.12239,0.12463,0.12765,0.13037,0.13278,0.13521,0.1366,0.13761,0.13836,0.13859,0.13889,0.13883,0.13864,0.13838,0.13784,0.1373,0.13675,0.13513,0.13558,0.13499,0.13435,0.13371,0.13304,0.13247,0.13185,0.13112,0.13057,0.12987,0.12913,0.12835,0.1276,0.12678,0.12597,0.12504,0.12413,0.12312,0.12211,0.12108,0.11993,0.11886,0.11774,0.11671,0.11557,0.11453,0.11357,0.11276,0.11206,0.11155,0.11122
0.16049,0.20465,0.085628,0.085149,0.10517,0.024993,0.053141,0.05469,0.091557,0.16491,0.12692,0.13888,0.15155,0.16207,0.16703,0.16913,0.16933,0.16944,0.16883,0.16796,0.16634,0.16635,0.16538,0.1646,0.16409,0.16327,0.16258,0.1621,0.16139,0.161,0.16053,0.16013,0.16216,0.15937,0.15906,0.15871,0.15852,0.15801,0.15783,0.15737,0.15686,0.15676,0.1564,0.15595,0.15557,0.15518,0.15469,0.15425,0.15372,0.15308,0.15235,0.15163,0.15068,0.14967,0.14853,0.1472,0.14671,0.14386,0.1418,0.13915,0.13632,0.13319,0.12967,0.1257
0.11111,0.032501,0.13393,0.18658,0.10381,0.09132,0.18479,0.11541,0.096849,0.03806,0.018509,0.033259,0.036215,0.035456,0.037507,0.039819,0.043552,0.047624,0.050956,0.052542,0.053342,0.053508,0.053555,0.053503,0.053653,0.053373,0.053222,0.053417,0.053518,0.053511,0.053627,0.053852,0.047,0.054336,0.054476,0.054685,0.055013,0.055194,0.055597,0.05587,0.056194,0.05649,0.056866,0.057081,0.057348,0.057747,0.058027,0.058356,0.058523,0.058837,0.059147,0.059405,0.059749,0.05973,0.060004,0.060185,0.060619,0.060637,0.060873,0.060993,0.061133,0.061405,0.061581,0.061698
0.012346,0.24907,0.074497,0.065179,0.22566,0.081666,0.07464,0.050594,0.13743,0.11477,0.091059,0.066284,0.052141,0.05374,0.053616,0.07172,0.067584,0.066681,0.066788,0.066809,0.066451,0.066162,0.065548,0.064942,0.064192,0.063612,0.062899,0.062263,0.061521,0.061013,0.060448,0.059965,0.060478,0.059008,0.058593,0.058243,0.057953,0.057619,0.057452,0.057264,0.057169,0.057036,0.05698,0.056957,0.057,0.057095,0.057203,0.057351,0.057535,0.057743,0.058002,0.058294,0.058564,0.058865,0.059205,0.059559,0.059841,0.060245,0.060584,0.060905,0.061176,0.061412,0.061583,0.061695
0.11111,0.12014,0.078185,0.1014,0.2266,0.039774,0.15386,0.12875,0.2031,0.051741,0.062514,0.061277,0.053197,0.052868,0.053733,0.05438,0.054872,0.055197,0.055312,0.055169,0.055144,0.054982,0.054601,0.054224,0.053331,0.053497,0.052995,0.052523,0.052145,0.051606,0.051096,0.050584,0.050859,0.049614,0.04909,0.048557,0.047921,0.047401,0.046903,0.046327,0.045367,0.04527,0.044694,0.044097,0.043511,0.042852,0.04228,0.041668,0.041076,0.040554,0.039974,0.039429,0.038267,0.038272,0.037779,0.037386,0.037102,0.036814,0.036755,0.036708,0.036619,0.036752,0.03687,0.037
0.08642,0.15335,0.024973,0.036438,0.08399,0.051185,0.058419,0.15623,0.052562,0.12259,0.12489,0.1252,0.12195,0.12553,0.11929,0.11479,0.11224,0.11039,0.10922,0.10834,0.10767,0.10751,0.10729,0.1071,0.1071,0.10686,0.10691,0.10688,0.10675,0.107,0.10709,0.10719,0.1069,0.1073,0.10746,0.10757,0.10775,0.1078,0.10788,0.10809,0.10809,0.10825,0.10839,0.10853,0.10892,0.10879,0.10889,0.10898,0.10911,0.10926,0.10937,0.10951,0.10967,0.10983,0.10995,0.1101,0.1104,0.11046,0.1106,0.11077,0.11087,0.11096,0.11104,0.1111
NaN,0.0055172,0.04932,0.077424,0.18053,0.06662,0.18947,0.080574,0.052211,0.047961,0.034639,0.045431,0.064758,0.07312,0.079017,0.081153,0.081823,0.080883,0.079893,0.078406,0.077226,0.075886,0.074492,0.073179,0.072253,0.070882,0.069823,0.068852,0.067978,0.066929,0.066072,0.065262,0.063951,0.063654,0.063009,0.06229,0.061523,0.060871,0.06023,0.059491,0.058883,0.058255,0.057578,0.056803,0.056061,0.05559,0.054839,0.054106,0.05329,0.052635,0.051778,0.050967,0.049691,0.049191,0.048278,0.047319,0.046328,0.045132,0.043952,0.042379,0.041424,0.039818,0.038474,0.037396
0.061728,0.096314,0.061113,0.04728,0.19579,0.088776,0.052993,0.14468,0.037889,0.14625,0.14166,0.10599,0.068626,0.051467,0.049324,0.051383,0.055109,0.05972,0.063876,0.042519,0.044498,0.046264,0.047366,0.048258,0.049293,0.049694,0.050345,0.050866,0.051735,0.051919,0.052463,0.052957,0.056149,0.053998,0.05461,0.055166,0.055885,0.056285,0.056974,0.057534,0.058282,0.058803,0.059463,0.06011,0.060358,0.061609,0.06234,0.063061,0.063829,0.064593,0.065312,0.066048,0.066817,0.067361,0.068031,0.068567,0.068602,0.069356,0.069534,0.069338,0.069018,0.067986,0.066179,0.063583
0.061728,0.21418,0.0091504,0.15667,0.28282,0.040142,0.068788,0.15513,0.046571,0.15984,0.094644,0.087768,0.089033,0.09025,0.0927,0.09646,0.10009,0.10323,0.10525,0.1067,0.10764,0.10393,0.086579,0.086387,0.086983,0.087586,0.088243,0.088887,0.08951,0.09021,0.090844,0.091432,0.0922,0.092597,0.09318,0.093757,0.094516,0.094899,0.095431,0.096002,0.096541,0.09711,0.097691,0.09831,0.099001,0.099492,0.10015,0.10077,0.10146,0.10214,0.10283,0.10351,0.10471,0.10505,0.10577,0.10651,0.10728,0.10802,0.10869,0.10938,0.10999,0.11043,0.1108,0.11103
0.1358,0.12534,0.047231,0.12739,0.13063,0.029824,0.089333,0.061209,0.10361,0.048713,0.071646,0.033755,0.029432,0.026039,0.041202,0.04602,0.046623,0.046415,0.046285,0.046314,0.04629,0.046828,0.047296,0.047774,0.048365,0.048866,0.049468,0.050035,0.050761,0.051293,0.051923,0.052533,0.052979,0.053624,0.054238,0.054781,0.05538,0.055861,0.056305,0.056729,0.057217,0.057617,0.05802,0.058399,0.058646,0.059165,0.059442,0.059724,0.059972,0.060242,0.060441,0.060647,0.060926,0.061006,0.061133,0.061258,0.061356,0.061456,0.061534,0.061596,0.061645,0.061681,0.061707,0.06172
0.037037,0.13143,0.10988,0.24409,0.23308,0.081358,0.058507,0.10948,0.18152,0.062398,0.063643,0.068151,0.068591,0.069415,0.070315,0.070681,0.070658,0.071168,0.071656,0.072243,0.073389,0.073742,0.074505,0.075347,0.076034,0.077002,0.077864,0.078751,0.079434,0.080478,0.081368,0.082257,0.083511,0.084032,0.084958,0.085902,0.086765,0.087781,0.088769,0.089719,0.09061,0.091697,0.092713,0.093739,0.094925,0.095768,0.096878,0.097924,0.098994,0.10005,0.10113,0.10214,0.10302,0.10423,0.10521,0.10616,0.1071,0.10791,0.10871,0.10941,0.10998,0.11047,0.11082,0.11104
0.061728,0.079042,0.046913,0.17416,0.1307,0.12,0.13631,0.13717,0.076713,0.17711,0.11302,0.11264,0.1115,0.1102,0.10929,0.10797,0.10668,0.10519,0.10388,0.10272,0.10129,0.10095,0.1003,0.09977,0.099523,0.099235,0.099069,0.098972,0.099052,0.09902,0.099089,0.099185,0.098062,0.099458,0.099596,0.09977,0.10011,0.10006,0.10014,0.10025,0.10058,0.10046,0.10048,0.10051,0.10014,0.10043,0.10025,0.10008,0.099838,0.099596,0.099301,0.0989,0.099229,0.097874,0.097235,0.096578,0.095083,0.094793,0.093789,0.092925,0.091232,0.090001,0.088391,0.087061
0.08642,0.097024,0.083751,0.035303,0.081346,0.15327,0.08129,0.14566,0.10461,0.1332,0.075437,0.088459,0.090398,0.10634,0.1163,0.12136,0.124,0.12595,0.12724,0.12815,0.12851,0.12958,0.13008,0.13052,0.13078,0.13122,0.1315,0.13182,0.13181,0.13222,0.1324,0.13259,0.13137,0.13275,0.13288,0.13296,0.13315,0.13304,0.13311,0.13312,0.133,0.1331,0.13309,0.13301,0.13336,0.13285,0.13278,0.13268,0.13243,0.13236,0.13218,0.13205,0.13209,0.13146,0.13123,0.13097,0.13068,0.13036,0.12995,0.12922,0.12884,0.12702,0.12414,0.1182
0.16049,0.13578,0.011467,0.080922,0.05251,0.033646,0.040528,0.092346,0.1033,0.16237,0.1095,0.11019,0.10669,0.099342,0.091267,0.078282,0.063763,0.054109,0.04769,0.042594,0.038922,0.035203,0.0322,0.029718,0.027534,0.02617,0.024862,0.023997,0.023398,0.02316,0.023117,0.023321,0.022388,0.024235,0.024912,0.025629,0.026286,0.027283,0.028071,0.029009,0.029539,0.030923,0.031804,0.032725,0.033611,0.03443,0.035246,0.036074,0.036819,0.037605,0.038271,0.038919,0.039051,0.040012,0.040336,0.040679,0.041148,0.040844,0.040661,0.040597,0.03985,0.039025,0.038135,0.037361
0.11111,0.061299,0.047462,0.093122,0.087872,0.031681,0.16193,0.1356,0.031004,0.032016,0.049632,0.081981,0.089694,0.089416,0.085939,0.082102,0.0781,0.07564,0.073135,0.071078,0.068972,0.067705,0.066314,0.064988,0.063902,0.062598,0.061502,0.060443,0.059045,0.058499,0.057564,0.056681,0.055097,0.054706,0.053836,0.05301,0.052361,0.051346,0.050499,0.049669,0.048873,0.048021,0.047224,0.046462,0.046232,0.044813,0.044032,0.043202,0.042297,0.041501,0.040667,0.039766,0.03976,0.037801,0.036767,0.035675,0.034827,0.033369,0.032081,0.030767,0.02946,0.027147,0.024453,0.019348
0.1358,0.40239,0.055459,0.070612,0.44998,0.21066,0.17043,0.14968,0.062819,0.12352,0.14645,0.16892,0.18831,0.1886,0.18951,0.18963,0.18907,0.1892,0.189,0.18873,0.1887,0.18829,0.18809,0.18796,0.18782,0.1877,0.18775,0.18769,0.18799,0.18773,0.18775,0.18778,0.18931,0.18783,0.18798,0.18803,0.18824,0.18817,0.18832,0.18833,0.18848,0.18863,0.18881,0.189,0.18892,0.18932,0.18954,0.18976,0.19006,0.19034,0.19059,0.19095,0.19148,0.19158,0.19197,0.19237,0.19254,0.19321,0.19328,0.19363,0.19416,0.19301,0.19171,0.18853
0.037037,0.11247,0.14409,0.20822,0.37247,0.19558,0.15715,0.059178,0.131,0.11559,0.12501,0.12301,0.11949,0.10793,0.104,0.097018,0.10223,0.099718,0.09911,0.098603,0.096674,0.097664,0.097226,0.097022,0.096942,0.096578,0.096456,0.09657,0.096494,0.096074,0.095586,0.094576,0.093974,0.089722,0.08723,0.084429,0.083169,0.079341,0.077819,0.076185,0.074497,0.073387,0.072319,0.07114,0.072051,0.069468,0.068775,0.068042,0.067227,0.066681,0.06605,0.065383,0.065665,0.064351,0.063995,0.063545,0.063166,0.062898,0.062593,0.062245,0.062197,0.061931,0.061812,0.061741
0.037037,0.035319,0.065324,0.099686,0.019744,0.08066,0.12121,0.093715,0.13677,0.103,0.10052,0.096837,0.090948,0.082337,0.076853,0.071035,0.065728,0.060972,0.056911,0.053508,0.049967,0.047896,0.045643,0.043797,0.042487,0.040943,0.039909,0.03934,0.038758,0.038427,0.038342,0.038497,0.039081,0.03922,0.0399,0.040709,0.041908,0.042644,0.044273,0.045764,0.047166,0.049397,0.051811,0.053951,0.056914,0.059826,0.062955,0.065862,0.067948,0.070667,0.072694,0.074385,0.076572,0.077325,0.078584,0.079846,0.081203,0.082174,0.083192,0.084034,0.084841,0.085524,0.086014,0.08633
0.11111,0.11075,0.014927,0.08184,0.045593,0.10116,0.10174,0.16227,0.073761,0.17223,0.10326,0.098668,0.084169,0.079058,0.072559,0.067311,0.061687,0.058908,0.056258,0.054414,0.053661,0.052355,0.051368,0.050695,0.05033,0.049425,0.048822,0.048408,0.047913,0.047281,0.046837,0.046365,0.05198,0.045719,0.045408,0.045114,0.04473,0.044518,0.044503,0.04427,0.044087,0.043967,0.043902,0.043794,0.043496,0.043849,0.043933,0.043959,0.04409,0.044239,0.04434,0.044629,0.044841,0.044862,0.045026,0.045209,0.045924,0.045664,0.045809,0.045645,0.045019,0.045195,0.043921,0.041684
0.012346,0.035331,0.067142,0.19868,0.25379,0.16101,0.10644,0.031026,0.029607,0.16799,0.10219,0.10134,0.089698,0.078947,0.07074,0.065343,0.062396,0.061215,0.060282,0.058912,0.056654,0.055861,0.054605,0.053568,0.053037,0.052086,0.05146,0.050911,0.05049,0.05009,0.04973,0.049391,0.048905,0.048784,0.048488,0.048207,0.047977,0.047699,0.04745,0.04724,0.047237,0.046746,0.046505,0.046268,0.046074,0.045831,0.045568,0.045278,0.045053,0.044759,0.044434,0.044137,0.043853,0.043534,0.043179,0.04275,0.0419,0.041767,0.041109,0.040403,0.039724,0.03881,0.037955,0.037303
0.037037,0.18616,0.098104,0.08192,0.2749,0.075018,0.11773,0.063063,0.021701,0.033335,0.04753,0.075973,0.11141,0.12187,0.13295,0.14725,0.16048,0.16429,0.16614,0.16689,0.16777,0.16702,0.16651,0.16571,0.16614,0.16394,0.16271,0.16153,0.1603,0.15936,0.15813,0.15708,0.159,0.15475,0.15338,0.15216,0.15106,0.14972,0.14834,0.1473,0.14799,0.14486,0.14363,0.1425,0.14238,0.14004,0.13878,0.13766,0.13647,0.13522,0.13405,0.13293,0.13265,0.13063,0.12952,0.12849,0.12725,0.12655,0.12575,0.12513,0.12473,0.12397,0.12358,0.12292
0.11111,0.38948,0.10058,0.087758,0.39511,0.17106,0.1277,0.12138,0.18901,0.20113,0.26486,0.29364,0.2925,0.2937,0.29514,0.29639,0.29334,0.29258,0.29559,0.29875,0.30294,0.30358,0.305,0.30616,0.30644,0.30793,0.30885,0.30951,0.31089,0.31075,0.31137,0.31191,0.31385,0.31309,0.31385,0.31436,0.31535,0.31564,0.31625,0.31689,0.31764,0.3181,0.31876,0.31945,0.31753,0.32092,0.32173,0.32237,0.32342,0.3243,0.32501,0.32639,0.33162,0.32838,0.32965,0.33103,0.33111,0.33444,0.33651,0.33942,0.33897,0.34661,0.35102,0.3561
0.037037,0.31857,0.10149,0.069259,0.50259,0.32599,0.2448,0.22002,0.059669,0.12555,0.21032,0.22565,0.23248,0.23817,0.24006,0.24193,0.24513,0.24584,0.24749,0.24875,0.25058,0.251,0.25189,0.2527,0.25366,0.25405,0.25468,0.25521,0.25512,0.25596,0.25629,0.25654,0.25526,0.25694,0.25712,0.25716,0.2569,0.2572,0.25707,0.25686,0.25704,0.25641,0.25609,0.25563,0.25628,0.25472,0.25407,0.25336,0.2525,0.25172,0.2507,0.2497,0.24768,0.24741,0.24596,0.2446,0.24287,0.24164,0.24006,0.23874,0.23756,0.23623,0.23535,0.23478
0.11111,0.095371,0.13406,0.17474,0.13004,0.14023,0.11852,0.1636,0.086828,0.11513,0.15596,0.16431,0.17157,0.17766,0.17878,0.17791,0.1765,0.17575,0.17545,0.17543,0.17659,0.17616,0.17647,0.17673,0.17673,0.17697,0.17708,0.17714,0.17699,0.17716,0.17712,0.17707,0.1749,0.17682,0.17677,0.17662,0.17603,0.17633,0.17616,0.17599,0.17517,0.17564,0.17548,0.17535,0.17602,0.17475,0.1746,0.17422,0.17397,0.17368,0.17331,0.17302,0.17214,0.17218,0.17171,0.17121,0.17084,0.16996,0.16917,0.16829,0.16701,0.16545,0.16349,0.16149
0.012346,0.10579,0.046922,0.033803,0.12926,0.12457,0.19518,0.11681,0.10323,0.15901,0.17907,0.16413,0.17943,0.18414,0.18577,0.18605,0.18562,0.18446,0.1832,0.18153,0.17891,0.17803,0.17589,0.17357,0.17154,0.16825,0.16564,0.16272,0.15969,0.15741,0.15527,0.15336,0.14998,0.15088,0.15015,0.14946,0.149,0.1486,0.14839,0.1482,0.14866,0.14822,0.14831,0.14844,0.14912,0.14899,0.14925,0.14956,0.14993,0.15039,0.15082,0.15139,0.15199,0.15254,0.15318,0.15389,0.15413,0.1555,0.15633,0.15723,0.15828,0.159,0.15974,0.1603
0.012346,0.025623,0.069597,0.10005,0.2165,0.1505,0.16132,0.1688,0.12764,0.1234,0.094444,0.084807,0.073403,0.073732,0.079707,0.087802,0.095849,0.10208,0.10648,0.10991,0.11269,0.11534,0.11767,0.11993,0.12207,0.12419,0.12619,0.12825,0.13022,0.13205,0.13394,0.13584,0.13666,0.13947,0.14137,0.14319,0.14489,0.14677,0.14861,0.15032,0.1521,0.15392,0.15568,0.15741,0.15929,0.16089,0.16262,0.16433,0.16603,0.16773,0.16937,0.17099,0.17233,0.17413,0.17567,0.17714,0.17855,0.1799,0.18114,0.18226,0.18329,0.18406,0.18467,0.18506
0.11111,0.055797,0.04509,0.15272,0.11463,0.10646,0.17573,0.016324,0.19487,0.067061,0.041575,0.032242,0.067267,0.082299,0.091749,0.098548,0.10421,0.10933,0.1144,0.11943,0.12519,0.12829,0.1321,0.13526,0.13797,0.14022,0.14244,0.14412,0.14652,0.14758,0.14904,0.15041,0.1519,0.15295,0.15402,0.15508,0.15572,0.15703,0.1578,0.15872,0.15974,0.16009,0.16076,0.16149,0.16086,0.16219,0.16276,0.16312,0.16347,0.16366,0.16388,0.16394,0.1628,0.16402,0.1638,0.16361,0.16314,0.16301,0.16249,0.16218,0.1614,0.16117,0.1608,0.16057
0.11111,0.13135,0.1184,0.13778,0.26547,0.12591,0.23169,0.032656,0.17894,0.048856,0.0516,0.027084,0.047758,0.060774,0.068876,0.075515,0.080205,0.0867,0.091603,0.096135,0.10042,0.10422,0.10773,0.11099,0.11389,0.11658,0.11904,0.1214,0.12343,0.12533,0.12711,0.12874,0.12772,0.13174,0.13305,0.13428,0.13555,0.13656,0.13759,0.13856,0.13924,0.14034,0.14115,0.1419,0.14222,0.14339,0.14404,0.14467,0.14527,0.14582,0.14634,0.14685,0.14802,0.14771,0.1481,0.14842,0.14915,0.14885,0.14899,0.14901,0.14908,0.14879,0.14836,0.1477
0.1358,0.2328,0.13549,0.20449,0.25338,0.023176,0.15171,0.099922,0.11768,0.099471,0.077005,0.067542,0.06257,0.066941,0.070964,0.07525,0.078483,0.081931,0.084489,0.086703,0.089546,0.090541,0.09218,0.093732,0.095152,0.096171,0.097451,0.098477,0.099475,0.1004,0.1013,0.10215,0.10897,0.10348,0.10415,0.10476,0.10527,0.10579,0.10626,0.10681,0.10714,0.10717,0.10747,0.10777,0.10761,0.10822,0.10842,0.10856,0.10875,0.10885,0.10901,0.10925,0.10971,0.10946,0.10978,0.11005,0.10948,0.11111,0.11206,0.11299,0.11343,0.11519,0.1159,0.11495
0.061728,0.1903,0.10444,0.028639,0.18543,0.10238,0.1516,0.11897,0.098469,0.15058,0.1956,0.23253,0.25638,0.26974,0.27553,0.27827,0.2798,0.28064,0.28108,0.28122,0.28171,0.28134,0.28119,0.28108,0.28072,0.28064,0.28041,0.28027,0.2806,0.28001,0.2799,0.27989,0.28004,0.27981,0.27982,0.27988,0.27999,0.27999,0.28027,0.28047,0.28079,0.28092,0.28128,0.2817,0.28105,0.28255,0.28313,0.28377,0.28444,0.28519,0.28604,0.28704,0.2891,0.28886,0.29027,0.29171,0.29244,0.29525,0.29754,0.30011,0.30183,0.30669,0.31127,0.31658
0.08642,0.22316,0.14599,0.10987,0.22063,0.13054,0.08719,0.019614,0.11263,0.1407,0.19061,0.21723,0.20528,0.214,0.22089,0.22478,0.22611,0.22702,0.22669,0.22597,0.22479,0.22278,0.22038,0.21748,0.21539,0.21174,0.20899,0.20672,0.20511,0.20353,0.20237,0.20139,0.19956,0.19977,0.19914,0.19855,0.19793,0.19753,0.19703,0.19654,0.19627,0.19585,0.19548,0.19508,0.19469,0.19449,0.19408,0.1937,0.19329,0.19297,0.19255,0.19207,0.19179,0.19128,0.1907,0.19016,0.18936,0.18896,0.18821,0.18753,0.18681,0.18614,0.18564,0.18531
0.08642,0.19717,0.065052,0.11438,0.35221,0.13665,0.090963,0.087966,0.20049,0.070837,0.083845,0.05553,0.048184,0.048783,0.04727,0.045663,0.043541,0.042725,0.041434,0.040204,0.039628,0.037825,0.036816,0.035827,0.035165,0.033907,0.033015,0.032226,0.031315,0.030572,0.029813,0.029102,0.026692,0.027529,0.026889,0.026229,0.025464,0.024998,0.024404,0.023859,0.023425,0.022725,0.022235,0.021734,0.021197,0.020809,0.020409,0.019996,0.019579,0.019222,0.018846,0.018461,0.018232,0.017772,0.017402,0.016996,0.016429,0.01609,0.015522,0.014902,0.014305,0.013587,0.012966,0.012517
0.061728,0.063268,0.17302,0.10335,0.27047,0.1317,0.10633,0.037946,0.2113,0.028278,0.12637,0.1066,0.093783,0.077884,0.07273,0.071849,0.07221,0.074565,0.076869,0.079242,0.081895,0.086692,0.091279,0.09471,0.097162,0.09791,0.098663,0.099124,0.099503,0.099627,0.099756,0.099873,0.10246,0.099923,0.10001,0.10009,0.10014,0.10023,0.10043,0.10055,0.10095,0.10093,0.10116,0.10146,0.10175,0.102,0.10238,0.10275,0.1032,0.1036,0.10409,0.1046,0.10508,0.10567,0.10629,0.10691,0.10751,0.10818,0.10881,0.10943,0.10999,0.11044,0.1108,0.11103
0.037037,0.29708,0.39616,0.26397,0.39926,0.069146,0.18245,0.12409,0.20082,0.009301,0.03395,0.056044,0.066016,0.077241,0.084775,0.090936,0.09626,0.10128,0.10557,0.10936,0.11313,0.11523,0.1173,0.11892,0.12029,0.12142,0.12224,0.123,0.12358,0.12422,0.12471,0.12516,0.12619,0.126,0.12629,0.12661,0.12703,0.1272,0.12748,0.12771,0.12795,0.12826,0.12849,0.12869,0.12905,0.12924,0.12945,0.12972,0.13,0.13026,0.13056,0.13087,0.13184,0.13165,0.13205,0.13247,0.13295,0.13336,0.13386,0.13429,0.13485,0.13519,0.13552,0.13573
0.08642,0.19496,0.27197,0.33733,0.36621,0.10043,0.12034,0.11802,0.19423,0.19076,0.22389,0.20538,0.20393,0.19083,0.18091,0.17347,0.16768,0.16074,0.15536,0.15053,0.14652,0.14194,0.1384,0.13502,0.13151,0.12914,0.12653,0.12397,0.12177,0.11958,0.11752,0.1156,0.11111,0.11213,0.11054,0.109,0.10739,0.10625,0.10477,0.10349,0.10232,0.10112,0.099975,0.098961,0.097867,0.096817,0.095758,0.094776,0.093861,0.092964,0.092058,0.091214,0.089742,0.089727,0.088981,0.088347,0.087577,0.087345,0.0869,0.086721,0.086478,0.086413,0.086397,0.086404
0.25926,0.096393,0.2436,0.14533,0.12663,0.21105,0.22119,0.0619,0.066734,0.2167,0.22499,0.22983,0.24573,0.24525,0.24359,0.22626,0.22688,0.22656,0.22606,0.22542,0.22473,0.22429,0.22348,0.22241,0.22074,0.21811,0.21526,0.21298,0.21116,0.21019,0.21006,0.21023,0.21002,0.21125,0.21201,0.21276,0.21337,0.21442,0.2153,0.21614,0.21756,0.21799,0.21898,0.21987,0.22103,0.22192,0.22292,0.22387,0.22475,0.22577,0.22669,0.22759,0.22788,0.22929,0.23014,0.23089,0.2315,0.23229,0.23289,0.23333,0.23376,0.23412,0.23436,0.23451
0.1358,0.091662,0.12807,0.242,0.54501,0.21325,0.15543,0.091934,0.16403,0.0061244,0.066741,0.055751,0.055663,0.054221,0.053585,0.052327,0.050801,0.049618,0.048458,0.047515,0.044442,0.045677,0.044837,0.044188,0.043803,0.042805,0.042171,0.041702,0.041172,0.040591,0.040065,0.039653,0.040414,0.038553,0.038176,0.037723,0.037758,0.036734,0.036475,0.036038,0.035589,0.034983,0.034575,0.034078,0.033931,0.033239,0.032734,0.032338,0.031783,0.0313,0.030692,0.030065,0.030453,0.02869,0.027986,0.027032,0.025897,0.024775,0.023406,0.021572,0.019926,0.017316,0.014969,0.012931
0.16049,0.19149,0.17997,0.04845,0.22822,0.13191,0.056207,0.042178,0.059856,0.095218,0.065441,0.087606,0.089489,0.084792,0.078577,0.071959,0.065095,0.059487,0.054337,0.050515,0.047991,0.047013,0.04671,0.046802,0.046961,0.04747,0.047597,0.047714,0.047455,0.047395,0.047068,0.046696,0.0457,0.045902,0.045388,0.044852,0.04428,0.043699,0.043216,0.042722,0.042688,0.041906,0.041484,0.041084,0.040346,0.040593,0.040276,0.040147,0.040046,0.040102,0.040156,0.040479,0.040474,0.041284,0.042022,0.043057,0.043643,0.045647,0.047541,0.049664,0.052076,0.055341,0.058431,0.060865
0.11111,0.30257,0.16431,0.094399,0.20588,0.11851,0.13386,0.15688,0.088386,0.16826,0.1017,0.096552,0.12255,0.13642,0.14543,0.15318,0.1577,0.16448,0.16786,0.17046,0.1723,0.17356,0.17475,0.17575,0.17675,0.17703,0.17766,0.17813,0.17884,0.17908,0.17946,0.17982,0.1805,0.18045,0.18077,0.18106,0.18128,0.18157,0.18184,0.18208,0.18235,0.18244,0.18267,0.1829,0.18288,0.18324,0.18345,0.18363,0.18381,0.18396,0.18411,0.18424,0.18428,0.1845,0.18461,0.18471,0.1848,0.18492,0.18499,0.18504,0.18508,0.18513,0.18516,0.18518
0.08642,0.35555,0.101,0.12909,0.27339,0.11663,0.17499,0.041214,0.088857,0.12404,0.11716,0.16189,0.1798,0.18368,0.18912,0.1913,0.19107,0.18781,0.18357,0.17879,0.17584,0.17062,0.16734,0.16447,0.16172,0.15984,0.15799,0.15626,0.15516,0.15342,0.15223,0.15108,0.15029,0.14937,0.14862,0.14793,0.14675,0.14679,0.14615,0.14571,0.14469,0.14477,0.14437,0.14406,0.14349,0.14321,0.14288,0.14251,0.14221,0.14188,0.14151,0.14112,0.13973,0.14027,0.13975,0.13924,0.13901,0.13823,0.13778,0.13728,0.13679,0.13635,0.13605,0.13585
0.1358,0.44097,0.09469,0.11919,0.47971,0.25896,0.22216,0.18386,0.08332,0.15262,0.24937,0.26901,0.28284,0.28988,0.29561,0.29987,0.30459,0.30674,0.30975,0.31247,0.31611,0.31768,0.32001,0.32217,0.32413,0.32573,0.32709,0.32833,0.32917,0.33003,0.33061,0.33115,0.33073,0.33167,0.33191,0.33201,0.33203,0.3321,0.3321,0.33201,0.33201,0.33177,0.33165,0.3315,0.33133,0.33112,0.33094,0.33077,0.33062,0.33047,0.33027,0.33016,0.33009,0.3301,0.33009,0.33015,0.33027,0.33064,0.33085,0.33139,0.33175,0.33238,0.33286,0.3332
0.012346,0.093217,0.13185,0.18436,0.23082,0.13303,0.20109,0.15188,0.078185,0.16742,0.18954,0.17845,0.17061,0.16781,0.16673,0.16905,0.17924,0.18912,0.1927,0.19612,0.19952,0.20224,0.20461,0.20658,0.20779,0.20951,0.21058,0.21157,0.21226,0.21298,0.2136,0.21408,0.21348,0.21507,0.21549,0.21587,0.21611,0.21659,0.21691,0.21718,0.21718,0.21774,0.21798,0.21817,0.2187,0.21876,0.21893,0.2191,0.21925,0.21945,0.21959,0.2196,0.21929,0.21997,0.21992,0.21986,0.22028,0.21949,0.21921,0.21859,0.2185,0.21678,0.21488,0.21168
0.1358,0.13285,0.19525,0.10159,0.28356,0.23344,0.13279,0.06628,0.012341,0.19825,0.25802,0.27236,0.25617,0.26293,0.25971,0.25932,0.25986,0.26003,0.26044,0.26069,0.26074,0.26058,0.25974,0.25777,0.25555,0.24946,0.24536,0.24286,0.24146,0.24048,0.2399,0.23889,0.21493,0.2161,0.21505,0.21488,0.21486,0.21477,0.21464,0.21452,0.21472,0.21441,0.21429,0.21418,0.21447,0.21387,0.21365,0.21343,0.21318,0.21294,0.21269,0.21245,0.21208,0.21191,0.21161,0.21135,0.21099,0.21083,0.21057,0.2104,0.21023,0.21006,0.20996,0.2099
0.28395,0.55562,0.32278,0.34626,0.44935,0.31118,0.38558,0.28518,0.27693,0.27663,0.38158,0.40446,0.41958,0.42792,0.4324,0.4344,0.42815,0.42187,0.42185,0.42303,0.42502,0.42592,0.4272,0.42836,0.4294,0.43038,0.43124,0.43202,0.43272,0.43339,0.43397,0.43453,0.43548,0.43565,0.4362,0.43683,0.43735,0.4385,0.43971,0.44135,0.44134,0.4459,0.44857,0.45115,0.45253,0.45618,0.4572,0.45809,0.45842,0.45882,0.4589,0.45899,0.45755,0.4586,0.4585,0.45832,0.45807,0.45779,0.45761,0.45737,0.45711,0.45702,0.4569,0.45681
0.1358,0.43312,0.31705,0.45046,0.39946,0.045255,0.089857,0.17604,0.27244,0.099625,0.1194,0.1216,0.14081,0.15166,0.15672,0.15992,0.16344,0.16431,0.16557,0.16608,0.16558,0.1644,0.16203,0.15933,0.15703,0.15507,0.15355,0.15231,0.15114,0.15042,0.14968,0.14902,0.14702,0.14788,0.14736,0.14687,0.14645,0.14601,0.14554,0.14513,0.14477,0.14435,0.14395,0.14355,0.14334,0.14283,0.14244,0.14205,0.14167,0.14129,0.14089,0.14049,0.1402,0.13968,0.13923,0.13878,0.13827,0.13788,0.13742,0.137,0.13665,0.13628,0.13602,0.13586
0.061728,0.29115,0.11845,0.077134,0.55643,0.21097,0.20265,0.20797,0.19325,0.13431,0.1936,0.21752,0.24584,0.26524,0.28295,0.2964,0.30692,0.31566,0.32362,0.33167,0.3411,0.34896,0.35679,0.36295,0.36756,0.37104,0.374,0.37661,0.37831,0.38032,0.38183,0.38322,0.38374,0.38544,0.38635,0.38716,0.38786,0.38847,0.38912,0.38959,0.39006,0.39038,0.39078,0.39099,0.39127,0.39163,0.39185,0.39199,0.39207,0.39224,0.39228,0.39234,0.39271,0.39247,0.39238,0.39234,0.39212,0.39213,0.3918,0.39109,0.39014,0.38939,0.38749,0.38475
0.037037,0.22665,0.096307,0.09813,0.27637,0.14616,0.15121,0.13366,0.098623,0.055141,0.070371,0.085148,0.082105,0.075986,0.071079,0.066923,0.065814,0.060085,0.057061,0.054052,0.051064,0.047805,0.044767,0.041462,0.039071,0.040562,0.044916,0.047918,0.048311,0.049198,0.049094,0.048869,0.046605,0.048043,0.047707,0.047308,0.046855,0.046573,0.046254,0.045935,0.045422,0.045366,0.045129,0.044888,0.044936,0.044581,0.044397,0.044283,0.044109,0.044005,0.043845,0.043739,0.043164,0.043425,0.043222,0.042983,0.042757,0.042225,0.041707,0.041017,0.040295,0.039256,0.038221,0.037371
0.30864,0.49308,0.34042,0.28003,0.42747,0.20873,0.32367,0.22927,0.19986,0.33237,0.40096,0.4257,0.44152,0.44739,0.45282,0.45768,0.4628,0.46608,0.4696,0.47272,0.47657,0.47791,0.47997,0.48176,0.48328,0.48463,0.48579,0.48684,0.48794,0.48846,0.4891,0.48965,0.48902,0.49039,0.49067,0.4909,0.49094,0.49114,0.49115,0.49121,0.49107,0.49094,0.49079,0.49057,0.48987,0.49002,0.48968,0.48927,0.48883,0.48839,0.48789,0.48739,0.48668,0.48622,0.48562,0.48501,0.4844,0.48388,0.48329,0.48279,0.48229,0.48198,0.4817,0.48154
0.061728,0.091263,0.23699,0.34479,0.36935,0.14989,0.090291,0.089862,0.071683,0.14638,0.1424,0.13417,0.12186,0.11266,0.10148,0.090748,0.081834,0.074665,0.069129,0.064673,0.061708,0.057883,0.055308,0.053069,0.050765,0.049494,0.048066,0.046841,0.045563,0.044745,0.043882,0.043127,0.041852,0.041844,0.041353,0.04091,0.0404,0.04016,0.039827,0.039549,0.039017,0.039082,0.03889,0.038715,0.038754,0.038394,0.03826,0.038155,0.038039,0.037972,0.03789,0.037819,0.037414,0.03764,0.037566,0.037496,0.037573,0.037362,0.037294,0.037233,0.037187,0.037114,0.037072,0.037048
0.16049,0.21682,0.23912,0.13481,0.45804,0.27324,0.17867,0.16234,0.13815,0.24915,0.29578,0.30358,0.30226,0.30193,0.30158,0.30132,0.30105,0.30062,0.30023,0.29973,0.29937,0.29907,0.29896,0.29902,0.29876,0.29943,0.29985,0.30041,0.30082,0.30126,0.30175,0.3023,0.30094,0.30322,0.30378,0.30424,0.3045,0.30518,0.30557,0.30595,0.30625,0.30676,0.30708,0.30736,0.30753,0.30797,0.30813,0.30838,0.30853,0.30872,0.30881,0.30901,0.30859,0.30903,0.30906,0.30906,0.30903,0.30892,0.30889,0.30882,0.30873,0.30872,0.30868,0.30865
0.11111,0.5012,0.3785,0.35144,0.4804,0.21367,0.24699,0.293,0.21324,0.14013,0.15372,0.19506,0.20563,0.22119,0.23508,0.24336,0.24781,0.24991,0.25102,0.25124,0.25293,0.25101,0.25049,0.24972,0.24882,0.24821,0.2472,0.2461,0.24522,0.24419,0.24317,0.24221,0.24312,0.24005,0.23909,0.23807,0.23686,0.23606,0.23495,0.23384,0.23275,0.23188,0.23075,0.22974,0.22854,0.2275,0.22629,0.22518,0.22406,0.22287,0.22167,0.22054,0.21902,0.21816,0.21697,0.21587,0.21484,0.21371,0.2128,0.21202,0.21124,0.21067,0.21024,0.20997
0.1358,0.55705,0.24643,0.29822,0.44673,0.16611,0.25199,0.27886,0.23906,0.087668,0.11482,0.15418,0.20117,0.2169,0.22191,0.22468,0.23782,0.23793,0.24151,0.24796,0.25109,0.24997,0.24892,0.24774,0.2472,0.24578,0.245,0.24441,0.24398,0.24355,0.24328,0.24298,0.24483,0.2426,0.24263,0.24246,0.2425,0.24226,0.24211,0.24185,0.24271,0.24153,0.24132,0.24104,0.24071,0.24054,0.24031,0.23989,0.23963,0.23932,0.23886,0.23843,0.23835,0.23777,0.23732,0.2369,0.23618,0.23609,0.23577,0.23538,0.23509,0.23487,0.23469,0.23459
0.037037,0.043234,0.28452,0.1387,0.1255,0.13711,0.17302,0.17946,0.03027,0.046924,0.055796,0.054373,0.055316,0.05527,0.054725,0.053866,0.05532,0.051529,0.050207,0.048875,0.047568,0.045748,0.04443,0.043083,0.040998,0.040349,0.03909,0.037909,0.036688,0.035546,0.034439,0.033385,0.030526,0.031233,0.030278,0.029291,0.028222,0.027451,0.026514,0.025739,0.024223,0.023839,0.02303,0.022188,0.021518,0.020669,0.019937,0.019213,0.018474,0.01784,0.01717,0.016549,0.015858,0.015443,0.014937,0.014439,0.014154,0.013683,0.013328,0.013008,0.012788,0.012592,0.012455,0.012371
0.061728,0.38723,0.32222,0.31096,0.44859,0.13772,0.271,0.10247,0.24351,0.060076,0.044546,0.066966,0.078427,0.085403,0.087592,0.086347,0.083714,0.07937,0.075615,0.071943,0.071976,0.06614,0.063456,0.060934,0.058992,0.056566,0.054711,0.052855,0.050723,0.049433,0.047932,0.046599,0.042142,0.043867,0.042622,0.041525,0.039895,0.039531,0.038622,0.037702,0.037224,0.036345,0.035663,0.035025,0.034503,0.034074,0.033658,0.03331,0.032938,0.032761,0.032647,0.032599,0.032147,0.032669,0.032861,0.033147,0.033476,0.033884,0.034416,0.034993,0.035506,0.03614,0.03661,0.036923
0.08642,0.34803,0.33272,0.26211,0.44007,0.14921,0.24953,0.012421,0.19717,0.11739,0.041107,0.053254,0.063245,0.066681,0.069817,0.071098,0.073028,0.074016,0.07563,0.076987,0.080156,0.079019,0.079383,0.079189,0.078526,0.078159,0.077483,0.076498,0.075903,0.074792,0.073905,0.073012,0.071506,0.071541,0.070629,0.069803,0.068623,0.068394,0.067501,0.066803,0.066105,0.065633,0.064988,0.064442,0.063507,0.063407,0.062888,0.062434,0.06207,0.061686,0.061387,0.06119,0.060133,0.060788,0.060599,0.060577,0.060698,0.060586,0.060682,0.06092,0.061067,0.061342,0.061537,0.061681
0.18519,0.091254,0.12937,0.082446,0.24248,0.13421,0.16878,0.077621,0.18891,0.20378,0.24585,0.24261,0.2306,0.22056,0.21366,0.20906,0.20659,0.20228,0.19914,0.19566,0.19169,0.18814,0.18427,0.18053,0.1766,0.17393,0.17135,0.16897,0.16642,0.16499,0.16324,0.16158,0.16371,0.15871,0.15722,0.15583,0.15442,0.15309,0.15189,0.15061,0.14925,0.1479,0.14669,0.1454,0.14476,0.143,0.14185,0.14061,0.13949,0.13833,0.13719,0.13613,0.13455,0.13422,0.13328,0.13244,0.13186,0.13143,0.13096,0.13091,0.13166,0.13223,0.13355,0.1352
0.20988,0.3796,0.30792,0.1354,0.39905,0.21841,0.24273,0.2735,0.062312,0.20377,0.32496,0.35291,0.3693,0.38134,0.39034,0.39707,0.40232,0.40622,0.40944,0.41202,0.41436,0.41606,0.4176,0.41894,0.4202,0.42117,0.42205,0.42288,0.42355,0.42426,0.42485,0.42538,0.42519,0.42631,0.42671,0.42707,0.42729,0.42772,0.428,0.4282,0.42856,0.42865,0.42883,0.42895,0.42941,0.42922,0.42929,0.42933,0.42931,0.42931,0.42926,0.42916,0.42847,0.429,0.42872,0.42843,0.4278,0.42758,0.42684,0.42587,0.42578,0.4234,0.42148,0.41885
0.38272,0.47331,0.26144,0.23291,0.52441,0.26108,0.33895,0.34071,0.059584,0.33874,0.42843,0.44217,0.44495,0.44156,0.44712,0.45057,0.45109,0.45416,0.45511,0.45571,0.45613,0.45648,0.4567,0.45684,0.45695,0.45704,0.45707,0.4571,0.4571,0.45711,0.45711,0.45711,0.45684,0.45707,0.45706,0.45704,0.45704,0.45702,0.45698,0.45696,0.45698,0.45696,0.45694,0.45692,0.45692,0.4569,0.45689,0.45688,0.45686,0.45686,0.45685,0.45684,0.45684,0.45683,0.45682,0.45682,0.45681,0.4568,0.4568,0.4568,0.4568,0.45679,0.45679,0.45679
0.061728,0.41852,0.34487,0.2977,0.5502,0.1365,0.2965,0.10815,0.23162,0.049254,0.015345,0.032033,0.048638,0.072474,0.075095,0.077537,0.08099,0.085518,0.089588,0.092779,0.096427,0.096936,0.098367,0.099634,0.10122,0.10239,0.10425,0.10696,0.11051,0.11349,0.11698,0.11977,0.12021,0.12352,0.12452,0.12528,0.12546,0.1261,0.12647,0.12666,0.1269,0.12692,0.12692,0.1268,0.12632,0.12661,0.12634,0.12603,0.1256,0.12521,0.1247,0.12417,0.12281,0.12251,0.12171,0.12074,0.11948,0.11837,0.1171,0.11564,0.11417,0.11309,0.11205,0.11136
0.30864,0.59693,0.44921,0.46126,0.63735,0.26397,0.33383,0.30199,0.51282,0.22878,0.33754,0.37944,0.41315,0.43632,0.44731,0.45319,0.45574,0.45744,0.45779,0.45746,0.45782,0.45792,0.45838,0.459,0.46011,0.46049,0.46124,0.46201,0.46287,0.46338,0.46405,0.46467,0.4646,0.46585,0.46648,0.46701,0.46759,0.46811,0.46864,0.46919,0.47006,0.47021,0.47075,0.47128,0.47157,0.47236,0.47292,0.47349,0.47407,0.47467,0.47524,0.47589,0.47647,0.4771,0.47771,0.47829,0.47875,0.47945,0.47992,0.48036,0.48072,0.48106,0.48129,0.48143
0.28395,0.64882,0.51547,0.51226,0.62251,0.20292,0.41942,0.3808,0.47304,0.28393,0.3646,0.41233,0.43077,0.43345,0.43735,0.44009,0.44392,0.44669,0.45768,0.46745,0.47323,0.47347,0.47488,0.47604,0.47729,0.47798,0.47869,0.4793,0.48018,0.4802,0.4805,0.48074,0.48188,0.48103,0.48111,0.48108,0.48105,0.48089,0.48077,0.48057,0.48092,0.48019,0.47993,0.47966,0.4785,0.4791,0.47878,0.47849,0.47823,0.47795,0.47768,0.47748,0.478,0.47716,0.47714,0.47718,0.47666,0.47766,0.47802,0.47858,0.47918,0.47997,0.48069,0.48129
0.4321,0.41972,0.25114,0.19198,0.4778,0.33864,0.42108,0.34633,0.047458,0.37043,0.45879,0.47015,0.48058,0.48861,0.49367,0.49695,0.49695,0.50055,0.50179,0.5027,0.50429,0.5043,0.50509,0.50575,0.50658,0.50688,0.50744,0.50787,0.50799,0.50853,0.50886,0.50908,0.51172,0.50947,0.5097,0.50981,0.50993,0.51003,0.5101,0.51009,0.51041,0.51016,0.51015,0.51011,0.5102,0.51003,0.50997,0.50978,0.50971,0.50953,0.50931,0.50908,0.50943,0.50869,0.50844,0.50816,0.50772,0.50762,0.50731,0.50702,0.50679,0.5065,0.50632,0.50621
0.25926,0.49076,0.3615,0.25446,0.48968,0.2899,0.41311,0.41164,0.19011,0.31324,0.48309,0.51344,0.54545,0.55531,0.56176,0.56649,0.57069,0.57296,0.57525,0.57707,0.57853,0.58,0.58109,0.58211,0.58311,0.5839,0.58463,0.58546,0.58593,0.5867,0.58731,0.58794,0.58798,0.58905,0.58967,0.59022,0.59063,0.59132,0.59191,0.5924,0.59323,0.59354,0.59411,0.59461,0.59575,0.59582,0.59637,0.59694,0.59749,0.59811,0.59871,0.59925,0.59926,0.60056,0.60108,0.60165,0.60206,0.60287,0.6033,0.60379,0.60425,0.60449,0.60472,0.60489
0.25926,0.31924,0.27428,0.19352,0.40292,0.13944,0.23002,0.1389,0.19313,0.26308,0.34299,0.36417,0.38283,0.39256,0.39994,0.40505,0.4027,0.41194,0.41427,0.41604,0.41792,0.41874,0.41974,0.42057,0.4214,0.42187,0.42237,0.42278,0.42318,0.42347,0.42374,0.42402,0.42421,0.42427,0.42449,0.42463,0.42482,0.42489,0.42501,0.42513,0.42544,0.42537,0.42549,0.42562,0.42565,0.4259,0.42605,0.42623,0.42638,0.42664,0.42685,0.42715,0.42767,0.4277,0.42809,0.4285,0.42878,0.42942,0.42993,0.43039,0.43088,0.43139,0.43177,0.43201
0.18519,0.40885,0.15393,0.19466,0.32011,0.15707,0.14095,0.18677,0.15067,0.082758,0.13111,0.17509,0.18765,0.19821,0.20485,0.20977,0.20739,0.21513,0.21671,0.21803,0.21937,0.22076,0.22216,0.22351,0.22507,0.22601,0.22733,0.22854,0.22959,0.23065,0.23165,0.23253,0.23298,0.23428,0.23517,0.23594,0.2369,0.23748,0.23814,0.23873,0.23994,0.23994,0.2406,0.24117,0.24108,0.24214,0.24285,0.24331,0.24396,0.24452,0.24497,0.24565,0.24728,0.24673,0.24725,0.24784,0.24714,0.24999,0.25004,0.25126,0.2507,0.25414,0.25614,0.25846
NaN,0.30627,0.20825,0.18566,0.27469,0.097299,0.047379,0.086746,0.21061,0.12309,0.10766,0.12919,0.1318,0.13146,0.13195,0.13453,0.13898,0.14576,0.15323,0.16075,0.16826,0.1738,0.1791,0.18386,0.1882,0.19196,0.19562,0.19903,0.20195,0.20483,0.20751,0.20994,0.21236,0.21464,0.21679,0.21881,0.22063,0.22265,0.22444,0.22621,0.22788,0.22954,0.23115,0.23268,0.23396,0.23583,0.23727,0.23869,0.24023,0.24168,0.2431,0.24464,0.24609,0.24751,0.24895,0.25044,0.25177,0.25318,0.25452,0.25583,0.25698,0.25791,0.25865,0.25911
0.061728,0.39824,0.29889,0.30843,0.66191,0.16071,0.19916,0.15314,0.30571,0.14183,0.091539,0.10117,0.10809,0.11348,0.11566,0.11599,0.11511,0.11434,0.11311,0.11183,0.11266,0.10973,0.10874,0.10778,0.10677,0.10612,0.10543,0.10473,0.10366,0.1036,0.10311,0.10271,0.10275,0.10194,0.10166,0.10141,0.10108,0.101,0.10089,0.10083,0.10083,0.10075,0.10077,0.10083,0.10103,0.10117,0.10141,0.10169,0.10207,0.10245,0.10289,0.10346,0.10421,0.10448,0.10525,0.10593,0.10665,0.10747,0.10821,0.10887,0.10971,0.11026,0.11072,0.111
NaN,0.54311,0.48402,0.47764,0.68672,0.21631,0.28759,0.18109,0.36689,0.15241,0.17557,0.1941,0.20684,0.21442,0.22325,0.23028,0.23578,0.24067,0.24465,0.24789,0.25146,0.25313,0.25485,0.25639,0.25774,0.25856,0.25927,0.25996,0.26031,0.26067,0.26091,0.2611,0.26253,0.26116,0.26122,0.26122,0.26109,0.26112,0.26112,0.26102,0.26093,0.26084,0.26074,0.26062,0.26046,0.26041,0.26031,0.26021,0.26011,0.26002,0.25992,0.25984,0.25967,0.25968,0.25962,0.25955,0.25949,0.25944,0.25939,0.25934,0.25931,0.25929,0.25927,0.25926
NaN,0.52551,0.2877,0.23229,0.46937,0.23858,0.3333,0.36588,0.26546,0.26816,0.35059,0.40968,0.42923,0.43811,0.44429,0.44856,0.45138,0.45378,0.45529,0.45624,0.45751,0.45739,0.45747,0.45748,0.45718,0.45724,0.45699,0.45668,0.45643,0.45595,0.45555,0.45517,0.45586,0.45437,0.45397,0.45357,0.45304,0.45274,0.45241,0.45204,0.45148,0.45137,0.45104,0.45074,0.45048,0.45022,0.45,0.44984,0.44971,0.44959,0.44954,0.44952,0.44907,0.44954,0.4497,0.44991,0.45057,0.45066,0.45127,0.45203,0.45329,0.45409,0.45533,0.45638
0.33333,0.64827,0.46456,0.3489,0.56221,0.29112,0.46243,0.46826,0.40789,0.26963,0.403,0.44079,0.45504,0.48463,0.49426,0.5032,0.51099,0.51593,0.5196,0.52199,0.52471,0.52488,0.52573,0.52639,0.52714,0.5273,0.52758,0.5279,0.528,0.52818,0.5283,0.52843,0.52757,0.52855,0.52861,0.52866,0.52852,0.52877,0.5288,0.52886,0.52934,0.52897,0.52904,0.52907,0.52921,0.52921,0.52931,0.5294,0.52946,0.52958,0.5297,0.5298,0.52938,0.53002,0.53011,0.53022,0.53017,0.53046,0.53054,0.53065,0.53067,0.53078,0.53082,0.53085
0.23457,0.60101,0.20648,0.27624,0.543,0.27164,0.29671,0.28983,0.16326,0.26539,0.37651,0.44317,0.45863,0.46571,0.47194,0.4808,0.49119,0.49313,0.49443,0.49479,0.49453,0.49466,0.49424,0.49378,0.49327,0.49284,0.49226,0.49181,0.49122,0.4907,0.49017,0.48964,0.48837,0.48866,0.48818,0.48773,0.4873,0.48685,0.48638,0.48602,0.48558,0.48532,0.48498,0.48467,0.48433,0.48406,0.48376,0.48351,0.48326,0.48305,0.48284,0.48265,0.48244,0.48233,0.48216,0.48203,0.48193,0.48182,0.48173,0.48166,0.48158,0.48154,0.48151,0.48149
0.1358,0.34322,0.14527,0.19197,0.42189,0.071507,0.146,0.14012,0.21377,0.013477,0.075469,0.11505,0.13232,0.13611,0.13997,0.14561,0.15036,0.15319,0.15578,0.15771,0.15975,0.16064,0.16172,0.16263,0.16365,0.16416,0.1647,0.16527,0.16605,0.16606,0.16639,0.1667,0.16686,0.16716,0.16733,0.16746,0.16753,0.16758,0.1676,0.16761,0.16775,0.16752,0.16741,0.16725,0.16622,0.16705,0.16678,0.16653,0.16635,0.166,0.16566,0.16525,0.16514,0.16442,0.16395,0.16346,0.16256,0.16244,0.16191,0.16143,0.16043,0.16081,0.16063,0.1605
0.012346,0.099484,0.18474,0.042101,0.63385,0.3498,0.25163,0.055688,0.20245,0.091896,0.13653,0.14247,0.17207,0.17222,0.17513,0.17877,0.18176,0.18592,0.18917,0.19217,0.19491,0.1975,0.19983,0.20201,0.20374,0.20585,0.20747,0.20901,0.21041,0.21178,0.21296,0.21406,0.21548,0.21597,0.21676,0.2175,0.21814,0.21875,0.21928,0.21973,0.21996,0.22047,0.22072,0.22096,0.22127,0.22115,0.22117,0.22117,0.22113,0.22095,0.2208,0.22057,0.22011,0.21987,0.21943,0.2189,0.21868,0.21745,0.21668,0.21578,0.21461,0.21307,0.21161,0.21039
0.037037,0.33477,0.29019,0.28955,0.64631,0.31307,0.28597,0.14484,0.31262,0.1601,0.13489,0.1337,0.13806,0.14631,0.14988,0.15072,0.15062,0.14944,0.14795,0.14616,0.14571,0.14272,0.14086,0.13913,0.1373,0.13591,0.13434,0.13292,0.13128,0.1302,0.1289,0.12774,0.12466,0.1255,0.12441,0.1234,0.1224,0.12153,0.12075,0.11989,0.11907,0.11848,0.11781,0.11715,0.11662,0.116,0.11545,0.11497,0.11445,0.11403,0.11365,0.11331,0.11291,0.11261,0.11236,0.11212,0.11193,0.11171,0.11154,0.1114,0.11129,0.11122,0.11116,0.11112
0.20988,0.42109,0.41959,0.38854,0.59314,0.18208,0.30199,0.1605,0.2018,0.14531,0.17281,0.18001,0.18451,0.18613,0.17207,0.16669,0.16492,0.16483,0.16421,0.16353,0.16649,0.1632,0.16268,0.16242,0.16257,0.1621,0.16191,0.16188,0.16211,0.16165,0.16157,0.16152,0.16253,0.16156,0.16155,0.16155,0.16123,0.16148,0.16173,0.16167,0.16194,0.16177,0.1618,0.16176,0.1612,0.16177,0.1618,0.16176,0.16177,0.16171,0.16166,0.16161,0.16126,0.16139,0.16134,0.16122,0.16106,0.16101,0.16089,0.16075,0.16062,0.1606,0.16054,0.16051
0.38272,0.65204,0.34452,0.26918,0.60968,0.47458,0.50673,0.48124,0.38847,0.47943,0.66709,0.70164,0.7234,0.73619,0.74729,0.75463,0.75954,0.76392,0.76724,0.77005,0.77238,0.77485,0.77675,0.77857,0.78038,0.78175,0.7831,0.78446,0.78559,0.78675,0.78779,0.78878,0.79009,0.79057,0.7914,0.79219,0.79296,0.79361,0.79434,0.79497,0.79565,0.79615,0.7967,0.79721,0.79775,0.79817,0.79861,0.79904,0.79943,0.7998,0.80014,0.80046,0.80079,0.80103,0.80128,0.80151,0.8017,0.80189,0.80204,0.80217,0.80228,0.80236,0.80242,0.80246
0.45679,0.65536,0.46069,0.37832,0.59142,0.33721,0.45508,0.39932,0.38305,0.47324,0.57548,0.61509,0.6291,0.63614,0.64112,0.64475,0.6467,0.64997,0.65198,0.65369,0.65517,0.65655,0.65775,0.65884,0.65997,0.66072,0.66155,0.66236,0.66303,0.66374,0.66438,0.66497,0.66554,0.66608,0.6666,0.6671,0.66759,0.66804,0.66852,0.66895,0.66948,0.66982,0.67025,0.67066,0.67116,0.67157,0.67199,0.67241,0.67286,0.67331,0.67376,0.67424,0.67473,0.67519,0.67568,0.67616,0.67658,0.6771,0.67754,0.67794,0.67832,0.6786,0.67883,0.67896
0.20988,0.63562,0.32734,0.25486,0.60795,0.35138,0.36131,0.31499,0.24912,0.29344,0.51039,0.57331,0.61164,0.62473,0.6331,0.63896,0.64424,0.6468,0.64949,0.65158,0.65391,0.65501,0.65622,0.65733,0.65843,0.65918,0.65993,0.66074,0.66151,0.66195,0.66251,0.66309,0.66246,0.66407,0.66457,0.66504,0.66544,0.66592,0.66638,0.66681,0.6675,0.66768,0.66812,0.66853,0.66887,0.66937,0.66987,0.67034,0.67079,0.67131,0.67182,0.67236,0.67277,0.67343,0.67399,0.6746,0.67497,0.67588,0.67651,0.67718,0.6778,0.67825,0.67865,0.67893
0.1358,0.3024,0.21614,0.18692,0.30207,0.18875,0.093289,0.15001,0.081891,0.14807,0.24053,0.27402,0.31575,0.33921,0.35231,0.3588,0.35986,0.3646,0.36569,0.36622,0.36714,0.36573,0.36517,0.36425,0.36327,0.3624,0.36134,0.35996,0.35932,0.35813,0.35708,0.35622,0.35625,0.35428,0.3535,0.35276,0.35163,0.35146,0.35066,0.34991,0.3497,0.3491,0.34852,0.34818,0.34732,0.34691,0.34644,0.34608,0.34564,0.34524,0.34485,0.34444,0.34328,0.34382,0.34343,0.34314,0.34263,0.34229,0.34187,0.34141,0.34051,0.33924,0.3374,0.33478
0.012346,0.18824,0.22363,0.26649,0.45507,0.20552,0.17155,0.21717,0.22453,0.16943,0.10623,0.10691,0.1166,0.12439,0.12725,0.12904,0.13001,0.13018,0.12939,0.12731,0.12542,0.12114,0.11786,0.11479,0.11299,0.11085,0.10938,0.10831,0.10838,0.10741,0.10722,0.10729,0.10518,0.10742,0.10774,0.10807,0.10821,0.10898,0.10937,0.10987,0.11069,0.11094,0.11145,0.11196,0.11207,0.1131,0.11367,0.11424,0.11484,0.11548,0.11614,0.11682,0.11764,0.11847,0.11937,0.12038,0.12076,0.12284,0.12444,0.12605,0.12816,0.13053,0.13293,0.13497
0.16049,0.14377,0.3419,0.24923,0.54025,0.085769,0.21398,0.088464,0.21008,0.13358,0.16064,0.16917,0.12993,0.12292,0.11792,0.1136,0.11012,0.10596,0.10247,0.099232,0.097462,0.093531,0.090922,0.088516,0.085941,0.084484,0.082923,0.081521,0.080595,0.079102,0.078256,0.077732,0.080669,0.075866,0.075656,0.075077,0.074425,0.073711,0.073291,0.072552,0.072444,0.071185,0.070457,0.069735,0.068885,0.068283,0.0677,0.067021,0.066464,0.06588,0.065364,0.064855,0.064446,0.063947,0.063597,0.063243,0.06289,0.062635,0.062391,0.062172,0.062018,0.061892,0.0618,0.061746
0.23457,0.51898,0.20244,0.21811,0.60677,0.29863,0.39537,0.28583,0.26478,0.4004,0.53596,0.54858,0.56304,0.57782,0.587,0.59131,0.59299,0.59329,0.59328,0.59308,0.59355,0.59296,0.59288,0.59285,0.59288,0.59289,0.59289,0.59298,0.59293,0.59299,0.59301,0.59307,0.59227,0.5932,0.59331,0.59337,0.59332,0.59359,0.59368,0.5938,0.59396,0.59424,0.59445,0.59469,0.59503,0.59528,0.59559,0.59598,0.59639,0.59688,0.59735,0.59794,0.59818,0.59914,0.59978,0.60049,0.60124,0.60187,0.60256,0.6032,0.60375,0.60425,0.60462,0.60485
0.35802,0.65577,0.4451,0.45078,0.59072,0.30425,0.37739,0.3891,0.24668,0.39882,0.44118,0.4824,0.51445,0.5198,0.52352,0.52634,0.52997,0.53277,0.53665,0.54102,0.54795,0.55103,0.55514,0.55854,0.56119,0.56344,0.56521,0.56679,0.56786,0.56916,0.57018,0.57108,0.56978,0.57264,0.57332,0.57393,0.57451,0.57504,0.57548,0.57596,0.57643,0.57674,0.57709,0.57743,0.57775,0.57799,0.57826,0.57849,0.5787,0.57891,0.57909,0.57926,0.57943,0.57956,0.57968,0.57979,0.57988,0.57997,0.58005,0.58011,0.58016,0.5802,0.58022,0.58024
0.11111,0.39738,0.24336,0.12465,0.45887,0.29182,0.23115,0.15763,0.17425,0.19947,0.36935,0.42076,0.44472,0.45723,0.4669,0.47383,0.47907,0.48324,0.48655,0.48933,0.49229,0.4939,0.49578,0.49756,0.49928,0.50072,0.50216,0.5036,0.50492,0.50623,0.50747,0.50871,0.51006,0.51094,0.51205,0.51314,0.51408,0.51519,0.51626,0.51718,0.51821,0.51908,0.51998,0.52083,0.52182,0.52249,0.52328,0.52403,0.52475,0.52544,0.52611,0.52673,0.52727,0.52784,0.52837,0.52883,0.52923,0.52961,0.52995,0.53021,0.53046,0.53063,0.53076,0.53084
0.012346,0.12075,0.030449,0.029699,0.17881,0.091387,0.036382,0.14016,0.10534,0.052724,0.052014,0.06254,0.057547,0.061087,0.066076,0.07179,0.076535,0.080558,0.083443,0.085761,0.087194,0.088649,0.089685,0.090545,0.090738,0.092124,0.09296,0.094157,0.095604,0.096811,0.098445,0.10004,0.10115,0.10286,0.10375,0.10441,0.10511,0.10504,0.10488,0.1047,0.10356,0.10385,0.10329,0.10259,0.10091,0.1012,0.10031,0.099416,0.098501,0.097588,0.096577,0.095542,0.095546,0.093598,0.092505,0.091521,0.091089,0.08973,0.088916,0.088228,0.087515,0.087088,0.086723,0.086491
0.012346,0.17021,0.17113,0.028563,0.15318,0.084273,0.17415,0.092014,0.15642,0.079714,0.0588,0.047763,0.039285,0.03156,0.029977,0.029276,0.029105,0.027533,0.026862,0.026205,0.024814,0.025137,0.024833,0.024545,0.024327,0.024301,0.024225,0.024206,0.02417,0.024181,0.024226,0.024305,0.022703,0.024542,0.024745,0.024954,0.025585,0.025471,0.025738,0.026116,0.026612,0.026905,0.027316,0.027775,0.027729,0.028781,0.029342,0.029972,0.030618,0.031342,0.032079,0.03287,0.034853,0.034216,0.03503,0.035764,0.035612,0.037012,0.037632,0.037927,0.037218,0.037841,0.037523,0.037171
0.037037,0.15416,0.19109,0.10786,0.1558,0.06009,0.070627,0.092092,0.10525,0.12289,0.15743,0.17291,0.17549,0.16708,0.15843,0.15299,0.14883,0.14581,0.14309,0.1408,0.13867,0.13692,0.13544,0.134,0.13271,0.1317,0.13068,0.12934,0.12857,0.12766,0.12685,0.12598,0.13021,0.12454,0.12388,0.12321,0.12243,0.12203,0.12137,0.12077,0.12033,0.11961,0.11888,0.11845,0.11798,0.11726,0.11645,0.11568,0.11526,0.11434,0.11352,0.11267,0.11083,0.11119,0.1102,0.10908,0.10767,0.10608,0.10432,0.10376,0.10138,0.098052,0.094227,0.089572
0.061728,0.30876,0.040327,0.13738,0.31621,0.21068,0.20616,0.19362,0.16516,0.051322,0.055752,0.044053,0.059611,0.068201,0.077201,0.084383,0.089376,0.093288,0.096874,0.10023,0.10363,0.10591,0.10839,0.11071,0.11324,0.11473,0.11657,0.11832,0.12018,0.12119,0.12252,0.12379,0.12484,0.12593,0.12699,0.12795,0.12882,0.1297,0.13054,0.13132,0.13241,0.13286,0.13356,0.13422,0.13435,0.13571,0.13633,0.13703,0.13775,0.13846,0.1392,0.13996,0.14137,0.14171,0.14271,0.14377,0.14428,0.14621,0.14769,0.14938,0.15077,0.15375,0.15639,0.15918
0.18519,0.23032,0.054934,0.099122,0.30918,0.27196,0.11761,0.15331,0.02622,0.11238,0.11777,0.17735,0.20543,0.22021,0.23014,0.23572,0.23809,0.23824,0.2376,0.23654,0.23494,0.23416,0.23289,0.23163,0.23032,0.22925,0.22809,0.22699,0.22617,0.22499,0.224,0.22316,0.22064,0.22143,0.2206,0.21982,0.21914,0.21831,0.21757,0.21693,0.21651,0.21571,0.21512,0.21457,0.21317,0.21333,0.21269,0.21221,0.21155,0.21092,0.21037,0.2098,0.20993,0.2083,0.20764,0.20694,0.20481,0.20514,0.20421,0.20263,0.19938,0.19852,0.19592,0.19086
0.037037,0.037417,0.12926,0.12454,0.47134,0.2705,0.1951,0.044336,0.080577,0.17421,0.22963,0.23601,0.25137,0.2549,0.2609,0.26702,0.27322,0.2778,0.28244,0.28664,0.29074,0.29393,0.29712,0.30005,0.30303,0.30525,0.30752,0.30981,0.31165,0.31372,0.3155,0.31717,0.3164,0.3202,0.32158,0.32287,0.32388,0.32526,0.32628,0.32724,0.32849,0.32906,0.32989,0.33059,0.33181,0.33195,0.33252,0.33299,0.33335,0.3338,0.33409,0.33431,0.33389,0.33472,0.33468,0.33468,0.3344,0.33452,0.33428,0.33408,0.33395,0.33365,0.33347,0.33336
0.30864,0.32525,0.042828,0.03333,0.59704,0.4709,0.34687,0.10103,0.05535,0.14095,0.27116,0.34433,0.39656,0.41679,0.42868,0.43655,0.43938,0.44573,0.44806,0.44936,0.45028,0.45055,0.45052,0.45034,0.45036,0.44967,0.44913,0.44866,0.44772,0.44735,0.44663,0.44596,0.44441,0.44447,0.44376,0.44298,0.44199,0.44139,0.44063,0.43978,0.4392,0.43825,0.43744,0.4366,0.43648,0.43494,0.4341,0.43332,0.43249,0.43174,0.43096,0.43017,0.42833,0.42857,0.42788,0.42724,0.42659,0.42624,0.42594,0.4258,0.42621,0.42667,0.42817,0.43052
0.061728,0.34582,0.14878,0.11639,0.40336,0.11349,0.16024,0.14814,0.18949,0.043619,0.13655,0.13892,0.14553,0.13858,0.13642,0.13888,0.14111,0.14663,0.15316,0.15641,0.15801,0.15897,0.15983,0.16061,0.16138,0.16178,0.16221,0.16273,0.16274,0.16312,0.16327,0.16331,0.16006,0.16338,0.16327,0.16316,0.16304,0.16284,0.16258,0.16239,0.16235,0.16176,0.16145,0.161,0.16104,0.16026,0.1599,0.15941,0.15882,0.15848,0.15797,0.15745,0.15708,0.15656,0.15582,0.15525,0.15389,0.15394,0.15319,0.15203,0.15167,0.14941,0.14711,0.14321
0.012346,0.042957,0.15779,0.065008,0.049638,0.080165,0.048496,0.13108,0.051894,0.17017,0.086682,0.092,0.099084,0.10435,0.10915,0.11295,0.11651,0.11958,0.12253,0.12504,0.12792,0.12883,0.13038,0.13163,0.13228,0.13355,0.13436,0.13504,0.13521,0.13641,0.13702,0.13756,0.13852,0.13878,0.1393,0.13986,0.14012,0.14111,0.1417,0.14226,0.1424,0.14344,0.14409,0.1448,0.14642,0.1461,0.14688,0.14758,0.14835,0.14909,0.14991,0.15062,0.14994,0.15263,0.15342,0.15427,0.1557,0.15621,0.15707,0.15803,0.15879,0.15945,0.15999,0.16036
0.037037,0.25356,0.064925,0.087324,0.33349,0.17003,0.13301,0.16734,0.18577,0.20077,0.25899,0.25005,0.24159,0.22363,0.21923,0.22281,0.22508,0.22546,0.22384,0.22127,0.21949,0.21719,0.21572,0.21465,0.21382,0.21328,0.2126,0.21214,0.21188,0.21115,0.21069,0.2103,0.2091,0.20924,0.20884,0.20835,0.20777,0.20739,0.20694,0.20637,0.20606,0.20549,0.20498,0.20447,0.20374,0.20349,0.20295,0.20248,0.20195,0.20151,0.201,0.20055,0.20015,0.19966,0.19921,0.19881,0.19791,0.19803,0.19748,0.19703,0.19641,0.1959,0.19475,0.19234
0.061728,0.27117,0.042512,0.12939,0.22615,0.097968,0.23956,0.12538,0.21423,0.16235,0.17733,0.19037,0.20345,0.21082,0.21347,0.21406,0.21417,0.21559,0.21827,0.22331,0.22985,0.23167,0.23311,0.23403,0.23445,0.23423,0.23384,0.23351,0.23333,0.23208,0.23124,0.23036,0.22993,0.2284,0.22742,0.22639,0.2252,0.22416,0.22325,0.22218,0.22092,0.22006,0.21905,0.21799,0.2161,0.21612,0.21516,0.21429,0.21343,0.21269,0.21194,0.21131,0.21064,0.2101,0.20974,0.2094,0.20958,0.20907,0.20908,0.20913,0.20915,0.20947,0.20968,0.20983
0.33333,0.18792,0.033168,0.17273,0.22337,0.20821,0.030867,0.050686,0.091131,0.08931,0.12176,0.11767,0.11355,0.1107,0.10756,0.10411,0.10013,0.095369,0.090985,0.088097,0.085955,0.085681,0.085054,0.08432,0.083126,0.082394,0.081399,0.080177,0.078726,0.07754,0.076186,0.074716,0.07387,0.071869,0.070417,0.068902,0.067676,0.065878,0.064346,0.062658,0.060646,0.059537,0.057898,0.056229,0.055118,0.052946,0.051237,0.049455,0.047731,0.045919,0.044067,0.042172,0.04113,0.038195,0.036123,0.033964,0.03193,0.02917,0.026612,0.023867,0.02138,0.018128,0.01534,0.013196
0.037037,0.12684,0.16736,0.16902,0.29001,0.18035,0.11187,0.10902,0.16861,0.18924,0.21311,0.23894,0.25187,0.26125,0.27052,0.274,0.27593,0.27806,0.27983,0.28146,0.28327,0.28416,0.28533,0.28639,0.28728,0.28824,0.28899,0.28971,0.2907,0.29093,0.29145,0.29195,0.29055,0.2927,0.2931,0.29338,0.29333,0.29386,0.29404,0.29412,0.29437,0.29439,0.29443,0.29442,0.29421,0.29426,0.29407,0.29393,0.29363,0.29338,0.29297,0.29253,0.29159,0.29166,0.29096,0.29026,0.28934,0.2886,0.28766,0.28683,0.28594,0.2851,0.28451,0.28409
0.16049,0.28733,0.1509,0.086495,0.26819,0.048651,0.12078,0.12898,0.11578,0.066939,0.05584,0.065791,0.077627,0.087553,0.091731,0.093566,0.093244,0.094022,0.093961,0.094093,0.094563,0.094839,0.095213,0.095524,0.09535,0.096275,0.09628,0.096237,0.097159,0.096468,0.096512,0.096604,0.098351,0.096699,0.096829,0.096895,0.097055,0.097128,0.097209,0.097251,0.097374,0.097723,0.097821,0.098008,0.096681,0.098364,0.098497,0.098765,0.098872,0.099098,0.099269,0.099512,0.10034,0.099785,0.099886,0.099962,0.099574,0.099747,0.099424,0.098727,0.097108,0.096737,0.094672,0.090333
0.061728,0.24185,0.22939,0.24652,0.45189,0.14789,0.24065,0.23558,0.14933,0.09952,0.034751,0.074566,0.097694,0.11152,0.12153,0.1294,0.13598,0.14185,0.14714,0.15197,0.15685,0.16059,0.16429,0.16775,0.17111,0.17405,0.17679,0.17943,0.18203,0.18407,0.18623,0.1883,0.18951,0.19189,0.19362,0.19525,0.19671,0.19819,0.19956,0.20089,0.20235,0.20336,0.20448,0.20554,0.20645,0.20758,0.20852,0.20937,0.21013,0.2109,0.21155,0.21212,0.21268,0.21312,0.21342,0.21364,0.21355,0.21361,0.21336,0.21292,0.21242,0.21155,0.21075,0.2101
0.16049,0.028625,0.17726,0.13164,0.19974,0.040803,0.097309,0.027802,0.091351,0.20374,0.24152,0.26341,0.26146,0.25498,0.24945,0.24689,0.2447,0.24601,0.24795,0.25099,0.25288,0.25417,0.25484,0.25493,0.25671,0.25365,0.25325,0.25187,0.24974,0.24887,0.24752,0.24608,0.25342,0.24265,0.24017,0.2381,0.23683,0.23526,0.23332,0.22967,0.2355,0.22504,0.22307,0.22195,0.22219,0.21731,0.21605,0.21435,0.21303,0.21141,0.21017,0.20867,0.20997,0.20685,0.20501,0.20371,0.20042,0.20129,0.19995,0.19865,0.19759,0.19584,0.19378,0.18967
0.1358,0.19054,0.1805,0.15032,0.21198,0.20523,0.12249,0.074247,0.13759,0.17234,0.27545,0.29156,0.30942,0.30463,0.29776,0.29481,0.29248,0.28951,0.28677,0.28434,0.28231,0.28074,0.27961,0.27864,0.27765,0.2774,0.27695,0.27656,0.27642,0.27611,0.27594,0.27585,0.27389,0.27556,0.27551,0.27543,0.27544,0.27525,0.2752,0.27506,0.27489,0.27498,0.27489,0.27479,0.27435,0.27448,0.27424,0.27404,0.27371,0.27342,0.2731,0.27265,0.2725,0.27148,0.27083,0.27004,0.26952,0.26809,0.26681,0.2654,0.26351,0.26217,0.26071,0.25967
0.11111,0.073614,0.050787,0.12404,0.086897,0.094314,0.16614,0.021015,0.044996,0.070132,0.098364,0.11783,0.13227,0.13789,0.13646,0.13417,0.13347,0.13371,0.1342,0.13479,0.13531,0.13565,0.1359,0.13612,0.13622,0.13633,0.13638,0.13636,0.13645,0.13624,0.13613,0.136,0.1362,0.1358,0.13564,0.1355,0.13539,0.1352,0.1351,0.13496,0.13478,0.13473,0.13463,0.13455,0.13425,0.13447,0.13442,0.1344,0.13445,0.13446,0.1345,0.13457,0.13479,0.13475,0.13487,0.13498,0.13513,0.13524,0.13537,0.13548,0.13559,0.13568,0.13575,0.13579
0.061728,0.1422,0.017121,0.13969,0.16764,0.074214,0.090605,0.056878,0.11975,0.06359,0.065667,0.046359,0.022645,0.02977,0.029667,0.032194,0.036172,0.0394,0.042518,0.045059,0.04714,0.04918,0.050887,0.052231,0.053247,0.054449,0.055401,0.056189,0.057091,0.058122,0.059059,0.059672,0.052854,0.055466,0.052006,0.04921,0.047535,0.045736,0.044432,0.043264,0.042662,0.041709,0.040887,0.04022,0.040346,0.039018,0.038391,0.037952,0.037478,0.037157,0.036832,0.036738,0.036951,0.036423,0.036358,0.036488,0.036619,0.036805,0.037184,0.037549,0.037798,0.037958,0.037891,0.03739
0.1358,0.095836,0.093302,0.17854,0.11799,0.052855,0.051557,0.13192,0.06953,0.090659,0.16067,0.16742,0.16629,0.19227,0.19178,0.19057,0.18851,0.18621,0.18311,0.18165,0.18323,0.18366,0.18145,0.17872,0.17534,0.17341,0.17105,0.16896,0.16634,0.16546,0.16394,0.16257,0.16518,0.16041,0.1594,0.15857,0.15778,0.15699,0.15657,0.15614,0.15531,0.15525,0.15499,0.15474,0.15549,0.15443,0.1544,0.15442,0.15458,0.15467,0.15493,0.15516,0.15594,0.15581,0.15632,0.15678,0.15727,0.15795,0.15847,0.15894,0.15965,0.15989,0.16021,0.16043
0.16049,0.31907,0.26088,0.29813,0.46955,0.21052,0.3245,0.064483,0.25224,0.086313,0.1219,0.10946,0.097438,0.098578,0.10197,0.10467,0.10428,0.10038,0.098104,0.096941,0.097815,0.094497,0.093492,0.092198,0.090809,0.089563,0.088337,0.087044,0.085539,0.084423,0.083314,0.082273,0.079127,0.080386,0.079611,0.078864,0.078325,0.077558,0.077009,0.076506,0.076431,0.075742,0.075425,0.075174,0.074014,0.075,0.074805,0.074646,0.074566,0.074525,0.074378,0.074294,0.07627,0.074438,0.074435,0.074398,0.073567,0.074397,0.074003,0.074251,0.07166,0.073647,0.072646,0.07166
0.037037,0.18641,0.24424,0.24811,0.42545,0.13932,0.24541,0.11164,0.17328,0.17801,0.13242,0.13332,0.15093,0.1429,0.13196,0.12511,0.11999,0.11612,0.11293,0.11029,0.10733,0.10629,0.10475,0.10334,0.10266,0.10095,0.09993,0.098866,0.098202,0.097113,0.096257,0.095421,0.095338,0.093874,0.093079,0.092302,0.09172,0.090783,0.089984,0.08931,0.08911,0.087648,0.086828,0.086059,0.084498,0.084307,0.083414,0.0825,0.081618,0.080625,0.07965,0.078661,0.078607,0.076551,0.075568,0.074496,0.072687,0.072334,0.071196,0.070197,0.068771,0.067301,0.065277,0.06281
0.037037,0.11296,0.046982,0.047181,0.074911,0.066066,0.059761,0.051387,0.043335,0.15573,0.16167,0.15301,0.15188,0.14665,0.14684,0.16044,0.15852,0.15594,0.15267,0.14958,0.14662,0.14443,0.14246,0.14081,0.13973,0.13818,0.13717,0.1362,0.1353,0.13461,0.13395,0.13336,0.13274,0.13243,0.13203,0.13164,0.13127,0.13104,0.13079,0.13056,0.13076,0.13028,0.13016,0.13007,0.12999,0.13005,0.13001,0.13002,0.13006,0.13014,0.13017,0.13027,0.13037,0.13056,0.13067,0.13086,0.13069,0.13132,0.13169,0.13212,0.13276,0.13372,0.13467,0.13549
0.1358,0.15273,0.077455,0.036356,0.16342,0.13412,0.019375,0.090864,0.082108,0.053026,0.064781,0.053669,0.055228,0.060394,0.06099,0.06022,0.058621,0.058282,0.058107,0.058542,0.059553,0.060401,0.061601,0.06279,0.064006,0.065092,0.06624,0.067244,0.068349,0.069214,0.070137,0.070988,0.072438,0.072624,0.073369,0.074091,0.074822,0.075467,0.076104,0.076738,0.077294,0.077888,0.078456,0.079012,0.079527,0.080061,0.080577,0.081059,0.081553,0.082017,0.082481,0.082924,0.083405,0.083784,0.084179,0.084552,0.084928,0.085251,0.085529,0.085796,0.086014,0.086187,0.086315,0.086394
0.061728,0.21761,0.16308,0.16899,0.18208,0.034857,0.05354,0.068515,0.14317,0.11505,0.17913,0.1686,0.15885,0.15633,0.15797,0.16066,0.16362,0.16652,0.1679,0.16733,0.16509,0.163,0.16036,0.15751,0.15492,0.15176,0.14905,0.14642,0.14384,0.14128,0.13897,0.13669,0.13017,0.13266,0.1308,0.12898,0.12751,0.12572,0.12399,0.12244,0.12137,0.11967,0.11839,0.11709,0.1167,0.11498,0.11388,0.11289,0.11191,0.11129,0.1106,0.11005,0.11031,0.10926,0.10892,0.10882,0.10877,0.10901,0.10924,0.1096,0.11022,0.11041,0.11076,0.11101
0.061728,0.18975,0.057174,0.14772,0.14036,0.065029,0.10009,0.051083,0.08406,0.11663,0.10191,0.079139,0.084131,0.082642,0.073766,0.064965,0.058294,0.053274,0.050095,0.048127,0.046661,0.045719,0.045153,0.044657,0.044818,0.044152,0.044121,0.04372,0.044059,0.043792,0.043772,0.043686,0.046761,0.043621,0.043629,0.043663,0.043883,0.04368,0.043603,0.043704,0.044066,0.043743,0.043694,0.043863,0.043441,0.043357,0.043381,0.043202,0.043321,0.043035,0.042942,0.04258,0.04287,0.042196,0.041913,0.041479,0.040969,0.040258,0.039104,0.03887,0.037011,0.035025,0.033004,0.031487
0.037037,0.18059,0.11075,0.17403,0.27495,0.084905,0.02399,0.071908,0.18061,0.13495,0.16521,0.15361,0.16615,0.17399,0.18203,0.18471,0.18566,0.18623,0.18633,0.1862,0.18602,0.18576,0.1854,0.18497,0.18445,0.18403,0.1835,0.18288,0.18175,0.1816,0.18092,0.18028,0.18047,0.17883,0.17809,0.17731,0.17669,0.17572,0.17488,0.17401,0.17313,0.17227,0.17135,0.17042,0.17042,0.16858,0.16753,0.16656,0.1656,0.16453,0.16345,0.16245,0.16213,0.16018,0.15908,0.15798,0.15699,0.15592,0.15498,0.15419,0.15381,0.15336,0.15386,0.15623
0.037037,0.14075,0.20686,0.15418,0.26592,0.12676,0.063169,0.091623,0.24089,0.036419,0.0034819,0.0049134,0.0053679,0.011044,0.012652,0.01301,0.011785,0.012868,0.012885,0.01301,0.011497,0.012824,0.012661,0.012578,0.012186,0.012233,0.012117,0.011989,0.011758,0.011741,0.011695,0.011626,0.011994,0.01143,0.011436,0.011479,0.011728,0.011489,0.011561,0.011615,0.011796,0.011742,0.011792,0.011845,0.0119,0.011962,0.012014,0.012063,0.012094,0.012131,0.012172,0.012224,0.012362,0.012221,0.012259,0.012286,0.012275,0.012296,0.012314,0.012323,0.012342,0.012341,0.012344,0.012346
0.061728,0.27303,0.2061,0.30766,0.40196,0.21497,0.18362,0.038574,0.03947,0.11234,0.075316,0.075935,0.073613,0.076548,0.079652,0.082076,0.084615,0.085125,0.085808,0.086216,0.087578,0.086221,0.085946,0.085474,0.084876,0.084123,0.083408,0.082575,0.081416,0.080727,0.07972,0.078717,0.073561,0.076443,0.075197,0.074028,0.072616,0.071564,0.070111,0.068865,0.067389,0.066086,0.064621,0.063211,0.061985,0.059979,0.058305,0.056651,0.054834,0.052941,0.051095,0.049075,0.045954,0.044387,0.041897,0.039203,0.036577,0.033193,0.02988,0.026507,0.022805,0.019355,0.015994,0.013415
0.16049,0.12483,0.11047,0.17833,0.084696,0.18128,0.07939,0.1567,0.10655,0.090148,0.096856,0.10348,0.1077,0.10311,0.10311,0.10496,0.10733,0.10993,0.11236,0.11422,0.11573,0.11688,0.11794,0.11869,0.11952,0.11986,0.12035,0.12074,0.12121,0.12153,0.1219,0.12221,0.12218,0.123,0.12334,0.12369,0.12416,0.12449,0.12483,0.12524,0.12571,0.12614,0.1266,0.12709,0.12761,0.1281,0.12862,0.12912,0.12969,0.13021,0.13076,0.13131,0.13205,0.13236,0.13287,0.13337,0.13382,0.13424,0.13464,0.13498,0.13529,0.1355,0.13567,0.13577
0.012346,0.31939,0.063712,0.18559,0.32562,0.12119,0.059668,0.084719,0.087987,0.065289,0.070948,0.085508,0.091849,0.08524,0.10979,0.12161,0.12735,0.13097,0.13442,0.13733,0.14042,0.14232,0.14437,0.14621,0.14762,0.14954,0.151,0.15247,0.15383,0.15498,0.15614,0.15712,0.15463,0.15928,0.16019,0.16104,0.1618,0.16264,0.16324,0.164,0.16403,0.16532,0.1659,0.16636,0.16659,0.16731,0.16764,0.16788,0.16802,0.16836,0.16841,0.16837,0.16829,0.1683,0.16789,0.16755,0.16815,0.16638,0.16573,0.16468,0.16336,0.16244,0.16144,0.16069
