0.16667,0.094796,0.063549,0.079951,0.034741,0.078896,0.25086,0.10855,0.13603,0.15456,0.19497,0.094723,0.10823,0.053004,0.059392,0.050649,0.12654,0.17731,0.13165,0.20808,0.1654,0.21047,0.22727,0.17699,0.17846,0.26172,0.20576,0.12797,0.10148,0.14377,0.14361,0.081509,0.12934,0.11781,0.099842,0.062892,0.090678,0.084259,0.052914,0.036671,0.054344,0.036629,0.03565,0.032687,0.038421,0.030596,0.030102,0.027559,0.021168,0.026485,0.022435,0.018867,0.037978,0.01611,0.015204,0.013493,0.024039,0.011552,0.0083909,0.0094319,0.016054,0.012328,0.0068716,0.013022
0.027778,0.12756,0.042292,0.19313,0.090869,0.083448,0.097815,0.087091,0.11118,0.21011,0.18348,0.15725,0.10335,0.077174,0.20285,0.13925,0.095529,0.15069,0.26041,0.095939,0.1013,0.15124,0.028781,0.08896,0.044568,0.090448,0.033592,0.11571,0.024145,0.15356,0.13064,0.057154,0.095878,0.042716,0.072944,0.024866,0.13098,0.09233,0.060556,0.074994,0.076858,0.080524,0.08011,0.082755,0.087175,0.086618,0.087944,0.089703,0.091751,0.092153,0.093827,0.094271,0.10109,0.094646,0.096462,0.094534,0.09364,0.097712,0.098381,0.10124,0.095089,0.095926,0.090308,0.084726
0,0.22084,0.021716,0.1333,0.038486,0.27248,0.073325,0.051972,0.066856,0.12784,0.075991,0.053921,0.10591,0.11113,0.10973,0.018403,0.067895,0.044386,0.12909,0.10073,0.11598,0.14943,0.16886,0.12939,0.096359,0.17088,0.10412,0.084609,0.16128,0.080476,0.14798,0.026275,0.13417,0.046487,0.046687,0.038827,0.21007,0.011557,0.056507,0.014136,0.012372,0.019328,0.020201,0.026796,0.03482,0.038756,0.041542,0.043606,0.0346,0.045425,0.048213,0.050343,0.069605,0.052675,0.052214,0.052404,0.044996,0.055054,0.05495,0.052475,0.065329,0.055708,0.055817,0.055484
0.11111,0.16145,0.060517,0.19976,0.086534,0.2022,0.086119,0.081454,0.10455,0.18012,0.24929,0.025606,0.08973,0.1372,0.21034,0.14785,0.049393,0.24053,0.2134,0.080845,0.061966,0.15001,0.067397,0.16438,0.1214,0.18546,0.14385,0.049662,0.1103,0.031212,0.13593,0.18429,0.1466,0.21806,0.23025,0.19884,0.14805,0.18646,0.24276,0.19826,0.21458,0.19877,0.19846,0.20028,0.21669,0.20042,0.19968,0.19948,0.19667,0.20371,0.2018,0.20256,0.19896,0.20717,0.2057,0.2031,0.18794,0.21121,0.21047,0.21266,0.21384,0.2062,0.20133,0.19808
0.38889,0.12574,0.072249,0.16752,0.077783,0.20276,0.09272,0.033949,0.074666,0.22255,0.11961,0.15355,0.228,0.039285,0.15323,0.059739,0.043082,0.024587,0.056394,0.034228,0.16192,0.22232,0.14368,0.18512,0.23343,0.035959,0.11913,0.19763,0.14978,0.05434,0.014396,0.064016,0.07653,0.035741,0.043027,0.059919,0.029229,0.084357,0.044464,0.069596,0.073325,0.062029,0.056749,0.050555,0.049987,0.044223,0.044412,0.039724,0.040181,0.036018,0.033588,0.031399,0.020012,0.025686,0.023254,0.021718,0.020036,0.013524,0.011671,0.01056,0.027212,0.0025502,0.00435,0.00064419
0.13889,0.039,0.1037,0.085913,0.060596,0.11963,0.16536,0.025772,0.087623,0.16184,0.12507,0.18761,0.18466,0.087299,0.1525,0.015971,0.045697,0.056013,0.095164,0.10318,0.15271,0.24333,0.12009,0.089776,0.20759,0.055605,0.052338,0.1662,0.16909,0.063087,0.072053,0.061924,0.053983,0.095653,0.095751,0.10008,0.086098,0.10063,0.098767,0.10623,0.092609,0.094606,0.093084,0.08997,0.090959,0.088642,0.08642,0.085922,0.073549,0.081573,0.081474,0.080363,0.079445,0.078014,0.075588,0.073607,0.068774,0.070898,0.069045,0.069987,0.046217,0.061051,0.060479,0.056463
0.027778,0.14645,0.13269,0.15416,0.14264,0.14854,0.19311,0.012702,0.079315,0.059225,0.22158,0.14178,0.10005,0.1225,0.24252,0.090325,0.018689,0.065067,0.17812,0.014875,0.082623,0.051638,0.16709,0.041626,0.10924,0.092187,0.1082,0.065177,0.032723,0.20731,0.21334,0.20093,0.075434,0.18593,0.17735,0.17624,0.16154,0.1899,0.19644,0.19254,0.17448,0.18265,0.17943,0.17678,0.17817,0.17106,0.16751,0.16734,0.15914,0.1641,0.16413,0.16261,0.16587,0.16021,0.15932,0.15783,0.17084,0.15706,0.15682,0.15459,0.18285,0.15728,0.1584,0.15804
0.083333,0.08736,0.12214,0.18759,0.079245,0.062823,0.036138,0.055887,0.15271,0.11934,0.097346,0.14586,0.14247,0.1532,0.13268,0.10349,0.062908,0.10045,0.12477,0.061367,0.080706,0.13373,0.047867,0.045597,0.050896,0.01519,0.11429,0.14707,0.064722,0.14596,0.14377,0.15052,0.18378,0.23159,0.20767,0.17953,0.2419,0.19728,0.2136,0.19189,0.18865,0.18355,0.18246,0.18004,0.17981,0.1767,0.17288,0.17272,0.1765,0.16836,0.16916,0.16793,0.17247,0.16615,0.16368,0.16124,0.17587,0.15865,0.15605,0.146,0.15146,0.1606,0.15577,0.14496
0.11111,0.10848,0.16844,0.064179,0.0631,0.12648,0.14657,0.075441,0.17144,0.19277,0.13216,0.19242,0.063067,0.14446,0.25154,0.048526,0.07662,0.11795,0.028479,0.076083,0.15199,0.23046,0.16866,0.13701,0.16795,0.09456,0.076044,0.049329,0.18681,0.073015,0.13519,0.086084,0.07841,0.078396,0.1203,0.1238,0.079493,0.083683,0.10696,0.10154,0.10509,0.10508,0.10298,0.10119,0.10962,0.10091,0.099823,0.098151,0.099352,0.09414,0.090837,0.089827,0.060013,0.086485,0.080695,0.077846,0.044504,0.06682,0.063424,0.059046,0.032191,0.033826,0.023844,0.0096938
0.055556,0.049929,0.11638,0.13008,0.035367,0.082887,0.037392,0.062049,0.17131,0.11513,0.018172,0.18428,0.16592,0.14765,0.19285,0.12395,0.15721,0.13096,0.038017,0.09626,0.13595,0.1533,0.046814,0.12816,0.10981,0.099091,0.065306,0.059458,0.13553,0.064553,0.15704,0.13539,0.062212,0.026078,0.025375,0.039114,0.085381,0.078818,0.068051,0.061019,0.044583,0.053464,0.05174,0.051454,0.048933,0.050026,0.048366,0.046405,0.045368,0.041166,0.038892,0.037701,0.025064,0.032911,0.03027,0.026585,0.015171,0.022705,0.021608,0.021664,0.021236,0.017218,0.018996,0.020067
0.083333,0.19345,0.12434,0.088432,0.15695,0.026602,0.23736,0.064925,0.041591,0.13992,0.16231,0.14231,0.11335,0.11157,0.06974,0.029308,0.015458,0.057233,0.065787,0.098074,0.052936,0.21361,0.044806,0.073837,0.164,0.1252,0.092202,0.11501,0.054408,0.065505,0.077562,0.038234,0.24052,0.1196,0.12388,0.11261,0.084805,0.14659,0.1285,0.12447,0.12186,0.11841,0.11736,0.11557,0.11771,0.11439,0.11131,0.11147,0.12058,0.10658,0.10479,0.10262,0.11621,0.10035,0.098765,0.096879,0.062808,0.09783,0.095792,0.096136,0.088736,0.10065,0.10495,0.10937
0.16667,0.19049,0.076288,0.10568,0.10785,0.073028,0.24643,0.051313,0.10704,0.19382,0.073808,0.17892,0.098227,0.065953,0.13007,0.15126,0.051816,0.078785,0.02392,0.0709,0.11159,0.22336,0.15035,0.10185,0.11629,0.087903,0.086793,0.11043,0.036775,0.16569,0.1434,0.12403,0.22771,0.053264,0.049618,0.074393,0.049565,0.026726,0.037669,0.053952,0.060372,0.039225,0.038924,0.043859,0.070103,0.042313,0.043787,0.045529,0.023785,0.047181,0.046003,0.047107,0.042023,0.041937,0.047492,0.039282,0.06597,0.048158,0.051391,0.054072,0.077848,0.059528,0.062556,0.068034
0.055556,0.067927,0.080651,0.13711,0.057263,0.13057,0.12434,0.028905,0.19363,0.11018,0.10925,0.031854,0.065366,0.052631,0.23785,0.090917,0.080007,0.053241,0.067971,0.15206,0.11336,0.12806,0.081451,0.10362,0.088378,0.074584,0.093344,0.018647,0.070549,0.044832,0.096765,0.14363,0.063782,0.082238,0.091308,0.11973,0.10883,0.039617,0.063753,0.096047,0.095939,0.096152,0.096853,0.098976,0.096021,0.097759,0.096837,0.098286,0.090819,0.099702,0.098577,0.097295,0.083435,0.099581,0.099469,0.10005,0.099827,0.09976,0.10088,0.10336,0.099001,0.10656,0.1087,0.1106
0.027778,0.073123,0.064934,0.10158,0.11132,0.13095,0.068512,0.030708,0.16302,0.050577,0.084847,0.086514,0.14801,0.081575,0.05404,0.10972,0.16698,0.13064,0.020966,0.037723,0.11336,0.13222,0.11866,0.12979,0.09863,0.091924,0.12901,0.090645,0.10335,0.14978,0.11169,0.083113,0.046678,0.030195,0.08877,0.13924,0.15337,0.09902,0.12041,0.12622,0.13968,0.14626,0.14772,0.14763,0.14143,0.14967,0.15097,0.15095,0.15658,0.15218,0.15653,0.15872,0.17202,0.16061,0.16463,0.16681,0.16127,0.16968,0.17144,0.17471,0.17081,0.172,0.18212,0.18954
0.027778,0.33321,0.11384,0.38953,0.73147,0.17378,0.15609,0.27818,0.49387,0.1312,0.094189,0.19615,0.10275,0.078368,0.10182,0.042406,0.13412,0.1384,0.040127,0.044176,0.12389,0.10283,0.18353,0.18686,0.1222,0.10784,0.069888,0.062453,0.18614,0.038718,0.044737,0.077169,0.14011,0.11374,0.09737,0.11782,0.08674,0.087916,0.11,0.11177,0.10516,0.10317,0.10043,0.097531,0.10126,0.098223,0.09739,0.094809,0.10547,0.09493,0.096429,0.094841,0.072536,0.10161,0.10259,0.10395,0.10945,0.10584,0.10927,0.10839,0.057379,0.12282,0.13053,0.13522
0.19444,0.19614,0.11812,0.017972,0.14457,0.15043,0.070865,0.10667,0.13998,0.097223,0.052067,0.034328,0.092021,0.16338,0.11094,0.20706,0.027395,0.18762,0.10377,0.011851,0.11016,0.040741,0.21233,0.20124,0.13642,0.05786,0.011995,0.057682,0.10758,0.088243,0.18838,0.31348,0.06549,0.21724,0.29553,0.31601,0.11731,0.3245,0.3278,0.314,0.30606,0.31994,0.32035,0.32247,0.31615,0.32446,0.32831,0.32795,0.30898,0.33275,0.33125,0.33545,0.35143,0.31884,0.3219,0.32512,0.34521,0.32479,0.32608,0.32728,0.33915,0.33061,0.33147,0.33177
0.027778,0.056566,0.035688,0.091131,0.031268,0.049195,0.13436,0.027316,0.11336,0.071177,0.045834,0.16676,0.06194,0.21728,0.20656,0.13621,0.065436,0.15074,0.052672,0.016326,0.065382,0.04498,0.12878,0.15297,0.049335,0.060732,0.039301,0.15587,0.16821,0.22572,0.28947,0.366,0.1378,0.28546,0.33816,0.34929,0.17208,0.29845,0.35287,0.36015,0.36994,0.34862,0.34826,0.34745,0.34651,0.35012,0.35169,0.34925,0.34056,0.3491,0.34892,0.34959,0.34053,0.3429,0.33466,0.3297,0.3343,0.32313,0.31759,0.31533,0.32684,0.31367,0.31031,0.30709
0.055556,0.17786,0.11292,0.051236,0.16608,0.17114,0.022463,0.067259,0.22851,0.11184,0.095425,0.11941,0.048683,0.21112,0.18284,0.076199,0.10782,0.17153,0.15618,0.065822,0.10175,0.11431,0.10603,0.081261,0.18544,0.10411,0.059246,0.09013,0.097015,0.20437,0.17044,0.19967,0.1803,0.33564,0.36123,0.37029,0.22099,0.33773,0.36849,0.39232,0.40145,0.41034,0.41289,0.4166,0.41909,0.42088,0.42245,0.42448,0.42414,0.42942,0.43057,0.43234,0.41056,0.43505,0.43728,0.43734,0.43687,0.43938,0.43989,0.44335,0.4074,0.44015,0.43835,0.44479
0.027778,0.16375,0.03653,0.088267,0.16192,0.067123,0.1205,0.1054,0.037836,0.16064,0.083614,0.008854,0.23738,0.10901,0.070744,0.097269,0.071393,0.066373,0.059667,0.11783,0.11444,0.10218,0.13366,0.16894,0.13022,0.051872,0.030265,0.15531,0.092198,0.08582,0.23099,0.22709,0.33924,0.064579,0.061809,0.080467,0.048629,0.065276,0.037854,0.051202,0.056235,0.065116,0.067566,0.07488,0.071319,0.08221,0.086047,0.0884,0.086831,0.089306,0.09209,0.091753,0.064608,0.091991,0.091928,0.092205,0.077018,0.093983,0.09664,0.10253,0.12099,0.0922,0.10329,0.11519
0.027778,0.14881,0.38499,0.14029,0.10079,0.13345,0.21495,0.075551,0.36719,0.12333,0.21297,0.092183,0.20286,0.13053,0.14915,0.058723,0.11785,0.11722,0.044032,0.12245,0.10822,0.18122,0.1387,0.069381,0.029489,0.15024,0.051272,0.13256,0.045789,0.068395,0.24952,0.30808,0.21708,0.15302,0.26936,0.27863,0.021157,0.36275,0.43416,0.44186,0.45228,0.46558,0.47325,0.48004,0.48391,0.48985,0.49338,0.49759,0.49825,0.49883,0.49915,0.49882,0.49427,0.50299,0.50565,0.50015,0.5101,0.51212,0.50954,0.50821,0.44023,0.52459,0.52634,0.52653
0.13889,0.34635,0.15696,0.068251,0.66158,0.16498,0.27434,0.16848,0.34381,0.14131,0.1208,0.17141,0.098729,0.13757,0.020813,0.12218,0.20148,0.062206,0.076984,0.064941,0.14705,0.18869,0.11069,0.11681,0.074527,0.05482,0.02298,0.10445,0.15071,0.16102,0.13084,0.17166,0.039202,0.12945,0.15716,0.15074,0.20356,0.14013,0.16004,0.17211,0.1702,0.18278,0.18773,0.1888,0.18239,0.19386,0.19546,0.19645,0.1895,0.20001,0.19905,0.19984,0.17742,0.19938,0.19965,0.19729,0.1781,0.20324,0.20415,0.20159,0.17875,0.20574,0.21387,0.21235
0,0.54099,0.18827,0.065707,0.81522,0.23316,0.30545,0.17564,0.32748,0.085005,0.08226,0.14914,0.18357,0.13147,0.11852,0.032894,0.16963,0.14561,0.032936,0.091214,0.18899,0.13952,0.032337,0.24451,0.019979,0.085604,0.051172,0.16334,0.14357,0.18488,0.15358,0.18137,0.074246,0.12476,0.14321,0.13881,0.11022,0.1282,0.13755,0.13932,0.13528,0.13704,0.13137,0.12641,0.12823,0.12266,0.11818,0.11641,0.11375,0.11229,0.10874,0.10589,0.11833,0.10091,0.09852,0.095784,0.086547,0.091623,0.089644,0.087559,0.11213,0.078084,0.080933,0.078773
0.33333,0.46823,0.10953,0.1265,0.77756,0.22194,0.24286,0.26018,0.3751,0.10415,0.15141,0.16312,0.10933,0.10534,0.06957,0.07101,0.07786,0.10906,0.088175,0.026445,0.073133,0.10021,0.11067,0.19018,0.18005,0.096456,0.075432,0.095183,0.058203,0.053568,0.052666,0.12723,0.028256,0.2183,0.18445,0.21219,0.039108,0.14443,0.12952,0.15213,0.13963,0.14947,0.14636,0.14189,0.13401,0.14129,0.14146,0.13699,0.11758,0.12704,0.12603,0.11991,0.15041,0.12291,0.12049,0.11793,0.10145,0.11062,0.10485,0.099029,0.1408,0.13424,0.12681,0.11469
0.16667,0.20714,0.12127,0.25679,0.67885,0.11838,0.23147,0.15396,0.13587,0.14341,0.15335,0.16187,0.12471,0.083608,0.061449,0.055488,0.012238,0.082995,0.16312,0.1122,0.092453,0.25599,0.14147,0.13669,0.23582,0.091382,0.085222,0.10231,0.15668,0.036436,0.084708,0.11603,0.056476,0.075198,0.098617,0.069953,0.048243,0.088292,0.096997,0.084069,0.075917,0.075177,0.074387,0.073822,0.071812,0.071273,0.07084,0.070039,0.073013,0.066183,0.068218,0.069156,0.061154,0.064946,0.066348,0.065944,0.05954,0.065062,0.065743,0.067028,0.057505,0.0662,0.0744,0.077799
0.16667,0.66645,0.17937,0.22889,0.91117,0.31474,0.34811,0.40714,0.64158,0.13939,0.16244,0.11302,0.57079,0.24456,0.36682,0.18587,0.059518,0.10932,0.14592,0.05097,0.3016,0.17279,0.18998,0.098962,0.23347,0.214,0.16378,0.14037,0.12657,0.27589,0.38403,0.3858,0.041468,0.35916,0.38786,0.3785,0.25425,0.40692,0.42001,0.43823,0.43952,0.44009,0.4426,0.44423,0.44872,0.45945,0.47365,0.47628,0.47185,0.47813,0.48005,0.48173,0.47516,0.48534,0.48609,0.48644,0.48395,0.49386,0.49531,0.49548,0.45718,0.49876,0.49913,0.49968
0.083333,0.57683,0.34701,0.28409,0.76653,0.284,0.18351,0.26427,0.41244,0.25425,0.16625,0.12242,0.48025,0.18954,0.23145,0.19997,0.10408,0.09573,0.045205,0.089325,0.26913,0.14591,0.13644,0.10293,0.096667,0.14681,0.096389,0.085929,0.092759,0.19122,0.24243,0.38134,0.27929,0.31376,0.32916,0.33365,0.32829,0.38166,0.38321,0.38593,0.3807,0.37742,0.3778,0.37782,0.38386,0.37886,0.37944,0.37991,0.38234,0.40667,0.40558,0.40597,0.40018,0.40546,0.40574,0.4053,0.41195,0.40403,0.40338,0.40316,0.36976,0.40375,0.4066,0.40225
0.22222,0.32662,0.25192,0.30276,0.33089,0.091109,0.11516,0.16452,0.39477,0.17509,0.049896,0.19039,0.58842,0.13323,0.1394,0.11629,0.16135,0.090349,0.045826,0.10619,0.33698,0.1295,0.069738,0.063893,0.11523,0.18566,0.09543,0.052003,0.14594,0.11865,0.16924,0.17556,0.22658,0.12934,0.11422,0.15192,0.064654,0.16059,0.15164,0.14919,0.13824,0.14578,0.14889,0.15342,0.15022,0.16003,0.16193,0.16465,0.1607,0.16943,0.17115,0.17249,0.16734,0.17745,0.17787,0.17864,0.18,0.18093,0.18113,0.18745,0.16701,0.17887,0.18604,0.16875
0,0.17509,0.30569,0.25433,0.87284,0.44739,0.41701,0.41437,0.71109,0.16396,0.19936,0.17105,0.099678,0.085754,0.18278,0.18607,0.32389,0.041528,0.17161,0.15601,0.1642,0.094732,0.21199,0.15346,0.11496,0.057439,0.064815,0.077426,0.13588,0.1594,0.069501,0.16338,0.1305,0.22819,0.2265,0.18625,0.21363,0.25821,0.27088,0.28647,0.27995,0.26636,0.2667,0.26508,0.2695,0.26348,0.26551,0.26349,0.28011,0.25849,0.25986,0.25693,0.24893,0.25936,0.25667,0.25191,0.25802,0.24828,0.24621,0.24706,0.2516,0.23298,0.22803,0.22482
0.22222,0.29966,0.26964,0.37387,0.61065,0.48421,0.52626,0.46559,0.74578,0.22038,0.28706,0.43137,0.57317,0.22407,0.22783,0.37538,0.35543,0.17781,0.24848,0.29521,0.25922,0.21525,0.28819,0.1381,0.030354,0.17719,0.24787,0.21772,0.08283,0.32217,0.27028,0.30652,0.12488,0.44755,0.48257,0.48739,0.47294,0.52115,0.52853,0.55735,0.55096,0.55534,0.55679,0.55895,0.55693,0.56061,0.56184,0.56315,0.56407,0.56354,0.56589,0.56787,0.54206,0.56855,0.57003,0.56929,0.55984,0.57525,0.5743,0.57357,0.529,0.58228,0.58211,0.58176
0.19444,0.23529,0.39434,0.4273,0.29345,0.14164,0.15683,0.16845,0.62826,0.057265,0.087004,0.066029,0.26675,0.074618,0.13365,0.0582,0.1488,0.038541,0.081759,0.060078,0.28545,0.14154,0.25425,0.1588,0.087872,0.11253,0.06056,0.13434,0.038984,0.096022,0.035202,0.11563,0.32811,0.088273,0.10445,0.063804,0.11283,0.091236,0.081036,0.091176,0.090375,0.08863,0.088593,0.08732,0.075679,0.085608,0.087037,0.081957,0.052488,0.080866,0.065487,0.070371,0.059407,0.062572,0.057586,0.064831,0.041392,0.050386,0.051026,0.056479,0.051314,0.057253,0.05568,0.04818
0.055556,0.27745,0.4622,0.13771,0.2029,0.19552,0.12595,0.1817,0.54067,0.18268,0.2086,0.17934,0.30624,0.11001,0.17385,0.13082,0.094072,0.10044,0.11917,0.11275,0.11859,0.24731,0.23822,0.19606,0.073971,0.20679,0.16913,0.20576,0.044447,0.11565,0.21346,0.2401,0.41017,0.34884,0.43182,0.42771,0.14484,0.49498,0.49105,0.46442,0.46207,0.46409,0.46495,0.46629,0.46858,0.46868,0.47005,0.47164,0.46986,0.47436,0.47496,0.47585,0.46593,0.4806,0.48197,0.48479,0.49224,0.48728,0.4901,0.49511,0.47289,0.48887,0.48996,0.49766
0.083333,0.26223,0.26178,0.19349,0.17704,0.17965,0.14258,0.11115,0.2358,0.20734,0.057936,0.062751,0.22554,0.14937,0.050362,0.10642,0.12395,0.11662,0.14046,0.11872,0.15674,0.024689,0.1281,0.11724,0.17703,0.16355,0.16416,0.044903,0.0099289,0.051161,0.20298,0.14617,0.40778,0.3462,0.32104,0.30674,0.35092,0.36855,0.32709,0.34581,0.34044,0.34975,0.35079,0.34926,0.34045,0.35025,0.34913,0.34951,0.34441,0.35138,0.35006,0.35003,0.36095,0.35139,0.35109,0.3535,0.35233,0.34283,0.34173,0.32874,0.35032,0.36526,0.36082,0.36085
0.13889,0.06355,0.028491,0.10756,0.10289,0.12445,0.12749,0.078277,0.17857,0.08987,0.054956,0.10762,0.14578,0.16381,0.0097419,0.13374,0.17669,0.13298,0.1284,0.17385,0.1371,0.14883,0.21994,0.12487,0.028924,0.13151,0.056784,0.22745,0.1431,0.078362,0.070005,0.062725,0.060027,0.12019,0.16741,0.16589,0.09012,0.17587,0.16837,0.17316,0.16541,0.16786,0.16416,0.16422,0.1675,0.15877,0.15573,0.15466,0.16187,0.14841,0.1496,0.14899,0.1494,0.14786,0.14704,0.1452,0.11757,0.14545,0.14505,0.1475,0.10865,0.15026,0.14828,0.1581
0.083333,0.082965,0.12868,0.11046,0.038946,0.20912,0.13339,0.11861,0.10727,0.13798,0.13342,0.13344,0.20041,0.021534,0.12999,0.075609,0.041127,0.068835,0.052832,0.053493,0.031322,0.18753,0.028191,0.034627,0.17709,0.14193,0.11013,0.064291,0.22467,0.16671,0.044577,0.073103,0.10993,0.11049,0.078891,0.089918,0.14675,0.015305,0.043666,0.048974,0.046272,0.040281,0.037612,0.035641,0.033824,0.033974,0.031977,0.030846,0.03853,0.026844,0.026113,0.024573,0.016718,0.019589,0.018576,0.018066,0.0094803,0.011297,0.011433,0.012007,0.012937,0.01592,0.016827,0.016489
0.13889,0.087396,0.22709,0.049784,0.11866,0.072004,0.21295,0.11975,0.043546,0.21803,0.17359,0.15261,0.13973,0.067724,0.099417,0.24598,0.12934,0.18786,0.063141,0.10637,0.15557,0.033228,0.2454,0.074901,0.23976,0.1985,0.077213,0.1478,0.1323,0.076364,0.15624,0.046404,0.23564,0.1222,0.1454,0.15767,0.062156,0.18663,0.17709,0.18446,0.19681,0.19658,0.19771,0.1937,0.19667,0.19313,0.19101,0.18723,0.17227,0.18811,0.1853,0.18427,0.17572,0.18569,0.18357,0.18323,0.17673,0.18154,0.18059,0.17783,0.17004,0.17264,0.17127,0.16945
0.083333,0.11641,0.16656,0.080819,0.071576,0.25094,0.10905,0.1506,0.12771,0.073446,0.040352,0.14001,0.21366,0.029951,0.062215,0.058223,0.12543,0.04444,0.086418,0.10912,0.075992,0.16281,0.051054,0.047434,0.20712,0.10173,0.10137,0.081641,0.30763,0.15911,0.073648,0.10258,0.18894,0.074585,0.090751,0.10795,0.11123,0.059263,0.074553,0.097049,0.0884,0.11004,0.11117,0.11061,0.11296,0.11034,0.11076,0.10845,0.11206,0.1084,0.10859,0.10774,0.10733,0.10746,0.10648,0.10575,0.11723,0.10386,0.10406,0.10547,0.097507,0.10121,0.096404,0.099672
0.16667,0.092841,0.088938,0.1359,0.071395,0.22373,0.01455,0.032783,0.11379,0.049579,0.086989,0.088159,0.16323,0.045639,0.12377,0.088091,0.060347,0.081168,0.11267,0.17145,0.060996,0.013962,0.076831,0.067841,0.080558,0.051439,0.062046,0.1786,0.05636,0.068894,0.045209,0.067587,0.14308,0.042322,0.025116,0.034325,0.10951,0.063236,0.04424,0.064053,0.061889,0.060237,0.061989,0.064065,0.058033,0.065729,0.06777,0.070601,0.074649,0.073229,0.074252,0.076353,0.085713,0.076814,0.078415,0.079964,0.085707,0.082275,0.082703,0.083726,0.072184,0.0882,0.085884,0.086644
0.055556,0.071964,0.1544,0.11296,0.11623,0.056602,0.10164,0.078266,0.045106,0.083998,0.15619,0.19323,0.19454,0.10595,0.10793,0.10902,0.17254,0.13525,0.082708,0.029523,0.187,0.16682,0.14608,0.13758,0.066448,0.071401,0.12774,0.12358,0.14824,0.076441,0.083419,0.056484,0.073007,0.072575,0.053022,0.049839,0.14428,0.057779,0.035248,0.043124,0.041362,0.043747,0.042325,0.040969,0.045583,0.041271,0.038842,0.038023,0.033613,0.032908,0.034051,0.033596,0.014207,0.028797,0.028659,0.027912,0.039149,0.026213,0.028387,0.026593,0.023593,0.023563,0.025941,0.027123
0.11111,0.078909,0.073121,0.13444,0.17227,0.23722,0.1372,0.11094,0.15883,0.14814,0.16073,0.15139,0.16287,0.059584,0.050383,0.19794,0.03465,0.12023,0.18733,0.079426,0.043014,0.055018,0.27451,0.062059,0.11112,0.18226,0.13358,0.078358,0.19353,0.077039,0.099701,0.12061,0.1188,0.14232,0.15123,0.17149,0.055209,0.1312,0.11673,0.10515,0.099213,0.099378,0.097253,0.09684,0.098779,0.094911,0.095431,0.095046,0.096099,0.096628,0.096223,0.095541,0.10349,0.10058,0.10099,0.10186,0.10049,0.10403,0.10584,0.10765,0.10067,0.10926,0.11034,0.11088
0,0.12427,0.12565,0.15015,0.048216,0.22797,0.060981,0.10291,0.085745,0.016984,0.13051,0.17012,0.17188,0.11545,0.030802,0.093678,0.058064,0.11481,0.18896,0.067842,0.075341,0.071981,0.12286,0.13887,0.06045,0.0122,0.035777,0.087655,0.20792,0.10777,0.10229,0.068554,0.046882,0.040033,0.078197,0.10096,0.029562,0.077617,0.08439,0.097307,0.10638,0.10562,0.10757,0.10415,0.092418,0.10205,0.10168,0.099251,0.091495,0.097712,0.096203,0.093889,0.10965,0.096355,0.093128,0.088225,0.11773,0.090519,0.088359,0.087522,0.066691,0.083559,0.082174,0.084184
0.11111,0.036689,0.024336,0.042026,0.032564,0.11987,0.059239,0.089961,0.032665,0.10585,0.14054,0.25795,0.21014,0.1311,0.05864,0.038632,0.070602,0.060885,0.076882,0.0028934,0.082347,0.10562,0.12391,0.16571,0.17815,0.01563,0.022922,0.16047,0.12461,0.024318,0.039664,0.10065,0.036312,0.037649,0.025635,0.021776,0.1104,0.03628,0.031345,0.01995,0.027715,0.026751,0.027041,0.028277,0.033784,0.032723,0.036005,0.037801,0.034679,0.041165,0.044718,0.048377,0.060947,0.04736,0.051824,0.056584,0.032392,0.058219,0.061609,0.063713,0.074797,0.06723,0.067166,0.070863
0.027778,0.2848,0.25101,0.20664,0.093411,0.23379,0.14998,0.033699,0.13033,0.11077,0.15817,0.12359,0.101,0.077358,0.048417,0.19934,0.18538,0.085477,0.070943,0.082133,0.046942,0.24598,0.25099,0.062973,0.23841,0.018895,0.057722,0.25494,0.17213,0.12708,0.13331,0.17887,0.12228,0.18087,0.10733,0.089504,0.15426,0.11099,0.1129,0.10905,0.10054,0.1084,0.10653,0.10602,0.097839,0.10992,0.10858,0.10643,0.11487,0.10815,0.10906,0.10918,0.1136,0.10981,0.11369,0.11637,0.10203,0.11523,0.11681,0.12143,0.1134,0.12596,0.13073,0.13263
0.19444,0.076554,0.10809,0.093721,0.11969,0.12008,0.15768,0.086373,0.048015,0.18294,0.073257,0.020595,0.17416,0.095179,0.17018,0.16895,0.09557,0.1658,0.12397,0.051397,0.014,0.13106,0.093741,0.016953,0.05802,0.21901,0.17406,0.074575,0.062478,0.098739,0.18807,0.032577,0.2063,0.11813,0.14712,0.15613,0.13377,0.17825,0.14288,0.14934,0.13256,0.14831,0.14876,0.14807,0.14048,0.1481,0.14839,0.14914,0.15198,0.14964,0.14688,0.148,0.15757,0.14806,0.14833,0.14952,0.15256,0.14963,0.14836,0.15064,0.15621,0.14664,0.14408,0.14232
0.11111,0.057238,0.064333,0.10965,0.024116,0.11647,0.13206,0.12087,0.097056,0.1048,0.15034,0.13697,0.17618,0.049003,0.080095,0.069095,0.078624,0.10006,0.11231,0.10375,0.10173,0.03813,0.090499,0.18514,0.03525,0.097962,0.097132,0.091223,0.23762,0.15607,0.15487,0.097017,0.087648,0.1343,0.14206,0.13142,0.13168,0.1237,0.11481,0.10366,0.10505,0.10394,0.1026,0.10175,0.099856,0.1013,0.099234,0.10063,0.09645,0.099897,0.099231,0.099255,0.07033,0.099006,0.09827,0.098661,0.13037,0.095142,0.094137,0.094964,0.095719,0.087803,0.08596,0.084252
0.055556,0.080118,0.079177,0.04318,0.063483,0.093669,0.12547,0.10334,0.17146,0.014125,0.14949,0.16549,0.12399,0.078232,0.033221,0.12026,0.077001,0.10933,0.043909,0.15695,0.13223,0.14936,0.2735,0.078625,0.19369,0.063276,0.035852,0.092809,0.20447,0.13275,0.095646,0.11696,0.0094583,0.12395,0.16597,0.12149,0.042187,0.15777,0.13992,0.13296,0.12004,0.12684,0.12483,0.12453,0.11491,0.12387,0.12232,0.12146,0.095155,0.11899,0.11896,0.1154,0.076217,0.10801,0.09726,0.10172,0.094328,0.08054,0.079899,0.072628,0.065906,0.064879,0.062048,0.057285
0.13889,0.10131,0.13927,0.2306,0.28599,0.15133,0.10282,0.22334,0.020727,0.039794,0.1218,0.083673,0.083021,0.095112,0.020444,0.1336,0.082034,0.022004,0.098498,0.10482,0.038597,0.20069,0.16286,0.16628,0.21973,0.1908,0.081208,0.054669,0.1045,0.09871,0.1048,0.073817,0.16664,0.16764,0.10456,0.086492,0.14469,0.12619,0.12804,0.11523,0.10879,0.092316,0.090424,0.091502,0.11383,0.09582,0.098314,0.10034,0.092623,0.1027,0.10185,0.10153,0.099139,0.10762,0.10602,0.10658,0.10222,0.10601,0.10724,0.10785,0.096914,0.10887,0.11017,0.11061
0,0.15013,0.078917,0.19224,0.1706,0.11557,0.079238,0.11978,0.10729,0.12469,0.13987,0.16299,0.17363,0.10934,0.061785,0.091832,0.15235,0.14504,0.11314,0.049531,0.25635,0.073931,0.12207,0.13306,0.09517,0.050613,0.06165,0.059982,0.19459,0.046179,0.09349,0.030588,0.19394,0.13386,0.1188,0.1176,0.087479,0.13418,0.10352,0.13043,0.13048,0.13449,0.13527,0.13797,0.1363,0.13539,0.13197,0.1342,0.13717,0.1411,0.14308,0.146,0.1301,0.15103,0.15399,0.15714,0.18648,0.15941,0.16088,0.16337,0.1705,0.16441,0.16605,0.16649
0.055556,0.11128,0.16178,0.24961,0.20374,0.10533,0.088514,0.071461,0.32142,0.16924,0.13156,0.13246,0.079834,0.095301,0.040936,0.076355,0.11291,0.058663,0.078073,0.034146,0.17569,0.083634,0.11935,0.021543,0.127,0.10067,0.075474,0.095047,0.1142,0.010995,0.22894,0.0082604,0.065597,0.21653,0.20733,0.22299,0.23345,0.23507,0.20179,0.1955,0.1846,0.18905,0.18744,0.18425,0.19378,0.178,0.16598,0.16503,0.16715,0.16495,0.16695,0.16945,0.17454,0.16576,0.16824,0.166,0.16969,0.16812,0.16945,0.18115,0.20643,0.16215,0.16089,0.15209
0.13889,0.092311,0.11933,0.15552,0.1204,0.11997,0.17503,0.076261,0.13427,0.065041,0.12418,0.051989,0.13235,0.13551,0.063231,0.081822,0.06967,0.13514,0.13273,0.071087,0.096898,0.05019,0.088013,0.20774,0.090397,0.098469,0.07913,0.070704,0.20022,0.086908,0.16973,0.058597,0.35691,0.050061,0.066973,0.039507,0.0139,0.037248,0.051144,0.028277,0.014377,0.022775,0.022838,0.021839,0.02167,0.022894,0.022123,0.022417,0.01051,0.023452,0.022527,0.025547,0.020051,0.019074,0.022766,0.028242,0.020122,0.02343,0.024258,0.023266,0.028451,0.02949,0.027816,0.028156
0.083333,0.062372,0.089613,0.16237,0.017329,0.13216,0.094195,0.064051,0.043857,0.14166,0.035943,0.047724,0.20866,0.083764,0.14278,0.15055,0.092185,0.16067,0.14106,0.066154,0.10383,0.17801,0.15247,0.14972,0.04282,0.12029,0.082508,0.19609,0.13933,0.042321,0.050494,0.063886,0.050054,0.13365,0.097918,0.10033,0.081189,0.10293,0.099511,0.091462,0.074734,0.073648,0.073635,0.074399,0.063389,0.06828,0.066822,0.06184,0.053954,0.055659,0.051342,0.045783,0.057378,0.046748,0.041434,0.040076,0.033135,0.038824,0.03849,0.036727,0.056857,0.03836,0.042288,0.044281
0.11111,0.17382,0.19293,0.26937,0.24375,0.029236,0.17919,0.13425,0.14559,0.10575,0.096686,0.048193,0.04208,0.10141,0.12336,0.14895,0.089682,0.066682,0.11705,0.035723,0.17312,0.12628,0.11458,0.10895,0.053815,0.040664,0.14099,0.15303,0.21578,0.089074,0.095996,0.08866,0.094999,0.11035,0.15142,0.14626,0.12354,0.11062,0.16163,0.12977,0.14058,0.14289,0.14412,0.14841,0.14357,0.15153,0.15396,0.15643,0.15509,0.15588,0.16213,0.16322,0.14218,0.16746,0.16876,0.17195,0.17113,0.17776,0.18072,0.18277,0.18163,0.18956,0.19234,0.19375
0.13889,0.31204,0.42348,0.12251,0.15785,0.322,0.36046,0.25392,0.46866,0.093669,0.17629,0.11151,0.01682,0.12101,0.11647,0.18901,0.13091,0.14452,0.11428,0.10875,0.13628,0.11928,0.11358,0.095503,0.12158,0.09766,0.13212,0.0090255,0.24495,0.12584,0.15572,0.10648,0.10032,0.27089,0.28958,0.30601,0.19883,0.32646,0.32592,0.35208,0.3596,0.3652,0.37095,0.37604,0.38438,0.38505,0.38785,0.39279,0.39251,0.39865,0.40242,0.40433,0.40923,0.41078,0.41368,0.41624,0.4157,0.42115,0.42372,0.43044,0.37064,0.43097,0.43514,0.44033
0.13889,0.19661,0.134,0.22346,0.12261,0.15428,0.1243,0.14774,0.10507,0.047443,0.030018,0.064132,0.046679,0.12762,0.034656,0.038335,0.10965,0.11336,0.01651,0.12155,0.05686,0.036992,0.106,0.12783,0.12993,0.082038,0.10801,0.099337,0.15258,0.22676,0.18421,0.11628,0.17302,0.20926,0.20667,0.19644,0.075811,0.24929,0.22116,0.19185,0.19006,0.19703,0.19965,0.20348,0.20833,0.20908,0.21054,0.21202,0.20057,0.21386,0.21505,0.2161,0.22217,0.21632,0.21655,0.21905,0.2358,0.21839,0.21978,0.21665,0.20432,0.21342,0.21716,0.21179
0,0.068819,0.14279,0.30802,0.16551,0.12914,0.099624,0.22055,0.1897,0.053506,0.12178,0.048389,0.18202,0.10242,0.044882,0.034586,0.051164,0.17388,0.17669,0.20623,0.019913,0.040483,0.08993,0.020103,0.21704,0.057385,0.10326,0.086748,0.11241,0.10683,0.010661,0.061225,0.11607,0.026139,0.064068,0.074649,0.061193,0.026149,0.06898,0.06711,0.087789,0.073836,0.071389,0.071826,0.070062,0.070041,0.073706,0.073111,0.075882,0.073154,0.079187,0.086244,0.064166,0.084408,0.085774,0.086425,0.061637,0.087513,0.087006,0.087626,0.0436,0.085374,0.084367,0.083639
0.083333,0.18413,0.072506,0.10689,0.22992,0.11288,0.11531,0.12523,0.10893,0.014395,0.047986,0.045279,0.24286,0.040061,0.053125,0.10417,0.053145,0.27239,0.17693,0.13462,0.11346,0.054546,0.086042,0.19557,0.12595,0.20824,0.086397,0.057712,0.097324,0.22851,0.19314,0.084849,0.1502,0.16608,0.072844,0.05946,0.060568,0.094825,0.081293,0.062809,0.044874,0.05601,0.052262,0.051091,0.034567,0.047479,0.047386,0.04522,0.047875,0.040251,0.042237,0.040394,0.030492,0.039666,0.039349,0.041776,0.058704,0.036147,0.036846,0.043786,0.034733,0.031546,0.031242,0.027103
0.13889,0.25407,0.30204,0.10636,0.1496,0.21599,0.26042,0.19207,0.13935,0.27037,0.057369,0.092736,0.048359,0.014786,0.11434,0.14642,0.04855,0.071683,0.052851,0.041691,0.16096,0.034337,0.11857,0.063233,0.11018,0.048994,0.080117,0.20111,0.23627,0.031826,0.11507,0.055079,0.25046,0.1052,0.11484,0.12011,0.081636,0.091646,0.059466,0.053273,0.049767,0.052936,0.049192,0.048061,0.049787,0.043839,0.040443,0.03887,0.032589,0.03468,0.032341,0.030529,0.014291,0.026079,0.02506,0.024126,0.020415,0.016993,0.016367,0.01512,0.0078928,0.0066357,0.0028706,0.00248
0.083333,0.31495,0.43979,0.20001,0.13325,0.36813,0.25984,0.27637,0.56891,0.17189,0.17054,0.21149,0.3122,0.10841,0.1171,0.12543,0.096272,0.13316,0.019646,0.045074,0.10435,0.040313,0.093621,0.036994,0.049228,0.073963,0.032442,0.14914,0.20426,0.032799,0.14025,0.1635,0.24661,0.22547,0.21284,0.19961,0.24359,0.25112,0.21537,0.22811,0.22369,0.21202,0.21175,0.21073,0.21293,0.2104,0.20998,0.20861,0.20689,0.20894,0.20681,0.20601,0.2158,0.20633,0.20589,0.20574,0.20204,0.20404,0.20345,0.20668,0.18563,0.20067,0.19852,0.19688
0.19444,0.24919,0.20505,0.1257,0.39576,0.2444,0.30885,0.2818,0.42206,0.058962,0.06427,0.079603,0.18447,0.054978,0.12185,0.11073,0.096552,0.030092,0.061619,0.023344,0.11782,0.017412,0.10781,0.03261,0.010497,0.057345,0.033508,0.093709,0.20265,0.069981,0.12334,0.04949,0.3261,0.090528,0.083309,0.077271,0.039793,0.027275,0.049274,0.034987,0.013349,0.024478,0.026355,0.031744,0.040395,0.0406,0.044504,0.047189,0.044948,0.050707,0.053454,0.055552,0.04778,0.060873,0.06314,0.064369,0.075288,0.068056,0.070081,0.077217,0.043327,0.077944,0.08093,0.082191
0.055556,0.2235,0.18071,0.029033,0.76867,0.18547,0.06164,0.11107,0.30963,0.077479,0.03571,0.062586,0.20882,0.09685,0.11613,0.078428,0.052661,0.086678,0.079654,0.12687,0.14041,0.14079,0.14299,0.11313,0.16051,0.040853,0.072438,0.086068,0.17627,0.090624,0.12168,0.12414,0.031847,0.031133,0.049973,0.043637,0.087622,0.087452,0.062761,0.06255,0.057245,0.037544,0.032066,0.033926,0.045262,0.036677,0.042774,0.044253,0.041528,0.047341,0.048395,0.047917,0.035543,0.044015,0.041125,0.039999,0.064146,0.038,0.038582,0.047924,0.03749,0.027275,0.027747,0.027801
0.22222,0.05011,0.20664,0.12077,0.81749,0.14248,0.11013,0.091165,0.1794,0.055234,0.078676,0.068296,0.12588,0.098304,0.09827,0.070479,0.096814,0.11604,0.076769,0.084542,0.061313,0.10422,0.10395,0.19097,0.13916,0.017432,0.10194,0.044496,0.060887,0.029714,0.10071,0.0456,0.14794,0.056733,0.043874,0.025682,0.055171,0.050402,0.039898,0.042597,0.044029,0.046842,0.044633,0.043325,0.041299,0.0366,0.035092,0.03092,0.017465,0.030754,0.023461,0.02059,0.012233,0.019339,0.016398,0.015217,0.027872,0.018632,0.020326,0.02579,0.019744,0.026977,0.033763,0.036862
0.33333,0.20159,0.11857,0.051544,0.84922,0.28991,0.12525,0.11514,0.11884,0.047886,0.15743,0.19512,0.078863,0.030608,0.064015,0.043789,0.074868,0.087573,0.076408,0.20502,0.14305,0.1119,0.016144,0.071598,0.0725,0.11392,0.041853,0.077506,0.21442,0.020918,0.045141,0.046247,0.12297,0.094355,0.11543,0.11887,0.091029,0.10462,0.099884,0.11104,0.10532,0.11866,0.11855,0.11867,0.099684,0.12276,0.12346,0.1236,0.11886,0.1222,0.12268,0.12067,0.10859,0.11869,0.11786,0.11836,0.10372,0.11546,0.11395,0.11447,0.076194,0.10999,0.10997,0.11062
0.22222,0.51488,0.57698,0.35006,0.95204,0.042411,0.21013,0.20641,0.66258,0.18018,0.13549,0.14162,0.43699,0.14697,0.18599,0.14699,0.087911,0.10136,0.21787,0.032766,0.17525,0.11678,0.19309,0.1304,0.094248,0.19674,0.16098,0.17969,0.16164,0.10559,0.22584,0.1971,0.199,0.2187,0.24514,0.27408,0.24019,0.25084,0.2727,0.27639,0.25536,0.27011,0.27106,0.27301,0.27049,0.27642,0.27829,0.27791,0.28507,0.28507,0.28376,0.28512,0.28426,0.28816,0.288,0.28873,0.29238,0.28718,0.28506,0.28289,0.3114,0.28598,0.28106,0.27918
0.055556,0.43296,0.27641,0.443,0.85469,0.1412,0.082761,0.04951,0.63032,0.12618,0.17351,0.17991,0.30815,0.13635,0.16621,0.070194,0.10586,0.097729,0.23084,0.12401,0.19526,0.10089,0.060749,0.023278,0.09096,0.072609,0.16377,0.15671,0.061508,0.065493,0.18386,0.21375,0.32124,0.25229,0.26014,0.27811,0.19381,0.25863,0.26097,0.25413,0.26038,0.25764,0.25916,0.26025,0.25105,0.26048,0.26166,0.26175,0.26929,0.26139,0.26273,0.26389,0.25489,0.26582,0.26567,0.26782,0.27332,0.26706,0.26817,0.2692,0.23577,0.2714,0.27496,0.27641
0,0.61402,0.55122,0.32596,0.66922,0.45674,0.45189,0.34012,0.73776,0.34153,0.41699,0.43544,0.52739,0.26902,0.33028,0.38096,0.22671,0.075045,0.32464,0.20722,0.10877,0.13784,0.3141,0.1383,0.086054,0.28542,0.37178,0.28624,0.17855,0.25266,0.3967,0.46838,0.49494,0.62579,0.64007,0.65525,0.51167,0.66884,0.67486,0.67216,0.6797,0.68384,0.68814,0.69564,0.70702,0.7106,0.71926,0.7267,0.73151,0.73492,0.73949,0.7434,0.73479,0.74756,0.75061,0.75358,0.74015,0.75833,0.76148,0.764,0.71702,0.77082,0.773,0.77624
