0.057143,0.12523,0.084199,0.12023,0.2757,0.023769,0.18559,0.095849,0.087812,0.13731,0.09309,0.15734,0.16375,0.11305,0.014861,0.16753,0.068977,0.046191,0.068876,0.13263,0.12303,0.075127,0.054509,0.044295,0.2154,0.077115,0.0075225,0.031496,0.11833,0.1309,0.089062,0.1026,0.12712,0.092009,0.10133,0.072627,0.095251,0.092799,0.06846,0.067421,0.079768,0.070708,0.069707,0.0678,0.06298,0.064352,0.064396,0.062042,0.064809,0.061599,0.059724,0.059228,0.066148,0.053404,0.052622,0.052221,0.094585,0.048257,0.048383,0.04716,0.055964,0.051788,0.051777,0.05553
0.028571,0.1209,0.092857,0.13097,0.10192,0.12255,0.096947,0.10869,0.091146,0.15811,0.12672,0.031555,0.24426,0.16873,0.094707,0.1491,0.20175,0.048281,0.17355,0.13628,0.034105,0.10643,0.15712,0.15784,0.18547,0.23022,0.22417,0.079729,0.14449,0.27136,0.17401,0.20002,0.17181,0.22467,0.21123,0.2477,0.22314,0.18515,0.21185,0.21625,0.2062,0.21082,0.21215,0.21311,0.2112,0.21507,0.21522,0.21562,0.21523,0.21711,0.21693,0.21676,0.22677,0.21649,0.21644,0.21695,0.20937,0.21345,0.21254,0.20922,0.24667,0.21231,0.20767,0.20131
0.11429,0.13303,0.043756,0.10013,0.24325,0.051986,0.083752,0.087312,0.054757,0.16265,0.15931,0.029805,0.29141,0.14767,0.19359,0.1238,0.015945,0.13153,0.083622,0.051498,0.086335,0.086028,0.17437,0.12507,0.26709,0.15858,0.15496,0.052672,0.15777,0.092168,0.15826,0.024952,0.3171,0.025203,0.012602,0.0071117,0.15804,0.035484,0.046935,0.028731,0.029053,0.044478,0.046495,0.051599,0.046579,0.057194,0.062145,0.066483,0.07221,0.074293,0.077683,0.082038,0.088753,0.084786,0.085953,0.087667,0.096022,0.089021,0.091008,0.089944,0.08635,0.092866,0.093199,0.091625
0,0.020072,0.10786,0.11803,0.071362,0.10268,0.11043,0.034699,0.16079,0.10776,0.19143,0.04361,0.10007,0.087345,0.20167,0.15848,0.02672,0.12721,0.11323,0.11045,0.21782,0.07537,0.22887,0.062341,0.071147,0.18562,0.11823,0.017723,0.16963,0.18602,0.22421,0.053948,0.38032,0.017436,0.046833,0.048734,0.10242,0.083603,0.086601,0.076999,0.062499,0.063802,0.05917,0.055275,0.054988,0.04754,0.044429,0.04136,0.036549,0.033098,0.029076,0.028308,0.017524,0.019503,0.016193,0.013139,0.027286,0.0088716,0.0062529,0.0068159,0.016933,0.0026827,0.0028596,0.0018301
0.11429,0.12401,0.069507,0.19251,0.16318,0.039485,0.054615,0.11206,0.10603,0.12796,0.1036,0.11681,0.19085,0.18076,0.076136,0.076895,0.12271,0.10339,0.13363,0.10994,0.12338,0.011808,0.21389,0.2224,0.21071,0.21469,0.19393,0.10499,0.051431,0.094134,0.14025,0.18464,0.32833,0.1331,0.13108,0.1249,0.1293,0.12841,0.14877,0.13747,0.13251,0.13407,0.13177,0.13953,0.13225,0.14993,0.14679,0.1445,0.14199,0.14211,0.13921,0.13748,0.11651,0.13574,0.13496,0.1367,0.12888,0.13519,0.13526,0.13536,0.14854,0.13986,0.14116,0.14238
0.028571,0.11377,0.13541,0.22157,0.085724,0.14314,0.047008,0.032897,0.037022,0.13687,0.1237,0.0344,0.15984,0.16057,0.033343,0.019238,0.013258,0.099335,0.030429,0.088648,0.17433,0.014752,0.24239,0.17862,0.15153,0.34554,0.2321,0.12543,0.1697,0.236,0.24492,0.35548,0.24179,0.28706,0.29809,0.30422,0.25388,0.3159,0.32934,0.31816,0.31362,0.31703,0.31391,0.31011,0.30972,0.30929,0.31002,0.3107,0.32585,0.30733,0.31341,0.31289,0.29747,0.30936,0.31056,0.31022,0.31494,0.30707,0.30742,0.28345,0.30883,0.30922,0.31148,0.3129
0.2,0.074789,0.12822,0.28018,0.22825,0.020815,0.11585,0.13132,0.14111,0.10893,0.10671,0.059291,0.079221,0.13323,0.11303,0.14097,0.16539,0.10541,0.062404,0.17246,0.063137,0.17224,0.21125,0.12454,0.0092619,0.27042,0.12649,0.12019,0.15713,0.24107,0.21235,0.2577,0.17399,0.26219,0.27606,0.2765,0.19805,0.2749,0.28067,0.27259,0.28249,0.27629,0.27701,0.27718,0.27928,0.27737,0.2784,0.27597,0.3063,0.27421,0.27529,0.2744,0.28803,0.27492,0.27509,0.27708,0.25879,0.27331,0.27312,0.27166,0.28355,0.27118,0.27139,0.27536
0.28571,0.11783,0.0068844,0.16415,0.039072,0.19559,0.23093,0.25001,0.045807,0.10976,0.1625,0.056088,0.15129,0.17137,0.047188,0.10604,0.0591,0.050936,0.053049,0.1876,0.0077349,0.098402,0.13294,0.20064,0.13577,0.15844,0.11958,0.070132,0.15104,0.13782,0.034608,0.058014,0.0675,0.034349,0.022089,0.012171,0.084669,0.049153,0.046321,0.036291,0.026508,0.03078,0.027221,0.026209,0.01729,0.020905,0.020811,0.019297,0.017126,0.017884,0.017223,0.017927,0.037655,0.015001,0.016982,0.016254,0.025485,0.022493,0.022944,0.026629,0.015001,0.0051181,0.018189,0.025168
0.11429,0.15978,0.090956,0.22978,0.12401,0.03958,0.087724,0.060893,0.058957,0.044052,0.12203,0.040729,0.1076,0.074237,0.1723,0.10804,0.12529,0.046624,0.12573,0.035897,0.049734,0.13771,0.11778,0.13364,0.18284,0.27372,0.10165,0.10464,0.092502,0.15231,0.16857,0.15735,0.036002,0.12299,0.12177,0.14311,0.15354,0.1375,0.13641,0.1408,0.15272,0.16455,0.1683,0.17596,0.18557,0.17395,0.17652,0.18231,0.18415,0.17937,0.19136,0.19835,0.15295,0.1799,0.18472,0.19242,0.21404,0.18823,0.18926,0.18838,0.21576,0.18678,0.18531,0.18186
0.028571,0.15842,0.081108,0.10723,0.14354,0.02987,0.13131,0.18376,0.17073,0.10244,0.0025921,0.014232,0.049204,0.1194,0.19896,0.15585,0.14893,0.10042,0.033673,0.090177,0.054433,0.10882,0.071141,0.099041,0.16513,0.16921,0.059364,0.13132,0.14394,0.070757,0.048657,0.10874,0.20365,0.075192,0.10825,0.090179,0.08802,0.09061,0.11708,0.10756,0.11528,0.11451,0.11413,0.11432,0.124,0.11564,0.11507,0.11478,0.12262,0.11646,0.11496,0.11454,0.11213,0.11684,0.11593,0.11365,0.12334,0.11758,0.11802,0.11183,0.14075,0.11459,0.11404,0.11461
0.085714,0.16016,0.04987,0.071909,0.083771,0.18454,0.10903,0.055923,0.32785,0.15176,0.15111,0.080991,0.04307,0.067432,0.12895,0.24046,0.1782,0.095252,0.16404,0.15206,0.12393,0.090489,0.26373,0.081557,0.11681,0.15383,0.069158,0.10154,0.16709,0.081802,0.098188,0.13227,0.29975,0.1125,0.11821,0.14071,0.22221,0.12272,0.12892,0.11032,0.10537,0.10742,0.10826,0.10935,0.10226,0.10751,0.10902,0.11006,0.11822,0.11156,0.11304,0.11213,0.12208,0.13406,0.13143,0.11609,0.15302,0.1258,0.12269,0.11643,0.095194,0.13229,0.13843,0.13954
0.085714,0.023422,0.043843,0.156,0.16052,0.13374,0.13028,0.020277,0.19808,0.25456,0.26913,0.032474,0.1362,0.12065,0.078243,0.076655,0.13124,0.02079,0.138,0.13507,0.072002,0.14082,0.24081,0.15374,0.17247,0.14782,0.087048,0.048331,0.062599,0.18136,0.24083,0.23071,0.48196,0.25317,0.23881,0.24564,0.19424,0.27975,0.26216,0.26847,0.27523,0.27702,0.27901,0.28152,0.28507,0.28031,0.28364,0.28247,0.28428,0.28455,0.28433,0.28626,0.29664,0.28434,0.28473,0.29199,0.29651,0.28953,0.29019,0.28295,0.24098,0.27851,0.26166,0.29211
0.14286,0.15,0.073479,0.10279,0.13821,0.073998,0.045031,0.07739,0.085948,0.17236,0.13216,0.068705,0.20984,0.17784,0.2836,0.18439,0.009473,0.14661,0.14859,0.081626,0.081493,0.21584,0.26323,0.19164,0.034648,0.22625,0.20307,0.16813,0.14438,0.083381,0.19523,0.25236,0.2472,0.28837,0.26755,0.27892,0.2576,0.26575,0.26623,0.27036,0.26994,0.2641,0.26627,0.26852,0.26399,0.26928,0.2705,0.26968,0.26879,0.27022,0.26891,0.26887,0.27758,0.26913,0.26826,0.26891,0.29273,0.26567,0.2664,0.2755,0.23313,0.26081,0.2591,0.26184
0.11429,0.072414,0.13573,0.055684,0.27172,0.093512,0.085426,0.072722,0.13759,0.14517,0.053899,0.090272,0.064284,0.11794,0.31117,0.21658,0.11884,0.10091,0.18658,0.15834,0.083073,0.10428,0.12342,0.058999,0.21869,0.11801,0.1425,0.11725,0.081886,0.18346,0.18421,0.23164,0.065635,0.19293,0.26228,0.2688,0.17956,0.27465,0.27947,0.26907,0.24793,0.24694,0.24398,0.24027,0.23239,0.23293,0.23125,0.22927,0.23276,0.22888,0.22864,0.22752,0.2268,0.22894,0.22842,0.2273,0.24458,0.2287,0.22811,0.22797,0.22144,0.23089,0.23014,0.22882
0.11429,0.12255,0.35156,0.36097,0.20901,0.25712,0.092191,0.13967,0.49536,0.19627,0.19371,0.075316,0.38208,0.20036,0.18768,0.02437,0.24219,0.27563,0.16071,0.050539,0.2254,0.041279,0.10605,0.037093,0.19303,0.15274,0.23309,0.060996,0.13758,0.19945,0.079518,0.11132,0.2689,0.12733,0.084069,0.11729,0.092979,0.073021,0.082495,0.089037,0.089656,0.08912,0.090042,0.091095,0.086776,0.089517,0.090607,0.089713,0.084646,0.089926,0.089437,0.089138,0.084725,0.090365,0.088848,0.088096,0.084865,0.087733,0.086322,0.08742,0.063369,0.07624,0.069452,0.064515
0.057143,0.13556,0.1336,0.068492,0.041725,0.055244,0.028253,0.057958,0.21749,0.01912,0.093094,0.12822,0.18439,0.19111,0.10075,0.096783,0.059233,0.15098,0.1856,0.08534,0.12027,0.11528,0.14243,0.17112,0.028819,0.12219,0.1197,0.20659,0.17512,0.042425,0.13238,0.080156,0.15987,0.13169,0.13603,0.1656,0.10041,0.18878,0.2052,0.19245,0.18433,0.20094,0.20258,0.20752,0.19068,0.20946,0.20843,0.21058,0.20304,0.21037,0.21306,0.21182,0.16719,0.20563,0.20838,0.21365,0.20036,0.19807,0.20165,0.19251,0.1885,0.20025,0.19877,0.20078
0.057143,0.16604,0.040101,0.10069,0.15321,0.064587,0.10773,0.10615,0.21804,0.17056,0.071921,0.1213,0.18896,0.1295,0.22652,0.13793,0.068521,0.058583,0.11235,0.15099,0.14156,0.050037,0.12595,0.11758,0.14904,0.096936,0.069995,0.079864,0.17371,0.053776,0.19974,0.093353,0.23435,0.11383,0.173,0.13721,0.093035,0.11381,0.15356,0.15633,0.16246,0.16139,0.16244,0.16359,0.16571,0.16471,0.16546,0.16612,0.16692,0.16696,0.16667,0.16775,0.16103,0.16708,0.16713,0.1684,0.18486,0.16743,0.16889,0.17055,0.15793,0.1675,0.16673,0.17125
0.11429,0.26606,0.1085,0.13024,0.19381,0.1316,0.074606,0.017763,0.11158,0.17277,0.21565,0.089476,0.18821,0.2827,0.13254,0.21058,0.022572,0.15162,0.11422,0.08847,0.085842,0.14465,0.16414,0.27756,0.18847,0.23576,0.20548,0.20214,0.13407,0.020423,0.08447,0.16273,0.035879,0.13879,0.16984,0.1697,0.17797,0.16328,0.1585,0.16546,0.15829,0.15769,0.1562,0.1546,0.15427,0.1524,0.14997,0.14932,0.14591,0.14666,0.14607,0.14406,0.13772,0.14236,0.14112,0.14072,0.12712,0.13956,0.1389,0.14534,0.20327,0.12301,0.1219,0.11471
0.28571,0.19005,0.20478,0.089915,0.097473,0.20032,0.11409,0.061467,0.19249,0.094108,0.19086,0.053439,0.24237,0.12832,0.0063375,0.080627,0.11332,0.083717,0.19326,0.13842,0.16185,0.10787,0.14443,0.23632,0.15073,0.049218,0.1192,0.18738,0.1746,0.041137,0.12629,0.22601,0.63342,0.17588,0.19339,0.20648,0.087106,0.22742,0.21909,0.23246,0.23673,0.23646,0.23796,0.24022,0.24142,0.24263,0.24385,0.24442,0.24984,0.24665,0.24714,0.2501,0.24327,0.24914,0.24975,0.25013,0.24539,0.25213,0.25305,0.25172,0.21697,0.25418,0.25582,0.25675
0.057143,0.11052,0.22112,0.22623,0.38881,0.24484,0.12119,0.13957,0.61253,0.18203,0.14328,0.1219,0.52739,0.075412,0.064199,0.07737,0.12158,0.080315,0.051687,0.083266,0.38055,0.098788,0.13394,0.17572,0.080109,0.040788,0.031526,0.054489,0.091829,0.21812,0.013724,0.20711,0.59862,0.093444,0.041479,0.047342,0.09277,0.14336,0.069208,0.065208,0.084041,0.09636,0.09901,0.10066,0.10012,0.10274,0.10775,0.10614,0.10804,0.10454,0.10609,0.10734,0.10935,0.10084,0.10168,0.10078,0.084802,0.096039,0.09475,0.088815,0.20682,0.1046,0.094444,0.088732
0.2,0.42343,0.4243,0.26,0.52425,0.057807,0.28101,0.29516,0.22702,0.09771,0.19864,0.12473,0.38641,0.11667,0.28885,0.045298,0.29927,0.20533,0.18029,0.11069,0.1385,0.18774,0.24091,0.15104,0.095386,0.024182,0.17698,0.12052,0.059625,0.17935,0.15676,0.23927,0.078447,0.2141,0.24084,0.24645,0.21637,0.21604,0.23783,0.24279,0.23652,0.24284,0.24544,0.24635,0.2384,0.24805,0.2501,0.25066,0.25595,0.25046,0.25114,0.25097,0.24803,0.25212,0.25145,0.25168,0.2572,0.24901,0.24562,0.237,0.23839,0.24283,0.23577,0.23582
0.34286,0.72737,0.59573,0.40455,0.75248,0.28552,0.45852,0.40566,0.25945,0.28293,0.39508,0.18558,0.53133,0.21884,0.4278,0.24714,0.37831,0.38773,0.3954,0.32876,0.18649,0.32386,0.45753,0.27097,0.06461,0.27989,0.3945,0.31359,0.079583,0.39507,0.37538,0.47623,0.35514,0.58042,0.59845,0.60602,0.57218,0.63386,0.631,0.63541,0.63544,0.64827,0.65372,0.65924,0.65884,0.66909,0.67262,0.67543,0.67479,0.67915,0.68209,0.68382,0.69125,0.68657,0.68769,0.69015,0.66436,0.69345,0.69746,0.69865,0.66179,0.69805,0.70298,0.71039
0.34286,0.76689,0.61305,0.27356,0.822,0.34205,0.37171,0.26072,0.30931,0.32111,0.33374,0.10465,0.44798,0.43459,0.50078,0.30936,0.16085,0.38086,0.51657,0.38814,0.18297,0.20202,0.43818,0.36474,0.1438,0.36051,0.4837,0.29772,0.19472,0.26647,0.34788,0.45307,0.24214,0.64616,0.66424,0.68323,0.5511,0.69709,0.69322,0.69666,0.69654,0.71982,0.72604,0.72808,0.72666,0.72929,0.72898,0.72931,0.73055,0.72734,0.72786,0.72652,0.71999,0.72502,0.72372,0.72207,0.73129,0.72055,0.7186,0.71727,0.70669,0.71659,0.71505,0.71432
0.48571,0.74615,0.56539,0.20695,0.84238,0.40835,0.44343,0.20059,0.20381,0.29376,0.26253,0.19822,0.060533,0.24183,0.38947,0.29367,0.13403,0.25912,0.38906,0.1488,0.11024,0.25655,0.40823,0.34606,0.14477,0.35636,0.50319,0.39936,0.087522,0.23258,0.38541,0.43146,0.14056,0.62177,0.60398,0.61613,0.53569,0.65029,0.65514,0.66383,0.65039,0.6607,0.6625,0.66417,0.66426,0.67139,0.67323,0.67487,0.6802,0.68069,0.6813,0.68279,0.68053,0.68715,0.68901,0.68846,0.68732,0.69447,0.69428,0.69544,0.70623,0.6978,0.69149,0.70988
0.57143,0.87179,0.70259,0.43923,0.89424,0.35314,0.51086,0.3066,0.61684,0.56271,0.64087,0.40054,0.75502,0.33991,0.55828,0.39103,0.47099,0.47561,0.53257,0.50392,0.24574,0.35946,0.51629,0.50042,0.1486,0.37969,0.45846,0.36132,0.11697,0.63954,0.63934,0.69499,0.35297,0.7628,0.76594,0.76863,0.71474,0.77012,0.79303,0.79531,0.80031,0.79855,0.79921,0.79973,0.80251,0.80198,0.80238,0.80286,0.80378,0.80421,0.80411,0.80439,0.80447,0.80549,0.80549,0.80552,0.80017,0.80245,0.80209,0.7991,0.78472,0.80076,0.80056,0.79979
0.28571,0.55776,0.37995,0.3234,0.49666,0.077952,0.19407,0.20212,0.47643,0.17242,0.14783,0.13282,0.48194,0.1582,0.27612,0.19901,0.1865,0.27538,0.4316,0.16756,0.39077,0.12146,0.16306,0.22552,0.039421,0.03888,0.15041,0.24319,0.14102,0.2024,0.32158,0.30275,0.38339,0.28334,0.29748,0.29508,0.27165,0.29404,0.30029,0.30942,0.29888,0.30539,0.30482,0.30485,0.30326,0.30684,0.3049,0.30666,0.30808,0.30473,0.30484,0.30486,0.28659,0.3024,0.30478,0.31213,0.28219,0.29385,0.3014,0.2809,0.30499,0.27515,0.27623,0.32063
0.22857,0.28812,0.29828,0.25714,0.13275,0.2456,0.16077,0.20838,0.70613,0.31697,0.27784,0.16476,0.54859,0.078588,0.029784,0.066862,0.12223,0.14487,0.17693,0.17181,0.36259,0.10947,0.20015,0.056879,0.10794,0.05233,0.079771,0.03295,0.08823,0.032709,0.085043,0.14494,0.49409,0.064497,0.046764,0.043543,0.066815,0.034328,0.049125,0.042274,0.045256,0.041265,0.042239,0.044175,0.043863,0.045045,0.045573,0.046342,0.045448,0.047249,0.048944,0.048482,0.041253,0.048936,0.049274,0.049214,0.030305,0.054827,0.054981,0.055903,0.091292,0.049331,0.053244,0.053591
0.74286,0.90607,0.95996,0.72447,0.92389,0.60467,0.7415,0.57441,0.55773,0.51441,0.55624,0.41596,0.55479,0.47506,0.48622,0.42236,0.29721,0.43407,0.60578,0.33765,0.077423,0.28105,0.4819,0.36094,0.1393,0.38591,0.66176,0.46626,0.14962,0.56887,0.69044,0.59992,0.31099,0.78343,0.79953,0.8109,0.79617,0.82445,0.82156,0.82752,0.8332,0.83409,0.83551,0.837,0.84119,0.84112,0.84194,0.84325,0.84412,0.84632,0.84692,0.8479,0.84741,0.85037,0.85143,0.85244,0.85288,0.85315,0.85431,0.85448,0.85094,0.85633,0.8568,0.85706
0.4,0.90872,0.92873,0.59601,0.8758,0.64061,0.74268,0.72505,0.55335,0.65454,0.74538,0.52784,0.69076,0.54867,0.76721,0.70013,0.38062,0.56463,0.63038,0.47208,0.44566,0.5684,0.67504,0.56776,0.42106,0.71097,0.78914,0.65294,0.086336,0.78044,0.79149,0.8802,0.49309,0.89448,0.92236,0.92744,0.90602,0.93167,0.93581,0.93565,0.93667,0.93769,0.93845,0.93902,0.93965,0.93986,0.94029,0.9406,0.94079,0.94128,0.94147,0.94168,0.94001,0.94202,0.94218,0.94236,0.93778,0.9426,0.94267,0.94268,0.93643,0.94277,0.94265,0.94282
0.34286,0.69831,0.58439,0.20039,0.75032,0.32247,0.37869,0.33581,0.54063,0.34873,0.45757,0.088433,0.66154,0.27895,0.41263,0.37438,0.28535,0.36983,0.26701,0.35134,0.53679,0.37285,0.36205,0.3304,0.32012,0.27332,0.35793,0.25426,0.22986,0.48641,0.51203,0.61012,0.51042,0.5738,0.58629,0.59267,0.54661,0.61303,0.60459,0.60939,0.60429,0.63611,0.6375,0.64009,0.63894,0.63951,0.64167,0.64214,0.64582,0.64436,0.64441,0.64465,0.62857,0.64435,0.64555,0.64711,0.6352,0.6456,0.64435,0.63454,0.62541,0.6548,0.6542,0.65521
0.14286,0.32613,0.16864,0.29559,0.59931,0.2089,0.18053,0.072868,0.69456,0.1397,0.1922,0.090439,0.6521,0.098169,0.078205,0.090881,0.38482,0.11237,0.18111,0.056411,0.34435,0.18349,0.042664,0.036997,0.10057,0.097583,0.050623,0.12706,0.23408,0.22134,0.040131,0.095078,0.56417,0.10235,0.072945,0.089812,0.12489,0.11768,0.10463,0.098294,0.081398,0.085273,0.081959,0.080068,0.075241,0.076308,0.075945,0.07467,0.074818,0.072675,0.073284,0.074193,0.070291,0.073449,0.075513,0.073438,0.06483,0.082224,0.081537,0.091597,0.097423,0.078938,0.083471,0.084618
0.085714,0.1755,0.12005,0.2994,0.12032,0.20936,0.10774,0.15934,0.18934,0.26428,0.077061,0.034665,0.32657,0.095227,0.081045,0.12093,0.13073,0.10559,0.079335,0.11218,0.10517,0.15323,0.12671,0.018166,0.19354,0.14319,0.09296,0.089238,0.1111,0.11697,0.068522,0.081805,0.5276,0.011692,0.030293,0.02709,0.15431,0.053612,0.012614,0.037735,0.057901,0.053238,0.055851,0.056825,0.05618,0.061942,0.064089,0.080915,0.073601,0.087166,0.089135,0.088172,0.071004,0.084757,0.087707,0.08703,0.077825,0.088292,0.090401,0.090371,0.10902,0.055082,0.064262,0.065367
0.11429,0.1439,0.1458,0.080271,0.24487,0.12506,0.055598,0.090821,0.040955,0.099078,0.0083824,0.084708,0.2212,0.063334,0.13121,0.050174,0.1933,0.024854,0.06021,0.1583,0.12133,0.10472,0.15549,0.068743,0.093963,0.12661,0.083907,0.18545,0.042596,0.19699,0.12878,0.020877,0.098007,0.12452,0.11709,0.11173,0.024317,0.096613,0.12171,0.114,0.10558,0.094357,0.093225,0.090988,0.085756,0.086657,0.08588,0.084165,0.081944,0.082988,0.080499,0.079028,0.061375,0.079655,0.07777,0.076562,0.082769,0.07409,0.073525,0.084981,0.056451,0.062678,0.059606,0.058635
0.028571,0.14303,0.052916,0.099209,0.17451,0.084118,0.17992,0.15589,0.12495,0.26318,0.12823,0.11478,0.15411,0.1012,0.12049,0.077447,0.038158,0.026157,0.089845,0.21472,0.18311,0.11017,0.27088,0.094727,0.23947,0.12746,0.11105,0.066889,0.1091,0.07888,0.11052,0.022165,0.18284,0.13693,0.14878,0.14256,0.11996,0.16125,0.17319,0.12051,0.13916,0.12493,0.11975,0.11835,0.11243,0.11007,0.10834,0.10678,0.10138,0.10519,0.10079,0.098011,0.15062,0.096916,0.092202,0.086357,0.076177,0.088391,0.086092,0.082422,0.12306,0.081055,0.062398,0.096429
0.085714,0.26303,0.12493,0.051676,0.12534,0.063992,0.067562,0.22676,0.13591,0.095087,0.099697,0.12273,0.027484,0.083931,0.052739,0.092897,0.24493,0.086521,0.22997,0.1789,0.060997,0.12461,0.048235,0.045128,0.20274,0.06761,0.056752,0.048094,0.15781,0.15823,0.090436,0.028383,0.048901,0.1178,0.11961,0.1163,0.1545,0.13267,0.099767,0.098706,0.1081,0.10077,0.096303,0.093469,0.10635,0.089713,0.086328,0.083166,0.080665,0.077223,0.075982,0.074562,0.070731,0.068867,0.066442,0.064027,0.047008,0.059515,0.058521,0.060128,0.056073,0.051519,0.055813,0.055848
0.11429,0.17924,0.10786,0.10646,0.096629,0.072943,0.10213,0.10145,0.18753,0.13951,0.057353,0.078705,0.25755,0.095056,0.12724,0.095432,0.092038,0.061035,0.21453,0.30782,0.12416,0.1488,0.14655,0.036578,0.18634,0.10611,0.18411,0.15514,0.12357,0.17136,0.10326,0.022199,0.15799,0.06151,0.060918,0.044929,0.13443,0.093381,0.048,0.045206,0.064354,0.06945,0.070813,0.075314,0.097115,0.071078,0.072059,0.072135,0.07712,0.072661,0.070577,0.069176,0.10585,0.074146,0.073128,0.072984,0.099909,0.0688,0.069991,0.0641,0.062466,0.094186,0.0813,0.085144
0.085714,0.19512,0.044351,0.12545,0.23482,0.14635,0.12491,0.15949,0.093039,0.13869,0.13907,0.078097,0.27658,0.0698,0.03852,0.034111,0.053412,0.099438,0.065272,0.15065,0.092048,0.15014,0.069902,0.16181,0.10052,0.033447,0.0591,0.098957,0.063794,0.13012,0.24684,0.15809,0.13076,0.13974,0.16205,0.13598,0.12023,0.087666,0.07023,0.066562,0.085541,0.072894,0.069971,0.067474,0.073913,0.066865,0.066378,0.065134,0.077022,0.064617,0.063409,0.063161,0.096011,0.060843,0.060455,0.059796,0.065694,0.0602,0.059455,0.060691,0.13215,0.059288,0.057378,0.057303
0.11429,0.040914,0.10226,0.043052,0.11496,0.0013989,0.12451,0.12622,0.20973,0.11244,0.089111,0.1201,0.13967,0.13645,0.044873,0.034869,0.1279,0.020915,0.088338,0.15527,0.11929,0.08822,0.10045,0.014098,0.15661,0.076375,0.10532,0.079803,0.1509,0.11597,0.14521,0.15506,0.19027,0.18391,0.14553,0.16177,0.085875,0.1058,0.11005,0.10547,0.097825,0.1026,0.099906,0.099408,0.098334,0.097755,0.098228,0.096935,0.092759,0.09661,0.095942,0.095813,0.097499,0.093663,0.092627,0.092087,0.10593,0.090818,0.090181,0.087108,0.13344,0.088764,0.087956,0.086976
0.2,0.015461,0.081535,0.062035,0.11453,0.061153,0.087977,0.10207,0.1334,0.21009,0.11898,0.19616,0.16663,0.10902,0.053818,0.21417,0.10331,0.07548,0.0031832,0.10028,0.14289,0.029554,0.12189,0.040677,0.30283,0.060896,0.16619,0.087411,0.048134,0.099096,0.081936,0.047704,0.1404,0.075521,0.02654,0.016482,0.17603,0.042936,0.034312,0.028744,0.031541,0.036316,0.038278,0.038421,0.045762,0.043249,0.043656,0.044658,0.043895,0.045366,0.046235,0.045659,0.056321,0.04858,0.046518,0.046452,0.051167,0.04988,0.04939,0.045548,0.01403,0.042369,0.050977,0.048708
0.14286,0.11603,0.20078,0.19841,0.098953,0.069498,0.11371,0.22696,0.16878,0.18421,0.14808,0.23316,0.19892,0.014079,0.040757,0.15272,0.034364,0.07609,0.16464,0.1863,0.065342,0.12906,0.037938,0.1102,0.11412,0.24602,0.16373,0.16581,0.11052,0.09579,0.1123,0.080406,0.16113,0.022875,0.078013,0.11293,0.10117,0.064942,0.086687,0.1134,0.10877,0.12328,0.12573,0.13147,0.13113,0.13506,0.1392,0.14118,0.15416,0.14662,0.14968,0.15223,0.15371,0.15422,0.1562,0.15617,0.15871,0.15806,0.15892,0.16059,0.1663,0.1563,0.15788,0.15677
0.17143,0.22038,0.24135,0.13115,0.1424,0.1082,0.21324,0.16073,0.21963,0.15024,0.09341,0.17513,0.21062,0.011477,0.049482,0.069715,0.1613,0.13777,0.17035,0.23144,0.035565,0.16485,0.14292,0.11403,0.15666,0.14695,0.17715,0.14004,0.11078,0.1644,0.016264,0.064796,0.10431,0.046223,0.043734,0.047717,0.1633,0.025591,0.050827,0.061757,0.056004,0.069747,0.077369,0.084714,0.066607,0.079224,0.082227,0.080104,0.091204,0.086455,0.087609,0.089438,0.07355,0.093947,0.09514,0.097728,0.081917,0.10379,0.10649,0.10867,0.077895,0.11159,0.11354,0.11394
0.14286,0.28956,0.18356,0.082444,0.14798,0.11738,0.17937,0.14391,0.13218,0.11767,0.049364,0.07181,0.18659,0.10439,0.037142,0.016836,0.26215,0.091698,0.21926,0.12945,0.04734,0.11651,0.18137,0.043815,0.20925,0.094781,0.024851,0.042107,0.14797,0.10328,0.11,0.036877,0.026399,0.17671,0.14929,0.1376,0.11563,0.099729,0.15479,0.11292,0.11395,0.1156,0.11379,0.11338,0.11881,0.10883,0.10779,0.10478,0.10533,0.098064,0.096737,0.096238,0.10222,0.092836,0.09127,0.090048,0.083978,0.086088,0.085038,0.083259,0.091362,0.08652,0.085532,0.085576
0.17143,0.31485,0.27518,0.20432,0.38107,0.032393,0.194,0.30759,0.070166,0.11503,0.070535,0.056532,0.2161,0.10142,0.077576,0.050227,0.075387,0.048158,0.1546,0.066132,0.073333,0.11683,0.13663,0.09291,0.11289,0.10624,0.077313,0.12466,0.17295,0.14899,0.20417,0.073145,0.15231,0.27478,0.24085,0.19348,0.20155,0.2432,0.1976,0.19454,0.18987,0.19012,0.19263,0.19189,0.18281,0.19019,0.19073,0.18862,0.18336,0.18467,0.18678,0.1827,0.19256,0.18459,0.18496,0.18402,0.16256,0.18524,0.18577,0.15803,0.15684,0.19243,0.1966,0.17554
0.25714,0.18167,0.14821,0.10672,0.18738,0.096327,0.21001,0.23431,0.11546,0.213,0.075951,0.1137,0.19402,0.090431,0.0092673,0.038339,0.06914,0.14295,0.13175,0.14369,0.12912,0.1111,0.11966,0.10865,0.034372,0.099871,0.16203,0.26429,0.12027,0.17406,0.065891,0.099019,0.17496,0.055434,0.021312,0.065685,0.03236,0.057482,0.051799,0.050337,0.052271,0.054642,0.055564,0.057642,0.047687,0.054861,0.055813,0.055467,0.055813,0.055298,0.055455,0.054519,0.054312,0.054638,0.053453,0.052754,0.067199,0.051852,0.052349,0.053211,0.050538,0.056733,0.05185,0.055442
0.22857,0.11533,0.070755,0.055066,0.14643,0.075068,0.091327,0.18127,0.10233,0.22912,0.14293,0.26889,0.062674,0.13626,0.040412,0.13881,0.11727,0.05188,0.13305,0.075972,0.04626,0.093855,0.085523,0.16667,0.1094,0.08408,0.12263,0.037616,0.087628,0.12247,0.19218,0.2266,0.13585,0.25329,0.2315,0.24101,0.16702,0.23248,0.25476,0.24073,0.2385,0.24545,0.24563,0.24579,0.25548,0.25007,0.25291,0.25243,0.25629,0.25666,0.25835,0.26103,0.26641,0.26463,0.27027,0.27446,0.26668,0.27928,0.28772,0.29142,0.2805,0.30558,0.30969,0.31374
0.42857,0.097243,0.16567,0.26566,0.25111,0.085047,0.040215,0.099822,0.23308,0.16506,0.10424,0.090552,0.12957,0.1265,0.046948,0.06211,0.16427,0.083411,0.20096,0.17557,0.17638,0.12763,0.11486,0.016528,0.19642,0.21806,0.1841,0.06697,0.094931,0.24499,0.12059,0.14207,0.37107,0.2593,0.24227,0.23052,0.16819,0.18348,0.20357,0.21318,0.21894,0.1998,0.19672,0.19739,0.20196,0.20141,0.19847,0.20251,0.20919,0.20833,0.20714,0.21458,0.19675,0.21644,0.21606,0.22704,0.2228,0.21274,0.22045,0.22115,0.19134,0.20429,0.20181,0.20004
0.085714,0.082434,0.1572,0.24777,0.23317,0.22987,0.044641,0.12575,0.24593,0.059044,0.074949,0.034297,0.26292,0.068913,0.13609,0.17388,0.096134,0.18114,0.049274,0.098703,0.013854,0.10474,0.020286,0.11047,0.11192,0.1457,0.14433,0.18747,0.019143,0.13088,0.06226,0.058144,0.65348,0.096951,0.082763,0.10423,0.057571,0.086053,0.10202,0.097458,0.10068,0.0972,0.096881,0.09675,0.09242,0.097008,0.096607,0.096216,0.093524,0.094598,0.095019,0.094253,0.085051,0.094285,0.093266,0.094979,0.10751,0.093358,0.092035,0.091657,0.085486,0.087005,0.086708,0.085589
0.22857,0.099495,0.12463,0.085726,0.11949,0.2307,0.081671,0.093962,0.15433,0.08641,0.11502,0.03957,0.031716,0.080961,0.11106,0.016201,0.19789,0.1596,0.21923,0.13233,0.13755,0.095638,0.18652,0.052434,0.25345,0.019033,0.11178,0.035579,0.17428,0.149,0.098984,0.16043,0.64524,0.19722,0.18835,0.18485,0.083451,0.15968,0.1913,0.17672,0.16893,0.18194,0.18211,0.1824,0.17284,0.18508,0.18522,0.18641,0.1916,0.18646,0.18677,0.18738,0.20975,0.1865,0.18686,0.1869,0.19877,0.18654,0.18363,0.17954,0.1509,0.19095,0.19009,0.1999
0.22857,0.22634,0.13099,0.23602,0.15236,0.13915,0.18213,0.099892,0.061895,0.10569,0.098321,0.20125,0.19509,0.16079,0.041491,0.0054053,0.05256,0.25482,0.17632,0.041465,0.086439,0.088986,0.037033,0.10108,0.14418,0.15022,0.15816,0.09165,0.092096,0.10414,0.038808,0.034834,0.63195,0.10389,0.11554,0.11889,0.13661,0.099728,0.099886,0.1086,0.10476,0.11825,0.12063,0.12254,0.12122,0.13168,0.13482,0.13861,0.13936,0.14258,0.14745,0.15292,0.13428,0.1505,0.15784,0.16549,0.16467,0.16733,0.17018,0.16562,0.17123,0.1941,0.19573,0.19609
0.085714,0.056698,0.083017,0.11918,0.14838,0.1516,0.025271,0.046586,0.12703,0.21826,0.16045,0.10532,0.1428,0.075387,0.054918,0.12034,0.077861,0.11755,0.17395,0.11914,0.097118,0.15791,0.21564,0.090648,0.15265,0.1032,0.14146,0.10799,0.17539,0.15751,0.046543,0.11538,0.10373,0.026292,0.047132,0.051993,0.12117,0.037336,0.060713,0.042454,0.058376,0.055222,0.059403,0.06318,0.071263,0.065483,0.067454,0.068549,0.071707,0.071702,0.072801,0.073828,0.07912,0.074817,0.075511,0.075678,0.078868,0.078972,0.078285,0.065658,0.088496,0.084392,0.085275,0.085494
0.057143,0.22354,0.23213,0.021509,0.33729,0.10655,0.038266,0.14728,0.065307,0.20414,0.17414,0.040005,0.16664,0.081518,0.1021,0.15162,0.11566,0.1027,0.12257,0.078243,0.063763,0.10876,0.070211,0.081386,0.22439,0.10201,0.082446,0.06758,0.15634,0.10084,0.12952,0.10232,0.026508,0.084511,0.048847,0.051356,0.07233,0.065256,0.069742,0.07451,0.078059,0.073914,0.073964,0.073657,0.073472,0.074226,0.074105,0.073733,0.074176,0.073456,0.072532,0.072202,0.065262,0.070567,0.070759,0.071388,0.073493,0.066621,0.06558,0.060471,0.072278,0.060554,0.057925,0.057294
0.25714,0.78085,0.916,0.59292,0.81441,0.50308,0.68565,0.55464,0.64983,0.3178,0.30971,0.30615,0.45703,0.30828,0.37643,0.32053,0.20871,0.26129,0.33908,0.29689,0.14976,0.10366,0.26157,0.2274,0.24607,0.40647,0.336,0.37769,0.19475,0.3531,0.58231,0.54178,0.43876,0.63395,0.68046,0.65576,0.56715,0.63491,0.68002,0.68409,0.68674,0.68421,0.68557,0.68757,0.6752,0.68504,0.67805,0.67697,0.67892,0.66664,0.66762,0.66302,0.68397,0.66001,0.65815,0.65839,0.64323,0.64913,0.64734,0.64262,0.61539,0.64041,0.6341,0.63036
0.22857,0.31184,0.31953,0.21177,0.43186,0.10177,0.060933,0.057001,0.089784,0.15012,0.23765,0.19784,0.13199,0.10039,0.11353,0.19527,0.094237,0.014044,0.046661,0.055355,0.029264,0.14287,0.14868,0.050733,0.061217,0.31131,0.2805,0.27969,0.1487,0.16107,0.076662,0.057681,0.2399,0.12159,0.1459,0.14756,0.071499,0.15361,0.17314,0.17909,0.18986,0.20729,0.20811,0.20978,0.21536,0.21469,0.21509,0.21786,0.2051,0.21983,0.22188,0.22309,0.22177,0.22846,0.23131,0.23335,0.22603,0.23677,0.23952,0.24152,0.23864,0.2515,0.2549,0.25635
0.057143,0.15514,0.22866,0.25082,0.14898,0.11981,0.093409,0.051666,0.2161,0.15152,0.070542,0.034075,0.097704,0.12852,0.16664,0.099889,0.18004,0.15959,0.049024,0.11583,0.15847,0.1616,0.12357,0.11143,0.076742,0.11203,0.079297,0.092694,0.0092425,0.10634,0.11967,0.1615,0.19234,0.044243,0.073759,0.066059,0.061667,0.049805,0.059815,0.059341,0.059995,0.051875,0.051716,0.04981,0.052183,0.046896,0.045719,0.044453,0.039292,0.042632,0.040836,0.03884,0.042216,0.03735,0.035599,0.034546,0.036278,0.033374,0.031933,0.039102,0.077312,0.029091,0.028922,0.028677
0.25714,0.13642,0.19989,0.077037,0.083346,0.10009,0.06283,0.094017,0.35348,0.2213,0.29186,0.12614,0.3136,0.07094,0.20377,0.23602,0.10182,0.089069,0.11108,0.13475,0.26742,0.1996,0.20851,0.10142,0.1031,0.094352,0.13793,0.16978,0.066992,0.19829,0.20869,0.27819,0.30701,0.20836,0.20214,0.21143,0.21189,0.20113,0.22452,0.22892,0.22042,0.2267,0.22703,0.2269,0.23276,0.22992,0.23062,0.23264,0.23801,0.23341,0.23659,0.23709,0.22456,0.2404,0.2413,0.24441,0.23095,0.24305,0.24663,0.25245,0.21951,0.21673,0.23217,0.25218
0.28571,0.066467,0.076864,0.30378,0.12591,0.10537,0.12494,0.072213,0.24849,0.09638,0.076758,0.08024,0.17937,0.025086,0.14106,0.053813,0.06081,0.13212,0.10976,0.045029,0.11789,0.13605,0.13895,0.1466,0.10886,0.17137,0.13868,0.053985,0.13149,0.12788,0.22497,0.20233,0.55423,0.18384,0.18578,0.17175,0.20722,0.14658,0.14602,0.15954,0.16074,0.15758,0.15658,0.15862,0.15745,0.15483,0.15569,0.15305,0.16626,0.15316,0.15332,0.15575,0.16322,0.15182,0.1523,0.15647,0.13529,0.14992,0.14884,0.15658,0.16209,0.14334,0.14426,0.14485
0.14286,0.087896,0.41776,0.32881,0.5457,0.16806,0.10843,0.09628,0.68867,0.13752,0.14609,0.15013,0.48,0.043989,0.10567,0.18182,0.36128,0.069147,0.080709,0.081601,0.10327,0.10243,0.020531,0.086167,0.03774,0.15626,0.094518,0.076428,0.24083,0.085322,0.17039,0.15913,0.53586,0.12428,0.10271,0.096271,0.080947,0.087905,0.08463,0.088152,0.09344,0.080524,0.070516,0.064156,0.040745,0.047125,0.044704,0.042046,0.036241,0.039094,0.036185,0.036203,0.053261,0.033629,0.033278,0.03002,0.036179,0.029564,0.029605,0.029538,0.072597,0.028901,0.029124,0.028816
0,0.52084,0.56958,0.19547,0.68096,0.12611,0.22425,0.20242,0.40458,0.18305,0.20886,0.23528,0.25738,0.073806,0.11164,0.2312,0.1974,0.0904,0.10027,0.13244,0.25593,0.13748,0.070719,0.11854,0.1191,0.21071,0.24055,0.12496,0.14015,0.27849,0.2417,0.32297,0.50448,0.25236,0.27287,0.30412,0.27402,0.28267,0.29391,0.29894,0.31281,0.31206,0.31147,0.31039,0.31489,0.30982,0.31055,0.31454,0.3332,0.31148,0.31321,0.31034,0.3411,0.31802,0.31615,0.31524,0.33653,0.31323,0.3132,0.34217,0.28351,0.31153,0.31433,0.31799
0.45714,0.82463,0.69363,0.43199,0.89277,0.38117,0.48042,0.35037,0.45882,0.41524,0.41252,0.41725,0.55763,0.27529,0.35586,0.43621,0.61155,0.21291,0.24634,0.12579,0.47627,0.42753,0.31159,0.4072,0.14488,0.30346,0.36629,0.27818,0.2575,0.40457,0.48384,0.52936,0.32784,0.62298,0.62484,0.63149,0.52823,0.64734,0.64428,0.64742,0.65214,0.64668,0.64461,0.6415,0.6413,0.6411,0.63837,0.6392,0.64263,0.63823,0.63869,0.63936,0.65356,0.6392,0.63961,0.64419,0.64691,0.64564,0.64518,0.64574,0.63779,0.64862,0.65402,0.63665
0.77143,0.82107,0.61169,0.35459,0.892,0.42082,0.48921,0.28556,0.62994,0.40116,0.57372,0.43114,0.54317,0.30992,0.48114,0.51315,0.53459,0.17649,0.20999,0.17089,0.34252,0.37078,0.37549,0.24617,0.18701,0.38957,0.4429,0.40034,0.20655,0.33403,0.52036,0.64811,0.28,0.62181,0.63943,0.6477,0.47757,0.67656,0.67175,0.66836,0.67253,0.67691,0.67982,0.68608,0.68215,0.68881,0.69129,0.694,0.69398,0.70075,0.70105,0.70282,0.6851,0.70709,0.70748,0.70867,0.71633,0.71153,0.71238,0.7124,0.67974,0.71369,0.71393,0.71426
0.71429,0.70431,0.53172,0.25363,0.78345,0.40605,0.30293,0.16431,0.57967,0.30909,0.36157,0.17297,0.27726,0.28526,0.43437,0.30596,0.34325,0.21539,0.24682,0.092327,0.13404,0.23208,0.42059,0.16788,0.097493,0.37032,0.47679,0.37521,0.12217,0.26979,0.4657,0.46166,0.025226,0.63879,0.67117,0.68584,0.55756,0.70154,0.69785,0.70502,0.70849,0.712,0.71437,0.71655,0.71793,0.71984,0.72176,0.72208,0.72474,0.725,0.72511,0.72563,0.72466,0.72689,0.72714,0.72718,0.72338,0.72657,0.72593,0.7243,0.7187,0.73337,0.73275,0.74275
0.68571,0.65637,0.25082,0.31933,0.74716,0.35751,0.35603,0.16249,0.83149,0.47658,0.42377,0.35048,0.74422,0.36169,0.39648,0.43158,0.62634,0.23792,0.32088,0.26102,0.55589,0.49,0.50094,0.48379,0.28536,0.2079,0.38825,0.35128,0.23656,0.40301,0.52849,0.45665,0.4238,0.56934,0.57938,0.57848,0.55958,0.57585,0.58365,0.57847,0.57966,0.57734,0.57745,0.57732,0.57232,0.57758,0.57714,0.57551,0.57741,0.57486,0.57459,0.57412,0.57668,0.57268,0.57265,0.57264,0.59108,0.57181,0.57158,0.57131,0.5774,0.57176,0.57138,0.57214
0.028571,0.18381,0.34028,0.27096,0.14065,0.14266,0.023839,0.21697,0.66777,0.19005,0.047839,0.183,0.78678,0.17031,0.04888,0.027269,0.061176,0.12727,0.10368,0.12892,0.24577,0.092583,0.11262,0.1547,0.33644,0.15611,0.16927,0.21292,0.046601,0.1068,0.091052,0.11846,0.50397,0.070836,0.084114,0.07795,0.0318,0.14666,0.09288,0.1031,0.094146,0.096827,0.094126,0.094801,0.095591,0.091722,0.091968,0.090947,0.093522,0.085954,0.087971,0.088168,0.080942,0.087933,0.085666,0.079903,0.065187,0.078483,0.070434,0.046729,0.083911,0.073892,0.058987,0.05976
0.028571,0.64901,0.76387,0.51023,0.61503,0.46384,0.51474,0.62332,0.7616,0.27446,0.41428,0.27158,0.71254,0.39729,0.32481,0.37663,0.20152,0.3186,0.37927,0.31223,0.072131,0.16453,0.17422,0.088382,0.45527,0.50038,0.47687,0.33189,0.13193,0.48014,0.5558,0.56519,0.53227,0.55293,0.5494,0.52544,0.53936,0.52578,0.52552,0.52387,0.52259,0.52249,0.52149,0.52101,0.52349,0.52084,0.52077,0.52128,0.52878,0.52108,0.52161,0.52213,0.52686,0.52287,0.52374,0.52611,0.52143,0.52647,0.52757,0.52493,0.5407,0.53607,0.53925,0.54194
