0.11111,0.16061,0.061932,0.17536,0.14835,0.065821,0.15351,0.20001,0.17764,0.064473,0.15168,0.068564,0.083644,0.17989,0.12334,0.32552,0.12747,0.14116,0.1657,0.078482,0.18976,0.077587,0.11875,0.10621,0.11241,0.035061,0.13484,0.17738,0.071688,0.041294,0.09572,0.049836,0.28938,0.11542,0.10542,0.086104,0.055639,0.090519,0.098455,0.048664,0.054629,0.071269,0.073869,0.083418,0.074951,0.080796,0.079811,0.081923,0.064518,0.075769,0.076248,0.071886,0.047087,0.070625,0.069747,0.072642,0.027306,0.053182,0.051667,0.06759,0.093656,0.048241,0.035526,0.063447
0.11111,0.14102,0.15545,0.19469,0.18732,0.14713,0.2312,0.24311,0.21993,0.038311,0.17167,0.12539,0.20464,0.15766,0.24653,0.17162,0.048481,0.1379,0.18689,0.038972,0.088691,0.083603,0.048492,0.11511,0.15201,0.061361,0.23338,0.22339,0.1275,0.12035,0.14444,0.094377,0.32941,0.13272,0.11618,0.11229,0.10659,0.091942,0.087149,0.11059,0.1033,0.10547,0.10424,0.10083,0.099731,0.099317,0.097593,0.096943,0.10188,0.09467,0.096608,0.095625,0.081866,0.096268,0.096556,0.095768,0.10708,0.099997,0.10448,0.11104,0.043424,0.089038,0.087394,0.10631
0.11111,0.16803,0.053199,0.13349,0.12314,0.12013,0.14049,0.20095,0.12844,0.083322,0.070349,0.11878,0.060154,0.173,0.086669,0.133,0.11497,0.036132,0.070252,0.099839,0.042796,0.069598,0.15033,0.047451,0.083728,0.20517,0.19277,0.10298,0.21116,0.13055,0.15939,0.1473,0.53728,0.143,0.15443,0.1534,0.12145,0.15979,0.14747,0.14292,0.14752,0.1336,0.13101,0.13078,0.12742,0.13009,0.13165,0.13146,0.13195,0.13433,0.135,0.13636,0.13465,0.13802,0.13939,0.13996,0.14509,0.14322,0.14435,0.14589,0.18263,0.14737,0.14753,0.14814
0.18519,0.044928,0.12866,0.099254,0.17585,0.16457,0.11139,0.1402,0.39946,0.11891,0.12629,0.18279,0.2006,0.12678,0.098779,0.13119,0.11738,0.15518,0.11371,0.061464,0.062001,0.053153,0.16352,0.10998,0.1336,0.17794,0.073978,0.051045,0.13169,0.31159,0.2558,0.23765,0.55195,0.17192,0.1749,0.1784,0.17509,0.14967,0.16117,0.15294,0.15169,0.15384,0.15431,0.15297,0.14892,0.15372,0.15317,0.15285,0.15509,0.15201,0.15128,0.15079,0.15111,0.15007,0.14962,0.14918,0.14372,0.14908,0.14856,0.14844,0.16874,0.14832,0.14823,0.14806
0.11111,0.16468,0.16867,0.15781,0.24289,0.14135,0.13566,0.19173,0.26024,0.15286,0.15424,0.25904,0.086188,0.16205,0.044711,0.074669,0.20345,0.074188,0.068739,0.086566,0.072924,0.10414,0.14248,0.12298,0.092441,0.10015,0.25176,0.061667,0.13083,0.33737,0.2052,0.27904,0.61069,0.21722,0.21496,0.2166,0.14327,0.17892,0.17969,0.17751,0.17504,0.17381,0.17067,0.16924,0.16907,0.16686,0.16622,0.16516,0.166,0.16334,0.16349,0.16416,0.14908,0.16025,0.15921,0.15698,0.15776,0.153,0.15054,0.1491,0.21008,0.17053,0.17418,0.14928
0.074074,0.084332,0.078233,0.20567,0.087819,0.17645,0.13778,0.13031,0.076192,0.21716,0.17987,0.14209,0.14308,0.16506,0.069899,0.057534,0.19839,0.14834,0.079361,0.043029,0.076993,0.017769,0.21457,0.17217,0.085046,0.072494,0.28044,0.17468,0.068556,0.19152,0.17082,0.057237,0.34718,0.22412,0.2478,0.25829,0.17861,0.19664,0.21346,0.20706,0.22237,0.21517,0.21116,0.20865,0.21084,0.20344,0.20343,0.19884,0.19989,0.19814,0.19484,0.19325,0.19834,0.19147,0.18926,0.18909,0.19218,0.18599,0.18609,0.1778,0.23206,0.18497,0.1852,0.18524
0,0.067979,0.093285,0.1853,0.30516,0.14201,0.19766,0.21279,0.20846,0.25212,0.093791,0.19191,0.073761,0.21002,0.1171,0.065288,0.13839,0.029832,0.097261,0.067574,0.049007,0.13811,0.10417,0.13167,0.024756,0.1522,0.19105,0.17334,0.1274,0.14265,0.09287,0.05643,0.11562,0.10412,0.17789,0.18263,0.1194,0.11965,0.14908,0.15708,0.1541,0.14833,0.14716,0.14506,0.14699,0.14151,0.1401,0.1432,0.13572,0.14243,0.14383,0.14162,0.11982,0.15101,0.14963,0.15975,0.12912,0.13329,0.14845,0.12721,0.079375,0.1347,0.14278,0.095941
0.037037,0.15825,0.056569,0.1624,0.24869,0.059597,0.092478,0.17452,0.15808,0.17817,0.11962,0.15233,0.11264,0.22002,0.044767,0.098316,0.061229,0.048231,0.1305,0.078398,0.15519,0.045443,0.094579,0.10242,0.038949,0.022553,0.10787,0.007708,0.14995,0.18747,0.046852,0.16438,0.02768,0.064743,0.08253,0.078441,0.11172,0.058082,0.074279,0.076156,0.078406,0.10043,0.1116,0.12477,0.12597,0.13111,0.13652,0.13743,0.13618,0.14669,0.14696,0.14798,0.14946,0.15707,0.15611,0.15862,0.15106,0.15777,0.15879,0.1573,0.062761,0.16427,0.16021,0.15353
0.18519,0.091535,0.037682,0.13872,0.15231,0.14898,0.11985,0.19354,0.16409,0.2783,0.32831,0.17622,0.073115,0.053002,0.11391,0.11165,0.025189,0.21459,0.24811,0.2448,0.092846,0.079486,0.18523,0.089423,0.1962,0.11627,0.19673,0.14099,0.10573,0.20747,0.2715,0.15188,0.1669,0.22884,0.24649,0.27211,0.17974,0.26318,0.24902,0.25972,0.25873,0.26318,0.26597,0.27023,0.27964,0.27755,0.28023,0.28351,0.2895,0.28645,0.28794,0.28922,0.29712,0.29288,0.29395,0.29581,0.28863,0.29473,0.29568,0.30008,0.31397,0.29608,0.29612,0.29591
0.074074,0.059761,0.062027,0.15088,0.23278,0.10136,0.18455,0.16872,0.16751,0.18604,0.23679,0.093305,0.033289,0.18364,0.05001,0.079821,0.10602,0.092622,0.12058,0.07696,0.13415,0.089405,0.17052,0.13046,0.059328,0.19435,0.16149,0.13305,0.15411,0.22141,0.29143,0.30787,0.46326,0.33329,0.33322,0.3339,0.30513,0.33984,0.32275,0.31701,0.32736,0.32024,0.32178,0.3244,0.32268,0.32126,0.32083,0.32289,0.32661,0.32489,0.32101,0.3217,0.29213,0.32851,0.32822,0.32782,0.31517,0.30767,0.32304,0.30973,0.30193,0.3285,0.32737,0.30493
0.037037,0.097324,0.2202,0.087982,0.028804,0.065303,0.079533,0.16623,0.31276,0.057402,0.053931,0.11752,0.1241,0.19075,0.071526,0.099026,0.024107,0.064504,0.093591,0.084965,0.095647,0.10306,0.036712,0.12317,0.040333,0.12972,0.2023,0.1201,0.25021,0.13544,0.09973,0.079566,0.37019,0.12794,0.1336,0.14245,0.15585,0.12276,0.14427,0.15228,0.15399,0.15975,0.16352,0.16608,0.16978,0.17189,0.17408,0.17501,0.17254,0.17596,0.17603,0.17555,0.16614,0.17854,0.1777,0.17559,0.1604,0.17663,0.17882,0.18478,0.20144,0.15453,0.16321,0.1521
0.074074,0.2962,0.13301,0.15023,0.075229,0.25368,0.016643,0.03227,0.21255,0.21464,0.10171,0.18434,0.20226,0.10547,0.05608,0.11485,0.1217,0.11396,0.060487,0.10195,0.11646,0.15023,0.049396,0.029951,0.11652,0.085151,0.24775,0.10284,0.16244,0.08955,0.22474,0.17735,0.26514,0.18703,0.20045,0.19246,0.10886,0.22963,0.19676,0.20255,0.19445,0.19383,0.1916,0.19023,0.18994,0.19001,0.18991,0.1899,0.1998,0.19106,0.19175,0.19285,0.18299,0.19454,0.19424,0.19478,0.19068,0.19642,0.19781,0.19513,0.15667,0.20933,0.20913,0.20671
0.037037,0.14324,0.025292,0.062014,0.15958,0.16924,0.21503,0.12359,0.10175,0.034973,0.11263,0.017661,0.095467,0.14289,0.084545,0.030092,0.17395,0.12369,0.21361,0.1264,0.054959,0.10607,0.13278,0.18109,0.11421,0.12031,0.09598,0.0971,0.18634,0.047934,0.16087,0.093636,0.41331,0.099018,0.075711,0.054611,0.073152,0.08758,0.059392,0.069809,0.057616,0.056706,0.053958,0.052681,0.052339,0.050293,0.049379,0.047967,0.049949,0.045138,0.043783,0.04143,0.046358,0.042683,0.041659,0.039659,0.041454,0.03787,0.037765,0.037323,0.047706,0.037611,0.037577,0.03699
0.33333,0.066807,0.012934,0.10738,0.18265,0.14609,0.075065,0.19021,0.11431,0.070466,0.1097,0.18453,0.11532,0.16227,0.09172,0.13029,0.11366,0.15833,0.15849,0.13987,0.14654,0.076711,0.1687,0.12287,0.11812,0.052094,0.10463,0.19811,0.11672,0.10421,0.11148,0.087427,0.12532,0.17642,0.18699,0.17782,0.17473,0.16549,0.15327,0.18893,0.16829,0.16052,0.1633,0.16307,0.1644,0.16203,0.16411,0.16197,0.16613,0.16288,0.16253,0.16147,0.12226,0.16209,0.16146,0.16069,0.12048,0.1581,0.15486,0.14522,0.191,0.15291,0.14986,0.1476
0.37037,0.63178,0.69436,0.45572,0.77602,0.23161,0.20436,0.07096,0.60235,0.11723,0.17435,0.19325,0.05101,0.18828,0.14485,0.071556,0.15537,0.091331,0.13465,0.028347,0.06839,0.15862,0.29598,0.13005,0.114,0.29534,0.24033,0.090232,0.053302,0.14242,0.30908,0.33464,0.1757,0.31899,0.34599,0.34854,0.27231,0.34064,0.34885,0.35928,0.34527,0.36135,0.36554,0.36897,0.38078,0.38031,0.3862,0.38787,0.38923,0.39403,0.3949,0.39667,0.41462,0.39998,0.40268,0.40345,0.41368,0.40195,0.39863,0.39586,0.38032,0.41259,0.41035,0.41303
0.14815,0.45725,0.069443,0.30573,0.51688,0.4418,0.085788,0.25884,0.12637,0.081385,0.11142,0.14758,0.23716,0.15007,0.29813,0.1657,0.18027,0.10542,0.12009,0.059652,0.15998,0.26854,0.15269,0.14602,0.093726,0.03649,0.11436,0.13573,0.10041,0.10293,0.11528,0.040411,0.12334,0.18541,0.16019,0.16274,0.10443,0.16899,0.19256,0.19832,0.21477,0.21274,0.21727,0.22276,0.21546,0.22675,0.22889,0.22862,0.22221,0.23177,0.23305,0.23105,0.20093,0.23551,0.23569,0.23136,0.22242,0.22952,0.22805,0.22267,0.1365,0.22097,0.22433,0.22171
0.18519,0.48112,0.11335,0.12279,0.45429,0.099206,0.10292,0.071204,0.093101,0.13757,0.018047,0.11689,0.24826,0.068482,0.096827,0.094306,0.023465,0.17254,0.20839,0.18362,0.18458,0.082407,0.15049,0.079307,0.072198,0.11662,0.2356,0.048209,0.24889,0.17277,0.20032,0.14955,0.14786,0.15852,0.17143,0.16687,0.20165,0.16564,0.17586,0.17537,0.1864,0.18579,0.18607,0.1875,0.19475,0.19044,0.19223,0.19336,0.19856,0.19685,0.1987,0.20111,0.20142,0.20435,0.2053,0.20638,0.18983,0.21152,0.21136,0.19561,0.20854,0.21844,0.22061,0.22307
0.037037,0.31473,0.17755,0.13794,0.33601,0.12788,0.061073,0.26004,0.08037,0.23406,0.1552,0.20405,0.15404,0.14714,0.073235,0.17793,0.026931,0.13364,0.10449,0.21903,0.067411,0.24078,0.045214,0.17653,0.12258,0.11321,0.25941,0.07418,0.20257,0.11263,0.16209,0.14786,0.4024,0.10306,0.15263,0.1559,0.18151,0.15316,0.16383,0.16284,0.18168,0.17328,0.17498,0.17636,0.16807,0.17641,0.17679,0.17677,0.18267,0.17599,0.17637,0.17504,0.1881,0.17251,0.17328,0.17362,0.15024,0.16955,0.16807,0.17345,0.15407,0.15633,0.13773,0.14907
0.037037,0.17429,0.23421,0.16499,0.26433,0.14478,0.14507,0.33715,0.43574,0.17702,0.20321,0.19181,0.12023,0.15558,0.067859,0.062632,0.32827,0.13208,0.086051,0.10698,0.019131,0.046249,0.13649,0.097785,0.092319,0.050361,0.028521,0.1169,0.14903,0.19749,0.10769,0.20236,0.66569,0.12269,0.10007,0.098506,0.068449,0.0653,0.076205,0.083012,0.093579,0.086961,0.087986,0.08811,0.08328,0.087476,0.085419,0.082294,0.084247,0.083974,0.078439,0.077819,0.08876,0.07091,0.069971,0.068055,0.064808,0.068579,0.067171,0.066678,0.040903,0.070828,0.069595,0.072615
0.40741,0.44198,0.4248,0.18586,0.51076,0.12844,0.05694,0.27709,0.6711,0.39908,0.41106,0.32212,0.15841,0.22762,0.21558,0.24293,0.55608,0.075624,0.058861,0.13484,0.38078,0.2583,0.13915,0.16687,0.12617,0.14674,0.23435,0.12017,0.16162,0.15599,0.25992,0.20683,0.55995,0.25513,0.29957,0.30647,0.26679,0.29561,0.29089,0.31037,0.31006,0.31457,0.31776,0.32008,0.32754,0.32837,0.33019,0.33295,0.3298,0.33844,0.34126,0.3429,0.34673,0.3454,0.348,0.34655,0.34596,0.35381,0.35181,0.35241,0.3187,0.36661,0.36003,0.36921
0.37037,0.79242,0.58397,0.44588,0.77854,0.083612,0.11265,0.22451,0.27094,0.28222,0.42531,0.21663,0.41231,0.25939,0.2269,0.25552,0.5325,0.11976,0.16416,0.098377,0.17255,0.20229,0.18058,0.0993,0.059443,0.24117,0.3659,0.26306,0.03877,0.2024,0.38628,0.36119,0.34309,0.46446,0.46945,0.47175,0.4118,0.46074,0.46695,0.46681,0.45279,0.46716,0.46769,0.4688,0.47667,0.46782,0.46843,0.47283,0.47649,0.48507,0.4904,0.49961,0.52125,0.49791,0.50116,0.50017,0.49274,0.50292,0.50456,0.49157,0.53053,0.51534,0.51487,0.51144
0.37037,0.86699,0.51638,0.42962,0.84306,0.38081,0.37947,0.54942,0.32421,0.20319,0.38228,0.29665,0.52694,0.30388,0.35557,0.33993,0.51588,0.27917,0.37001,0.18541,0.15377,0.27129,0.28638,0.25884,0.046529,0.26729,0.44715,0.42404,0.10112,0.30463,0.31738,0.39963,0.28591,0.486,0.50556,0.51726,0.55176,0.54518,0.55944,0.56603,0.57764,0.57805,0.58244,0.58744,0.58919,0.59663,0.60058,0.6037,0.60864,0.6106,0.6134,0.61562,0.61766,0.6209,0.62223,0.6233,0.62186,0.62729,0.62719,0.62819,0.57354,0.62924,0.62916,0.62968
0.037037,0.73749,0.40245,0.53308,0.82791,0.5388,0.34403,0.58118,0.42698,0.10654,0.20476,0.089002,0.24853,0.26008,0.36204,0.14926,0.36572,0.13933,0.19049,0.14321,0.20947,0.23183,0.36696,0.32428,0.13173,0.21239,0.29257,0.30303,0.033771,0.13204,0.10071,0.14178,0.1684,0.36202,0.35537,0.34776,0.34983,0.41424,0.41388,0.39275,0.41485,0.42008,0.42477,0.43363,0.4297,0.44016,0.45158,0.45116,0.45902,0.45028,0.45906,0.46101,0.45988,0.48043,0.48452,0.49616,0.45419,0.4904,0.48992,0.46826,0.47792,0.511,0.50821,0.51858
0.18519,0.50578,0.2169,0.31716,0.60639,0.36641,0.12634,0.38158,0.45016,0.095487,0.042302,0.11611,0.27052,0.21083,0.17468,0.18737,0.086401,0.12688,0.094924,0.20798,0.17403,0.17438,0.32165,0.2369,0.15912,0.18003,0.25771,0.13018,0.079779,0.042809,0.11074,0.11354,0.094819,0.24881,0.23322,0.22799,0.23475,0.27485,0.25238,0.25588,0.25514,0.2503,0.24747,0.21067,0.22328,0.20923,0.208,0.20324,0.20667,0.20457,0.2002,0.19679,0.20686,0.19737,0.19403,0.19408,0.1852,0.19333,0.191,0.19128,0.16869,0.18784,0.18729,0.18907
0.037037,0.71302,0.43569,0.48524,0.79214,0.48962,0.3626,0.50125,0.71921,0.11341,0.079633,0.083376,0.43488,0.23978,0.24239,0.24275,0.53413,0.16703,0.15201,0.20012,0.23241,0.02972,0.18693,0.19163,0.32135,0.11034,0.089457,0.23607,0.17855,0.16475,0.16408,0.18085,0.089035,0.30913,0.29752,0.29945,0.27778,0.2851,0.28189,0.28537,0.28661,0.287,0.28698,0.28754,0.29002,0.28931,0.28946,0.28986,0.29204,0.29099,0.29163,0.29086,0.28979,0.29404,0.29397,0.29452,0.29528,0.29552,0.2955,0.29477,0.31404,0.29717,0.29655,0.29745
0.11111,0.25949,0.16201,0.25779,0.51083,0.26124,0.062246,0.27354,0.48724,0.22008,0.12669,0.20135,0.33324,0.044066,0.053112,0.27838,0.63031,0.28583,0.32298,0.2727,0.32858,0.20223,0.19883,0.16203,0.27117,0.2058,0.26006,0.22737,0.073833,0.19186,0.12359,0.021833,0.14105,0.1778,0.1722,0.16739,0.086702,0.16349,0.1637,0.17103,0.16857,0.16992,0.16742,0.16634,0.15547,0.16195,0.16221,0.16217,0.15556,0.15805,0.16027,0.16089,0.15627,0.15605,0.15577,0.15637,0.16046,0.15416,0.15041,0.14832,0.20806,0.14886,0.14839,0.14838
0.2963,0.69454,0.65416,0.30233,0.78313,0.32217,0.32886,0.31118,0.76767,0.41637,0.51091,0.44076,0.35562,0.21518,0.45153,0.34593,0.47364,0.43483,0.43555,0.23329,0.15494,0.36477,0.50768,0.33723,0.10052,0.41324,0.57743,0.43633,0.030587,0.37452,0.5234,0.51009,0.17232,0.66124,0.64872,0.62918,0.54751,0.63816,0.63883,0.63083,0.64282,0.66108,0.66261,0.6655,0.6648,0.67064,0.67235,0.67289,0.67343,0.67605,0.67608,0.67813,0.6801,0.68242,0.68285,0.68589,0.68277,0.68629,0.68785,0.68386,0.7347,0.69559,0.70021,0.70079
0.40741,0.82861,0.80571,0.52812,0.84224,0.37427,0.37702,0.30145,0.47933,0.31382,0.22009,0.25579,0.23544,0.20183,0.2392,0.21061,0.11812,0.15645,0.25233,0.089612,0.04842,0.18352,0.40503,0.24153,0.37288,0.22635,0.14265,0.091675,0.039245,0.2561,0.35933,0.40651,0.21567,0.57015,0.57193,0.57678,0.52036,0.60658,0.59882,0.61556,0.62175,0.62392,0.62744,0.62958,0.63296,0.63509,0.63596,0.63723,0.63629,0.64131,0.64257,0.64332,0.65017,0.64292,0.64448,0.6465,0.64112,0.64406,0.64574,0.64313,0.6339,0.65989,0.66278,0.66293
0.51852,0.92598,0.89544,0.57764,0.9032,0.76674,0.72825,0.63564,0.68846,0.78592,0.80596,0.70677,0.58425,0.74654,0.77441,0.69149,0.5968,0.68093,0.79326,0.69204,0.17424,0.59817,0.75447,0.69481,0.23764,0.72062,0.70175,0.7578,0.23147,0.67785,0.86704,0.82495,0.53374,0.93916,0.93332,0.92511,0.88706,0.9516,0.94338,0.94962,0.94548,0.94688,0.94596,0.94474,0.95021,0.94498,0.9457,0.94435,0.94306,0.94392,0.94308,0.94158,0.93699,0.94302,0.94102,0.93881,0.93908,0.94191,0.93762,0.93963,0.94401,0.94809,0.9315,0.9317
0.074074,0.82757,0.52977,0.1709,0.84055,0.60097,0.53486,0.5694,0.2008,0.48366,0.62617,0.52525,0.50826,0.35238,0.53888,0.50167,0.50962,0.58664,0.64868,0.52331,0.16519,0.41935,0.41727,0.49728,0.13593,0.44398,0.67028,0.4996,0.044621,0.47343,0.56878,0.60532,0.21071,0.67591,0.69941,0.71219,0.72309,0.74236,0.73911,0.74014,0.74453,0.74768,0.75023,0.75185,0.75526,0.75639,0.75795,0.75995,0.75923,0.76416,0.7659,0.7692,0.76756,0.77115,0.77394,0.77589,0.7576,0.77406,0.77674,0.77733,0.80084,0.81284,0.80381,0.81394
0.40741,0.16898,0.20759,0.037389,0.39883,0.02443,0.028023,0.30821,0.69223,0.44656,0.1757,0.26698,0.22598,0.20346,0.085569,0.18796,0.2883,0.096029,0.0692,0.019975,0.32718,0.12433,0.238,0.21232,0.093791,0.070156,0.19994,0.11768,0.10301,0.07948,0.10116,0.090785,0.51682,0.06423,0.058667,0.060872,0.14785,0.076667,0.066002,0.088975,0.092628,0.097927,0.1087,0.11648,0.12503,0.1271,0.13016,0.13236,0.1337,0.13652,0.13817,0.13969,0.13635,0.14128,0.14255,0.14333,0.12571,0.14623,0.14642,0.14582,0.11875,0.14748,0.14759,0.14807
0.14815,0.33142,0.2536,0.10312,0.45499,0.23924,0.15344,0.080442,0.49094,0.22786,0.19171,0.19098,0.28908,0.21476,0.07924,0.1323,0.25177,0.08071,0.21055,0.10171,0.24858,0.18084,0.26521,0.26672,0.17862,0.26404,0.16209,0.28021,0.19586,0.19294,0.15748,0.20851,0.43943,0.23357,0.24963,0.26137,0.22501,0.32156,0.27318,0.29487,0.32226,0.33114,0.33256,0.33114,0.34062,0.33551,0.33584,0.33695,0.33355,0.33672,0.33803,0.34015,0.33055,0.33833,0.33886,0.33873,0.33771,0.34236,0.34151,0.33951,0.27105,0.34377,0.33887,0.35694
0.037037,0.084731,0.090691,0.17552,0.080373,0.18297,0.13436,0.035919,0.1071,0.02918,0.13743,0.078771,0.092963,0.13426,0.26522,0.18224,0.0083859,0.087432,0.14692,0.074554,0.090584,0.11238,0.093097,0.2254,0.18587,0.070222,0.18657,0.10589,0.11591,0.1075,0.12625,0.032705,0.32663,0.099586,0.14677,0.15213,0.1404,0.17345,0.18823,0.20235,0.20457,0.20233,0.20361,0.20558,0.20335,0.20743,0.20909,0.21008,0.20468,0.21237,0.21372,0.21524,0.2157,0.21645,0.21638,0.21821,0.20742,0.21668,0.21509,0.20021,0.20159,0.22493,0.22331,0.22245
0.037037,0.049526,0.012182,0.10678,0.21863,0.22847,0.067605,0.057687,0.061531,0.14654,0.10894,0.11033,0.098656,0.0968,0.070737,0.064469,0.080954,0.24516,0.12284,0.043459,0.091482,0.028547,0.10959,0.14525,0.2047,0.18473,0.21838,0.17821,0.16233,0.12249,0.15322,0.13678,0.4061,0.19885,0.22394,0.21906,0.072345,0.21937,0.21581,0.23397,0.22539,0.23396,0.2306,0.23061,0.21359,0.22999,0.23265,0.23609,0.25262,0.22455,0.22526,0.22637,0.25434,0.22187,0.22169,0.23304,0.22873,0.24916,0.25609,0.25775,0.20751,0.25794,0.25704,0.23118
0.14815,0.019763,0.21035,0.13474,0.23827,0.075986,0.11369,0.061311,0.053365,0.13611,0.12643,0.095029,0.13346,0.11404,0.13598,0.17505,0.033891,0.09581,0.10693,0.031458,0.15713,0.18949,0.11989,0.16062,0.051093,0.12356,0.12581,0.081489,0.20413,0.097304,0.1067,0.10836,0.03098,0.11779,0.081453,0.094515,0.034076,0.086075,0.07925,0.089945,0.089109,0.094521,0.097414,0.099015,0.099223,0.10471,0.10754,0.10944,0.11487,0.11386,0.11596,0.1194,0.11104,0.1193,0.12344,0.12729,0.097432,0.13079,0.1355,0.14384,0.06078,0.13815,0.14385,0.14731
0.11111,0.05338,0.11883,0.19057,0.22202,0.14002,0.10585,0.098499,0.24507,0.31145,0.21342,0.17001,0.048692,0.14998,0.11461,0.072256,0.25823,0.14679,0.10767,0.19843,0.14454,0.12722,0.11012,0.17446,0.083162,0.07068,0.2397,0.14713,0.14137,0.083294,0.092628,0.056056,0.23972,0.17075,0.1774,0.18577,0.13112,0.17852,0.19808,0.20478,0.20679,0.20878,0.20966,0.21034,0.21269,0.21252,0.2137,0.21406,0.21429,0.21626,0.21677,0.21785,0.2143,0.21814,0.21887,0.2196,0.20792,0.22082,0.22123,0.22141,0.19199,0.22192,0.22211,0.22219
0.037037,0.035,0.072743,0.12518,0.06143,0.1058,0.11894,0.07203,0.3258,0.12467,0.092064,0.02095,0.090497,0.11977,0.22586,0.23309,0.16738,0.10453,0.26462,0.037214,0.03633,0.1624,0.16268,0.062376,0.11369,0.22156,0.17167,0.17843,0.12668,0.05925,0.16881,0.13518,0.36671,0.097181,0.12367,0.13086,0.15048,0.13826,0.13605,0.13802,0.13875,0.14138,0.14313,0.1441,0.14568,0.14694,0.14845,0.14975,0.15154,0.15122,0.15292,0.15389,0.16092,0.17036,0.17228,0.19589,0.16794,0.19252,0.19441,0.17657,0.16477,0.18023,0.1824,0.18528
0.22222,0.095347,0.13028,0.043339,0.037747,0.10324,0.082949,0.079024,0.40477,0.048389,0.067405,0.15284,0.093391,0.1624,0.042377,0.19408,0.04398,0.15463,0.11261,0.10284,0.06372,0.19129,0.082737,0.09387,0.23483,0.092056,0.088166,0.14737,0.23113,0.019337,0.17288,0.16581,0.3325,0.064179,0.067939,0.075985,0.091546,0.060953,0.076935,0.068477,0.069599,0.069634,0.071007,0.071011,0.078898,0.07427,0.074125,0.075512,0.084025,0.076967,0.076828,0.077265,0.077235,0.078439,0.077535,0.078022,0.065615,0.074631,0.073967,0.073818,0.13779,0.074396,0.074048,0.074213
0,0.15345,0.11936,0.079222,0.13579,0.11969,0.090753,0.06371,0.34344,0.2934,0.15223,0.20389,0.18277,0.15134,0.09103,0.090849,0.10768,0.037294,0.089894,0.11051,0.1398,0.14807,0.076731,0.080401,0.13072,0.071804,0.052386,0.17169,0.22656,0.022665,0.0924,0.21453,0.30252,0.022089,0.013372,0.013125,0.069812,0.057638,0.033374,0.017057,0.029718,0.022455,0.02435,0.028161,0.021482,0.030106,0.031469,0.03303,0.027988,0.033064,0.034767,0.036722,0.036204,0.035144,0.03521,0.034866,0.05233,0.035511,0.035812,0.036996,0.020817,0.038157,0.03693,0.036947
0.2963,0.11113,0.12538,0.11628,0.059401,0.20172,0.22725,0.1455,0.23217,0.37507,0.21876,0.28269,0.11713,0.055578,0.11192,0.20496,0.14971,0.11516,0.073737,0.21834,0.10795,0.10658,0.19488,0.22651,0.27168,0.10301,0.16982,0.18622,0.069484,0.050332,0.098599,0.071836,0.32483,0.10457,0.095939,0.097602,0.13043,0.05512,0.065783,0.058842,0.056735,0.057599,0.057497,0.055666,0.078218,0.061413,0.088615,0.089121,0.093626,0.086771,0.086726,0.084611,0.086219,0.085436,0.082358,0.080918,0.085827,0.078433,0.076028,0.075339,0.085265,0.050964,0.040827,0.080039
0.037037,0.10343,0.1361,0.054257,0.070482,0.16784,0.18366,0.064862,0.10737,0.17531,0.18482,0.10754,0.13816,0.11574,0.0733,0.085286,0.14301,0.13865,0.21434,0.054238,0.039283,0.099627,0.18624,0.25107,0.15868,0.078208,0.17968,0.126,0.16887,0.090367,0.066038,0.1131,0.25512,0.032059,0.044723,0.069825,0.066201,0.12442,0.11705,0.10444,0.1476,0.15635,0.16048,0.16488,0.16654,0.17334,0.17505,0.1786,0.15667,0.18334,0.18406,0.18489,0.17101,0.18844,0.18918,0.18858,0.1661,0.1884,0.18719,0.18188,0.16079,0.15075,0.18567,0.1833
0.11111,0.02904,0.1457,0.026983,0.21516,0.12795,0.14783,0.045311,0.16192,0.23193,0.038213,0.12645,0.21999,0.10667,0.11258,0.045026,0.0054562,0.018307,0.16776,0.041,0.1375,0.059682,0.12807,0.064638,0.03574,0.13776,0.19915,0.081895,0.19966,0.23312,0.14744,0.17009,0.16871,0.14748,0.15137,0.16604,0.12657,0.15227,0.15784,0.15751,0.15543,0.15636,0.15543,0.13407,0.11666,0.12099,0.12136,0.12195,0.1284,0.11905,0.11727,0.11565,0.13055,0.11607,0.11446,0.11574,0.11858,0.10782,0.10806,0.10157,0.10074,0.11494,0.11042,0.1127
0.14815,0.085495,0.098691,0.2086,0.099628,0.22629,0.017586,0.062387,0.15787,0.12193,0.14629,0.18335,0.25007,0.10294,0.079663,0.056484,0.0074966,0.074227,0.096976,0.022453,0.13054,0.20184,0.17709,0.18184,0.060327,0.22031,0.18034,0.12668,0.10594,0.12308,0.14061,0.14115,0.17779,0.19224,0.14496,0.1377,0.14974,0.099975,0.092379,0.098255,0.094325,0.098557,0.092458,0.089189,0.07299,0.070383,0.068818,0.066705,0.074212,0.063762,0.064772,0.065852,0.09405,0.052383,0.05405,0.052498,0.061392,0.046473,0.044106,0.044767,0.08853,0.041485,0.039536,0.038264
0.18519,0.076045,0.13794,0.15613,0.15375,0.23062,0.14884,0.072771,0.045509,0.15275,0.11286,0.13205,0.2582,0.12615,0.064285,0.11816,0.028248,0.049794,0.15799,0.1915,0.10359,0.15959,0.18305,0.29138,0.076861,0.10311,0.12768,0.091582,0.16289,0.046593,0.10809,0.096873,0.11568,0.052538,0.056936,0.062141,0.14302,0.061125,0.089625,0.094897,0.087966,0.10264,0.10568,0.10978,0.11868,0.12135,0.12611,0.13239,0.1508,0.15702,0.17357,0.17859,0.175,0.18883,0.19772,0.20392,0.1993,0.21306,0.22189,0.21531,0.10081,0.25088,0.25397,0.25544
0.074074,0.12591,0.22166,0.16037,0.13199,0.26049,0.27051,0.078009,0.20854,0.33202,0.23494,0.10452,0.24436,0.27701,0.36316,0.29641,0.13875,0.13846,0.2345,0.15068,0.11526,0.17759,0.17558,0.15563,0.14784,0.099011,0.17873,0.11395,0.057073,0.13671,0.15503,0.16197,0.37511,0.29005,0.2741,0.28207,0.23808,0.26194,0.26255,0.26959,0.26816,0.2858,0.29195,0.29598,0.29228,0.30504,0.30836,0.31091,0.30744,0.31407,0.31615,0.31656,0.32812,0.3209,0.32173,0.32272,0.34254,0.33002,0.33247,0.33845,0.26692,0.32313,0.32868,0.331
0.11111,0.1839,0.29559,0.048538,0.1783,0.13934,0.14772,0.083969,0.18981,0.31216,0.15982,0.18687,0.072595,0.06127,0.16707,0.20736,0.11402,0.25267,0.11477,0.093174,0.13631,0.13879,0.11166,0.18323,0.079753,0.16256,0.052962,0.12453,0.097974,0.12123,0.12046,0.1556,0.3927,0.10942,0.10648,0.11058,0.20389,0.099932,0.09969,0.097631,0.097718,0.098982,0.099193,0.099413,0.10357,0.10018,0.10288,0.10405,0.1062,0.10305,0.11171,0.11936,0.1138,0.11619,0.11903,0.13075,0.11659,0.1392,0.13758,0.13345,0.18027,0.13301,0.14301,0.1112
0.22222,0.082245,0.2166,0.16759,0.10731,0.13211,0.20972,0.16148,0.22386,0.097144,0.047257,0.12261,0.073764,0.098622,0.15969,0.10077,0.156,0.10495,0.095398,0.1173,0.17092,0.027677,0.0092143,0.086015,0.083808,0.15709,0.1532,0.1538,0.17278,0.047653,0.039132,0.076876,0.50993,0.12452,0.12666,0.12805,0.13347,0.12364,0.093421,0.11122,0.092375,0.086665,0.082318,0.079279,0.069422,0.073474,0.07091,0.070774,0.046021,0.069997,0.069784,0.067202,0.036815,0.069768,0.068683,0.045213,0.066646,0.044886,0.041098,0.069554,0.025399,0.0547,0.05548,0.03792
0.11111,0.080861,0.32118,0.13748,0.24851,0.15723,0.070465,0.092981,0.1202,0.093878,0.12907,0.11236,0.045577,0.080048,0.14792,0.0085751,0.19575,0.13465,0.058552,0.05888,0.11545,0.18365,0.076004,0.14546,0.11027,0.12064,0.055013,0.17953,0.089529,0.12876,0.10159,0.09306,0.46045,0.16229,0.14988,0.14195,0.16692,0.14353,0.11981,0.13326,0.11369,0.11298,0.11018,0.10888,0.098145,0.10541,0.10371,0.10241,0.099576,0.10065,0.099613,0.098646,0.10402,0.097551,0.098698,0.097119,0.10303,0.10302,0.10245,0.10655,0.10291,0.1043,0.10977,0.10351
0.074074,0.15098,0.21198,0.047468,0.31436,0.13949,0.092192,0.038531,0.12387,0.19695,0.088294,0.18812,0.14677,0.036305,0.18007,0.053125,0.14872,0.22173,0.17625,0.1531,0.15676,0.28201,0.20027,0.052218,0.21222,0.19478,0.24458,0.10393,0.16301,0.2721,0.22355,0.33136,0.43663,0.47098,0.47921,0.4826,0.36543,0.45467,0.46889,0.45065,0.45284,0.43847,0.44234,0.43864,0.43557,0.42902,0.42723,0.42572,0.45906,0.42172,0.41735,0.41575,0.42118,0.41191,0.40889,0.41024,0.42853,0.40595,0.40486,0.402,0.44927,0.40377,0.40685,0.40421
0.074074,0.14363,0.038055,0.033545,0.039782,0.048107,0.063053,0.11172,0.031113,0.045703,0.28392,0.11171,0.026356,0.16798,0.33833,0.21078,0.22586,0.10104,0.09656,0.21646,0.052731,0.16948,0.067597,0.092582,0.12895,0.065152,0.1618,0.1077,0.17288,0.18478,0.14827,0.19799,0.14975,0.24911,0.21716,0.25173,0.28999,0.20894,0.20484,0.20438,0.22222,0.22449,0.22443,0.22589,0.21821,0.22786,0.22813,0.22843,0.23279,0.22813,0.22886,0.22805,0.24014,0.22971,0.2294,0.22849,0.26937,0.22615,0.22654,0.228,0.26481,0.22345,0.22235,0.22257
0.037037,0.073974,0.22774,0.21455,0.1396,0.22712,0.12494,0.020739,0.10537,0.15253,0.11719,0.081199,0.10978,0.091879,0.06756,0.028456,0.035341,0.11181,0.10416,0.11085,0.15363,0.13153,0.14252,0.1885,0.25535,0.068628,0.21673,0.12271,0.16587,0.084959,0.089501,0.081643,0.10678,0.066402,0.056435,0.055377,0.021407,0.072639,0.055581,0.04319,0.054214,0.038198,0.03968,0.039445,0.043998,0.035843,0.035419,0.036265,0.042228,0.032238,0.034429,0.034053,0.027759,0.035544,0.03583,0.038063,0.024497,0.033657,0.035541,0.033659,0.062386,0.037462,0.037119,0.036706
0.22222,0.7195,0.55878,0.36955,0.74067,0.49022,0.32856,0.24556,0.58313,0.46636,0.34962,0.30703,0.19891,0.30854,0.2769,0.20638,0.30916,0.20486,0.22505,0.18752,0.10712,0.22518,0.31248,0.31104,0.32214,0.099287,0.11729,0.15179,0.06938,0.17598,0.37367,0.37356,0.24526,0.51958,0.56119,0.60604,0.35301,0.60015,0.63329,0.65625,0.64718,0.64784,0.65467,0.65835,0.66879,0.66539,0.66945,0.67232,0.67158,0.6767,0.67996,0.68275,0.68564,0.68289,0.68584,0.68661,0.67805,0.69268,0.69265,0.69677,0.68275,0.67912,0.67323,0.67284
0.22222,0.55505,0.4875,0.23366,0.641,0.1564,0.16556,0.18519,0.25504,0.23703,0.095644,0.13459,0.25131,0.045553,0.17954,0.091888,0.18185,0.083624,0.13205,0.2512,0.23259,0.16786,0.12911,0.097557,0.1153,0.2129,0.22117,0.2922,0.055872,0.026376,0.11601,0.13684,0.13236,0.16249,0.16128,0.16937,0.22936,0.18235,0.18038,0.17992,0.21982,0.19313,0.194,0.18954,0.22094,0.19823,0.19947,0.19972,0.18893,0.20351,0.19833,0.19903,0.19833,0.2208,0.20952,0.19589,0.23801,0.20515,0.21989,0.22174,0.21581,0.20855,0.21156,0.21878
0.11111,0.41213,0.29149,0.36741,0.42112,0.041542,0.21646,0.17203,0.11569,0.056102,0.3321,0.15976,0.02211,0.13143,0.12,0.15786,0.32968,0.043284,0.097615,0.091915,0.12042,0.15268,0.20411,0.33106,0.16151,0.177,0.15716,0.22828,0.13392,0.058672,0.23458,0.16164,0.13725,0.19983,0.22506,0.24195,0.21013,0.266,0.27156,0.27742,0.28172,0.28878,0.29155,0.29359,0.30762,0.29935,0.30097,0.30203,0.30953,0.30282,0.30321,0.3022,0.30614,0.30565,0.30524,0.30468,0.29919,0.30471,0.30693,0.3169,0.29698,0.29608,0.29633,0.29632
0.037037,0.22607,0.13298,0.19636,0.26818,0.09058,0.069718,0.20683,0.013194,0.13454,0.25092,0.16049,0.15576,0.016754,0.26737,0.2493,0.36061,0.18239,0.12699,0.23712,0.19506,0.04311,0.11598,0.14762,0.085575,0.1342,0.04407,0.078535,0.10268,0.057214,0.12514,0.25165,0.11033,0.297,0.28917,0.30168,0.28403,0.35237,0.32738,0.34219,0.34745,0.34933,0.35435,0.357,0.35755,0.36084,0.36286,0.36472,0.36915,0.36634,0.36789,0.36725,0.35875,0.36968,0.36997,0.37053,0.36981,0.37165,0.37196,0.37412,0.27033,0.36392,0.36925,0.37022
0.2963,0.4375,0.1611,0.19119,0.52124,0.24183,0.13515,0.1549,0.38632,0.21137,0.095342,0.235,0.24955,0.051128,0.15632,0.12705,0.16042,0.28892,0.22804,0.29399,0.11759,0.15154,0.25337,0.10977,0.15567,0.066686,0.25864,0.22065,0.1538,0.23586,0.20138,0.17636,0.42526,0.33162,0.3108,0.30467,0.37395,0.32105,0.33205,0.33762,0.29736,0.30238,0.29905,0.29805,0.29795,0.29401,0.29285,0.29259,0.28964,0.29102,0.29064,0.29038,0.29584,0.28913,0.28966,0.28938,0.2855,0.29096,0.29073,0.28814,0.25999,0.29446,0.29517,0.29625
0.51852,0.18005,0.14625,0.1806,0.34265,0.090201,0.066552,0.10412,0.18309,0.10743,0.22401,0.083871,0.54044,0.058606,0.053879,0.11751,0.17089,0.048459,0.070149,0.12201,0.14133,0.17275,0.090626,0.10844,0.040619,0.036814,0.18213,0.16156,0.13677,0.13593,0.029243,0.15751,0.37931,0.13016,0.10802,0.1185,0.020849,0.086218,0.12223,0.12314,0.11978,0.11987,0.11768,0.11729,0.11085,0.11782,0.11808,0.11631,0.11653,0.11244,0.11387,0.1135,0.1245,0.11521,0.11499,0.11438,0.095325,0.10701,0.10987,0.10594,0.18947,0.11231,0.1115,0.11136
0.51852,0.25157,0.11374,0.30669,0.17036,0.16611,0.14333,0.27924,0.62813,0.45689,0.30239,0.24956,0.74382,0.15354,0.061938,0.058425,0.25357,0.11721,0.20764,0.040041,0.10605,0.24068,0.15665,0.16005,0.087278,0.13668,0.047798,0.09195,0.028483,0.083364,0.036421,0.15194,0.48853,0.075561,0.082114,0.083868,0.16987,0.089375,0.087478,0.08201,0.082289,0.085948,0.083384,0.081366,0.087054,0.077719,0.073582,0.072865,0.066234,0.072533,0.070251,0.068759,0.065961,0.071282,0.071544,0.072487,0.074372,0.07097,0.073229,0.071958,0.081495,0.073418,0.074119,0.066271
0.33333,0.62894,0.4865,0.33763,0.53196,0.055364,0.38671,0.36199,0.68846,0.27974,0.19954,0.16344,0.5307,0.18534,0.10106,0.16452,0.20085,0.26646,0.22929,0.1388,0.075972,0.14697,0.18718,0.31055,0.14578,0.2669,0.24448,0.20468,0.1273,0.096579,0.22581,0.29032,0.23668,0.2213,0.27471,0.31428,0.19877,0.31022,0.32824,0.32773,0.32641,0.33616,0.33677,0.33693,0.34289,0.33815,0.33826,0.33893,0.33961,0.33785,0.33854,0.33894,0.33944,0.33751,0.33775,0.33685,0.33777,0.33701,0.33641,0.33618,0.32609,0.33412,0.33346,0.33333
0.2963,0.79627,0.64265,0.35825,0.76048,0.33981,0.41185,0.40548,0.39826,0.023414,0.10409,0.058692,0.22349,0.19218,0.18249,0.13557,0.13357,0.12778,0.22667,0.13307,0.022033,0.17672,0.18869,0.21623,0.071127,0.33617,0.32861,0.3447,0.071405,0.14638,0.28904,0.35829,0.15621,0.30139,0.35258,0.3808,0.24586,0.35927,0.42317,0.44747,0.44655,0.45764,0.46381,0.47061,0.47058,0.47973,0.48228,0.48591,0.49174,0.49425,0.49509,0.49857,0.52468,0.5007,0.50418,0.505,0.50622,0.50991,0.51269,0.51215,0.49148,0.5116,0.51508,0.51822
0.22222,0.58223,0.67797,0.44668,0.742,0.32371,0.2543,0.26071,0.38276,0.21587,0.11637,0.022196,0.14721,0.061281,0.17228,0.18933,0.1723,0.051795,0.14804,0.071153,0.16916,0.2768,0.27966,0.21778,0.26767,0.11874,0.21906,0.243,0.064391,0.246,0.20887,0.32056,0.12385,0.3841,0.38928,0.41695,0.27038,0.51195,0.4985,0.45855,0.49031,0.49813,0.50066,0.50677,0.5077,0.51481,0.52,0.52958,0.53064,0.54112,0.54448,0.54648,0.55017,0.5498,0.55212,0.55153,0.54021,0.55378,0.55726,0.55542,0.51111,0.54438,0.5482,0.55634
0,0.13278,0.029819,0.05659,0.37685,0.082914,0.045166,0.30191,0.68067,0.5698,0.41441,0.41466,0.58566,0.23075,0.22582,0.25662,0.34034,0.13443,0.094923,0.13111,0.21656,0.23072,0.15662,0.27847,0.085895,0.11731,0.13684,0.10168,0.077261,0.19728,0.24384,0.26657,0.50515,0.30421,0.30257,0.30575,0.30619,0.34007,0.32788,0.32923,0.32595,0.32354,0.32484,0.32604,0.32238,0.32461,0.3259,0.32611,0.32422,0.32757,0.32753,0.32845,0.30597,0.32596,0.3256,0.32394,0.3219,0.32535,0.32202,0.31429,0.25601,0.33709,0.32465,0.29751
0.25926,0.88916,0.7121,0.39218,0.87388,0.64164,0.43147,0.12745,0.75741,0.87747,0.79071,0.73245,0.78786,0.49257,0.59649,0.65098,0.46809,0.50436,0.6912,0.59458,0.34089,0.50722,0.6137,0.62586,0.077841,0.49813,0.67715,0.57257,0.066628,0.57359,0.75439,0.79184,0.78584,0.88141,0.89775,0.90737,0.90465,0.91061,0.91073,0.91289,0.91551,0.91657,0.91781,0.9188,0.91971,0.92056,0.92124,0.9217,0.92205,0.92286,0.92331,0.92372,0.92416,0.92431,0.92464,0.92486,0.92474,0.92532,0.92551,0.92569,0.92399,0.9258,0.9259,0.92592
0.44444,0.91318,0.85495,0.51727,0.87699,0.73837,0.63428,0.234,0.73791,0.84412,0.79985,0.76349,0.65817,0.62857,0.64483,0.66132,0.60602,0.55253,0.58347,0.54393,0.33944,0.43577,0.66491,0.59878,0.16907,0.45305,0.53889,0.59696,0.2175,0.63485,0.81834,0.79673,0.74526,0.91634,0.94512,0.94464,0.8761,0.96478,0.96269,0.96228,0.96206,0.96691,0.96831,0.96893,0.96992,0.97055,0.97191,0.97207,0.97007,0.97357,0.9743,0.97555,0.96952,0.97538,0.97546,0.97562,0.97767,0.97287,0.97218,0.97159,0.95321,0.97143,0.97237,0.96537
