0.076923,0.09178,0.080666,0.10074,0.062631,0.20116,0.044508,0.099046,0.078577,0.047204,0.076964,0.16058,0.02094,0.037161,0.083928,0.12982,0.16006,0.12009,0.082608,0.16438,0.17731,0.10708,0.11156,0.077754,0.036753,0.075115,0.12558,0.0695,0.07168,0.022578,0.043262,0.1469,0.23121,0.12361,0.06594,0.086033,0.0653,0.076487,0.079317,0.072127,0.077567,0.077712,0.073944,0.073538,0.089633,0.066299,0.0651,0.065453,0.058304,0.054484,0.051982,0.049631,0.045218,0.033376,0.032933,0.035464,0.047666,0.018638,0.017909,0.011584,0.014694,0.0040362,0.0063247,0.0011176
0.051282,0.18641,0.063248,0.17776,0.17922,0.11755,0.13113,0.089218,0.044815,0.073772,0.0073704,0.067983,0.044743,0.025063,0.10318,0.13133,0.087104,0.098015,0.16693,0.20835,0.16635,0.10563,0.10055,0.038744,0.075088,0.077266,0.084826,0.16231,0.067534,0.034211,0.090087,0.031285,0.26304,0.032079,0.012112,0.030998,0.074155,0.036063,0.050862,0.043207,0.041671,0.036483,0.038196,0.035589,0.048809,0.035895,0.034256,0.033002,0.027415,0.030894,0.026777,0.025453,0.019904,0.027858,0.026038,0.026564,0.039109,0.02395,0.024121,0.025778,0.029582,0.024783,0.024859,0.02561
0.076923,0.11036,0.15514,0.17914,0.091168,0.11978,0.065266,0.12742,0.10762,0.027767,0.04449,0.067979,0.056083,0.068678,0.046001,0.15248,0.095759,0.11608,0.029148,0.081641,0.19523,0.16029,0.012441,0.013666,0.1111,0.14087,0.047164,0.075235,0.033081,0.089888,0.0016568,0.073891,0.40836,0.05424,0.066205,0.06034,0.015452,0.056898,0.092986,0.10115,0.099162,0.083584,0.083497,0.081734,0.07808,0.070071,0.066837,0.067007,0.063836,0.057713,0.058204,0.055497,0.073611,0.050832,0.04972,0.051184,0.05492,0.045059,0.043336,0.041332,0.051237,0.046325,0.049219,0.052446
0.10256,0.23203,0.085593,0.10842,0.038026,0.059332,0.080869,0.090317,0.042142,0.052488,0.0415,0.099942,0.15353,0.13626,0.066893,0.17311,0.18303,0.068524,0.10287,0.19773,0.047582,0.078292,0.070585,0.10948,0.14593,0.032753,0.038693,0.17561,0.028886,0.13283,0.11362,0.080066,0.61426,0.13789,0.13794,0.14792,0.14407,0.13679,0.15633,0.14277,0.15633,0.15511,0.15813,0.16,0.168,0.16799,0.17234,0.17513,0.17285,0.18175,0.19074,0.1933,0.16887,0.19387,0.20057,0.20731,0.18083,0.21053,0.21342,0.2218,0.12285,0.21983,0.22469,0.22795
0.10256,0.050802,0.21852,0.16374,0.063071,0.16631,0.20762,0.09966,0.17223,0.043695,0.10214,0.19345,0.17947,0.017364,0.07522,0.15507,0.076701,0.095753,0.043592,0.044949,0.084121,0.095613,0.24475,0.10929,0.11668,0.095197,0.036394,0.099325,0.051251,0.12571,0.051374,0.049026,0.46994,0.044964,0.031218,0.04146,0.1127,0.054294,0.057893,0.063952,0.061971,0.057639,0.055891,0.051843,0.042799,0.053163,0.048494,0.049923,0.079958,0.042579,0.043058,0.044315,0.047764,0.039765,0.042641,0.040551,0.066965,0.038989,0.038249,0.038376,0.043457,0.021542,0.026094,0.030791
0.025641,0.14087,0.045557,0.019697,0.10032,0.13788,0.2391,0.093318,0.19118,0.074222,0.17421,0.17888,0.14244,0.076404,0.07609,0.13453,0.19015,0.083733,0.10147,0.069897,0.076869,0.091031,0.21633,0.17296,0.10658,0.13005,0.088338,0.084457,0.10203,0.069002,0.036272,0.010029,0.14123,0.0091054,0.022219,0.039005,0.081667,0.024873,0.044463,0.045618,0.048454,0.046296,0.04853,0.051388,0.051697,0.052907,0.054576,0.05631,0.058228,0.055241,0.055121,0.056027,0.048587,0.056457,0.054893,0.05448,0.064969,0.052928,0.052488,0.052135,0.059942,0.051832,0.051676,0.051471
0.076923,0.11557,0.19605,0.1691,0.16463,0.067522,0.26138,0.21039,0.23002,0.043579,0.1352,0.1041,0.10524,0.11527,0.064849,0.21976,0.08349,0.16855,0.16411,0.099404,0.043765,0.030891,0.18212,0.02905,0.059827,0.10861,0.10531,0.11612,0.10672,0.11776,0.13047,0.13195,0.044577,0.064328,0.062961,0.072989,0.038032,0.11054,0.094792,0.084936,0.079706,0.085803,0.088427,0.087821,0.088484,0.08683,0.087314,0.086515,0.095624,0.08602,0.086555,0.086305,0.092196,0.087028,0.088391,0.089653,0.11733,0.090211,0.086031,0.064103,0.054114,0.0604,0.067994,0.057835
0.23077,0.058737,0.11844,0.10764,0.13866,0.10374,0.07109,0.1633,0.3075,0.050672,0.067823,0.10997,0.13361,0.043668,0.16906,0.27732,0.032765,0.15636,0.082491,0.16311,0.10918,0.19816,0.088516,0.19684,0.082144,0.20124,0.12676,0.065722,0.060458,0.14416,0.033173,0.029753,0.17775,0.14497,0.15429,0.11903,0.12201,0.13964,0.12688,0.099193,0.088022,0.087619,0.087579,0.083671,0.088136,0.077881,0.075135,0.073391,0.052981,0.074234,0.067887,0.066748,0.059344,0.064786,0.062567,0.05783,0.052575,0.059911,0.059547,0.051254,0.035201,0.053498,0.052692,0.051286
0.10256,0.11124,0.067277,0.13375,0.15408,0.028118,0.13455,0.031171,0.20552,0.13417,0.17157,0.10522,0.18543,0.020656,0.11833,0.1133,0.084475,0.092486,0.05919,0.016572,0.098549,0.048499,0.10593,0.16829,0.12778,0.025713,0.10063,0.072872,0.020905,0.1065,0.077702,0.05359,0.084018,0.20524,0.19275,0.1873,0.16969,0.21252,0.22599,0.23049,0.2139,0.22375,0.21947,0.22172,0.21822,0.21868,0.22024,0.22199,0.22675,0.22738,0.22796,0.23195,0.22102,0.23201,0.23483,0.23502,0.22953,0.24422,0.24553,0.24599,0.23625,0.25256,0.25444,0.25585
0.076923,0.10012,0.076429,0.22103,0.2957,0.073706,0.03339,0.053048,0.17519,0.14419,0.2093,0.11107,0.19191,0.087145,0.18281,0.23535,0.12199,0.069072,0.047772,0.077575,0.073399,0.10867,0.059615,0.13197,0.046612,0.12689,0.14445,0.090823,0.033088,0.045283,0.14594,0.17579,0.53729,0.17505,0.14799,0.13774,0.1787,0.17261,0.20474,0.20098,0.19547,0.19701,0.19884,0.19988,0.19241,0.20189,0.20308,0.20496,0.20548,0.20175,0.20436,0.20414,0.24555,0.20891,0.21095,0.20907,0.21243,0.21627,0.21064,0.19818,0.19683,0.22911,0.22883,0.23006
0.23077,0.16099,0.24007,0.1188,0.30097,0.07742,0.10241,0.083153,0.17543,0.021053,0.12338,0.14457,0.12956,0.054404,0.1641,0.20658,0.19608,0.12701,0.090041,0.15464,0.11847,0.11159,0.1718,0.12501,0.19994,0.1575,0.16557,0.040603,0.037247,0.07018,0.13618,0.20349,0.57886,0.20981,0.21706,0.23335,0.12763,0.21259,0.21096,0.2016,0.20236,0.20954,0.21198,0.20961,0.21678,0.21516,0.21616,0.21794,0.21707,0.22386,0.22601,0.23031,0.21773,0.23443,0.23637,0.22986,0.22746,0.24073,0.23918,0.21646,0.23678,0.23465,0.23353,0.23114
0.10256,0.036097,0.33185,0.21127,0.29508,0.1905,0.1406,0.16516,0.14868,0.090547,0.15434,0.1477,0.043397,0.038425,0.13614,0.18573,0.24867,0.08068,0.075145,0.02208,0.19428,0.1027,0.11417,0.15121,0.09451,0.13129,0.042517,0.16172,0.01945,0.21701,0.1981,0.1972,0.54114,0.28862,0.27679,0.27937,0.14024,0.3313,0.31737,0.31628,0.30724,0.3239,0.32893,0.33022,0.32127,0.33667,0.33668,0.33852,0.33103,0.33861,0.33868,0.34025,0.32438,0.33324,0.33768,0.34306,0.31209,0.34588,0.34624,0.35283,0.31506,0.36093,0.36933,0.37536
0.076923,0.060796,0.15197,0.18538,0.27296,0.10863,0.071155,0.095085,0.16912,0.05727,0.10879,0.068783,0.20035,0.098027,0.23959,0.16503,0.17646,0.12199,0.092135,0.23557,0.11786,0.11624,0.19888,0.10603,0.01847,0.19008,0.1324,0.096374,0.016333,0.25836,0.24109,0.27865,0.46658,0.31075,0.31586,0.32029,0.24224,0.30319,0.33799,0.34353,0.34217,0.34384,0.3445,0.34645,0.35944,0.35727,0.37305,0.37483,0.38179,0.38032,0.38103,0.38043,0.36204,0.38422,0.38386,0.38442,0.36786,0.38381,0.38401,0.36056,0.31843,0.38203,0.38162,0.38492
0.051282,0.25375,0.12062,0.091105,0.21187,0.16014,0.22319,0.2514,0.18469,0.041854,0.071694,0.058645,0.076012,0.056314,0.12205,0.10006,0.093896,0.085274,0.020168,0.13499,0.091228,0.067911,0.12159,0.10036,0.076436,0.086618,0.061336,0.12618,0.12722,0.099322,0.069281,0.11049,0.066078,0.079464,0.10339,0.12153,0.18666,0.073078,0.12976,0.1007,0.10907,0.091161,0.083113,0.074957,0.06157,0.067171,0.064458,0.061943,0.068002,0.056792,0.055975,0.054093,0.05942,0.045288,0.043759,0.040532,0.0294,0.033208,0.031338,0.036503,0.065503,0.010476,0.014339,0.011835
0.17949,0.52252,0.58298,0.16824,0.63326,0.44136,0.28969,0.23788,0.33419,0.090233,0.12849,0.057117,0.30222,0.21606,0.11673,0.040915,0.31798,0.078982,0.14372,0.14543,0.038937,0.09285,0.013726,0.092981,0.11491,0.28094,0.1209,0.071161,0.13538,0.17218,0.20801,0.27548,0.12488,0.35239,0.35484,0.37569,0.32215,0.38414,0.40975,0.42409,0.43298,0.44198,0.45014,0.4572,0.4669,0.46699,0.48078,0.48688,0.51314,0.50624,0.52344,0.53472,0.51934,0.54376,0.54927,0.55305,0.5156,0.55485,0.55818,0.55419,0.4785,0.56253,0.56365,0.56336
0.12821,0.15473,0.20504,0.10836,0.12528,0.23436,0.21908,0.25392,0.28971,0.051574,0.19989,0.052742,0.15312,0.011957,0.04602,0.1737,0.043734,0.13916,0.12518,0.061214,0.093562,0.055417,0.10094,0.016824,0.037718,0.084998,0.10081,0.038667,0.10776,0.18701,0.2309,0.20535,0.20523,0.21193,0.19366,0.20815,0.12598,0.21325,0.21858,0.22388,0.22485,0.22883,0.2302,0.23104,0.232,0.23559,0.23957,0.23907,0.23218,0.24389,0.24599,0.24657,0.24888,0.24673,0.24705,0.24935,0.21275,0.24077,0.24086,0.23723,0.25115,0.24815,0.24539,0.25033
0.10256,0.079142,0.063771,0.16001,0.18007,0.14737,0.12398,0.15686,0.24526,0.062663,0.14228,0.10497,0.08518,0.018884,0.033236,0.12712,0.1395,0.13983,0.079539,0.10876,0.11355,0.050126,0.021376,0.16269,0.11673,0.19244,0.062493,0.076258,0.044488,0.18175,0.10516,0.04495,0.28174,0.15591,0.17998,0.16035,0.059015,0.16976,0.14052,0.14003,0.12864,0.13286,0.13178,0.12987,0.13662,0.12825,0.12669,0.12599,0.12357,0.12433,0.12375,0.12491,0.12138,0.12289,0.12162,0.12155,0.092461,0.12175,0.12506,0.12177,0.1486,0.12512,0.12484,0.1278
0.076923,0.1328,0.18449,0.12267,0.37128,0.13836,0.10126,0.2077,0.21245,0.047662,0.16718,0.03537,0.14188,0.023725,0.025832,0.16369,0.20244,0.11743,0.043127,0.20865,0.26874,0.041931,0.078247,0.16011,0.14629,0.081193,0.14994,0.1139,0.055477,0.13128,0.17323,0.24418,0.15558,0.13898,0.18289,0.22849,0.15467,0.13644,0.1766,0.19511,0.20602,0.20445,0.20775,0.21017,0.21198,0.21885,0.22178,0.22457,0.23638,0.23105,0.23379,0.23586,0.21997,0.24373,0.24465,0.24654,0.23486,0.24588,0.24838,0.25245,0.23641,0.24879,0.25397,0.25206
0.076923,0.13517,0.37536,0.087383,0.55141,0.24069,0.13922,0.33359,0.11652,0.14854,0.2425,0.23459,0.33952,0.067942,0.12682,0.38301,0.20362,0.013997,0.04533,0.11429,0.13085,0.01456,0.14007,0.084101,0.094571,0.084759,0.0304,0.12407,0.1215,0.13291,0.21013,0.15143,0.64779,0.22574,0.22085,0.21994,0.12168,0.19342,0.20381,0.20436,0.20873,0.20553,0.20743,0.20999,0.21148,0.21506,0.21482,0.2173,0.23332,0.21802,0.22249,0.22382,0.21979,0.22873,0.22911,0.23343,0.2234,0.23145,0.23229,0.23489,0.24256,0.24054,0.22851,0.25055
0.17949,0.31118,0.49844,0.13715,0.83068,0.33656,0.27563,0.35595,0.26536,0.095665,0.25882,0.16996,0.44421,0.081292,0.28477,0.41414,0.52806,0.094766,0.026518,0.021175,0.27329,0.21804,0.21188,0.10926,0.091553,0.22718,0.22054,0.14167,0.13756,0.18859,0.40168,0.27952,0.6828,0.459,0.47577,0.48639,0.41897,0.46099,0.47607,0.48058,0.49999,0.49648,0.49773,0.50137,0.50699,0.5061,0.50822,0.50858,0.51337,0.51456,0.5165,0.51618,0.50236,0.52915,0.53013,0.54068,0.53938,0.53345,0.53548,0.50491,0.53279,0.53523,0.53577,0.53782
0.5641,0.61392,0.58191,0.23276,0.76226,0.3506,0.39303,0.3438,0.314,0.23166,0.36853,0.19699,0.4158,0.18646,0.2432,0.30566,0.52595,0.14658,0.15995,0.087971,0.31686,0.24065,0.27285,0.18695,0.09039,0.23959,0.29088,0.25423,0.11664,0.19839,0.42588,0.42973,0.21987,0.50308,0.50187,0.5176,0.43218,0.53756,0.56619,0.5876,0.58975,0.59651,0.60028,0.60308,0.6039,0.6074,0.60989,0.61164,0.62109,0.61287,0.61517,0.61532,0.61255,0.61842,0.61956,0.6212,0.63303,0.6216,0.62129,0.61247,0.59228,0.63269,0.62625,0.63597
0.35897,0.71374,0.44426,0.30197,0.72056,0.29755,0.37093,0.28181,0.60465,0.28538,0.19352,0.098948,0.24505,0.10779,0.1999,0.1417,0.39883,0.024006,0.075445,0.19421,0.18799,0.23415,0.26392,0.17793,0.11528,0.19739,0.34344,0.21748,0.043843,0.082018,0.31158,0.2337,0.26153,0.26467,0.30095,0.33471,0.33541,0.32719,0.3558,0.36642,0.37427,0.38244,0.38413,0.38914,0.39309,0.39327,0.39868,0.40073,0.4175,0.40623,0.41353,0.41839,0.42944,0.42904,0.43136,0.43365,0.45286,0.43396,0.43496,0.43329,0.40426,0.43689,0.43631,0.43564
0.4359,0.61146,0.19876,0.22892,0.6791,0.1958,0.17991,0.18071,0.61146,0.13929,0.15257,0.26418,0.1812,0.086225,0.16504,0.14044,0.14654,0.11793,0.067461,0.11316,0.004793,0.078534,0.10295,0.09443,0.051791,0.088626,0.21119,0.19714,0.17246,0.2007,0.088986,0.058318,0.20667,0.030403,0.013579,0.01807,0.10446,0.015313,0.028411,0.027391,0.033546,0.032881,0.036965,0.039778,0.040805,0.04238,0.042549,0.043572,0.064769,0.041328,0.043726,0.045556,0.055018,0.040876,0.041513,0.039429,0.024338,0.032164,0.027873,0.030953,0.08904,0.042492,0.031351,0.05058
0.23077,0.3981,0.18139,0.19241,0.56081,0.2286,0.12509,0.11038,0.49444,0.086376,0.1577,0.17156,0.073219,0.055701,0.094853,0.17701,0.14967,0.11259,0.11163,0.047634,0.034509,0.096395,0.11618,0.22478,0.011276,0.11986,0.16825,0.087933,0.11365,0.14953,0.064222,0.050405,0.16607,0.020165,0.028114,0.036828,0.02286,0.017697,0.036032,0.055172,0.046217,0.051242,0.049625,0.052963,0.050668,0.059652,0.063356,0.064492,0.074252,0.068926,0.070476,0.072616,0.073844,0.076999,0.078051,0.07768,0.082187,0.082877,0.083744,0.085852,0.063174,0.08357,0.081665,0.079659
0.4359,0.79647,0.30423,0.41986,0.74085,0.23809,0.3061,0.15786,0.56845,0.28164,0.35609,0.28137,0.14005,0.12054,0.22282,0.23446,0.29404,0.059297,0.10743,0.10603,0.11579,0.070233,0.12779,0.0977,0.065181,0.026734,0.29024,0.12727,0.14645,0.022355,0.23195,0.20914,0.1085,0.24817,0.2614,0.26841,0.17619,0.27251,0.24159,0.25183,0.23739,0.23758,0.23606,0.23742,0.22759,0.23714,0.23639,0.23693,0.24175,0.23515,0.23554,0.23881,0.2404,0.23506,0.23639,0.23537,0.22274,0.2364,0.2331,0.2316,0.26446,0.25004,0.255,0.25506
0.35897,0.71862,0.54794,0.2176,0.67271,0.19253,0.27513,0.37444,0.3499,0.24662,0.36134,0.16934,0.35872,0.23137,0.38339,0.23016,0.44729,0.14822,0.17512,0.07287,0.23119,0.25607,0.3416,0.23423,0.14582,0.25789,0.261,0.11209,0.13677,0.33435,0.38275,0.42224,0.50542,0.41135,0.44455,0.44709,0.39719,0.43425,0.43282,0.43224,0.43093,0.43363,0.43552,0.4368,0.44439,0.43875,0.44099,0.44157,0.45165,0.44622,0.44739,0.44894,0.44286,0.44763,0.44829,0.44598,0.43967,0.45376,0.45064,0.43117,0.47482,0.45508,0.45828,0.46137
0.10256,0.42554,0.18258,0.15952,0.18288,0.255,0.18206,0.15038,0.59394,0.11048,0.13606,0.06093,0.36076,0.12566,0.18805,0.10867,0.084557,0.040651,0.063705,0.069181,0.16123,0.067975,0.13324,0.11682,0.10654,0.23775,0.10421,0.11664,0.18406,0.21356,0.075921,0.1844,0.34441,0.12073,0.16759,0.17257,0.25836,0.13537,0.16771,0.16162,0.16628,0.16726,0.16844,0.16917,0.17379,0.17067,0.17169,0.17297,0.16705,0.1737,0.17409,0.1754,0.17222,0.1746,0.17398,0.17314,0.18088,0.17103,0.16993,0.1688,0.16516,0.1614,0.15794,0.15448
0.30769,0.65511,0.67539,0.31716,0.71655,0.49763,0.41855,0.31317,0.57093,0.13649,0.23255,0.11523,0.4664,0.21389,0.21377,0.25666,0.31596,0.035335,0.049848,0.19246,0.14069,0.043089,0.087848,0.043318,0.17745,0.24015,0.29158,0.13935,0.082231,0.11748,0.27861,0.30945,0.16394,0.51606,0.56024,0.55816,0.34207,0.57283,0.57581,0.59249,0.59505,0.60055,0.60964,0.61667,0.62,0.63044,0.63269,0.63527,0.6387,0.63862,0.64111,0.64292,0.64279,0.65107,0.65179,0.65302,0.64399,0.65534,0.65786,0.65848,0.64535,0.66424,0.6658,0.66622
0.10256,0.6239,0.56698,0.56203,0.70495,0.48586,0.53483,0.44421,0.76732,0.16895,0.345,0.20452,0.32979,0.24637,0.22728,0.37721,0.32187,0.22928,0.18346,0.23837,0.11547,0.11085,0.24269,0.081623,0.12101,0.37538,0.39056,0.27044,0.053824,0.27793,0.37106,0.38979,0.33196,0.60393,0.63666,0.6411,0.45175,0.6771,0.66351,0.67175,0.6759,0.67295,0.67519,0.67678,0.67655,0.67945,0.68192,0.68491,0.6823,0.6945,0.69676,0.70146,0.7014,0.70923,0.7112,0.71179,0.71478,0.71371,0.71492,0.71742,0.66433,0.71674,0.71715,0.7178
0.10256,0.2118,0.32757,0.34549,0.77877,0.1554,0.14298,0.097106,0.7083,0.25472,0.12122,0.1213,0.44472,0.085206,0.079928,0.098575,0.36272,0.21913,0.069841,0.14649,0.39786,0.11357,0.2007,0.17676,0.032669,0.22782,0.0097421,0.077873,0.10134,0.22326,0.16453,0.14906,0.51591,0.11349,0.092442,0.12214,0.1016,0.043149,0.063459,0.072538,0.071731,0.070695,0.068818,0.065332,0.067325,0.060862,0.057473,0.055097,0.059761,0.049595,0.048723,0.043576,0.050723,0.048737,0.043786,0.035226,0.046835,0.030177,0.028753,0.030702,0.026765,0.03377,0.02535,0.023824
0.12821,0.11631,0.44337,0.15855,0.8409,0.24676,0.092223,0.29338,0.46894,0.054911,0.16002,0.042166,0.40032,0.027548,0.12195,0.28832,0.46516,0.16294,0.036127,0.041086,0.2869,0.19512,0.18913,0.18276,0.029331,0.12783,0.20817,0.12526,0.12543,0.13567,0.11023,0.045975,0.68584,0.17251,0.16423,0.17897,0.20324,0.16589,0.17683,0.18843,0.1774,0.18856,0.19175,0.19459,0.20034,0.20418,0.20387,0.20487,0.20116,0.20741,0.20927,0.21099,0.22663,0.21509,0.21606,0.21874,0.20916,0.2175,0.20832,0.20305,0.26302,0.24014,0.24615,0.24567
0.051282,0.13503,0.11862,0.071145,0.32415,0.066958,0.017728,0.12017,0.23154,0.13122,0.17403,0.072367,0.24521,0.082429,0.11945,0.029839,0.20842,0.03952,0.08849,0.065778,0.12281,0.15682,0.10165,0.13505,0.065636,0.076182,0.096617,0.01451,0.11907,0.060174,0.048415,0.090458,0.60579,0.054775,0.068572,0.069802,0.12835,0.072563,0.072918,0.063596,0.069842,0.064661,0.064484,0.062281,0.064894,0.062455,0.061299,0.059645,0.052463,0.058242,0.054469,0.054,0.043722,0.050511,0.048958,0.047855,0.035346,0.04464,0.042013,0.037992,0.096432,0.044732,0.04596,0.049286
0.051282,0.08977,0.056361,0.01357,0.03274,0.22975,0.05164,0.14189,0.19886,0.11919,0.10487,0.079658,0.10295,0.12114,0.13228,0.1039,0.15761,0.1847,0.097723,0.015982,0.1029,0.1085,0.14362,0.065725,0.069426,0.14536,0.062154,0.10782,0.13158,0.08738,0.078618,0.085802,0.31523,0.023828,0.038328,0.033084,0.14958,0.031211,0.074482,0.071896,0.065733,0.069092,0.070044,0.072967,0.068894,0.073683,0.07591,0.077861,0.063948,0.082877,0.082408,0.084952,0.088873,0.084821,0.087105,0.089307,0.079224,0.090774,0.08779,0.08498,0.090692,0.094544,0.092747,0.088385
0.15385,0.17736,0.086773,0.020867,0.14624,0.1932,0.071224,0.064958,0.18544,0.094339,0.059522,0.12479,0.20885,0.21269,0.050836,0.082002,0.10442,0.15404,0.15522,0.035524,0.060679,0.22085,0.14215,0.12115,0.12096,0.17283,0.066244,0.11712,0.082673,0.19504,0.16975,0.047518,0.30979,0.12993,0.11975,0.1048,0.15844,0.13919,0.10972,0.13181,0.1144,0.10971,0.10595,0.10187,0.08478,0.10071,0.10004,0.097081,0.085086,0.084638,0.082254,0.075217,0.084944,0.069042,0.064901,0.061593,0.025426,0.05272,0.04806,0.042061,0.065138,0.032278,0.025711,0.025811
0,0.1324,0.19327,0.097026,0.12067,0.11805,0.03589,0.027122,0.084045,0.11581,0.051997,0.065528,0.24499,0.32613,0.24854,0.26081,0.027972,0.1976,0.15692,0.047861,0.049101,0.13389,0.17697,0.0068131,0.15029,0.073528,0.089234,0.1064,0.13768,0.14264,0.059164,0.13083,0.042017,0.070227,0.11594,0.10608,0.0064661,0.12083,0.11618,0.11018,0.10621,0.1015,0.099242,0.094512,0.10105,0.088663,0.083056,0.081753,0.075001,0.072648,0.069767,0.067592,0.058331,0.055899,0.052945,0.048023,0.046921,0.039897,0.034529,0.030618,0.048615,0.026417,0.023793,0.024941
0.025641,0.092764,0.055788,0.0614,0.11932,0.073689,0.0463,0.077585,0.18685,0.11769,0.011921,0.091631,0.16131,0.20456,0.063067,0.09217,0.022821,0.037965,0.17579,0.073267,0.021623,0.17438,0.178,0.1584,0.18168,0.11625,0.063125,0.09856,0.1587,0.24167,0.15119,0.062634,0.23977,0.10028,0.095796,0.044479,0.10521,0.076157,0.055005,0.057125,0.049194,0.050842,0.050808,0.050592,0.056831,0.048316,0.048027,0.044479,0.060053,0.036233,0.037895,0.036969,0.047805,0.041868,0.042928,0.047646,0.036451,0.043717,0.041303,0.021961,0.03446,0.053413,0.052923,0.051651
0.051282,0.11499,0.059541,0.093179,0.057653,0.079096,0.028377,0.067442,0.22625,0.13513,0.11911,0.11405,0.11819,0.067446,0.14687,0.074089,0.08787,0.23605,0.21051,0.13448,0.060743,0.1192,0.14897,0.17358,0.12546,0.13879,0.050985,0.085209,0.12257,0.073184,0.16795,0.053113,0.48115,0.043674,0.055005,0.052571,0.11954,0.063185,0.072324,0.054812,0.052049,0.05058,0.045058,0.041287,0.040671,0.033829,0.033021,0.032014,0.030596,0.029301,0.028741,0.028491,0.026906,0.027051,0.027243,0.026078,0.03611,0.026476,0.026308,0.02504,0.098336,0.025586,0.025744,0.025646
0.10256,0.30827,0.12879,0.15258,0.023098,0.050828,0.13781,0.18473,0.16405,0.081706,0.11295,0.0089161,0.15202,0.064985,0.094185,0.19079,0.18962,0.041832,0.085783,0.1701,0.069671,0.18331,0.1571,0.048587,0.1306,0.088563,0.061859,0.11636,0.093825,0.037013,0.073521,0.10993,0.51585,0.10209,0.1121,0.095156,0.028364,0.05422,0.048424,0.047349,0.048656,0.049557,0.048705,0.048049,0.046322,0.046758,0.047359,0.045125,0.047522,0.046995,0.046232,0.046468,0.048062,0.044554,0.044942,0.036617,0.047946,0.045683,0.044708,0.054422,0.062099,0.050096,0.051443,0.051202
0.051282,0.19816,0.059837,0.18969,0.14368,0.094001,0.068851,0.052252,0.12119,0.10497,0.099253,0.10753,0.14675,0.057856,0.016368,0.052877,0.20311,0.16201,0.070436,0.10957,0.11066,0.19756,0.043075,0.11513,0.15647,0.096698,0.10533,0.024119,0.16712,0.097979,0.10775,0.2346,0.53074,0.063585,0.11395,0.14878,0.26092,0.079502,0.126,0.12855,0.15027,0.14907,0.15066,0.1499,0.14661,0.15177,0.15256,0.15612,0.14971,0.15788,0.15768,0.15982,0.1691,0.15464,0.15616,0.1553,0.12841,0.1462,0.13992,0.12384,0.15014,0.15309,0.15959,0.15306
0.20513,0.076393,0.09793,0.088311,0.10906,0.10188,0.088838,0.1098,0.046278,0.16718,0.042471,0.077525,0.094887,0.058129,0.086481,0.1564,0.12673,0.074066,0.070609,0.070731,0.058047,0.18672,0.11343,0.224,0.040196,0.035245,0.032364,0.059368,0.10934,0.11013,0.1022,0.094602,0.13752,0.076834,0.10855,0.12719,0.086002,0.125,0.09894,0.11892,0.13418,0.1049,0.10956,0.11183,0.11036,0.11607,0.11732,0.11875,0.1196,0.12386,0.1233,0.12389,0.16181,0.13053,0.13141,0.12987,0.12795,0.14006,0.14,0.1452,0.14955,0.1639,0.16362,0.17448
0.025641,0.051139,0.1273,0.045888,0.056254,0.076642,0.067697,0.098372,0.063571,0.16152,0.075827,0.048016,0.064309,0.032089,0.037886,0.18626,0.037124,0.14242,0.028398,0.042707,0.062418,0.080274,0.16688,0.15871,0.10333,0.031641,0.02068,0.12484,0.043883,0.091758,0.051821,0.093683,0.125,0.059039,0.083346,0.085429,0.097959,0.064288,0.073456,0.059273,0.066769,0.054265,0.051546,0.044931,0.037755,0.024565,0.021919,0.022145,0.01749,0.019349,0.017798,0.018139,0.022395,0.013096,0.013552,0.0128,0.025604,0.01756,0.018346,0.023024,0.044996,0.021492,0.023654,0.025242
0.15385,0.032584,0.22698,0.11229,0.19798,0.18967,0.052775,0.09467,0.17323,0.137,0.081669,0.050553,0.11214,0.12389,0.12969,0.11221,0.062295,0.12053,0.036223,0.088909,0.095774,0.033723,0.21022,0.048531,0.080327,0.0568,0.13597,0.086244,0.078809,0.13028,0.070742,0.090142,0.13602,0.11422,0.070919,0.071813,0.14557,0.007401,0.031134,0.03157,0.045385,0.036415,0.038035,0.039429,0.035591,0.039705,0.040009,0.03941,0.04296,0.038023,0.038435,0.037246,0.027857,0.035624,0.034683,0.034759,0.039405,0.031168,0.030643,0.031869,0.055576,0.028412,0.026411,0.026104
0.10256,0.17394,0.18501,0.11681,0.3364,0.15358,0.13787,0.067178,0.16732,0.15204,0.12347,0.15414,0.097682,0.12009,0.15891,0.073068,0.1286,0.068,0.011522,0.13535,0.050482,0.038467,0.062342,0.069561,0.096168,0.016727,0.039815,0.054794,0.17187,0.1965,0.093491,0.15972,0.21131,0.19116,0.18449,0.18038,0.20348,0.13542,0.13151,0.1681,0.16397,0.16766,0.17137,0.17155,0.17492,0.17564,0.17881,0.17763,0.16962,0.17868,0.17996,0.18205,0.16429,0.18189,0.18205,0.18044,0.18182,0.18518,0.18611,0.18749,0.15539,0.17818,0.17909,0.18033
0.12821,0.050494,0.13517,0.023853,0.23284,0.087954,0.030911,0.11183,0.12205,0.12939,0.024014,0.11458,0.18527,0.093444,0.055976,0.064115,0.13119,0.015041,0.063367,0.033237,0.039604,0.091577,0.12501,0.087677,0.04181,0.058951,0.089613,0.055214,0.23318,0.12848,0.092943,0.121,0.10824,0.13243,0.10679,0.085057,0.12202,0.12113,0.10706,0.068314,0.048874,0.056658,0.051033,0.045153,0.032151,0.035012,0.035485,0.034868,0.047536,0.036438,0.034502,0.033953,0.021691,0.032882,0.031787,0.031787,0.035564,0.033714,0.034042,0.031266,0.037632,0.046166,0.048871,0.050178
0.051282,0.062656,0.058621,0.029079,0.046896,0.12661,0.064497,0.21475,0.11268,0.069023,0.043405,0.062428,0.085937,0.10925,0.040581,0.10557,0.037677,0.10633,0.099093,0.13571,0.11626,0.070458,0.18309,0.10277,0.1053,0.093602,0.053234,0.07657,0.088144,0.087555,0.15186,0.094752,0.12113,0.12786,0.13781,0.11862,0.098441,0.10492,0.10202,0.1014,0.099384,0.10296,0.10676,0.10914,0.10926,0.1091,0.10967,0.10842,0.10891,0.11117,0.11042,0.1088,0.097107,0.10946,0.11022,0.10867,0.11547,0.11127,0.11118,0.11681,0.072845,0.10258,0.10443,0.097511
0.025641,0.11482,0.23163,0.31349,0.17146,0.16298,0.075528,0.13097,0.12141,0.056297,0.12113,0.094956,0.19394,0.042967,0.092095,0.091726,0.12581,0.062703,0.072737,0.0057683,0.11283,0.24801,0.067527,0.11269,0.086603,0.089691,0.0523,0.065612,0.035226,0.06927,0.096398,0.04134,0.60351,0.12078,0.12315,0.11124,0.22374,0.11647,0.10107,0.083133,0.088038,0.08236,0.083194,0.083381,0.073126,0.078925,0.08077,0.07501,0.077936,0.07388,0.070292,0.066447,0.10114,0.068405,0.066369,0.065991,0.059419,0.061574,0.059401,0.056632,0.14926,0.056215,0.052533,0.053294
0.15385,0.24651,0.20002,0.27849,0.19245,0.10407,0.14189,0.1728,0.14696,0.065684,0.080693,0.057842,0.22061,0.012669,0.051744,0.18268,0.12967,0.14172,0.085818,0.13898,0.021625,0.23653,0.16097,0.16819,0.012719,0.10959,0.11509,0.099675,0.026966,0.094886,0.029783,0.078289,0.66928,0.10391,0.072235,0.082059,0.13363,0.075702,0.063581,0.077613,0.077308,0.082387,0.091477,0.094295,0.089625,0.092472,0.092556,0.09092,0.089302,0.089911,0.08671,0.085471,0.087032,0.084142,0.082784,0.083035,0.08005,0.080729,0.079704,0.078713,0.10517,0.075762,0.076355,0.076972
0.076923,0.10316,0.1399,0.14649,0.31273,0.15611,0.084207,0.081266,0.15221,0.17114,0.21115,0.22741,0.35146,0.069005,0.0057189,0.083089,0.10934,0.022159,0.080951,0.070283,0.13737,0.18954,0.17423,0.17483,0.12077,0.12948,0.12911,0.10113,0.11005,0.13731,0.12646,0.0052152,0.64122,0.1852,0.21003,0.17615,0.07181,0.16641,0.19559,0.19332,0.19788,0.19946,0.20047,0.19974,0.20892,0.20234,0.20396,0.20258,0.20183,0.20376,0.20438,0.20539,0.19691,0.20607,0.207,0.20694,0.21083,0.20373,0.2082,0.2073,0.1785,0.19167,0.20168,0.20481
0.025641,0.035853,0.1758,0.17374,0.19258,0.16964,0.1806,0.21038,0.19842,0.011322,0.017637,0.057445,0.1643,0.088199,0.056904,0.17433,0.1075,0.12229,0.12816,0.13504,0.082235,0.02822,0.052746,0.083709,0.10922,0.082804,0.097859,0.078291,0.17624,0.19553,0.17562,0.084772,0.59746,0.24139,0.20956,0.20528,0.2332,0.21015,0.19079,0.17972,0.1865,0.178,0.17704,0.17741,0.18029,0.17834,0.17905,0.18053,0.18496,0.18593,0.19061,0.19305,0.19714,0.20541,0.20765,0.21345,0.20231,0.216,0.22159,0.22623,0.20567,0.22705,0.22829,0.23061
0.076923,0.078135,0.15061,0.17502,0.12233,0.16848,0.08449,0.13405,0.16262,0.23906,0.12398,0.11593,0.097147,0.17471,0.04435,0.034026,0.069342,0.052918,0.16657,0.12275,0.15448,0.0060957,0.12349,0.055081,0.034348,0.14267,0.010231,0.0070968,0.17046,0.11525,0.1103,0.08438,0.19191,0.11797,0.14445,0.15845,0.04793,0.21002,0.22204,0.18203,0.19667,0.20862,0.21425,0.21192,0.18928,0.21351,0.21543,0.21243,0.20967,0.21544,0.20875,0.20335,0.1986,0.1991,0.19688,0.19973,0.18023,0.18879,0.18337,0.17804,0.21676,0.19328,0.18562,0.18433
0.12821,0.19737,0.27164,0.08672,0.21828,0.098516,0.19962,0.091034,0.33551,0.15406,0.18082,0.047946,0.064797,0.082094,0.12838,0.019262,0.13288,0.21017,0.13472,0.07353,0.093636,0.036338,0.062654,0.084849,0.084855,0.12304,0.022903,0.12185,0.23044,0.23415,0.11247,0.26577,0.17249,0.28589,0.26534,0.24923,0.28018,0.22641,0.24939,0.243,0.23896,0.238,0.237,0.23933,0.24784,0.26026,0.25851,0.25837,0.2325,0.2552,0.24571,0.23894,0.23876,0.24248,0.24265,0.24414,0.23891,0.2467,0.24719,0.23668,0.1969,0.25205,0.25467,0.25494
0.10256,0.38257,0.58172,0.22851,0.63907,0.22032,0.26065,0.19853,0.062303,0.09597,0.16036,0.16657,0.093696,0.070619,0.1718,0.27957,0.24823,0.010374,0.043481,0.20186,0.066626,0.088068,0.10456,0.13811,0.099925,0.065801,0.056832,0.064696,0.17917,0.12137,0.18401,0.17627,0.11241,0.17267,0.22496,0.24421,0.069708,0.29782,0.27339,0.26495,0.27117,0.2532,0.24901,0.23844,0.23246,0.23324,0.23148,0.23016,0.22414,0.21945,0.21969,0.22018,0.21676,0.21908,0.22035,0.22282,0.24872,0.22007,0.22222,0.22243,0.17432,0.23144,0.23179,0.23042
0.30769,0.17436,0.013499,0.056472,0.078262,0.037507,0.20392,0.033973,0.081101,0.049552,0.15068,0.061357,0.23387,0.13426,0.097308,0.17761,0.079155,0.08569,0.11778,0.075721,0.078566,0.18748,0.033111,0.1087,0.10604,0.089071,0.068607,0.094734,0.026244,0.1307,0.19405,0.1219,0.016378,0.071545,0.073272,0.06704,0.01609,0.021942,0.082359,0.038201,0.043677,0.060528,0.060467,0.06432,0.066287,0.065972,0.067766,0.069361,0.067392,0.071841,0.074087,0.076639,0.053333,0.074475,0.074853,0.074127,0.078903,0.074611,0.074329,0.073638,0.085831,0.06761,0.061951,0.065601
0.051282,0.25527,0.22337,0.10216,0.32528,0.055515,0.18426,0.11584,0.16988,0.046794,0.1409,0.025035,0.1929,0.11627,0.23247,0.25128,0.14156,0.14823,0.069169,0.094038,0.018806,0.10464,0.026707,0.16493,0.18107,0.14265,0.031299,0.060046,0.1094,0.12977,0.10185,0.070126,0.066787,0.066445,0.060392,0.065451,0.065401,0.042847,0.033298,0.052589,0.056448,0.062043,0.064595,0.067599,0.073044,0.078674,0.080804,0.08318,0.072897,0.084096,0.092414,0.094232,0.084392,0.10592,0.10805,0.11031,0.085824,0.11307,0.11347,0.11188,0.14622,0.11937,0.12049,0.12453
0.076923,0.2435,0.256,0.19889,0.4791,0.16917,0.081032,0.18295,0.20286,0.14662,0.13776,0.044499,0.19478,0.26554,0.1861,0.030846,0.21061,0.27989,0.35698,0.05421,0.087566,0.074566,0.16483,0.074216,0.14464,0.17407,0.12716,0.19354,0.065768,0.067509,0.1265,0.23533,0.28382,0.23583,0.24517,0.2673,0.16621,0.25338,0.28729,0.283,0.27745,0.2883,0.28891,0.2887,0.29041,0.29006,0.29045,0.2914,0.29083,0.2925,0.29282,0.29364,0.29442,0.29365,0.29347,0.29294,0.29568,0.29382,0.29367,0.29208,0.26925,0.28629,0.28421,0.28255
0.10256,0.09526,0.19507,0.042417,0.30569,0.2091,0.1139,0.2184,0.21496,0.10621,0.096115,0.071086,0.24335,0.085709,0.021088,0.17365,0.14428,0.15088,0.17796,0.16005,0.063494,0.10838,0.15095,0.147,0.057035,0.13824,0.17211,0.13586,0.11343,0.20302,0.20413,0.1594,0.50588,0.13075,0.11595,0.104,0.10037,0.16875,0.13884,0.13698,0.14053,0.14009,0.13914,0.14017,0.1391,0.13873,0.13796,0.13729,0.13914,0.14001,0.13814,0.13743,0.16122,0.13644,0.13677,0.13407,0.14403,0.12822,0.12766,0.13866,0.18863,0.12859,0.12632,0.12836
0.076923,0.18386,0.42484,0.081587,0.6827,0.32559,0.13055,0.23674,0.37325,0.21498,0.17182,0.13292,0.33391,0.088165,0.068797,0.1317,0.51214,0.11705,0.23051,0.099483,0.087713,0.15956,0.26567,0.24314,0.1405,0.24944,0.2632,0.23964,0.17404,0.21549,0.21953,0.2366,0.63939,0.19137,0.19537,0.20321,0.25892,0.19869,0.24147,0.23184,0.23178,0.23769,0.23952,0.23908,0.2296,0.24265,0.24235,0.24111,0.24908,0.24343,0.23995,0.24058,0.23474,0.24028,0.23744,0.23734,0.26858,0.23511,0.23264,0.24847,0.2379,0.22679,0.23185,0.23223
0.30769,0.59694,0.45899,0.21142,0.58731,0.41913,0.33788,0.33678,0.37916,0.31272,0.43161,0.27142,0.35709,0.19063,0.1886,0.3637,0.53131,0.20771,0.26567,0.11716,0.19346,0.26744,0.33871,0.1088,0.20609,0.2296,0.34939,0.20501,0.098503,0.16919,0.35664,0.42882,0.68269,0.48827,0.4791,0.50363,0.42754,0.54314,0.54115,0.54528,0.56036,0.55989,0.56405,0.56843,0.57838,0.57531,0.57734,0.57937,0.58564,0.58374,0.58354,0.5856,0.58031,0.58823,0.58738,0.58675,0.57935,0.58969,0.58777,0.58117,0.56872,0.59479,0.59264,0.60253
0.53846,0.75604,0.34678,0.228,0.67121,0.32897,0.46202,0.23132,0.33161,0.1905,0.29549,0.14319,0.2897,0.24919,0.2885,0.34586,0.23148,0.06589,0.047056,0.12822,0.1489,0.24972,0.18051,0.020123,0.060314,0.089516,0.13124,0.12106,0.11466,0.068589,0.22551,0.2037,0.2601,0.39575,0.40544,0.41512,0.29354,0.41921,0.43032,0.4316,0.4323,0.44158,0.44516,0.45101,0.45519,0.45852,0.46103,0.465,0.47387,0.47258,0.47403,0.47707,0.47682,0.48012,0.48375,0.48822,0.48504,0.49009,0.49166,0.4859,0.46677,0.51168,0.51203,0.51259
0.64103,0.73002,0.19462,0.18146,0.64346,0.21912,0.37709,0.1516,0.31372,0.10587,0.15302,0.084849,0.26699,0.24169,0.19691,0.29609,0.097263,0.045888,0.0062012,0.13842,0.1241,0.18866,0.087153,0.035582,0.084655,0.069396,0.053173,0.14024,0.15448,0.23366,0.26734,0.19598,0.12635,0.30703,0.34398,0.36064,0.28382,0.35613,0.38529,0.40006,0.40009,0.40754,0.40993,0.41688,0.41431,0.42646,0.43292,0.43671,0.44111,0.44086,0.44368,0.44573,0.42277,0.44626,0.44766,0.44854,0.45032,0.45253,0.45407,0.45312,0.42782,0.45913,0.46057,0.46119
0.58974,0.60582,0.35761,0.034595,0.74958,0.32336,0.33006,0.13536,0.53577,0.11463,0.077545,0.04704,0.099599,0.15861,0.073764,0.017944,0.055914,0.089421,0.079954,0.19739,0.084904,0.059301,0.076574,0.19113,0.12338,0.09985,0.10934,0.044029,0.124,0.19537,0.15547,0.18646,0.034875,0.18295,0.20342,0.21261,0.15769,0.22035,0.20026,0.20364,0.20644,0.2105,0.20969,0.20968,0.18443,0.20846,0.20509,0.20804,0.19728,0.20101,0.20097,0.20181,0.17337,0.20537,0.19791,0.19637,0.17411,0.205,0.18504,0.17757,0.21455,0.20542,0.2032,0.20485
0.69231,0.771,0.25606,0.38156,0.86271,0.30519,0.5117,0.33377,0.68853,0.2888,0.24883,0.25037,0.20616,0.22924,0.18833,0.2138,0.24731,0.13676,0.14833,0.20183,0.041635,0.14409,0.16135,0.1427,0.14823,0.099726,0.11854,0.12892,0.26056,0.35998,0.25314,0.29253,0.27719,0.34335,0.35907,0.39055,0.3506,0.37777,0.38908,0.39951,0.40418,0.40642,0.41096,0.41413,0.41938,0.41928,0.42083,0.42325,0.42545,0.42568,0.42746,0.42821,0.43232,0.43085,0.43129,0.43011,0.43653,0.43498,0.43445,0.43186,0.42177,0.4461,0.44297,0.44346
0.48718,0.60373,0.21241,0.12452,0.40183,0.23412,0.27471,0.24124,0.58849,0.38548,0.18163,0.18454,0.42555,0.13458,0.013202,0.17231,0.43764,0.20689,0.20873,0.054906,0.28594,0.048969,0.13582,0.095043,0.11504,0.12584,0.11143,0.16542,0.13047,0.20491,0.21553,0.15035,0.63648,0.20697,0.23459,0.25037,0.24842,0.31009,0.28202,0.26943,0.27644,0.2728,0.27242,0.27289,0.27603,0.27147,0.27754,0.29318,0.29524,0.29387,0.29156,0.29182,0.30056,0.2905,0.28958,0.29076,0.32892,0.2942,0.29189,0.29503,0.31288,0.28282,0.28487,0.28012
0.53846,0.52393,0.37801,0.31934,0.69722,0.11214,0.092724,0.08585,0.4724,0.12432,0.14032,0.033103,0.16092,0.096148,0.23131,0.24219,0.036566,0.13237,0.047542,0.094768,0.13831,0.14943,0.18738,0.083257,0.13895,0.12198,0.14605,0.11962,0.13427,0.1401,0.053274,0.15843,0.39623,0.22202,0.18788,0.18516,0.085909,0.20494,0.17333,0.18013,0.17585,0.16757,0.1676,0.16759,0.17272,0.16894,0.16959,0.16888,0.1758,0.17244,0.1732,0.1703,0.18582,0.1796,0.1849,0.19435,0.21788,0.19776,0.2012,0.19818,0.17515,0.20185,0.2034,0.20495
