0.24324,0.068905,0.050185,0.16851,0.24965,0.10935,0.08129,0.1027,0.13909,0.18399,0.13924,0.11709,0.077729,0.13921,0.075582,0.045931,0.074168,0.055345,0.20813,0.18442,0.14352,0.047447,0.051335,0.076171,0.1858,0.18421,0.011596,0.04001,0.045812,0.010748,0.15922,0.13222,0.18335,0.045834,0.058602,0.057419,0.1801,0.041153,0.071512,0.077954,0.075491,0.065388,0.067215,0.06691,0.081045,0.075909,0.076935,0.077691,0.087416,0.084076,0.08547,0.088649,0.068956,0.095168,0.094986,0.098947,0.07247,0.10597,0.11253,0.11842,0.081059,0.11703,0.1218,0.11295
0.054054,0.12336,0.20123,0.072216,0.030491,0.098731,0.085534,0.08328,0.24264,0.11276,0.072476,0.13394,0.044289,0.17433,0.022877,0.15775,0.10266,0.193,0.13134,0.062275,0.14848,0.076652,0.048864,0.11235,0.07127,0.049769,0.11439,0.073395,0.10865,0.040438,0.033858,0.065917,0.10559,0.031917,0.052932,0.075014,0.15707,0.026728,0.042365,0.033049,0.059474,0.054744,0.053987,0.060411,0.071879,0.043103,0.044037,0.045078,0.086401,0.043645,0.045306,0.047479,0.059177,0.045642,0.04607,0.047416,0.072384,0.050196,0.050547,0.052845,0.088217,0.052388,0.052143,0.054668
0.10811,0.075119,0.05047,0.17542,0.03076,0.0768,0.0079581,0.030602,0.13805,0.12135,0.23372,0.08514,0.18375,0.083968,0.14716,0.070595,0.16352,0.23903,0.11963,0.21727,0.025356,0.13397,0.19789,0.12022,0.054653,0.046315,0.13508,0.080064,0.043587,0.17868,0.045953,0.16364,0.15311,0.19086,0.15633,0.1544,0.13112,0.14696,0.12629,0.13847,0.12688,0.12646,0.12102,0.119,0.11157,0.11344,0.10997,0.10967,0.11174,0.10589,0.10598,0.1058,0.079472,0.10151,0.10155,0.10043,0.10111,0.10158,0.10395,0.10502,0.084363,0.10536,0.10591,0.10793
0.10811,0.073943,0.12535,0.11364,0.094816,0.038923,0.060156,0.099537,0.097413,0.11092,0.22506,0.15404,0.14247,0.17546,0.021089,0.03052,0.13417,0.08595,0.083245,0.13334,0.1023,0.10711,0.14601,0.070635,0.073942,0.076573,0.089963,0.074625,0.15906,0.21269,0.22015,0.15785,0.084595,0.18124,0.20076,0.24069,0.034845,0.17336,0.17985,0.16441,0.15193,0.15945,0.14875,0.14169,0.15198,0.12695,0.12081,0.10907,0.11499,0.092181,0.082722,0.072744,0.12564,0.065382,0.058027,0.051393,0.017106,0.050423,0.042138,0.030037,0.057858,0.028879,0.026599,0.017634
0.054054,0.058395,0.097202,0.065999,0.12192,0.088667,0.040813,0.054617,0.064474,0.13055,0.2096,0.079997,0.11568,0.17193,0.15273,0.18318,0.2497,0.18444,0.077179,0.1571,0.03242,0.10124,0.092533,0.11141,0.13267,0.10786,0.16863,0.071312,0.06376,0.12501,0.1153,0.16526,0.057536,0.11744,0.12759,0.15525,0.12915,0.15343,0.14979,0.12443,0.13203,0.12982,0.1314,0.12917,0.11307,0.12852,0.12529,0.12542,0.11731,0.12034,0.12104,0.12148,0.086161,0.1117,0.11208,0.11171,0.11306,0.11082,0.10945,0.11095,0.10025,0.10834,0.10816,0.10817
0.10811,0.061444,0.060469,0.03528,0.1793,0.083008,0.070288,0.0767,0.060219,0.12648,0.19754,0.079037,0.096897,0.21161,0.19285,0.15484,0.20301,0.15943,0.089038,0.11548,0.059249,0.050986,0.10673,0.022322,0.12539,0.06649,0.1329,0.1376,0.17053,0.17581,0.081305,0.054895,0.010689,0.038701,0.018251,0.049149,0.16006,0.042537,0.050108,0.059816,0.06376,0.058983,0.063007,0.066038,0.064897,0.070707,0.073662,0.075148,0.065841,0.07825,0.079267,0.080865,0.085021,0.083451,0.084328,0.085283,0.075898,0.084409,0.085692,0.082256,0.063422,0.087763,0.094072,0.10481
0.10811,0.06816,0.20248,0.021321,0.16668,0.14423,0.0551,0.064461,0.018306,0.15055,0.13192,0.10917,0.019749,0.16913,0.1173,0.14104,0.10005,0.075232,0.047664,0.049406,0.057239,0.063452,0.11542,0.16299,0.14961,0.036522,0.05764,0.12243,0.08271,0.10674,0.12931,0.15206,0.055431,0.12183,0.12082,0.13522,0.18168,0.12965,0.11769,0.13468,0.14082,0.14024,0.1441,0.14784,0.13619,0.15313,0.15658,0.15911,0.16171,0.1667,0.16814,0.17077,0.17731,0.17808,0.17941,0.18297,0.1777,0.18668,0.18812,0.18829,0.17613,0.19548,0.19457,0.19109
0.054054,0.041558,0.25182,0.16562,0.062957,0.095841,0.086585,0.1529,0.038223,0.25112,0.10056,0.12157,0.078256,0.16839,0.097038,0.11793,0.19047,0.13543,0.20992,0.1292,0.25444,0.18084,0.16409,0.06193,0.050299,0.11231,0.13513,0.055585,0.11433,0.12071,0.097903,0.22642,0.078008,0.14891,0.17069,0.17206,0.01526,0.15194,0.17802,0.18569,0.18752,0.19689,0.20001,0.20021,0.20011,0.20996,0.21227,0.2141,0.22254,0.22172,0.2234,0.22437,0.21298,0.22571,0.23013,0.23247,0.22757,0.23731,0.23827,0.23843,0.21068,0.24239,0.24313,0.24297
0.054054,0.035107,0.11653,0.19149,0.20848,0.13969,0.125,0.10132,0.055488,0.26007,0.18055,0.21965,0.12754,0.17673,0.18506,0.10219,0.10426,0.037946,0.046966,0.10974,0.091343,0.023191,0.13325,0.048124,0.045018,0.068384,0.25025,0.16242,0.21019,0.11732,0.071791,0.058041,0.049856,0.045551,0.051981,0.0044218,0.20312,0.073696,0.041155,0.022628,0.019188,0.017335,0.011225,0.015362,0.0089637,0.0090613,0.0082725,0.0074242,0.0022083,0.011197,0.013262,0.013288,0.030281,0.013619,0.015481,0.015698,0.021925,0.01979,0.02003,0.019978,0.034917,0.023553,0.024525,0.026585
0.054054,0.085216,0.10193,0.15052,0.10762,0.10491,0.1129,0.047128,0.077021,0.1996,0.082214,0.18784,0.11289,0.23184,0.17069,0.10091,0.11424,0.047672,0.045417,0.18532,0.05546,0.11312,0.16219,0.15453,0.15056,0.042455,0.1794,0.19558,0.13856,0.044041,0.098413,0.09316,0.093406,0.081475,0.099784,0.083831,0.16805,0.092799,0.11474,0.12089,0.10981,0.10615,0.10112,0.099299,0.09259,0.094827,0.091874,0.089063,0.10327,0.087171,0.087765,0.087336,0.11339,0.081891,0.082321,0.081265,0.084715,0.078271,0.077148,0.072859,0.098286,0.072176,0.071178,0.059686
0.027027,0.083725,0.15477,0.10023,0.2721,0.17596,0.16093,0.033542,0.036338,0.23932,0.17229,0.032514,0.024862,0.13037,0.09063,0.20526,0.071653,0.088712,0.032262,0.031281,0.062884,0.084258,0.12522,0.21258,0.16268,0.10774,0.044236,0.082995,0.13791,0.11197,0.029259,0.14502,0.24965,0.076667,0.10279,0.093483,0.14067,0.10787,0.14382,0.12964,0.12904,0.13772,0.14152,0.14237,0.14833,0.1506,0.15592,0.15903,0.15573,0.16679,0.16914,0.17137,0.15626,0.17873,0.17958,0.18133,0.17355,0.1841,0.18561,0.18618,0.15424,0.18752,0.18875,0.18894
0,0.089356,0.14914,0.072817,0.21868,0.072996,0.11929,0.097526,0.25829,0.15672,0.049098,0.086759,0.029664,0.10844,0.13492,0.060808,0.050797,0.11365,0.052455,0.062164,0.099566,0.078703,0.18714,0.1676,0.22813,0.080285,0.030241,0.085744,0.072118,0.12452,0.045997,0.11068,0.24868,0.066992,0.040641,0.075075,0.091911,0.03188,0.045256,0.032103,0.022048,0.044145,0.049482,0.056297,0.039168,0.063336,0.065016,0.056733,0.058038,0.041237,0.040937,0.040203,0.073974,0.039514,0.039099,0.038285,0.047071,0.035008,0.034294,0.034443,0.11336,0.030744,0.034589,0.027027
NaN,0.17972,0.21835,0.14509,0.17535,0.12518,0.08129,0.070743,0.19413,0.042954,0.079508,0.040113,0.19226,0.076266,0.086416,0.051069,0.048014,0.044652,0.18099,0.15313,0.1027,0.23746,0.20852,0.13684,0.20012,0.12888,0.082049,0.12462,0.16387,0.1563,0.19287,0.13048,0.13224,0.14534,0.078318,0.0777,0.13491,0.13512,0.10066,0.092781,0.085035,0.086589,0.074858,0.071545,0.053338,0.053779,0.054449,0.050144,0.044485,0.048425,0.046458,0.045022,0.072455,0.046622,0.044317,0.043222,0.062905,0.041957,0.03726,0.038992,0.048186,0.033002,0.029128,0.027173
0.10811,0.04,0.05128,0.17349,0.24863,0.13925,0.18934,0.026718,0.17063,0.098409,0.084269,0.24175,0.21587,0.10731,0.15109,0.079093,0.11162,0.016153,0.069767,0.060672,0.088237,0.13218,0.11203,0.060712,0.10931,0.034298,0.10898,0.1627,0.158,0.17243,0.21996,0.10065,0.045275,0.040692,0.047748,0.040419,0.13032,0.1005,0.069283,0.072329,0.053761,0.059397,0.056105,0.055745,0.055579,0.052964,0.055302,0.052641,0.035357,0.055643,0.055505,0.055699,0.062925,0.060653,0.060235,0.059688,0.051906,0.05794,0.058009,0.057268,0.054022,0.04849,0.047042,0.043344
0.081081,0.46409,0.61852,0.4471,0.66763,0.26981,0.14891,0.067105,0.35508,0.25266,0.33939,0.27887,0.055472,0.3148,0.18081,0.19346,0.10698,0.1181,0.20897,0.091471,0.05853,0.15082,0.14148,0.15568,0.13588,0.11839,0.20187,0.21309,0.074624,0.018895,0.18853,0.16377,0.17881,0.30483,0.32875,0.32193,0.19352,0.38611,0.36555,0.36116,0.39207,0.38515,0.39074,0.3978,0.39727,0.40458,0.40743,0.40977,0.41142,0.41261,0.41391,0.41465,0.44243,0.41625,0.41679,0.41726,0.4092,0.4161,0.4175,0.42072,0.38902,0.40912,0.40821,0.40613
0.13514,0.19417,0.21308,0.17784,0.14805,0.08781,0.12234,0.048458,0.11953,0.070506,0.15934,0.18713,0.12858,0.092864,0.084847,0.069154,0.21297,0.18663,0.16455,0.13016,0.17719,0.093831,0.089696,0.072771,0.046194,0.035283,0.22487,0.089144,0.064543,0.035324,0.15335,0.037455,0.026056,0.098137,0.16478,0.16801,0.086229,0.13452,0.1855,0.17194,0.1725,0.18175,0.18395,0.18577,0.19123,0.18959,0.19128,0.19246,0.1962,0.19496,0.19636,0.19797,0.21416,0.20348,0.2041,0.20549,0.22368,0.20982,0.21097,0.21316,0.19323,0.21605,0.21612,0.21605
0.081081,0.14393,0.17548,0.060114,0.17711,0.19226,0.025367,0.032993,0.11344,0.20942,0.17055,0.091688,0.033573,0.10685,0.055335,0.095604,0.19979,0.19225,0.10874,0.0072478,0.14015,0.025121,0.084877,0.1621,0.02638,0.031668,0.30598,0.036219,0.10264,0.073888,0.18182,0.086929,0.064162,0.043566,0.085227,0.10926,0.036727,0.11289,0.12517,0.13741,0.13718,0.12365,0.12263,0.1198,0.12892,0.12145,0.12058,0.11943,0.12987,0.11932,0.11861,0.11701,0.13158,0.11669,0.11595,0.11556,0.10911,0.11389,0.11354,0.11465,0.10069,0.10957,0.10922,0.10853
0.18919,0.23807,0.16785,0.14445,0.19202,0.045254,0.0045736,0.06369,0.064234,0.17709,0.058304,0.079407,0.16552,0.15231,0.083732,0.07376,0.11868,0.076022,0.094916,0.041394,0.13272,0.055156,0.12335,0.094727,0.17322,0.14451,0.19222,0.042801,0.13243,0.074811,0.14169,0.10613,0.076973,0.065207,0.076175,0.075986,0.093369,0.057363,0.17624,0.13359,0.12813,0.15711,0.15752,0.14811,0.13374,0.15175,0.15422,0.15243,0.15037,0.15707,0.15698,0.15467,0.102,0.15617,0.15612,0.15624,0.12695,0.15169,0.15487,0.16359,0.11647,0.1511,0.15791,0.1618
0,0.048586,0.1802,0.016889,0.098337,0.040998,0.1115,0.15551,0.038361,0.074331,0.098343,0.067455,0.19136,0.093302,0.16848,0.082224,0.0056809,0.099824,0.14375,0.075362,0.097934,0.15652,0.094179,0.054801,0.076555,0.024011,0.08193,0.067095,0.060662,0.17901,0.12896,0.11897,0.33102,0.10899,0.1288,0.12817,0.11011,0.17176,0.16738,0.14401,0.15213,0.14505,0.14564,0.14317,0.15462,0.14634,0.14647,0.14604,0.14675,0.14822,0.14742,0.14567,0.15464,0.14979,0.14952,0.14836,0.16291,0.14975,0.14997,0.1575,0.15352,0.14773,0.14254,0.1384
0.21622,0.22494,0.23502,0.12211,0.1079,0.059588,0.026002,0.053475,0.18948,0.185,0.1235,0.15362,0.30447,0.18563,0.098842,0.014867,0.14923,0.089151,0.085509,0.1168,0.18815,0.19242,0.25355,0.18371,0.043797,0.16292,0.13109,0.098134,0.041156,0.17373,0.20535,0.24638,0.13976,0.18132,0.10747,0.080094,0.11045,0.20463,0.19891,0.18401,0.19216,0.19589,0.19839,0.1998,0.20561,0.20163,0.20373,0.20368,0.20268,0.20824,0.20922,0.21004,0.20971,0.2146,0.21474,0.21509,0.22095,0.21974,0.22069,0.22662,0.19862,0.22317,0.22347,0.22981
0.027027,0.40477,0.46659,0.16845,0.49252,0.14509,0.16408,0.098312,0.2238,0.19087,0.21958,0.27196,0.19083,0.19379,0.12834,0.037851,0.17476,0.086606,0.063049,0.054344,0.21196,0.10209,0.13836,0.056406,0.10498,0.049195,0.072178,0.12498,0.14864,0.06326,0.075314,0.019752,0.037882,0.057605,0.072164,0.078031,0.19584,0.069449,0.074952,0.059144,0.065667,0.068527,0.071976,0.07614,0.060662,0.083765,0.08356,0.086861,0.074747,0.083089,0.07688,0.080907,0.086817,0.081087,0.08148,0.083253,0.088364,0.08955,0.090904,0.098401,0.067281,0.10669,0.1084,0.10639
0.18919,0.51418,0.41343,0.34862,0.65947,0.21179,0.17849,0.14288,0.44773,0.19283,0.19085,0.19317,0.27548,0.19402,0.10897,0.10677,0.23093,0.24741,0.10548,0.07726,0.17254,0.083208,0.18676,0.1582,0.052181,0.20591,0.29006,0.18796,0.12248,0.10459,0.14201,0.13586,0.077133,0.20443,0.18466,0.1806,0.079945,0.22752,0.21239,0.22702,0.23198,0.22903,0.23222,0.24056,0.25878,0.26122,0.26625,0.26867,0.2691,0.27061,0.27371,0.27421,0.261,0.27995,0.28005,0.28127,0.29415,0.27841,0.28173,0.28226,0.29612,0.27159,0.27361,0.26187
0.32432,0.59958,0.50447,0.54106,0.75384,0.21509,0.14576,0.1515,0.47816,0.11872,0.096822,0.065959,0.2013,0.096159,0.15206,0.031702,0.27172,0.28411,0.16356,0.20316,0.1752,0.1157,0.10832,0.11834,0.073308,0.10337,0.27053,0.091351,0.034034,0.10362,0.2074,0.19685,0.026057,0.26429,0.28845,0.27285,0.14326,0.33222,0.39051,0.3349,0.3372,0.36623,0.37235,0.37715,0.42281,0.40367,0.4082,0.41134,0.40405,0.41819,0.41778,0.41979,0.41102,0.43081,0.42535,0.42675,0.42432,0.42626,0.43163,0.44021,0.45829,0.43858,0.44349,0.44915
0.10811,0.50721,0.39637,0.34955,0.62569,0.10201,0.17912,0.10026,0.21101,0.065245,0.15082,0.085045,0.080215,0.12889,0.09135,0.057586,0.12422,0.11145,0.076454,0.18745,0.14541,0.074001,0.18124,0.19089,0.026344,0.062815,0.087064,0.0044677,0.095956,0.028921,0.24782,0.21626,0.073198,0.22991,0.23757,0.23603,0.10829,0.27749,0.27385,0.29572,0.29496,0.29958,0.30227,0.30364,0.30774,0.31062,0.31103,0.31384,0.31291,0.31816,0.31911,0.32132,0.32996,0.32615,0.32611,0.32947,0.33141,0.32916,0.33055,0.32762,0.28312,0.33399,0.32723,0.32528
0.32432,0.84584,0.70574,0.71923,0.91248,0.38682,0.42332,0.26873,0.64784,0.29277,0.4083,0.18582,0.63166,0.1425,0.30543,0.32703,0.38539,0.24453,0.31671,0.21015,0.15813,0.22182,0.26314,0.27113,0.1631,0.22381,0.26013,0.11286,0.13041,0.28184,0.36964,0.54121,0.10629,0.54839,0.60736,0.60435,0.43036,0.63006,0.67473,0.66065,0.65298,0.68336,0.68587,0.68318,0.68616,0.67746,0.67546,0.676,0.69184,0.67768,0.68064,0.68336,0.67735,0.68399,0.68657,0.68857,0.68381,0.69159,0.69186,0.68951,0.67686,0.70065,0.70161,0.70262
0.054054,0.55638,0.66405,0.52782,0.77486,0.14097,0.025659,0.11169,0.34482,0.22121,0.24797,0.049961,0.49595,0.1044,0.098935,0.21418,0.25815,0.11184,0.18045,0.09082,0.38315,0.11249,0.097872,0.11421,0.12478,0.14437,0.24713,0.17243,0.18061,0.083777,0.022779,0.0422,0.11054,0.13497,0.14601,0.1614,0.22133,0.096975,0.14845,0.15267,0.15946,0.15609,0.15976,0.16286,0.18489,0.17737,0.18424,0.18979,0.19476,0.196,0.19842,0.20058,0.209,0.20044,0.20333,0.20204,0.20174,0.20327,0.20254,0.1997,0.18596,0.20532,0.20635,0.19399
0.16216,0.2642,0.14146,0.33698,0.1756,0.1968,0.15673,0.038165,0.4592,0.17967,0.17319,0.2137,0.59973,0.11058,0.24495,0.023813,0.21986,0.2002,0.11167,0.16138,0.36159,0.090599,0.11531,0.12505,0.15516,0.031033,0.085861,0.07157,0.16256,0.067595,0.065023,0.1153,0.16906,0.16756,0.16515,0.1506,0.10849,0.18137,0.18591,0.19286,0.18552,0.19156,0.19409,0.18259,0.17463,0.17519,0.17717,0.1789,0.18115,0.18263,0.18375,0.18912,0.19214,0.1862,0.18812,0.18827,0.19839,0.21584,0.21784,0.21594,0.22445,0.21698,0.21551,0.2091
0.10811,0.70469,0.77327,0.55744,0.84021,0.49036,0.35015,0.14834,0.54873,0.36926,0.53524,0.41154,0.19578,0.36788,0.33038,0.3331,0.28009,0.13135,0.34728,0.078338,0.097217,0.2508,0.21789,0.16061,0.14621,0.15476,0.1933,0.16658,0.016188,0.32831,0.40204,0.49879,0.13236,0.5935,0.65269,0.67276,0.49984,0.65042,0.67952,0.70568,0.70367,0.71084,0.71337,0.71689,0.71743,0.72274,0.72486,0.7266,0.7302,0.73034,0.73134,0.73413,0.72778,0.73399,0.73718,0.73957,0.71318,0.7383,0.74427,0.75259,0.71035,0.73453,0.7354,0.73273
0.16216,0.46983,0.49154,0.28572,0.49865,0.56994,0.48374,0.41488,0.5954,0.37008,0.55234,0.57319,0.48355,0.21879,0.33504,0.35869,0.21796,0.21051,0.23671,0.20608,0.29699,0.2883,0.33458,0.26232,0.079686,0.23706,0.34578,0.17852,0.017123,0.26558,0.40435,0.50539,0.18867,0.52223,0.56353,0.56277,0.42424,0.58896,0.60769,0.60039,0.60095,0.61024,0.61403,0.61753,0.62088,0.62193,0.62457,0.62673,0.63111,0.63083,0.6324,0.63456,0.63381,0.63647,0.6384,0.64052,0.63742,0.64255,0.64416,0.64507,0.5935,0.64717,0.64788,0.64853
0.13514,0.49575,0.087342,0.24334,0.31172,0.22193,0.34571,0.29334,0.47437,0.15139,0.23063,0.17997,0.099766,0.15379,0.093813,0.16866,0.19356,0.21708,0.098273,0.13104,0.26506,0.19133,0.27801,0.14166,0.13493,0.11455,0.12395,0.046846,0.12302,0.21206,0.20557,0.2568,0.22614,0.35308,0.32061,0.30273,0.32608,0.29988,0.32299,0.29855,0.30446,0.29805,0.29704,0.29575,0.29633,0.29237,0.29218,0.28935,0.3002,0.28653,0.28468,0.28425,0.28951,0.27825,0.27757,0.27655,0.28433,0.2729,0.27177,0.28388,0.32641,0.26798,0.26861,0.26977
0.027027,0.48334,0.096539,0.34305,0.36956,0.091354,0.22092,0.15594,0.51781,0.15127,0.080053,0.17769,0.5117,0.1736,0.13683,0.12583,0.043838,0.14088,0.15807,0.046177,0.19102,0.076693,0.10622,0.10368,0.10863,0.074223,0.074878,0.12784,0.10305,0.25953,0.16949,0.25642,0.28338,0.28714,0.22762,0.16889,0.049212,0.27499,0.24949,0.22718,0.22607,0.21598,0.20853,0.20554,0.20796,0.19787,0.19636,0.193,0.19496,0.19011,0.18689,0.18548,0.18875,0.17703,0.1778,0.17504,0.1664,0.18175,0.18494,0.19885,0.20781,0.17571,0.17394,0.18074
0.13514,0.094129,0.17304,0.095297,0.032461,0.16544,0.13508,0.14492,0.34911,0.11983,0.055985,0.10406,0.10037,0.2025,0.077055,0.15028,0.095705,0.15267,0.067105,0.1001,0.053164,0.049618,0.13384,0.06154,0.19067,0.08267,0.072023,0.13788,0.097249,0.049939,0.14767,0.15397,0.17621,0.092804,0.10573,0.12049,0.08963,0.10463,0.1567,0.13494,0.13532,0.13071,0.13145,0.13052,0.13507,0.12232,0.12139,0.11881,0.12972,0.11747,0.1162,0.11584,0.1149,0.11548,0.11475,0.11353,0.11629,0.11369,0.11254,0.11235,0.14607,0.11157,0.10956,0.10879
0.16216,0.15006,0.026264,0.21812,0.18387,0.096343,0.16357,0.11595,0.14546,0.17715,0.12654,0.10298,0.025954,0.11088,0.1002,0.075911,0.21278,0.20228,0.046359,0.14698,0.16265,0.13158,0.088155,0.077895,0.11819,0.097528,0.13231,0.10455,0.14407,0.15342,0.056293,0.13073,0.14969,0.062296,0.076407,0.053881,0.13848,0.071135,0.074111,0.068665,0.086248,0.067279,0.065947,0.06672,0.0747,0.064785,0.062918,0.062441,0.066429,0.061387,0.060345,0.062726,0.02488,0.052192,0.05265,0.053843,0.057893,0.04712,0.043944,0.043739,0.053741,0.057309,0.034402,0.054072
0,0.13043,0.12439,0.15945,0.063353,0.026131,0.055759,0.097008,0.025413,0.083098,0.10787,0.1385,0.14614,0.1005,0.13606,0.16549,0.13456,0.11993,0.16281,0.11717,0.13557,0.03572,0.083537,0.095712,0.12218,0.12101,0.043078,0.23932,0.096824,0.08799,0.10755,0.15371,0.10614,0.10995,0.11213,0.12478,0.16501,0.11655,0.11752,0.10584,0.1186,0.11896,0.12246,0.12556,0.13488,0.13103,0.13419,0.13681,0.1403,0.14374,0.14604,0.14832,0.14424,0.1566,0.15916,0.16201,0.17123,0.16517,0.16898,0.17192,0.1763,0.17453,0.17712,0.18286
0.16216,0.15292,0.10558,0.16575,0.1693,0.099083,0.059738,0.1793,0.083706,0.22222,0.13822,0.088674,0.055607,0.017006,0.1007,0.22401,0.1361,0.28566,0.14896,0.12336,0.048674,0.081576,0.21004,0.11451,0.13498,0.065089,0.12134,0.051279,0.034029,0.10756,0.038674,0.15776,0.083474,0.17088,0.20156,0.20195,0.23047,0.22887,0.20948,0.24029,0.25243,0.24908,0.25012,0.25092,0.25965,0.25738,0.26198,0.26396,0.27027,0.26337,0.26786,0.27065,0.28418,0.26642,0.27239,0.27652,0.27832,0.27453,0.27804,0.27743,0.2852,0.27429,0.27767,0.28463
0.13514,0.17686,0.10052,0.081707,0.080841,0.058504,0.093107,0.04688,0.14017,0.11937,0.17084,0.16359,0.15811,0.11683,0.15254,0.17705,0.048668,0.088014,0.15363,0.10114,0.083771,0.058321,0.17921,0.086095,0.07188,0.089762,0.059206,0.049901,0.045038,0.076001,0.2046,0.13035,0.044488,0.086415,0.097559,0.1103,0.074255,0.077394,0.087534,0.09278,0.084159,0.092665,0.089684,0.086686,0.098384,0.085331,0.083134,0.081859,0.09281,0.07626,0.073697,0.070929,0.074073,0.068272,0.065704,0.060585,0.064499,0.059065,0.053788,0.045203,0.059424,0.043056,0.034889,0.030366
0.18919,0.17049,0.057253,0.10684,0.005986,0.080651,0.046032,0.083084,0.10673,0.089705,0.060756,0.056688,0.12347,0.025882,0.15954,0.21426,0.086322,0.065708,0.055247,0.10223,0.17143,0.12943,0.078036,0.064038,0.070651,0.068246,0.20708,0.019516,0.10833,0.20104,0.10856,0.19003,0.20888,0.24537,0.24072,0.2699,0.15639,0.20494,0.26513,0.2632,0.2912,0.27599,0.2755,0.2773,0.27782,0.27695,0.27684,0.27807,0.28373,0.27534,0.27605,0.27474,0.26254,0.27531,0.27419,0.27246,0.24465,0.27191,0.27151,0.27127,0.27671,0.27076,0.27045,0.27031
0.10811,0.12017,0.16753,0.11484,0.093627,0.19064,0.1271,0.057026,0.048161,0.089768,0.15473,0.12362,0.10802,0.21824,0.054689,0.11664,0.14326,0.094303,0.032357,0.11223,0.070118,0.053593,0.14065,0.18499,0.16253,0.12081,0.14027,0.16722,0.045638,0.11993,0.1249,0.088559,0.18446,0.15372,0.14987,0.1568,0.08458,0.13765,0.18714,0.18317,0.19344,0.18735,0.18767,0.1779,0.19714,0.18418,0.17938,0.17984,0.19125,0.17354,0.18552,0.15768,0.1783,0.16405,0.16419,0.16997,0.16406,0.166,0.16511,0.15984,0.1348,0.15975,0.16216,0.16195
0.081081,0.17675,0.094836,0.030118,0.076972,0.041793,0.12033,0.14329,0.080617,0.14634,0.11575,0.050881,0.075466,0.12843,0.15636,0.095405,0.19537,0.12363,0.14113,0.12817,0.054809,0.1159,0.18334,0.15786,0.14129,0.031316,0.078799,0.042421,0.064317,0.099844,0.24216,0.1163,0.25347,0.22734,0.24916,0.22658,0.26298,0.20517,0.19288,0.19594,0.20096,0.18799,0.18739,0.18541,0.18828,0.18028,0.1786,0.17659,0.17866,0.1721,0.17045,0.16833,0.15944,0.16731,0.1663,0.1646,0.15922,0.16447,0.1643,0.1642,0.15462,0.16355,0.16453,0.16266
0.054054,0.096285,0.040018,0.035558,0.047027,0.072608,0.13223,0.062497,0.10912,0.13354,0.151,0.084593,0.091675,0.083522,0.10883,0.097139,0.14391,0.070112,0.11762,0.14298,0.055672,0.095247,0.06472,0.056426,0.16684,0.14021,0.10643,0.048446,0.15562,0.21533,0.19253,0.1071,0.13637,0.10738,0.10126,0.090692,0.16686,0.091736,0.08659,0.066348,0.063704,0.059274,0.059846,0.058824,0.061984,0.059321,0.058081,0.061025,0.077768,0.068843,0.06986,0.070323,0.069056,0.073701,0.071861,0.069581,0.066672,0.066521,0.064858,0.063373,0.05932,0.057108,0.055316,0.054519
0.10811,0.10233,0.070011,0.039833,0.017054,0.085135,0.045328,0.041054,0.012195,0.10524,0.14625,0.019947,0.10072,0.087017,0.092767,0.11569,0.071081,0.077411,0.066484,0.11671,0.094633,0.12219,0.13077,0.16795,0.15829,0.14079,0.088433,0.067049,0.10061,0.11216,0.13163,0.077906,0.083063,0.063872,0.052846,0.055294,0.094569,0.05022,0.053347,0.053738,0.053469,0.052433,0.051877,0.051691,0.045222,0.049588,0.048184,0.048846,0.04858,0.048159,0.047997,0.047753,0.041238,0.049718,0.049319,0.051571,0.037312,0.047742,0.046918,0.048391,0.040319,0.04443,0.040086,0.032875
0.10811,0.076485,0.10074,0.13131,0.20575,0.14682,0.089237,0.066185,0.085127,0.15776,0.11491,0.084145,0.046829,0.054702,0.13181,0.10956,0.13428,0.15276,0.11234,0.1418,0.17706,0.049154,0.23792,0.18157,0.065746,0.22191,0.029988,0.16413,0.021412,0.044358,0.077321,0.033379,0.060616,0.02472,0.071338,0.12091,0.054567,0.10651,0.078352,0.086177,0.079862,0.08675,0.089917,0.092144,0.075405,0.090809,0.092683,0.088955,0.079826,0.091216,0.089483,0.089658,0.083986,0.085361,0.085787,0.086833,0.084824,0.080971,0.077813,0.070458,0.084843,0.084796,0.083107,0.08324
0,0.048473,0.22193,0.019688,0.17013,0.12805,0.097252,0.16977,0.066766,0.20784,0.1128,0.089711,0.088552,0.027312,0.055453,0.078527,0.07606,0.072625,0.10883,0.071295,0.12687,0.1625,0.029724,0.12367,0.34737,0.031276,0.14764,0.031629,0.010673,0.064931,0.12372,0.11849,0.047132,0.28443,0.1982,0.20689,0.26098,0.18733,0.20172,0.19471,0.16859,0.18253,0.18417,0.18242,0.18304,0.18209,0.18431,0.18199,0.19573,0.17927,0.18139,0.18283,0.18089,0.18296,0.18386,0.18819,0.16744,0.18573,0.18682,0.18794,0.19456,0.18694,0.18827,0.18888
0.027027,0.074862,0.081858,0.037343,0.032551,0.099483,0.10712,0.10368,0.10496,0.19729,0.08221,0.069626,0.10278,0.13609,0.048212,0.018414,0.098961,0.10904,0.10337,0.08115,0.0043468,0.096249,0.023071,0.1773,0.16498,0.035804,0.086598,0.19872,0.10267,0.062441,0.052887,0.094676,0.079166,0.049879,0.081776,0.05419,0.043619,0.10036,0.11157,0.095839,0.092228,0.098202,0.095218,0.092586,0.057004,0.090562,0.089773,0.08789,0.082551,0.088916,0.087609,0.086088,0.073951,0.082558,0.083466,0.082635,0.099814,0.079376,0.077269,0.076326,0.076,0.073325,0.060831,0.054867
0.10811,0.049131,0.049814,0.058296,0.043064,0.16813,0.14782,0.12592,0.091292,0.26725,0.078544,0.040271,0.09719,0.10436,0.079593,0.10374,0.26145,0.050274,0.091603,0.060975,0.077932,0.020114,0.13688,0.053832,0.17237,0.012313,0.03116,0.097826,0.1512,0.087,0.044782,0.11226,0.14354,0.029532,0.016741,0.036237,0.065869,0.028,0.016743,0.0046883,0.018713,0.012375,0.012885,0.011441,0.0174,0.018105,0.023686,0.024666,0.024244,0.028356,0.027612,0.026796,0.038769,0.030377,0.030129,0.027687,0.020541,0.026966,0.02896,0.025881,0.014109,0.031533,0.023346,0.03043
0.10811,0.14864,0.11471,0.06468,0.14549,0.22114,0.11071,0.11987,0.059039,0.14145,0.17907,0.028519,0.036836,0.15399,0.054497,0.14706,0.13318,0.075769,0.10623,0.029192,0.11569,0.090205,0.25004,0.21754,0.10757,0.14415,0.15291,0.12964,0.060676,0.093382,0.1783,0.041586,0.25566,0.047333,0.044947,0.029676,0.0026948,0.048623,0.0538,0.0397,0.03054,0.036091,0.038316,0.034163,0.024137,0.034335,0.032699,0.032198,0.015664,0.030605,0.029444,0.026317,0.045387,0.030775,0.026764,0.023383,0.047163,0.019623,0.020837,0.015355,0.037889,0.020447,0.015359,0.024326
0.027027,0.12529,0.15099,0.060202,0.18026,0.11769,0.10509,0.038512,0.10423,0.13346,0.20044,0.14639,0.20053,0.2498,0.060093,0.14576,0.079122,0.13161,0.024008,0.17606,0.073554,0.040396,0.17151,0.17827,0.091373,0.088683,0.17455,0.17359,0.099585,0.077729,0.10835,0.02255,0.17538,0.068847,0.055431,0.060569,0.06952,0.048824,0.058649,0.071651,0.084045,0.07194,0.074875,0.074701,0.077431,0.073135,0.072864,0.07198,0.073362,0.069586,0.072307,0.071394,0.081898,0.071208,0.072609,0.074912,0.077692,0.074063,0.072892,0.074647,0.10368,0.072597,0.075584,0.079315
0.10811,0.12424,0.21741,0.12614,0.17427,0.12575,0.13294,0.080465,0.33508,0.097045,0.071149,0.087109,0.18332,0.095927,0.053705,0.12853,0.15272,0.10723,0.05069,0.17164,0.081421,0.091361,0.25562,0.10218,0.20014,0.080912,0.075636,0.20324,0.12222,0.022665,0.094823,0.083776,0.23849,0.063139,0.11324,0.12675,0.016358,0.15589,0.13299,0.16148,0.17285,0.18917,0.19941,0.20186,0.21054,0.19962,0.19312,0.19494,0.18164,0.19707,0.19886,0.2003,0.19327,0.2048,0.20635,0.20921,0.20324,0.21323,0.21519,0.21893,0.25117,0.22397,0.22702,0.24009
0.054054,0.25224,0.18686,0.25933,0.21354,0.02259,0.11459,0.068162,0.12383,0.10429,0.090327,0.038375,0.079319,0.18533,0.039653,0.077407,0.083785,0.12213,0.20225,0.080386,0.18603,0.050549,0.125,0.11539,0.17735,0.072796,0.024346,0.15241,0.21873,0.085156,0.058035,0.072416,0.33973,0.05399,0.06992,0.067783,0.10751,0.086496,0.096678,0.093703,0.094872,0.10557,0.10669,0.10979,0.11099,0.11358,0.11543,0.11787,0.12007,0.12172,0.12406,0.12602,0.13364,0.12847,0.13078,0.13231,0.13894,0.13524,0.13576,0.13521,0.12838,0.13737,0.13626,0.13566
0.054054,0.18809,0.087763,0.14077,0.13451,0.12156,0.061178,0.054018,0.13415,0.21287,0.10098,0.10458,0.14872,0.049397,0.021095,0.21929,0.11517,0.15891,0.11058,0.1673,0.049517,0.015924,0.13639,0.14601,0.23318,0.027485,0.15558,0.10309,0.083055,0.11088,0.15616,0.14131,0.084478,0.15687,0.20149,0.16872,0.10677,0.20092,0.18586,0.18885,0.1947,0.19852,0.20235,0.20426,0.22636,0.20001,0.19941,0.20113,0.19326,0.1809,0.17736,0.17798,0.16551,0.17416,0.17227,0.16975,0.15662,0.17107,0.17008,0.16859,0.18122,0.1772,0.18408,0.18651
NaN,0.12652,0.1378,0.064536,0.26141,0.074829,0.043392,0.11547,0.21762,0.17902,0.12149,0.085116,0.13891,0.16966,0.040823,0.027104,0.18424,0.045095,0.19919,0.26026,0.1485,0.14387,0.20039,0.071783,0.17739,0.059163,0.053929,0.16952,0.043415,0.16019,0.12439,0.021686,0.095092,0.16044,0.13996,0.13414,0.039406,0.15578,0.14052,0.14352,0.1218,0.12768,0.12536,0.12324,0.12641,0.117,0.11174,0.11017,0.11187,0.10109,0.10127,0.097225,0.049411,0.093524,0.088911,0.084237,0.1008,0.077121,0.072765,0.072378,0.068807,0.062209,0.057656,0.056156
0.27027,0.21754,0.31935,0.489,0.058775,0.25156,0.11639,0.16942,0.27022,0.0885,0.12463,0.10421,0.16564,0.14985,0.11278,0.14341,0.1595,0.15777,0.14227,0.12136,0.080034,0.097048,0.11443,0.13431,0.063193,0.033996,0.11195,0.13374,0.094869,0.1975,0.16071,0.24017,0.047447,0.10246,0.084422,0.063758,0.087059,0.047718,0.078316,0.050058,0.054527,0.049219,0.047453,0.045451,0.039369,0.041953,0.040409,0.039793,0.02977,0.038114,0.035997,0.034677,0.026831,0.033715,0.032479,0.030617,0.026384,0.026463,0.026831,0.024929,0.029848,0.022611,0.020482,0.020915
0.13514,0.14906,0.15904,0.21378,0.072163,0.077059,0.20864,0.11106,0.15389,0.08575,0.14773,0.12922,0.084213,0.23939,0.15503,0.096738,0.057293,0.22265,0.1777,0.14347,0.1614,0.10405,0.16514,0.062908,0.14916,0.080754,0.046708,0.049998,0.094284,0.12552,0.14237,0.10681,0.14181,0.15239,0.11832,0.081401,0.10005,0.10925,0.092588,0.037878,0.074447,0.046356,0.04772,0.047922,0.053704,0.045064,0.044568,0.041286,0.050468,0.039982,0.03907,0.035139,0.045999,0.036811,0.03327,0.030581,0.032624,0.030778,0.02796,0.022518,0.062448,0.01926,0.011219,0.0081033
0.16216,0.15396,0.15528,0.060042,0.24,0.13127,0.13688,0.23243,0.24085,0.085897,0.11458,0.046899,0.076678,0.083948,0.07297,0.074383,0.11211,0.070832,0.23319,0.10448,0.10846,0.1297,0.11229,0.12313,0.20127,0.045842,0.12159,0.056183,0.067854,0.212,0.12833,0.14818,0.087194,0.19028,0.1547,0.12873,0.033751,0.16947,0.16098,0.16514,0.17066,0.15899,0.16023,0.15526,0.14716,0.1515,0.1555,0.15597,0.16538,0.16067,0.15263,0.1519,0.16181,0.14883,0.14883,0.14922,0.18807,0.13944,0.14017,0.15229,0.14066,0.13098,0.12928,0.13385
0.027027,0.15068,0.18106,0.15423,0.21628,0.20738,0.086994,0.18285,0.093864,0.051587,0.045973,0.018687,0.14439,0.11959,0.1893,0.19709,0.10254,0.13002,0.055991,0.012617,0.10861,0.074327,0.032303,0.22062,0.1879,0.034268,0.14973,0.11382,0.10776,0.054696,0.097884,0.20348,0.27865,0.12778,0.1332,0.12265,0.026535,0.11907,0.10926,0.11688,0.10115,0.10253,0.10158,0.092435,0.091456,0.077688,0.077,0.073944,0.082052,0.067222,0.060009,0.056672,0.058651,0.060642,0.051337,0.045877,0.0072717,0.038792,0.033904,0.03343,0.039336,0.01882,0.012112,0.0020537
0.10811,0.31011,0.24775,0.15025,0.23127,0.14525,0.16075,0.047183,0.47526,0.16062,0.034852,0.12575,0.086756,0.072865,0.053314,0.1186,0.16492,0.092632,0.15715,0.21708,0.06519,0.025409,0.16928,0.040204,0.2217,0.065259,0.17416,0.12138,0.037019,0.23857,0.25962,0.11063,0.37561,0.18173,0.25796,0.27375,0.10324,0.26799,0.26077,0.2586,0.27572,0.2658,0.26753,0.26847,0.27864,0.26902,0.26883,0.26851,0.26216,0.26243,0.26229,0.26118,0.25577,0.26741,0.26612,0.26798,0.25363,0.27075,0.27137,0.26627,0.28969,0.27712,0.28217,0.29171
0.18919,0.50815,0.09045,0.39996,0.31778,0.11329,0.18859,0.18615,0.64612,0.10786,0.027572,0.18209,0.34519,0.032727,0.1772,0.14983,0.19129,0.086504,0.16423,0.095667,0.1764,0.075418,0.13044,0.081864,0.28737,0.10484,0.17055,0.016899,0.073594,0.22054,0.14858,0.22688,0.32032,0.23185,0.23794,0.21831,0.15692,0.23039,0.31548,0.28199,0.31171,0.28488,0.28699,0.28735,0.30846,0.28997,0.28796,0.29182,0.28478,0.28992,0.2952,0.29985,0.25291,0.30065,0.30294,0.307,0.30803,0.31015,0.3146,0.31955,0.32772,0.30168,0.29512,0.29729
0.18919,0.2411,0.16663,0.2885,0.30699,0.14709,0.14367,0.16939,0.31205,0.043974,0.2139,0.096995,0.086636,0.21975,0.14061,0.13372,0.18917,0.074981,0.17669,0.20711,0.20447,0.091069,0.1232,0.11561,0.15886,0.11572,0.066382,0.15768,0.041509,0.1251,0.11339,0.11154,0.29079,0.14986,0.20092,0.2223,0.16871,0.25831,0.23602,0.27392,0.2721,0.27913,0.28185,0.28689,0.29221,0.30104,0.30193,0.30722,0.30255,0.31105,0.3121,0.31294,0.30303,0.31469,0.31505,0.31351,0.29622,0.31061,0.30921,0.30579,0.27896,0.30252,0.30104,0.29824
0.081081,0.71941,0.61232,0.54584,0.81969,0.2401,0.36179,0.10609,0.19876,0.26687,0.33084,0.19187,0.24122,0.18022,0.19855,0.12824,0.27139,0.14723,0.19163,0.087385,0.15338,0.074308,0.15345,0.096763,0.16291,0.15097,0.18271,0.21082,0.098692,0.29863,0.33389,0.52392,0.037977,0.48096,0.51581,0.53479,0.49191,0.53068,0.55134,0.55298,0.5632,0.56858,0.57383,0.57956,0.58372,0.58453,0.58893,0.59198,0.58504,0.60171,0.60293,0.60549,0.58952,0.6104,0.61245,0.61402,0.62151,0.61779,0.61899,0.62015,0.59761,0.62082,0.62128,0.62159
0.13514,0.769,0.63344,0.65354,0.84635,0.28168,0.26851,0.15593,0.20989,0.13959,0.1433,0.15887,0.1992,0.13209,0.20721,0.062263,0.061604,0.075028,0.05047,0.16745,0.065548,0.039188,0.11701,0.13392,0.31569,0.043405,0.10682,0.14001,0.077405,0.21096,0.19266,0.35361,0.17365,0.38024,0.40905,0.38489,0.31179,0.44983,0.47207,0.46194,0.45629,0.47177,0.47289,0.4747,0.48108,0.47982,0.48179,0.4845,0.49244,0.48733,0.48935,0.49074,0.50123,0.49498,0.49658,0.4997,0.48984,0.50205,0.50251,0.50341,0.4746,0.50577,0.5089,0.51252
0.48649,0.58397,0.57746,0.45583,0.74102,0.23032,0.14656,0.031522,0.078732,0.098616,0.061749,0.067212,0.066943,0.064376,0.14018,0.036955,0.05315,0.081859,0.11644,0.19976,0.041412,0.032966,0.10948,0.17429,0.29291,0.11087,0.084666,0.089153,0.13376,0.12143,0.13408,0.16305,0.058943,0.24397,0.26682,0.2873,0.17562,0.31062,0.33906,0.3422,0.34591,0.35803,0.36133,0.36252,0.35677,0.36971,0.36947,0.37084,0.38098,0.37131,0.37401,0.37449,0.36321,0.37419,0.37435,0.37283,0.37692,0.37502,0.37496,0.37233,0.3738,0.37745,0.37789,0.37827
0.16216,0.96014,0.92891,0.87191,0.94454,0.53637,0.61779,0.44655,0.71113,0.50434,0.56657,0.32186,0.50467,0.49975,0.50501,0.30295,0.12401,0.38202,0.58245,0.33514,0.24202,0.19019,0.44441,0.34288,0.15539,0.25336,0.33807,0.23932,0.040593,0.40333,0.54902,0.61444,0.15339,0.74474,0.83026,0.85,0.67166,0.85625,0.90039,0.91263,0.91513,0.91877,0.92452,0.92802,0.93298,0.93376,0.93621,0.93833,0.942,0.93986,0.94182,0.94245,0.94168,0.94373,0.94424,0.94459,0.97055,0.94625,0.94583,0.94628,0.96949,0.94581,0.94595,0.94673
0.054054,0.70476,0.75024,0.63327,0.81331,0.26447,0.27316,0.16084,0.51275,0.29092,0.4149,0.14833,0.31806,0.39083,0.41046,0.27346,0.068265,0.14091,0.43612,0.2263,0.15258,0.15997,0.3265,0.10161,0.02866,0.16932,0.28342,0.14683,0.055321,0.27984,0.36169,0.53142,0.16857,0.45677,0.5033,0.52189,0.33473,0.54461,0.58708,0.5844,0.58791,0.59317,0.59663,0.59784,0.60013,0.60137,0.60384,0.60355,0.60384,0.60444,0.60523,0.60569,0.5998,0.60625,0.60489,0.60402,0.6181,0.60177,0.60369,0.60681,0.65145,0.59848,0.59567,0.5948
0,0.66322,0.63057,0.70983,0.68124,0.3535,0.28877,0.45248,0.64309,0.35937,0.34138,0.17843,0.5977,0.34574,0.20355,0.099361,0.10321,0.31571,0.31605,0.17281,0.19102,0.18775,0.28553,0.22049,0.012877,0.15214,0.32839,0.28717,0.078086,0.27012,0.33435,0.44334,0.13968,0.35969,0.39713,0.42301,0.41414,0.40796,0.43734,0.43744,0.44521,0.45048,0.45345,0.45739,0.46098,0.48159,0.48668,0.48771,0.50541,0.50569,0.51859,0.52389,0.51421,0.54418,0.54129,0.53932,0.53382,0.54092,0.54399,0.54352,0.59046,0.5378,0.53952,0.53984
