0.49254,0.21286,0.16768,0.036555,0.13627,0.086334,0.17072,0.13421,0.065998,0.22135,0.10432,0.084791,0.07056,0.10129,0.024991,0.086219,0.041001,0.15933,0.087178,0.10362,0.078916,0.18161,0.2216,0.12395,0.15195,0.076854,0.12417,0.085173,0.083884,0.13049,0.061411,0.1672,0.16005,0.16807,0.13601,0.1509,0.097723,0.15841,0.14031,0.16962,0.18519,0.17873,0.18423,0.18779,0.19416,0.19435,0.1998,0.20113,0.20113,0.2044,0.20909,0.20973,0.21319,0.2159,0.21868,0.2196,0.21299,0.22722,0.22815,0.23345,0.22003,0.22984,0.23019,0.23264
0.22388,0.14938,0.10487,0.1506,0.023975,0.057489,0.088814,0.012259,0.078561,0.09223,0.067652,0.089254,0.13507,0.033797,0.12722,0.051757,0.096256,0.025547,0.0051631,0.047893,0.12024,0.18062,0.15137,0.13406,0.039147,0.078519,0.14095,0.041375,0.0072511,0.14572,0.097348,0.18014,0.11825,0.16121,0.14301,0.14884,0.052726,0.13802,0.097731,0.11267,0.11332,0.11131,0.11052,0.10674,0.11395,0.10586,0.10079,0.1009,0.09222,0.091285,0.085239,0.075596,0.051157,0.085666,0.076912,0.065802,0.07358,0.068029,0.058921,0.059197,0.071304,0.038111,0.027811,0.041043
0.31343,0.16981,0.12986,0.0436,0.14805,0.058008,0.057994,0.12602,0.079653,0.15313,0.059077,0.024766,0.1162,0.13597,0.078771,0.09934,0.085272,0.060164,0.045966,0.094088,0.10125,0.14718,0.20126,0.1524,0.091186,0.077217,0.11411,0.072825,0.109,0.1266,0.14603,0.15912,0.18276,0.27038,0.27919,0.28684,0.17522,0.2304,0.20899,0.25513,0.25666,0.25653,0.26292,0.2667,0.25324,0.26248,0.26827,0.26795,0.30555,0.27707,0.27809,0.27973,0.26176,0.2894,0.29076,0.28871,0.30362,0.29452,0.2961,0.29644,0.29728,0.29762,0.30279,0.29367
0.25373,0.14399,0.27489,0.069955,0.18318,0.04395,0.13142,0.11765,0.12866,0.01984,0.12899,0.1011,0.044937,0.065233,0.018173,0.13839,0.13329,0.11302,0.13841,0.14482,0.1067,0.0702,0.026207,0.10259,0.15854,0.059897,0.018614,0.027517,0.064477,0.091458,0.091545,0.07752,0.23731,0.12204,0.13791,0.13857,0.094944,0.13802,0.132,0.13325,0.13294,0.13229,0.13225,0.1354,0.13408,0.13647,0.13815,0.13888,0.13485,0.13478,0.1332,0.12996,0.11537,0.12533,0.12408,0.12042,0.11701,0.11716,0.11331,0.10721,0.074905,0.11191,0.10627,0.10525
0.34328,0.12268,0.17894,0.098365,0.043188,0.042445,0.084052,0.11517,0.14253,0.14183,0.090793,0.12376,0.18129,0.22306,0.17478,0.15368,0.28773,0.069048,0.077689,0.10499,0.12381,0.16354,0.12093,0.044383,0.17311,0.058975,0.19029,0.086258,0.1415,0.11152,0.13043,0.14609,0.20377,0.11623,0.11473,0.11819,0.1012,0.12568,0.08711,0.10665,0.11304,0.11547,0.11628,0.12004,0.12366,0.1228,0.12177,0.12459,0.12636,0.12314,0.12346,0.12231,0.10921,0.12079,0.12009,0.11883,0.11612,0.11622,0.11422,0.11106,0.14045,0.10453,0.098192,0.087496
0.16418,0.081021,0.18519,0.07161,0.075445,0.13935,0.11253,0.16848,0.12907,0.17176,0.067895,0.026294,0.073578,0.19665,0.18424,0.054777,0.1284,0.07628,0.054907,0.042134,0.14269,0.19188,0.053827,0.0092559,0.23305,0.030752,0.2066,0.13261,0.10413,0.1249,0.17204,0.15549,0.045896,0.15102,0.13539,0.11258,0.088091,0.092209,0.088105,0.066757,0.088622,0.073395,0.073204,0.071033,0.06956,0.068101,0.070693,0.069074,0.072754,0.067303,0.066411,0.066388,0.073281,0.063016,0.062111,0.059276,0.071244,0.055707,0.052627,0.052053,0.031058,0.027477,0.01318,0.0077898
0.22388,0.14674,0.088478,0.092339,0.23771,0.20906,0.08189,0.24448,0.0772,0.12612,0.083441,0.17791,0.084789,0.037028,0.10571,0.25092,0.06488,0.16401,0.078602,0.058285,0.071245,0.08017,0.10798,0.02581,0.10002,0.039446,0.063193,0.060255,0.17391,0.092741,0.11985,0.16159,0.057472,0.091303,0.10429,0.11579,0.026471,0.098277,0.095043,0.080321,0.086531,0.085555,0.083175,0.076515,0.036403,0.067646,0.064059,0.055667,0.044954,0.033373,0.026246,0.021883,0.052607,0.011966,0.012071,0.011992,0.017063,0.015606,0.016479,0.018684,0.046018,0.044589,0.038577,0.027037
0.40299,0.082726,0.14316,0.081707,0.18886,0.22477,0.23358,0.23602,0.043806,0.21168,0.12587,0.05241,0.064498,0.15191,0.036505,0.17601,0.067575,0.16792,0.11179,0.029513,0.14708,0.14207,0.19183,0.20077,0.078884,0.092984,0.1093,0.15376,0.125,0.060862,0.060809,0.071931,0.093948,0.0038085,0.029843,0.02996,0.10416,0.048647,0.058715,0.075451,0.057908,0.059679,0.057894,0.059813,0.05226,0.056603,0.055847,0.056397,0.064602,0.052736,0.052,0.046272,0.05462,0.047345,0.044167,0.039527,0.017181,0.031853,0.026416,0.016225,0.032717,0.027064,0.020412,0.017028
0.19403,0.033686,0.06236,0.078318,0.0958,0.13615,0.047568,0.21366,0.21645,0.1728,0.11387,0.073876,0.18432,0.17571,0.096112,0.090189,0.18617,0.064373,0.044058,0.10078,0.16057,0.24095,0.037422,0.070132,0.28047,0.14881,0.15039,0.14163,0.04876,0.11544,0.24989,0.10738,0.067031,0.22625,0.2175,0.23666,0.095597,0.17372,0.19054,0.15948,0.14803,0.15651,0.15058,0.14803,0.13817,0.1372,0.1342,0.13315,0.1256,0.12696,0.12296,0.12262,0.151,0.11493,0.1135,0.11228,0.11247,0.10652,0.10313,0.10022,0.15794,0.095468,0.093118,0.092664
0.13433,0.065981,0.075867,0.07949,0.06524,0.059472,0.10873,0.13554,0.10489,0.046032,0.033177,0.14495,0.16396,0.14606,0.021422,0.17285,0.14469,0.064625,0.18639,0.14227,0.073594,0.16502,0.12617,0.074402,0.20505,0.17817,0.13594,0.080246,0.075331,0.086501,0.061572,0.058967,0.020085,0.10548,0.11141,0.11344,0.12692,0.1396,0.10191,0.1266,0.13538,0.15477,0.1577,0.15947,0.13861,0.1611,0.16085,0.16145,0.16998,0.15933,0.15906,0.15726,0.14729,0.15724,0.1584,0.16057,0.15469,0.16083,0.16153,0.16552,0.11205,0.1712,0.17614,0.18666
0.13433,0.11466,0.2497,0.31323,0.20433,0.086164,0.14911,0.2155,0.14039,0.073602,0.01718,0.13757,0.11847,0.062684,0.08107,0.26016,0.030282,0.25533,0.21462,0.015644,0.16017,0.023658,0.14295,0.061695,0.084991,0.11329,0.058034,0.19674,0.097279,0.1304,0.010589,0.055723,0.063404,0.11776,0.080111,0.074415,0.070166,0.035099,0.064604,0.049282,0.060364,0.05625,0.053802,0.053158,0.056615,0.052984,0.052725,0.049407,0.04328,0.047378,0.044863,0.042503,0.028251,0.041769,0.039381,0.03698,0.035684,0.03289,0.030035,0.025333,0.041911,0.022295,0.019063,0.016204
0.014925,0.11219,0.15016,0.14683,0.20385,0.1521,0.1702,0.32575,0.20118,0.10101,0.17035,0.068583,0.14903,0.13895,0.23998,0.24947,0.051343,0.084844,0.063033,0.065489,0.12515,0.16262,0.028853,0.10674,0.10744,0.08699,0.17511,0.16776,0.041442,0.10429,0.051733,0.084391,0.17258,0.19714,0.20762,0.19646,0.051635,0.18911,0.18703,0.1859,0.18726,0.17791,0.17435,0.17116,0.16629,0.16388,0.16268,0.16208,0.16901,0.16515,0.16462,0.16768,0.16107,0.16887,0.1719,0.17431,0.19308,0.1784,0.17896,0.18226,0.13171,0.18605,0.18769,0.19188
0.10448,0.14963,0.061466,0.17961,0.037829,0.055327,0.081664,0.17922,0.05995,0.1615,0.11211,0.026407,0.063571,0.014005,0.1127,0.2048,0.066659,0.058021,0.059971,0.063985,0.022056,0.20709,0.14608,0.23879,0.021905,0.10881,0.069983,0.15717,0.21946,0.056838,0.12866,0.062957,0.093054,0.050387,0.0046246,0.021485,0.0144,0.016341,0.021638,0.048869,0.049736,0.055473,0.056157,0.058434,0.04999,0.058397,0.058102,0.057958,0.057056,0.058482,0.05702,0.055637,0.061872,0.054668,0.053728,0.054032,0.055876,0.048566,0.047876,0.047975,0.10211,0.044752,0.042662,0.041895
0.044776,0.14707,0.10599,0.15245,0.15809,0.15603,0.25483,0.028238,0.039219,0.12915,0.11373,0.15182,0.065603,0.028176,0.026029,0.154,0.020164,0.13541,0.068675,0.075241,0.13008,0.10441,0.075002,0.095667,0.10727,0.060191,0.054659,0.042695,0.097667,0.11712,0.1526,0.062682,0.11479,0.098466,0.073367,0.071087,0.1328,0.10601,0.11994,0.088553,0.089626,0.08966,0.090021,0.091787,0.098649,0.091592,0.092274,0.091107,0.083917,0.088043,0.087473,0.088237,0.070983,0.084634,0.082885,0.0806,0.078092,0.082222,0.080107,0.088306,0.039151,0.072481,0.070913,0.054299
0.22388,0.65372,0.79862,0.48898,0.79833,0.42445,0.52722,0.45116,0.18817,0.16211,0.3688,0.33396,0.033278,0.032369,0.28269,0.19897,0.13398,0.17392,0.26581,0.31737,0.12291,0.11655,0.37524,0.16925,0.10931,0.15604,0.15764,0.20232,0.14151,0.17824,0.21877,0.24259,0.13347,0.3392,0.38064,0.41594,0.34432,0.44172,0.44966,0.4563,0.48739,0.48917,0.49884,0.50424,0.50688,0.51573,0.52014,0.52251,0.52021,0.51062,0.5,0.50076,0.51997,0.5057,0.50535,0.50606,0.50886,0.50875,0.51024,0.50728,0.52747,0.5226,0.52614,0.52261
0.16418,0.046548,0.098315,0.046182,0.15664,0.18545,0.037007,0.098723,0.047709,0.063247,0.09814,0.06372,0.010022,0.059408,0.11096,0.033523,0.053474,0.029074,0.17258,0.14996,0.13078,0.14069,0.14909,0.11213,0.063755,0.10677,0.10881,0.072609,0.12466,0.011943,0.073061,0.063331,0.06746,0.034956,0.017542,0.019782,0.039407,0.084006,0.047392,0.077848,0.051257,0.068791,0.068812,0.06752,0.060231,0.064718,0.062326,0.058421,0.053726,0.051413,0.047663,0.043926,0.050496,0.03672,0.033206,0.031546,0.012032,0.022822,0.019971,0.019383,0.072561,0.0029422,0.0045368,0.01178
0.25373,0.11325,0.1448,0.066087,0.32522,0.22838,0.13934,0.13861,0.12682,0.14595,0.034871,0.07716,0.15931,0.083887,0.091943,0.044777,0.074565,0.084937,0.090228,0.12039,0.036029,0.094536,0.029007,0.12138,0.062425,0.11487,0.056083,0.020808,0.15186,0.071338,0.0611,0.098509,0.050543,0.1086,0.1473,0.15814,0.11542,0.1429,0.12114,0.14439,0.11842,0.12791,0.12595,0.12298,0.116,0.12287,0.12317,0.12057,0.099738,0.11472,0.11192,0.11046,0.080111,0.10122,0.097199,0.09498,0.10542,0.080931,0.074762,0.067547,0.042402,0.06487,0.05524,0.048996
0.19403,0.1532,0.15259,0.14991,0.27463,0.019104,0.042279,0.0542,0.042639,0.072968,0.093061,0.053155,0.069194,0.11431,0.028515,0.15434,0.14059,0.099372,0.22212,0.087685,0.17116,0.22923,0.18244,0.17991,0.034366,0.091403,0.015213,0.13525,0.066325,0.063692,0.12537,0.087835,0.058367,0.027691,0.086751,0.11077,0.052932,0.093197,0.11594,0.12262,0.12457,0.1014,0.095456,0.094687,0.098301,0.090601,0.088307,0.086855,0.086913,0.08471,0.080855,0.078565,0.099206,0.07672,0.074865,0.070315,0.075657,0.067815,0.066887,0.067455,0.081962,0.056547,0.054525,0.051472
0.10448,0.19916,0.15497,0.040865,0.35375,0.087511,0.12283,0.1258,0.054348,0.044781,0.13179,0.08126,0.16769,0.037288,0.14851,0.24841,0.11059,0.11447,0.11062,0.068384,0.092716,0.17419,0.16809,0.079738,0.073853,0.14617,0.070753,0.10976,0.17785,0.089382,0.17042,0.032697,0.36147,0.075748,0.093431,0.10128,0.091022,0.10656,0.12171,0.081626,0.074993,0.076375,0.074699,0.072323,0.066062,0.065552,0.063365,0.064686,0.06441,0.058778,0.057976,0.056459,0.063017,0.055354,0.052442,0.050012,0.068669,0.048447,0.048822,0.044049,0.017582,0.039989,0.036304,0.028299
0.22388,0.42367,0.56603,0.17446,0.58277,0.15724,0.26478,0.2169,0.1387,0.13891,0.1541,0.2189,0.055086,0.12877,0.14378,0.24626,0.13083,0.069192,0.097875,0.20174,0.078849,0.1706,0.13916,0.16459,0.22561,0.048895,0.0908,0.2209,0.25049,0.10274,0.12912,0.23502,0.35753,0.19032,0.23541,0.23188,0.20207,0.23152,0.24625,0.23748,0.24042,0.23709,0.23628,0.23463,0.23607,0.23287,0.23201,0.23133,0.23947,0.22799,0.22733,0.22658,0.23876,0.22568,0.22451,0.22415,0.2274,0.22208,0.2223,0.22339,0.2217,0.22336,0.22351,0.22325
0.25373,0.42974,0.32548,0.1606,0.52672,0.12705,0.24889,0.10953,0.18813,0.14646,0.091404,0.15683,0.14504,0.17361,0.15132,0.10876,0.19273,0.079827,0.20581,0.115,0.13288,0.068332,0.061981,0.060935,0.019962,0.078141,0.1359,0.19555,0.085435,0.089172,0.042857,0.080335,0.12809,0.087899,0.066663,0.10069,0.069359,0.096575,0.088708,0.10566,0.10493,0.11234,0.11137,0.11081,0.093396,0.10455,0.10558,0.10136,0.10968,0.10068,0.099737,0.098545,0.087047,0.094506,0.095697,0.095364,0.095896,0.096788,0.096699,0.099187,0.070401,0.098623,0.099063,0.10292
0.13433,0.48489,0.31497,0.28716,0.52562,0.18491,0.27037,0.11072,0.31394,0.2377,0.15655,0.11388,0.17829,0.16595,0.11428,0.04224,0.040017,0.039765,0.13052,0.053677,0.075367,0.1114,0.087764,0.10834,0.063301,0.14533,0.17645,0.2063,0.078307,0.15486,0.072389,0.27406,0.029774,0.19736,0.26643,0.27426,0.094188,0.34582,0.3087,0.32524,0.32325,0.3356,0.33771,0.34376,0.33685,0.34646,0.34735,0.34913,0.3512,0.35264,0.35485,0.35699,0.35768,0.36114,0.36297,0.36695,0.3617,0.3702,0.37101,0.37065,0.36429,0.37537,0.37414,0.37367
0.10448,0.47053,0.30079,0.23047,0.46379,0.25834,0.27053,0.14683,0.30999,0.12208,0.1094,0.0046767,0.15104,0.26832,0.2456,0.082848,0.053683,0.10685,0.16034,0.047255,0.088414,0.11627,0.26001,0.16213,0.061463,0.10264,0.22423,0.14965,0.019774,0.10507,0.19817,0.19983,0.13316,0.35256,0.36917,0.38605,0.13146,0.43178,0.4137,0.41102,0.41265,0.4302,0.43702,0.44741,0.44948,0.45533,0.45884,0.46026,0.46705,0.46465,0.46538,0.46759,0.46913,0.47093,0.47255,0.47264,0.47957,0.47864,0.47844,0.47926,0.48539,0.48897,0.48704,0.48903
0.43284,0.5007,0.302,0.064128,0.41254,0.34241,0.38992,0.25462,0.049972,0.11236,0.1859,0.10073,0.08342,0.23405,0.21413,0.050153,0.025364,0.16118,0.17974,0.16218,0.084338,0.16014,0.28311,0.065664,0.13944,0.101,0.19198,0.081596,0.069223,0.16387,0.25446,0.1809,0.20378,0.38356,0.44849,0.46373,0.28913,0.47774,0.48799,0.50323,0.51406,0.51465,0.51719,0.51807,0.52616,0.52408,0.5252,0.52732,0.53713,0.53004,0.53344,0.53627,0.53195,0.54079,0.54329,0.54623,0.54347,0.5526,0.55535,0.55716,0.54628,0.56494,0.56662,0.56594
0.25373,0.62474,0.27311,0.29376,0.74468,0.22966,0.24012,0.23273,0.50531,0.085431,0.21029,0.17592,0.16471,0.2058,0.2468,0.10592,0.13881,0.15511,0.35326,0.1261,0.092278,0.26947,0.24663,0.1356,0.11958,0.18523,0.2926,0.19253,0.060331,0.25514,0.33464,0.3323,0.13014,0.4139,0.44703,0.46356,0.2703,0.50987,0.48411,0.4779,0.4739,0.48262,0.47976,0.48219,0.4805,0.47789,0.47692,0.47717,0.4835,0.47677,0.47606,0.47762,0.47333,0.46986,0.47033,0.46764,0.49332,0.46964,0.46803,0.44574,0.51169,0.48249,0.47329,0.48113
0.044776,0.61986,0.54689,0.32263,0.65303,0.33738,0.23921,0.39268,0.51188,0.10633,0.18111,0.10501,0.34363,0.21527,0.11832,0.044615,0.3013,0.27817,0.18778,0.21451,0.11559,0.046889,0.27113,0.14617,0.13418,0.22002,0.21162,0.13814,0.1503,0.19088,0.22429,0.35778,0.17696,0.30299,0.29998,0.31923,0.19028,0.33215,0.30424,0.31869,0.34652,0.31781,0.31772,0.3197,0.30918,0.31603,0.31543,0.31608,0.3117,0.31629,0.31616,0.31563,0.31478,0.31634,0.31652,0.31683,0.31566,0.31349,0.31359,0.32191,0.37446,0.31351,0.31345,0.31341
0.014925,0.27532,0.31017,0.16604,0.64781,0.1703,0.1345,0.070893,0.449,0.27997,0.27852,0.23261,0.32694,0.01751,0.11977,0.16832,0.2052,0.11467,0.13847,0.063946,0.17743,0.13302,0.20942,0.013029,0.076896,0.074545,0.2062,0.11049,0.1813,0.09576,0.10567,0.11778,0.16062,0.19348,0.20978,0.23902,0.20488,0.20466,0.19506,0.21179,0.2188,0.21313,0.21416,0.21432,0.21248,0.21269,0.21229,0.21048,0.21053,0.20946,0.20977,0.20857,0.21482,0.20621,0.2059,0.20503,0.2157,0.20098,0.19764,0.19252,0.18847,0.20009,0.19588,0.19375
0.044776,0.89986,0.90361,0.69603,0.87927,0.69842,0.7867,0.60477,0.40948,0.4599,0.42371,0.41925,0.08486,0.22414,0.46787,0.15112,0.21228,0.49458,0.50109,0.43507,0.14482,0.21967,0.44239,0.21718,0.18246,0.3821,0.45587,0.30151,0.14941,0.37954,0.55502,0.59937,0.1308,0.73955,0.80188,0.81604,0.67147,0.82704,0.81978,0.8347,0.83797,0.83895,0.84107,0.84336,0.84812,0.84746,0.8497,0.85176,0.85264,0.8551,0.85645,0.85815,0.86357,0.8601,0.86119,0.86304,0.85359,0.86406,0.86537,0.8652,0.85503,0.87115,0.87304,0.87703
0.074627,0.67146,0.64685,0.64353,0.76276,0.40157,0.48692,0.33644,0.51546,0.51682,0.39467,0.42693,0.198,0.20502,0.38232,0.3382,0.23713,0.47757,0.49922,0.33543,0.15639,0.28939,0.50042,0.19152,0.15128,0.47932,0.60764,0.42328,0.13704,0.35333,0.56306,0.48929,0.091576,0.69397,0.73706,0.7516,0.56744,0.785,0.77493,0.79751,0.7864,0.80258,0.80368,0.80599,0.81765,0.81717,0.81933,0.81999,0.81566,0.82502,0.82527,0.82132,0.83595,0.8285,0.82741,0.82439,0.82647,0.82626,0.81761,0.82733,0.81424,0.84264,0.84452,0.84757
0.074627,0.081628,0.59512,0.53877,0.14805,0.25181,0.049055,0.19087,0.22798,0.1637,0.1198,0.1448,0.13429,0.036255,0.13205,0.11585,0.10969,0.083328,0.058917,0.12487,0.16575,0.13675,0.026486,0.089729,0.17089,0.050112,0.060359,0.075987,0.11909,0.11786,0.046636,0.21705,0.16579,0.07282,0.10994,0.13953,0.084025,0.1333,0.13026,0.13663,0.14585,0.14936,0.14428,0.13532,0.15928,0.13993,0.14011,0.14059,0.1298,0.14017,0.14338,0.14469,0.17205,0.14044,0.14202,0.1473,0.13975,0.13171,0.13459,0.14967,0.087464,0.13237,0.13374,0.13397
0.10448,0.33848,0.55919,0.34672,0.47483,0.080284,0.041692,0.18265,0.060016,0.050755,0.056004,0.081275,0.10276,0.0693,0.12211,0.13056,0.085418,0.13831,0.21224,0.19405,0.22203,0.1887,0.14151,0.1829,0.070588,0.15135,0.13594,0.22815,0.15304,0.05614,0.095112,0.22166,0.35729,0.18699,0.21504,0.22517,0.22278,0.25397,0.23625,0.23701,0.24011,0.25708,0.26362,0.2701,0.27943,0.27745,0.28054,0.2811,0.27398,0.28319,0.28578,0.28718,0.29566,0.29054,0.28801,0.28922,0.27219,0.29729,0.29708,0.29881,0.26792,0.29625,0.30374,0.31547
0.074627,0.098693,0.18153,0.13762,0.42046,0.14083,0.1653,0.23071,0.01899,0.16606,0.17415,0.046146,0.066147,0.17746,0.10242,0.14317,0.12604,0.093047,0.22235,0.22173,0.16552,0.21308,0.14645,0.25474,0.098128,0.064729,0.099865,0.23858,0.093034,0.047695,0.0481,0.19066,0.32899,0.14242,0.20472,0.21949,0.23113,0.19427,0.2408,0.23743,0.24864,0.25002,0.24849,0.24611,0.23851,0.24397,0.24422,0.24373,0.24529,0.24773,0.24785,0.25108,0.25693,0.2495,0.25231,0.2527,0.24509,0.25389,0.25324,0.25533,0.25653,0.25423,0.2535,0.25374
0.46269,0.28915,0.15747,0.14632,0.23667,0.10248,0.13477,0.23789,0.094258,0.21779,0.090146,0.03698,0.093152,0.1174,0.13614,0.14715,0.22457,0.15197,0.0089459,0.078617,0.25447,0.13947,0.15103,0.19297,0.14127,0.026977,0.046089,0.034493,0.1368,0.11639,0.017952,0.045052,0.14122,0.040618,0.032709,0.04233,0.12235,0.017322,0.061575,0.036417,0.036829,0.053481,0.05286,0.049748,0.044896,0.048278,0.046757,0.049302,0.052654,0.04593,0.044539,0.048201,0.021531,0.043022,0.040836,0.042912,0.026317,0.031636,0.028896,0.025907,0.018979,0.024899,0.027361,0.018868
0.58209,0.30062,0.15513,0.14542,0.15172,0.036375,0.05776,0.16882,0.17145,0.11353,0.10434,0.024487,0.020962,0.092991,0.10658,0.12233,0.081964,0.071527,0.042713,0.11035,0.089337,0.082141,0.0076158,0.075841,0.14693,0.079551,0.070074,0.063537,0.12689,0.078499,0.058287,0.10269,0.18874,0.027794,0.096482,0.10453,0.10652,0.048453,0.12489,0.098781,0.11218,0.10285,0.10059,0.097023,0.094804,0.098099,0.094245,0.087688,0.096665,0.086888,0.060734,0.060585,0.030737,0.054547,0.051692,0.058395,0.079798,0.046892,0.047618,0.084308,0.026765,0.046263,0.055141,0.043964
0.10448,0.087403,0.12759,0.10986,0.031814,0.043509,0.078175,0.097581,0.19731,0.080368,0.11375,0.039418,0.080478,0.09837,0.067074,0.085923,0.16039,0.1311,0.077009,0.1523,0.065036,0.101,0.067985,0.058872,0.15153,0.13451,0.13108,0.12514,0.078034,0.062794,0.018247,0.10066,0.12631,0.23744,0.16452,0.11597,0.15623,0.15143,0.12634,0.12487,0.13505,0.12478,0.12472,0.12378,0.1185,0.12223,0.11946,0.11816,0.11109,0.11481,0.11302,0.10927,0.11896,0.1072,0.10597,0.10428,0.079367,0.098222,0.095425,0.087147,0.032031,0.087538,0.080913,0.073919
0.044776,0.17935,0.025986,0.040941,0.12399,0.10016,0.11048,0.13348,0.17463,0.10092,0.050442,0.16056,0.050085,0.075474,0.072679,0.0764,0.11871,0.14671,0.13107,0.18982,0.083337,0.10809,0.0289,0.014431,0.10301,0.071495,0.081915,0.079013,0.13972,0.094379,0.10725,0.16038,0.11235,0.15795,0.22387,0.23547,0.16654,0.20812,0.228,0.24849,0.24223,0.22751,0.22062,0.21408,0.21301,0.20821,0.20278,0.1971,0.19621,0.19307,0.18547,0.18192,0.18524,0.17794,0.17631,0.17493,0.18579,0.17072,0.16922,0.1702,0.14938,0.16579,0.16488,0.16479
0.22388,0.13378,0.044273,0.14607,0.1802,0.083356,0.080955,0.10679,0.10972,0.15564,0.065314,0.13044,0.061869,0.096693,0.04789,0.084248,0.12976,0.089571,0.19827,0.092419,0.10986,0.060412,0.036818,0.13656,0.056129,0.064091,0.14249,0.033138,0.13623,0.1546,0.13662,0.11079,0.19012,0.066393,0.087894,0.099181,0.28226,0.08694,0.1116,0.098095,0.12585,0.099058,0.098897,0.097165,0.099058,0.094188,0.089999,0.090891,0.090834,0.086797,0.085072,0.079854,0.07227,0.076748,0.075006,0.072571,0.078358,0.060794,0.060711,0.0569,0.026773,0.057021,0.051729,0.059115
0.13433,0.010078,0.23597,0.19445,0.21545,0.031658,0.060534,0.085873,0.097279,0.15177,0.022974,0.11513,0.21794,0.093469,0.064159,0.14395,0.15835,0.044042,0.15325,0.13017,0.036414,0.061601,0.076521,0.044094,0.24572,0.087825,0.16582,0.057843,0.052201,0.12043,0.13986,0.072234,0.15212,0.15526,0.14416,0.14241,0.22238,0.11904,0.12115,0.088782,0.077893,0.082129,0.08295,0.075963,0.10344,0.076007,0.072045,0.07285,0.0777,0.068405,0.067534,0.064506,0.087592,0.069335,0.066105,0.062007,0.061145,0.061564,0.061023,0.058706,0.1095,0.059085,0.050769,0.045984
0.22388,0.16317,0.12066,0.18005,0.22104,0.16411,0.05227,0.098772,0.13379,0.11151,0.10786,0.19103,0.10259,0.07762,0.028151,0.071229,0.11871,0.11608,0.20654,0.073908,0.054314,0.071155,0.0036159,0.078371,0.078008,0.040692,0.19755,0.041872,0.064248,0.061619,0.094515,0.051741,0.1416,0.07403,0.08498,0.08682,0.082357,0.045439,0.065833,0.075106,0.080349,0.072588,0.076231,0.075156,0.073696,0.082128,0.081875,0.084607,0.074074,0.090211,0.088155,0.085577,0.13523,0.090667,0.090835,0.093524,0.11632,0.084805,0.084286,0.086611,0.10953,0.081536,0.08048,0.076044
0.074627,0.12507,0.07261,0.12174,0.17247,0.19517,0.1123,0.064151,0.19647,0.22326,0.10683,0.084023,0.15861,0.10664,0.087612,0.067613,0.057611,0.096923,0.15976,0.11634,0.1049,0.12287,0.14687,0.098102,0.13823,0.11519,0.10559,0.095947,0.12594,0.13693,0.12833,0.12077,0.18812,0.1523,0.1673,0.18349,0.22329,0.13672,0.14679,0.1441,0.14553,0.13908,0.13671,0.13619,0.13802,0.13136,0.12918,0.12891,0.12658,0.12696,0.12324,0.12199,0.12536,0.11873,0.11601,0.11576,0.10845,0.1116,0.1111,0.11059,0.14066,0.10685,0.1049,0.10441
0.37313,0.12056,0.1974,0.14668,0.14171,0.12164,0.19907,0.19437,0.14881,0.14218,0.11322,0.08432,0.16436,0.084978,0.13009,0.049989,0.15429,0.17448,0.13096,0.092748,0.048346,0.094141,0.11495,0.11466,0.078677,0.18217,0.1006,0.11975,0.13078,0.14621,0.065591,0.042885,0.1154,0.084459,0.1127,0.10157,0.13933,0.083776,0.079088,0.08375,0.083303,0.073919,0.072804,0.068417,0.062409,0.066059,0.063584,0.06358,0.064752,0.05686,0.054644,0.057445,0.055691,0.057184,0.057781,0.056681,0.047356,0.062031,0.063633,0.066579,0.054572,0.046364,0.045091,0.043705
0.43284,0.24004,0.21399,0.11484,0.14381,0.1355,0.22969,0.14667,0.11681,0.10206,0.081725,0.17536,0.15517,0.16128,0.052405,0.072789,0.05088,0.097087,0.080463,0.067743,0.11103,0.10751,0.080366,0.075507,0.087176,0.20377,0.054145,0.079145,0.18988,0.16779,0.10422,0.15683,0.14976,0.11548,0.13756,0.12623,0.10571,0.12832,0.12126,0.11641,0.13251,0.11178,0.10929,0.099917,0.11682,0.08484,0.084741,0.084389,0.10678,0.079987,0.075533,0.078591,0.071631,0.073449,0.072405,0.072426,0.050779,0.069108,0.069416,0.076232,0.036637,0.037116,0.036015,0.032157
0.55224,0.30771,0.26772,0.16701,0.32598,0.15903,0.16172,0.1317,0.19536,0.10757,0.057496,0.25498,0.020032,0.10554,0.12328,0.047515,0.061608,0.1621,0.11506,0.11692,0.015722,0.091257,0.095192,0.043048,0.10715,0.084158,0.046102,0.032258,0.13491,0.14543,0.11435,0.098464,0.070625,0.082333,0.061158,0.10103,0.11046,0.098952,0.13319,0.11796,0.045373,0.092806,0.087422,0.083439,0.083071,0.076004,0.072718,0.070773,0.07378,0.065867,0.06471,0.058859,0.059995,0.0603,0.058989,0.057895,0.05416,0.052949,0.051215,0.053476,0.11271,0.048737,0.04719,0.045132
0.25373,0.20503,0.19823,0.20083,0.28374,0.1846,0.1473,0.19771,0.065148,0.22459,0.12428,0.17583,0.037363,0.067235,0.088945,0.10762,0.05755,0.05355,0.084149,0.051784,0.10022,0.054431,0.093067,0.068117,0.125,0.13807,0.07951,0.21231,0.030538,0.14151,0.14268,0.17969,0.10637,0.11111,0.081043,0.085348,0.087986,0.074302,0.1562,0.14315,0.14462,0.15443,0.14469,0.13497,0.14559,0.12322,0.11824,0.108,0.099792,0.096842,0.091155,0.084409,0.10656,0.078269,0.071598,0.069801,0.041819,0.05813,0.053807,0.056482,0.13004,0.055851,0.056176,0.045988
0.074627,0.18178,0.1121,0.12144,0.059772,0.080371,0.042745,0.088532,0.092955,0.25937,0.11158,0.13158,0.20295,0.077039,0.048511,0.17737,0.20107,0.15844,0.10401,0.039287,0.11191,0.18313,0.10559,0.11032,0.19372,0.085715,0.13579,0.14954,0.12375,0.20431,0.10299,0.18144,0.091828,0.1945,0.18244,0.18839,0.25821,0.18095,0.20626,0.16308,0.16852,0.17297,0.16828,0.16355,0.17746,0.16361,0.16352,0.15924,0.1561,0.15108,0.15382,0.15037,0.16563,0.156,0.15214,0.14641,0.13671,0.14592,0.14292,0.1371,0.11722,0.13119,0.11612,0.13493
0.014925,0.12587,0.23958,0.25044,0.32747,0.1463,0.10967,0.15891,0.097317,0.092305,0.044231,0.12775,0.0097891,0.0075763,0.10891,0.05958,0.025166,0.021493,0.12109,0.10571,0.043435,0.077099,0.090536,0.11825,0.094318,0.10927,0.049702,0.11026,0.046177,0.075944,0.092353,0.086613,0.09906,0.19961,0.17727,0.19775,0.053557,0.16938,0.19203,0.20821,0.2058,0.20293,0.20006,0.19708,0.17989,0.19532,0.19463,0.19164,0.18702,0.18647,0.18684,0.18459,0.1911,0.18372,0.18233,0.18342,0.18018,0.18117,0.18263,0.18513,0.1386,0.1727,0.18311,0.18716
0.16418,0.092702,0.25043,0.31938,0.32745,0.16508,0.18655,0.17217,0.14819,0.050803,0.18983,0.068825,0.10862,0.11359,0.041034,0.065887,0.15347,0.1014,0.087577,0.054763,0.1098,0.076885,0.035411,0.12138,0.20655,0.035178,0.15109,0.18734,0.060296,0.21494,0.12716,0.055486,0.22754,0.12511,0.11494,0.10444,0.15998,0.023161,0.053064,0.041732,0.029425,0.057647,0.058822,0.062583,0.066858,0.06741,0.07406,0.079589,0.094226,0.10825,0.11059,0.11336,0.10718,0.12147,0.1256,0.13152,0.12786,0.13571,0.13939,0.14904,0.10503,0.14221,0.14071,0.13476
0.10448,0.12815,0.30064,0.26032,0.34373,0.26804,0.044514,0.078263,0.089613,0.0091736,0.14669,0.035418,0.14069,0.053897,0.028313,0.17446,0.13678,0.093921,0.22362,0.17079,0.14725,0.095864,0.15575,0.2501,0.16058,0.040544,0.11697,0.25658,0.090724,0.12461,0.15577,0.16819,0.12158,0.15546,0.17475,0.16998,0.10718,0.16366,0.15053,0.16096,0.16188,0.15817,0.16531,0.17785,0.16867,0.18017,0.17945,0.18005,0.17946,0.17711,0.17931,0.17923,0.16771,0.17824,0.17898,0.1798,0.12993,0.17956,0.1824,0.18536,0.21047,0.17958,0.1795,0.19073
0.074627,0.15099,0.36253,0.19349,0.35088,0.3387,0.13664,0.055147,0.002981,0.13246,0.21348,0.097422,0.057153,0.096482,0.13163,0.052784,0.064429,0.20686,0.14573,0.032509,0.027917,0.22677,0.11379,0.15919,0.19389,0.222,0.02845,0.091453,0.11022,0.093432,0.26492,0.21285,0.35891,0.34531,0.3646,0.38515,0.27772,0.39057,0.33947,0.36496,0.36463,0.38464,0.38818,0.39395,0.41055,0.40609,0.40879,0.41015,0.41289,0.41248,0.41325,0.41454,0.4074,0.41646,0.41787,0.41662,0.40909,0.42206,0.42229,0.42472,0.36801,0.42946,0.43192,0.43213
0.044776,0.16757,0.15054,0.12274,0.08377,0.15875,0.074029,0.20006,0.12061,0.027161,0.14813,0.095775,0.036844,0.14428,0.06326,0.15766,0.19657,0.20609,0.04064,0.10738,0.08799,0.14541,0.097308,0.095244,0.052106,0.059227,0.11839,0.081643,0.13903,0.097467,0.24791,0.13727,0.065735,0.10318,0.14677,0.1546,0.15462,0.1749,0.15246,0.16348,0.13167,0.17258,0.17291,0.17256,0.1728,0.17434,0.17296,0.17306,0.1697,0.17416,0.17401,0.17294,0.17032,0.17222,0.17069,0.17084,0.16892,0.15984,0.15768,0.15638,0.15053,0.15783,0.15957,0.16297
0.014925,0.34218,0.27175,0.219,0.47658,0.14633,0.089596,0.12,0.15039,0.13963,0.09017,0.15247,0.12376,0.07907,0.092008,0.070207,0.092775,0.03715,0.057416,0.034263,0.14982,0.2252,0.082442,0.14232,0.11975,0.076174,0.14268,0.18898,0.24916,0.13554,0.23742,0.10883,0.20599,0.13689,0.13216,0.14045,0.073853,0.1765,0.12955,0.1333,0.12773,0.13265,0.1348,0.1364,0.14442,0.14559,0.14698,0.15109,0.15904,0.1554,0.1568,0.15816,0.15369,0.16191,0.16316,0.16468,0.17664,0.16461,0.16408,0.16087,0.15696,0.16535,0.16568,0.16449
0.16418,0.77234,0.76725,0.55062,0.8589,0.47411,0.49872,0.4103,0.14225,0.20249,0.26865,0.24018,0.11149,0.26162,0.26826,0.053778,0.053432,0.51229,0.43577,0.39374,0.13787,0.1466,0.10215,0.12819,0.13068,0.34763,0.37502,0.16753,0.12247,0.32485,0.44432,0.41963,0.44455,0.60063,0.6495,0.65856,0.58821,0.65966,0.68369,0.68701,0.69373,0.69848,0.70177,0.70503,0.7071,0.71161,0.71434,0.71692,0.72888,0.72074,0.72308,0.72572,0.74359,0.72955,0.73014,0.73154,0.74024,0.735,0.73867,0.7486,0.73934,0.7465,0.73679,0.75903
0.16418,0.18468,0.17013,0.12694,0.14782,0.082234,0.047118,0.1165,0.094555,0.18048,0.13374,0.136,0.14443,0.19509,0.16826,0.12405,0.14049,0.20244,0.055028,0.013309,0.15234,0.070145,0.034349,0.036045,0.037371,0.18461,0.11105,0.078436,0.22041,0.060824,0.045817,0.11411,0.16173,0.060908,0.049831,0.057954,0.11476,0.064471,0.064273,0.060059,0.067732,0.069874,0.07434,0.076357,0.085542,0.081903,0.084737,0.0866,0.086952,0.08957,0.091338,0.093694,0.074206,0.093519,0.095331,0.097548,0.10887,0.094591,0.10325,0.10991,0.07114,0.078707,0.089204,0.085451
0.044776,0.21561,0.27272,0.18214,0.27668,0.078972,0.076979,0.081681,0.11646,0.11572,0.14612,0.15314,0.12253,0.089182,0.050564,0.081296,0.050097,0.15668,0.042993,0.033992,0.10029,0.17995,0.065252,0.085226,0.077411,0.097867,0.11353,0.10547,0.1368,0.0645,0.10799,0.073955,0.16433,0.10829,0.08901,0.11395,0.10305,0.094376,0.098648,0.10685,0.11274,0.10336,0.1047,0.10337,0.10545,0.10481,0.10317,0.10483,0.11061,0.1062,0.10697,0.10524,0.12698,0.10522,0.10556,0.10526,0.11215,0.10238,0.10343,0.10352,0.10133,0.11326,0.10497,0.10324
0.074627,0.069955,0.19423,0.084033,0.083929,0.057585,0.15314,0.099738,0.096887,0.10235,0.22823,0.080756,0.081345,0.031488,0.093963,0.062282,0.11229,0.23516,0.11266,0.10171,0.13236,0.15645,0.080937,0.045982,0.05558,0.14553,0.13009,0.0091598,0.086035,0.031646,0.12135,0.16593,0.14451,0.056048,0.067558,0.050515,0.10724,0.14881,0.11648,0.065195,0.097266,0.078042,0.073865,0.075434,0.07266,0.067358,0.063787,0.061279,0.063781,0.055514,0.052911,0.04634,0.05079,0.047231,0.041968,0.035859,0.038613,0.032341,0.02821,0.014344,0.031927,0.032788,0.023252,0.016481
0.19403,0.26725,0.17854,0.1225,0.43169,0.051618,0.088432,0.12213,0.041465,0.073865,0.10395,0.057719,0.12804,0.10633,0.1509,0.13581,0.10278,0.1484,0.13277,0.056218,0.048022,0.21623,0.17603,0.14446,0.11297,0.088803,0.039302,0.081394,0.23287,0.080616,0.11066,0.17405,0.30473,0.21238,0.2934,0.28151,0.31427,0.25729,0.28437,0.25059,0.25979,0.25217,0.24933,0.24763,0.25466,0.2495,0.25217,0.25196,0.23868,0.26028,0.25967,0.25857,0.26556,0.26104,0.25971,0.25894,0.25827,0.25675,0.25574,0.25496,0.25338,0.25567,0.25417,0.25386
0.16418,0.31719,0.43501,0.16089,0.45352,0.14553,0.050714,0.089865,0.27398,0.083724,0.092093,0.027161,0.11245,0.12769,0.11247,0.060307,0.12598,0.22112,0.11314,0.081449,0.054537,0.16567,0.11305,0.14988,0.19713,0.16913,0.11393,0.095153,0.15817,0.0096545,0.17426,0.044718,0.20847,0.14923,0.14991,0.14348,0.20131,0.17488,0.1451,0.14966,0.15961,0.1752,0.18056,0.18506,0.18934,0.1899,0.19185,0.19342,0.18839,0.19744,0.19975,0.20098,0.20539,0.20294,0.20347,0.20452,0.20038,0.20874,0.20973,0.21656,0.24549,0.19565,0.19586,0.1955
0.074627,0.30528,0.29135,0.13935,0.42075,0.15604,0.26267,0.15344,0.2552,0.035665,0.26133,0.20713,0.14031,0.14987,0.098325,0.15274,0.15424,0.32858,0.18832,0.085261,0.11894,0.10511,0.21259,0.10347,0.12635,0.20619,0.13756,0.094536,0.1639,0.20223,0.29231,0.23061,0.27996,0.32972,0.33211,0.31036,0.20138,0.35548,0.31759,0.32446,0.32194,0.30809,0.30244,0.29685,0.30858,0.28791,0.28654,0.28348,0.28922,0.27933,0.27951,0.28069,0.27355,0.28205,0.28217,0.28236,0.275,0.28202,0.28459,0.28601,0.24651,0.30981,0.2976,0.30778
0.014925,0.38294,0.21539,0.33174,0.55283,0.21683,0.33075,0.2254,0.23453,0.079689,0.34906,0.21184,0.080548,0.05469,0.14572,0.07932,0.2504,0.29622,0.21644,0.037402,0.17958,0.14672,0.19405,0.13234,0.1313,0.24453,0.14974,0.073889,0.16464,0.17497,0.2489,0.26711,0.27571,0.3514,0.37034,0.36304,0.2612,0.39182,0.37812,0.37713,0.3827,0.38536,0.36643,0.36014,0.36645,0.36288,0.36314,0.36464,0.34975,0.36829,0.36639,0.36776,0.3406,0.37071,0.37202,0.37475,0.3569,0.37588,0.37886,0.38453,0.33068,0.37061,0.37297,0.37671
0.25373,0.50852,0.27368,0.33879,0.6367,0.22336,0.31625,0.20203,0.3536,0.0736,0.18481,0.076996,0.11991,0.15894,0.28238,0.1114,0.1748,0.26545,0.28405,0.14878,0.11089,0.22285,0.24204,0.19137,0.17768,0.20367,0.15861,0.1868,0.067439,0.14805,0.34711,0.36541,0.28809,0.47316,0.46694,0.46783,0.41827,0.43135,0.47425,0.48573,0.50585,0.52784,0.53863,0.54056,0.53995,0.54703,0.54626,0.54589,0.54927,0.54982,0.54994,0.5504,0.54855,0.55283,0.55434,0.55552,0.56403,0.56136,0.56365,0.56635,0.49487,0.56985,0.57285,0.57804
0.31343,0.68455,0.41993,0.40447,0.6978,0.12726,0.28111,0.17272,0.46014,0.21612,0.1373,0.092583,0.18258,0.10403,0.23259,0.084657,0.24862,0.19302,0.37792,0.28076,0.1239,0.16688,0.3212,0.1062,0.062861,0.18196,0.23862,0.19761,0.09203,0.17359,0.39751,0.3258,0.065612,0.40697,0.42993,0.47614,0.31211,0.4779,0.49175,0.51021,0.51373,0.5156,0.51629,0.51878,0.52366,0.52151,0.52323,0.52371,0.52312,0.52378,0.52527,0.52637,0.51699,0.52394,0.52475,0.52494,0.50778,0.52362,0.52303,0.53276,0.49424,0.52285,0.50731,0.51698
0.37313,0.53045,0.29326,0.14093,0.56207,0.28214,0.40691,0.22227,0.34074,0.27702,0.26595,0.29353,0.14119,0.10611,0.23369,0.12458,0.26648,0.27322,0.222,0.18321,0.059582,0.22203,0.29431,0.20913,0.11689,0.27569,0.24565,0.04,0.097678,0.26111,0.33392,0.44264,0.24774,0.53389,0.56095,0.55125,0.35742,0.55654,0.5765,0.56181,0.57277,0.57418,0.574,0.57527,0.57542,0.57779,0.57868,0.57894,0.58247,0.58381,0.58454,0.58426,0.57851,0.58971,0.58808,0.58548,0.58474,0.59116,0.59103,0.58782,0.56734,0.60658,0.61003,0.61124
0.16418,0.13041,0.48306,0.43372,0.24779,0.2484,0.19749,0.13562,0.3583,0.13626,0.13161,0.14874,0.032701,0.077763,0.081327,0.092219,0.33662,0.26945,0.13798,0.24623,0.045467,0.092379,0.061895,0.1091,0.27141,0.18798,0.039888,0.044748,0.14284,0.09929,0.17176,0.094104,0.39511,0.17391,0.22436,0.23226,0.12268,0.26955,0.24995,0.26002,0.27663,0.27667,0.2804,0.28642,0.28798,0.29632,0.29805,0.30127,0.33767,0.30396,0.30829,0.30772,0.32742,0.31751,0.31247,0.31225,0.3182,0.32786,0.3176,0.30001,0.28245,0.31347,0.31342,0.30313
0.10448,0.43562,0.34161,0.61555,0.53685,0.25901,0.35447,0.24853,0.22792,0.19827,0.12946,0.26485,0.033276,0.25879,0.2333,0.085961,0.26939,0.3587,0.33485,0.3902,0.29536,0.12407,0.16101,0.055596,0.29451,0.26508,0.37761,0.33624,0.059006,0.28187,0.41589,0.44208,0.453,0.44936,0.44874,0.47443,0.45854,0.50983,0.49169,0.5108,0.50073,0.50173,0.50174,0.49855,0.49581,0.49955,0.50115,0.50054,0.49803,0.49722,0.4975,0.50071,0.50078,0.50626,0.51157,0.51635,0.51905,0.52533,0.52349,0.52676,0.51806,0.49724,0.49405,0.49359
