0.15556,0.085315,0.17316,0.052579,0.21513,0.081662,0.18882,0.098321,0.32633,0.16762,0.096091,0.12039,0.21452,0.045612,0.050757,0.13213,0.099117,0.098566,0.1325,0.062327,0.17616,0.087104,0.073001,0.091563,0.006992,0.068333,0.012296,0.071511,0.050602,0.21127,0.12566,0.13566,0.16932,0.052447,0.079309,0.078667,0.10989,0.12221,0.058357,0.082729,0.081817,0.076389,0.074558,0.073002,0.075223,0.07061,0.070421,0.068325,0.066358,0.06984,0.068084,0.066111,0.053522,0.067003,0.062029,0.058181,0.075276,0.054928,0.047239,0.039268,0.063976,0.049873,0.037651,0.030072
0.044444,0.11129,0.21686,0.14507,0.12589,0.13601,0.22634,0.16198,0.23385,0.14338,0.17574,0.075673,0.271,0.033168,0.094705,0.078441,0.15365,0.12542,0.063372,0.091011,0.058375,0.14972,0.14222,0.096977,0.037501,0.074059,0.12698,0.059963,0.21467,0.040927,0.12346,0.12565,0.26238,0.089301,0.10798,0.11975,0.070513,0.16964,0.16219,0.16484,0.16,0.15232,0.15119,0.15126,0.14569,0.14315,0.13993,0.13719,0.14783,0.12731,0.12324,0.11807,0.097193,0.11319,0.10546,0.098909,0.084972,0.085821,0.080558,0.071569,0.080498,0.06942,0.062299,0.064367
0.044444,0.016356,0.23783,0.055196,0.09959,0.15872,0.076611,0.14171,0.10742,0.064722,0.144,0.10592,0.074994,0.025662,0.08265,0.078615,0.05506,0.14825,0.080208,0.079784,0.044265,0.097647,0.096855,0.12983,0.17897,0.033653,0.061643,0.091853,0.062799,0.059778,0.056379,0.083053,0.32934,0.046591,0.078705,0.093518,0.041099,0.087143,0.072227,0.076485,0.081866,0.051732,0.051452,0.053182,0.052836,0.050854,0.050103,0.047771,0.034903,0.047372,0.044574,0.041373,0.017899,0.038731,0.036572,0.035452,0.020576,0.032247,0.029801,0.025517,0.059944,0.028783,0.024795,0.022989
0.17778,0.17611,0.13158,0.092062,0.082975,0.08896,0.11799,0.12444,0.26358,0.038666,0.060668,0.043058,0.17554,0.1022,0.11549,0.066012,0.10007,0.069616,0.11359,0.1785,0.15843,0.089827,0.070484,0.043908,0.024503,0.0049346,0.16109,0.081455,0.16723,0.14241,0.018018,0.1386,0.42748,0.039014,0.056713,0.053612,0.051244,0.07826,0.044756,0.043344,0.041709,0.038016,0.035468,0.033816,0.035398,0.029819,0.027995,0.02597,0.031223,0.020612,0.020084,0.018525,0.015716,0.016095,0.014198,0.013214,0.017951,0.0076739,0.0078749,0.0080616,0.02201,0.0024908,0.0035177,0.0017102
0,0.083122,0.023872,0.045972,0.082126,0.093757,0.10515,0.07895,0.16282,0.12527,0.10494,0.033221,0.072424,0.093518,0.044753,0.086701,0.077227,0.048303,0.085748,0.1631,0.11305,0.1255,0.1528,0.16779,0.11286,0.0886,0.082418,0.26045,0.14377,0.12603,0.01023,0.039359,0.38078,0.034161,0.025167,0.031646,0.066838,0.038796,0.069647,0.067412,0.075306,0.071452,0.074144,0.075754,0.078294,0.077877,0.080602,0.078747,0.084307,0.07959,0.079187,0.077394,0.048459,0.086378,0.088294,0.088963,0.086449,0.080106,0.079032,0.077656,0.03993,0.099244,0.10587,0.091376
0.022222,0.098018,0.093374,0.081955,0.054996,0.12721,0.086288,0.038199,0.072866,0.14704,0.12465,0.048024,0.060882,0.15029,0.037273,0.054807,0.21962,0.06459,0.122,0.19095,0.039626,0.1428,0.11965,0.15802,0.16971,0.091362,0.13716,0.19297,0.089029,0.098036,0.065486,0.043343,0.26915,0.092276,0.11514,0.13308,0.10553,0.1123,0.12415,0.12964,0.13737,0.1338,0.13605,0.13736,0.14203,0.14068,0.1428,0.14324,0.13601,0.14543,0.14662,0.14791,0.14121,0.14334,0.14528,0.14463,0.15703,0.15051,0.15212,0.15798,0.10823,0.13824,0.14329,0.1443
0.11111,0.10881,0.11412,0.077756,0.089741,0.099109,0.16536,0.042833,0.3469,0.051036,0.046774,0.13209,0.32072,0.052047,0.025203,0.084321,0.23108,0.036598,0.061205,0.053433,0.064823,0.093581,0.099789,0.12944,0.12681,0.13269,0.2262,0.066868,0.13049,0.034177,0.014135,0.017232,0.16716,0.032716,0.021304,0.039375,0.065358,0.020219,0.056987,0.052476,0.046891,0.050357,0.045982,0.042523,0.056429,0.033447,0.035286,0.033876,0.052403,0.034095,0.033722,0.031469,0.027125,0.0322,0.030458,0.029776,0.019073,0.024296,0.021903,0.024009,0.012665,0.014994,0.0089946,0.0070405
0.066667,0.12722,0.085607,0.10957,0.1531,0.13879,0.16005,0.16228,0.34505,0.050288,0.16442,0.1005,0.061,0.051919,0.13171,0.051097,0.06398,0.050591,0.094518,0.17356,0.12459,0.14357,0.1391,0.092338,0.1298,0.13835,0.058894,0.11151,0.14022,0.14105,0.20602,0.11161,0.018957,0.14659,0.14781,0.14646,0.077112,0.15553,0.15975,0.15676,0.16294,0.15899,0.15679,0.15545,0.1362,0.15374,0.1434,0.1345,0.12792,0.12294,0.12024,0.11718,0.10891,0.11356,0.11173,0.11163,0.086761,0.099461,0.099415,0.09272,0.070158,0.10125,0.10104,0.10801
0,0.17058,0.05409,0.071859,0.11646,0.12812,0.12972,0.033895,0.23121,0.027149,0.092245,0.11017,0.11025,0.12519,0.071496,0.13191,0.14896,0.024626,0.19134,0.060519,0.094191,0.14207,0.18874,0.12524,0.11307,0.068626,0.10904,0.028159,0.012381,0.14107,0.20378,0.080394,0.071336,0.1879,0.19441,0.20448,0.14423,0.22437,0.21086,0.20961,0.21065,0.21242,0.21443,0.2158,0.21595,0.21908,0.22087,0.22168,0.21443,0.22314,0.22609,0.22745,0.22143,0.22782,0.22864,0.22944,0.21189,0.23198,0.23237,0.23059,0.19969,0.23112,0.22539,0.22326
0.088889,0.16689,0.10536,0.029087,0.07108,0.034939,0.098075,0.055881,0.19125,0.068445,0.12887,0.099094,0.093095,0.055795,0.053145,0.19445,0.10787,0.011428,0.18525,0.08821,0.074846,0.14697,0.019089,0.099206,0.16908,0.11175,0.010522,0.048626,0.068073,0.13143,0.026608,0.087553,0.3262,0.017917,0.023746,0.033924,0.12627,0.025534,0.029159,0.032056,0.02566,0.031355,0.031071,0.032351,0.038487,0.037012,0.039734,0.039226,0.036868,0.03893,0.037117,0.035115,0.049543,0.033887,0.031984,0.033443,0.015595,0.022863,0.028956,0.038167,0.042821,0.0051172,0.0017773,0.0038248
0.11111,0.21709,0.082328,0.10828,0.11937,0.04266,0.10755,0.063991,0.21079,0.14503,0.032039,0.06957,0.27353,0.11544,0.098555,0.0511,0.074214,0.13131,0.1679,0.17073,0.12953,0.15061,0.057123,0.071708,0.20329,0.077806,0.065998,0.041747,0.13281,0.060831,0.073842,0.037692,0.47326,0.12051,0.12001,0.11663,0.10956,0.13057,0.12375,0.11538,0.11668,0.10635,0.10324,0.1011,0.095607,0.094124,0.093158,0.090799,0.10076,0.087553,0.085662,0.08469,0.068693,0.083552,0.080242,0.08102,0.096165,0.079161,0.075023,0.065693,0.11008,0.08627,0.088994,0.068189
0.11111,0.16677,0.090278,0.050006,0.20932,0.12605,0.036434,0.085251,0.22245,0.14305,0.18048,0.10399,0.11742,0.057866,0.090503,0.17764,0.13343,0.093762,0.11148,0.080788,0.11961,0.086231,0.11574,0.018962,0.13115,0.08532,0.0915,0.071744,0.016077,0.08626,0.070775,0.069672,0.42312,0.026039,0.021538,0.01726,0.11707,0.041551,0.028283,0.017635,0.022374,0.025733,0.027687,0.03068,0.026998,0.032099,0.033743,0.0357,0.029454,0.037642,0.038874,0.038835,0.047407,0.04509,0.045435,0.045019,0.032376,0.047903,0.051212,0.053788,0.039918,0.043379,0.045296,0.047205
0.22222,0.22952,0.08632,0.091012,0.16601,0.10503,0.067034,0.12571,0.19504,0.05008,0.092646,0.18619,0.25089,0.080619,0.15437,0.13602,0.16227,0.2054,0.17498,0.034871,0.078925,0.18608,0.18572,0.16208,0.064137,0.043879,0.14931,0.16197,0.12559,0.17328,0.14933,0.18358,0.1001,0.15911,0.16712,0.1793,0.22794,0.16366,0.18286,0.18162,0.18453,0.18987,0.19152,0.19366,0.19709,0.19525,0.19607,0.19796,0.20202,0.19978,0.20362,0.20474,0.20723,0.21327,0.21176,0.21159,0.22436,0.21496,0.21416,0.20758,0.19678,0.22206,0.22417,0.22314
0.24444,0.43674,0.16439,0.13181,0.34783,0.12399,0.072882,0.17343,0.19767,0.050588,0.057698,0.068485,0.35377,0.23301,0.19278,0.13048,0.24215,0.1085,0.13815,0.075699,0.091571,0.3274,0.28195,0.32936,0.14567,0.10318,0.12133,0.16236,0.094089,0.15763,0.24828,0.18177,0.28282,0.31769,0.34785,0.35234,0.33888,0.35113,0.3832,0.39496,0.39318,0.40688,0.41162,0.41598,0.41958,0.42384,0.42583,0.42826,0.42922,0.42379,0.42741,0.41696,0.42518,0.42566,0.42243,0.41897,0.4431,0.42334,0.42299,0.42355,0.39063,0.42358,0.42585,0.4219
0.022222,0.80444,0.69409,0.40538,0.81356,0.48556,0.38201,0.36643,0.39596,0.2145,0.29789,0.27958,0.59682,0.056432,0.10119,0.11242,0.22127,0.19494,0.13285,0.12866,0.069743,0.071199,0.20709,0.092474,0.13112,0.056475,0.12526,0.048529,0.11045,0.097699,0.18327,0.19148,0.10311,0.23699,0.22569,0.22922,0.20908,0.21469,0.27879,0.29608,0.30163,0.3138,0.32627,0.3328,0.33252,0.34282,0.34886,0.35103,0.35018,0.35723,0.36139,0.36457,0.3623,0.37181,0.37564,0.37873,0.37684,0.38216,0.38497,0.38687,0.34069,0.39357,0.39479,0.39794
0.2,0.35064,0.31713,0.22531,0.35625,0.074121,0.14241,0.17198,0.099448,0.13272,0.068845,0.15805,0.37886,0.052578,0.10025,0.084883,0.14357,0.10065,0.103,0.038591,0.16573,0.15384,0.046535,0.10274,0.14672,0.081987,0.031497,0.093428,0.11625,0.13075,0.024416,0.16245,0.055803,0.14737,0.11236,0.10209,0.2123,0.12477,0.093031,0.0943,0.09804,0.10022,0.099401,0.098845,0.08364,0.078671,0.077367,0.078731,0.083404,0.079179,0.078533,0.079861,0.087,0.079152,0.079381,0.082146,0.081262,0.079947,0.079647,0.078988,0.072406,0.081406,0.08292,0.087444
0.044444,0.26771,0.019117,0.098799,0.23089,0.10814,0.091587,0.23324,0.15202,0.17096,0.18507,0.10066,0.45158,0.2232,0.24256,0.14087,0.20371,0.02148,0.13606,0.025222,0.23082,0.10421,0.11422,0.22021,0.098526,0.13999,0.19832,0.15338,0.020525,0.21914,0.23057,0.13363,0.37485,0.23555,0.25762,0.25396,0.28162,0.28976,0.28102,0.28505,0.30734,0.29462,0.29916,0.30241,0.29617,0.30409,0.30634,0.30832,0.29295,0.30933,0.31111,0.312,0.30243,0.3065,0.30774,0.30852,0.27344,0.32463,0.30733,0.30551,0.28876,0.30702,0.30863,0.33223
0.13333,0.21609,0.047879,0.064254,0.1163,0.006189,0.076941,0.14073,0.20898,0.090204,0.18949,0.080474,0.42531,0.18459,0.23991,0.15857,0.1018,0.21684,0.19364,0.11278,0.059014,0.061268,0.19568,0.19702,0.19446,0.023319,0.18136,0.15076,0.038957,0.2017,0.24405,0.22431,0.28002,0.28469,0.28663,0.26036,0.23229,0.30072,0.27949,0.25417,0.27007,0.26124,0.26484,0.26588,0.26996,0.2663,0.26619,0.26589,0.27381,0.26601,0.26556,0.26354,0.26985,0.26366,0.26243,0.25722,0.22813,0.26618,0.26301,0.2786,0.30369,0.26687,0.2671,0.2651
0.17778,0.19138,0.20809,0.13451,0.15331,0.06795,0.09016,0.035646,0.31787,0.093043,0.13296,0.055026,0.37793,0.095059,0.068731,0.073504,0.094803,0.16734,0.13803,0.060192,0.1005,0.12011,0.18905,0.11384,0.059713,0.076476,0.11216,0.098148,0.064555,0.20151,0.16795,0.15616,0.54034,0.2164,0.2193,0.22058,0.16523,0.22594,0.22819,0.22504,0.23026,0.23033,0.23127,0.23218,0.2325,0.23318,0.23344,0.23476,0.23223,0.23532,0.23606,0.23624,0.24,0.23829,0.2393,0.23837,0.22454,0.24255,0.24299,0.24538,0.27296,0.23975,0.24354,0.24506
0.26667,0.39608,0.094893,0.11075,0.50619,0.034166,0.10154,0.085866,0.44292,0.20896,0.20986,0.091923,0.6189,0.12087,0.11907,0.084428,0.43199,0.18142,0.15687,0.014619,0.18312,0.17306,0.21141,0.19715,0.063334,0.25595,0.28012,0.15555,0.29042,0.3146,0.2237,0.30187,0.49331,0.32243,0.32969,0.33987,0.2685,0.36733,0.35623,0.36162,0.37008,0.36099,0.36209,0.37425,0.38318,0.38209,0.38165,0.38146,0.38013,0.38136,0.38072,0.38021,0.38537,0.3805,0.37983,0.37914,0.35931,0.37863,0.37618,0.36804,0.40082,0.37913,0.38165,0.37719
0.13333,0.32347,0.28526,0.10383,0.58919,0.07035,0.0084222,0.02731,0.35882,0.063748,0.06331,0.20597,0.66598,0.016192,0.083802,0.1078,0.45817,0.10688,0.085071,0.071027,0.12842,0.089025,0.1075,0.041683,0.053616,0.16036,0.16501,0.0741,0.22203,0.056125,0.10896,0.046797,0.13918,0.028976,0.021985,0.020453,0.040181,0.025634,0.016141,0.011554,0.022745,0.013827,0.014728,0.015456,0.029067,0.016064,0.014166,0.015198,0.034846,0.015849,0.016109,0.017149,0.016116,0.015062,0.020606,0.021241,0.010895,0.018969,0.015697,0.012027,0.036987,0.020459,0.015539,0.019054
0.37778,0.62772,0.38827,0.23492,0.6697,0.10762,0.049603,0.10377,0.6057,0.24281,0.15123,0.16425,0.69258,0.18243,0.18436,0.20297,0.40877,0.3216,0.31778,0.18081,0.060584,0.26403,0.30015,0.29262,0.1707,0.072169,0.084173,0.2007,0.097872,0.18441,0.25618,0.18901,0.22677,0.33973,0.35825,0.36125,0.24072,0.375,0.39389,0.39867,0.40068,0.40306,0.40518,0.40735,0.40424,0.40851,0.40986,0.41393,0.42506,0.42089,0.42234,0.42359,0.42076,0.4248,0.42597,0.42657,0.42927,0.42893,0.42945,0.42719,0.4267,0.43598,0.44029,0.436
0.64444,0.80112,0.47496,0.26488,0.77535,0.19703,0.19355,0.23124,0.62404,0.24099,0.19261,0.16382,0.64152,0.31992,0.25822,0.29011,0.28792,0.27403,0.35193,0.17253,0.13721,0.3483,0.36887,0.35562,0.20375,0.17364,0.19201,0.28307,0.17458,0.31786,0.31423,0.36172,0.12887,0.43036,0.44786,0.45683,0.29858,0.455,0.47185,0.475,0.4788,0.49034,0.49474,0.49865,0.50222,0.50892,0.51472,0.51693,0.51398,0.5307,0.52394,0.52526,0.51233,0.53072,0.53391,0.53374,0.5498,0.53336,0.53706,0.52422,0.51918,0.54135,0.53703,0.5326
0.44444,0.8809,0.62221,0.29227,0.85396,0.24092,0.40416,0.30169,0.55123,0.31844,0.25635,0.19158,0.51991,0.35274,0.38197,0.24621,0.074586,0.26006,0.29204,0.18174,0.1235,0.32652,0.34695,0.34954,0.10314,0.18,0.27671,0.17765,0.1706,0.28205,0.47521,0.52384,0.19512,0.64346,0.68839,0.7027,0.51638,0.71002,0.727,0.74476,0.74481,0.76691,0.76978,0.76969,0.7772,0.77234,0.77284,0.77169,0.76793,0.77111,0.77031,0.7723,0.7887,0.77275,0.77358,0.77425,0.78454,0.77502,0.77576,0.77477,0.77569,0.77726,0.77759,0.77754
0.73333,0.76136,0.3716,0.13881,0.76841,0.22641,0.12924,0.28996,0.75079,0.28124,0.27313,0.1269,0.8264,0.39272,0.44339,0.33622,0.37998,0.24999,0.32333,0.22719,0.11253,0.33717,0.36939,0.38063,0.22033,0.26911,0.33352,0.3117,0.097926,0.50458,0.43486,0.46157,0.20308,0.60787,0.6131,0.61674,0.41845,0.62098,0.62455,0.62365,0.62752,0.62712,0.62656,0.62704,0.62605,0.6249,0.62338,0.62204,0.62387,0.61982,0.61713,0.61572,0.62678,0.61274,0.61073,0.60912,0.61608,0.6012,0.59858,0.59072,0.60189,0.60129,0.60499,0.58024
0.24444,0.24456,0.31749,0.02414,0.61217,0.075523,0.24804,0.19031,0.63423,0.092254,0.056223,0.15194,0.60327,0.099604,0.055677,0.14687,0.3657,0.14101,0.12418,0.06675,0.090463,0.049948,0.099779,0.10035,0.061564,0.083777,0.065153,0.060139,0.15346,0.068768,0.043977,0.015326,0.25909,0.044475,0.014972,0.029509,0.044614,0.024593,0.013269,0.020352,0.026883,0.020862,0.020261,0.019424,0.015671,0.018767,0.018105,0.018475,0.018493,0.017984,0.017454,0.019034,0.0060812,0.017522,0.018631,0.019494,0.016925,0.016394,0.019223,0.021412,0.053918,0.023848,0.023485,0.022568
0.37778,0.56516,0.34712,0.12324,0.37992,0.29255,0.39103,0.44594,0.70825,0.083752,0.2453,0.32475,0.81116,0.1373,0.046255,0.059297,0.25733,0.073423,0.076168,0.053284,0.10718,0.098053,0.13919,0.13847,0.070849,0.074528,0.10291,0.17151,0.022316,0.096357,0.052129,0.12974,0.40551,0.11199,0.097347,0.10388,0.084724,0.096652,0.11544,0.12411,0.12532,0.13167,0.13369,0.13447,0.13627,0.13962,0.14036,0.14332,0.1477,0.1463,0.14853,0.14983,0.14764,0.14884,0.15223,0.15395,0.18452,0.15239,0.15452,0.17049,0.17894,0.1565,0.17509,0.15372
0.022222,0.93661,0.86758,0.66711,0.92674,0.63787,0.70643,0.73169,0.4515,0.42617,0.52986,0.49714,0.71472,0.44473,0.52442,0.34569,0.26772,0.32839,0.55324,0.29403,0.21671,0.36414,0.47963,0.36637,0.075382,0.26919,0.30215,0.28186,0.18448,0.43662,0.60169,0.67928,0.08858,0.82868,0.84704,0.83902,0.76787,0.87501,0.8836,0.88712,0.89091,0.88975,0.89261,0.89396,0.89521,0.89656,0.89779,0.89865,0.90271,0.89894,0.90122,0.90287,0.89524,0.90382,0.90485,0.90608,0.89246,0.90655,0.90806,0.90845,0.88708,0.90986,0.9107,0.91109
0.088889,0.80467,0.58457,0.26754,0.69019,0.42257,0.57172,0.52026,0.57574,0.31896,0.49747,0.51845,0.8638,0.39117,0.46309,0.46952,0.3955,0.28827,0.40552,0.28236,0.030539,0.38933,0.53558,0.47612,0.11788,0.38713,0.46427,0.3921,0.32637,0.48748,0.59498,0.62366,0.24992,0.6927,0.70316,0.70019,0.66527,0.71069,0.71105,0.71199,0.71051,0.7121,0.71373,0.71398,0.71643,0.7173,0.71833,0.71873,0.72083,0.72023,0.72109,0.72178,0.7201,0.72371,0.72449,0.72439,0.73111,0.72506,0.72587,0.72669,0.71398,0.73008,0.73022,0.73327
0.33333,0.54008,0.22263,0.1801,0.58386,0.17537,0.29938,0.17702,0.40235,0.25634,0.27231,0.28814,0.6158,0.34387,0.31524,0.27874,0.22782,0.26613,0.31885,0.24838,0.13041,0.33231,0.3842,0.42499,0.063339,0.20401,0.35565,0.15774,0.17593,0.3903,0.38786,0.4578,0.42229,0.48246,0.52437,0.54058,0.44611,0.51867,0.53551,0.55743,0.57232,0.57219,0.57548,0.57887,0.57646,0.58389,0.58631,0.58751,0.59413,0.59053,0.59201,0.5945,0.59629,0.59632,0.59701,0.59591,0.582,0.59712,0.59873,0.597,0.57723,0.59944,0.59919,0.59996
0.51111,0.57982,0.23331,0.25365,0.46273,0.027157,0.17309,0.1418,0.66954,0.38841,0.29644,0.1739,0.53342,0.1607,0.17822,0.27667,0.44883,0.26789,0.34624,0.17309,0.19869,0.28813,0.38609,0.27681,0.13897,0.33008,0.32043,0.22605,0.12071,0.39902,0.37047,0.4042,0.56659,0.4356,0.44583,0.44099,0.40825,0.45514,0.47201,0.47176,0.47903,0.47763,0.47837,0.47989,0.48169,0.48044,0.4797,0.48075,0.4818,0.48017,0.47915,0.47916,0.47086,0.47737,0.4771,0.47657,0.46705,0.47035,0.46558,0.44199,0.48235,0.46842,0.46682,0.46875
0.48889,0.40192,0.21511,0.17198,0.31616,0.022365,0.14535,0.088213,0.42314,0.17966,0.12224,0.20525,0.1792,0.095865,0.087585,0.040316,0.15045,0.14596,0.13158,0.08273,0.082615,0.10105,0.2165,0.040211,0.15582,0.07653,0.090219,0.14879,0.16237,0.13666,0.21125,0.14097,0.56961,0.13562,0.16072,0.1722,0.15174,0.18337,0.20128,0.19247,0.19316,0.20317,0.2067,0.20978,0.21753,0.21437,0.21528,0.21853,0.22223,0.22217,0.22177,0.22329,0.22132,0.22566,0.22619,0.2295,0.2298,0.22528,0.22546,0.21855,0.20613,0.22479,0.22216,0.22231
0.2,0.16189,0.077293,0.052893,0.23747,0.063547,0.049488,0.035788,0.26014,0.079805,0.16681,0.10177,0.10966,0.078837,0.10119,0.097607,0.030913,0.038161,0.12547,0.052697,0.11843,0.089059,0.039264,0.16296,0.11285,0.1041,0.12657,0.061661,0.12303,0.19084,0.10041,0.16395,0.23324,0.10112,0.10182,0.11823,0.038323,0.095194,0.09598,0.076502,0.070255,0.079462,0.080754,0.083066,0.07867,0.084749,0.086916,0.08682,0.090621,0.089452,0.08888,0.089774,0.088785,0.092876,0.092851,0.092505,0.10461,0.093122,0.093016,0.093223,0.14919,0.099235,0.098592,0.095215
0.35556,0.29231,0.062976,0.094262,0.33792,0.13121,0.060938,0.051413,0.2902,0.039986,0.15304,0.025397,0.21456,0.04706,0.19194,0.15538,0.06173,0.11219,0.10208,0.1608,0.030369,0.1301,0.011989,0.092408,0.048375,0.087114,0.13664,0.13952,0.1762,0.12546,0.01857,0.078604,0.21838,0.11624,0.082717,0.07316,0.13336,0.10214,0.093399,0.084078,0.081789,0.08336,0.082185,0.08318,0.085858,0.080726,0.081359,0.08291,0.081388,0.079791,0.078156,0.075669,0.10154,0.079804,0.079072,0.081352,0.10055,0.071831,0.069828,0.0696,0.10603,0.069804,0.068581,0.069045
0.11111,0.29031,0.1246,0.26298,0.37069,0.19941,0.03467,0.063023,0.22061,0.19576,0.10904,0.043472,0.15756,0.057033,0.14501,0.1517,0.013685,0.05562,0.090313,0.11305,0.12448,0.089237,0.045763,0.064548,0.10119,0.037377,0.044673,0.20835,0.0881,0.17292,0.058299,0.1562,0.079665,0.11648,0.094649,0.088179,0.1528,0.086595,0.078887,0.073493,0.063176,0.064303,0.060269,0.058272,0.058151,0.052002,0.048887,0.047454,0.041693,0.045158,0.042833,0.041307,0.069565,0.035024,0.033821,0.033443,0.035515,0.030874,0.025339,0.024636,0.032098,0.029584,0.024511,0.021768
0.33333,0.10156,0.045755,0.049418,0.244,0.038429,0.11168,0.045302,0.040905,0.050493,0.022191,0.1101,0.058962,0.15288,0.12633,0.058969,0.051718,0.10805,0.086925,0.14111,0.048382,0.12187,0.036676,0.060936,0.047956,0.068518,0.12184,0.12108,0.11521,0.097805,0.1482,0.054266,0.24211,0.041788,0.030787,0.031449,0.14597,0.03484,0.031264,0.031806,0.033195,0.033174,0.034526,0.035222,0.030031,0.034809,0.036636,0.036314,0.032942,0.036644,0.037272,0.036896,0.03501,0.037629,0.036642,0.037185,0.029721,0.032047,0.031361,0.033365,0.021029,0.027238,0.021693,0.022807
0.066667,0.045719,0.11683,0.11339,0.054827,0.099528,0.091513,0.060691,0.14177,0.15936,0.15245,0.10951,0.09327,0.038377,0.097565,0.083149,0.062838,0.01661,0.093779,0.12575,0.17513,0.064559,0.053411,0.14,0.17261,0.097798,0.085949,0.068681,0.18411,0.051807,0.058624,0.067638,0.29941,0.051307,0.095685,0.11229,0.046281,0.13584,0.14854,0.15881,0.15521,0.17081,0.17815,0.18657,0.18111,0.19179,0.19554,0.19951,0.20401,0.20316,0.2046,0.20572,0.18959,0.20827,0.20823,0.20917,0.2055,0.20901,0.20814,0.20656,0.19029,0.20423,0.2028,0.20046
0.26667,0.21053,0.161,0.26479,0.21731,0.19693,0.041232,0.039893,0.32552,0.019886,0.088501,0.11629,0.15459,0.08122,0.017392,0.04937,0.074074,0.055936,0.016847,0.086175,0.067828,0.20044,0.075573,0.093792,0.059802,0.11403,0.041869,0.029094,0.11176,0.12199,0.099881,0.11471,0.31667,0.064445,0.080094,0.078845,0.057358,0.087401,0.055636,0.061468,0.061168,0.052428,0.047749,0.045419,0.045744,0.040144,0.037675,0.035356,0.038069,0.030371,0.027772,0.026902,0.024165,0.02422,0.021642,0.01484,0.033415,0.026108,0.02887,0.028474,0.043887,0.019331,0.0047636,0.021294
0.24444,0.22271,0.12668,0.20918,0.16928,0.0653,0.098985,0.099187,0.18085,0.077061,0.084302,0.14302,0.11872,0.11468,0.064963,0.080399,0.059607,0.11527,0.099067,0.099174,0.1127,0.12093,0.026644,0.1435,0.084293,0.067178,0.13438,0.077903,0.10304,0.11301,0.13732,0.11175,0.42083,0.15878,0.14955,0.15174,0.12076,0.16458,0.16852,0.1718,0.16686,0.17244,0.17078,0.1706,0.16955,0.16976,0.17017,0.17087,0.17155,0.16854,0.16893,0.16884,0.1775,0.16997,0.16924,0.16626,0.15906,0.17217,0.17171,0.17599,0.1777,0.17185,0.17134,0.17485
0.022222,0.1617,0.11542,0.097577,0.18589,0.053866,0.094423,0.082231,0.070862,0.10594,0.11468,0.072209,0.1128,0.17065,0.15444,0.049915,0.041704,0.099446,0.15883,0.10203,0.051258,0.11249,0.16098,0.071318,0.094429,0.20656,0.063544,0.086227,0.11276,0.097104,0.21923,0.23379,0.2424,0.23631,0.25093,0.24746,0.146,0.21967,0.21619,0.24532,0.22913,0.25031,0.25593,0.25465,0.24068,0.25176,0.25218,0.24891,0.23208,0.2423,0.2393,0.23566,0.22945,0.23536,0.23028,0.22594,0.23277,0.22304,0.21908,0.21332,0.23535,0.19204,0.1958,0.17992
0.022222,0.13918,0.039569,0.19376,0.13334,0.045927,0.084394,0.065533,0.1583,0.12304,0.10562,0.13347,0.18249,0.099808,0.17865,0.13783,0.055192,0.048377,0.093156,0.080219,0.037483,0.083155,0.067575,0.10766,0.12256,0.18351,0.060976,0.080993,0.094859,0.040247,0.13987,0.098507,0.066725,0.11894,0.10588,0.10291,0.12066,0.1068,0.10437,0.11761,0.11033,0.11072,0.11062,0.11017,0.11818,0.10846,0.11124,0.11125,0.099229,0.11679,0.11546,0.11539,0.11244,0.1112,0.11436,0.11205,0.11262,0.11091,0.11021,0.11234,0.13134,0.11808,0.11665,0.10885
0.22222,0.14693,0.13831,0.22832,0.2836,0.13904,0.083568,0.092773,0.2551,0.057227,0.1411,0.12806,0.24037,0.03303,0.16873,0.18903,0.090965,0.090613,0.091533,0.12804,0.097566,0.098501,0.095185,0.076808,0.17487,0.16137,0.10565,0.11101,0.07859,0.1208,0.084104,0.16002,0.1658,0.11093,0.14873,0.16191,0.13699,0.17371,0.17836,0.17213,0.17943,0.17204,0.17154,0.17008,0.16739,0.16698,0.1658,0.16314,0.1607,0.16125,0.15625,0.15257,0.16791,0.15346,0.14819,0.14552,0.15345,0.14579,0.14391,0.14443,0.15113,0.15453,0.15419,0.15512
0.51111,0.2313,0.092273,0.080017,0.14402,0.042025,0.10732,0.077205,0.17951,0.13831,0.15442,0.099378,0.17533,0.070451,0.095402,0.11937,0.098589,0.06222,0.072352,0.11316,0.15382,0.02151,0.058714,0.057774,0.12749,0.029815,0.09079,0.019632,0.0078028,0.064552,0.099038,0.087646,0.11254,0.034436,0.023435,0.045549,0.15445,0.071947,0.043897,0.033645,0.038031,0.034637,0.031249,0.026981,0.016986,0.026605,0.023695,0.02095,0.012079,0.018791,0.015666,0.011678,0.032038,0.010324,0.0094382,0.0077178,0.013923,0.0068622,0.0075381,0.011131,0.050394,0.0067519,0.0019901,0.0032313
0.088889,0.15776,0.07087,0.094417,0.11058,0.095686,0.11268,0.10429,0.12397,0.16068,0.15576,0.054474,0.18544,0.08798,0.15302,0.13867,0.033826,0.16736,0.087796,0.016922,0.17273,0.077359,0.05496,0.16571,0.067754,0.073887,0.075299,0.084361,0.089291,0.059103,0.084121,0.026496,0.067006,0.16464,0.17714,0.16935,0.14241,0.15971,0.15489,0.16064,0.16082,0.16841,0.17136,0.17431,0.17904,0.1777,0.18046,0.1814,0.18855,0.18484,0.18573,0.18615,0.18753,0.19055,0.1897,0.18931,0.17879,0.18852,0.18736,0.1845,0.22638,0.18906,0.18588,0.17892
0.022222,0.13787,0.093149,0.14505,0.054266,0.13475,0.11694,0.055545,0.16332,0.070167,0.056265,0.068347,0.074303,0.093675,0.085542,0.043709,0.060302,0.15165,0.041705,0.13951,0.037919,0.17085,0.19347,0.087072,0.15281,0.062007,0.094294,0.10294,0.22315,0.13179,0.074327,0.11694,0.045854,0.077171,0.081603,0.079603,0.091474,0.08482,0.076691,0.085992,0.097319,0.09835,0.10158,0.10354,0.11112,0.10892,0.10999,0.11101,0.11594,0.11349,0.11401,0.11498,0.12085,0.11658,0.11647,0.11642,0.11668,0.11637,0.1161,0.11733,0.085681,0.11503,0.11569,0.11115
0.066667,0.12908,0.090032,0.11337,0.13116,0.088304,0.13619,0.040205,0.1154,0.033819,0.090088,0.14145,0.018119,0.13967,0.0562,0.106,0.046554,0.094609,0.055275,0.12398,0.05088,0.12154,0.054537,0.082136,0.11738,0.065438,0.044933,0.12313,0.15181,0.022462,0.093806,0.11053,0.50432,0.034974,0.053038,0.057602,0.038824,0.054154,0.044067,0.046573,0.050231,0.069114,0.070238,0.070871,0.069248,0.07194,0.072611,0.073177,0.075112,0.07445,0.075219,0.075479,0.073866,0.077234,0.078499,0.078957,0.074143,0.08147,0.08224,0.083045,0.071008,0.085966,0.086271,0.088271
0.2,0.14506,0.085566,0.23266,0.054008,0.047275,0.059008,0.10214,0.2183,0.037464,0.041433,0.068662,0.16708,0.087791,0.02578,0.07586,0.042078,0.028252,0.044652,0.082399,0.091744,0.25515,0.03626,0.08424,0.078827,0.10143,0.11761,0.066977,0.035738,0.087122,0.078618,0.088528,0.51796,0.10757,0.13136,0.13961,0.13011,0.12577,0.1303,0.12576,0.12018,0.12142,0.11926,0.11754,0.11556,0.11362,0.11244,0.11095,0.11945,0.10838,0.10565,0.097981,0.098028,0.09674,0.083102,0.083058,0.072315,0.091638,0.080169,0.090213,0.10129,0.084316,0.082911,0.086846
0.22222,0.29477,0.10567,0.14356,0.083096,0.030432,0.20427,0.078084,0.29927,0.064421,0.065424,0.062121,0.068403,0.010395,0.073289,0.17518,0.11844,0.10225,0.12595,0.08156,0.089315,0.088932,0.14108,0.068312,0.10929,0.090183,0.048832,0.057873,0.027975,0.12095,0.045328,0.030218,0.53125,0.036822,0.027762,0.041936,0.079604,0.026935,0.036274,0.038592,0.040975,0.039593,0.039675,0.039656,0.039732,0.040039,0.040885,0.040742,0.043177,0.04102,0.041782,0.042659,0.034361,0.04097,0.042074,0.044629,0.047583,0.041249,0.041311,0.037067,0.043461,0.045938,0.048251,0.044343
0.066667,0.098036,0.04918,0.042479,0.059221,0.068774,0.054604,0.10101,0.22595,0.037036,0.098465,0.13925,0.070108,0.063474,0.063159,0.05615,0.14711,0.13604,0.054351,0.048525,0.099886,0.068418,0.12221,0.1907,0.073955,0.04536,0.070288,0.050028,0.098957,0.12608,0.018132,0.13459,0.58502,0.12885,0.12244,0.1163,0.112,0.10345,0.12212,0.11736,0.10578,0.11866,0.11803,0.1192,0.12089,0.11826,0.11929,0.11861,0.11714,0.11967,0.11971,0.11911,0.11695,0.12013,0.1199,0.11965,0.12745,0.12577,0.11979,0.10469,0.18391,0.13118,0.13237,0.13267
0.26667,0.12165,0.094425,0.021303,0.074822,0.13335,0.030031,0.028257,0.12141,0.011551,0.093216,0.19579,0.14809,0.077132,0.14493,0.045315,0.12577,0.14535,0.11634,0.069046,0.065898,0.19946,0.11579,0.22619,0.12957,0.12896,0.12081,0.086342,0.10645,0.085067,0.068169,0.11357,0.19127,0.13819,0.15467,0.16454,0.1403,0.16766,0.17127,0.1748,0.17963,0.18067,0.18214,0.18386,0.18502,0.18688,0.18811,0.18912,0.18768,0.19123,0.19213,0.19282,0.18859,0.19589,0.19617,0.19709,0.19902,0.19936,0.1995,0.20069,0.20668,0.19901,0.19932,0.19922
0.22222,0.41219,0.27934,0.053973,0.38592,0.25986,0.089381,0.16561,0.24054,0.10055,0.12181,0.15515,0.37251,0.21627,0.14644,0.2296,0.13924,0.19094,0.15121,0.18223,0.08607,0.11008,0.16103,0.26524,0.094017,0.1205,0.12759,0.074627,0.10321,0.2339,0.24961,0.23594,0.081492,0.32488,0.341,0.34268,0.3125,0.36638,0.36304,0.36231,0.3656,0.36648,0.36885,0.36973,0.37363,0.37057,0.37011,0.3698,0.36259,0.36864,0.36853,0.3665,0.36134,0.37132,0.36709,0.3622,0.37543,0.36559,0.36466,0.36461,0.34939,0.35924,0.35786,0.36033
0.48889,0.57096,0.12084,0.14717,0.091458,0.12649,0.14238,0.22408,0.42943,0.17995,0.15737,0.070035,0.32486,0.12032,0.04402,0.1233,0.19858,0.13761,0.12685,0.064964,0.2796,0.019048,0.18576,0.14771,0.15353,0.12269,0.097624,0.042583,0.20136,0.075566,0.088657,0.095702,0.17983,0.14998,0.18013,0.17345,0.13426,0.21815,0.20786,0.23446,0.24745,0.23525,0.24336,0.24332,0.24872,0.2466,0.24669,0.24303,0.22739,0.24788,0.24521,0.24795,0.23518,0.24725,0.24289,0.23411,0.23546,0.2491,0.24821,0.22793,0.24178,0.24792,0.2462,0.24265
0.066667,0.10409,0.14515,0.091359,0.11988,0.12148,0.1147,0.20463,0.21624,0.16094,0.14702,0.16343,0.27061,0.090574,0.11972,0.099356,0.15507,0.08124,0.049303,0.060089,0.16556,0.19369,0.14117,0.16738,0.052189,0.053019,0.11339,0.087451,0.11985,0.07331,0.052642,0.098749,0.27317,0.018547,0.034463,0.019774,0.16992,0.038455,0.042003,0.039701,0.043513,0.044182,0.042385,0.041261,0.03159,0.041211,0.04044,0.040467,0.039308,0.039063,0.037,0.035285,0.048564,0.036538,0.03396,0.031072,0.055821,0.029359,0.027168,0.025326,0.065087,0.024026,0.022411,0.023255
0.22222,0.40287,0.33031,0.15731,0.36938,0.24733,0.086761,0.1968,0.36436,0.034911,0.071261,0.12995,0.26173,0.11321,0.10804,0.090756,0.12489,0.1099,0.15244,0.12205,0.2089,0.027008,0.057979,0.067598,0.039388,0.068879,0.065781,0.04247,0.069187,0.12016,0.15315,0.1705,0.072748,0.21124,0.20771,0.20133,0.047929,0.2206,0.20235,0.19879,0.18919,0.18901,0.18686,0.18432,0.18664,0.18162,0.18012,0.17888,0.17709,0.17528,0.17389,0.17219,0.18263,0.16933,0.16813,0.16612,0.16698,0.16623,0.16511,0.1623,0.15949,0.15766,0.15597,0.15676
0.11111,0.28362,0.27346,0.13954,0.26303,0.14397,0.081586,0.149,0.37516,0.024625,0.15246,0.11645,0.23268,0.016678,0.093023,0.11136,0.13582,0.19773,0.20741,0.22137,0.19395,0.098428,0.11559,0.094017,0.20411,0.10756,0.063433,0.035358,0.087417,0.050924,0.10622,0.080671,0.49631,0.13846,0.13581,0.13169,0.1002,0.16248,0.15092,0.15028,0.14461,0.14695,0.14481,0.14514,0.15385,0.14282,0.14385,0.14509,0.15351,0.14351,0.14359,0.14221,0.17261,0.14922,0.14967,0.15253,0.17325,0.1521,0.15059,0.15433,0.16206,0.15287,0.16028,0.15507
0.35556,0.51426,0.29956,0.18622,0.41119,0.10076,0.096344,0.026835,0.45154,0.20544,0.13374,0.16114,0.2339,0.076665,0.16196,0.16582,0.27749,0.12287,0.20785,0.10392,0.048771,0.18953,0.27022,0.20861,0.11203,0.0779,0.2314,0.13924,0.10796,0.039466,0.18343,0.18099,0.56166,0.25193,0.31012,0.31461,0.27911,0.3217,0.33068,0.33348,0.33377,0.33521,0.33646,0.33736,0.33778,0.33826,0.33798,0.33858,0.3356,0.33798,0.33671,0.33594,0.34689,0.33548,0.33486,0.33677,0.3553,0.32846,0.33264,0.33383,0.36955,0.3346,0.33396,0.33632
0.31111,0.45218,0.092232,0.22577,0.50089,0.033623,0.10486,0.076638,0.51326,0.28546,0.26374,0.16298,0.41919,0.20232,0.2266,0.28837,0.32585,0.15752,0.24409,0.22876,0.16444,0.16146,0.27212,0.20339,0.19945,0.16616,0.12523,0.12353,0.095906,0.21421,0.26623,0.33474,0.54652,0.34349,0.34479,0.33939,0.31433,0.34862,0.37237,0.36318,0.36508,0.36972,0.37118,0.3737,0.37359,0.3769,0.3779,0.37925,0.39215,0.38057,0.38229,0.38352,0.37774,0.38867,0.38888,0.38684,0.39066,0.4027,0.39538,0.39138,0.40829,0.39903,0.40015,0.41961
0.22222,0.53132,0.25545,0.18811,0.66346,0.10495,0.19239,0.043242,0.19777,0.21881,0.30674,0.17827,0.22657,0.18245,0.21607,0.23967,0.34841,0.19067,0.21403,0.16686,0.15603,0.30804,0.24979,0.20574,0.10514,0.31772,0.29394,0.29661,0.17382,0.2511,0.36107,0.38245,0.5656,0.39342,0.41237,0.42681,0.42006,0.44766,0.43751,0.43885,0.44071,0.43838,0.43816,0.43714,0.4425,0.43612,0.43624,0.43501,0.43746,0.43608,0.43572,0.4361,0.44875,0.43643,0.43609,0.43914,0.46688,0.43194,0.43114,0.43475,0.44455,0.42244,0.42255,0.43862
0.73333,0.92823,0.61682,0.45408,0.89021,0.26459,0.35394,0.25645,0.75801,0.5909,0.62869,0.29894,0.66041,0.56163,0.65088,0.61407,0.39173,0.50252,0.6199,0.54388,0.12605,0.52452,0.65176,0.57843,0.061329,0.56015,0.62574,0.48599,0.266,0.54924,0.71906,0.71465,0.20231,0.84257,0.8487,0.85281,0.79702,0.85262,0.85461,0.85483,0.85192,0.85516,0.855,0.85567,0.8543,0.8561,0.85639,0.85754,0.85026,0.85847,0.85818,0.86198,0.86464,0.85729,0.85899,0.86142,0.86569,0.86351,0.84859,0.84762,0.87647,0.86446,0.86688,0.86599
0.73333,0.9431,0.61754,0.42942,0.90287,0.34435,0.40189,0.31373,0.74426,0.54906,0.63961,0.39109,0.70161,0.59567,0.69746,0.57785,0.43966,0.52943,0.66037,0.63682,0.19837,0.48646,0.61338,0.60122,0.048583,0.48401,0.57564,0.41808,0.2643,0.57702,0.73001,0.73115,0.51557,0.85682,0.87889,0.88865,0.76353,0.88887,0.8957,0.89829,0.90254,0.90248,0.90451,0.90684,0.90799,0.90952,0.91091,0.91222,0.91199,0.91479,0.91589,0.9173,0.91799,0.91927,0.92025,0.92082,0.90746,0.92492,0.92431,0.92207,0.90299,0.9315,0.93271,0.93291
0.73333,0.89607,0.61287,0.38208,0.88167,0.3092,0.40407,0.32627,0.65647,0.37801,0.48313,0.4183,0.64378,0.43877,0.50509,0.40873,0.24216,0.34637,0.56603,0.43905,0.13032,0.28451,0.47298,0.30035,0.022695,0.31135,0.41965,0.26219,0.061073,0.47904,0.59909,0.57495,0.26754,0.72978,0.74482,0.73228,0.61825,0.75607,0.75138,0.75295,0.75327,0.75701,0.75867,0.76017,0.76151,0.76426,0.76563,0.76741,0.76714,0.76971,0.77092,0.77173,0.77549,0.77441,0.77467,0.77539,0.77401,0.77625,0.77656,0.77664,0.78285,0.7775,0.77758,0.77784
0.91111,0.9641,0.69025,0.4988,0.92147,0.52635,0.56334,0.3963,0.77539,0.68351,0.65783,0.40861,0.64743,0.76781,0.79354,0.79122,0.50348,0.69302,0.78194,0.70798,0.39707,0.59303,0.74857,0.71607,0.24298,0.61623,0.72199,0.6605,0.22178,0.6916,0.78653,0.82162,0.3445,0.87831,0.88852,0.88941,0.82691,0.89556,0.90274,0.90389,0.90535,0.90531,0.90626,0.90692,0.90798,0.90782,0.90818,0.90867,0.90968,0.90947,0.90978,0.90998,0.90903,0.91042,0.91059,0.91076,0.90891,0.9109,0.91094,0.91091,0.91978,0.91103,0.91106,0.91118
0.68889,0.91698,0.65052,0.40327,0.90197,0.41731,0.32789,0.32136,0.75585,0.46454,0.51364,0.2039,0.65419,0.41521,0.54066,0.55302,0.55807,0.58486,0.60169,0.45365,0.36304,0.38859,0.5029,0.46323,0.3312,0.5027,0.56819,0.48967,0.12727,0.42886,0.68623,0.67797,0.38944,0.77793,0.81209,0.82617,0.71416,0.83023,0.86036,0.86148,0.86374,0.86912,0.87162,0.87506,0.87495,0.87783,0.8793,0.88101,0.88239,0.88338,0.88406,0.88526,0.86132,0.88545,0.88664,0.88675,0.87989,0.88441,0.8864,0.87487,0.82249,0.88743,0.88735,0.8872
0.82222,0.85548,0.4453,0.36449,0.81477,0.32894,0.26391,0.22039,0.73127,0.45685,0.43769,0.18429,0.69738,0.44828,0.51739,0.57375,0.54846,0.54236,0.46667,0.37138,0.35077,0.28047,0.52199,0.32321,0.29094,0.2545,0.40038,0.44689,0.17319,0.3573,0.47223,0.5184,0.23589,0.61064,0.62651,0.63062,0.58041,0.64758,0.64694,0.64402,0.64331,0.64484,0.64644,0.6482,0.65282,0.64968,0.65091,0.65106,0.6523,0.65156,0.65148,0.65117,0.65129,0.65236,0.65153,0.65215,0.65118,0.64778,0.6482,0.6449,0.66057,0.64266,0.63901,0.64347
