0.25,0.29487,0.12999,0.18505,0.55829,0.055473,0.065564,0.13785,0.051939,0.045055,0.055012,0.015123,0.19252,0.092956,0.16539,0.12051,0.068438,0.025734,0.14244,0.052929,0.11112,0.043471,0.071144,0.17774,0.10922,0.15,0.11988,0.1548,0.16824,0.15493,0.087819,0.015783,0.37117,0.098423,0.081121,0.11299,0.066913,0.10626,0.14714,0.12779,0.16018,0.16074,0.16308,0.16676,0.16137,0.1685,0.1703,0.17074,0.17348,0.17434,0.17464,0.17503,0.17742,0.18152,0.17928,0.17989,0.16701,0.18157,0.18142,0.17965,0.14023,0.18375,0.18841,0.18626
0.041667,0.23426,0.11872,0.17906,0.54957,0.13918,0.060531,0.10402,0.046596,0.066302,0.045333,0.10042,0.024128,0.2559,0.1111,0.066949,0.062846,0.085997,0.1063,0.17855,0.085024,0.12756,0.089231,0.26518,0.08084,0.15359,0.11821,0.044789,0.074581,0.11423,0.097775,0.10837,0.42993,0.18841,0.21686,0.23182,0.20627,0.23167,0.25141,0.25831,0.25173,0.26389,0.2655,0.26508,0.26751,0.26569,0.26551,0.2614,0.2612,0.2599,0.2543,0.24994,0.28363,0.25685,0.25325,0.25318,0.26831,0.25328,0.25403,0.26412,0.24244,0.24751,0.24923,0.25007
0.020833,0.15283,0.12063,0.25609,0.27777,0.021267,0.084272,0.096035,0.12125,0.1172,0.10526,0.012778,0.16103,0.073251,0.16019,0.11123,0.10657,0.023111,0.17582,0.058441,0.10785,0.047785,0.087068,0.13745,0.084532,0.083541,0.077592,0.043229,0.10612,0.14833,0.17511,0.064313,0.51872,0.064729,0.013501,0.0080274,0.052418,0.061606,0.02639,0.016566,0.011168,0.0076237,0.0042228,0.0018164,0.0094094,0.0066723,0.0075302,0.0080345,0.0015659,0.011831,0.012456,0.013654,0.020135,0.01243,0.015256,0.016312,0.015981,0.020356,0.023037,0.028079,0.034533,0.025868,0.022651,0.021915
0.20833,0.29329,0.15826,0.057632,0.17802,0.057966,0.2524,0.028553,0.19149,0.096076,0.056115,0.10699,0.064087,0.11773,0.13591,0.080486,0.10286,0.095911,0.13672,0.10868,0.1382,0.19641,0.12187,0.30909,0.046904,0.096139,0.041449,0.10178,0.099414,0.081407,0.034758,0.12776,0.61351,0.12999,0.17279,0.18917,0.11251,0.18217,0.20691,0.20128,0.20855,0.21581,0.21906,0.22183,0.22369,0.22539,0.22671,0.22825,0.23265,0.23211,0.23357,0.23479,0.22901,0.23796,0.23799,0.23949,0.24076,0.24746,0.24849,0.23942,0.21807,0.2433,0.23565,0.23353
0.29167,0.22718,0.14558,0.11957,0.069305,0.053361,0.062673,0.13087,0.082414,0.17253,0.055001,0.094002,0.054709,0.088321,0.19187,0.026325,0.14465,0.050685,0.087711,0.21661,0.10987,0.033139,0.046884,0.078673,0.098908,0.062992,0.072701,0.12546,0.17352,0.12397,0.10565,0.18268,0.60236,0.056718,0.11236,0.12375,0.17342,0.08306,0.12482,0.1203,0.10478,0.1059,0.10142,0.097438,0.094305,0.089209,0.10488,0.096074,0.089105,0.089167,0.086675,0.079911,0.072008,0.07951,0.075551,0.072618,0.052098,0.067939,0.065991,0.058958,0.057298,0.061075,0.062298,0.062112
0.14583,0.071214,0.040851,0.25172,0.23126,0.077824,0.16472,0.17546,0.059048,0.10004,0.078022,0.02289,0.16759,0.057674,0.16992,0.010796,0.14491,0.13829,0.050815,0.11804,0.16563,0.18552,0.082399,0.083534,0.16331,0.073011,0.043404,0.059051,0.17986,0.21316,0.076719,0.098708,0.20282,0.023491,0.054187,0.050622,0.069248,0.05967,0.07816,0.071535,0.059183,0.069928,0.073262,0.071927,0.074483,0.075831,0.075346,0.074806,0.08333,0.072274,0.073244,0.072269,0.079775,0.072081,0.072106,0.072323,0.070145,0.07062,0.070095,0.072152,0.055256,0.065025,0.068052,0.063287
0.16667,0.15619,0.11439,0.16006,0.2253,0.095283,0.11551,0.044175,0.09165,0.030368,0.023343,0.092464,0.15904,0.14583,0.052043,0.080263,0.10484,0.05445,0.067158,0.12921,0.12096,0.17842,0.13074,0.17588,0.040039,0.079839,0.064055,0.083204,0.14356,0.0933,0.15676,0.067828,0.13242,0.13419,0.14348,0.15032,0.22944,0.16501,0.17892,0.17197,0.18467,0.19241,0.2106,0.21362,0.21217,0.2194,0.22118,0.22359,0.2333,0.22966,0.23256,0.23333,0.24451,0.24099,0.2434,0.24533,0.23729,0.24796,0.25031,0.25679,0.22496,0.24243,0.24161,0.24014
0.1875,0.20933,0.21298,0.12122,0.22495,0.016082,0.076709,0.053811,0.13011,0.034701,0.028435,0.028581,0.1559,0.04861,0.13191,0.061331,0.037915,0.09703,0.080007,0.08307,0.1131,0.09177,0.10469,0.19605,0.065766,0.1064,0.12882,0.079404,0.12,0.036735,0.022027,0.1238,0.16205,0.038247,0.040161,0.040205,0.055659,0.034194,0.045661,0.045039,0.03683,0.040215,0.039553,0.040805,0.037663,0.041432,0.041251,0.042305,0.046319,0.042801,0.045621,0.046616,0.045353,0.05023,0.051875,0.053481,0.061757,0.055884,0.057217,0.058592,0.080737,0.060793,0.061917,0.062397
0.27083,0.19226,0.30239,0.16046,0.23925,0.061518,0.069533,0.070932,0.13554,0.15208,0.053927,0.066237,0.14777,0.14662,0.16956,0.047571,0.13432,0.027457,0.1003,0.15181,0.10676,0.067931,0.10261,0.10766,0.090196,0.11611,0.14221,0.089529,0.22082,0.084164,0.16107,0.23866,0.20341,0.19682,0.19218,0.19798,0.139,0.19711,0.17689,0.18887,0.20056,0.19979,0.19694,0.18952,0.18847,0.17081,0.16763,0.16526,0.16463,0.16278,0.16086,0.15878,0.1428,0.14627,0.14318,0.14513,0.15607,0.13269,0.12955,0.12389,0.15287,0.13396,0.11721,0.11898
0.10417,0.11846,0.13056,0.11013,0.073111,0.090214,0.062734,0.018346,0.095943,0.095071,0.016981,0.066708,0.016074,0.087923,0.045654,0.14683,0.088201,0.082226,0.15349,0.21599,0.10498,0.089998,0.072741,0.050134,0.073971,0.023893,0.14686,0.032416,0.20126,0.083939,0.14367,0.12809,0.55333,0.12729,0.13293,0.13283,0.21527,0.050792,0.090937,0.085253,0.095284,0.083569,0.083492,0.080582,0.07997,0.079345,0.078983,0.078205,0.082401,0.075795,0.074407,0.073574,0.074002,0.064307,0.065765,0.06339,0.047242,0.0516,0.05021,0.0318,0.049673,0.055056,0.057463,0.058296
0.020833,0.13088,0.21608,0.18556,0.10879,0.026437,0.28233,0.30082,0.14115,0.11496,0.046728,0.075223,0.1587,0.032884,0.10066,0.042432,0.11013,0.095197,0.071158,0.083614,0.073037,0.15065,0.18758,0.10976,0.13446,0.075114,0.10231,0.068548,0.060907,0.18459,0.15694,0.0565,0.63481,0.039361,0.039915,0.030333,0.071563,0.037352,0.069647,0.043762,0.032642,0.028668,0.023515,0.021457,0.018293,0.016732,0.013737,0.011113,0.010896,0.01354,0.012079,0.014165,0.024653,0.0097806,0.013384,0.013256,0.023581,0.024505,0.020052,0.024194,0.047036,0.033788,0.0344,0.039394
0.125,0.26448,0.28344,0.25705,0.26589,0.079646,0.09896,0.20076,0.14164,0.11405,0.16567,0.11545,0.076473,0.086424,0.14164,0.078541,0.081004,0.064948,0.088662,0.059961,0.10865,0.13016,0.12003,0.081565,0.10086,0.076735,0.0092878,0.022119,0.059637,0.010915,0.086166,0.063355,0.65727,0.1089,0.081724,0.05502,0.015784,0.070978,0.048613,0.038205,0.040949,0.030956,0.026917,0.022764,0.026804,0.020383,0.017317,0.016582,0.011704,0.012682,0.012117,0.01337,0.018913,0.016618,0.016018,0.020121,0.016739,0.013905,0.017206,0.014578,0.054262,0.02584,0.024086,0.027708
0.041667,0.22129,0.20881,0.0599,0.21696,0.086043,0.091903,0.12943,0.12372,0.053066,0.088123,0.1196,0.26314,0.049515,0.05294,0.067856,0.041067,0.04322,0.10904,0.080877,0.14066,0.054205,0.029103,0.070712,0.030496,0.066697,0.13231,0.047412,0.12279,0.052855,0.063044,0.068931,0.31836,0.10398,0.11339,0.11747,0.066104,0.059402,0.080846,0.084593,0.088661,0.086975,0.084161,0.081391,0.080904,0.077503,0.076063,0.073688,0.067938,0.069486,0.066352,0.064832,0.078768,0.061617,0.060079,0.06232,0.053877,0.051984,0.050877,0.062604,0.022457,0.051194,0.038953,0.044838
0.14583,0.42613,0.44244,0.10252,0.49505,0.13731,0.099558,0.11742,0.25853,0.096707,0.060253,0.017003,0.062466,0.16435,0.14097,0.057179,0.037659,0.079841,0.099469,0.050776,0.18477,0.022575,0.19743,0.12256,0.2149,0.069368,0.16583,0.10516,0.10077,0.13214,0.19039,0.17093,0.50059,0.22805,0.23663,0.24183,0.28286,0.26347,0.2365,0.23962,0.23721,0.22845,0.22786,0.22857,0.24495,0.23077,0.23082,0.23264,0.22147,0.23154,0.23196,0.23036,0.22835,0.23133,0.22818,0.22631,0.19575,0.22009,0.21622,0.20394,0.19484,0.22116,0.21062,0.21349
0.041667,0.25757,0.12648,0.29446,0.36404,0.12831,0.10907,0.073666,0.086785,0.16152,0.21287,0.086747,0.1743,0.16851,0.11225,0.13299,0.16794,0.099965,0.1037,0.059011,0.11161,0.14991,0.12078,0.093061,0.13,0.046516,0.025327,0.1696,0.084228,0.17661,0.1062,0.27398,0.1306,0.24761,0.26864,0.29748,0.20181,0.30702,0.30681,0.30042,0.30954,0.30216,0.30453,0.30747,0.30585,0.30751,0.30742,0.30956,0.30922,0.30906,0.30981,0.30919,0.2995,0.31162,0.30811,0.30684,0.29347,0.30586,0.30229,0.297,0.36745,0.29636,0.29217,0.29562
0.083333,0.61429,0.44151,0.2884,0.60072,0.19479,0.21968,0.32256,0.33529,0.23418,0.12366,0.17969,0.39617,0.15794,0.25151,0.19668,0.086414,0.10479,0.14012,0.20098,0.10319,0.052627,0.046582,0.068784,0.14507,0.17255,0.15565,0.24841,0.1134,0.11434,0.18498,0.14354,0.076841,0.21569,0.20354,0.22035,0.29006,0.26067,0.28353,0.28063,0.27543,0.29681,0.30117,0.3055,0.30294,0.30994,0.3127,0.31565,0.31691,0.31863,0.32138,0.32345,0.3005,0.32615,0.32702,0.32856,0.33253,0.33189,0.33193,0.3306,0.31666,0.333,0.33317,0.33337
0,0.14571,0.26077,0.06557,0.37077,0.093249,0.14998,0.23812,0.15756,0.16015,0.15067,0.10011,0.11573,0.060703,0.1179,0.17779,0.093647,0.15004,0.17016,0.14618,0.27477,0.066361,0.064185,0.051085,0.11122,0.091569,0.081454,0.048203,0.1909,0.1417,0.063761,0.088855,0.30571,0.036092,0.032889,0.029103,0.1062,0.047729,0.032749,0.03223,0.043054,0.039807,0.040375,0.040552,0.041359,0.044138,0.044328,0.04553,0.047702,0.048059,0.048563,0.04845,0.066077,0.052759,0.051519,0.052385,0.053192,0.055022,0.054466,0.055392,0.08573,0.051557,0.048207,0.045879
0.0625,0.34225,0.35187,0.14401,0.49066,0.060915,0.16302,0.15058,0.21455,0.129,0.21102,0.075252,0.36163,0.056871,0.12329,0.10098,0.10357,0.017442,0.073637,0.13138,0.26469,0.096257,0.1012,0.068136,0.046382,0.10161,0.12973,0.14885,0.1674,0.01209,0.03737,0.11402,0.3097,0.17872,0.17678,0.17481,0.11481,0.18385,0.17507,0.18121,0.17134,0.18,0.181,0.18215,0.18621,0.18455,0.18682,0.18742,0.18816,0.18936,0.1911,0.19347,0.19079,0.19308,0.19462,0.19547,0.20555,0.1964,0.19532,0.19035,0.20625,0.20716,0.20959,0.21735
0.125,0.10361,0.27534,0.18837,0.16726,0.064218,0.181,0.040438,0.086293,0.10822,0.18342,0.06547,0.10856,0.096144,0.073746,0.07117,0.10756,0.10852,0.15194,0.10801,0.11823,0.15418,0.18175,0.17969,0.085425,0.10886,0.072858,0.15664,0.069635,0.14988,0.10778,0.20104,0.70254,0.055177,0.066095,0.050037,0.083147,0.095277,0.062706,0.047471,0.029299,0.044336,0.04284,0.040794,0.044596,0.040307,0.040836,0.040552,0.04606,0.040527,0.040623,0.041249,0.045404,0.039713,0.039821,0.039469,0.042632,0.041267,0.041307,0.035526,0.056511,0.035804,0.035837,0.038391
0.0625,0.20333,0.078528,0.032449,0.11046,0.26728,0.22063,0.17931,0.13497,0.17716,0.27796,0.18794,0.061242,0.075749,0.14238,0.22685,0.11417,0.18602,0.26902,0.30893,0.1212,0.083485,0.12514,0.14223,0.21657,0.26199,0.24323,0.14845,0.12386,0.1606,0.26702,0.39928,0.6315,0.31647,0.3426,0.37054,0.29396,0.3401,0.36028,0.37213,0.36715,0.37501,0.37963,0.38105,0.37831,0.38469,0.38566,0.38739,0.38002,0.38832,0.38805,0.38577,0.40176,0.39003,0.38875,0.3943,0.42278,0.39465,0.39827,0.40402,0.36101,0.36826,0.36003,0.36007
0.16667,0.30389,0.21323,0.1615,0.45874,0.17287,0.19783,0.16516,0.17382,0.16992,0.15739,0.10469,0.49267,0.069157,0.080654,0.15422,0.19869,0.080505,0.081488,0.14465,0.19787,0.018465,0.058925,0.028047,0.22879,0.016997,0.066859,0.092396,0.02514,0.023137,0.075085,0.023009,0.29515,0.089396,0.068338,0.063765,0.046273,0.040634,0.034398,0.036938,0.037522,0.030943,0.025966,0.023144,0.024472,0.022026,0.022967,0.024113,0.019515,0.026036,0.026982,0.027364,0.026981,0.02766,0.028622,0.031048,0.019921,0.021001,0.016985,0.015528,0.053688,0.047777,0.043446,0.046431
0.3125,0.7761,0.65716,0.33065,0.87821,0.17973,0.20706,0.13816,0.41411,0.19843,0.24494,0.11099,0.59309,0.36237,0.33785,0.18164,0.20877,0.2323,0.40098,0.2393,0.086865,0.25113,0.28793,0.20869,0.1115,0.18258,0.23951,0.24469,0.17858,0.20168,0.31056,0.36169,0.10551,0.45295,0.46997,0.49108,0.44945,0.49811,0.49941,0.5181,0.52103,0.52457,0.5283,0.53071,0.53383,0.5394,0.54156,0.54483,0.54813,0.54954,0.55295,0.55571,0.52992,0.5582,0.56054,0.56452,0.55137,0.56101,0.56389,0.55479,0.5391,0.57698,0.5657,0.5597
0.33333,0.89408,0.75187,0.45776,0.92517,0.33151,0.39491,0.34337,0.5266,0.33661,0.37122,0.1848,0.55686,0.35541,0.47809,0.32213,0.1533,0.24339,0.32753,0.29664,0.067415,0.24925,0.30625,0.23752,0.17016,0.27434,0.3357,0.313,0.16642,0.19085,0.37437,0.38173,0.041398,0.57157,0.59796,0.61048,0.57021,0.61718,0.64418,0.64607,0.66288,0.65459,0.65858,0.66277,0.65925,0.66846,0.67167,0.67443,0.68309,0.6769,0.68018,0.68103,0.68994,0.68371,0.68569,0.68903,0.68994,0.68607,0.68677,0.68726,0.6764,0.68699,0.68749,0.68825
0.35417,0.88724,0.76017,0.49045,0.89588,0.41424,0.50391,0.48429,0.5279,0.33305,0.46869,0.25318,0.31439,0.28048,0.37296,0.33167,0.31311,0.1817,0.2761,0.18286,0.21919,0.2434,0.39189,0.3521,0.085879,0.30903,0.35437,0.31679,0.05782,0.19607,0.33997,0.46118,0.1341,0.5777,0.64595,0.66704,0.50092,0.7058,0.70108,0.71675,0.72071,0.72463,0.7278,0.72976,0.73103,0.73497,0.73608,0.74888,0.74565,0.76037,0.76129,0.76323,0.74963,0.76456,0.76571,0.76633,0.76145,0.7677,0.76857,0.76878,0.74383,0.76942,0.7706,0.77069
0.5625,0.93778,0.84214,0.52019,0.95431,0.29612,0.44949,0.38576,0.54254,0.43535,0.50395,0.3005,0.65003,0.5169,0.60895,0.54508,0.12346,0.41394,0.4768,0.43237,0.18657,0.39825,0.4776,0.34812,0.26194,0.42239,0.53217,0.37099,0.23524,0.38764,0.55301,0.6182,0.15948,0.78877,0.78833,0.7885,0.74656,0.79549,0.79752,0.79837,0.79843,0.80098,0.80252,0.80286,0.80601,0.80541,0.80582,0.80639,0.80338,0.80754,0.80842,0.80922,0.81173,0.81001,0.81101,0.8114,0.80682,0.8116,0.8121,0.8166,0.80212,0.81068,0.81235,0.81254
0.29167,0.63054,0.56177,0.26182,0.83959,0.18671,0.2222,0.098239,0.39018,0.098517,0.047399,0.014671,0.5584,0.22315,0.28801,0.22317,0.26425,0.13655,0.13867,0.082618,0.13826,0.090761,0.23358,0.1032,0.1023,0.13106,0.12087,0.20722,0.20919,0.078272,0.16533,0.21679,0.39059,0.18333,0.20725,0.20709,0.23196,0.21117,0.2208,0.21873,0.21747,0.22202,0.22272,0.22451,0.22832,0.22664,0.22774,0.22829,0.22904,0.23057,0.23087,0.23202,0.2248,0.23447,0.23414,0.23416,0.22362,0.23726,0.2361,0.23448,0.21845,0.24614,0.24596,0.24979
0.25,0.62473,0.42866,0.31774,0.79128,0.074584,0.27375,0.15684,0.39973,0.14275,0.21472,0.11612,0.50776,0.33605,0.31958,0.29968,0.25223,0.24406,0.23545,0.27069,0.24826,0.1421,0.21764,0.17843,0.25728,0.18915,0.14276,0.11616,0.22733,0.28527,0.23861,0.27019,0.43335,0.34536,0.3315,0.33645,0.39964,0.33421,0.33054,0.32859,0.33028,0.33128,0.33138,0.33387,0.33184,0.33833,0.33986,0.34214,0.34049,0.34469,0.34618,0.34856,0.34206,0.34795,0.34756,0.34861,0.34157,0.35008,0.34717,0.34499,0.38051,0.35033,0.34531,0.3337
0.1875,0.85448,0.81733,0.59094,0.80158,0.13255,0.29933,0.20651,0.16335,0.21129,0.34581,0.17827,0.20205,0.22242,0.31206,0.24979,0.40163,0.28556,0.24654,0.15206,0.21864,0.23857,0.30839,0.20982,0.15522,0.18545,0.29446,0.24822,0.054459,0.12452,0.40652,0.41447,0.26162,0.44765,0.48218,0.49415,0.43002,0.51884,0.52672,0.52109,0.52462,0.52928,0.53168,0.53383,0.54758,0.54594,0.54822,0.54976,0.53697,0.55431,0.55728,0.55632,0.56738,0.56431,0.56613,0.56524,0.55688,0.56963,0.56973,0.56341,0.52112,0.57973,0.58067,0.58834
0.0625,0.833,0.7701,0.64216,0.7637,0.21702,0.32659,0.32506,0.41373,0.30425,0.48996,0.28896,0.26139,0.29186,0.30336,0.30132,0.53255,0.25575,0.42594,0.24406,0.18508,0.38085,0.40298,0.31722,0.15551,0.30098,0.45343,0.27886,0.097587,0.42401,0.59778,0.65484,0.28093,0.71588,0.71731,0.71327,0.62933,0.72227,0.72422,0.72244,0.72323,0.72625,0.7188,0.71632,0.72305,0.71963,0.7205,0.72135,0.73393,0.72346,0.72643,0.73104,0.72342,0.73206,0.73485,0.73818,0.72555,0.73482,0.73378,0.73794,0.73979,0.74832,0.74919,0.74999
0,0.55066,0.33529,0.32885,0.54128,0.38162,0.35872,0.24238,0.35404,0.36486,0.42115,0.31285,0.090079,0.10746,0.28688,0.25215,0.21243,0.24246,0.4028,0.25324,0.19667,0.24331,0.17479,0.28418,0.29307,0.28466,0.4665,0.26935,0.13402,0.2702,0.45582,0.51877,0.4761,0.5763,0.5936,0.59909,0.54135,0.62215,0.62203,0.61214,0.61151,0.61138,0.61111,0.61133,0.6085,0.61097,0.61018,0.61112,0.61403,0.61214,0.61247,0.61271,0.6179,0.61392,0.61442,0.61494,0.61423,0.6167,0.61726,0.61938,0.60153,0.62223,0.62303,0.6244
0.10417,0.22217,0.2177,0.16167,0.24136,0.31971,0.34736,0.20896,0.078484,0.20763,0.31733,0.16538,0.20872,0.031488,0.14235,0.10813,0.18249,0.19426,0.29243,0.2291,0.053474,0.22999,0.15381,0.16176,0.13686,0.31404,0.30662,0.27226,0.095351,0.19128,0.30837,0.34091,0.61868,0.37261,0.37394,0.37794,0.42648,0.38126,0.39803,0.39705,0.40936,0.40893,0.41415,0.41755,0.42082,0.42886,0.43405,0.43763,0.43897,0.44936,0.45796,0.46261,0.46975,0.47297,0.47513,0.47691,0.46505,0.47925,0.4804,0.46848,0.4706,0.47807,0.47986,0.47867
0,0.17733,0.449,0.36755,0.069071,0.15948,0.17149,0.014472,0.030767,0.078877,0.14536,0.027779,0.066176,0.12039,0.13224,0.13823,0.1083,0.11544,0.066469,0.13499,0.21347,0.067156,0.15906,0.10264,0.12136,0.11778,0.11502,0.071849,0.082238,0.036742,0.067998,0.16097,0.62534,0.11362,0.14305,0.14535,0.10922,0.15882,0.16268,0.15939,0.16669,0.16681,0.16838,0.17026,0.16863,0.17126,0.1708,0.17215,0.17182,0.17066,0.17141,0.17087,0.17162,0.17089,0.17026,0.16924,0.19665,0.16821,0.16793,0.16981,0.16483,0.16604,0.16575,0.16634
0.29167,0.1394,0.078114,0.29335,0.50494,0.048609,0.065861,0.15328,0.072446,0.10347,0.040416,0.099354,0.31501,0.1699,0.12467,0.11499,0.10177,0.084279,0.10971,0.14232,0.1205,0.004984,0.089472,0.23859,0.023114,0.077378,0.10723,0.11371,0.12482,0.092988,0.13563,0.17385,0.47497,0.089738,0.12693,0.14855,0.16377,0.10946,0.14586,0.15281,0.15491,0.1518,0.15153,0.15132,0.14976,0.15075,0.14962,0.14856,0.15168,0.14603,0.1468,0.14716,0.14593,0.14206,0.14205,0.14055,0.14907,0.14111,0.14058,0.14293,0.14595,0.13127,0.12986,0.12699
0.041667,0.078468,0.083187,0.25342,0.34862,0.093831,0.12883,0.10141,0.14586,0.024518,0.078366,0.078667,0.23245,0.15889,0.021193,0.11083,0.15305,0.032474,0.046037,0.16813,0.079905,0.092515,0.063222,0.05265,0.030106,0.062291,0.20141,0.036911,0.029555,0.12982,0.070407,0.038523,0.51713,0.052535,0.017775,0.030958,0.048102,0.024201,0.01007,0.020409,0.032076,0.032192,0.033209,0.033685,0.035144,0.034096,0.034306,0.034516,0.033432,0.034528,0.036032,0.035992,0.037814,0.035574,0.036981,0.037816,0.031784,0.037299,0.039216,0.038964,0.0066813,0.041455,0.039778,0.041384
0.020833,0.086267,0.064318,0.2638,0.36971,0.094944,0.097243,0.11115,0.15124,0.064744,0.068276,0.042557,0.15197,0.1556,0.070035,0.11727,0.089742,0.072007,0.10846,0.025112,0.070992,0.13041,0.13464,0.18782,0.10269,0.036572,0.1514,0.1863,0.063286,0.12939,0.21993,0.18013,0.090838,0.28402,0.28162,0.25017,0.21382,0.24456,0.24829,0.26631,0.25975,0.25831,0.26068,0.26266,0.27034,0.26599,0.26706,0.27006,0.27401,0.27313,0.27551,0.27763,0.27802,0.28139,0.28277,0.28452,0.29098,0.28784,0.28748,0.28768,0.32601,0.29737,0.29147,0.29166
0.0625,0.10962,0.11632,0.06116,0.10209,0.13872,0.10892,0.037066,0.22617,0.091067,0.021636,0.1347,0.11193,0.13111,0.061937,0.060837,0.19911,0.012403,0.10332,0.074921,0.028289,0.10299,0.055494,0.10844,0.11146,0.041785,0.18874,0.052445,0.0034435,0.077945,0.045939,0.08197,0.48558,0.022487,0.024639,0.02912,0.074439,0.018282,0.026288,0.029717,0.036571,0.028688,0.021535,0.023138,0.01558,0.014191,0.014179,0.01206,0.014839,0.01068,0.0099662,0.010718,0.049721,0.012242,0.012,0.010041,0.028196,0.016649,0.03201,0.051161,0.089065,0.015703,0.020752,0.021789
0.0625,0.15177,0.12947,0.038434,0.12519,0.089652,0.074577,0.052886,0.12366,0.15094,0.1429,0.065628,0.029053,0.075927,0.092383,0.11855,0.066512,0.13078,0.11188,0.21824,0.11261,0.079032,0.12991,0.17691,0.069891,0.15726,0.11481,0.044652,0.038864,0.14933,0.11859,0.095408,0.55783,0.18537,0.2014,0.19671,0.11684,0.20031,0.2044,0.21315,0.21177,0.20692,0.211,0.21477,0.20997,0.21938,0.21882,0.22092,0.21145,0.22441,0.22604,0.22587,0.21115,0.22211,0.22503,0.22235,0.23067,0.22991,0.23225,0.24853,0.2617,0.21404,0.21473,0.22429
0.27083,0.22737,0.13277,0.049767,0.1711,0.14487,0.15554,0.12138,0.21958,0.035004,0.036738,0.063447,0.10071,0.0624,0.052649,0.022328,0.17269,0.17756,0.039798,0.063759,0.072272,0.21969,0.043433,0.1231,0.17629,0.17921,0.086953,0.028065,0.17981,0.033798,0.01153,0.096394,0.56707,0.10674,0.086197,0.075486,0.04194,0.12098,0.074373,0.070869,0.072966,0.068595,0.066222,0.063735,0.062785,0.060601,0.057637,0.055851,0.057367,0.053944,0.051784,0.048785,0.045999,0.04985,0.046135,0.044567,0.062453,0.043802,0.03919,0.034453,0.073761,0.039119,0.040099,0.041261
0.10417,0.12325,0.12153,0.085351,0.15103,0.09956,0.083867,0.036111,0.19362,0.11643,0.055314,0.13112,0.097571,0.18293,0.060678,0.080407,0.052802,0.066385,0.11809,0.049548,0.12147,0.11561,0.13825,0.059524,0.05003,0.039877,0.057839,0.14029,0.099483,0.12257,0.042121,0.090811,0.60234,0.14295,0.09847,0.081464,0.050862,0.12202,0.13034,0.11379,0.09988,0.091976,0.089859,0.087584,0.082213,0.084354,0.084083,0.082709,0.080158,0.080431,0.080066,0.079402,0.060738,0.077993,0.076473,0.074594,0.080389,0.073578,0.068354,0.061616,0.032517,0.081291,0.08133,0.08311
0.020833,0.1143,0.10471,0.15466,0.07063,0.12847,0.061179,0.0274,0.16935,0.077915,0.091948,0.13502,0.10097,0.16797,0.084224,0.068252,0.24016,0.087903,0.044839,0.071661,0.14594,0.075581,0.054411,0.13392,0.13689,0.077563,0.043965,0.031456,0.082466,0.089499,0.057347,0.043037,0.25809,0.052311,0.025834,0.025447,0.051827,0.036233,0.010911,0.0028374,0.0041572,0.023785,0.025159,0.027128,0.027053,0.027123,0.026831,0.026955,0.031251,0.02832,0.028343,0.029518,0.027864,0.029195,0.02983,0.030086,0.031559,0.028496,0.030276,0.041336,0.056393,0.023239,0.022757,0.021362
0.020833,0.15698,0.10569,0.10145,0.10064,0.1563,0.089113,0.051862,0.21578,0.069761,0.064864,0.069689,0.080178,0.10101,0.056028,0.081148,0.064983,0.060681,0.067287,0.057909,0.094869,0.062498,0.043368,0.12302,0.0827,0.029457,0.093206,0.11149,0.081977,0.097278,0.058794,0.15324,0.24664,0.12476,0.099962,0.089553,0.10252,0.087534,0.10779,0.10125,0.10717,0.11145,0.11214,0.11331,0.10259,0.11006,0.10767,0.10639,0.10049,0.10175,0.095962,0.091959,0.10552,0.083181,0.080029,0.077246,0.05835,0.066533,0.060427,0.05279,0.060523,0.057859,0.058908,0.042793
0.125,0.12469,0.19214,0.24022,0.33584,0.090668,0.025079,0.097042,0.1034,0.13675,0.10045,0.084486,0.12696,0.18305,0.10303,0.022036,0.010482,0.034879,0.0065636,0.017551,0.058291,0.10682,0.080218,0.10979,0.056868,0.084888,0.11635,0.23387,0.096746,0.11441,0.12119,0.18002,0.091819,0.27203,0.24541,0.24691,0.18097,0.25083,0.27225,0.27034,0.27872,0.27234,0.2752,0.27596,0.27943,0.27373,0.26441,0.26101,0.25035,0.26427,0.26516,0.2668,0.2899,0.26742,0.26882,0.27018,0.27231,0.27264,0.27271,0.27459,0.25549,0.27456,0.27394,0.2715
0.125,0.15238,0.24366,0.22308,0.21542,0.13339,0.087824,0.041246,0.16134,0.033999,0.091705,0.033267,0.10278,0.13505,0.073867,0.072338,0.099649,0.13398,0.047623,0.11806,0.093571,0.093284,0.061202,0.14995,0.06824,0.05436,0.10139,0.15116,0.094929,0.056316,0.11885,0.018028,0.092099,0.058877,0.053404,0.058893,0.10669,0.015125,0.033849,0.003989,0.017548,0.0201,0.019068,0.01964,0.02055,0.022454,0.024516,0.02626,0.031581,0.030125,0.031088,0.034126,0.034965,0.035812,0.038097,0.042083,0.035525,0.043595,0.047564,0.053774,0.025132,0.042877,0.04172,0.046049
0.020833,0.16192,0.22024,0.16534,0.1399,0.10692,0.020246,0.086904,0.11227,0.092607,0.063471,0.062407,0.065244,0.076689,0.10733,0.081514,0.031868,0.11968,0.096652,0.16132,0.13108,0.064989,0.091114,0.055314,0.11312,0.086396,0.092409,0.048645,0.094271,0.082716,0.14605,0.0069514,0.2752,0.18009,0.18533,0.20201,0.085077,0.17557,0.17721,0.18573,0.19605,0.19798,0.19821,0.19997,0.19905,0.20332,0.20492,0.20669,0.19963,0.20836,0.21044,0.21006,0.22093,0.2165,0.21834,0.21942,0.21049,0.21999,0.22102,0.21263,0.18968,0.24396,0.24823,0.24343
0.020833,0.042741,0.068104,0.098018,0.054775,0.087562,0.049366,0.042104,0.064054,0.065598,0.031607,0.090197,0.06239,0.058726,0.038455,0.082392,0.10077,0.052405,0.033198,0.12029,0.036296,0.038482,0.042382,0.085396,0.055372,0.097092,0.079744,0.096063,0.034332,0.064543,0.076957,0.073167,0.24842,0.072525,0.038961,0.03501,0.027288,0.061378,0.041871,0.032402,0.028005,0.040409,0.042879,0.048066,0.047437,0.050869,0.05119,0.051025,0.048635,0.052422,0.051829,0.064168,0.071387,0.064886,0.067464,0.073645,0.065773,0.066691,0.066093,0.050904,0.09033,0.078308,0.083432,0.06778
0.083333,0.13145,0.15147,0.15964,0.086989,0.087714,0.09498,0.09054,0.093839,0.051597,0.055814,0.038452,0.052998,0.097575,0.13901,0.068468,0.026351,0.084241,0.087468,0.12677,0.080329,0.12471,0.089818,0.087716,0.093774,0.060544,0.023185,0.08511,0.072641,0.067126,0.061665,0.064596,0.66527,0.090511,0.092165,0.077297,0.094184,0.12877,0.11131,0.10077,0.12109,0.093038,0.092616,0.092903,0.091768,0.090249,0.089406,0.089441,0.086126,0.088693,0.088744,0.088365,0.092652,0.091257,0.089988,0.091175,0.096321,0.096626,0.091016,0.096064,0.089367,0.10528,0.10249,0.10012
0.10417,0.12133,0.28149,0.25883,0.10888,0.056617,0.19349,0.26087,0.20499,0.17604,0.096112,0.064673,0.17277,0.083936,0.045937,0.012483,0.10664,0.19876,0.072176,0.053054,0.042932,0.09488,0.098897,0.15661,0.070543,0.11062,0.15038,0.10517,0.067885,0.071818,0.080712,0.035506,0.68234,0.070699,0.068572,0.077563,0.14172,0.08882,0.084403,0.090816,0.092091,0.099359,0.10372,0.10656,0.11152,0.10856,0.1103,0.11077,0.10844,0.11316,0.11239,0.11174,0.10099,0.11594,0.11553,0.11606,0.1308,0.11951,0.12036,0.12165,0.14462,0.1224,0.12338,0.12484
0.020833,0.22453,0.43896,0.36935,0.18308,0.06702,0.11068,0.11295,0.072572,0.11423,0.05441,0.11371,0.10969,0.1265,0.10318,0.068817,0.082975,0.093091,0.12707,0.053657,0.11338,0.047291,0.084166,0.17351,0.12014,0.018379,0.14875,0.11024,0.078977,0.039422,0.12107,0.076022,0.67097,0.1169,0.12976,0.1588,0.18111,0.1592,0.15329,0.15132,0.14691,0.14843,0.16678,0.1655,0.16422,0.16611,0.16658,0.16662,0.16563,0.16706,0.16784,0.16782,0.16734,0.16916,0.16877,0.16258,0.16511,0.16528,0.16515,0.16686,0.15727,0.16885,0.1469,0.16708
0.16667,0.042342,0.27892,0.14057,0.032357,0.25021,0.16366,0.026922,0.018857,0.027909,0.1284,0.0228,0.0884,0.10979,0.13955,0.19917,0.031712,0.088561,0.010911,0.13288,0.10204,0.093918,0.068055,0.08535,0.077399,0.21866,0.13885,0.14026,0.15855,0.034053,0.036336,0.012692,0.68241,0.042,0.033482,0.045712,0.045044,0.067552,0.069662,0.046331,0.048456,0.046143,0.04667,0.048734,0.053021,0.049536,0.049989,0.051407,0.055364,0.052425,0.05349,0.055703,0.04782,0.058187,0.057009,0.057978,0.057395,0.057622,0.058054,0.060122,0.052351,0.068273,0.062129,0.06272
0.14583,0.12999,0.28072,0.20369,0.21542,0.05576,0.038947,0.059425,0.27175,0.027204,0.068238,0.11283,0.057092,0.17324,0.10514,0.096246,0.016429,0.10408,0.054702,0.07394,0.13124,0.11086,0.0359,0.062696,0.05608,0.052658,0.1389,0.12586,0.085421,0.035737,0.039455,0.05625,0.19712,0.029622,0.015982,0.043918,0.10481,0.051563,0.042694,0.048854,0.052297,0.061592,0.065892,0.069668,0.071047,0.075516,0.077361,0.080516,0.07632,0.08383,0.085399,0.088003,0.062495,0.089023,0.092206,0.0947,0.087915,0.093471,0.097409,0.082331,0.069915,0.1006,0.10249,0.10353
0.083333,0.38895,0.31499,0.21436,0.489,0.020594,0.038904,0.08671,0.23918,0.12118,0.10157,0.13946,0.16322,0.1555,0.080813,0.026548,0.10846,0.073814,0.10689,0.12838,0.087853,0.13757,0.12475,0.078521,0.11639,0.26196,0.27325,0.11859,0.051359,0.087733,0.21446,0.17479,0.1932,0.24135,0.26369,0.27574,0.21872,0.31001,0.2907,0.29513,0.29872,0.29542,0.29823,0.30145,0.30721,0.30933,0.31212,0.31514,0.3129,0.31971,0.32231,0.32458,0.33559,0.32791,0.32952,0.33123,0.33948,0.33045,0.33305,0.3365,0.3023,0.33028,0.32592,0.31394
0.20833,0.74716,0.71883,0.58722,0.70258,0.069188,0.19778,0.13666,0.077165,0.19287,0.24557,0.17669,0.11937,0.12578,0.13955,0.15445,0.40591,0.16827,0.11179,0.096656,0.062294,0.19218,0.24765,0.14796,0.12804,0.05891,0.065498,0.06397,0.029342,0.20334,0.30775,0.3684,0.13125,0.35749,0.39839,0.43557,0.24585,0.37384,0.40822,0.40946,0.42304,0.417,0.41982,0.43895,0.44274,0.44365,0.44518,0.44645,0.4428,0.44922,0.45063,0.45222,0.45568,0.45295,0.45485,0.45649,0.44448,0.44972,0.45095,0.45706,0.41721,0.46026,0.4524,0.45627
0.1875,0.50266,0.46096,0.34627,0.45497,0.13366,0.11603,0.063438,0.18135,0.1337,0.18086,0.17346,0.26665,0.13583,0.12318,0.07589,0.026428,0.13027,0.15903,0.13212,0.084215,0.17909,0.17213,0.17563,0.099456,0.049938,0.015471,0.17368,0.10743,0.14221,0.12816,0.16692,0.10588,0.28659,0.2882,0.29707,0.21421,0.31043,0.31249,0.33924,0.3291,0.33383,0.33413,0.33753,0.33391,0.34107,0.3438,0.3455,0.34713,0.35113,0.35249,0.35435,0.36015,0.35954,0.36152,0.36383,0.37179,0.36752,0.36913,0.37666,0.34815,0.37256,0.37358,0.37518
0.083333,0.20534,0.12233,0.1089,0.22089,0.094893,0.099251,0.037249,0.13197,0.0094668,0.056128,0.10728,0.15118,0.060173,0.082514,0.14948,0.10299,0.069943,0.061431,0.065235,0.085525,0.066864,0.048702,0.016103,0.10541,0.093263,0.076946,0.11266,0.1335,0.047781,0.089119,0.044982,0.10899,0.077076,0.07242,0.059452,0.11431,0.068839,0.077782,0.069902,0.076796,0.073079,0.072843,0.070395,0.063115,0.068988,0.068523,0.069303,0.067474,0.072121,0.071487,0.072258,0.097272,0.07458,0.075785,0.076376,0.060149,0.076612,0.077648,0.085241,0.062308,0.07771,0.079111,0.081336
0.10417,0.20163,0.24855,0.24382,0.31825,0.073534,0.011848,0.073544,0.29108,0.050775,0.086889,0.064943,0.15408,0.12097,0.10147,0.13938,0.11975,0.1195,0.070203,0.12602,0.15012,0.077712,0.067472,0.021126,0.12061,0.077158,0.088905,0.10615,0.061439,0.05135,0.025906,0.077839,0.55335,0.054486,0.052258,0.056475,0.10779,0.057697,0.066523,0.04534,0.048159,0.050488,0.051106,0.051202,0.048247,0.049308,0.049746,0.049778,0.048113,0.049785,0.049254,0.050937,0.059441,0.048286,0.04863,0.049273,0.079545,0.046493,0.046857,0.045665,0.045874,0.045232,0.043007,0.041022
0.083333,0.24713,0.084833,0.077879,0.23815,0.10531,0.12386,0.086329,0.1995,0.069927,0.050957,0.11933,0.027768,0.072323,0.053808,0.10912,0.14477,0.069556,0.13038,0.034588,0.095774,0.044749,0.060811,0.0954,0.043456,0.12577,0.24722,0.14523,0.12478,0.048297,0.066581,0.037394,0.58109,0.046776,0.017154,0.026486,0.066623,0.032352,0.0030992,0.012609,0.012711,0.015622,0.014614,0.012885,0.016438,0.015288,0.014624,0.014793,0.014767,0.015504,0.015139,0.016674,0.018143,0.017681,0.018274,0.019209,0.028479,0.021612,0.022392,0.022363,0.027505,0.027122,0.035905,0.041038
0.0625,0.2081,0.23247,0.25802,0.23425,0.18945,0.23365,0.29808,0.11323,0.074509,0.16049,0.027896,0.20394,0.018857,0.18225,0.1496,0.49116,0.15625,0.2448,0.090237,0.052315,0.12131,0.14369,0.15728,0.17166,0.22803,0.23265,0.14373,0.18108,0.07515,0.13036,0.18101,0.60394,0.37256,0.38706,0.38481,0.31582,0.36742,0.37757,0.38097,0.39541,0.38098,0.38018,0.37029,0.37595,0.37051,0.36909,0.36954,0.37198,0.37021,0.37151,0.37425,0.37657,0.37339,0.37406,0.37904,0.37174,0.39199,0.3882,0.37601,0.36214,0.37514,0.37464,0.37672
0.22917,0.34205,0.47774,0.31034,0.39961,0.07427,0.044196,0.039252,0.26253,0.12364,0.14153,0.096219,0.43238,0.056836,0.21831,0.34957,0.4969,0.096029,0.049716,0.091334,0.093089,0.12106,0.066698,0.012706,0.12779,0.048512,0.04524,0.11649,0.084204,0.060277,0.13648,0.18279,0.65842,0.11162,0.13625,0.15089,0.17314,0.14125,0.14914,0.15559,0.16604,0.17032,0.17479,0.177,0.17998,0.17779,0.17906,0.17956,0.18232,0.18528,0.18295,0.19959,0.17216,0.20135,0.20126,0.20026,0.21903,0.20423,0.20515,0.20427,0.2227,0.19306,0.19192,0.19411
0.47917,0.70159,0.65549,0.19389,0.78073,0.19857,0.28112,0.10332,0.55415,0.34481,0.29768,0.15249,0.60027,0.30891,0.448,0.45077,0.27615,0.16951,0.2553,0.21776,0.24843,0.31172,0.295,0.25902,0.14486,0.2266,0.29262,0.23886,0.085707,0.28934,0.45069,0.49607,0.43589,0.52902,0.54822,0.55278,0.54326,0.56286,0.55494,0.55818,0.55685,0.55992,0.55926,0.55958,0.55732,0.55789,0.55708,0.55638,0.5556,0.55377,0.55363,0.55252,0.5515,0.55149,0.54994,0.54894,0.55089,0.5465,0.54387,0.53851,0.57112,0.5464,0.54294,0.54186
0.58333,0.84697,0.73323,0.37993,0.84282,0.16286,0.32644,0.2439,0.66418,0.41024,0.41692,0.22958,0.58832,0.46512,0.47083,0.42613,0.099245,0.24535,0.37905,0.26082,0.21696,0.37919,0.45413,0.34591,0.26345,0.20817,0.35604,0.42589,0.09784,0.34951,0.47629,0.54665,0.17203,0.65104,0.64871,0.65446,0.61334,0.66185,0.66965,0.68641,0.68743,0.70954,0.71111,0.71273,0.71388,0.71452,0.71558,0.71595,0.71919,0.71626,0.71698,0.71781,0.7143,0.71818,0.71877,0.71961,0.7088,0.71858,0.71799,0.71246,0.7466,0.7247,0.72114,0.7255
0.45833,0.84137,0.74839,0.50356,0.8382,0.15228,0.25541,0.31664,0.52029,0.29447,0.35271,0.17568,0.48756,0.36784,0.406,0.29119,0.095349,0.2288,0.2624,0.269,0.12773,0.24735,0.35317,0.27163,0.15541,0.22311,0.3323,0.38607,0.13281,0.11925,0.26551,0.31338,0.17308,0.49937,0.50743,0.51405,0.55469,0.54977,0.55605,0.56205,0.56367,0.56901,0.57217,0.57788,0.58109,0.58352,0.58782,0.59163,0.59012,0.59832,0.60127,0.60433,0.6268,0.61226,0.61457,0.61586,0.60068,0.61937,0.62188,0.62283,0.58314,0.62312,0.62423,0.62494
0.625,0.81802,0.63728,0.21578,0.78279,0.21341,0.29337,0.17829,0.64003,0.37264,0.3352,0.13035,0.54796,0.45386,0.4972,0.49189,0.22861,0.2735,0.37184,0.26817,0.3842,0.37735,0.43175,0.33429,0.27701,0.26906,0.35433,0.52086,0.1209,0.23274,0.33334,0.43513,0.48637,0.54945,0.54994,0.55126,0.52269,0.56601,0.56673,0.56836,0.57655,0.57388,0.57521,0.57748,0.5762,0.57927,0.58063,0.58144,0.58009,0.58395,0.58389,0.58519,0.59106,0.58727,0.58647,0.58418,0.59612,0.58858,0.58511,0.58323,0.59489,0.60485,0.60171,0.60364
0.22917,0.3899,0.45664,0.38778,0.39714,0.085051,0.073912,0.1086,0.37879,0.086091,0.11518,0.11207,0.50148,0.12696,0.13777,0.27736,0.41592,0.065664,0.17047,0.038988,0.24883,0.11042,0.063834,0.086909,0.16644,0.024016,0.1342,0.075656,0.24661,0.14708,0.083679,0.044839,0.62266,0.11269,0.10129,0.097968,0.10119,0.033922,0.044278,0.05887,0.048938,0.046751,0.043211,0.040409,0.037909,0.035794,0.034868,0.03368,0.026395,0.031653,0.030195,0.028209,0.027528,0.031651,0.030514,0.029708,0.043406,0.034753,0.034473,0.034675,0.064256,0.040238,0.041649,0.042086
0.27083,0.43926,0.5401,0.57223,0.31341,0.11866,0.11996,0.083364,0.3645,0.18351,0.1938,0.14816,0.41442,0.15112,0.15296,0.14091,0.21764,0.073319,0.14513,0.082991,0.19113,0.060965,0.14072,0.08804,0.12767,0.05943,0.094175,0.20023,0.097468,0.22307,0.2132,0.23246,0.4485,0.26884,0.28133,0.28342,0.17415,0.25123,0.28596,0.28643,0.28836,0.2796,0.27413,0.27052,0.276,0.26599,0.26343,0.26263,0.24968,0.25577,0.25494,0.24879,0.25234,0.24062,0.2378,0.23898,0.26835,0.22951,0.23172,0.24179,0.21641,0.2075,0.20887,0.21353
