0.20588,0.13909,0.065604,0.11924,0.020709,0.071769,0.034434,0.036502,0.15044,0.094259,0.20789,0.17378,0.065539,0.038143,0.075637,0.089508,0.15373,0.13066,0.09233,0.17612,0.08946,0.07111,0.13062,0.19578,0.12082,0.10059,0.12546,0.11296,0.12847,0.13672,0.14251,0.11836,0.25226,0.23825,0.22694,0.21987,0.18394,0.17267,0.16129,0.18226,0.17544,0.17205,0.17029,0.16809,0.1795,0.16913,0.16485,0.16448,0.14398,0.16089,0.1579,0.15701,0.12579,0.15308,0.15004,0.14731,0.15076,0.14443,0.14113,0.14077,0.1354,0.13704,0.13422,0.13967
0.058824,0.18594,0.031113,0.093015,0.14195,0.1653,0.091538,0.12538,0.039162,0.20273,0.22324,0.15586,0.18221,0.10825,0.14298,0.069366,0.16015,0.12158,0.14713,0.14406,0.12379,0.014012,0.1039,0.028409,0.063707,0.10341,0.02942,0.11429,0.15566,0.041765,0.12352,0.1193,0.045215,0.1845,0.16036,0.17234,0.04968,0.14878,0.13695,0.13813,0.13674,0.13511,0.13516,0.13545,0.12462,0.13435,0.135,0.13544,0.14261,0.1359,0.13757,0.1381,0.16708,0.13889,0.13987,0.1427,0.15562,0.14515,0.14883,0.15318,0.15923,0.15367,0.1572,0.16573
0.088235,0.060727,0.13462,0.12853,0.092465,0.10719,0.034101,0.084653,0.14134,0.17608,0.093583,0.11068,0.2161,0.03087,0.16602,0.072024,0.033576,0.014999,0.01012,0.077276,0.16565,0.12767,0.13408,0.022815,0.19739,0.14731,0.10914,0.025955,0.10085,0.081297,0.024247,0.15066,0.18882,0.090461,0.15616,0.20753,0.16114,0.14897,0.21361,0.18158,0.19963,0.20234,0.20367,0.20567,0.20927,0.21029,0.21318,0.21459,0.21851,0.21884,0.22138,0.2256,0.23976,0.22439,0.22817,0.23197,0.22011,0.23296,0.23668,0.23517,0.20676,0.23918,0.23754,0.23634
0.11765,0.12198,0.026949,0.15833,0.10644,0.16891,0.05729,0.19957,0.20397,0.17073,0.072851,0.093997,0.22941,0.036631,0.13334,0.12012,0.15435,0.17823,0.068039,0.13549,0.043666,0.041614,0.10769,0.18171,0.031136,0.013575,0.083785,0.10643,0.1627,0.20676,0.064642,0.20682,0.24564,0.14537,0.18878,0.1813,0.18084,0.1485,0.14529,0.15509,0.16248,0.1462,0.14478,0.14266,0.14393,0.13968,0.13764,0.13464,0.13173,0.13341,0.13091,0.13025,0.12607,0.12585,0.12549,0.12453,0.12092,0.12098,0.12149,0.12043,0.13269,0.11909,0.11821,0.11821
0.20588,0.14824,0.053865,0.083569,0.091218,0.21906,0.089702,0.20992,0.090168,0.18251,0.030386,0.21051,0.27323,0.00069921,0.16625,0.098367,0.088488,0.10604,0.038012,0.034567,0.13305,0.077789,0.1405,0.10466,0.077428,0.12108,0.085999,0.14016,0.051101,0.17353,0.12315,0.15691,0.17483,0.18656,0.21682,0.21681,0.1903,0.22139,0.23506,0.23139,0.23262,0.23359,0.23096,0.2269,0.22717,0.22631,0.22409,0.22167,0.22003,0.21681,0.21531,0.21158,0.22782,0.20521,0.2056,0.20149,0.19614,0.19643,0.19497,0.19359,0.19212,0.18316,0.18258,0.17813
0.23529,0.15795,0.076373,0.080567,0.13403,0.19681,0.12504,0.21275,0.096006,0.17572,0.082591,0.21041,0.19968,0.042116,0.18346,0.032995,0.13065,0.044319,0.11998,0.11184,0.12519,0.090527,0.15038,0.13188,0.075768,0.1071,0.040624,0.17089,0.055503,0.10382,0.24098,0.15982,0.096471,0.20293,0.20599,0.17912,0.085432,0.21059,0.21451,0.18863,0.17304,0.17978,0.18061,0.17983,0.18453,0.18539,0.18607,0.18689,0.18622,0.18968,0.19087,0.19216,0.20758,0.19301,0.19316,0.19076,0.19471,0.19036,0.18958,0.18895,0.20117,0.18253,0.18017,0.17754
0,0.16603,0.16753,0.036786,0.046568,0.12075,0.061179,0.13334,0.11898,0.20657,0.17061,0.21827,0.18793,0.025113,0.075414,0.019772,0.1857,0.085219,0.19078,0.091591,0.08611,0.056711,0.11951,0.17316,0.1601,0.022589,0.14276,0.12875,0.065898,0.085449,0.25605,0.15901,0.16827,0.30415,0.27572,0.26732,0.10411,0.16833,0.18629,0.17648,0.18363,0.17125,0.16805,0.16296,0.15225,0.1396,0.13654,0.13515,0.11018,0.1295,0.12931,0.12869,0.12289,0.12179,0.12008,0.11806,0.079124,0.11879,0.11683,0.11959,0.1245,0.10043,0.09844,0.092712
0.029412,0.14548,0.089483,0.037476,0.15082,0.04974,0.019018,0.17618,0.038171,0.029973,0.084802,0.044436,0.18576,0.15588,0.11858,0.12827,0.15191,0.09838,0.10047,0.15875,0.044843,0.025327,0.15715,0.16558,0.13233,0.14857,0.093647,0.14594,0.2335,0.19509,0.16626,0.083243,0.1746,0.10978,0.15409,0.13843,0.082588,0.11241,0.17888,0.18308,0.16955,0.1703,0.17005,0.16942,0.18033,0.16681,0.16396,0.16157,0.1565,0.16268,0.16242,0.16163,0.20641,0.15833,0.15998,0.16089,0.15961,0.15181,0.14848,0.13845,0.1984,0.1521,0.14707,0.13219
0.11765,0.14788,0.22334,0.17704,0.21641,0.18619,0.11012,0.10323,0.03595,0.20574,0.065875,0.078154,0.12241,0.14138,0.16927,0.0038289,0.042129,0.084994,0.042242,0.1251,0.10881,0.13136,0.073838,0.11082,0.085306,0.045378,0.13248,0.022451,0.10467,0.09111,0.1707,0.17601,0.02782,0.049532,0.048466,0.088103,0.097256,0.087869,0.11291,0.068523,0.0822,0.081334,0.082064,0.081481,0.070804,0.07938,0.078372,0.077463,0.088401,0.077753,0.076253,0.074956,0.064235,0.074502,0.072055,0.072285,0.06571,0.066628,0.066389,0.064991,0.040374,0.060701,0.059867,0.059118
0.11765,0.22418,0.12816,0.016991,0.037657,0.25518,0.067977,0.10012,0.076529,0.26496,0.10386,0.058418,0.067003,0.17658,0.1637,0.05282,0.088787,0.13677,0.079401,0.11726,0.1741,0.15365,0.083321,0.044421,0.11809,0.14982,0.14112,0.082834,0.10596,0.055488,0.11893,0.14953,0.23561,0.061174,0.075162,0.076556,0.073288,0.087221,0.10829,0.1156,0.10418,0.10699,0.10412,0.10011,0.08914,0.098064,0.095428,0.094062,0.079029,0.086757,0.086739,0.084034,0.090631,0.078278,0.074434,0.072834,0.055556,0.06787,0.065409,0.063934,0.024942,0.059114,0.058835,0.059014
0.029412,0.069019,0.090954,0.14557,0.21732,0.19661,0.1875,0.16621,0.068989,0.15163,0.078722,0.12658,0.16482,0.12193,0.15588,0.17348,0.047155,0.099644,0.094506,0.045354,0.15851,0.050271,0.28564,0.089882,0.095389,0.049705,0.13345,0.12192,0.13208,0.13631,0.067757,0.085049,0.37533,0.048157,0.043321,0.09655,0.059439,0.095011,0.074962,0.10268,0.11377,0.12368,0.13343,0.13819,0.15897,0.15341,0.15432,0.15637,0.15889,0.16459,0.16302,0.16452,0.15346,0.16291,0.16477,0.16384,0.13236,0.16003,0.1593,0.13347,0.13543,0.17526,0.1758,0.17349
0.058824,0.096149,0.086944,0.21567,0.13361,0.14581,0.061534,0.12324,0.081287,0.21574,0.10752,0.063896,0.18651,0.1151,0.11148,0.05458,0.025539,0.1124,0.051436,0.021061,0.061698,0.15649,0.13161,0.061582,0.12728,0.14629,0.16751,0.09572,0.020046,0.059491,0.063576,0.12164,0.39338,0.077501,0.077887,0.091248,0.10075,0.10891,0.10208,0.094155,0.079845,0.081127,0.075598,0.075147,0.068301,0.067043,0.061676,0.061645,0.071082,0.056209,0.053406,0.0504,0.046615,0.048961,0.044638,0.043873,0.041264,0.037329,0.035618,0.03277,0.030425,0.030714,0.029932,0.030676
0.11765,0.234,0.10091,0.14755,0.083729,0.23595,0.017346,0.097483,0.070742,0.12611,0.080702,0.068978,0.2648,0.12528,0.1712,0.033597,0.10299,0.17971,0.15228,0.13599,0.1004,0.059877,0.17553,0.09722,0.10267,0.048801,0.14253,0.057545,0.17356,0.037793,0.055399,0.069154,0.28154,0.20376,0.16639,0.15469,0.11123,0.14536,0.12612,0.13479,0.14262,0.13586,0.13505,0.13192,0.12932,0.13221,0.13065,0.13001,0.12955,0.12745,0.12704,0.12907,0.13309,0.12722,0.12884,0.13004,0.14054,0.13451,0.13457,0.13238,0.1695,0.13037,0.13014,0.1221
0.088235,0.24601,0.25062,0.17807,0.29913,0.17661,0.051799,0.092651,0.13999,0.10908,0.058192,0.025185,0.15961,0.096095,0.16743,0.025191,0.17118,0.11913,0.18356,0.064519,0.068475,0.13479,0.035477,0.070384,0.090768,0.074081,0.14688,0.071181,0.11981,0.089482,0.010594,0.076706,0.18197,0.16499,0.19495,0.20919,0.047665,0.22614,0.18923,0.24145,0.22715,0.22886,0.23006,0.22676,0.22073,0.23166,0.23615,0.23136,0.23624,0.23075,0.22946,0.22892,0.22999,0.23139,0.23163,0.22953,0.22578,0.23269,0.23317,0.23534,0.22099,0.23304,0.23438,0.23515
0.23529,0.82465,0.77927,0.65205,0.83926,0.40816,0.40272,0.2638,0.38688,0.38356,0.42195,0.30972,0.25717,0.26167,0.31845,0.16537,0.20059,0.23553,0.32862,0.25875,0.10794,0.16202,0.30555,0.201,0.06796,0.080515,0.27168,0.17607,0.082454,0.2701,0.40058,0.35044,0.36371,0.52494,0.5376,0.50732,0.45787,0.61063,0.58773,0.58624,0.57951,0.59411,0.59484,0.59646,0.59374,0.60034,0.60221,0.60463,0.60795,0.60836,0.6087,0.60974,0.61169,0.61214,0.61333,0.61417,0.61647,0.61548,0.61637,0.61631,0.62461,0.61734,0.61749,0.61758
0.26471,0.11346,0.027095,0.10386,0.061898,0.10212,0.091531,0.16513,0.23581,0.089227,0.062774,0.048084,0.0308,0.16916,0.062567,0.2019,0.063531,0.054705,0.053095,0.15915,0.024078,0.1475,0.11623,0.085101,0.1877,0.085593,0.094581,0.26078,0.073016,0.16849,0.12154,0.10727,0.049972,0.048762,0.066873,0.052307,0.18078,0.11556,0.062291,0.084371,0.095428,0.084644,0.081972,0.082996,0.093355,0.078339,0.078869,0.0749,0.0814,0.06969,0.070695,0.068294,0.061902,0.066307,0.062407,0.05983,0.065287,0.053769,0.051937,0.048458,0.060158,0.05287,0.05496,0.049162
0.11765,0.12885,0.041133,0.077628,0.095499,0.17878,0.083831,0.20721,0.23322,0.027191,0.025931,0.039366,0.18065,0.019932,0.1002,0.059019,0.086433,0.14677,0.052168,0.044872,0.094313,0.081251,0.04662,0.068977,0.12057,0.10624,0.17185,0.17902,0.19344,0.10054,0.10139,0.044828,0.28818,0.097414,0.12924,0.12105,0.14221,0.12655,0.11611,0.1174,0.11994,0.12339,0.12432,0.12352,0.13143,0.12473,0.12387,0.12336,0.12297,0.12187,0.12164,0.12151,0.11621,0.11867,0.11776,0.11625,0.13729,0.11572,0.11449,0.11608,0.082511,0.10591,0.10057,0.091681
0.058824,0.18582,0.094568,0.22202,0.18992,0.1345,0.041564,0.21824,0.1885,0.14272,0.16206,0.07697,0.25811,0.028235,0.11053,0.28136,0.023581,0.025271,0.060024,0.16715,0.078347,0.028503,0.16233,0.12845,0.10933,0.063721,0.079071,0.086403,0.04657,0.0361,0.012695,0.071035,0.18551,0.046517,0.050902,0.076888,0.065489,0.061093,0.054371,0.047024,0.046451,0.046743,0.042452,0.042862,0.036562,0.033318,0.031071,0.031126,0.035673,0.026084,0.024116,0.018041,0.0027944,0.0076209,0.0050489,0.016423,0.020317,0.014008,0.01848,0.026532,0.072564,0.0031673,0.0034281,0.014854
0.058824,0.18107,0.092525,0.26742,0.24518,0.0092097,0.054177,0.048139,0.19723,0.038012,0.091449,0.087887,0.092663,0.037776,0.21605,0.23303,0.15562,0.18859,0.16888,0.20125,0.10585,0.20947,0.20897,0.18181,0.034837,0.15721,0.1442,0.039816,0.15287,0.087316,0.10892,0.045468,0.67214,0.17541,0.2465,0.22892,0.1738,0.2598,0.26858,0.26915,0.27339,0.27596,0.2774,0.27831,0.28043,0.28083,0.2816,0.28284,0.28465,0.28429,0.28548,0.28695,0.27619,0.28826,0.28922,0.29171,0.29135,0.29103,0.29176,0.29112,0.2215,0.29332,0.29358,0.29399
0.14706,0.2772,0.16541,0.17849,0.21142,0.18688,0.13148,0.14859,0.376,0.1761,0.085765,0.1237,0.1188,0.065399,0.083512,0.025388,0.27474,0.11216,0.14149,0.06217,0.10677,0.15404,0.1139,0.041446,0.079333,0.13096,0.22706,0.22223,0.24999,0.057935,0.07214,0.050743,0.62268,0.045731,0.078114,0.078453,0.10569,0.037604,0.064174,0.075414,0.076036,0.078588,0.078539,0.07895,0.08084,0.079054,0.08003,0.079546,0.083713,0.08066,0.080888,0.080424,0.086451,0.083189,0.083941,0.084407,0.0702,0.084709,0.086044,0.083685,0.10416,0.086865,0.08845,0.087459
0,0.57096,0.4537,0.33974,0.55773,0.13729,0.19096,0.080689,0.45069,0.067614,0.076708,0.14146,0.22791,0.15589,0.17638,0.27815,0.40955,0.036906,0.27453,0.16422,0.12143,0.17898,0.20105,0.13651,0.082241,0.16118,0.19517,0.081286,0.15757,0.15633,0.13152,0.092486,0.038384,0.28537,0.24073,0.25879,0.23623,0.29892,0.26363,0.28773,0.27449,0.2943,0.30142,0.30046,0.3128,0.30517,0.30209,0.30351,0.29454,0.30226,0.30405,0.30291,0.31341,0.30991,0.3111,0.31481,0.3412,0.32572,0.32886,0.35461,0.32964,0.30218,0.30118,0.31241
0.5,0.68548,0.5594,0.40616,0.69645,0.11404,0.17562,0.15677,0.66293,0.095849,0.12916,0.2011,0.46964,0.24615,0.16173,0.2066,0.50895,0.058197,0.21313,0.15509,0.10636,0.15741,0.18053,0.15044,0.0077769,0.098345,0.12572,0.27001,0.18254,0.027343,0.19933,0.20699,0.48954,0.26967,0.2614,0.26988,0.24572,0.28812,0.27105,0.28536,0.29283,0.29538,0.29936,0.30264,0.31078,0.30833,0.31005,0.31264,0.30997,0.31604,0.31715,0.31808,0.31731,0.32049,0.32085,0.32145,0.31628,0.32237,0.32275,0.3226,0.31071,0.32331,0.32336,0.32355
0.32353,0.64029,0.49079,0.2089,0.56935,0.095239,0.11037,0.17148,0.47652,0.23624,0.1032,0.13979,0.39582,0.13904,0.1281,0.092094,0.35219,0.014216,0.1401,0.16891,0.14916,0.20296,0.12548,0.10868,0.11318,0.19217,0.16327,0.36953,0.24864,0.16974,0.08467,0.23274,0.11676,0.25252,0.2417,0.24688,0.21082,0.2285,0.25481,0.24614,0.24532,0.24508,0.24628,0.24726,0.25086,0.24811,0.24954,0.25177,0.25462,0.27576,0.27927,0.28051,0.28603,0.2838,0.28503,0.28687,0.28842,0.28786,0.28953,0.28697,0.26488,0.29198,0.2936,0.29391
0.5,0.64038,0.41125,0.14811,0.62701,0.26689,0.23526,0.1456,0.24622,0.21142,0.12624,0.084848,0.30885,0.055039,0.083143,0.043991,0.21363,0.06172,0.036854,0.11922,0.011517,0.18297,0.14441,0.027815,0.1743,0.20788,0.16146,0.26051,0.1585,0.11757,0.11942,0.29103,0.043216,0.26316,0.28967,0.32007,0.33875,0.29227,0.33965,0.31147,0.30224,0.32286,0.33107,0.33192,0.34762,0.34125,0.3417,0.34571,0.37022,0.35064,0.35183,0.36714,0.35238,0.36794,0.36105,0.36213,0.35748,0.37295,0.36913,0.37242,0.40561,0.40562,0.40823,0.41063
0.29412,0.60544,0.51807,0.15523,0.52883,0.10558,0.17668,0.21179,0.74012,0.18743,0.18448,0.037829,0.61702,0.1021,0.11388,0.31158,0.53617,0.037561,0.18759,0.12213,0.35213,0.090102,0.19075,0.055609,0.17779,0.17809,0.18538,0.12505,0.30877,0.11165,0.10187,0.32345,0.11191,0.17609,0.23667,0.23326,0.18174,0.23359,0.2667,0.27197,0.27113,0.26945,0.27058,0.27081,0.28011,0.27019,0.2703,0.27027,0.27028,0.26933,0.26963,0.2692,0.26378,0.26992,0.26941,0.26932,0.27025,0.26517,0.26488,0.25912,0.26713,0.26553,0.26473,0.26465
0,0.2712,0.21671,0.21114,0.31162,0.29665,0.20014,0.25924,0.31401,0.33415,0.25355,0.29614,0.48576,0.20609,0.27428,0.12218,0.39235,0.29781,0.22556,0.29816,0.10686,0.16664,0.19732,0.25686,0.051795,0.21604,0.16348,0.27014,0.20417,0.19846,0.27411,0.40644,0.37392,0.32453,0.34018,0.34253,0.31817,0.34442,0.35719,0.35593,0.36518,0.36465,0.36756,0.37198,0.36998,0.37659,0.3797,0.38267,0.38518,0.38764,0.39027,0.39475,0.39164,0.39803,0.40059,0.40197,0.39681,0.40526,0.40873,0.41337,0.39804,0.40932,0.41329,0.41102
0.029412,0.82923,0.65358,0.7108,0.8442,0.51432,0.54185,0.43044,0.25102,0.62056,0.6708,0.59597,0.51227,0.42188,0.58482,0.38998,0.39331,0.54263,0.51534,0.51906,0.1791,0.52533,0.62476,0.57194,0.095118,0.47587,0.49793,0.50825,0.28563,0.60959,0.7475,0.7349,0.37584,0.78988,0.81834,0.82855,0.67502,0.81547,0.80427,0.80635,0.80254,0.80643,0.80693,0.80757,0.80407,0.80584,0.80623,0.8055,0.79355,0.80565,0.80524,0.80413,0.78665,0.80167,0.80088,0.80118,0.80327,0.80017,0.7995,0.79993,0.78655,0.79573,0.7951,0.79493
0.11765,0.9404,0.89811,0.65161,0.91861,0.4674,0.66013,0.44619,0.65911,0.61643,0.66827,0.56625,0.22373,0.45137,0.65907,0.50772,0.61243,0.4779,0.564,0.4177,0.27058,0.3347,0.44858,0.43704,0.24152,0.39281,0.47963,0.49228,0.28142,0.46574,0.62528,0.70548,0.31062,0.80251,0.82326,0.81903,0.73495,0.82856,0.82425,0.82696,0.82859,0.82611,0.82566,0.82587,0.8241,0.82517,0.82501,0.82473,0.82446,0.82456,0.82434,0.82417,0.82315,0.82415,0.82399,0.82384,0.82404,0.82369,0.82367,0.82339,0.82153,0.82358,0.82354,0.82353
0.41176,0.95571,0.87741,0.80875,0.93992,0.68327,0.81901,0.60609,0.65194,0.83017,0.856,0.77308,0.25964,0.66345,0.84721,0.79131,0.66598,0.7213,0.82448,0.66903,0.52863,0.73708,0.8188,0.77277,0.29647,0.69614,0.78572,0.78582,0.43953,0.78992,0.91,0.90924,0.40468,0.91008,0.93008,0.93854,0.9006,0.93949,0.93959,0.93932,0.93995,0.93989,0.94012,0.94027,0.94028,0.94051,0.9406,0.94067,0.94076,0.94083,0.94088,0.94093,0.94098,0.94097,0.94103,0.94103,0.94097,0.94112,0.94113,0.94114,0.94066,0.94117,0.94117,0.94117
0.79412,0.78296,0.48609,0.49914,0.73111,0.44446,0.48141,0.40886,0.44276,0.47532,0.58452,0.44493,0.41231,0.46045,0.58517,0.58443,0.55832,0.51247,0.51468,0.44307,0.52631,0.53286,0.6053,0.5104,0.18489,0.53468,0.54647,0.52293,0.13845,0.55209,0.6442,0.67657,0.49583,0.7248,0.74497,0.74976,0.73371,0.7534,0.76264,0.7662,0.76773,0.77461,0.77739,0.78568,0.79214,0.79022,0.79368,0.79631,0.77634,0.79531,0.79775,0.79937,0.79258,0.79795,0.79871,0.79807,0.7993,0.79666,0.79694,0.77842,0.75073,0.79446,0.79427,0.79404
0.29412,0.39755,0.080701,0.065118,0.19526,0.15559,0.19297,0.19252,0.43069,0.14467,0.13317,0.18068,0.51874,0.2139,0.056832,0.20277,0.32745,0.051597,0.14748,0.10726,0.30113,0.10139,0.22963,0.12039,0.141,0.084151,0.036491,0.02883,0.19299,0.19432,0.13784,0.045651,0.62833,0.11947,0.11328,0.12315,0.072836,0.083648,0.091287,0.097001,0.098548,0.094444,0.09176,0.09147,0.089097,0.084158,0.082648,0.079798,0.078619,0.075066,0.073255,0.070486,0.08442,0.066975,0.066181,0.065831,0.087787,0.063414,0.061589,0.07074,0.21422,0.063661,0.059154,0.065309
0,0.21914,0.087022,0.16421,0.2256,0.12662,0.078177,0.039876,0.16271,0.13522,0.22899,0.061719,0.2338,0.046442,0.21719,0.16437,0.2079,0.1238,0.13107,0.064376,0.17747,0.13481,0.2359,0.14586,0.078337,0.16835,0.18547,0.1615,0.13804,0.094874,0.17425,0.12513,0.66757,0.15189,0.15099,0.18507,0.1423,0.1227,0.14675,0.17208,0.15732,0.16106,0.16183,0.16002,0.16356,0.16021,0.16012,0.15787,0.15268,0.1537,0.15312,0.15087,0.15301,0.15153,0.15039,0.14882,0.1411,0.14017,0.14136,0.14207,0.15235,0.14999,0.14697,0.14896
0.44118,0.26593,0.094759,0.19606,0.10414,0.076857,0.019287,0.02383,0.16024,0.055914,0.053275,0.21938,0.12894,0.18127,0.028968,0.066209,0.16177,0.012816,0.033271,0.11329,0.13773,0.12417,0.11055,0.10948,0.079811,0.036593,0.072527,0.15005,0.085297,0.060786,0.044285,0.056435,0.03794,0.1383,0.11708,0.12355,0.11945,0.042932,0.083262,0.06763,0.056263,0.084645,0.080524,0.078004,0.083643,0.07455,0.073139,0.070072,0.055606,0.071768,0.066435,0.065742,0.050397,0.063569,0.061676,0.058461,0.056485,0.061874,0.060982,0.061896,0.024184,0.058183,0.058835,0.058837
0.5,0.29502,0.22992,0.15788,0.2859,0.10838,0.14738,0.080026,0.04459,0.13603,0.096959,0.033988,0.14513,0.07905,0.065892,0.092792,0.016561,0.18,0.10785,0.15533,0.16014,0.14445,0.15818,0.32707,0.048777,0.10093,0.10333,0.075498,0.12843,0.085667,0.15448,0.21057,0.14564,0.085341,0.090338,0.086554,0.23403,0.045341,0.071245,0.058565,0.0489,0.045797,0.04118,0.03557,0.042869,0.030149,0.026543,0.025538,0.013231,0.021931,0.019529,0.022841,0.061139,0.020671,0.019962,0.018027,0.022579,0.02203,0.022748,0.028798,0.022247,0.015475,0.022241,0.014789
0.44118,0.22886,0.25525,0.037977,0.25492,0.24121,0.11469,0.15892,0.21488,0.059164,0.049996,0.18156,0.11818,0.059645,0.15316,0.2005,0.31112,0.21821,0.19155,0.19907,0.13291,0.040785,0.11264,0.039142,0.13536,0.086552,0.11939,0.10398,0.16713,0.17549,0.1594,0.21124,0.19842,0.29863,0.31604,0.29057,0.28635,0.27744,0.29815,0.32723,0.31214,0.32261,0.32148,0.32065,0.32722,0.32562,0.32614,0.32712,0.32699,0.33127,0.33205,0.33412,0.35048,0.33408,0.33584,0.33851,0.38507,0.33658,0.33801,0.34619,0.40643,0.33157,0.33297,0.32792
0.38235,0.34387,0.14504,0.021196,0.086836,0.087062,0.11719,0.070284,0.12207,0.11194,0.20661,0.13515,0.25258,0.11045,0.063919,0.16441,0.13681,0.091291,0.034974,0.049363,0.048462,0.11895,0.15306,0.166,0.11234,0.14572,0.031949,0.028567,0.2207,0.045328,0.20439,0.13444,0.10374,0.13228,0.10829,0.099331,0.14259,0.040197,0.047828,0.040792,0.052292,0.051555,0.055651,0.057201,0.063203,0.056446,0.057508,0.057484,0.049192,0.058583,0.058474,0.058598,0.088212,0.061171,0.059548,0.061039,0.063173,0.061403,0.064174,0.065654,0.088034,0.070247,0.077796,0.089352
0.17647,0.13042,0.072051,0.10794,0.058232,0.077488,0.13742,0.15032,0.15562,0.16828,0.065081,0.043744,0.27024,0.13799,0.10706,0.02673,0.035813,0.045499,0.017839,0.079713,0.18943,0.088806,0.10431,0.061088,0.072685,0.10557,0.023039,0.019406,0.086123,0.078199,0.10568,0.14859,0.16871,0.055074,0.054678,0.051205,0.095347,0.037076,0.045878,0.043981,0.053437,0.044046,0.042551,0.03089,0.054079,0.036356,0.037381,0.038782,0.033262,0.041802,0.042794,0.047497,0.069223,0.05078,0.051395,0.055052,0.053337,0.055271,0.057728,0.06011,0.080317,0.06196,0.063867,0.066197
0.029412,0.017356,0.084286,0.16744,0.11217,0.084131,0.27512,0.091391,0.22022,0.056334,0.14652,0.11595,0.183,0.21425,0.07585,0.062459,0.093333,0.099314,0.11553,0.16355,0.055071,0.14671,0.13017,0.057034,0.065584,0.15353,0.10321,0.10988,0.14265,0.069003,0.040512,0.14816,0.36453,0.17966,0.15218,0.16461,0.22939,0.14398,0.18124,0.17774,0.18565,0.16977,0.16475,0.15566,0.17284,0.15734,0.15627,0.15914,0.1571,0.16078,0.16496,0.16728,0.16667,0.16893,0.1715,0.17512,0.18325,0.17579,0.17578,0.16889,0.15601,0.19269,0.1802,0.1996
0.088235,0.19065,0.055948,0.093414,0.1445,0.15568,0.28467,0.087219,0.10985,0.10901,0.2226,0.086537,0.14432,0.079178,0.063829,0.099022,0.075249,0.10947,0.13712,0.078854,0.051576,0.061511,0.066374,0.21566,0.082495,0.18469,0.10962,0.085948,0.053786,0.070053,0.11333,0.09247,0.304,0.12683,0.14025,0.15016,0.20562,0.13613,0.14711,0.11972,0.11275,0.1263,0.12636,0.12615,0.1282,0.12502,0.12312,0.12398,0.13197,0.12789,0.135,0.14302,0.16219,0.15162,0.1537,0.15199,0.17691,0.15446,0.15746,0.1644,0.14039,0.18165,0.17842,0.18237
0.029412,0.18135,0.086576,0.10858,0.10625,0.095878,0.1078,0.050837,0.056001,0.10842,0.16797,0.072446,0.25501,0.045061,0.18282,0.13183,0.045099,0.076833,0.093555,0.15175,0.13009,0.068959,0.046247,0.11251,0.067443,0.064768,0.042925,0.080063,0.081121,0.043232,0.03705,0.017669,0.13797,0.049391,0.0036932,0.0096137,0.18596,0.04344,0.018749,0.020432,0.0078736,0.010665,0.0090339,0.009053,0.0071672,0.009044,0.010958,0.011542,0.017902,0.016004,0.014403,0.01259,0.021819,0.012578,0.012046,0.011026,0.024395,0.0054997,0.0044504,0.0018769,0.012509,0.0087818,0.002299,0.00025347
0.11765,0.31354,0.13221,0.1011,0.059556,0.1333,0.097012,0.111,0.092434,0.17293,0.16676,0.024086,0.18351,0.10671,0.12575,0.10915,0.0812,0.09679,0.13061,0.17583,0.1062,0.13477,0.072926,0.1033,0.12955,0.16133,0.10603,0.098395,0.055002,0.023018,0.039886,0.061111,0.14235,0.15169,0.090783,0.10476,0.089269,0.13373,0.10642,0.10055,0.099956,0.11121,0.11336,0.11475,0.11907,0.12075,0.12168,0.1241,0.13176,0.12852,0.13118,0.13217,0.14444,0.13748,0.14104,0.14555,0.15698,0.14988,0.1522,0.16292,0.17444,0.15839,0.16227,0.17336
0.17647,0.32293,0.14561,0.011164,0.20878,0.21298,0.03318,0.13209,0.012674,0.19119,0.1767,0.10006,0.26345,0.14634,0.12199,0.14796,0.16356,0.18507,0.099894,0.1174,0.10002,0.10512,0.1708,0.093094,0.098994,0.14395,0.089149,0.16969,0.031612,0.088942,0.23065,0.10712,0.14323,0.21312,0.23655,0.2484,0.11662,0.21026,0.22574,0.22021,0.21166,0.22442,0.22239,0.2207,0.22403,0.22095,0.2214,0.21968,0.23018,0.21672,0.21615,0.21643,0.23768,0.21243,0.21161,0.21071,0.21725,0.20541,0.20261,0.21456,0.24889,0.19026,0.18994,0.17933
0.41176,0.14849,0.22026,0.071601,0.14604,0.152,0.085225,0.090267,0.080111,0.172,0.12709,0.12696,0.21886,0.11649,0.057922,0.029575,0.10525,0.097045,0.17067,0.35197,0.097874,0.13147,0.0092364,0.043026,0.18674,0.032002,0.049706,0.072991,0.073388,0.094165,0.046244,0.026033,0.10491,0.12221,0.096405,0.088206,0.16493,0.015023,0.059809,0.052754,0.037212,0.05928,0.060036,0.061486,0.059224,0.061396,0.060251,0.059542,0.051428,0.051811,0.054479,0.055123,0.051381,0.045913,0.046935,0.05235,0.038611,0.03401,0.032891,0.03395,0.024475,0.014871,0.007942,0.0069672
0.17647,0.13347,0.096651,0.13501,0.07739,0.098345,0.17574,0.0503,0.055213,0.084537,0.15817,0.077689,0.20212,0.063044,0.075886,0.061491,0.19169,0.12005,0.218,0.17801,0.18501,0.045404,0.063109,0.10503,0.13275,0.16464,0.093444,0.12729,0.10305,0.080758,0.15308,0.038712,0.10193,0.078402,0.094265,0.077447,0.18068,0.091616,0.084209,0.080494,0.073125,0.087416,0.085098,0.080218,0.072253,0.078165,0.073676,0.065908,0.069565,0.054097,0.052714,0.048092,0.062536,0.051841,0.047748,0.044608,0.05929,0.040335,0.037033,0.036629,0.064654,0.035342,0.032369,0.030165
0.23529,0.16471,0.085081,0.31625,0.21852,0.13958,0.081377,0.032042,0.097615,0.029858,0.095163,0.097408,0.19601,0.12244,0.040808,0.052503,0.19082,0.18931,0.059356,0.061818,0.1104,0.1518,0.053791,0.066382,0.10261,0.1478,0.044085,0.039799,0.15005,0.087965,0.053165,0.12977,0.11564,0.15916,0.13839,0.12372,0.1991,0.12958,0.1297,0.1201,0.083868,0.088174,0.083656,0.079564,0.087125,0.075315,0.071864,0.070587,0.077063,0.068319,0.061497,0.057614,0.058533,0.05663,0.055114,0.054505,0.065145,0.041146,0.035625,0.023529,0.074285,0.036528,0.029821,0.036718
0.14706,0.092209,0.066981,0.085387,0.23049,0.16273,0.10012,0.17875,0.18115,0.15629,0.099228,0.13115,0.28503,0.018553,0.094885,0.065712,0.20775,0.088736,0.033399,0.11215,0.09894,0.1446,0.17226,0.14045,0.056125,0.12384,0.035962,0.084898,0.080926,0.05888,0.15222,0.028633,0.58056,0.104,0.080283,0.065715,0.21555,0.040603,0.050456,0.04733,0.035557,0.05262,0.052645,0.054548,0.05449,0.068992,0.069812,0.068756,0.066636,0.072954,0.071856,0.076689,0.099815,0.08129,0.082395,0.098735,0.088878,0.085488,0.086509,0.083833,0.071051,0.084402,0.087763,0.086714
0.26471,0.068758,0.033309,0.04356,0.13321,0.071966,0.13627,0.21305,0.17754,0.20152,0.042497,0.22724,0.19825,0.042991,0.13382,0.13089,0.096259,0.091153,0.078687,0.10616,0.27051,0.15289,0.25386,0.032111,0.14911,0.13674,0.18261,0.046605,0.0483,0.035565,0.092191,0.085019,0.60893,0.10314,0.086268,0.10873,0.065271,0.11193,0.1037,0.10646,0.099571,0.09324,0.093114,0.089848,0.087987,0.089781,0.089723,0.088314,0.074166,0.079266,0.079811,0.074626,0.045475,0.063356,0.061548,0.048986,0.055745,0.054902,0.0522,0.034459,0.034197,0.026829,0.016153,0.007239
0.11765,0.17522,0.014508,0.10577,0.16407,0.13663,0.11594,0.14152,0.12539,0.11032,0.14978,0.084847,0.10739,0.11858,0.11456,0.052389,0.27675,0.057093,0.11836,0.10237,0.20236,0.13186,0.15361,0.015694,0.071001,0.16315,0.2008,0.083358,0.067883,0.080773,0.06243,0.091815,0.6025,0.015446,0.018225,0.038346,0.057532,0.044393,0.045727,0.051199,0.04277,0.048526,0.049445,0.050486,0.053069,0.049284,0.049298,0.049902,0.045728,0.049853,0.049197,0.049306,0.037282,0.050754,0.048436,0.053896,0.05909,0.046673,0.045954,0.041499,0.055733,0.037988,0.028776,0.027962
0.029412,0.16666,0.15407,0.031047,0.17548,0.07843,0.13293,0.14446,0.13366,0.046321,0.041834,0.025463,0.22681,0.18774,0.086993,0.033969,0.16249,0.076824,0.12064,0.11721,0.20138,0.064256,0.12289,0.035427,0.10141,0.12404,0.092833,0.10591,0.15764,0.059099,0.12085,0.035351,0.66605,0.01905,0.0089487,0.016584,0.21313,0.077233,0.075134,0.076497,0.095292,0.10092,0.10222,0.10397,0.10097,0.10585,0.10677,0.10837,0.10743,0.11116,0.11275,0.11354,0.12744,0.11481,0.11538,0.1163,0.11506,0.12014,0.12142,0.11959,0.098062,0.12037,0.11839,0.11848
0.029412,0.30908,0.057999,0.042866,0.264,0.16776,0.14174,0.079154,0.059514,0.12283,0.21474,0.15845,0.18246,0.098286,0.049786,0.072311,0.086604,0.036502,0.094349,0.013319,0.13073,0.040867,0.066824,0.11818,0.037155,0.061959,0.12375,0.18284,0.15262,0.088461,0.107,0.11038,0.1697,0.061276,0.016238,0.030941,0.043954,0.040895,0.054061,0.056884,0.050148,0.051039,0.048264,0.049895,0.04301,0.048229,0.047475,0.04874,0.062667,0.05229,0.051882,0.052881,0.062109,0.054937,0.055382,0.056478,0.062461,0.057679,0.056459,0.050197,0.060039,0.060189,0.059312,0.05895
0.058824,0.42337,0.35963,0.087439,0.38522,0.19652,0.27479,0.14482,0.22996,0.11337,0.23554,0.13961,0.18784,0.10535,0.15051,0.067034,0.10706,0.091322,0.17631,0.20635,0.087659,0.10856,0.15954,0.17134,0.11216,0.094302,0.17236,0.17746,0.18064,0.054724,0.12466,0.20834,0.099219,0.20019,0.19288,0.22357,0.24289,0.20907,0.20752,0.20011,0.1944,0.21011,0.21592,0.21805,0.21375,0.22616,0.2294,0.2332,0.22457,0.23851,0.23518,0.23628,0.23313,0.23241,0.23177,0.23574,0.2134,0.22349,0.22291,0.22902,0.21526,0.21379,0.21181,0.2092
0.26471,0.44508,0.41671,0.14869,0.46627,0.16681,0.26702,0.058932,0.44061,0.09278,0.036305,0.14332,0.2315,0.18256,0.015959,0.17311,0.38104,0.07549,0.092469,0.085749,0.0060033,0.027323,0.1116,0.030056,0.14029,0.13386,0.15215,0.10574,0.075742,0.035942,0.12993,0.13719,0.41893,0.19778,0.16088,0.17481,0.046494,0.10377,0.12843,0.14067,0.13763,0.13282,0.1296,0.1248,0.11652,0.11965,0.11697,0.11645,0.11144,0.11019,0.10839,0.10632,0.1031,0.1034,0.1006,0.099402,0.095177,0.09357,0.094162,0.093064,0.085239,0.088217,0.087486,0.087978
0.38235,0.18176,0.10934,0.14262,0.14904,0.11281,0.065597,0.10318,0.30919,0.12687,0.10718,0.087923,0.030316,0.04439,0.15531,0.11932,0.1203,0.030577,0.091546,0.079864,0.20778,0.14136,0.080002,0.11468,0.067322,0.040561,0.0599,0.016184,0.14599,0.098796,0.070053,0.059032,0.21053,0.13131,0.072515,0.070135,0.22713,0.058671,0.062714,0.059019,0.051289,0.047353,0.047105,0.050181,0.051654,0.049793,0.049305,0.051638,0.065944,0.055406,0.061012,0.064832,0.1029,0.062351,0.066651,0.064925,0.061358,0.062321,0.061722,0.054988,0.087301,0.085648,0.066439,0.088051
0.14706,0.10097,0.18574,0.14868,0.086087,0.11635,0.092161,0.11837,0.21084,0.18817,0.14187,0.14374,0.19458,0.037483,0.072075,0.04872,0.11298,0.067086,0.027026,0.05625,0.13021,0.042518,0.010393,0.05354,0.17008,0.11541,0.088111,0.15563,0.15639,0.18673,0.092075,0.038648,0.17566,0.11206,0.11033,0.14234,0.081436,0.10177,0.14836,0.16141,0.1377,0.16371,0.15512,0.15392,0.15654,0.15444,0.15498,0.12772,0.13942,0.12835,0.12841,0.13028,0.14493,0.12606,0.12887,0.12905,0.15901,0.13811,0.137,0.14019,0.12096,0.13198,0.13984,0.11878
0.088235,0.25073,0.047727,0.098169,0.21807,0.08038,0.11962,0.11735,0.17211,0.14917,0.1063,0.089948,0.11461,0.054962,0.15877,0.20253,0.14223,0.022657,0.082539,0.096771,0.13503,0.065932,0.049573,0.15145,0.030034,0.20179,0.050748,0.12841,0.098662,0.1511,0.098083,0.041724,0.54182,0.17236,0.13895,0.11366,0.14022,0.16028,0.10235,0.10159,0.092036,0.089903,0.08244,0.079044,0.073948,0.08677,0.089454,0.088448,0.087246,0.08785,0.085048,0.086704,0.076777,0.08524,0.087796,0.097922,0.06953,0.07722,0.077172,0.074928,0.093962,0.10575,0.11785,0.087798
0.14706,0.172,0.18839,0.039618,0.23034,0.078478,0.21627,0.09723,0.137,0.12237,0.11701,0.11,0.1118,0.13342,0.12756,0.14096,0.053624,0.14259,0.14829,0.12076,0.31541,0.059048,0.12489,0.025339,0.076604,0.068073,0.056511,0.046741,0.19547,0.092012,0.04336,0.017218,0.61804,0.069948,0.11115,0.11597,0.090911,0.10956,0.13565,0.15757,0.13852,0.14601,0.15034,0.15403,0.16134,0.15709,0.16481,0.16216,0.1428,0.16727,0.1653,0.16804,0.15179,0.16917,0.17226,0.17119,0.16663,0.16019,0.16681,0.14681,0.17251,0.17656,0.16179,0.17556
0.058824,0.15009,0.21093,0.070465,0.41177,0.19855,0.1878,0.11278,0.17251,0.095005,0.075812,0.17428,0.47281,0.070661,0.21491,0.13567,0.28795,0.10247,0.1205,0.16125,0.25193,0.14879,0.17763,0.19594,0.085744,0.10882,0.10644,0.21456,0.12847,0.15257,0.16569,0.075672,0.6062,0.070076,0.044637,0.047466,0.053446,0.061432,0.039298,0.032325,0.024423,0.027119,0.025023,0.023588,0.024036,0.020801,0.020159,0.020277,0.024603,0.021824,0.021812,0.02185,0.028084,0.024608,0.026281,0.028921,0.037264,0.031673,0.034218,0.042991,0.10483,0.031763,0.033799,0.030961
0.23529,0.64091,0.56488,0.30306,0.73654,0.30351,0.35811,0.10651,0.49303,0.35794,0.45334,0.32987,0.29804,0.29193,0.12519,0.21428,0.34643,0.33389,0.34757,0.24903,0.21014,0.24047,0.42011,0.30567,0.056855,0.13439,0.46846,0.33488,0.096877,0.34892,0.34423,0.34098,0.62811,0.35901,0.40165,0.42552,0.35675,0.4521,0.42885,0.441,0.44797,0.4457,0.44919,0.45583,0.46126,0.46361,0.4687,0.47328,0.47849,0.47884,0.4848,0.49098,0.47983,0.49321,0.50104,0.50191,0.48584,0.51255,0.51111,0.50007,0.48233,0.52282,0.51794,0.52925
0.55882,0.92952,0.7763,0.57866,0.88833,0.50537,0.60565,0.3192,0.82212,0.49528,0.66105,0.46267,0.62884,0.55612,0.5655,0.55707,0.52295,0.51563,0.63091,0.57148,0.40671,0.47291,0.59892,0.58718,0.21425,0.43339,0.65407,0.54615,0.15403,0.44603,0.58493,0.64917,0.12437,0.6269,0.6394,0.67779,0.72002,0.68657,0.69152,0.69912,0.70138,0.69956,0.69922,0.69881,0.69715,0.69642,0.69509,0.69422,0.69474,0.69103,0.68982,0.68792,0.6877,0.68574,0.68433,0.68306,0.68014,0.6815,0.68011,0.67876,0.70007,0.67726,0.67669,0.67662
0.85294,0.95145,0.76881,0.59975,0.90508,0.5341,0.54153,0.3441,0.8382,0.56013,0.64827,0.39926,0.51495,0.62899,0.59415,0.5467,0.44032,0.42791,0.56125,0.45179,0.17088,0.49086,0.57452,0.60524,0.16955,0.41977,0.58115,0.54657,0.23807,0.44265,0.64903,0.6428,0.39807,0.76573,0.77097,0.75881,0.7286,0.82259,0.79538,0.7923,0.80037,0.80521,0.80783,0.81212,0.81687,0.81865,0.82276,0.8251,0.83235,0.82954,0.83258,0.83604,0.82717,0.83959,0.84131,0.84286,0.84401,0.84562,0.84697,0.84168,0.83388,0.85216,0.85281,0.85294
0.52941,0.87727,0.70798,0.45468,0.84627,0.44727,0.43864,0.25094,0.52386,0.46999,0.53715,0.25303,0.19206,0.24397,0.41208,0.32171,0.28372,0.24654,0.32374,0.16473,0.10699,0.33301,0.31807,0.31318,0.052482,0.37679,0.43204,0.36496,0.20698,0.2605,0.4886,0.52891,0.16971,0.67149,0.67183,0.68251,0.59043,0.7407,0.72201,0.75975,0.78298,0.77527,0.77864,0.78305,0.78226,0.78609,0.78944,0.79057,0.78856,0.79257,0.79462,0.79529,0.81356,0.79729,0.79774,0.79862,0.79252,0.79464,0.79537,0.7967,0.7973,0.79481,0.79411,0.79441
0.73529,0.96118,0.82471,0.66407,0.88692,0.62643,0.62558,0.43988,0.84854,0.78013,0.89204,0.61055,0.67259,0.71518,0.76837,0.8005,0.49991,0.74723,0.87694,0.71612,0.47067,0.73725,0.81283,0.85828,0.19504,0.69752,0.82274,0.83591,0.29874,0.75793,0.88407,0.86057,0.40563,0.89508,0.90465,0.90704,0.91375,0.92066,0.92149,0.92251,0.92203,0.92337,0.92364,0.9245,0.92569,0.92549,0.92593,0.92653,0.92513,0.92767,0.92776,0.92813,0.92537,0.92923,0.92928,0.93275,0.94184,0.92738,0.92529,0.91418,0.9131,0.92866,0.92782,0.9408
0.029412,0.66651,0.57118,0.2417,0.61813,0.28456,0.23802,0.16795,0.61853,0.52038,0.44161,0.37728,0.37108,0.33629,0.20754,0.26141,0.12297,0.37159,0.42938,0.27557,0.060629,0.39421,0.37171,0.35072,0.11703,0.26452,0.37267,0.42138,0.031877,0.37503,0.40364,0.41559,0.59963,0.50284,0.53868,0.52595,0.42051,0.55275,0.54429,0.55008,0.55144,0.55221,0.55335,0.55434,0.55467,0.55551,0.55578,0.55653,0.55632,0.55745,0.5575,0.55747,0.52845,0.55835,0.55854,0.55848,0.55353,0.55852,0.55896,0.5579,0.54104,0.55867,0.55873,0.55884
0.029412,0.28794,0.1234,0.18648,0.049978,0.050644,0.16211,0.11087,0.61207,0.31186,0.017015,0.19369,0.29233,0.26562,0.052313,0.032713,0.10643,0.24298,0.17396,0.2086,0.095865,0.20732,0.19573,0.16258,0.089419,0.027188,0.13994,0.059366,0.13502,0.19389,0.089365,0.071382,0.59458,0.12794,0.14503,0.13004,0.047666,0.1084,0.1338,0.11479,0.095483,0.099732,0.099068,0.093842,0.084151,0.087465,0.084593,0.08345,0.086287,0.081737,0.079371,0.083986,0.074275,0.080802,0.080315,0.077278,0.068371,0.065777,0.067694,0.066785,0.040515,0.035821,0.040789,0.029649
