0.1087,0.26514,0.098941,0.053979,0.13631,0.17663,0.038185,0.074859,0.11219,0.089196,0.13464,0.032083,0.067698,0.10148,0.21397,0.15615,0.09948,0.099881,0.04509,0.083077,0.2046,0.086901,0.1496,0.082354,0.053301,0.12147,0.19017,0.13574,0.21328,0.070842,0.10052,0.060666,0.31548,0.099314,0.11282,0.11361,0.098156,0.14439,0.13492,0.1545,0.14533,0.1545,0.15486,0.1552,0.15576,0.15887,0.16048,0.15959,0.15924,0.16088,0.16039,0.16008,0.15976,0.16107,0.15983,0.1591,0.15242,0.15859,0.1567,0.15518,0.12401,0.15416,0.15197,0.15216
0.1087,0.13092,0.10433,0.11417,0.1677,0.16207,0.028797,0.16839,0.12182,0.055776,0.07386,0.047232,0.11634,0.08935,0.17515,0.22445,0.11105,0.16878,0.12193,0.12051,0.044381,0.036074,0.13449,0.071236,0.063041,0.036645,0.014267,0.059651,0.1267,0.1317,0.025801,0.036114,0.36572,0.04957,0.032794,0.030417,0.075759,0.059616,0.050854,0.057618,0.06154,0.07773,0.079927,0.081946,0.085416,0.08416,0.084729,0.081233,0.10387,0.083908,0.081958,0.081628,0.088631,0.082961,0.079702,0.079829,0.091562,0.076676,0.076216,0.07286,0.080148,0.06897,0.08105,0.073612
0,0.12403,0.17971,0.13473,0.13123,0.092585,0.14365,0.18239,0.057434,0.15364,0.077451,0.067646,0.11603,0.15108,0.068767,0.029828,0.19641,0.045204,0.063214,0.090367,0.085881,0.10652,0.10443,0.10518,0.083462,0.045295,0.10596,0.077517,0.094338,0.076089,0.017891,0.047947,0.44211,0.085677,0.080483,0.082272,0.10771,0.073947,0.083253,0.076017,0.076763,0.073541,0.070212,0.067878,0.049598,0.061586,0.045716,0.041066,0.041198,0.033291,0.03327,0.03054,0.043948,0.02605,0.02549,0.020378,0.030205,0.01556,0.013943,0.010558,0.0068478,0.01448,0.016339,0.015862
0.086957,0.16359,0.1846,0.16304,0.12074,0.10535,0.064835,0.020275,0.10538,0.14321,0.15066,0.15401,0.036493,0.12796,0.14063,0.040157,0.065205,0.16148,0.14959,0.057613,0.059843,0.094816,0.028401,0.11342,0.13809,0.091601,0.022472,0.05005,0.079202,0.11647,0.10893,0.11373,0.47289,0.10219,0.083596,0.088605,0.092758,0.087019,0.085891,0.088713,0.085223,0.092552,0.094853,0.095988,0.10031,0.098233,0.097665,0.10319,0.11527,0.10682,0.11051,0.11165,0.10846,0.11963,0.11923,0.12031,0.1069,0.12147,0.12606,0.1266,0.14612,0.12913,0.12503,0.11278
0,0.18364,0.12006,0.18392,0.15091,0.10574,0.084647,0.039511,0.089928,0.092846,0.10566,0.13821,0.040728,0.1634,0.063401,0.05411,0.094896,0.094933,0.10961,0.13869,0.17011,0.037919,0.012616,0.10882,0.1998,0.06532,0.055475,0.099527,0.042622,0.1162,0.030234,0.0074398,0.46513,0.062576,0.05338,0.0544,0.077745,0.051991,0.071538,0.062989,0.056742,0.058503,0.063298,0.064778,0.078994,0.065386,0.068895,0.076309,0.10022,0.064996,0.076946,0.08088,0.095406,0.095957,0.096575,0.098796,0.1012,0.10498,0.10031,0.077242,0.13266,0.10323,0.10424,0.10866
0.086957,0.1066,0.085368,0.12017,0.13719,0.084412,0.078285,0.036495,0.05949,0.06929,0.16884,0.07153,0.1123,0.097641,0.031231,0.055513,0.12237,0.061511,0.042821,0.061528,0.14405,0.069738,0.016848,0.014709,0.098953,0.055163,0.036397,0.15247,0.052766,0.11405,0.075089,0.062169,0.14254,0.11709,0.083779,0.07318,0.056993,0.073887,0.07015,0.038985,0.031236,0.045931,0.046627,0.051709,0.072239,0.054116,0.054958,0.051056,0.059046,0.046254,0.047805,0.050001,0.055741,0.05451,0.058664,0.063894,0.083297,0.059378,0.060337,0.069376,0.07164,0.061352,0.061014,0.063456
0.086957,0.11095,0.11372,0.2268,0.1672,0.01702,0.13554,0.20884,0.021027,0.041662,0.0090286,0.032616,0.1439,0.089924,0.074902,0.089526,0.078,0.12434,0.070485,0.088466,0.16201,0.033782,0.067158,0.04539,0.083763,0.093923,0.087338,0.092904,0.099576,0.069363,0.026607,0.070282,0.034802,0.094366,0.10316,0.11526,0.05529,0.092329,0.10898,0.1242,0.1287,0.12926,0.13414,0.13797,0.13117,0.14327,0.14467,0.14885,0.15924,0.15384,0.15939,0.16312,0.18763,0.16902,0.17312,0.17598,0.1883,0.1851,0.18487,0.1848,0.17799,0.19722,0.19492,0.21515
0.086957,0.17243,0.14634,0.23012,0.18183,0.11876,0.094729,0.11268,0.036815,0.088523,0.14624,0.035212,0.077014,0.059269,0.10141,0.090709,0.060971,0.065031,0.051476,0.021675,0.14346,0.050785,0.053938,0.080419,0.12945,0.050977,0.040033,0.025301,0.13052,0.031654,0.039024,0.0070449,0.081674,0.07325,0.07616,0.079416,0.063291,0.055056,0.060603,0.076853,0.064093,0.066038,0.058368,0.055284,0.066928,0.051734,0.051239,0.045963,0.062953,0.051777,0.048752,0.04789,0.069857,0.043418,0.046487,0.04467,0.063087,0.041424,0.043402,0.046408,0.072668,0.054046,0.045659,0.044801
0.1087,0.081169,0.06737,0.17429,0.13212,0.019503,0.042992,0.10961,0.11433,0.1119,0.038791,0.016861,0.060507,0.058781,0.083391,0.10077,0.094117,0.054445,0.12021,0.080418,0.1457,0.10242,0.10607,0.1583,0.082189,0.039178,0.092899,0.054851,0.061407,0.080607,0.056133,0.078897,0.030371,0.086752,0.063558,0.062112,0.10754,0.038685,0.046357,0.041335,0.045608,0.047032,0.04322,0.026081,0.04356,0.028501,0.029328,0.030413,0.031087,0.033093,0.033211,0.033211,0.04398,0.038829,0.039674,0.038194,0.055119,0.047279,0.050007,0.054152,0.028243,0.057447,0.057181,0.063106
0.1087,0.13996,0.073961,0.16454,0.2045,0.10361,0.035256,0.068267,0.028766,0.1493,0.08461,0.15612,0.18504,0.10513,0.1581,0.028197,0.05884,0.080647,0.20689,0.10507,0.099069,0.083954,0.081215,0.10643,0.10148,0.073155,0.1197,0.053716,0.10002,0.03001,0.038356,0.097665,0.56955,0.14096,0.15695,0.16616,0.075426,0.17613,0.15824,0.15921,0.16439,0.17547,0.17815,0.17892,0.17784,0.18393,0.1838,0.1841,0.17507,0.18319,0.186,0.18577,0.2003,0.18805,0.18942,0.1903,0.16804,0.18755,0.18956,0.19368,0.15784,0.17753,0.17291,0.19047
0.086957,0.10522,0.12653,0.19235,0.1445,0.10291,0.057241,0.11781,0.06346,0.13259,0.038854,0.11353,0.07369,0.19041,0.10885,0.06254,0.06797,0.083114,0.036997,0.054005,0.034409,0.10247,0.089861,0.09513,0.039972,0.057059,0.048227,0.049662,0.12999,0.15764,0.066655,0.085193,0.55882,0.17774,0.17825,0.17345,0.084963,0.14724,0.16189,0.15628,0.15092,0.15095,0.15095,0.15083,0.14991,0.15034,0.15043,0.15064,0.14826,0.15094,0.15085,0.15049,0.14383,0.15297,0.1524,0.15076,0.12991,0.15216,0.1521,0.15291,0.15732,0.15168,0.1516,0.1521
0.043478,0.064753,0.035519,0.088706,0.077762,0.22984,0.094602,0.14533,0.14889,0.08674,0.063795,0.097706,0.076694,0.17383,0.10522,0.050515,0.050413,0.057884,0.08961,0.23634,0.052991,0.18029,0.19327,0.13089,0.027695,0.15063,0.021427,0.060986,0.017026,0.028523,0.096888,0.11039,0.47877,0.01675,0.012385,0.0094328,0.012244,0.036088,0.022269,0.023682,0.020468,0.022299,0.019026,0.01696,0.023624,0.015627,0.014096,0.014167,0.017138,0.011637,0.011199,0.011343,0.012635,0.010355,0.0099158,0.01091,0.014095,0.0090118,0.0094432,0.012564,0.078776,0.013323,0.011067,0.009748
0.1087,0.064072,0.034119,0.058502,0.16773,0.076652,0.039373,0.1173,0.14646,0.14988,0.036233,0.14978,0.09898,0.08701,0.15656,0.13824,0.056938,0.043317,0.084776,0.1282,0.031991,0.072517,0.073547,0.03053,0.077831,0.19758,0.12494,0.14374,0.13469,0.097593,0.11162,0.10657,0.32045,0.086497,0.12235,0.10709,0.040556,0.13178,0.13019,0.12966,0.13655,0.13349,0.13471,0.13456,0.13479,0.1386,0.13931,0.14002,0.14056,0.13966,0.14031,0.14041,0.15311,0.14412,0.14111,0.14101,0.13225,0.14041,0.1381,0.14147,0.1574,0.14317,0.14425,0.1417
0.17391,0.082731,0.065081,0.03699,0.11263,0.10483,0.010991,0.050064,0.19803,0.11393,0.10835,0.059406,0.054516,0.063915,0.023407,0.064323,0.068236,0.10792,0.020366,0.098147,0.05794,0.039874,0.023228,0.10221,0.039229,0.077587,0.14419,0.073597,0.051793,0.015064,0.075511,0.070387,0.047995,0.10658,0.11419,0.11834,0.043461,0.099614,0.12454,0.1334,0.13944,0.12956,0.1284,0.12743,0.12063,0.126,0.12427,0.12452,0.125,0.12708,0.12515,0.12527,0.11333,0.12773,0.12845,0.12758,0.12555,0.12668,0.12724,0.12137,0.10516,0.1263,0.13294,0.12817
0.1087,0.68926,0.73513,0.61117,0.90241,0.33197,0.16444,0.16848,0.38749,0.20795,0.13654,0.24066,0.24217,0.013251,0.058999,0.085251,0.066773,0.12666,0.086113,0.04522,0.26428,0.056959,0.1535,0.080923,0.10965,0.16618,0.16345,0.10824,0.064293,0.042623,0.22533,0.24869,0.10993,0.25195,0.25699,0.27046,0.26162,0.25987,0.2669,0.2691,0.26173,0.26304,0.25906,0.25569,0.25418,0.25029,0.24709,0.24584,0.24379,0.24177,0.24084,0.2404,0.25906,0.2374,0.23782,0.23941,0.23811,0.23025,0.22962,0.22925,0.25884,0.22933,0.22998,0.22582
0.021739,0.10736,0.058987,0.13217,0.075033,0.11454,0.13402,0.064407,0.094393,0.082075,0.062213,0.1184,0.14887,0.13559,0.036155,0.085672,0.18745,0.0098303,0.069315,0.12162,0.13719,0.10984,0.15001,0.10616,0.084854,0.13321,0.10359,0.054201,0.044442,0.068345,0.035263,0.075353,0.057393,0.073011,0.043391,0.041807,0.12966,0.075182,0.041087,0.056792,0.050491,0.055804,0.05704,0.058994,0.060197,0.062484,0.063497,0.065584,0.070654,0.087864,0.090824,0.094414,0.090116,0.095289,0.096882,0.099672,0.09501,0.10051,0.10396,0.10504,0.066762,0.10193,0.10425,0.10488
0.15217,0.16817,0.081925,0.15231,0.042166,0.09522,0.14156,0.042451,0.063528,0.064886,0.10866,0.030077,0.14594,0.15478,0.086685,0.032483,0.12983,0.040892,0.03048,0.12343,0.23996,0.019458,0.047291,0.08701,0.075055,0.1026,0.088833,0.081689,0.087357,0.11055,0.18195,0.090741,0.11027,0.18698,0.16812,0.16111,0.099371,0.15948,0.15702,0.13198,0.1274,0.11967,0.11765,0.11574,0.11654,0.11334,0.11239,0.11113,0.10735,0.1105,0.1108,0.11051,0.11204,0.10898,0.10953,0.10972,0.12525,0.10773,0.1087,0.1071,0.14153,0.1094,0.1134,0.10871
0.021739,0.14112,0.069362,0.14703,0.20911,0.10067,0.053765,0.049226,0.06141,0.1667,0.074658,0.11389,0.12727,0.068561,0.048095,0.045735,0.11983,0.023615,0.013842,0.14181,0.11267,0.061654,0.073527,0.035442,0.067117,0.063551,0.079543,0.041539,0.016194,0.038492,0.11242,0.11189,0.1683,0.071054,0.076069,0.069801,0.066933,0.071346,0.078878,0.078686,0.078048,0.081421,0.082429,0.083413,0.08246,0.085004,0.085892,0.08679,0.086806,0.089161,0.090014,0.090451,0.086281,0.093633,0.093851,0.095223,0.089448,0.098904,0.1009,0.10606,0.097576,0.088204,0.089555,0.08981
0.065217,0.16211,0.099516,0.16331,0.18914,0.12555,0.1168,0.10817,0.065912,0.085776,0.045279,0.061467,0.10014,0.17996,0.051006,0.039025,0.107,0.16925,0.055861,0.12729,0.09938,0.13866,0.20006,0.090354,0.086555,0.189,0.069434,0.096783,0.18253,0.11226,0.10266,0.14087,0.53544,0.15153,0.12874,0.11413,0.084269,0.11936,0.093642,0.09931,0.096901,0.098863,0.09822,0.097825,0.09528,0.097432,0.097282,0.097667,0.098457,0.096023,0.097143,0.095749,0.10253,0.098503,0.097438,0.098229,0.075728,0.095824,0.096651,0.098156,0.086471,0.09974,0.09872,0.093522
0.13043,0.082175,0.094603,0.22399,0.26732,0.17793,0.07645,0.057352,0.055507,0.096813,0.13625,0.077416,0.10931,0.2056,0.073798,0.089307,0.090986,0.076672,0.04452,0.105,0.061698,0.099169,0.0641,0.051083,0.073821,0.092067,0.12001,0.082785,0.092287,0.054991,0.068606,0.088517,0.5445,0.13102,0.1023,0.08535,0.16964,0.07144,0.064435,0.064759,0.068598,0.072703,0.071983,0.072494,0.065427,0.072005,0.072354,0.073135,0.055527,0.072461,0.074128,0.074856,0.071394,0.077899,0.076737,0.078461,0.082339,0.082033,0.076002,0.070489,0.09013,0.085191,0.082577,0.087297
0.021739,0.20509,0.05244,0.14915,0.45383,0.19535,0.12609,0.090127,0.31704,0.072642,0.034608,0.085423,0.28974,0.14951,0.11193,0.058013,0.035666,0.049294,0.092171,0.069161,0.081902,0.10213,0.093877,0.025521,0.057976,0.10737,0.038715,0.082628,0.084019,0.062101,0.051276,0.0072637,0.1036,0.11014,0.1195,0.1224,0.099458,0.13512,0.12799,0.12952,0.14594,0.13755,0.1368,0.1428,0.15024,0.15685,0.15894,0.15928,0.15731,0.16119,0.16252,0.16238,0.14947,0.16208,0.16246,0.163,0.14544,0.16142,0.15884,0.15908,0.12219,0.15375,0.15356,0.15233
0.23913,0.15577,0.062391,0.12975,0.4756,0.11711,0.13775,0.12113,0.26282,0.1239,0.13922,0.19698,0.33063,0.098912,0.060354,0.12577,0.17066,0.086201,0.092148,0.039574,0.12245,0.1594,0.17276,0.1138,0.18171,0.083672,0.11698,0.090933,0.028306,0.085436,0.052486,0.05913,0.2222,0.016708,0.028699,0.016478,0.086047,0.025324,0.026902,0.02373,0.023617,0.023632,0.022704,0.021954,0.019123,0.019723,0.018743,0.018018,0.014496,0.017235,0.016522,0.016261,0.011282,0.014772,0.015091,0.015237,0.020715,0.014548,0.017058,0.019297,0.02897,0.01863,0.019831,0.019277
0.43478,0.10196,0.093078,0.15093,0.37699,0.10955,0.025684,0.066691,0.25038,0.090664,0.12419,0.040382,0.20968,0.08209,0.062272,0.068638,0.18093,0.17455,0.12072,0.048361,0.09552,0.053985,0.090055,0.088963,0.16482,0.07206,0.14921,0.089685,0.025585,0.020132,0.058831,0.095472,0.19369,0.098237,0.083659,0.068288,0.030773,0.087389,0.074835,0.061402,0.072437,0.05305,0.05227,0.050366,0.053498,0.050165,0.048978,0.0498,0.052633,0.049794,0.04947,0.04985,0.037733,0.048582,0.049029,0.048812,0.065871,0.049577,0.049063,0.048445,0.05042,0.048065,0.043192,0.049207
0.52174,0.33969,0.17772,0.10819,0.57767,0.19173,0.078621,0.049102,0.16897,0.094384,0.11467,0.099678,0.11777,0.10433,0.046833,0.083116,0.01936,0.13853,0.10604,0.12707,0.078777,0.053939,0.14724,0.080136,0.039032,0.06721,0.014122,0.0098657,0.037819,0.054807,0.24987,0.19058,0.14696,0.1203,0.12851,0.12643,0.10866,0.12319,0.10208,0.10208,0.10037,0.10166,0.098643,0.097213,0.094135,0.095113,0.093906,0.092561,0.079745,0.091069,0.090434,0.091644,0.091095,0.087274,0.086603,0.088878,0.074865,0.076683,0.076309,0.07217,0.072032,0.084835,0.075732,0.076318
0.3913,0.17747,0.034353,0.16591,0.22894,0.12137,0.056319,0.23743,0.21851,0.015042,0.10228,0.15714,0.20185,0.12211,0.044869,0.062337,0.16983,0.2859,0.10803,0.11037,0.22452,0.082529,0.094607,0.070234,0.12159,0.046245,0.054391,0.029718,0.10569,0.12129,0.06296,0.068051,0.050445,0.065481,0.05684,0.048997,0.081936,0.044659,0.048358,0.05764,0.056105,0.055029,0.058154,0.059172,0.058553,0.062926,0.064245,0.064767,0.072275,0.067857,0.069077,0.069266,0.074904,0.071557,0.072442,0.073876,0.069327,0.077809,0.074693,0.082166,0.092103,0.075053,0.087597,0.07783
0.021739,0.16113,0.06023,0.084183,0.16995,0.088485,0.083419,0.17576,0.11902,0.048179,0.028015,0.16144,0.38275,0.19976,0.0071945,0.0078291,0.10278,0.17009,0.13095,0.11994,0.25167,0.17067,0.07722,0.10799,0.1367,0.079966,0.12516,0.045775,0.15954,0.092215,0.055377,0.12302,0.30313,0.041307,0.064139,0.07366,0.069141,0.10921,0.093874,0.094875,0.090641,0.094769,0.092706,0.090638,0.089507,0.08924,0.088084,0.086539,0.077747,0.083038,0.081763,0.079945,0.087728,0.078398,0.076402,0.075945,0.082651,0.070705,0.071077,0.070125,0.10508,0.065239,0.067753,0.066094
0.021739,0.41975,0.32579,0.31821,0.80785,0.24969,0.16332,0.26874,0.14147,0.14905,0.1195,0.1559,0.29723,0.164,0.11035,0.096823,0.023357,0.19026,0.11028,0.15004,0.33597,0.10535,0.090914,0.054436,0.17155,0.099932,0.074478,0.063947,0.092672,0.16636,0.068282,0.082547,0.19794,0.059927,0.045071,0.051519,0.11559,0.064139,0.040469,0.044459,0.041938,0.040509,0.039612,0.039339,0.037911,0.039007,0.038754,0.039392,0.042155,0.040008,0.040112,0.040932,0.036923,0.041977,0.041879,0.041683,0.060643,0.043815,0.046373,0.045382,0.072698,0.043087,0.044886,0.044187
0.021739,0.66404,0.68042,0.63858,0.91284,0.39374,0.20667,0.18027,0.33734,0.2295,0.16487,0.26574,0.20975,0.035763,0.032295,0.076773,0.049789,0.12727,0.088823,0.076032,0.12593,0.10126,0.15789,0.092126,0.10949,0.15758,0.15092,0.1637,0.044197,0.075449,0.16353,0.22848,0.11959,0.22605,0.23607,0.23432,0.26484,0.24113,0.26222,0.24698,0.2456,0.24186,0.24161,0.24122,0.24256,0.2441,0.24388,0.24369,0.24473,0.24114,0.24483,0.24564,0.23893,0.2454,0.24756,0.24754,0.24145,0.24767,0.25049,0.25577,0.24307,0.25458,0.2574,0.25785
0.15217,0.42667,0.18511,0.17325,0.83217,0.58481,0.43756,0.4979,0.061533,0.3013,0.34014,0.33652,0.11653,0.2582,0.35783,0.31532,0.23081,0.18005,0.29038,0.21556,0.28576,0.2181,0.18974,0.2181,0.18202,0.22968,0.23376,0.25899,0.069708,0.32313,0.39071,0.38542,0.30477,0.38231,0.37573,0.38104,0.39464,0.40935,0.41291,0.40619,0.4087,0.41014,0.41171,0.4134,0.4161,0.41708,0.41864,0.41997,0.42095,0.42296,0.42447,0.42603,0.42493,0.42797,0.42893,0.42982,0.42957,0.43208,0.43273,0.43361,0.4374,0.43426,0.43455,0.4347
0.28261,0.19615,0.23551,0.21504,0.44051,0.15179,0.14196,0.20297,0.039577,0.1356,0.19019,0.14723,0.047995,0.2149,0.22614,0.1423,0.06087,0.10655,0.2113,0.072685,0.10544,0.12381,0.14606,0.14811,0.13746,0.26905,0.23591,0.22959,0.014871,0.1673,0.17095,0.19514,0.55394,0.19834,0.17999,0.17794,0.25655,0.18556,0.18577,0.18562,0.18261,0.18132,0.18034,0.17942,0.17593,0.17698,0.17616,0.17426,0.17091,0.17205,0.17107,0.17017,0.17431,0.16708,0.16651,0.16849,0.1736,0.15476,0.15722,0.15198,0.18008,0.16301,0.15802,0.16717
0.065217,0.25423,0.12408,0.25361,0.1346,0.1359,0.14576,0.13511,0.10408,0.1951,0.24972,0.037676,0.10728,0.17925,0.13283,0.13141,0.17698,0.15796,0.18019,0.23706,0.16832,0.11967,0.13003,0.045714,0.11616,0.1591,0.020413,0.11666,0.075724,0.13116,0.17501,0.26275,0.49592,0.18494,0.18139,0.19307,0.184,0.19711,0.23468,0.23676,0.22615,0.24002,0.24186,0.24565,0.2429,0.24788,0.24992,0.25095,0.24826,0.25297,0.25407,0.25717,0.26324,0.25742,0.25872,0.2597,0.27416,0.26519,0.26028,0.25122,0.26346,0.27988,0.27651,0.27601
0.043478,0.20408,0.16251,0.1414,0.034628,0.044415,0.074635,0.11106,0.045382,0.10684,0.1013,0.089846,0.088278,0.012679,0.076748,0.030346,0.10111,0.17265,0.09698,0.10138,0.064284,0.08576,0.097526,0.027161,0.076972,0.087437,0.04779,0.026453,0.093088,0.073282,0.018563,0.053692,0.30266,0.096512,0.092465,0.095584,0.077189,0.084338,0.087999,0.089973,0.086706,0.089321,0.087465,0.087848,0.087536,0.085095,0.08267,0.081378,0.082144,0.079773,0.076472,0.075061,0.080195,0.075083,0.071388,0.068787,0.08105,0.070049,0.068479,0.067201,0.14344,0.067071,0.066673,0.069862
0.13043,0.32565,0.055585,0.10988,0.32175,0.10629,0.065947,0.085552,0.013354,0.16203,0.15437,0.098909,0.084957,0.13009,0.11251,0.17572,0.039858,0.12956,0.090127,0.12256,0.15953,0.15419,0.15685,0.067425,0.11625,0.10724,0.10704,0.15499,0.11104,0.046218,0.073261,0.019822,0.18044,0.1177,0.13207,0.13571,0.05781,0.1555,0.1653,0.1657,0.16757,0.17521,0.17745,0.17832,0.1779,0.18099,0.18173,0.18255,0.17947,0.18624,0.1867,0.18745,0.18887,0.18837,0.18904,0.18858,0.19066,0.19274,0.19191,0.19217,0.13822,0.19418,0.19467,0.19546
0.086957,0.25117,0.036213,0.14688,0.21412,0.067792,0.043116,0.089782,0.2237,0.096465,0.058332,0.07741,0.085297,0.12997,0.12973,0.12213,0.080713,0.12924,0.13018,0.15396,0.071212,0.12325,0.095007,0.093814,0.088843,0.052959,0.0088853,0.04123,0.13209,0.056977,0.043974,0.071625,0.34297,0.047784,0.01452,0.013908,0.042956,0.014682,0.018271,0.0044694,0.0086698,0.004335,0.0061116,0.0084983,0.018233,0.012978,0.016627,0.019637,0.030208,0.029107,0.034214,0.037276,0.038812,0.041302,0.045552,0.047627,0.054857,0.052397,0.054813,0.062917,0.018503,0.052065,0.064089,0.060928
0.1087,0.21033,0.047815,0.07612,0.15267,0.11387,0.1067,0.055567,0.2175,0.14993,0.12931,0.04531,0.20607,0.12969,0.14614,0.089575,0.16802,0.058706,0.012589,0.11639,0.0092209,0.10628,0.10707,0.10218,0.17493,0.18854,0.22104,0.13751,0.15524,0.033478,0.05713,0.040277,0.18601,0.11974,0.11417,0.10726,0.096977,0.12365,0.11637,0.1162,0.11398,0.11689,0.11686,0.1171,0.11381,0.1195,0.11963,0.12088,0.12261,0.12292,0.12326,0.1245,0.13829,0.12411,0.12569,0.12612,0.11946,0.12925,0.12946,0.1308,0.11771,0.12924,0.13027,0.13036
0.043478,0.0805,0.050249,0.14721,0.11377,0.10211,0.24683,0.15254,0.043694,0.028467,0.012196,0.116,0.12182,0.13718,0.051008,0.10283,0.15483,0.031094,0.13939,0.015939,0.11504,0.068455,0.079164,0.090511,0.10263,0.12666,0.10289,0.13421,0.10074,0.077085,0.10799,0.16098,0.42917,0.090651,0.13455,0.13738,0.053852,0.12527,0.13329,0.13007,0.13425,0.12856,0.12625,0.12284,0.12128,0.11747,0.11671,0.11499,0.11894,0.11331,0.11235,0.11146,0.1146,0.11125,0.11033,0.11043,0.1224,0.11014,0.10972,0.10871,0.13688,0.10834,0.10868,0.1087
0.065217,0.08208,0.059875,0.074221,0.10532,0.071701,0.21304,0.24913,0.076826,0.054343,0.053644,0.12009,0.083755,0.055591,0.091813,0.13283,0.10956,0.024226,0.10258,0.025932,0.07211,0.011002,0.094937,0.067051,0.12741,0.058844,0.037488,0.031941,0.069973,0.08036,0.054167,0.044093,0.39061,0.069834,0.056779,0.066838,0.034876,0.036305,0.034429,0.030591,0.032265,0.035324,0.033824,0.033599,0.044316,0.029151,0.032498,0.019249,0.028501,0.027182,0.02767,0.023494,0.042781,0.032802,0.031839,0.02654,0.02927,0.027248,0.02427,0.021699,0.030055,0.026955,0.021953,0.021955
0.043478,0.20085,0.038654,0.24924,0.18602,0.10252,0.15422,0.056047,0.076962,0.046788,0.1017,0.055049,0.15087,0.15297,0.11046,0.10854,0.019295,0.040487,0.068503,0.059146,0.12322,0.12581,0.0078441,0.040043,0.071179,0.077359,0.060425,0.083092,0.054975,0.12281,0.15462,0.11671,0.49653,0.10775,0.093745,0.095494,0.11119,0.073299,0.10158,0.10335,0.1004,0.10649,0.10729,0.10721,0.10199,0.1088,0.10923,0.11011,0.10432,0.11056,0.11121,0.11252,0.09212,0.10909,0.11308,0.098227,0.09345,0.10814,0.094518,0.10131,0.115,0.084828,0.08803,0.093006
0.043478,0.11468,0.055096,0.21756,0.050691,0.10342,0.22859,0.10458,0.14546,0.10002,0.064304,0.055449,0.098296,0.15638,0.043285,0.028568,0.14372,0.067766,0.089963,0.080608,0.062566,0.11454,0.13832,0.049599,0.15042,0.13235,0.19516,0.10006,0.089985,0.081982,0.12987,0.1368,0.35703,0.15402,0.13656,0.12274,0.082993,0.10544,0.10071,0.094058,0.099359,0.10196,0.10237,0.10178,0.10026,0.10223,0.10132,0.10115,0.1019,0.1014,0.10033,0.10024,0.099497,0.099913,0.099794,0.10061,0.093495,0.09974,0.099546,0.10322,0.12372,0.10378,0.10447,0.10727
0.086957,0.12755,0.07655,0.072703,0.16019,0.16531,0.21749,0.092617,0.055794,0.10283,0.0098563,0.060343,0.06107,0.12632,0.083371,0.0051445,0.063287,0.096359,0.11026,0.093867,0.080918,0.058899,0.18372,0.12559,0.044706,0.04836,0.074175,0.038373,0.033436,0.051691,0.10541,0.1013,0.13104,0.059063,0.07333,0.076432,0.080181,0.066151,0.052708,0.05855,0.056536,0.055281,0.05519,0.056471,0.058831,0.056955,0.058062,0.058572,0.058835,0.060845,0.061696,0.063074,0.049328,0.063796,0.064665,0.067041,0.061989,0.064336,0.067879,0.056978,0.11157,0.070365,0.076553,0.058659
0.021739,0.17464,0.096495,0.10022,0.15108,0.07593,0.16195,0.011101,0.056566,0.056678,0.024816,0.07402,0.044207,0.07863,0.14698,0.060779,0.058412,0.054123,0.10951,0.04526,0.038585,0.17155,0.14162,0.083876,0.089951,0.13855,0.035535,0.046993,0.019138,0.12769,0.11658,0.13105,0.044381,0.14444,0.13107,0.13417,0.080337,0.11717,0.12745,0.11125,0.11901,0.11203,0.11133,0.10895,0.10286,0.10652,0.10476,0.10399,0.10903,0.10261,0.099077,0.097579,0.10056,0.095759,0.094167,0.09266,0.14323,0.08745,0.086226,0.083082,0.094975,0.088162,0.087508,0.083957
NaN,0.20642,0.067527,0.098127,0.27797,0.07304,0.12915,0.045081,0.10163,0.045435,0.011352,0.0279,0.12214,0.061193,0.21256,0.061794,0.24926,0.13961,0.070737,0.10865,0.01542,0.027237,0.028812,0.12001,0.19875,0.16464,0.047756,0.095201,0.084453,0.095326,0.064025,0.063974,0.043581,0.077608,0.066058,0.058446,0.036447,0.047761,0.056172,0.066822,0.060638,0.063991,0.064831,0.065594,0.065646,0.067187,0.068327,0.068074,0.070443,0.069343,0.069667,0.069857,0.066059,0.071827,0.072043,0.072747,0.069613,0.072184,0.072425,0.074803,0.058998,0.068125,0.066219,0.065454
0.17391,0.1259,0.08248,0.017012,0.42064,0.068162,0.082769,0.0058518,0.14565,0.19011,0.13836,0.10911,0.11808,0.12202,0.26821,0.067724,0.087891,0.067729,0.041464,0.0076326,0.11918,0.062451,0.06438,0.098904,0.15821,0.029693,0.010512,0.045893,0.16819,0.10081,0.093358,0.062507,0.076957,0.057017,0.064671,0.057546,0.059554,0.073914,0.086524,0.080708,0.086155,0.086579,0.092728,0.097889,0.082798,0.098867,0.098411,0.099811,0.095648,0.10166,0.10175,0.10169,0.098445,0.10159,0.10242,0.1027,0.098302,0.10545,0.10642,0.10779,0.1064,0.10777,0.10829,0.10867
0.021739,0.088484,0.069622,0.052946,0.17181,0.074282,0.077478,0.077486,0.20032,0.090327,0.12493,0.11285,0.21648,0.15333,0.29776,0.059154,0.057633,0.11328,0.054087,0.069137,0.1132,0.1201,0.084882,0.042362,0.06198,0.11115,0.096255,0.058375,0.08366,0.068006,0.074408,0.039248,0.12369,0.10284,0.10793,0.097454,0.045471,0.11651,0.11505,0.10089,0.10482,0.10313,0.10432,0.10525,0.11264,0.10582,0.10573,0.10573,0.11253,0.10798,0.1075,0.10877,0.093787,0.10303,0.10108,0.092788,0.081632,0.10168,0.10285,0.10557,0.11313,0.085147,0.084317,0.086428
0.065217,0.19901,0.08555,0.099965,0.34707,0.12063,0.17387,0.064744,0.073158,0.069517,0.10371,0.19261,0.14867,0.035848,0.1095,0.16687,0.026047,0.068127,0.0721,0.093384,0.064315,0.10879,0.098814,0.051116,0.13068,0.19329,0.17446,0.050281,0.090124,0.044344,0.1003,0.09015,0.18145,0.12664,0.09287,0.086746,0.10315,0.095538,0.11184,0.069803,0.081426,0.068595,0.06572,0.065211,0.062459,0.064213,0.061335,0.062156,0.060446,0.057727,0.058548,0.059029,0.031309,0.061977,0.058976,0.059327,0.07407,0.056403,0.056919,0.060279,0.10173,0.080417,0.060594,0.061899
0,0.10313,0.13587,0.26135,0.16895,0.15027,0.057801,0.1011,0.10827,0.12512,0.10087,0.13585,0.057187,0.051997,0.065817,0.042784,0.03657,0.073885,0.10524,0.066203,0.056315,0.092914,0.068566,0.13576,0.088991,0.20932,0.15776,0.1995,0.12505,0.08991,0.1587,0.15253,0.39477,0.22756,0.22766,0.22856,0.18108,0.21478,0.23752,0.23637,0.22924,0.23409,0.23348,0.23345,0.23725,0.2347,0.23417,0.23566,0.23278,0.23576,0.23634,0.23639,0.22831,0.23717,0.23881,0.24108,0.24914,0.23641,0.24057,0.23866,0.23032,0.23952,0.23494,0.23722
0.021739,0.063402,0.12091,0.19878,0.16343,0.10524,0.11927,0.099671,0.066073,0.13608,0.046703,0.25733,0.12029,0.12144,0.087319,0.021325,0.12536,0.081366,0.080913,0.079254,0.10523,0.11834,0.07718,0.11275,0.06807,0.14094,0.1389,0.094215,0.085442,0.11915,0.13079,0.040365,0.59287,0.052943,0.035468,0.03443,0.12327,0.029146,0.04687,0.039482,0.039891,0.030317,0.02601,0.023552,0.021303,0.021311,0.021458,0.02303,0.023686,0.025478,0.025786,0.02744,0.020977,0.026352,0.027229,0.027405,0.015719,0.023446,0.025348,0.025526,0.059486,0.022404,0.011231,0.021784
0.15217,0.10715,0.08139,0.1511,0.071093,0.19833,0.21694,0.14605,0.076134,0.078703,0.083638,0.2386,0.032526,0.064108,0.15223,0.11218,0.1588,0.15432,0.10623,0.089324,0.082761,0.053193,0.10724,0.063587,0.10443,0.058763,0.026919,0.03017,0.080633,0.11509,0.038201,0.026297,0.6193,0.058744,0.040752,0.037626,0.12867,0.032208,0.028447,0.033731,0.034042,0.034606,0.034539,0.035609,0.031341,0.034536,0.035539,0.036198,0.036112,0.037126,0.038329,0.039244,0.039514,0.039547,0.040553,0.040578,0.049538,0.042044,0.041816,0.042853,0.035529,0.055022,0.046108,0.044013
0.021739,0.27636,0.091711,0.16396,0.17565,0.13853,0.055454,0.064056,0.067758,0.16355,0.16204,0.08467,0.02788,0.086281,0.034009,0.033285,0.040728,0.26033,0.13537,0.084643,0.14081,0.10664,0.13173,0.094929,0.094203,0.14827,0.12381,0.078582,0.03184,0.1214,0.12029,0.25704,0.4985,0.20335,0.19493,0.19361,0.14124,0.20239,0.22199,0.22008,0.21757,0.21541,0.21484,0.21368,0.21457,0.21386,0.21293,0.21274,0.21288,0.21099,0.21138,0.21167,0.21399,0.20956,0.21043,0.20911,0.21247,0.21195,0.21338,0.21706,0.18572,0.20687,0.21168,0.2088
0.15217,0.15213,0.082111,0.10888,0.1118,0.059492,0.06762,0.13668,0.17523,0.12423,0.057357,0.13049,0.1058,0.084472,0.080307,0.097729,0.042144,0.16941,0.18219,0.036897,0.042362,0.072469,0.10371,0.057324,0.11467,0.015553,0.11628,0.018266,0.17327,0.05695,0.034546,0.067428,0.085809,0.086853,0.086868,0.099528,0.13798,0.073377,0.092919,0.10284,0.093408,0.095636,0.099824,0.11155,0.10781,0.12055,0.12377,0.12558,0.12969,0.12723,0.12877,0.13105,0.10518,0.12842,0.13041,0.1298,0.13352,0.13285,0.13201,0.12774,0.11889,0.12729,0.13045,0.12989
0.13043,0.21223,0.1347,0.087224,0.38213,0.14415,0.046842,0.12093,0.24495,0.086276,0.19792,0.052974,0.13544,0.081856,0.12346,0.23029,0.043307,0.096154,0.054033,0.13432,0.044266,0.11074,0.08726,0.10148,0.1435,0.081353,0.062712,0.11591,0.13829,0.030915,0.065853,0.091807,0.15343,0.036623,0.050185,0.0484,0.053949,0.11024,0.078427,0.095113,0.086784,0.089637,0.087681,0.085605,0.093595,0.085048,0.083821,0.081776,0.086879,0.082465,0.079273,0.078457,0.075636,0.071248,0.075897,0.072733,0.070833,0.05589,0.053394,0.047087,0.040036,0.07419,0.06743,0.066132
0.34783,0.56593,0.29335,0.37993,0.47574,0.28004,0.22292,0.18208,0.16436,0.11414,0.067662,0.20401,0.057329,0.050862,0.074808,0.060231,0.1819,0.076695,0.016543,0.051303,0.077201,0.099853,0.11964,0.14706,0.12992,0.076639,0.06558,0.022151,0.094853,0.079303,0.0345,0.015514,0.17868,0.045843,0.040581,0.068888,0.040755,0.051941,0.071446,0.073145,0.075307,0.078183,0.080917,0.083491,0.088611,0.084681,0.085672,0.087517,0.095622,0.08878,0.089981,0.091881,0.095449,0.092444,0.093382,0.094896,0.098051,0.095357,0.096495,0.098519,0.11182,0.092164,0.091518,0.088207
0,0.20048,0.12742,0.067943,0.33278,0.023002,0.078518,0.061133,0.1031,0.049045,0.089955,0.11966,0.089518,0.056221,0.13342,0.11961,0.095969,0.053584,0.02927,0.010069,0.099171,0.062015,0.11616,0.060703,0.11568,0.07665,0.061942,0.11428,0.059379,0.08805,0.086069,0.085564,0.047697,0.096254,0.082072,0.09037,0.14604,0.069607,0.071836,0.070781,0.074082,0.070513,0.070568,0.066722,0.072617,0.068554,0.072389,0.072703,0.05722,0.070818,0.067987,0.06529,0.070537,0.061226,0.058367,0.055455,0.041627,0.048906,0.048746,0.050977,0.053224,0.028205,0.027984,0.023511
0.043478,0.22676,0.16799,0.063523,0.27307,0.14447,0.12328,0.15275,0.21075,0.12816,0.23515,0.098948,0.06281,0.13413,0.17567,0.12672,0.1259,0.16077,0.1648,0.021941,0.052794,0.094314,0.087829,0.040386,0.16744,0.059051,0.18395,0.17065,0.03172,0.12816,0.1383,0.18732,0.046204,0.24078,0.21473,0.19573,0.1764,0.20423,0.16732,0.17544,0.17399,0.17566,0.17554,0.1764,0.16894,0.17652,0.17686,0.17704,0.17572,0.17847,0.17798,0.1781,0.18601,0.18109,0.18042,0.18063,0.18703,0.18106,0.17743,0.17449,0.15435,0.18078,0.18969,0.18037
0.17391,0.30559,0.15553,0.038015,0.39724,0.12537,0.20277,0.19847,0.27321,0.089829,0.14835,0.13248,0.26016,0.15064,0.067605,0.099502,0.098601,0.095322,0.073222,0.087162,0.082971,0.22387,0.072047,0.19955,0.093882,0.16033,0.27574,0.15113,0.045933,0.10057,0.14244,0.14777,0.45117,0.25268,0.25296,0.2451,0.15878,0.26465,0.25299,0.24156,0.24055,0.24765,0.2471,0.24701,0.24664,0.24889,0.24867,0.25007,0.24991,0.2503,0.25332,0.25155,0.24432,0.24984,0.24148,0.24243,0.2425,0.24657,0.24404,0.24662,0.26216,0.25843,0.23812,0.26029
0.1087,0.14421,0.16375,0.032419,0.32548,0.02886,0.14051,0.068844,0.082907,0.049875,0.035015,0.12212,0.089238,0.18783,0.10732,0.12149,0.092363,0.10207,0.16768,0.10347,0.064896,0.11227,0.11567,0.14338,0.075485,0.083081,0.090338,0.10567,0.11953,0.073336,0.15499,0.11624,0.45589,0.15323,0.15238,0.15528,0.055489,0.16645,0.17833,0.18088,0.18044,0.17827,0.17753,0.17633,0.17643,0.17564,0.17533,0.174,0.17944,0.17173,0.1722,0.17147,0.16523,0.16769,0.16639,0.16587,0.1388,0.15991,0.15889,0.15932,0.16579,0.15669,0.15397,0.15286
0.1087,0.20574,0.074237,0.2676,0.091337,0.18123,0.21724,0.17123,0.11096,0.23573,0.21009,0.11811,0.11595,0.10904,0.13427,0.14097,0.15429,0.20294,0.21179,0.24101,0.028106,0.14402,0.12366,0.20422,0.14231,0.20991,0.14599,0.11275,0.035197,0.193,0.26075,0.24017,0.40305,0.19221,0.20933,0.21338,0.22393,0.21866,0.22885,0.2381,0.24174,0.24672,0.24843,0.24848,0.24542,0.24802,0.24762,0.24696,0.25274,0.24758,0.24697,0.24899,0.23029,0.24687,0.2469,0.247,0.25934,0.24783,0.25255,0.25286,0.25157,0.23782,0.23816,0.23924
0.086957,0.22061,0.31193,0.252,0.66257,0.26014,0.20793,0.15752,0.10684,0.13361,0.10927,0.1314,0.18115,0.14607,0.10308,0.045364,0.089594,0.16526,0.095164,0.047229,0.13898,0.19266,0.10389,0.21625,0.1748,0.067107,0.12946,0.045912,0.10219,0.099691,0.14308,0.19684,0.52028,0.2047,0.2136,0.21721,0.16185,0.22964,0.22722,0.23256,0.23203,0.23161,0.23203,0.23241,0.23295,0.2318,0.23277,0.23344,0.23334,0.23501,0.23438,0.23452,0.23986,0.23577,0.2357,0.23557,0.23679,0.23633,0.2374,0.23871,0.22183,0.23861,0.23897,0.23872
0.30435,0.60338,0.5082,0.28848,0.8962,0.26636,0.056084,0.1022,0.55435,0.16491,0.14426,0.11516,0.37147,0.25167,0.081268,0.17828,0.34681,0.06828,0.071172,0.06375,0.27662,0.091317,0.19045,0.12583,0.10832,0.026012,0.074884,0.060086,0.15787,0.044227,0.062057,0.082132,0.30792,0.037346,0.058434,0.061439,0.060159,0.074986,0.094676,0.087413,0.079049,0.084507,0.08226,0.080519,0.078633,0.075601,0.073954,0.072147,0.064661,0.065956,0.064744,0.058512,0.05542,0.058695,0.053204,0.049021,0.050238,0.044844,0.043389,0.042325,0.053919,0.023323,0.021921,0.019242
0.52174,0.72483,0.45299,0.21468,0.8968,0.14596,0.060114,0.086464,0.73372,0.26681,0.16121,0.18252,0.30255,0.24759,0.16024,0.12816,0.24993,0.13491,0.09036,0.15775,0.28866,0.22563,0.24263,0.18909,0.15885,0.066011,0.086105,0.078038,0.14338,0.144,0.11233,0.13519,0.03959,0.1133,0.11426,0.14963,0.1339,0.1213,0.15965,0.16007,0.15418,0.1597,0.15943,0.15938,0.15862,0.15875,0.15857,0.15874,0.15971,0.15752,0.15712,0.15836,0.16028,0.15556,0.15558,0.15474,0.16475,0.15402,0.15257,0.15217,0.16115,0.15815,0.1537,0.15213
0.52174,0.63937,0.31662,0.21535,0.90178,0.1981,0.058951,0.034616,0.66374,0.22024,0.21266,0.14233,0.29232,0.072231,0.097451,0.11422,0.067048,0.18774,0.16672,0.10666,0.31025,0.039068,0.22448,0.1878,0.14801,0.17522,0.22329,0.2226,0.16697,0.10197,0.20617,0.21285,0.074357,0.28855,0.27801,0.26847,0.24717,0.29715,0.29615,0.29603,0.2916,0.28618,0.28579,0.28427,0.28317,0.28463,0.28499,0.28462,0.28186,0.28687,0.28658,0.28546,0.29746,0.28738,0.28758,0.28762,0.29914,0.2901,0.28661,0.28334,0.28414,0.29606,0.2916,0.28702
0.78261,0.87095,0.67424,0.33524,0.91335,0.19519,0.21225,0.18713,0.8415,0.41153,0.45479,0.35614,0.41156,0.24537,0.25094,0.3526,0.48384,0.33026,0.22712,0.20764,0.41345,0.36058,0.42928,0.36208,0.10394,0.26619,0.34105,0.33658,0.089173,0.31217,0.40876,0.44612,0.13256,0.48064,0.48117,0.48761,0.45319,0.48993,0.49672,0.51498,0.52185,0.52127,0.52214,0.52277,0.52368,0.52458,0.5249,0.52487,0.52525,0.52432,0.52488,0.52509,0.525,0.52386,0.52386,0.5233,0.52047,0.52233,0.52282,0.5169,0.51083,0.52145,0.52144,0.52153
0.43478,0.84152,0.75492,0.41348,0.88925,0.21848,0.28188,0.15287,0.7624,0.38522,0.44609,0.42119,0.39882,0.20716,0.38482,0.43565,0.39312,0.22857,0.35826,0.24997,0.25183,0.37844,0.44238,0.35663,0.049068,0.40546,0.47562,0.42667,0.16953,0.35689,0.41222,0.51956,0.23853,0.55721,0.53793,0.5349,0.52173,0.54484,0.54125,0.53855,0.53641,0.53835,0.53775,0.53864,0.54109,0.53833,0.53885,0.53762,0.53904,0.5377,0.53788,0.53808,0.53089,0.53869,0.5376,0.53991,0.54428,0.5313,0.53119,0.52556,0.57107,0.52358,0.52315,0.52859
0.69565,0.89005,0.71099,0.30527,0.82453,0.36881,0.4422,0.33998,0.74188,0.49801,0.56712,0.51603,0.27884,0.33412,0.46348,0.38121,0.45929,0.39628,0.37044,0.33933,0.20965,0.42509,0.51488,0.45995,0.20824,0.35017,0.50017,0.44512,0.046318,0.49806,0.5703,0.63889,0.052853,0.70746,0.71566,0.72974,0.65833,0.74518,0.73832,0.7481,0.74423,0.75187,0.7532,0.75506,0.75534,0.7567,0.75792,0.75877,0.75536,0.75978,0.76014,0.7602,0.75939,0.76101,0.76125,0.76149,0.75615,0.76075,0.76093,0.75989,0.74184,0.76075,0.76075,0.76077
