0.16456,0.19679,0.18446,0.18054,0.2257,0.11897,0.047051,0.019741,0.14259,0.07554,0.095315,0.14954,0.029805,0.045652,0.13259,0.23967,0.078164,0.041566,0.079437,0.17962,0.11838,0.075969,0.048137,0.18711,0.072741,0.23948,0.090845,0.044227,0.14299,0.048821,0.046181,0.078361,0.078909,0.038349,0.048956,0.057094,0.039323,0.13095,0.1045,0.11425,0.11002,0.10115,0.10531,0.10228,0.091543,0.099937,0.099246,0.096703,0.092539,0.093838,0.093883,0.092553,0.094915,0.090502,0.09082,0.090036,0.073096,0.089811,0.088169,0.089012,0.071076,0.087916,0.088801,0.088836
0.063291,0.13592,0.088923,0.073068,0.09244,0.079264,0.13943,0.049906,0.15844,0.061274,0.040068,0.1021,0.049186,0.096207,0.091085,0.14355,0.020425,0.041131,0.12471,0.060346,0.19403,0.17255,0.15393,0.14795,0.21371,0.24195,0.12525,0.13685,0.095445,0.040588,0.1061,0.053323,0.25154,0.14595,0.13087,0.10657,0.09206,0.15663,0.10857,0.12834,0.11653,0.1233,0.13116,0.13764,0.14912,0.15299,0.1608,0.16084,0.16073,0.16492,0.16828,0.17108,0.14844,0.1745,0.17612,0.1786,0.17593,0.18246,0.18554,0.18902,0.16952,0.18846,0.1876,0.19076
0.21519,0.12449,0.14189,0.033367,0.25439,0.16946,0.053815,0.057773,0.15179,0.19434,0.10272,0.14383,0.045487,0.09624,0.048637,0.15181,0.049758,0.077326,0.13432,0.066472,0.16666,0.1322,0.1021,0.057255,0.16609,0.13702,0.16088,0.038336,0.092619,0.147,0.23902,0.19229,0.20888,0.1938,0.2309,0.23917,0.25621,0.24281,0.23906,0.24167,0.24426,0.2331,0.23121,0.22842,0.2271,0.22284,0.21942,0.21827,0.21632,0.21295,0.21072,0.20734,0.22293,0.20529,0.20246,0.1997,0.20983,0.198,0.19612,0.19492,0.19419,0.19053,0.18973,0.19007
0.088608,0.11943,0.065901,0.056648,0.20597,0.18822,0.061799,0.079013,0.061382,0.026429,0.040469,0.053175,0.13478,0.18722,0.13833,0.10158,0.10829,0.056668,0.050502,0.16408,0.077926,0.18648,0.13749,0.14445,0.12315,0.21248,0.08356,0.15228,0.12086,0.14458,0.24713,0.22751,0.40886,0.27511,0.26548,0.26523,0.11899,0.23056,0.24893,0.24648,0.25,0.24555,0.2438,0.23969,0.25011,0.23906,0.23617,0.23476,0.23877,0.23138,0.23135,0.2298,0.22998,0.2304,0.22847,0.22708,0.22489,0.22665,0.22567,0.22394,0.24767,0.22394,0.21901,0.21591
0.18987,0.15055,0.11691,0.052859,0.19581,0.12803,0.083883,0.070412,0.13686,0.033137,0.05302,0.093212,0.088626,0.057151,0.0058119,0.029584,0.086599,0.078637,0.14079,0.076502,0.06159,0.12511,0.13001,0.076463,0.15619,0.11996,0.063614,0.026601,0.10204,0.19138,0.031078,0.14774,0.15487,0.17756,0.1837,0.16211,0.12206,0.16615,0.15465,0.15142,0.18236,0.15619,0.15857,0.15922,0.15051,0.16277,0.16658,0.16475,0.17242,0.16121,0.16486,0.16279,0.19409,0.15682,0.15605,0.14673,0.15579,0.16547,0.15629,0.14281,0.18265,0.1777,0.18959,0.1672
0.21519,0.046484,0.0058517,0.081461,0.064426,0.13049,0.11729,0.054107,0.1925,0.093801,0.052521,0.053917,0.10312,0.041863,0.078713,0.086272,0.050315,0.05982,0.074466,0.10391,0.10619,0.11899,0.14846,0.037621,0.20094,0.16309,0.071672,0.076045,0.12237,0.20302,0.036104,0.095667,0.066735,0.15217,0.1635,0.1678,0.11044,0.16455,0.191,0.15966,0.16735,0.16685,0.16612,0.1677,0.17256,0.16827,0.17019,0.1713,0.1736,0.17292,0.17367,0.17364,0.16624,0.17616,0.17594,0.17552,0.1837,0.17655,0.17623,0.17741,0.18257,0.17137,0.16964,0.16666
0.16456,0.23599,0.20593,0.087007,0.18274,0.074596,0.038555,0.15957,0.078929,0.11253,0.063561,0.12784,0.12845,0.045129,0.090315,0.096588,0.082818,0.072269,0.14367,0.22358,0.12723,0.18902,0.072003,0.11136,0.11722,0.035541,0.094554,0.15515,0.11538,0.16532,0.11126,0.078824,0.2424,0.070709,0.047737,0.085551,0.022467,0.04409,0.067294,0.052479,0.056648,0.063008,0.065769,0.066717,0.072396,0.074727,0.074505,0.076225,0.081967,0.074393,0.076581,0.076285,0.052262,0.074766,0.074732,0.072722,0.049705,0.069113,0.066839,0.070098,0.057425,0.045053,0.042768,0.037977
0.16456,0.083841,0.16133,0.10133,0.12688,0.11541,0.014746,0.16616,0.014336,0.13891,0.07847,0.068478,0.068895,0.14486,0.033687,0.067329,0.17264,0.030312,0.16001,0.15091,0.19034,0.067813,0.21049,0.15609,0.17046,0.18792,0.12073,0.11526,0.024551,0.20585,0.067431,0.10365,0.15601,0.046444,0.043318,0.048135,0.088919,0.043404,0.042397,0.033729,0.023837,0.033107,0.031536,0.028746,0.030461,0.025772,0.023718,0.022239,0.006776,0.020665,0.019732,0.019302,0.0027495,0.022721,0.020361,0.01815,0.024846,0.016764,0.016957,0.015528,0.049333,0.016331,0.014614,0.013749
0.21519,0.057358,0.08741,0.083858,0.17698,0.054427,0.19687,0.15974,0.11673,0.084537,0.05825,0.087034,0.16373,0.051925,0.14052,0.096607,0.05874,0.076841,0.15167,0.092812,0.117,0.10028,0.21743,0.13187,0.075733,0.12055,0.055648,0.045385,0.072889,0.19247,0.081778,0.099101,0.20406,0.030298,0.0050939,0.021103,0.010299,0.078062,0.10336,0.068558,0.085346,0.11116,0.116,0.11847,0.12857,0.1261,0.13093,0.13378,0.13825,0.13839,0.1421,0.14418,0.15367,0.14608,0.14857,0.14947,0.13195,0.17316,0.17743,0.18182,0.14147,0.17929,0.18249,0.17284
0.037975,0.18087,0.20805,0.13421,0.23759,0.20875,0.095145,0.11924,0.12342,0.0677,0.12271,0.11289,0.12264,0.048325,0.041928,0.019032,0.10397,0.066744,0.15048,0.11692,0.031982,0.12574,0.14475,0.015083,0.10111,0.11556,0.1464,0.076183,0.15253,0.2465,0.045026,0.12845,0.30531,0.12991,0.1411,0.14824,0.086545,0.14442,0.14821,0.14657,0.15908,0.15572,0.16068,0.16252,0.16864,0.17059,0.17421,0.17505,0.19296,0.17804,0.18154,0.18211,0.19057,0.18779,0.18807,0.19001,0.19307,0.19143,0.18931,0.18917,0.17086,0.18984,0.1903,0.19057
0.063291,0.056512,0.26101,0.16399,0.1476,0.24203,0.082533,0.3357,0.064243,0.092824,0.089868,0.018373,0.028139,0.09237,0.2286,0.22961,0.083274,0.097343,0.093622,0.037951,0.079841,0.059454,0.15798,0.072531,0.10256,0.21006,0.14848,0.050681,0.1068,0.21111,0.19358,0.14446,0.57317,0.21445,0.21782,0.20734,0.17565,0.20479,0.20286,0.20397,0.21257,0.19927,0.19773,0.19296,0.18863,0.19516,0.1939,0.19524,0.18767,0.19421,0.1927,0.19303,0.15915,0.1993,0.19567,0.19579,0.16414,0.19313,0.19459,0.18444,0.18197,0.1935,0.1916,0.19078
0.21519,0.13287,0.40545,0.078662,0.16315,0.13156,0.09341,0.1229,0.15955,0.10206,0.1579,0.23511,0.05558,0.07045,0.11626,0.085393,0.053093,0.041801,0.1248,0.090544,0.10203,0.059224,0.10067,0.095596,0.073017,0.15242,0.16868,0.15582,0.1285,0.18716,0.11367,0.17419,0.53284,0.24505,0.23254,0.21501,0.18911,0.27595,0.28834,0.28119,0.27449,0.27051,0.27255,0.27281,0.26581,0.2743,0.2753,0.2755,0.2715,0.27795,0.27785,0.27926,0.2778,0.27725,0.27713,0.27776,0.27837,0.27677,0.27735,0.27716,0.32774,0.27004,0.27048,0.26843
0.11392,0.1022,0.28928,0.10168,0.27514,0.17901,0.20689,0.092913,0.11617,0.14445,0.11349,0.11695,0.058642,0.13854,0.11982,0.082647,0.12452,0.12028,0.11702,0.12486,0.11296,0.083643,0.16737,0.17648,0.031168,0.060164,0.041492,0.11216,0.013747,0.077905,0.10693,0.16838,0.25329,0.13541,0.1543,0.16368,0.16923,0.18238,0.19141,0.1883,0.18629,0.19496,0.19579,0.19693,0.19673,0.19719,0.19783,0.19782,0.20318,0.19631,0.19532,0.19309,0.19953,0.19099,0.18884,0.18559,0.1874,0.17762,0.1783,0.18338,0.22722,0.15226,0.14576,0.14429
0.24051,0.10113,0.1373,0.081585,0.14617,0.040261,0.16446,0.13766,0.11677,0.07022,0.081533,0.013969,0.19967,0.11603,0.037964,0.15938,0.12805,0.040774,0.15387,0.19159,0.13464,0.088391,0.11684,0.13514,0.065109,0.22355,0.053897,0.089455,0.067923,0.098525,0.15104,0.12337,0.15206,0.12571,0.087615,0.074447,0.11655,0.07927,0.065674,0.05362,0.040775,0.040633,0.03612,0.035501,0.039484,0.036707,0.036949,0.040367,0.050612,0.055282,0.054601,0.059774,0.042317,0.061888,0.066496,0.067992,0.039502,0.071597,0.076446,0.077887,0.059949,0.084403,0.086511,0.088105
0.012658,0.36353,0.65275,0.36502,0.37224,0.51482,0.56777,0.47301,0.33787,0.31014,0.36189,0.3548,0.49311,0.45107,0.47709,0.47742,0.31899,0.36953,0.37611,0.40062,0.23077,0.3227,0.31079,0.31366,0.17322,0.31102,0.3756,0.24447,0.23716,0.39006,0.46697,0.56091,0.2571,0.57322,0.573,0.59833,0.51539,0.56395,0.58457,0.58589,0.58904,0.5965,0.59972,0.60272,0.60299,0.60791,0.60954,0.61184,0.6152,0.6169,0.6189,0.62027,0.62551,0.62431,0.62625,0.62786,0.62055,0.63228,0.63342,0.63363,0.63511,0.64062,0.64202,0.64383
0.18987,0.09403,0.050571,0.064492,0.16587,0.12829,0.11887,0.094081,0.16889,0.077536,0.065961,0.19072,0.073595,0.043974,0.041435,0.11702,0.13615,0.12171,0.14582,0.12089,0.1683,0.050621,0.075498,0.099356,0.08812,0.1241,0.07306,0.049215,0.097956,0.049027,0.14418,0.095337,0.14388,0.026238,0.021886,0.026148,0.14113,0.047196,0.048742,0.041716,0.047661,0.035105,0.032633,0.031562,0.041089,0.026811,0.026179,0.024386,0.026611,0.021844,0.022741,0.02086,0.02276,0.021449,0.023415,0.024915,0.03029,0.024392,0.026318,0.035392,0.04069,0.032295,0.036696,0.036717
0.26582,0.081929,0.12255,0.062768,0.14171,0.078998,0.055739,0.085982,0.11557,0.085647,0.20415,0.079254,0.19289,0.087652,0.034475,0.12305,0.12154,0.036188,0.17945,0.068504,0.17112,0.097382,0.037422,0.20527,0.084278,0.076856,0.050597,0.091024,0.069323,0.030168,0.098839,0.063247,0.32024,0.028435,0.029974,0.033223,0.073384,0.039418,0.064648,0.048896,0.053305,0.062585,0.061785,0.061565,0.055401,0.059052,0.061447,0.060665,0.062994,0.061552,0.060002,0.061925,0.051673,0.06171,0.060642,0.059942,0.051216,0.064112,0.061725,0.060152,0.084156,0.075897,0.071092,0.063484
0.012658,0.067468,0.15355,0.021818,0.10484,0.13415,0.15335,0.11941,0.28556,0.09761,0.15004,0.13291,0.066411,0.13311,0.16409,0.078918,0.022966,0.16058,0.22779,0.086576,0.21968,0.095672,0.18121,0.049081,0.11414,0.16931,0.085097,0.067169,0.12122,0.22655,0.28862,0.27864,0.071328,0.3141,0.30011,0.30254,0.26182,0.33298,0.33314,0.32002,0.31906,0.32069,0.3197,0.30955,0.29846,0.29281,0.28972,0.28683,0.27993,0.28438,0.28324,0.2829,0.29673,0.28156,0.28371,0.28305,0.26808,0.28779,0.28942,0.29556,0.30347,0.28988,0.2907,0.28518
0.088608,0.082804,0.17507,0.058363,0.031688,0.1256,0.083658,0.062632,0.325,0.058282,0.11604,0.26281,0.1312,0.12746,0.045804,0.10745,0.065596,0.064573,0.052259,0.13562,0.16407,0.012312,0.088915,0.085502,0.086128,0.18468,0.1362,0.17845,0.010237,0.10354,0.18994,0.27519,0.65243,0.2731,0.25474,0.26619,0.18311,0.27478,0.29611,0.29368,0.2847,0.29187,0.29179,0.29074,0.30244,0.29329,0.2918,0.29302,0.31148,0.28978,0.29199,0.29237,0.30521,0.29932,0.29817,0.29607,0.31329,0.30915,0.30988,0.31307,0.2909,0.30483,0.30652,0.30044
0.063291,0.22658,0.35354,0.088958,0.31889,0.27133,0.21125,0.23093,0.031818,0.14657,0.25814,0.17199,0.24795,0.085636,0.21312,0.12008,0.13714,0.23987,0.2382,0.11397,0.12603,0.27653,0.25028,0.28269,0.26197,0.15747,0.14248,0.11991,0.1304,0.24164,0.26821,0.41188,0.68382,0.27626,0.2921,0.31784,0.22304,0.26718,0.3187,0.31567,0.32138,0.31858,0.32025,0.32093,0.32014,0.32236,0.32246,0.32358,0.32371,0.32512,0.32473,0.32474,0.32514,0.32637,0.32671,0.32499,0.30397,0.32478,0.32579,0.32635,0.32547,0.32008,0.31627,0.31648
0.037975,0.17559,0.38783,0.13065,0.41603,0.34155,0.30851,0.35609,0.17986,0.3147,0.38993,0.2873,0.3978,0.25957,0.41532,0.34967,0.4145,0.3252,0.41751,0.37068,0.37291,0.30334,0.33694,0.35659,0.10302,0.23491,0.30579,0.22314,0.10103,0.36869,0.42682,0.5248,0.15835,0.58724,0.61794,0.6405,0.393,0.64001,0.64909,0.65765,0.65969,0.66651,0.6696,0.67178,0.67414,0.6753,0.67648,0.6778,0.67958,0.67923,0.67951,0.67943,0.66755,0.68163,0.68254,0.68215,0.68261,0.68538,0.68651,0.68706,0.66823,0.68924,0.69274,0.69514
0.037975,0.181,0.36064,0.16938,0.34655,0.24954,0.23953,0.32109,0.19967,0.22564,0.34811,0.3178,0.19733,0.079497,0.19507,0.16703,0.40446,0.25001,0.20528,0.11874,0.46209,0.10769,0.1571,0.1135,0.053023,0.2866,0.37868,0.13246,0.14965,0.26697,0.33571,0.36008,0.3506,0.39356,0.35433,0.36756,0.35293,0.39293,0.37913,0.38018,0.38174,0.38551,0.38662,0.38774,0.3898,0.39074,0.39225,0.39414,0.39512,0.39647,0.39754,0.3983,0.39998,0.40061,0.40031,0.40023,0.40309,0.40057,0.39913,0.39727,0.38065,0.39998,0.39815,0.39273
0.21519,0.23241,0.31064,0.072769,0.34543,0.17164,0.088069,0.11673,0.10185,0.15164,0.083666,0.24106,0.22304,0.090795,0.082909,0.074646,0.30629,0.088996,0.14423,0.04676,0.25029,0.074865,0.040381,0.096431,0.055526,0.25996,0.27053,0.074754,0.054369,0.12423,0.27417,0.13654,0.078906,0.26646,0.24739,0.25071,0.28485,0.24453,0.242,0.23779,0.24425,0.23754,0.23496,0.23287,0.23105,0.22957,0.22811,0.2272,0.22763,0.22489,0.22381,0.22288,0.22402,0.22135,0.22036,0.21941,0.21387,0.2184,0.21715,0.21656,0.18164,0.2162,0.21535,0.21521
0.39241,0.47262,0.32245,0.10048,0.49552,0.19335,0.14187,0.18821,0.17096,0.10452,0.12718,0.15118,0.12335,0.12114,0.031456,0.044925,0.13771,0.037575,0.15678,0.028611,0.10459,0.063751,0.11174,0.12602,0.20051,0.082262,0.2286,0.10227,0.18694,0.1849,0.2057,0.19219,0.13426,0.26484,0.25872,0.25943,0.29251,0.26018,0.25789,0.25519,0.26586,0.25613,0.25432,0.25317,0.24305,0.24949,0.24902,0.24598,0.23388,0.23945,0.23946,0.23342,0.24468,0.22912,0.22918,0.22713,0.23324,0.22933,0.22728,0.22537,0.21616,0.22571,0.22061,0.21612
0.46835,0.40408,0.31639,0.14297,0.65451,0.17415,0.2444,0.29598,0.50071,0.16314,0.30647,0.34665,0.30693,0.21543,0.16361,0.21982,0.62536,0.31905,0.35439,0.23754,0.55306,0.1951,0.31858,0.22237,0.20712,0.2891,0.39999,0.28313,0.11733,0.34678,0.33785,0.38903,0.29505,0.41021,0.40476,0.41161,0.42131,0.41605,0.41105,0.40761,0.40166,0.40631,0.40512,0.40496,0.40677,0.40674,0.40724,0.40658,0.40417,0.40388,0.40544,0.40458,0.40964,0.40401,0.40619,0.40495,0.39698,0.40688,0.40322,0.394,0.39105,0.41985,0.41704,0.39521
0.16456,0.3092,0.31195,0.17147,0.73127,0.32943,0.37291,0.36282,0.52408,0.15353,0.34052,0.074481,0.54878,0.23608,0.21959,0.12839,0.46984,0.38036,0.35658,0.25549,0.49761,0.26672,0.29479,0.41085,0.31448,0.069023,0.27917,0.1594,0.18105,0.20372,0.24724,0.36713,0.56947,0.34353,0.34182,0.36621,0.27753,0.35524,0.37566,0.37613,0.38381,0.38323,0.38669,0.38895,0.38943,0.39115,0.39277,0.39322,0.39717,0.39608,0.3968,0.39807,0.39813,0.39978,0.40097,0.40091,0.38827,0.40345,0.40523,0.41349,0.38034,0.41262,0.41405,0.41364
0.26582,0.050219,0.2205,0.085964,0.47608,0.26397,0.14505,0.21262,0.64847,0.1362,0.10568,0.2044,0.29796,0.14111,0.3455,0.21356,0.38516,0.080224,0.10837,0.22178,0.18229,0.046798,0.096579,0.13419,0.086897,0.22973,0.10164,0.031185,0.039842,0.21811,0.20839,0.18207,0.43695,0.24508,0.24744,0.24906,0.1296,0.24627,0.24734,0.25706,0.25604,0.25752,0.25902,0.25946,0.26135,0.26175,0.26285,0.26319,0.26517,0.26358,0.26392,0.26461,0.27076,0.26557,0.26462,0.26294,0.28276,0.27014,0.2684,0.26146,0.22557,0.26848,0.2685,0.26604
0.29114,0.62887,0.76658,0.49501,0.727,0.81856,0.82553,0.68352,0.10793,0.55218,0.71548,0.64599,0.5303,0.61341,0.65755,0.70132,0.71838,0.67624,0.67132,0.57428,0.57322,0.57224,0.47758,0.59265,0.21974,0.56554,0.67123,0.54434,0.1472,0.63746,0.74902,0.8109,0.4225,0.86617,0.87097,0.86785,0.75309,0.86969,0.86642,0.86836,0.87155,0.87038,0.87093,0.8714,0.87069,0.87189,0.87202,0.87228,0.87231,0.87247,0.87263,0.87282,0.8727,0.87298,0.87312,0.87315,0.87347,0.87318,0.87325,0.8734,0.85378,0.87338,0.87345,0.87341
0.16456,0.46059,0.52995,0.19845,0.45933,0.61145,0.47104,0.45295,0.62624,0.49607,0.60538,0.62054,0.1619,0.48203,0.62824,0.62091,0.62257,0.54545,0.54662,0.51711,0.53797,0.49308,0.42524,0.37131,0.21715,0.6135,0.53218,0.56007,0.17261,0.62071,0.59909,0.62215,0.41473,0.62121,0.61345,0.60392,0.5575,0.61457,0.6052,0.60017,0.59927,0.60038,0.60022,0.60042,0.60402,0.60079,0.60079,0.60105,0.60162,0.60091,0.60062,0.6004,0.59942,0.60025,0.59992,0.59979,0.60162,0.5986,0.59729,0.59795,0.59055,0.59694,0.5984,0.59744
0.13924,0.036156,0.050839,0.27782,0.31074,0.12267,0.081748,0.21507,0.65969,0.11765,0.032147,0.1778,0.6411,0.04345,0.1228,0.062769,0.29878,0.11348,0.045181,0.061349,0.1952,0.11606,0.082111,0.011206,0.35776,0.19024,0.19734,0.25178,0.19477,0.11256,0.089275,0.10373,0.54683,0.072996,0.055982,0.047985,0.066038,0.048673,0.044529,0.040465,0.039119,0.040559,0.039852,0.039294,0.03934,0.039089,0.039004,0.039011,0.041393,0.038402,0.038592,0.038865,0.037591,0.038204,0.038248,0.038113,0.059202,0.038488,0.037912,0.038111,0.05745,0.038343,0.037786,0.038245
0.037975,0.19247,0.26657,0.23573,0.24396,0.082158,0.11382,0.095386,0.036921,0.16401,0.11146,0.16793,0.18188,0.15299,0.13619,0.1402,0.024657,0.15156,0.14278,0.14884,0.0484,0.069091,0.15399,0.22538,0.24375,0.13457,0.088256,0.11969,0.30757,0.024885,0.079825,0.13939,0.67463,0.087847,0.079001,0.09263,0.07901,0.09072,0.098498,0.095613,0.096169,0.094656,0.094137,0.093546,0.092915,0.092803,0.092849,0.092329,0.088959,0.092051,0.09169,0.091137,0.090367,0.090563,0.090396,0.089508,0.091495,0.089289,0.088679,0.088061,0.15259,0.089398,0.0886,0.088983
0.012658,0.067141,0.21026,0.14377,0.035038,0.11741,0.10488,0.033057,0.25684,0.091168,0.078587,0.14613,0.21606,0.11417,0.037536,0.1009,0.23102,0.094446,0.071665,0.10289,0.2412,0.085161,0.11798,0.085868,0.059971,0.16402,0.091408,0.058646,0.13492,0.14681,0.051048,0.046025,0.58381,0.090461,0.10105,0.091244,0.020505,0.086269,0.080001,0.074988,0.085549,0.079995,0.081117,0.082872,0.083509,0.083928,0.085291,0.086524,0.088785,0.086595,0.087789,0.089411,0.092809,0.088436,0.08892,0.088896,0.098201,0.086309,0.085821,0.077548,0.104,0.097871,0.11386,0.092688
0.13924,0.095334,0.15258,0.14682,0.12842,0.16535,0.044397,0.063698,0.11653,0.067861,0.15759,0.019905,0.083777,0.095428,0.068978,0.090149,0.11231,0.053556,0.049569,0.045134,0.059544,0.049795,0.094163,0.12776,0.088091,0.09571,0.064011,0.026767,0.005458,0.079384,0.02991,0.073754,0.35085,0.061732,0.029916,0.031558,0.040489,0.022191,0.015071,0.016975,0.030761,0.035342,0.039902,0.044652,0.052578,0.047346,0.049423,0.04868,0.041194,0.048153,0.050556,0.051445,0.041232,0.051914,0.052777,0.053248,0.05152,0.056021,0.056027,0.052414,0.047203,0.062071,0.063033,0.063131
0.16456,0.14091,0.09801,0.074695,0.12183,0.11701,0.090686,0.079491,0.0069177,0.073517,0.044867,0.1098,0.039137,0.11487,0.11006,0.058034,0.15505,0.11595,0.070892,0.10811,0.069773,0.072584,0.13536,0.057384,0.083045,0.091978,0.011659,0.15568,0.11553,0.048905,0.10039,0.044634,0.22268,0.1074,0.078433,0.064184,0.0522,0.058922,0.055916,0.057675,0.070811,0.057429,0.054589,0.050945,0.026885,0.04164,0.037745,0.034455,0.01807,0.029969,0.02955,0.027653,0.022106,0.025576,0.025662,0.023968,0.018863,0.022427,0.02203,0.023112,0.013766,0.014695,0.012844,0.013388
0.13924,0.12643,0.11743,0.17578,0.16733,0.096649,0.035642,0.083493,0.070037,0.14302,0.060658,0.11609,0.16108,0.11186,0.098764,0.087215,0.089303,0.071238,0.084503,0.1618,0.036797,0.033968,0.11074,0.15229,0.025518,0.19651,0.038545,0.14424,0.086626,0.10584,0.04488,0.136,0.073662,0.099715,0.10596,0.095093,0.14424,0.096965,0.10449,0.086555,0.089916,0.077683,0.072014,0.070511,0.068305,0.062165,0.060602,0.059432,0.056459,0.053288,0.054654,0.053961,0.033057,0.049875,0.049291,0.048742,0.031504,0.043677,0.042884,0.039622,0.03874,0.032281,0.026334,0.015378
0.13924,0.075536,0.16269,0.16499,0.072489,0.04632,0.050265,0.087088,0.21021,0.22451,0.16301,0.11482,0.12014,0.041658,0.077921,0.05181,0.087931,0.029723,0.11152,0.064821,0.095719,0.080975,0.03534,0.085458,0.17176,0.11155,0.076114,0.023589,0.13216,0.10024,0.11855,0.10934,0.056814,0.14701,0.14418,0.14435,0.19257,0.1582,0.15318,0.15184,0.15968,0.15143,0.15135,0.15148,0.14888,0.15062,0.15202,0.15241,0.14901,0.15244,0.15245,0.1535,0.14919,0.15485,0.15555,0.15735,0.16155,0.15832,0.16031,0.16378,0.1449,0.16214,0.1627,0.16431
0.012658,0.02501,0.17509,0.24474,0.068873,0.23135,0.020357,0.036445,0.13975,0.12335,0.1642,0.10033,0.059537,0.061554,0.032163,0.067915,0.042804,0.038099,0.12675,0.057923,0.0021032,0.11245,0.1287,0.064444,0.096004,0.12426,0.1595,0.026977,0.15954,0.026719,0.16377,0.19714,0.20649,0.090593,0.13622,0.13455,0.12811,0.14315,0.1278,0.12779,0.12729,0.13241,0.12862,0.12825,0.13726,0.12705,0.12561,0.1249,0.12057,0.12042,0.11928,0.11955,0.12136,0.111,0.11395,0.11102,0.12019,0.11278,0.10831,0.093702,0.099304,0.11183,0.10316,0.1028
0.11392,0.14443,0.093409,0.067665,0.062628,0.12166,0.08628,0.055114,0.10447,0.030016,0.10575,0.10304,0.21996,0.015932,0.084265,0.1069,0.13692,0.052525,0.054678,0.090265,0.049582,0.027232,0.085947,0.19245,0.14005,0.091112,0.05899,0.03365,0.056512,0.12948,0.0084554,0.079563,0.36493,0.076476,0.040578,0.032501,0.046212,0.081878,0.069553,0.045568,0.049935,0.038673,0.036626,0.035679,0.037681,0.03314,0.032591,0.032254,0.030385,0.033215,0.031113,0.029993,0.027698,0.035234,0.032905,0.032999,0.03279,0.030518,0.025358,0.019909,0.053974,0.054135,0.049109,0.045833
0.13924,0.20001,0.1426,0.13195,0.11337,0.065653,0.061111,0.088099,0.24093,0.10192,0.12166,0.12212,0.083628,0.11043,0.057285,0.054081,0.14903,0.04055,0.017567,0.14006,0.03986,0.064567,0.045064,0.14204,0.0026666,0.16484,0.064847,0.11775,0.061977,0.0489,0.025761,0.048542,0.40761,0.086003,0.053107,0.068465,0.12351,0.050434,0.028395,0.026524,0.015558,0.01478,0.01619,0.017433,0.015204,0.017259,0.016359,0.015648,0.019425,0.011663,0.014916,0.011945,0.038053,0.012386,0.011459,0.013083,0.047692,0.0098947,0.0095716,0.010241,0.067799,0.0074413,0.010964,0.016011
0.13924,0.2284,0.09536,0.056818,0.12263,0.071897,0.12357,0.07479,0.25904,0.16325,0.10324,0.16253,0.12027,0.03275,0.076944,0.072412,0.041962,0.037864,0.020666,0.088759,0.082632,0.084544,0.017822,0.070697,0.082759,0.075997,0.13415,0.10318,0.099472,0.065954,0.098412,0.10102,0.14788,0.12529,0.11378,0.11762,0.12125,0.11701,0.12425,0.13383,0.13158,0.13846,0.14077,0.14071,0.13662,0.14439,0.14581,0.14574,0.14958,0.14626,0.14798,0.14831,0.128,0.14958,0.15058,0.1513,0.14513,0.1531,0.15485,0.15532,0.1153,0.162,0.16263,0.16447
0.18987,0.043624,0.083076,0.077994,0.022981,0.1105,0.11215,0.065403,0.1821,0.23471,0.12476,0.092333,0.18248,0.039512,0.017354,0.018888,0.15219,0.050032,0.1271,0.075582,0.12647,0.037497,0.070033,0.015068,0.12744,0.097846,0.062492,0.096985,0.1162,0.059847,0.069212,0.05566,0.16305,0.072151,0.055066,0.036745,0.044439,0.053786,0.075648,0.068053,0.072028,0.059071,0.059722,0.060005,0.06388,0.0598,0.057187,0.056658,0.054747,0.051309,0.050549,0.045264,0.029284,0.03429,0.027231,0.019825,0.020296,0.013345,0.009582,0.0068962,0.01023,0.013389,0.013797,0.011295
0.012658,0.093415,0.16214,0.10919,0.11846,0.12242,0.053982,0.10952,0.053617,0.13084,0.040222,0.088677,0.06141,0.024398,0.18424,0.12348,0.063642,0.073105,0.082135,0.052264,0.14765,0.12915,0.046214,0.12452,0.13155,0.091262,0.032205,0.13919,0.11052,0.071329,0.1964,0.078697,0.094201,0.085866,0.040111,0.031405,0.12454,0.016487,0.047142,0.030059,0.02977,0.038418,0.040676,0.044275,0.041317,0.051025,0.054426,0.054994,0.052291,0.062358,0.065015,0.067618,0.081359,0.069265,0.072502,0.073633,0.069755,0.083753,0.083224,0.087266,0.04881,0.086976,0.087638,0.088402
0.063291,0.20266,0.23864,0.013737,0.23727,0.21838,0.16955,0.14519,0.067905,0.1179,0.030373,0.083545,0.011742,0.11748,0.13049,0.13241,0.078002,0.055882,0.14834,0.047025,0.03502,0.048093,0.027623,0.18856,0.063129,0.14075,0.069376,0.16787,0.1539,0.02223,0.10543,0.088477,0.095038,0.11436,0.12403,0.1244,0.039224,0.096721,0.086569,0.11753,0.1028,0.10262,0.09706,0.088073,0.085443,0.073928,0.066422,0.061857,0.055057,0.053042,0.048046,0.043574,0.033381,0.039412,0.036771,0.033214,0.03069,0.024897,0.024345,0.020466,0.027413,0.016178,0.01492,0.012854
0.037975,0.034359,0.15691,0.050315,0.11683,0.056985,0.12693,0.091997,0.13145,0.14239,0.096831,0.097948,0.17958,0.057774,0.027693,0.083451,0.13626,0.085082,0.10087,0.15895,0.10652,0.069351,0.05176,0.14842,0.10457,0.10416,0.013368,0.077616,0.16827,0.032004,0.03695,0.18103,0.099687,0.11398,0.10402,0.11093,0.075688,0.11076,0.086393,0.10059,0.10348,0.10065,0.099065,0.10352,0.10159,0.096009,0.095846,0.093828,0.098586,0.096919,0.095779,0.094312,0.097456,0.097458,0.097686,0.097069,0.1012,0.096505,0.098847,0.095853,0.095109,0.10268,0.10483,0.10713
0.063291,0.32862,0.16569,0.065059,0.27644,0.096338,0.082997,0.10978,0.14162,0.23387,0.13164,0.10106,0.14364,0.020037,0.11374,0.06719,0.13163,0.080453,0.1405,0.11629,0.1879,0.11613,0.098783,0.031523,0.010158,0.062034,0.15316,0.14646,0.13558,0.17204,0.10447,0.10141,0.19146,0.30112,0.30068,0.30697,0.16719,0.3142,0.31237,0.31276,0.31394,0.32019,0.32364,0.32877,0.3292,0.33747,0.34243,0.34715,0.35573,0.35585,0.35934,0.36383,0.3775,0.36919,0.37106,0.37285,0.36872,0.37945,0.38046,0.37506,0.40664,0.3846,0.38671,0.38802
0.063291,0.21726,0.22158,0.11676,0.18831,0.090028,0.043515,0.034163,0.14107,0.096087,0.091051,0.089119,0.14237,0.15382,0.088083,0.074823,0.11122,0.078769,0.13426,0.14912,0.11656,0.092348,0.19959,0.13181,0.1173,0.031101,0.085799,0.071574,0.065973,0.15707,0.09396,0.065979,0.4747,0.20763,0.18981,0.21036,0.1882,0.16785,0.18861,0.19785,0.2,0.2003,0.20006,0.19072,0.20746,0.18846,0.18795,0.18693,0.18243,0.18768,0.18633,0.18678,0.17433,0.18834,0.18569,0.18577,0.19644,0.18648,0.18713,0.19118,0.18403,0.16671,0.16581,0.18955
0.037975,0.25888,0.19361,0.11757,0.077162,0.076596,0.061459,0.097279,0.086957,0.059393,0.11336,0.029379,0.16036,0.072471,0.12315,0.19985,0.12791,0.11873,0.062283,0.12753,0.079449,0.030429,0.029054,0.065387,0.14131,0.085413,0.1247,0.12596,0.093798,0.081596,0.092574,0.046157,0.51528,0.085017,0.085311,0.092198,0.15889,0.061119,0.10787,0.11758,0.12358,0.12581,0.1252,0.12704,0.12939,0.12727,0.12825,0.1281,0.12063,0.12905,0.12993,0.1305,0.12884,0.13019,0.13224,0.13485,0.11602,0.13495,0.13673,0.1396,0.13887,0.1335,0.13835,0.13582
0.012658,0.14485,0.3091,0.032468,0.11921,0.091074,0.13855,0.042862,0.10496,0.133,0.13765,0.29042,0.14811,0.016727,0.069087,0.19922,0.2296,0.050088,0.12425,0.093243,0.16467,0.076125,0.067926,0.20104,0.067009,0.09021,0.13113,0.10826,0.056631,0.14282,0.15789,0.073516,0.54422,0.12092,0.11178,0.10564,0.20509,0.10132,0.089746,0.095236,0.090416,0.089153,0.089627,0.089482,0.092557,0.091272,0.092048,0.092402,0.086961,0.094634,0.094856,0.096816,0.05694,0.095301,0.097846,0.10312,0.067046,0.0978,0.10319,0.096033,0.088494,0.072921,0.10533,0.1099
0.063291,0.24501,0.13428,0.089339,0.32351,0.24835,0.27085,0.15112,0.29733,0.10111,0.23456,0.21723,0.11192,0.05602,0.14821,0.12041,0.24001,0.15681,0.22265,0.19165,0.13716,0.20039,0.3919,0.18587,0.088251,0.12789,0.14025,0.21774,0.027446,0.14126,0.36032,0.33167,0.61493,0.32956,0.31922,0.31977,0.30761,0.33946,0.33261,0.34995,0.34335,0.36254,0.35957,0.36146,0.35874,0.35887,0.36052,0.35958,0.36019,0.36065,0.36145,0.36114,0.36329,0.3606,0.36072,0.3636,0.38831,0.36336,0.36416,0.36819,0.31478,0.36188,0.36246,0.36671
0.11392,0.11829,0.047752,0.1707,0.16793,0.24317,0.19509,0.14955,0.057789,0.12706,0.10124,0.080026,0.088247,0.11502,0.24866,0.14254,0.18501,0.14144,0.19189,0.064482,0.097208,0.10218,0.14634,0.17779,0.09567,0.14721,0.068343,0.14619,0.088934,0.16801,0.13795,0.23189,0.10231,0.23143,0.24278,0.25287,0.23802,0.25395,0.26906,0.27293,0.25316,0.2759,0.27759,0.27898,0.27952,0.28169,0.2833,0.28267,0.28452,0.28993,0.28945,0.29383,0.30336,0.30402,0.30457,0.30319,0.26342,0.30895,0.29359,0.28568,0.30857,0.31566,0.31596,0.29425
0.24051,0.26766,0.1502,0.082589,0.29948,0.071296,0.11882,0.095928,0.15817,0.15872,0.0058159,0.19959,0.11927,0.073431,0.10344,0.1068,0.17244,0.13246,0.123,0.061802,0.075107,0.24534,0.10917,0.12747,0.11097,0.10418,0.056949,0.066524,0.096942,0.047625,0.1416,0.17627,0.011993,0.1387,0.15329,0.16802,0.052427,0.1597,0.17069,0.17931,0.17652,0.18483,0.18797,0.19429,0.19495,0.19955,0.20408,0.20783,0.20763,0.21424,0.21701,0.21834,0.18984,0.23254,0.23372,0.23947,0.22672,0.23886,0.24284,0.23352,0.22606,0.25445,0.25388,0.26528
0.11392,0.42969,0.56818,0.47539,0.68438,0.61153,0.59553,0.47345,0.31083,0.37753,0.50443,0.37066,0.4114,0.34868,0.38436,0.4448,0.47043,0.41114,0.45856,0.35433,0.28716,0.32853,0.30987,0.43176,0.224,0.29384,0.41689,0.34833,0.013021,0.43095,0.45885,0.50907,0.46108,0.65959,0.64993,0.64476,0.556,0.65818,0.65598,0.65559,0.6556,0.6535,0.65376,0.65402,0.65307,0.65453,0.65477,0.65451,0.65373,0.65473,0.65452,0.65466,0.66142,0.65427,0.65477,0.65488,0.65392,0.65208,0.65098,0.65286,0.64919,0.65116,0.65242,0.64597
0.088608,0.25177,0.24458,0.30738,0.25329,0.01761,0.048596,0.06685,0.14961,0.08843,0.090383,0.1335,0.1048,0.13956,0.06447,0.035661,0.24129,0.05923,0.11762,0.066328,0.13417,0.044261,0.14618,0.012928,0.091642,0.088537,0.067842,0.026451,0.060727,0.01803,0.043036,0.029459,0.15751,0.064552,0.064662,0.026738,0.065045,0.019233,0.039257,0.031551,0.047314,0.039626,0.042621,0.045326,0.04477,0.050677,0.052268,0.054811,0.064309,0.058823,0.060046,0.062409,0.077353,0.058541,0.060529,0.061573,0.033184,0.059924,0.060179,0.060903,0.043609,0.052671,0.04646,0.042118
0.063291,0.22834,0.034932,0.13462,0.16476,0.30971,0.11252,0.13646,0.19528,0.046254,0.086528,0.08999,0.0031742,0.15039,0.20147,0.14273,0.08101,0.15037,0.18069,0.078287,0.040293,0.1351,0.13664,0.08578,0.10769,0.12135,0.10454,0.092381,0.11992,0.16285,0.16462,0.084286,0.037064,0.083456,0.092286,0.09802,0.10551,0.068188,0.072043,0.070916,0.072469,0.071308,0.071579,0.070913,0.072541,0.072064,0.071967,0.071749,0.070917,0.073081,0.070997,0.065853,0.071126,0.055425,0.054193,0.055358,0.019486,0.055992,0.054604,0.051734,0.062078,0.056518,0.061084,0.06011
0.063291,0.19928,0.14395,0.097253,0.046478,0.26441,0.17075,0.090465,0.22774,0.099144,0.134,0.067165,0.14185,0.13979,0.20001,0.13579,0.27565,0.032488,0.12686,0.16127,0.035999,0.15991,0.20898,0.23273,0.013093,0.0807,0.11219,0.12769,0.08378,0.13107,0.16397,0.19523,0.30784,0.17134,0.21305,0.21564,0.14488,0.24316,0.22057,0.23394,0.22705,0.2353,0.22743,0.21538,0.2191,0.21681,0.2175,0.21722,0.20043,0.2187,0.22003,0.21899,0.21459,0.21605,0.21822,0.21547,0.21567,0.2211,0.2179,0.20175,0.19115,0.21623,0.21508,0.22442
0.088608,0.11992,0.11168,0.067986,0.098161,0.18268,0.25308,0.060629,0.2212,0.15901,0.14088,0.1609,0.02359,0.094984,0.15788,0.12516,0.23869,0.10411,0.05234,0.12961,0.11534,0.19178,0.21598,0.22269,0.11728,0.07342,0.13613,0.10023,0.13004,0.14671,0.11452,0.14508,0.46958,0.15564,0.15641,0.1595,0.1624,0.16478,0.18359,0.1718,0.16837,0.17091,0.17008,0.16935,0.17914,0.16961,0.16912,0.16834,0.16428,0.16868,0.16809,0.16761,0.16218,0.1684,0.16785,0.16887,0.19955,0.16838,0.16839,0.17045,0.18467,0.16387,0.16466,0.16014
0.18987,0.32906,0.19253,0.32136,0.34533,0.22677,0.31279,0.12447,0.11334,0.21674,0.1988,0.19539,0.46221,0.24761,0.28138,0.23513,0.25686,0.27808,0.21812,0.19917,0.21531,0.17138,0.16603,0.18902,0.23876,0.22079,0.35685,0.24493,0.17067,0.21323,0.21437,0.27458,0.29455,0.3343,0.35691,0.37203,0.27235,0.37938,0.36742,0.37025,0.37925,0.38154,0.38392,0.38551,0.38844,0.3876,0.3891,0.3899,0.38779,0.39156,0.39286,0.39318,0.39015,0.39435,0.39665,0.39675,0.40138,0.39783,0.39881,0.40007,0.38317,0.37173,0.36947,0.38258
0.037975,0.51517,0.33827,0.24545,0.54039,0.40956,0.42547,0.29958,0.15346,0.24671,0.35393,0.18481,0.47991,0.27916,0.3659,0.31875,0.33674,0.28259,0.35492,0.27345,0.5015,0.29108,0.28183,0.15529,0.11789,0.3755,0.47671,0.37161,0.21827,0.41382,0.48722,0.46229,0.48832,0.59066,0.61355,0.62254,0.51558,0.62872,0.64202,0.64012,0.64581,0.63953,0.63724,0.63401,0.63796,0.6341,0.63453,0.63515,0.61462,0.63671,0.63701,0.63834,0.61729,0.61986,0.61833,0.62918,0.63861,0.62122,0.62131,0.64455,0.61642,0.61973,0.62001,0.62084
0.39241,0.73292,0.47451,0.38304,0.68067,0.50372,0.56834,0.52526,0.13725,0.21472,0.36126,0.28266,0.33816,0.32405,0.44784,0.30035,0.48286,0.21797,0.38167,0.28601,0.50519,0.4171,0.47731,0.28275,0.11821,0.37299,0.46455,0.44649,0.1266,0.48213,0.51791,0.5547,0.20417,0.65313,0.67402,0.68899,0.63869,0.67543,0.69131,0.69682,0.69877,0.70149,0.70234,0.70294,0.70409,0.70463,0.70459,0.70497,0.70601,0.70529,0.705,0.70513,0.70362,0.70282,0.70289,0.70235,0.69412,0.70115,0.70049,0.70706,0.70041,0.6971,0.69617,0.69608
0.62025,0.75786,0.48178,0.45719,0.69604,0.33636,0.48505,0.4851,0.16661,0.22762,0.27323,0.38444,0.17128,0.3023,0.3558,0.32479,0.54204,0.2052,0.41694,0.35717,0.39041,0.3703,0.43832,0.21901,0.048207,0.32306,0.40982,0.40643,0.040058,0.36562,0.45738,0.43379,0.29514,0.52222,0.55026,0.57816,0.49519,0.57366,0.57946,0.58738,0.59542,0.59622,0.60046,0.60368,0.60783,0.61023,0.61282,0.61521,0.62233,0.62065,0.62204,0.62362,0.62556,0.62611,0.62792,0.62881,0.61768,0.62954,0.63042,0.61731,0.61777,0.65369,0.6627,0.66394
0.67089,0.65956,0.4842,0.28282,0.65159,0.39527,0.46026,0.35868,0.086535,0.36067,0.39824,0.51529,0.036042,0.24469,0.27658,0.28687,0.43062,0.20919,0.3243,0.22846,0.31161,0.29296,0.26535,0.21742,0.021354,0.26789,0.32942,0.2977,0.10371,0.26102,0.34618,0.39778,0.25462,0.47368,0.53725,0.54864,0.44311,0.55901,0.55496,0.55111,0.55889,0.55832,0.56099,0.56251,0.56979,0.56852,0.56994,0.57223,0.58309,0.57236,0.57583,0.57595,0.57608,0.58022,0.57914,0.57925,0.58165,0.59136,0.58967,0.56846,0.56813,0.59706,0.59686,0.5932
0.64557,0.81528,0.44213,0.39573,0.71289,0.36167,0.42242,0.45947,0.19912,0.15028,0.28427,0.33572,0.43642,0.28561,0.33948,0.34688,0.45933,0.35016,0.37916,0.3974,0.48776,0.43849,0.40535,0.2957,0.27773,0.41779,0.40415,0.45649,0.07428,0.41422,0.44841,0.49524,0.29442,0.54487,0.55563,0.56706,0.48896,0.56207,0.56958,0.57338,0.57693,0.57795,0.57888,0.5794,0.58544,0.58104,0.58139,0.58169,0.58205,0.58189,0.58189,0.58193,0.57973,0.5825,0.58262,0.58215,0.57691,0.58466,0.58429,0.58451,0.5918,0.58574,0.58484,0.59486
0.16456,0.5392,0.30167,0.16764,0.59404,0.17287,0.25625,0.27071,0.59212,0.075366,0.20517,0.18228,0.70284,0.31641,0.18285,0.24825,0.28533,0.31831,0.24805,0.22543,0.48276,0.17361,0.20549,0.26154,0.31434,0.41235,0.28952,0.31122,0.17924,0.33908,0.37059,0.26632,0.42761,0.377,0.38129,0.38661,0.39962,0.36703,0.369,0.36216,0.36061,0.36045,0.35914,0.35814,0.35866,0.35521,0.35356,0.35188,0.34934,0.35042,0.34877,0.34723,0.35735,0.3462,0.34513,0.34404,0.37209,0.34354,0.34333,0.34378,0.37808,0.34318,0.34535,0.34519
0.037975,0.2606,0.066712,0.10593,0.35054,0.35701,0.248,0.15762,0.62698,0.37205,0.3155,0.39696,0.37797,0.18053,0.2958,0.16835,0.42338,0.13822,0.23052,0.15596,0.21853,0.13206,0.14655,0.22794,0.31308,0.20835,0.24208,0.22023,0.1239,0.15851,0.23579,0.25221,0.45139,0.22395,0.23751,0.25681,0.25162,0.23456,0.25163,0.25683,0.25442,0.26237,0.26503,0.26855,0.27435,0.27155,0.27208,0.27339,0.2695,0.27265,0.27445,0.27294,0.26915,0.27369,0.27255,0.27168,0.27703,0.27307,0.27114,0.26448,0.24663,0.26879,0.26654,0.26604
