0.1875,0.19924,0.020708,0.055037,0.054426,0.033972,0.00602,0.10261,0.1768,0.25688,0.10203,0.10264,0.073444,0.045861,0.10027,0.20346,0.20708,0.069066,0.18676,0.18247,0.19791,0.063727,0.18695,0.06761,0.12402,0.083701,0.053874,0.040933,0.15111,0.060041,0.051076,0.034307,0.23292,0.11733,0.12138,0.11118,0.095953,0.074834,0.13267,0.12041,0.10168,0.1103,0.10728,0.10886,0.10661,0.10816,0.11019,0.10903,0.11804,0.10527,0.10767,0.10729,0.12531,0.10841,0.1062,0.109,0.086518,0.10346,0.1005,0.10002,0.095695,0.096081,0.09761,0.09459
0.0625,0.16587,0.050416,0.22871,0.15475,0.07074,0.14569,0.022641,0.093742,0.12566,0.023695,0.11531,0.040476,0.12759,0.077398,0.16933,0.10982,0.0030346,0.098894,0.037034,0.066557,0.10735,0.0073043,0.14682,0.16329,0.14256,0.020088,0.15568,0.20651,0.07233,0.097336,0.10503,0.21857,0.056335,0.059007,0.077925,0.1124,0.060362,0.07478,0.062011,0.083728,0.083049,0.085553,0.083602,0.069578,0.087009,0.08709,0.086673,0.09074,0.086428,0.08899,0.087372,0.07634,0.085785,0.082163,0.082336,0.077382,0.083475,0.083694,0.087287,0.12249,0.087308,0.090307,0.092715
0.125,0.19451,0.029978,0.11769,0.16517,0.0059458,0.092722,0.04545,0.087493,0.066491,0.031937,0.17957,0.13295,0.12905,0.12867,0.097261,0.11654,0.125,0.20556,0.2763,0.11009,0.14834,0.15433,0.21653,0.072234,0.10614,0.13672,0.23954,0.14246,0.1595,0.12593,0.095531,0.35411,0.045421,0.01312,0.016836,0.096335,0.0015662,0.062735,0.04455,0.051859,0.065388,0.071346,0.076251,0.075674,0.084657,0.090388,0.093698,0.1019,0.1024,0.10592,0.10855,0.10661,0.11116,0.11539,0.11749,0.12259,0.12278,0.12346,0.12645,0.095522,0.12935,0.12675,0.12624
0.25,0.16804,0.071095,0.12627,0.14831,0.094906,0.13114,0.049762,0.011889,0.27015,0.055146,0.024007,0.0078789,0.089382,0.083044,0.038535,0.18107,0.11842,0.084798,0.056947,0.26562,0.072763,0.068624,0.10273,0.13405,0.09061,0.1189,0.1973,0.19836,0.23786,0.11794,0.14594,0.42465,0.098092,0.10431,0.073388,0.095293,0.13836,0.15318,0.1371,0.13796,0.125,0.12328,0.11992,0.12109,0.1172,0.11485,0.11201,0.10358,0.1098,0.10672,0.10551,0.096545,0.10289,0.10052,0.097692,0.09852,0.094903,0.093836,0.093274,0.11114,0.093976,0.093788,0.093914
0.09375,0.19287,0.019363,0.038235,0.13235,0.017112,0.077898,0.14186,0.10342,0.073299,0.15019,0.16689,0.037725,0.20157,0.048514,0.095607,0.14148,0.095088,0.20467,0.058251,0.11086,0.17592,0.10809,0.16042,0.14375,0.13316,0.13149,0.23558,0.12858,0.07182,0.18909,0.11063,0.37506,0.11039,0.10321,0.09206,0.15814,0.093854,0.1061,0.10598,0.091689,0.10374,0.1008,0.099788,0.094647,0.096429,0.095364,0.094376,0.098064,0.090001,0.089133,0.08842,0.066734,0.089145,0.087301,0.085775,0.079336,0.079052,0.079478,0.077714,0.082176,0.069695,0.069979,0.067324
0.1875,0.20877,0.011696,0.11982,0.053633,0.10613,0.1802,0.14329,0.087849,0.066944,0.14075,0.11885,0.054447,0.17147,0.13377,0.035415,0.098216,0.049726,0.16651,0.097008,0.11489,0.24076,0.10158,0.21475,0.16435,0.11913,0.10128,0.17464,0.13501,0.043268,0.17056,0.11482,0.17851,0.11805,0.10923,0.11706,0.17642,0.14976,0.12245,0.11388,0.10401,0.11093,0.10556,0.10148,0.098558,0.096969,0.091296,0.089467,0.13892,0.093765,0.10104,0.10065,0.075719,0.096234,0.094741,0.09473,0.079701,0.08561,0.084364,0.083252,0.024286,0.082552,0.080536,0.091419
0.21875,0.054796,0.087924,0.23415,0.17959,0.19209,0.12107,0.18944,0.12484,0.072387,0.040553,0.17977,0.14419,0.17698,0.05292,0.076552,0.063916,0.10711,0.19763,0.10462,0.10344,0.10634,0.20292,0.23063,0.082287,0.18063,0.20941,0.14636,0.086042,0.11754,0.0013601,0.086705,0.017915,0.11088,0.086505,0.089779,0.069723,0.088927,0.095555,0.10293,0.08684,0.096784,0.096622,0.094817,0.10369,0.096179,0.098324,0.097099,0.093929,0.094615,0.095068,0.09235,0.068697,0.092713,0.092117,0.091059,0.067399,0.083618,0.087812,0.085732,0.14334,0.063916,0.047198,0.050619
0.125,0.12479,0.19553,0.11132,0.080257,0.1186,0.050491,0.045741,0.05391,0.17783,0.067169,0.19509,0.10383,0.15406,0.15965,0.11776,0.092572,0.066708,0.12317,0.017928,0.14268,0.095407,0.14381,0.21227,0.070716,0.08498,0.16838,0.223,0.20577,0.16933,0.11941,0.22243,0.15581,0.098166,0.093904,0.10812,0.034061,0.19715,0.14204,0.15927,0.15315,0.15167,0.14876,0.14563,0.14024,0.1405,0.13686,0.13442,0.12781,0.12712,0.12192,0.11792,0.11316,0.11331,0.108,0.10292,0.098294,0.095752,0.090833,0.081008,0.051472,0.082756,0.074663,0.063699
0.125,0.064748,0.11705,0.076058,0.11086,0.21244,0.12089,0.068554,0.083724,0.13957,0.08828,0.085222,0.15821,0.13982,0.11261,0.1133,0.16029,0.052812,0.10698,0.052099,0.21607,0.16644,0.095421,0.2082,0.023293,0.11966,0.039111,0.04318,0.040517,0.089653,0.040937,0.15984,0.040338,0.061512,0.089239,0.094344,0.17457,0.071736,0.079235,0.088351,0.091373,0.086898,0.08419,0.081993,0.085326,0.079123,0.076369,0.074319,0.077331,0.070404,0.071363,0.069718,0.069343,0.06815,0.066111,0.067382,0.071012,0.064318,0.06329,0.062813,0.047504,0.062672,0.062592,0.062739
0.15625,0.12562,0.11356,0.1219,0.11628,0.19188,0.10129,0.047657,0.093325,0.099336,0.19736,0.34886,0.12788,0.19855,0.061903,0.085663,0.040898,0.02251,0.26683,0.057235,0.08797,0.20509,0.1322,0.1368,0.25245,0.036611,0.14676,0.19954,0.20755,0.17108,0.034283,0.068337,0.35944,0.072402,0.034585,0.032594,0.17465,0.026326,0.049308,0.030356,0.02537,0.0055722,0.0024327,0.0026243,0.014739,0.006068,0.012974,0.014582,0.020718,0.031605,0.029057,0.030659,0.019642,0.031083,0.033933,0.034151,0.040673,0.035844,0.037559,0.027058,0.11021,0.021322,0.029503,0.013056
0.25,0.27969,0.07638,0.16387,0.20851,0.15089,0.13797,0.043661,0.039246,0.076446,0.13841,0.155,0.06418,0.10525,0.16795,0.088989,0.21515,0.057693,0.028816,0.16382,0.12571,0.17784,0.1386,0.15191,0.1669,0.030789,0.12762,0.098455,0.24064,0.1745,0.12898,0.17029,0.4986,0.055169,0.052815,0.056008,0.13646,0.041184,0.030454,0.033755,0.034029,0.034423,0.033056,0.032949,0.035267,0.030874,0.030317,0.030045,0.029805,0.028668,0.027367,0.024611,0.023068,0.025679,0.022497,0.019601,0.025893,0.019464,0.017225,0.012567,0.063238,0.009766,0.0053588,0.0028751
0.125,0.024108,0.11992,0.079527,0.2735,0.12211,0.069373,0.12217,0.18112,0.081227,0.09848,0.2214,0.06639,0.12198,0.10027,0.12551,0.082226,0.064554,0.089621,0.081464,0.11405,0.010623,0.10537,0.084387,0.058612,0.18512,0.030779,0.1612,0.17615,0.044465,0.14523,0.089468,0.51733,0.080703,0.044106,0.032799,0.10613,0.07886,0.047601,0.052808,0.061421,0.060482,0.064329,0.070917,0.092789,0.086337,0.10803,0.11637,0.12407,0.1228,0.13072,0.12819,0.15266,0.139,0.1395,0.14556,0.13004,0.15438,0.15243,0.15843,0.17514,0.13032,0.1247,0.14943
0.15625,0.055303,0.093956,0.12729,0.099007,0.22172,0.16475,0.15881,0.041101,0.060207,0.15999,0.16315,0.070323,0.11522,0.087329,0.11737,0.17043,0.031204,0.14506,0.053991,0.10508,0.14356,0.061967,0.07195,0.012365,0.02669,0.17037,0.10336,0.15513,0.1266,0.048685,0.10028,0.2387,0.052997,0.030174,0.053027,0.062634,0.032527,0.0364,0.030104,0.025968,0.027279,0.025255,0.023766,0.035654,0.019274,0.018058,0.016005,0.010276,0.013855,0.013059,0.012258,0.015069,0.0091711,0.0092677,0.010409,0.0055477,0.0041457,0.0046425,0.01579,0.057981,0.0061334,0.00069748,0.00144
0.03125,0.10535,0.15673,0.099318,0.12208,0.14513,0.1125,0.11644,0.16928,0.15751,0.11158,0.18509,0.044756,0.06292,0.025888,0.1344,0.27133,0.031908,0.13304,0.094833,0.30208,0.041998,0.041092,0.11766,0.068479,0.11686,0.1543,0.13455,0.19,0.2753,0.19789,0.075759,0.074699,0.15477,0.12832,0.11689,0.10034,0.10957,0.11695,0.084728,0.10653,0.091756,0.088723,0.086356,0.082466,0.081308,0.078219,0.077148,0.084987,0.071243,0.069208,0.06549,0.060036,0.061223,0.058819,0.05666,0.067898,0.047835,0.04605,0.04883,0.02591,0.018827,0.018076,0.0068684
0.3125,0.25383,0.30488,0.37002,0.38702,0.3215,0.23209,0.24469,0.40215,0.12855,0.096365,0.17976,0.41018,0.12438,0.1565,0.09171,0.2894,0.090212,0.055443,0.15389,0.34478,0.19028,0.05434,0.082847,0.18564,0.051837,0.083539,0.13295,0.22601,0.17715,0.055952,0.13625,0.42103,0.11171,0.093922,0.094888,0.094275,0.078927,0.098189,0.10173,0.10391,0.10421,0.10477,0.10521,0.10137,0.10426,0.10465,0.10454,0.11076,0.10297,0.10432,0.10505,0.10221,0.10531,0.10545,0.10567,0.090554,0.10632,0.10641,0.10482,0.14897,0.10707,0.1068,0.10397
0.1875,0.11524,0.10179,0.073916,0.18688,0.063473,0.17191,0.11949,0.19019,0.10206,0.081713,0.01727,0.15191,0.075118,0.041128,0.079171,0.18042,0.13394,0.13815,0.18473,0.12036,0.053999,0.054642,0.038821,0.14511,0.1034,0.14282,0.069602,0.10236,0.10931,0.083614,0.060746,0.10146,0.065988,0.07322,0.051021,0.075,0.087378,0.10125,0.11721,0.14337,0.14812,0.15343,0.15967,0.1595,0.16407,0.16584,0.16566,0.17577,0.16337,0.16429,0.16307,0.18046,0.1603,0.15935,0.15749,0.13322,0.15381,0.15249,0.14674,0.14532,0.14938,0.15083,0.15369
0.03125,0.1425,0.12573,0.039847,0.19418,0.14631,0.048097,0.088672,0.25063,0.079085,0.15745,0.11351,0.064593,0.10358,0.19135,0.10867,0.080617,0.1051,0.1068,0.11048,0.17553,0.19041,0.090811,0.02229,0.074058,0.18152,0.20338,0.079148,0.17272,0.15424,0.098854,0.076705,0.13278,0.10549,0.12562,0.11623,0.05293,0.073752,0.093546,0.087256,0.10823,0.09651,0.10277,0.10066,0.090719,0.10395,0.10386,0.10394,0.10158,0.10651,0.1065,0.10674,0.086442,0.10676,0.10918,0.10796,0.097757,0.1144,0.11431,0.11338,0.095663,0.12022,0.12257,0.12573
0.375,0.31328,0.11451,0.078277,0.11471,0.14852,0.11014,0.028424,0.088167,0.055474,0.052101,0.06985,0.12471,0.10228,0.059646,0.11605,0.076473,0.16059,0.0083212,0.19679,0.062422,0.1606,0.021725,0.077818,0.066595,0.080779,0.077657,0.10544,0.031318,0.14787,0.1315,0.046967,0.15318,0.10399,0.07982,0.085524,0.094587,0.067998,0.084087,0.074223,0.068649,0.069575,0.067881,0.064709,0.067378,0.06583,0.063136,0.064778,0.062774,0.064169,0.062668,0.062486,0.060935,0.064079,0.062724,0.06488,0.028933,0.062426,0.064794,0.046536,0.078675,0.06059,0.059557,0.067533
0.15625,0.085641,0.2687,0.075091,0.25494,0.091027,0.14519,0.076333,0.23512,0.090451,0.082497,0.085827,0.18933,0.13857,0.21008,0.20588,0.082426,0.1168,0.14585,0.067729,0.053392,0.037325,0.014495,0.0723,0.10784,0.074784,0.14437,0.19705,0.12787,0.1004,0.086357,0.056816,0.6273,0.06326,0.050263,0.051061,0.096004,0.036052,0.050437,0.046478,0.039488,0.040785,0.041307,0.043203,0.04172,0.043684,0.045689,0.045685,0.045373,0.045983,0.048252,0.048729,0.041098,0.050014,0.05062,0.052687,0.057049,0.05351,0.053435,0.054069,0.06759,0.059228,0.059519,0.060282
0.09375,0.14978,0.12835,0.17699,0.24075,0.0048099,0.094247,0.16011,0.12783,0.13303,0.10876,0.073744,0.19096,0.18603,0.081014,0.089377,0.15272,0.049244,0.18994,0.034219,0.058334,0.090226,0.055447,0.18172,0.24164,0.12915,0.16205,0.080391,0.042807,0.0091692,0.16001,0.14128,0.55087,0.11322,0.1376,0.13663,0.074834,0.1471,0.12812,0.12433,0.12518,0.11766,0.11767,0.11689,0.11693,0.11575,0.11505,0.11552,0.11493,0.11421,0.11493,0.11494,0.12123,0.11615,0.11634,0.11568,0.11879,0.11986,0.11925,0.12059,0.15503,0.12357,0.1247,0.12489
0.28125,0.13828,0.13554,0.15566,0.32998,0.16908,0.22044,0.17811,0.1038,0.085378,0.1559,0.070204,0.32899,0.15933,0.15481,0.1673,0.34201,0.11915,0.19873,0.093618,0.23521,0.12907,0.20355,0.19625,0.13559,0.060939,0.18935,0.099689,0.14834,0.16181,0.1738,0.19158,0.28774,0.26316,0.26563,0.25592,0.19592,0.24889,0.25523,0.25484,0.25388,0.25641,0.25738,0.26325,0.25698,0.2616,0.26322,0.26474,0.23557,0.26402,0.26477,0.26783,0.26199,0.26863,0.27325,0.27351,0.2237,0.25458,0.27651,0.25865,0.26275,0.27921,0.28087,0.28101
0.21875,0.13681,0.19762,0.18371,0.34972,0.23513,0.16456,0.20465,0.18489,0.11797,0.15215,0.16164,0.29813,0.0372,0.098579,0.1269,0.40967,0.26019,0.13551,0.15873,0.16342,0.24261,0.24464,0.24104,0.056969,0.25768,0.22104,0.1808,0.079415,0.31007,0.18555,0.19394,0.30231,0.13678,0.15235,0.16064,0.18787,0.13729,0.15581,0.14547,0.15155,0.16009,0.16167,0.1639,0.16928,0.1699,0.17149,0.17353,0.17547,0.17739,0.17893,0.18011,0.17229,0.18349,0.1833,0.18381,0.17251,0.19477,0.19664,0.20683,0.1536,0.19744,0.21081,0.20634
0.03125,0.23723,0.25923,0.11703,0.42555,0.12957,0.073335,0.18694,0.12382,0.095047,0.026775,0.17544,0.25716,0.13147,0.18695,0.053097,0.1674,0.1661,0.053747,0.1335,0.11988,0.19011,0.12217,0.10886,0.085253,0.22047,0.071327,0.23542,0.14542,0.073657,0.17721,0.2028,0.1683,0.11758,0.12814,0.13541,0.21252,0.14867,0.13245,0.13949,0.13742,0.14239,0.14491,0.14385,0.1703,0.18025,0.18272,0.18502,0.18499,0.18635,0.19,0.19118,0.19823,0.19322,0.19284,0.19274,0.17712,0.19013,0.19044,0.19004,0.16368,0.18883,0.18916,0.18794
0.46875,0.39122,0.39667,0.13103,0.61006,0.1097,0.058714,0.06702,0.10204,0.048371,0.030379,0.13686,0.12132,0.12902,0.088174,0.0056307,0.15835,0.19867,0.16933,0.054699,0.09057,0.23323,0.019256,0.10949,0.19702,0.11266,0.013818,0.22858,0.24039,0.087028,0.12737,0.17598,0.18548,0.13322,0.1647,0.1677,0.18297,0.19541,0.18754,0.18398,0.17538,0.18086,0.18093,0.18195,0.17971,0.18158,0.1816,0.18185,0.1897,0.18137,0.18127,0.18283,0.17299,0.18241,0.18261,0.18203,0.16452,0.18175,0.18206,0.17949,0.16379,0.18678,0.18687,0.18684
0.40625,0.549,0.48165,0.2699,0.7388,0.29255,0.31687,0.23071,0.34781,0.17161,0.20636,0.30785,0.41634,0.18309,0.26543,0.26052,0.56914,0.29556,0.14465,0.21723,0.48369,0.266,0.34311,0.19228,0.019876,0.23476,0.27506,0.30931,0.18856,0.27653,0.25017,0.36796,0.14859,0.37086,0.36269,0.36699,0.33494,0.37286,0.39142,0.38765,0.3782,0.38532,0.38551,0.38362,0.38433,0.38531,0.38423,0.38419,0.38159,0.38093,0.38158,0.38098,0.38316,0.37989,0.37979,0.38138,0.35541,0.37322,0.37435,0.37018,0.33978,0.37547,0.37373,0.37513
0.09375,0.62923,0.46317,0.54708,0.74269,0.042275,0.25887,0.14007,0.34478,0.3342,0.38502,0.30406,0.64912,0.26606,0.31354,0.28081,0.55624,0.24224,0.3667,0.26878,0.34274,0.1557,0.33806,0.36409,0.24316,0.15629,0.37795,0.24284,0.15477,0.30022,0.32857,0.34479,0.52714,0.41558,0.38907,0.39541,0.37356,0.41662,0.40238,0.40693,0.40716,0.40636,0.40609,0.40562,0.40592,0.40551,0.40534,0.40433,0.40391,0.4042,0.40312,0.40254,0.40231,0.39935,0.4006,0.40068,0.39176,0.40421,0.40141,0.40431,0.38172,0.39032,0.37966,0.38986
0.15625,0.6164,0.33067,0.3071,0.56881,0.29626,0.27906,0.24861,0.57553,0.27935,0.28294,0.28353,0.17469,0.23845,0.14932,0.28135,0.49798,0.15266,0.30368,0.35165,0.065835,0.2452,0.22445,0.29707,0.077958,0.14903,0.31979,0.094236,0.24576,0.33537,0.3625,0.48436,0.60538,0.44768,0.45402,0.45681,0.3783,0.46205,0.45347,0.4505,0.45388,0.45168,0.45178,0.45342,0.44969,0.45147,0.45184,0.45066,0.47325,0.44894,0.45595,0.47315,0.48461,0.45322,0.46845,0.46133,0.4497,0.47997,0.48266,0.46377,0.44143,0.48292,0.46037,0.49472
0.21875,0.42986,0.66993,0.59782,0.82225,0.49294,0.28716,0.13605,0.26641,0.30329,0.24659,0.065352,0.59671,0.35375,0.33466,0.27514,0.62508,0.43008,0.38249,0.40168,0.32688,0.21514,0.20653,0.36638,0.23605,0.11163,0.28622,0.25168,0.14162,0.21053,0.2563,0.21803,0.11223,0.31841,0.33005,0.32345,0.32463,0.34219,0.35357,0.34676,0.35144,0.34665,0.3468,0.34818,0.34327,0.34363,0.34242,0.34168,0.3386,0.33928,0.33895,0.33861,0.31713,0.33656,0.33677,0.3374,0.33971,0.33304,0.33287,0.3258,0.316,0.34291,0.34459,0.33905
0.25,0.16786,0.13749,0.072287,0.46016,0.44591,0.19867,0.40538,0.69041,0.099868,0.090161,0.1154,0.21014,0.096772,0.035289,0.28395,0.40159,0.074309,0.17469,0.17748,0.32758,0.080217,0.092279,0.25485,0.136,0.095091,0.074762,0.094916,0.089407,0.15677,0.17656,0.1676,0.50476,0.10312,0.13761,0.14154,0.09329,0.13495,0.14542,0.15211,0.15352,0.15274,0.15227,0.14368,0.14618,0.1305,0.12896,0.12663,0.13221,0.12613,0.12645,0.12695,0.12787,0.12689,0.12608,0.12437,0.12874,0.12964,0.12706,0.13484,0.16926,0.12672,0.12614,0.12496
0.09375,0.33882,0.23655,0.3373,0.31135,0.34588,0.11011,0.31505,0.60752,0.14323,0.10296,0.060636,0.4122,0.16876,0.15806,0.11822,0.20569,0.18518,0.15971,0.2844,0.14397,0.036096,0.042798,0.065878,0.27014,0.10205,0.1191,0.12666,0.048795,0.22571,0.12822,0.13247,0.6268,0.085343,0.093615,0.093146,0.10509,0.06837,0.064993,0.071052,0.066446,0.071366,0.073354,0.073681,0.076447,0.074864,0.075166,0.076573,0.076639,0.075635,0.075993,0.075922,0.067176,0.076097,0.07492,0.078448,0.091427,0.056883,0.063582,0.082891,0.090317,0.037962,0.038446,0.049935
0.125,0.25536,0.1237,0.23595,0.21637,0.17258,0.1133,0.12127,0.14802,0.12185,0.033133,0.080706,0.16086,0.1113,0.035905,0.024978,0.31363,0.13381,0.055713,0.026291,0.11282,0.08571,0.062096,0.090829,0.12806,0.10061,0.069707,0.073429,0.12869,0.23476,0.15373,0.09526,0.62467,0.082453,0.078442,0.075025,0.083214,0.05958,0.067238,0.063218,0.061035,0.05512,0.051388,0.050611,0.044032,0.043666,0.042335,0.039943,0.03737,0.037093,0.035579,0.034019,0.042595,0.032854,0.032505,0.032851,0.03233,0.037037,0.035944,0.039189,0.073841,0.046812,0.03516,0.03471
0.25,0.024148,0.2405,0.066487,0.1466,0.037154,0.0842,0.085571,0.23396,0.062506,0.03614,0.085471,0.16035,0.085916,0.14859,0.085031,0.11345,0.044931,0.11743,0.13473,0.097357,0.17468,0.086107,0.1002,0.17126,0.082057,0.059959,0.079399,0.12013,0.18705,0.15784,0.07304,0.59276,0.11522,0.11878,0.11863,0.073791,0.059354,0.09005,0.087108,0.07885,0.080142,0.075866,0.071445,0.074723,0.065336,0.062375,0.058641,0.060471,0.053657,0.049796,0.046668,0.039695,0.040036,0.038742,0.03823,0.048712,0.026925,0.025174,0.03436,0.1185,0.012665,0.0045893,0.00071082
0.375,0.086903,0.18865,0.086157,0.07815,0.052132,0.094827,0.17189,0.19186,0.13717,0.095402,0.069135,0.12997,0.093381,0.079429,0.18242,0.037814,0.039703,0.093831,0.16682,0.0088244,0.10351,0.076945,0.094906,0.20625,0.16863,0.068086,0.021381,0.088657,0.13726,0.041018,0.087872,0.12902,0.04309,0.028235,0.030584,0.03275,0.056462,0.030689,0.047698,0.048938,0.046868,0.04488,0.041928,0.053086,0.04406,0.039924,0.039067,0.026953,0.035607,0.034565,0.032427,0.035745,0.041308,0.037089,0.033901,0.040189,0.0392,0.045836,0.052856,0.024222,0.03688,0.032814,0.031541
0.3125,0.020242,0.30517,0.087505,0.19267,0.10352,0.011205,0.14629,0.15307,0.055078,0.14414,0.067272,0.06725,0.095401,0.11073,0.16385,0.042941,0.075704,0.10903,0.023322,0.17653,0.11124,0.053366,0.065057,0.18351,0.069103,0.063758,0.11336,0.11227,0.10545,0.22957,0.2044,0.16441,0.221,0.22702,0.22028,0.15337,0.21489,0.2189,0.23873,0.2198,0.2307,0.23277,0.22585,0.21236,0.24537,0.24056,0.23552,0.23364,0.23908,0.23516,0.23123,0.23176,0.22806,0.22506,0.22204,0.19979,0.21536,0.21275,0.21191,0.21552,0.19524,0.19154,0.18898
0.125,0.11729,0.23753,0.11834,0.15418,0.097861,0.10604,0.045078,0.19657,0.15632,0.12944,0.048222,0.17805,0.17004,0.15632,0.1726,0.14593,0.077304,0.11033,0.1533,0.081496,0.16152,0.16281,0.011763,0.087078,0.089474,0.047041,0.032778,0.12317,0.061962,0.009632,0.1056,0.20418,0.11205,0.078534,0.063959,0.15448,0.055257,0.059455,0.038803,0.025968,0.034636,0.035966,0.037224,0.041916,0.042534,0.044292,0.045653,0.051377,0.049972,0.050914,0.05224,0.065962,0.051438,0.051339,0.050433,0.043792,0.049719,0.048404,0.048784,0.040967,0.044246,0.04169,0.034714
0.15625,0.18177,0.30882,0.087323,0.2285,0.16851,0.14847,0.20714,0.097316,0.061643,0.13805,0.11043,0.19576,0.17003,0.11624,0.12661,0.10307,0.19132,0.18033,0.090538,0.079331,0.13417,0.12903,0.17267,0.13815,0.19859,0.14426,0.1033,0.047992,0.095742,0.10933,0.10851,0.18804,0.089134,0.10163,0.12004,0.094295,0.11295,0.087862,0.088963,0.089012,0.094205,0.095871,0.097297,0.098006,0.097205,0.097195,0.096959,0.10021,0.09892,0.097446,0.097462,0.084439,0.098665,0.098883,0.098092,0.070514,0.09885,0.097679,0.09567,0.09008,0.10163,0.10084,0.094722
0.15625,0.15724,0.18742,0.069793,0.01147,0.10471,0.22795,0.11884,0.11376,0.091842,0.11114,0.19776,0.17638,0.17211,0.096349,0.1049,0.044648,0.10629,0.14978,0.15863,0.059545,0.064851,0.036827,0.1397,0.239,0.20223,0.15035,0.095419,0.11,0.13213,0.195,0.1841,0.29941,0.18541,0.19168,0.19372,0.17045,0.21404,0.19376,0.1855,0.16253,0.17359,0.16948,0.16878,0.17377,0.15766,0.15456,0.14843,0.13503,0.13856,0.13294,0.1282,0.10873,0.11837,0.1154,0.1107,0.098276,0.10939,0.10885,0.11881,0.082136,0.10424,0.11237,0.12213
0,0.075494,0.081038,0.16577,0.20676,0.14913,0.15113,0.023912,0.22346,0.20604,0.053547,0.20541,0.16806,0.18321,0.088688,0.069727,0.070278,0.13421,0.17602,0.05325,0.13359,0.20213,0.071557,0.03485,0.1756,0.21416,0.11284,0.14977,0.14019,0.1031,0.15213,0.046619,0.54373,0.12261,0.16631,0.16896,0.21253,0.18141,0.19479,0.19655,0.19824,0.19662,0.19965,0.20239,0.1993,0.20242,0.20259,0.20304,0.20422,0.20029,0.19988,0.1991,0.19285,0.19799,0.19581,0.19186,0.1989,0.19068,0.19191,0.18719,0.2312,0.18818,0.18898,0.18761
0.0625,0.05797,0.12284,0.050895,0.057386,0.097638,0.10947,0.09196,0.14959,0.24814,0.068378,0.28938,0.12262,0.32334,0.1965,0.064165,0.062046,0.1689,0.029169,0.052301,0.093972,0.038477,0.063849,0.10268,0.20398,0.11308,0.17698,0.13091,0.16084,0.13828,0.19347,0.22184,0.56111,0.2677,0.25021,0.25468,0.27571,0.23151,0.23964,0.23939,0.23832,0.2388,0.24186,0.2602,0.26586,0.26833,0.26851,0.26809,0.26607,0.26593,0.2634,0.25743,0.2575,0.2535,0.24656,0.24235,0.25335,0.24778,0.24638,0.24665,0.22958,0.24793,0.24947,0.25003
0.09375,0.21273,0.19322,0.023439,0.13618,0.04299,0.061007,0.17999,0.069774,0.12837,0.17169,0.105,0.038504,0.20136,0.19023,0.078641,0.2037,0.090919,0.097385,0.079739,0.12575,0.15701,0.18293,0.19451,0.18863,0.20781,0.22356,0.09999,0.11162,0.16669,0.23397,0.28719,0.13547,0.20945,0.22545,0.23112,0.17454,0.25163,0.24762,0.25011,0.26414,0.25657,0.25899,0.26335,0.26289,0.26834,0.2713,0.27404,0.27577,0.27976,0.28133,0.28461,0.29485,0.28608,0.2908,0.29277,0.29698,0.30026,0.30322,0.30828,0.23379,0.30702,0.3103,0.31146
NaN,0.27938,0.28162,0.17828,0.19358,0.098552,0.045593,0.14288,0.036674,0.04869,0.20741,0.07343,0.021926,0.069577,0.031421,0.13177,0.23351,0.024763,0.086938,0.16692,0.10752,0.19508,0.060989,0.054004,0.14849,0.073857,0.12258,0.040944,0.013215,0.15711,0.1255,0.18646,0.1213,0.15225,0.16608,0.17077,0.093793,0.18304,0.22903,0.20434,0.21059,0.22598,0.23148,0.23784,0.24132,0.24269,0.24198,0.24624,0.2384,0.25006,0.25048,0.25111,0.24537,0.25375,0.2508,0.25249,0.28325,0.25413,0.2561,0.26153,0.22978,0.25868,0.25502,0.26546
0.0625,0.22553,0.21806,0.28612,0.26041,0.15713,0.074655,0.11739,0.17789,0.14799,0.25019,0.029986,0.043808,0.16978,0.039705,0.16392,0.10535,0.13403,0.058288,0.22973,0.23142,0.16826,0.080832,0.15885,0.11302,0.086146,0.13353,0.079127,0.12684,0.081539,0.19147,0.1364,0.11545,0.17016,0.19386,0.20105,0.19192,0.25512,0.22925,0.21865,0.2275,0.22596,0.22829,0.23442,0.23178,0.23902,0.24237,0.24848,0.22547,0.25814,0.25658,0.26145,0.248,0.26075,0.26488,0.27078,0.26583,0.26936,0.27371,0.26838,0.27211,0.27895,0.28134,0.28399
0.03125,0.28989,0.16234,0.2568,0.23856,0.24577,0.11799,0.15525,0.1213,0.12813,0.048646,0.029314,0.11895,0.22771,0.079148,0.05934,0.21807,0.041885,0.062564,0.35031,0.047573,0.067978,0.11824,0.17266,0.14644,0.31033,0.10066,0.1248,0.044337,0.10748,0.077733,0.065468,0.13329,0.064843,0.09883,0.098997,0.20321,0.11815,0.1192,0.13269,0.13119,0.13576,0.13158,0.12654,0.11408,0.12023,0.12203,0.12043,0.13661,0.11847,0.12246,0.12387,0.13797,0.12289,0.12672,0.12966,0.13172,0.12704,0.133,0.13673,0.10046,0.1215,0.1198,0.10437
0.09375,0.25808,0.057127,0.16805,0.18681,0.13967,0.15644,0.14144,0.2619,0.040518,0.067178,0.18754,0.088397,0.078348,0.025695,0.10994,0.092796,0.13667,0.16869,0.24819,0.12561,0.082821,0.1565,0.094091,0.089172,0.15017,0.053463,0.090038,0.023308,0.053927,0.041368,0.086143,0.11672,0.055424,0.041291,0.032751,0.16218,0.031399,0.015111,0.019787,0.011844,0.021181,0.022496,0.022666,0.030805,0.026789,0.026678,0.026043,0.012548,0.024398,0.026856,0.017392,0.0096173,0.011534,0.0072744,0.0038874,0.052314,0.0092692,0.012071,0.010891,0.063172,0.0070564,0.0131,0.0051287
0.03125,0.1299,0.075123,0.16176,0.14616,0.065979,0.084723,0.10903,0.16448,0.13218,0.11364,0.074075,0.046723,0.065755,0.16981,0.13094,0.056244,0.10849,0.2091,0.042873,0.077968,0.042137,0.028455,0.22052,0.15901,0.062738,0.027658,0.048506,0.143,0.1359,0.0378,0.10653,0.0091068,0.11017,0.10067,0.079073,0.10024,0.10112,0.080009,0.07809,0.078885,0.077157,0.076587,0.07504,0.082025,0.07103,0.063085,0.057744,0.077492,0.047327,0.045425,0.047115,0.025922,0.044725,0.043654,0.044021,0.048471,0.041836,0.039782,0.039305,0.034561,0.043931,0.033187,0.030496
0.0625,0.11119,0.085305,0.098733,0.19013,0.081325,0.18468,0.095092,0.084614,0.092849,0.085613,0.064852,0.082314,0.19877,0.12153,0.10287,0.060617,0.090665,0.085006,0.051184,0.063929,0.080064,0.12435,0.13656,0.13939,0.17653,0.097118,0.07139,0.079951,0.15987,0.12521,0.075865,0.65028,0.15184,0.16946,0.17212,0.1668,0.15892,0.13464,0.14195,0.13517,0.13916,0.13739,0.13463,0.13613,0.13147,0.12972,0.1276,0.12491,0.12475,0.12385,0.12279,0.11843,0.11617,0.11528,0.11286,0.11494,0.10992,0.10622,0.10344,0.12105,0.1023,0.09816,0.094482
0,0.15977,0.055837,0.17979,0.071397,0.15633,0.098632,0.073069,0.12392,0.12396,0.12587,0.099521,0.1565,0.30359,0.096731,0.1313,0.17971,0.068895,0.12654,0.17175,0.067238,0.26197,0.14989,0.27615,0.095998,0.17757,0.10023,0.14305,0.097699,0.098629,0.044724,0.1758,0.59075,0.079118,0.070098,0.07148,0.15685,0.070346,0.069166,0.072665,0.072549,0.06445,0.061716,0.059917,0.05293,0.054348,0.052977,0.05161,0.047528,0.049441,0.043455,0.042378,0.0369,0.040606,0.040264,0.040075,0.039769,0.045119,0.034445,0.032686,0.12029,0.054796,0.057376,0.054922
0.03125,0.11811,0.15084,0.10939,0.18165,0.093404,0.13248,0.23738,0.09729,0.074478,0.14242,0.067579,0.10772,0.17576,0.066341,0.063307,0.07659,0.14725,0.15941,0.11878,0.081487,0.13886,0.099704,0.23719,0.13834,0.096204,0.10166,0.079923,0.098815,0.060884,0.065269,0.14589,0.52998,0.090751,0.10217,0.10006,0.058051,0.088635,0.069735,0.080825,0.080045,0.076485,0.076756,0.076176,0.076473,0.075097,0.074054,0.074532,0.070487,0.07214,0.071079,0.070199,0.068319,0.069394,0.067732,0.069701,0.065528,0.063083,0.063061,0.060072,0.098758,0.065483,0.064757,0.062971
0.09375,0.12871,0.10773,0.20425,0.22468,0.034044,0.070859,0.14051,0.16199,0.046549,0.073519,0.066531,0.20622,0.048451,0.21118,0.15367,0.11112,0.1104,0.081811,0.064202,0.14609,0.18393,0.17884,0.14691,0.21276,0.13809,0.1237,0.06718,0.14553,0.10035,0.15601,0.093921,0.59859,0.13869,0.16059,0.17275,0.14299,0.14598,0.1965,0.17333,0.18794,0.18481,0.1909,0.19737,0.18104,0.2038,0.21253,0.21397,0.20069,0.22112,0.22094,0.22127,0.23406,0.22946,0.22753,0.22998,0.21986,0.22416,0.23088,0.22663,0.17501,0.24077,0.23415,0.24648
0.125,0.064791,0.075285,0.11881,0.19248,0.070687,0.025968,0.09973,0.12303,0.072116,0.063364,0.08021,0.14053,0.17985,0.092202,0.13763,0.11445,0.14587,0.025206,0.10754,0.096508,0.07498,0.15046,0.2277,0.015615,0.1377,0.3012,0.08506,0.097637,0.15251,0.16084,0.13839,0.076144,0.145,0.17481,0.18015,0.17193,0.1401,0.14752,0.14224,0.14678,0.1419,0.14102,0.14056,0.14061,0.138,0.13676,0.13641,0.13315,0.13375,0.13298,0.13191,0.12915,0.13057,0.12955,0.12853,0.17108,0.12679,0.12676,0.12773,0.13654,0.12515,0.1256,0.12531
0.1875,0.15536,0.1332,0.081986,0.13435,0.10836,0.063321,0.12612,0.22154,0.11977,0.089257,0.062825,0.079142,0.16221,0.054988,0.094338,0.16816,0.015146,0.031311,0.13878,0.069071,0.056619,0.017064,0.12511,0.09577,0.18695,0.18252,0.037564,0.079379,0.15306,0.11779,0.11476,0.20527,0.11756,0.15135,0.16159,0.14315,0.12814,0.12395,0.15181,0.14506,0.15349,0.15559,0.15658,0.15755,0.16405,0.1643,0.16799,0.16387,0.17045,0.17147,0.17277,0.17401,0.17646,0.17805,0.1788,0.16717,0.18178,0.18251,0.18243,0.15572,0.18642,0.18708,0.1862
0.25,0.64619,0.70633,0.75884,0.82199,0.48234,0.48993,0.098119,0.33132,0.25302,0.23673,0.14315,0.32321,0.2423,0.12164,0.12085,0.52527,0.39218,0.35025,0.37918,0.1855,0.20031,0.20454,0.24445,0.21935,0.10163,0.24853,0.16632,0.1757,0.24391,0.19136,0.24237,0.51091,0.28287,0.31863,0.33577,0.35304,0.3453,0.34231,0.34448,0.34998,0.35199,0.35491,0.35823,0.35893,0.36257,0.36456,0.36594,0.36973,0.36814,0.36876,0.36952,0.36668,0.37171,0.37123,0.37157,0.3554,0.37505,0.37412,0.37632,0.36534,0.37385,0.37438,0.37482
0.0625,0.11667,0.19802,0.11219,0.30257,0.16164,0.068091,0.12248,0.1017,0.094262,0.057105,0.10202,0.046699,0.11415,0.053464,0.13736,0.12664,0.1671,0.13182,0.041958,0.024477,0.18092,0.094429,0.13242,0.21251,0.11122,0.025146,0.16307,0.20187,0.10612,0.087076,0.10364,0.16313,0.099739,0.13094,0.17057,0.04994,0.15868,0.14989,0.17961,0.15999,0.17395,0.1746,0.17401,0.18433,0.17378,0.17321,0.17118,0.1778,0.16856,0.16949,0.16813,0.14739,0.17076,0.16821,0.16782,0.1627,0.16212,0.16121,0.1585,0.21075,0.17221,0.16526,0.1611
0.0625,0.12772,0.22272,0.1175,0.26152,0.10988,0.061538,0.098924,0.082707,0.11069,0.031808,0.0048149,0.036924,0.12028,0.15854,0.057364,0.17574,0.22066,0.15215,0.0030441,0.12543,0.063701,0.085708,0.063611,0.1495,0.016719,0.095424,0.17965,0.085878,0.12841,0.12222,0.10709,0.08269,0.074139,0.066837,0.038565,0.065559,0.03022,0.04884,0.047784,0.053726,0.048682,0.047171,0.044529,0.048908,0.047261,0.047276,0.045724,0.044331,0.044117,0.043604,0.043274,0.044331,0.040573,0.038695,0.036166,0.027749,0.036603,0.034908,0.035783,0.057159,0.031832,0.03261,0.031159
0.09375,0.10581,0.20061,0.15946,0.29713,0.21456,0.080335,0.055987,0.065886,0.1466,0.058357,0.067944,0.14614,0.062836,0.20012,0.1095,0.091781,0.096246,0.1432,0.040937,0.18704,0.1792,0.064994,0.033576,0.093171,0.047423,0.0824,0.14605,0.09559,0.10794,0.13607,0.040777,0.3499,0.039003,0.086129,0.057419,0.080547,0.085181,0.078894,0.062583,0.071238,0.06154,0.057843,0.053933,0.053875,0.048739,0.046701,0.043498,0.041937,0.03797,0.036888,0.034842,0.023137,0.026952,0.025743,0.023859,0.030822,0.01419,0.014818,0.011931,0.068526,0.0024066,0.0086036,0.0048705
0.125,0.13171,0.2577,0.15375,0.28985,0.024518,0.07366,0.1457,0.3005,0.11868,0.1139,0.022507,0.15018,0.11284,0.10456,0.16002,0.057257,0.09634,0.095726,0.068113,0.15294,0.14324,0.044712,0.1448,0.15822,0.064584,0.044027,0.051126,0.049161,0.099283,0.051549,0.16915,0.46498,0.14547,0.15358,0.14934,0.050987,0.12237,0.11481,0.11179,0.10787,0.1045,0.10297,0.10159,0.097753,0.098385,0.096936,0.095411,0.096961,0.094528,0.093452,0.092214,0.092273,0.091529,0.090154,0.088149,0.094819,0.08488,0.084435,0.074815,0.11424,0.086561,0.08782,0.07778
0.125,0.070032,0.16447,0.29769,0.29768,0.28945,0.17473,0.079737,0.10406,0.16952,0.18603,0.1365,0.25193,0.28254,0.19946,0.13566,0.16856,0.054058,0.18518,0.088993,0.091945,0.087348,0.22856,0.1817,0.024551,0.14554,0.152,0.053807,0.1247,0.098309,0.21436,0.17013,0.43388,0.21007,0.21064,0.20516,0.087777,0.23278,0.22371,0.2171,0.2152,0.21963,0.22061,0.22307,0.24511,0.23026,0.23768,0.24287,0.24951,0.24369,0.24504,0.24409,0.25209,0.24325,0.24189,0.23958,0.2581,0.24318,0.23957,0.23923,0.26074,0.24381,0.22888,0.25112
0.1875,0.11651,0.13069,0.19681,0.4801,0.38988,0.20631,0.13688,0.12677,0.26761,0.21738,0.16358,0.38584,0.21974,0.16621,0.066271,0.2664,0.15226,0.34064,0.10993,0.21489,0.032172,0.20859,0.24796,0.16381,0.18226,0.15891,0.20436,0.16293,0.16404,0.20055,0.3073,0.65461,0.29657,0.31262,0.32083,0.26901,0.33646,0.33294,0.33654,0.32892,0.33936,0.33892,0.33647,0.34035,0.33938,0.34115,0.34085,0.33627,0.34484,0.34445,0.34345,0.34252,0.35232,0.35325,0.34626,0.31926,0.35295,0.36149,0.35784,0.33726,0.35808,0.37895,0.35744
0.125,0.21617,0.13634,0.057843,0.5539,0.24863,0.12497,0.18561,0.12851,0.16377,0.13067,0.19929,0.32208,0.16384,0.0094094,0.15949,0.36019,0.21612,0.34052,0.044325,0.18652,0.065222,0.16472,0.11515,0.14291,0.14035,0.20802,0.079006,0.11187,0.12765,0.13007,0.1679,0.48095,0.16126,0.17282,0.18332,0.13189,0.18144,0.18949,0.18946,0.19159,0.19344,0.19372,0.19424,0.19153,0.19587,0.19579,0.19675,0.19813,0.19622,0.19695,0.19727,0.18903,0.20002,0.20013,0.20132,0.19532,0.19916,0.20024,0.20152,0.20212,0.21585,0.21462,0.21849
0.375,0.26107,0.18295,0.11961,0.51583,0.12945,0.074602,0.16921,0.10824,0.10062,0.05724,0.10133,0.33533,0.13751,0.023078,0.08024,0.26259,0.12827,0.10634,0.10037,0.18784,0.13053,0.10686,0.099751,0.17655,0.088231,0.11789,0.09591,0.06301,0.11593,0.10276,0.15918,0.10956,0.15106,0.15775,0.13216,0.12387,0.14721,0.13697,0.1284,0.13509,0.13061,0.13305,0.13542,0.13855,0.13947,0.1414,0.14245,0.1428,0.14639,0.14828,0.15091,0.16727,0.15524,0.15633,0.15826,0.14719,0.15612,0.15729,0.16763,0.14641,0.18146,0.18439,0.17733
0.4375,0.31213,0.2823,0.080076,0.5583,0.20413,0.0418,0.2194,0.095338,0.17554,0.12784,0.053934,0.37252,0.20611,0.077879,0.14344,0.28357,0.070035,0.086623,0.15272,0.10593,0.090576,0.043982,0.21487,0.22155,0.10149,0.1598,0.09944,0.12576,0.075232,0.14879,0.088488,0.11061,0.049909,0.10309,0.13499,0.24319,0.1188,0.14912,0.16509,0.17028,0.17778,0.18141,0.18508,0.18876,0.1915,0.19514,0.19679,0.20128,0.20226,0.2042,0.20628,0.1969,0.2103,0.21277,0.21524,0.24188,0.21511,0.21697,0.21615,0.17641,0.20779,0.21173,0.21397
0.3125,0.41814,0.034431,0.3039,0.55136,0.1494,0.28854,0.15801,0.32135,0.11193,0.22456,0.37018,0.39257,0.2189,0.082851,0.2181,0.43673,0.14606,0.11137,0.04128,0.34297,0.13236,0.14014,0.26041,0.16313,0.060792,0.16283,0.098134,0.030818,0.16378,0.075915,0.1075,0.47873,0.20884,0.18347,0.17217,0.14644,0.2087,0.19212,0.1979,0.20252,0.20212,0.19702,0.1961,0.20102,0.19671,0.20283,0.20535,0.21671,0.21373,0.21804,0.22018,0.23062,0.22179,0.22094,0.22103,0.21448,0.22061,0.21941,0.21599,0.2392,0.21845,0.21849,0.21949
0.0625,0.2659,0.094271,0.1335,0.47664,0.36301,0.34425,0.4629,0.52766,0.20352,0.18776,0.31227,0.59157,0.20395,0.15308,0.25882,0.30051,0.17222,0.10688,0.11502,0.34072,0.090061,0.21578,0.099391,0.17181,0.012576,0.19997,0.053694,0.069323,0.053409,0.067108,0.073567,0.49298,0.062457,0.060852,0.057272,0.06009,0.092223,0.087859,0.084864,0.085271,0.084612,0.083606,0.082302,0.077621,0.080876,0.079586,0.078848,0.073759,0.077479,0.075703,0.07348,0.073791,0.07485,0.073424,0.072381,0.084274,0.063503,0.064961,0.061849,0.066725,0.062038,0.062246,0.064428
0.03125,0.28798,0.275,0.30321,0.28139,0.29191,0.44105,0.31416,0.64931,0.1105,0.16095,0.42128,0.29542,0.18017,0.11524,0.19459,0.34866,0.087668,0.047529,0.096635,0.26316,0.1535,0.21939,0.25976,0.055128,0.12886,0.14479,0.021689,0.046386,0.084879,0.039477,0.066058,0.49096,0.10358,0.12358,0.1271,0.074792,0.13747,0.14873,0.14785,0.15015,0.1476,0.14779,0.14723,0.14667,0.14694,0.14712,0.14637,0.14442,0.14608,0.14574,0.14536,0.14287,0.14302,0.14353,0.1433,0.14369,0.13927,0.13918,0.14082,0.10508,0.13172,0.13307,0.12427
